APPTR,R13-M,13,CODAT
IF,CODAT,27.067742,-98.317272, ,0.0,0.0,0,0,0,0,0,0,1,0
TF,KAPKY,26.992550,-98.391372,0, ,0.0,0.0,0.0,0.0,2,2400,0,0,0,0,1,0

APPTR,R13-M,13,KAPKY
HF,KAPKY,26.992550,-98.391372,2, ,0.0,0.0,126.0,04,2,2400,0,0,0,0,1,0,0

FINAL,R13-M,13,R,4
IF,KAPKY,26.992550,-98.391372, ,0.0,0.0,2,2400,0,0,0,0,0,0
TF,HATNU,26.924903,-98.305842,0, ,0.0,0.0,126.0,6.1,2,2000,0,0,0,0,2,0
TF,HOGUD,26.898494,-98.272492,0, ,0.0,0.0,126.0,2.4,2,1240,0,0,0,0,0,0
TF,RW13,26.863289,-98.228067,0, ,0.0,0.0,126.0,3.2,1,227,0,0,0,0,3,1
CA,0,126.0,2,492,0,0,0,0,0,0
DF,AKVOC,26.719094,-98.046561,0, ,0.0,0.0,2,2000,0,0,0,0,0,1
HM,AKVOC,26.719094,-98.046561,2, ,0.0,0.0,307.0,04,0,0,0,0,0,0,0,0,0

APPTR,R31-M,31,AKVOC
HF,AKVOC,26.719094,-98.046561,2, ,0.0,0.0,307.0,04,2,2000,0,0,0,0,1,0,0

APPTR,R31-M,31,RICOP
IF,RICOP,26.644017,-98.120581, ,0.0,0.0,0,0,0,0,0,0,1,0
TF,AKVOC,26.719094,-98.046561,0, ,0.0,0.0,0.0,0.0,2,2000,0,0,0,0,1,0

APPTR,R31-M,31,WIVKU
IF,WIVKU,26.794133,-97.972444, ,0.0,0.0,0,0,0,0,0,0,1,0
TF,AKVOC,26.719094,-98.046561,0, ,0.0,0.0,0.0,0.0,2,2000,0,0,0,0,1,0

FINAL,R31-M,31,R,4
IF,AKVOC,26.719094,-98.046561, ,0.0,0.0,2,2000,0,0,0,0,0,0
TF,YOCRE,26.790642,-98.136561,0, ,0.0,0.0,307.0,6.5,2,2000,0,0,0,0,2,0
TF,FESJU,26.835172,-98.192628,0, ,0.0,0.0,307.0,4.0,2,720,0,0,0,0,0,0
TF,RW31,26.853267,-98.215431,0, ,0.0,0.0,307.0,1.6,1,200,0,0,0,0,3,1
CA,0,307.0,2,472,0,0,0,0,0,0
DF,KAPKY,26.992550,-98.391372,0, ,0.0,0.0,2,2400,0,0,0,0,0,1
HM,KAPKY,26.992550,-98.391372,2, ,0.0,0.0,126.0,04,0,0,0,0,0,0,0,0,0

