APPTR,R18-M,18,DRLLD
IF,DRLLD,30.372031,-99.240356, ,0.0,0.0,0,0,0,0,0,0,1,0
TF,GLFER,30.379861,-99.394231,0, ,0.0,0.0,0.0,0.0,2,3800,0,0,0,0,1,0

APPTR,R18-M,18,FILUP
IF,FILUP,30.387511,-99.548128, ,0.0,0.0,0,0,0,0,0,0,1,0
TF,GLFER,30.379861,-99.394231,0, ,0.0,0.0,0.0,0.0,2,3800,0,0,0,0,1,0

APPTR,R18-M,18,GLFER
HF,GLFER,30.379861,-99.394231,2, ,0.0,0.0,179.0,05,2,3800,0,0,0,0,1,0,0

FINAL,R18-M,18,R,4
IF,GLFER,30.379861,-99.394231, ,0.0,0.0,2,3800,0,0,0,0,0,0
TF,JAGAR,30.279792,-99.400917,0, ,0.0,0.0,179.0,6.0,2,3800,0,0,0,0,2,0
TF,DMIVZ,30.227425,-99.404411,0, ,0.0,0.0,179.0,3.1,2,2800,0,0,0,0,0,0
TF,RW18,30.188083,-99.407036,0, ,0.0,0.0,179.0,2.4,1,2049,0,0,0,0,3,1
CA,0,179.0,2,2423,0,0,0,0,0,0
DF,SWIGR,29.992417,-99.420047,0, ,0.0,0.0,2,3900,0,0,0,0,0,1
HM,SWIGR,29.992417,-99.420047,2, ,0.0,0.0,359.0,05,0,0,0,0,0,0,0,0,0

APPTR,R36-M,36,SWIGR
HF,SWIGR,29.992417,-99.420047,2, ,0.0,0.0,359.0,05,2,3900,0,0,0,0,1,0,0

APPTR,R36-M,36,TUBOY
IF,TUBOY,29.984617,-99.266772, ,0.0,0.0,0,0,0,0,0,0,1,0
TF,SWIGR,29.992417,-99.420047,0, ,0.0,0.0,0.0,0.0,2,3900,0,0,0,0,1,0

APPTR,R36-M,36,YASUD
IF,YASUD,30.000036,-99.573347, ,0.0,0.0,0,0,0,0,0,0,1,0
TF,SWIGR,29.992417,-99.420047,0, ,0.0,0.0,0.0,0.0,2,3900,0,0,0,0,1,0

FINAL,R36-M,36,R,4
IF,SWIGR,29.992417,-99.420047, ,0.0,0.0,2,3900,0,0,0,0,0,0
TF,LOCKN,30.092489,-99.413400,0, ,0.0,0.0,359.0,6.0,2,3700,0,0,0,0,2,0
TF,ISSAQ,30.141717,-99.410125,0, ,0.0,0.0,359.0,3.0,2,2760,0,0,0,0,0,0
TF,RW36,30.174575,-99.407936,0, ,0.0,0.0,359.0,2.0,1,2133,0,0,0,0,3,1
CA,0,359.0,2,2454,0,0,0,0,0,0
DF,GLFER,30.379861,-99.394231,0, ,0.0,0.0,2,3800,0,0,0,0,0,1
HM,GLFER,30.379861,-99.394231,2, ,0.0,0.0,179.0,05,0,0,0,0,0,0,0,0,0

