APPTR,R17-M,17,AMOTT
IF,AMOTT,60.874053,-151.373222, ,0.0,0.0,0,0,0,0,0,0,1,0
TF,RIBAE,60.986517,-151.677864,0, ,0.0,0.0,0.0,0.0,2,2300,0,1,210,0,1,0

APPTR,R17-M,17,GASTO
IF,GASTO,60.943989,-151.045322, ,0.0,0.0,0,0,0,0,0,0,1,0
TF,RIBAE,60.986517,-151.677864,0, ,0.0,0.0,0.0,0.0,2,2300,0,1,210,0,1,0

APPTR,R17-M,17,YONEK
IF,YONEK,61.173047,-151.235639, ,0.0,0.0,0,0,0,0,0,0,1,0
TF,RIBAE,60.986517,-151.677864,0, ,0.0,0.0,0.0,0.0,2,2300,0,1,210,0,1,0

FINAL,R17-M,17,R,5
IF,RIBAE,60.986517,-151.677864, ,0.0,0.0,2,2300,0,1,210,0,0,0
TF,COVUD,60.945711,-151.779044,0, ,0.0,0.0,216.0,3.9,2,2000,0,0,0,0,0,0
TF,WABES,60.901053,-151.802039,0, ,0.0,0.0,180.0,2.8,2,2000,0,0,0,0,2,0
TF,ESUDE,60.861997,-151.800972,0, ,0.0,0.0,165.0,2.4,2,1100,0,0,0,0,0,0
TF,RW17,60.822942,-151.799911,0, ,0.0,0.0,165.0,2.4,1,201,0,0,0,0,3,1
CA,0,165.0,2,900,0,0,0,0,0,0
DF,AMOTT,60.874053,-151.373222,1, ,0.0,0.0,2,3000,0,0,0,0,0,1
HM,AMOTT,60.874053,-151.373222,2, ,0.0,0.0,65.0,04,0,0,0,0,0,0,0,0,0

APPTR,R35-M,35,AMOTT
IF,AMOTT,60.874053,-151.373222, ,0.0,0.0,0,0,0,0,0,0,1,0
TF,PUGBE,60.663503,-151.621944,0, ,0.0,0.0,0.0,0.0,2,3000,0,0,0,0,0,0
TF,NADRE,60.678997,-151.786639,0, ,0.0,0.0,0.0,0.0,2,2400,0,0,0,0,1,0

APPTR,R35-M,35,NADRE
HF,NADRE,60.678997,-151.786639,2, ,0.0,0.0,343.0,04,2,2400,0,0,0,0,1,0,0

APPTR,R35-M,35,TWIGI
IF,TWIGI,60.647806,-151.457411, ,0.0,0.0,0,0,0,0,0,0,1,0
TF,PUGBE,60.663503,-151.621944,0, ,0.0,0.0,0.0,0.0,2,3000,0,0,0,0,0,0
TF,NADRE,60.678997,-151.786639,0, ,0.0,0.0,0.0,0.0,2,2400,0,0,0,0,1,0

FINAL,R35-M,35,R,3
IF,NADRE,60.678997,-151.786639, ,0.0,0.0,2,2400,0,0,0,0,0,0
TF,ADECE,60.745406,-151.793081,0, ,0.0,0.0,343.0,4.0,2,1800,0,0,0,0,2,0
TF,RW35,60.810819,-151.799453,0, ,0.0,0.0,343.0,3.9,1,250,0,0,0,0,3,1
CA,0,343.0,2,800,0,0,0,0,0,0
DF,AMOTT,60.874053,-151.373222,2, ,0.0,0.0,2,3000,0,0,0,0,0,1
HM,AMOTT,60.874053,-151.373222,2, ,0.0,0.0,65.0,04,0,0,0,0,0,0,0,0,0

