SID,TESE1A,02,5
DF,DER02,65.959533,-17.422394,0, ,0.0,0.0,0,0,0,0,0,0,0,1
CA,0,8.0,2,1500,0,0,0,0,0,0
DF,TESSE,66.334106,-18.030511,0, ,0.0,0.0,2,6000,0,0,0,0,0,0

APPTR,R02,02,GUGSI
IF,GUGSI,65.634061,-17.583836, ,0.0,0.0,2,5300,0,0,0,0,1,0
TF,HUI02,65.715456,-17.543853,0, ,0.0,0.0,0.0,0.0,2,4000,0,0,0,0,1,0

APPTR,R02,02,MAMEP
IF,MAMEP,65.698814,-17.346308, ,0.0,0.0,2,4800,0,0,0,0,1,0
TF,HUI02,65.715456,-17.543853,0, ,0.0,0.0,0.0,0.0,2,4000,0,0,0,0,1,0

APPTR,R02,02,SUXOT
IF,SUXOT,65.731842,-17.741650, ,0.0,0.0,2,5500,0,0,0,0,1,0
TF,HUI02,65.715456,-17.543853,0, ,0.0,0.0,0.0,0.0,2,4000,0,0,0,0,1,0

FINAL,R02,02,R,3
IF,HUI02,65.715456,-17.543853, ,0.0,0.0,2,4000,0,0,0,0,0,0
TF,HUF02,65.838056,-17.483300,0, ,0.0,0.0,22.0,7.5,2,2500,0,0,0,0,2,0
TF,RW02,65.945456,-17.429472,0, ,0.0,0.0,23.0,6.6,1,98,0,0,0,0,3,1
TF,HUT02,66.181189,-17.309864,0, ,0.0,0.0,0.0,0.0,0,0,0,0,0,0,0,1
DF,MAMEP,65.698814,-17.346308,2, ,0.0,0.0,1,4000,0,0,0,0,0,1
HM,MAMEP,65.698814,-17.346308,2, ,0.0,0.0,293.0,04.3,1,4000,0,0,0,0,0,0,0

