APPTR,N19,19,TN
IF,TN,66.220806,-15.331222, ,0.0,0.0,2,3000,0,0,0,0,0,0
FC,TN,66.220806,-15.331222,0,AKI,0.0,0.0,28.0,6.0,0,0,0,0,0,0,0,1
CF,FN19,66.301294,-15.327728,1,AKI,74.3,73.2,190.0,2.0,2,1600,0,0,0,0,0,0

FINAL,N19,19,N,2
IF,FN19,66.301294,-15.327728,TN,0.0,0.0,2,1600,0,0,0,0,2,0
CF,RW19,66.223833,-15.334047,0,TN,0.0,0.0,190.0,4.7,1,114,0,0,0,0,3,0
CF,TN,66.220806,-15.331222,0,AKI,77.8,71.2,190.0,0.2,0,0,0,0,0,0,0,1
CA,0,190.0,2,3000,0,0,0,0,0,0
DF,TN,66.220806,-15.331222,2, ,0.0,0.0,1,3000,0,0,0,0,0,0
HM,TN,66.220806,-15.331222,1, ,0.0,0.0,28.0,04.3,2,3000,0,0,0,0,0,0,0

APPTR,R01,01,BORCE
IF,BORCE,66.005683,-15.572019, ,0.0,0.0,2,3800,0,0,0,0,1,0
TF,TN01I,66.032769,-15.357611,0, ,0.0,0.0,0.0,0.0,2,3100,0,0,0,0,1,0

APPTR,R01,01,DISSA
IF,DISSA,65.941533,-15.368736, ,0.0,0.0,2,4300,0,0,0,0,1,0
TF,TN01I,66.032769,-15.357611,0, ,0.0,0.0,0.0,0.0,2,3100,0,0,0,0,1,0

APPTR,R01,01,EBBUM
IF,EBBUM,65.997169,-15.150967, ,0.0,0.0,2,3500,0,0,0,0,1,0
TF,TN01I,66.032769,-15.357611,0, ,0.0,0.0,0.0,0.0,2,3100,0,0,0,0,1,0

FINAL,R01,01,R,3
IF,TN01I,66.032769,-15.357611, ,0.0,0.0,2,3100,0,0,0,0,0,0
TF,TN01F,66.132319,-15.345378,0, ,0.0,0.0,12.0,6.0,2,1900,0,0,0,0,2,0
TF,RW01,66.213078,-15.335383,0, ,0.0,0.0,12.0,4.9,1,101,0,0,0,0,3,1
TF,TNM51,66.296014,-15.325053,0, ,0.0,0.0,0.0,0.0,0,0,0,0,0,0,0,1
DF,BORCE,66.005683,-15.572019,1, ,0.0,0.0,1,3800,0,0,0,0,0,0
HM,BORCE,66.005683,-15.572019,2, ,0.0,0.0,82.0,04.3,1,3800,0,1,170,0,0,0,0

APPTR,R19,19,EBESA
IF,EBESA,66.368608,-15.108783, ,0.0,0.0,2,3500,0,0,0,0,1,0
TF,NOHEL,66.372925,-15.315414,0, ,0.0,0.0,0.0,0.0,2,2300,0,0,0,0,1,0

APPTR,R19,19,WAKES
IF,WAKES,66.376972,-15.522111, ,0.0,0.0,2,3800,0,0,0,0,1,0
TF,NOHEL,66.372925,-15.315414,0, ,0.0,0.0,0.0,0.0,2,2300,0,0,0,0,1,0

FINAL,R19,19,R,3
IF,NOHEL,66.372925,-15.315414, ,0.0,0.0,2,2300,0,0,0,0,1,0
TF,TNF19,66.306436,-15.323750,0, ,0.0,0.0,192.0,4.0,2,1700,0,0,0,0,2,0
TF,RW19,66.223833,-15.334047,0, ,0.0,0.0,192.0,5.0,1,114,0,0,0,0,3,1
CA,0,192.0,2,1000,0,0,0,0,0,0
DF,WAKES,66.376972,-15.522111,2, ,0.0,0.0,0,0,0,0,0,0,0,0
HM,WAKES,66.376972,-15.522111,2, ,0.0,0.0,102.0,04.3,1,2300,0,0,0,0,0,0,0

