APPTR,R04,04,NILAT
IF,NILAT,65.568683,-15.379644, ,0.0,0.0,2,5300,0,0,0,0,1,0
TF,VOI04,65.543817,-15.146683,0, ,0.0,0.0,0.0,0.0,2,3800,0,0,0,0,1,0

APPTR,R04,04,SIZIN
IF,SIZIN,65.462561,-15.007664, ,0.0,0.0,2,5700,0,0,0,0,1,0
TF,334AT,65.503206,-15.077067,0, ,0.0,0.0,0.0,0.0,2,4000,0,0,0,0,0,0
TF,VOI04,65.543817,-15.146683,0, ,0.0,0.0,0.0,0.0,2,3800,0,0,0,0,1,0

APPTR,R04,04,VICOM
IF,VICOM,65.475372,-15.260036, ,0.0,0.0,2,5200,0,0,0,0,1,0
TF,043AT,65.502761,-15.214764,0, ,0.0,0.0,0.0,0.0,2,4000,0,0,0,0,0,0
TF,VOI04,65.543817,-15.146683,0, ,0.0,0.0,0.0,0.0,2,3800,0,0,0,0,1,0

FINAL,R04,04,R,3
IF,VOI04,65.543817,-15.146683, ,0.0,0.0,2,3800,0,0,0,0,0,0
TF,VOF04,65.616114,-15.026147,0, ,0.0,0.0,43.0,5.3,2,2500,0,0,0,0,2,0
TF,RW04,65.717364,-14.855947,0, ,0.0,0.0,44.0,7.4,1,59,0,0,0,0,3,1
TF,VO604,65.799117,-14.717306,0, ,0.0,0.0,0.0,0.0,0,0,0,0,0,0,0,0
TF,VO704,65.841853,-14.866839,0, ,0.0,0.0,0.0,0.0,0,0,0,0,0,0,0,0
TF,NILAT,65.568683,-15.379644,0, ,0.0,0.0,0.0,0.0,0,0,0,0,0,0,0,0
HM,NILAT,65.568683,-15.379644,2, ,0.0,0.0,113.0,04.3,2,4700,0,0,0,0,0,0,0

