APPTR,R12,12,TIBEP
IF,TIBEP,47.837969,-65.078300, ,0.0,0.0,0,0,0,1,210,0,1,0
TF,APKAX,47.757492,-65.110114,0, ,0.0,0.0,0.0,0.0,2,1600,0,1,180,0,1,0

APPTR,R12,12,UDLAP
IF,UDLAP,47.677006,-65.141828, ,0.0,0.0,0,0,0,1,210,0,1,0
TF,APKAX,47.757492,-65.110114,0, ,0.0,0.0,0.0,0.0,2,1600,0,1,180,0,1,0

FINAL,R12,12,R,3
IF,APKAX,47.757492,-65.110114, ,0.0,0.0,2,1600,0,1,180,0,1,0
TF,VOGIP,47.736011,-64.990808,0, ,0.0,0.0,123.0,5.0,2,1500,0,0,0,0,2,0
TF,RW12,47.717439,-64.888283,0, ,0.0,0.0,123.0,4.3,1,119,0,0,0,0,3,1
TF,DUTED,47.695728,-64.769161,0, ,0.0,0.0,0.0,0.0,1,2200,0,0,0,0,0,1
HM,DUTED,47.695728,-64.769161,2, ,0.0,0.0,123.0,04.3,0,0,0,0,0,0,0,0,0

APPTR,R30,30,ANTIB
IF,ANTIB,47.594706,-64.688883, ,0.0,0.0,0,0,0,1,200,0,1,0
TF,XUGET,47.675067,-64.656522,0, ,0.0,0.0,0.0,0.0,2,1700,0,1,180,0,1,0

APPTR,R30,30,VODUD
IF,VODUD,47.755419,-64.624061, ,0.0,0.0,0,0,0,1,200,0,1,0
TF,XUGET,47.675067,-64.656522,0, ,0.0,0.0,0.0,0.0,2,1700,0,1,180,0,1,0

FINAL,R30,30,R,3
IF,XUGET,47.675067,-64.656522, ,0.0,0.0,2,1700,0,1,180,0,1,0
TF,TOBBR,47.696894,-64.775550,0, ,0.0,0.0,304.0,5.0,2,1700,0,0,0,0,2,0
TF,RW30,47.715014,-64.874950,0, ,0.0,0.0,303.0,4.2,1,105,0,0,0,0,3,1
TF,DUTNI,47.736617,-64.994158,0, ,0.0,0.0,0.0,0.0,1,1900,0,0,0,0,0,1
HM,DUTNI,47.736617,-64.994158,2, ,0.0,0.0,303.0,04.3,0,0,0,0,0,0,0,0,0

