APPTR,R10,10,NAKEL
IF,NAKEL,51.703069,-114.425122, ,0.0,0.0,0,0,0,1,210,0,1,0
TF,IGTAR,51.791453,-114.350203,0, ,0.0,0.0,0.0,0.0,2,4900,0,1,180,0,1,0

APPTR,R10,10,TEVIT
IF,TEVIT,51.879789,-114.274989, ,0.0,0.0,0,0,0,1,210,0,1,0
TF,IGTAR,51.791453,-114.350203,0, ,0.0,0.0,0.0,0.0,2,4900,0,1,180,0,1,0

FINAL,R10,10,R,4
IF,IGTAR,51.791453,-114.350203, ,0.0,0.0,2,4900,0,1,180,0,1,0
TF,BEROT,51.742481,-114.200753,0, ,0.0,0.0,103.0,6.3,2,4700,0,0,0,0,2,0
TF,XIKOS,51.729692,-114.161872,0, ,0.0,0.0,103.0,1.6,2,4100,0,0,0,0,0,0
TF,RW10,51.714089,-114.114522,0, ,0.0,0.0,103.0,2.0,1,3389,0,0,0,0,3,1
TF,MATOP,51.659331,-113.949056,0, ,0.0,0.0,0.0,0.0,1,6300,0,0,0,0,0,1
HM,MATOP,51.659331,-113.949056,2, ,0.0,0.0,103.0,04.3,0,0,0,0,0,0,0,0,0

APPTR,R28,28,DARSU
IF,DARSU,51.721206,-113.794531, ,0.0,0.0,0,0,0,1,210,0,1,0
TF,SATIX,51.633178,-113.870414,0, ,0.0,0.0,0.0,0.0,2,4700,0,1,180,0,1,0

APPTR,R28,28,KAPOL
IF,KAPOL,51.545100,-113.946003, ,0.0,0.0,0,0,0,1,210,0,1,0
TF,SATIX,51.633178,-113.870414,0, ,0.0,0.0,0.0,0.0,2,4700,0,1,180,0,1,0

FINAL,R28,28,R,3
IF,SATIX,51.633178,-113.870414, ,0.0,0.0,2,4700,0,1,180,0,1,0
TF,PELGO,51.680222,-114.012056,0, ,0.0,0.0,283.0,6.0,2,4700,0,0,0,0,2,0
TF,RW28,51.708950,-114.098942,0, ,0.0,0.0,283.0,3.7,1,3377,0,0,0,0,3,1
TF,TAKDI,51.794558,-114.359711,0, ,0.0,0.0,0.0,0.0,1,6600,0,0,0,0,0,1
HM,TAKDI,51.794558,-114.359711,2, ,0.0,0.0,103.0,07,0,0,0,1,230,0,0,0,0

