APPTR,R05,05,NOPUB
IF,NOPUB,49.838608,-112.456694, ,0.0,0.0,0,0,0,1,200,0,1,0
TF,IGSUN,49.762625,-112.404117,0, ,0.0,0.0,0.0,0.0,2,4600,0,1,180,0,1,0

APPTR,R05,05,TAPRU
IF,TAPRU,49.686619,-112.351706, ,0.0,0.0,0,0,0,1,200,0,1,0
TF,IGSUN,49.762625,-112.404117,0, ,0.0,0.0,0.0,0.0,2,4600,0,1,180,0,1,0

FINAL,R05,05,R,4
IF,IGSUN,49.762625,-112.404117, ,0.0,0.0,2,4600,0,1,180,0,1,0
TF,AGDAS,49.796572,-112.286719,0, ,0.0,0.0,52.0,5.0,2,4000,0,0,0,0,2,0
TF,MOGUV,49.813500,-112.227958,0, ,0.0,0.0,52.0,2.5,2,3200,0,0,0,0,0,0
TF,RW05,49.824236,-112.190611,0, ,0.0,0.0,52.0,1.6,1,2698,0,0,0,0,3,1
TF,BEXUB,49.857964,-112.072917,0, ,0.0,0.0,0.0,0.0,1,4600,0,0,0,0,0,1
HM,BEXUB,49.857964,-112.072917,2, ,0.0,0.0,52.0,04.3,0,0,0,1,230,0,0,0,0

APPTR,R23,23,DERVO
IF,DERVO,49.965183,-112.016108, ,0.0,0.0,0,0,0,1,200,0,1,0
TF,ODGAM,49.889006,-111.964086,0, ,0.0,0.0,0.0,0.0,2,4000,0,1,180,0,1,0

APPTR,R23,23,VEVNA
IF,VEVNA,49.812803,-111.912225, ,0.0,0.0,0,0,0,1,200,0,1,0
TF,ODGAM,49.889006,-111.964086,0, ,0.0,0.0,0.0,0.0,2,4000,0,1,180,0,1,0

FINAL,R23,23,R,3
IF,ODGAM,49.889006,-111.964086, ,0.0,0.0,2,4000,0,1,180,0,1,0
TF,KAPOG,49.855386,-112.081933,0, ,0.0,0.0,233.0,5.0,2,4000,0,0,0,0,2,0
TF,RW23,49.827578,-112.178978,0, ,0.0,0.0,233.0,4.1,1,2687,0,0,0,0,3,1
DF,DERVO,49.965183,-112.016108,2, ,0.0,0.0,1,4000,0,0,0,0,0,1
HM,DERVO,49.965183,-112.016108,2, ,0.0,0.0,143.0,04.3,0,0,0,0,0,0,0,0,0

