APPTR,R14,14,IKLOX
IF,IKLOX,53.254236,-112.807022, ,0.0,0.0,0,0,0,1,210,0,1,0
TF,DATAT,53.209969,-112.956181,0, ,0.0,0.0,0.0,0.0,2,4100,0,1,180,0,1,0

APPTR,R14,14,ONDOV
IF,ONDOV,53.165514,-113.105031, ,0.0,0.0,0,0,0,1,210,0,1,0
TF,DATAT,53.209969,-112.956181,0, ,0.0,0.0,0.0,0.0,2,4100,0,1,180,0,1,0

FINAL,R14,14,R,3
IF,DATAT,53.209969,-112.956181, ,0.0,0.0,2,4100,0,1,180,0,1,0
TF,AGBUX,53.120494,-112.882439,0, ,0.0,0.0,139.0,6.0,2,4100,0,0,0,0,2,0
TF,RW14,53.044872,-112.820386,0, ,0.0,0.0,139.0,5.1,1,2463,0,0,0,0,3,1
TF,KATNU,52.940381,-112.735042,0, ,0.0,0.0,0.0,0.0,1,4700,0,0,0,0,0,1
HM,KATNU,52.940381,-112.735042,2, ,0.0,0.0,139.0,04.3,0,0,0,0,0,0,0,0,0

APPTR,R32,32,PIKNI
IF,PIKNI,52.824811,-112.824908, ,0.0,0.0,0,0,0,1,210,0,1,0
TF,OTENI,52.868919,-112.676942,0, ,0.0,0.0,0.0,0.0,2,4100,0,1,180,0,1,0

APPTR,R32,32,TULOX
IF,TULOX,52.912842,-112.528675, ,0.0,0.0,0,0,0,1,210,0,1,0
TF,OTENI,52.868919,-112.676942,0, ,0.0,0.0,0.0,0.0,2,4100,0,1,180,0,1,0

FINAL,R32,32,R,3
IF,OTENI,52.868919,-112.676942, ,0.0,0.0,2,4100,0,1,180,0,1,0
TF,NOVUG,52.958525,-112.749828,0, ,0.0,0.0,319.0,6.0,2,4100,0,0,0,0,2,0
TF,RW32,53.034275,-112.811708,0, ,0.0,0.0,319.0,5.1,1,2461,0,0,0,0,3,1
TF,TIKUN,53.138711,-112.897425,0, ,0.0,0.0,0.0,0.0,1,4700,0,0,0,0,0,1
HM,TIKUN,53.138711,-112.897425,2, ,0.0,0.0,319.0,04.3,0,0,0,0,0,0,0,0,0

