APPTR,R08,08,PUPOX
IF,PUPOX,58.357694,-116.340842, ,0.0,0.0,0,0,0,1,140,0,1,0
TF,ROPMA,58.423986,-116.245303,0, ,0.0,0.0,0.0,0.0,2,2200,0,1,140,0,1,0

APPTR,R08,08,RADOL
IF,RADOL,58.500586,-116.306956, ,0.0,0.0,0,0,0,1,140,0,1,0
TF,ROPMA,58.423986,-116.245303,0, ,0.0,0.0,0.0,0.0,2,2200,0,1,140,0,1,0

FINAL,R08,08,R,3
IF,ROPMA,58.423986,-116.245303, ,0.0,0.0,2,2200,0,1,140,0,0,0
TF,PEVMO,58.413533,-116.088111,0, ,0.0,0.0,80.0,5.0,2,2200,0,0,0,0,2,0
TF,RW08,58.404758,-115.958461,0, ,0.0,0.0,80.0,4.1,1,886,0,0,0,0,3,1
TF,APDUK,58.393953,-115.801442,0, ,0.0,0.0,0.0,0.0,1,2300,0,0,0,0,0,1
HM,APDUK,58.393953,-115.801442,2, ,0.0,0.0,80.0,04.3,0,0,0,0,0,0,0,0,0

APPTR,R26,26,NOVIB
IF,NOVIB,58.449256,-115.555075, ,0.0,0.0,0,0,0,1,140,0,1,0
TF,NAPCO,58.383481,-115.651975,0, ,0.0,0.0,0.0,0.0,2,2200,0,1,140,0,1,0

APPTR,R26,26,OTVEP
IF,OTVEP,58.306569,-115.591944, ,0.0,0.0,0,0,0,1,140,0,1,0
TF,NAPCO,58.383481,-115.651975,0, ,0.0,0.0,0.0,0.0,2,2200,0,1,140,0,1,0

FINAL,R26,26,R,3
IF,NAPCO,58.383481,-115.651975, ,0.0,0.0,2,2200,0,1,140,0,0,0
TF,LIDIV,58.394469,-115.808903,0, ,0.0,0.0,260.0,5.0,2,2200,0,0,0,0,2,0
TF,RW26,58.403347,-115.937783,0, ,0.0,0.0,260.0,4.1,1,893,0,0,0,0,3,1
TF,DELTU,58.413986,-116.094886,0, ,0.0,0.0,0.0,0.0,1,2300,0,0,0,0,0,1
HM,DELTU,58.413986,-116.094886,2, ,0.0,0.0,260.0,04.3,0,0,0,0,0,0,0,0,0

