APPTR,R15,15,ROVRI
IF,ROVRI,46.037689,-63.596358, ,0.0,0.0,0,0,0,1,210,0,1,0
TF,MESBU,45.969347,-63.664725,0, ,0.0,0.0,0.0,0.0,2,1400,0,1,180,0,1,0

APPTR,R15,15,VEVKO
IF,VEVKO,45.900964,-63.732925, ,0.0,0.0,0,0,0,1,210,0,1,0
TF,MESBU,45.969347,-63.664725,0, ,0.0,0.0,0.0,0.0,2,1400,0,1,180,0,1,0

FINAL,R15,15,R,3
IF,MESBU,45.969347,-63.664725, ,0.0,0.0,2,1400,0,1,180,0,1,0
TF,TARGU,45.912575,-63.548075,0, ,0.0,0.0,143.0,6.0,2,1400,0,0,0,0,2,0
TF,RW15,45.873950,-63.468986,0, ,0.0,0.0,143.0,4.0,1,112,0,0,0,0,3,1
TF,VIPLA,45.818464,-63.355764,0, ,0.0,0.0,0.0,0.0,1,1700,0,0,0,0,0,1
HM,VIPLA,45.818464,-63.355764,2, ,0.0,0.0,143.0,04.3,0,0,0,0,0,0,0,0,0

APPTR,R33,33,MUPTU
IF,MUPTU,45.702314,-63.326619, ,0.0,0.0,0,0,0,1,210,0,1,0
TF,MUSVU,45.770456,-63.258164,0, ,0.0,0.0,0.0,0.0,2,1700,0,1,180,0,1,0

APPTR,R33,33,VIGVU
IF,VIGVU,45.838558,-63.189544, ,0.0,0.0,0,0,0,1,210,0,1,0
TF,MUSVU,45.770456,-63.258164,0, ,0.0,0.0,0.0,0.0,2,1700,0,1,180,0,1,0

FINAL,R33,33,R,3
IF,MUSVU,45.770456,-63.258164, ,0.0,0.0,2,1700,0,1,180,0,1,0
TF,MISIP,45.818378,-63.355589,0, ,0.0,0.0,323.0,5.0,2,1700,0,0,0,0,2,0
TF,RW33,45.866392,-63.453533,0, ,0.0,0.0,323.0,5.0,1,102,0,0,0,0,3,1
TF,KISUB,45.914144,-63.551294,0, ,0.0,0.0,0.0,0.0,1,1700,0,0,0,0,0,1
HM,KISUB,45.914144,-63.551294,2, ,0.0,0.0,323.0,04.3,0,0,0,0,0,0,0,0,0

