APPTR,R07,07,EBGOK
IF,EBGOK,58.243994,-116.741044, ,0.0,0.0,0,0,0,1,210,0,1,0
TF,DUMRI,58.172294,-116.661317,0, ,0.0,0.0,0.0,0.0,2,2700,0,1,180,0,1,0

APPTR,R07,07,GUDEL
IF,GUDEL,58.100000,-116.738942, ,0.0,0.0,0,0,0,1,210,0,1,0
TF,DUMRI,58.172294,-116.661317,0, ,0.0,0.0,0.0,0.0,2,2700,0,1,180,0,1,0

FINAL,R07,07,R,3
IF,DUMRI,58.172294,-116.661317, ,0.0,0.0,2,2700,0,1,180,0,1,0
TF,AGDIK,58.172742,-116.503964,0, ,0.0,0.0,72.0,5.0,2,2700,0,0,0,0,2,0
TF,RW07,58.172997,-116.345653,0, ,0.0,0.0,72.0,5.0,1,1098,0,0,0,0,3,1
TF,KASUV,58.173056,-116.188297,0, ,0.0,0.0,0.0,0.0,1,2700,0,0,0,0,0,1
HM,KASUV,58.173056,-116.188297,2, ,0.0,0.0,72.0,04,0,0,0,1,200,0,0,0,0

APPTR,R25,25,OMPIT
IF,OMPIT,58.245444,-115.929414, ,0.0,0.0,0,0,0,1,210,0,1,0
TF,MEDUK,58.172881,-116.006294,0, ,0.0,0.0,0.0,0.0,2,2700,0,1,180,0,1,0

APPTR,R25,25,PESVU
IF,PESVU,58.101456,-115.925836, ,0.0,0.0,0,0,0,1,210,0,1,0
TF,MEDUK,58.172881,-116.006294,0, ,0.0,0.0,0.0,0.0,2,2700,0,1,180,0,1,0

FINAL,R25,25,R,3
IF,MEDUK,58.172881,-116.006294, ,0.0,0.0,2,2700,0,1,180,0,1,0
TF,LIRTO,58.173047,-116.163650,0, ,0.0,0.0,252.0,5.0,2,2700,0,0,0,0,2,0
TF,RW25,58.173017,-116.322850,0, ,0.0,0.0,252.0,5.1,1,1089,0,0,0,0,3,1
TF,VIKLU,58.172792,-116.480206,0, ,0.0,0.0,0.0,0.0,1,2700,0,0,0,0,0,1
HM,VIKLU,58.172792,-116.480206,2, ,0.0,0.0,252.0,04.3,0,0,0,1,200,0,0,0,0

