APPTR,R01,01,AGPID
IF,AGPID,45.912639,-80.772397, ,0.0,0.0,0,0,0,1,180,0,1,0
TF,GAGBO,45.904850,-80.629619,0, ,0.0,0.0,0.0,0.0,2,2400,0,1,180,0,1,0

APPTR,R01,01,BERIV
IF,BERIV,45.896883,-80.486881, ,0.0,0.0,0,0,0,1,180,0,1,0
TF,GAGBO,45.904850,-80.629619,0, ,0.0,0.0,0.0,0.0,2,2400,0,1,180,0,1,0

FINAL,R01,01,R,3
IF,GAGBO,45.904850,-80.629619, ,0.0,0.0,2,2400,0,1,180,0,0,0
TF,ILITU,46.004511,-80.618314,0, ,0.0,0.0,15.0,6.0,2,2400,0,0,0,0,2,0
TF,RW01,46.090022,-80.608581,0, ,0.0,0.0,15.0,5.1,1,737,0,0,0,0,3,1
TF,PUTEM,46.206286,-80.595300,0, ,0.0,0.0,0.0,0.0,1,2400,0,0,0,0,0,1
HM,PUTEM,46.206286,-80.595300,2, ,0.0,0.0,15.0,04.3,0,0,0,1,200,0,0,0,0

APPTR,R10,10,BOSUX
IF,BOSUX,46.186886,-80.880311, ,0.0,0.0,0,0,0,1,180,0,1,0
TF,MEGIT,46.086947,-80.876786,0, ,0.0,0.0,0.0,0.0,2,2400,0,1,180,0,1,0

APPTR,R10,10,RAGUR
IF,RAGUR,45.987006,-80.873275, ,0.0,0.0,0,0,0,1,180,0,1,0
TF,MEGIT,46.086947,-80.876786,0, ,0.0,0.0,0.0,0.0,2,2400,0,1,180,0,1,0

FINAL,R10,10,R,3
IF,MEGIT,46.086947,-80.876786, ,0.0,0.0,2,2400,0,1,180,0,1,0
TF,RESEV,46.089306,-80.733150,0, ,0.0,0.0,99.0,6.0,2,2400,0,0,0,0,2,0
TF,RW10,46.091197,-80.608953,0, ,0.0,0.0,99.0,5.2,1,748,0,0,0,0,3,1
TF,VOBET,46.093536,-80.441350,0, ,0.0,0.0,0.0,0.0,1,2400,0,0,0,0,0,1
HM,VOBET,46.093536,-80.441350,2, ,0.0,0.0,99.0,04.3,0,0,0,1,200,0,0,0,0

APPTR,R19,19,AMUXI
IF,AMUXI,46.274400,-80.442864, ,0.0,0.0,0,0,0,1,180,0,1,0
TF,IKNOM,46.282422,-80.586572,0, ,0.0,0.0,0.0,0.0,2,2400,0,1,180,0,1,0

APPTR,R19,19,BEVUB
IF,BEVUB,46.290264,-80.730322, ,0.0,0.0,0,0,0,1,180,0,1,0
TF,IKNOM,46.282422,-80.586572,0, ,0.0,0.0,0.0,0.0,2,2400,0,1,180,0,1,0

FINAL,R19,19,R,3
IF,IKNOM,46.282422,-80.586572, ,0.0,0.0,2,2400,0,1,180,0,1,0
TF,KELMA,46.182769,-80.597992,0, ,0.0,0.0,195.0,6.0,2,2400,0,0,0,0,2,0
TF,RW19,46.096500,-80.607842,0, ,0.0,0.0,195.0,5.2,1,722,0,0,0,0,3,1
TF,NUDAT,45.980231,-80.621072,0, ,0.0,0.0,0.0,0.0,1,2400,0,0,0,0,0,1
HM,NUDAT,45.980231,-80.621072,2, ,0.0,0.0,195.0,04.3,0,0,0,1,200,0,0,0,0

APPTR,R28,28,DUTUK
IF,DUTUK,45.994725,-80.349625, ,0.0,0.0,0,0,0,1,180,0,1,0
TF,SEBUB,46.094681,-80.352192,0, ,0.0,0.0,0.0,0.0,2,2400,0,1,180,0,1,0

APPTR,R28,28,LEXEX
IF,LEXEX,46.194633,-80.354767, ,0.0,0.0,0,0,0,1,180,0,1,0
TF,SEBUB,46.094681,-80.352192,0, ,0.0,0.0,0.0,0.0,2,2400,0,1,180,0,1,0

FINAL,R28,28,R,3
IF,SEBUB,46.094681,-80.352192, ,0.0,0.0,2,2400,0,1,180,0,1,0
TF,TOTUL,46.092803,-80.495858,0, ,0.0,0.0,279.0,6.0,2,2400,0,0,0,0,2,0
TF,RW28,46.091342,-80.599131,0, ,0.0,0.0,279.0,4.3,1,751,0,0,0,0,3,1
TF,VIGLO,46.088769,-80.766717,0, ,0.0,0.0,0.0,0.0,1,2400,0,0,0,0,0,0
HM,VIGLO,46.088769,-80.766717,2, ,0.0,0.0,279.0,04.3,0,0,0,1,200,0,0,0,0

