APPTR,R10,10,KEBOB
IF,KEBOB,45.318886,-76.578994, ,0.0,0.0,0,0,0,1,210,0,1,0
TF,OBSEB,45.402061,-76.585928,0, ,0.0,0.0,0.0,0.0,2,2100,0,1,180,0,1,0

APPTR,R10,10,LESIG
IF,LESIG,45.485236,-76.592886, ,0.0,0.0,0,0,0,1,210,0,1,0
TF,OBSEB,45.402061,-76.585928,0, ,0.0,0.0,0.0,0.0,2,2100,0,1,180,0,1,0

FINAL,R10,10,R,4
IF,OBSEB,45.402061,-76.585928, ,0.0,0.0,2,2100,0,1,180,0,1,0
TF,SASOR,45.406894,-76.467850,0, ,0.0,0.0,100.0,5.0,2,1680,0,0,0,0,2,0
TF,TAGMU,45.408792,-76.420614,0, ,0.0,0.0,100.0,2.0,2,1040,0,0,0,0,0,0
TF,RW10,45.410672,-76.373372,0, ,0.0,0.0,100.0,2.0,1,405,0,0,0,0,3,1
TF,EBGUB,45.415283,-76.255258,0, ,0.0,0.0,0.0,0.0,1,2100,0,0,0,0,0,1
HM,EBGUB,45.415283,-76.255258,2, ,0.0,0.0,100.0,09,0,0,0,1,230,0,0,0,0

APPTR,R28,28,NADAB
IF,NADAB,45.336261,-76.139150, ,0.0,0.0,0,0,0,1,210,0,1,0
TF,UDGOV,45.419461,-76.145444,0, ,0.0,0.0,0.0,0.0,2,2000,0,1,180,0,1,0

APPTR,R28,28,PILPU
IF,PILPU,45.502661,-76.151753, ,0.0,0.0,0,0,0,1,210,0,1,0
TF,UDGOV,45.419461,-76.145444,0, ,0.0,0.0,0.0,0.0,2,2000,0,1,180,0,1,0

FINAL,R28,28,R,4
IF,UDGOV,45.419461,-76.145444, ,0.0,0.0,2,2000,0,1,180,0,1,0
TF,VIVIG,45.414964,-76.263575,0, ,0.0,0.0,280.0,5.0,2,1670,0,0,0,0,2,0
TF,MEDEB,45.413128,-76.310822,0, ,0.0,0.0,280.0,2.0,2,1030,0,0,0,0,0,0
TF,RW28,45.411275,-76.358067,0, ,0.0,0.0,280.0,2.0,1,397,0,0,0,0,3,1
TF,IKBEB,45.406558,-76.476164,0, ,0.0,0.0,0.0,0.0,1,2100,0,0,0,0,0,1
HM,IKBEB,45.406558,-76.476164,1, ,0.0,0.0,280.0,09,0,0,0,1,230,0,0,0,0

