APPTR,R06,06,BEVOB
IF,BEVOB,45.910886,-72.026219, ,0.0,0.0,0,0,0,1,210,0,1,0
TF,APNOS,45.974494,-72.120781,0, ,0.0,0.0,0.0,0.0,2,2200,0,1,180,0,1,0

APPTR,R06,06,DASAD
IF,DASAD,46.038025,-72.215561, ,0.0,0.0,0,0,0,1,210,0,1,0
TF,APNOS,45.974494,-72.120781,0, ,0.0,0.0,0.0,0.0,2,2200,0,1,180,0,1,0

FINAL,R06,06,R,3
IF,APNOS,45.974494,-72.120781, ,0.0,0.0,2,2200,0,1,180,0,1,0
TF,NAPNU,46.046461,-72.021192,0, ,0.0,0.0,60.0,6.0,2,2100,0,0,0,0,2,0
TF,RW06,46.105469,-71.939244,0, ,0.0,0.0,60.0,4.9,1,510,0,0,0,0,3,1
TF,LESOS,46.189233,-71.822481,0, ,0.0,0.0,0.0,0.0,1,3700,0,0,0,0,0,1
HM,LESOS,46.189233,-71.822481,2, ,0.0,0.0,60.0,04.3,0,0,0,1,230,0,0,0,0

APPTR,R24,24,BEXEL
IF,BEXEL,46.313894,-71.832181, ,0.0,0.0,0,0,0,1,210,0,1,0
TF,UKRUT,46.250050,-71.737369,0, ,0.0,0.0,0.0,0.0,2,2800,0,1,180,0,1,0

APPTR,R24,24,TIKUK
IF,TIKUK,46.186128,-71.642781, ,0.0,0.0,0,0,0,1,210,0,1,0
TF,UKRUT,46.250050,-71.737369,0, ,0.0,0.0,0.0,0.0,2,2800,0,1,180,0,1,0

FINAL,R24,24,R,4
IF,UKRUT,46.250050,-71.737369, ,0.0,0.0,2,2800,0,1,180,0,1,0
TF,MIPUS,46.178336,-71.837697,0, ,0.0,0.0,240.0,6.0,2,2200,0,0,0,0,2,0
TF,IPVUV,46.137914,-71.894081,0, ,0.0,0.0,240.0,3.4,2,1100,0,0,0,0,0,0
TF,RW24,46.116367,-71.924083,0, ,0.0,0.0,240.0,1.8,1,527,0,0,0,0,3,1
TF,NOVAV,46.032500,-72.040542,0, ,0.0,0.0,0.0,0.0,1,3700,0,0,0,0,0,1
HM,NOVAV,46.032500,-72.040542,2, ,0.0,0.0,240.0,04.3,0,0,0,1,230,0,0,0,0

