APPTR,R10,10,UKPUR
IF,UKPUR,56.291733,-62.493567, ,0.0,0.0,0,0,0,1,140,0,1,0
TF,ONGER,56.225283,-62.403722,0, ,0.0,0.0,0.0,0.0,2,3400,0,1,140,0,1,0

APPTR,R10,10,VIVEN
IF,VIVEN,56.158769,-62.314192, ,0.0,0.0,0,0,0,1,140,0,1,0
TF,ONGER,56.225283,-62.403722,0, ,0.0,0.0,0.0,0.0,2,3400,0,1,140,0,1,0

FINAL,R10,10,R,5
IF,ONGER,56.225283,-62.403722, ,0.0,0.0,2,3400,0,1,140,0,1,0
TF,SEVGU,56.275189,-62.284228,0, ,0.0,0.0,75.0,5.0,2,3400,0,0,0,0,2,0
TF,PEMLI,56.306072,-62.209983,0, ,0.0,0.0,75.0,3.1,2,1800,0,0,0,0,0,0
TF,TUBOB,56.318017,-62.181211,0, ,0.0,0.0,75.0,1.2,2,1600,0,0,0,0,0,0
TF,URTES,56.348836,-62.106803,0, ,0.0,0.0,75.0,3.1,1,253,0,0,0,0,3,1
TF,OTAMI,56.398469,-61.986553,0, ,0.0,0.0,0.0,0.0,1,3400,0,0,0,0,0,1
HM,OTAMI,56.398469,-61.986553,2, ,0.0,0.0,75.0,04.3,0,0,0,0,0,0,0,0,0

APPTR,R10-A,10,DUXAB
IF,DUXAB,56.160522,-61.926408, ,0.0,0.0,0,0,0,1,200,0,1,0
TF,BUBOB,56.224136,-61.830333,0, ,0.0,0.0,0.0,0.0,2,2300,0,1,180,0,1,0

APPTR,R10-A,10,EPRAR
IF,EPRAR,56.287675,-61.733942, ,0.0,0.0,0,0,0,1,200,0,1,0
TF,BUBOB,56.224136,-61.830333,0, ,0.0,0.0,0.0,0.0,2,2300,0,1,180,0,1,0

FINAL,R10-A,10,R,3
IF,BUBOB,56.224136,-61.830333, ,0.0,0.0,2,2300,0,1,180,0,0,0
TF,APMIB,56.277694,-61.944614,0, ,0.0,0.0,331.0,5.0,2,2260,0,0,0,0,2,0
TF,VIGTO,56.333950,-62.065239,0, ,0.0,0.0,331.0,5.3,1,1860,0,0,0,0,3,1
DF,IKDUR,56.269828,-62.400333,0, ,0.0,0.0,1,3300,0,0,0,0,0,1
HM,IKDUR,56.269828,-62.400333,2, ,0.0,0.0,262.0,04,0,0,0,0,0,0,0,0,0

APPTR,R28,28,ETLAB
IF,ETLAB,56.456319,-61.782231, ,0.0,0.0,0,0,0,1,140,0,1,0
TF,IGTIT,56.374281,-61.757675,0, ,0.0,0.0,0.0,0.0,2,2500,0,1,140,0,1,0

APPTR,R28,28,ODBOV
IF,ODBOV,56.292233,-61.733228, ,0.0,0.0,0,0,0,1,140,0,1,0
TF,IGTIT,56.374281,-61.757675,0, ,0.0,0.0,0.0,0.0,2,2500,0,1,140,0,1,0

FINAL,R28,28,R,3
IF,IGTIT,56.374281,-61.757675, ,0.0,0.0,2,2500,0,1,140,0,1,0
TF,PUREM,56.357839,-61.935019,0, ,0.0,0.0,282.0,6.0,2,2500,0,0,0,0,2,0
TF,LIDUD,56.344056,-62.081486,0, ,0.0,0.0,282.0,5.0,1,298,0,0,0,0,3,1
TF,UKTEK,56.339572,-62.128719,0, ,0.0,0.0,0.0,0.0,0,0,0,0,0,0,0,0
TF,IKDUR,56.269828,-62.400333,0, ,0.0,0.0,0.0,0.0,1,3300,0,0,0,0,0,1
HM,IKDUR,56.269828,-62.400333,2, ,0.0,0.0,267.0,04,0,0,0,0,0,0,0,0,0

APPTR,R28-A,28,DUXAB
IF,DUXAB,56.160522,-61.926408, ,0.0,0.0,0,0,0,1,200,0,1,0
TF,BUBOB,56.224136,-61.830333,0, ,0.0,0.0,0.0,0.0,2,2300,0,1,180,0,1,0

APPTR,R28-A,28,EPRAR
IF,EPRAR,56.287675,-61.733942, ,0.0,0.0,0,0,0,1,200,0,1,0
TF,BUBOB,56.224136,-61.830333,0, ,0.0,0.0,0.0,0.0,2,2300,0,1,180,0,1,0

FINAL,R28-A,28,R,3
IF,BUBOB,56.224136,-61.830333, ,0.0,0.0,2,2300,0,1,180,0,0,0
TF,APMIB,56.277694,-61.944614,0, ,0.0,0.0,331.0,5.0,2,2260,0,0,0,0,2,0
TF,VIGTO,56.333950,-62.065239,0, ,0.0,0.0,331.0,5.3,1,1860,0,0,0,0,3,1
DF,IKDUR,56.269828,-62.400333,0, ,0.0,0.0,1,3300,0,0,0,0,0,1
HM,IKDUR,56.269828,-62.400333,2, ,0.0,0.0,262.0,04,0,0,0,0,0,0,0,0,0

