APPTR,D12-A,12,INL
PI,INL,48.565797,-93.405678,2,INL,117.0,10.0,162,5.0,2,3440,0,0,0,0,1,0
CF,INL,48.565797,-93.405678,0,INL,0.0,0.0,342.0,8.0,2,3440,0,0,0,0,0,0

FINAL,D12-A,12,D,3
IF,INL,48.565797,-93.405678,INL,0.0,0.0,2,3440,0,0,0,0,0,0
CF,VESMO,48.614661,-93.421394,0,INL,342.0,3.0,342.0,3.0,2,2490,0,0,0,0,2,0
CF,MA342,48.650797,-93.433036,0,INL,342.0,5.2,342.0,2.2,1,1840,0,0,0,0,3,0
CA,0,342.0,2,3000,0,0,0,0,0,0
DF,INL,48.565797,-93.405678,1, ,0.0,0.0,1,3000,0,0,0,0,0,0
HM,INL,48.565797,-93.405678,2, ,0.0,0.0,342.0,04.3,0,0,0,1,230,0,0,0,0

APPTR,D30-A,30,INL
PI,INL,48.565797,-93.405678,2,INL,117.0,10.0,162,5.0,2,3440,0,0,0,0,1,0
CF,INL,48.565797,-93.405678,0,INL,0.0,0.0,342.0,8.0,2,3440,0,0,0,0,0,0

FINAL,D30-A,30,D,3
IF,INL,48.565797,-93.405678,INL,0.0,0.0,2,3440,0,0,0,0,0,0
CF,VESMO,48.614661,-93.421394,0,INL,342.0,3.0,342.0,3.0,2,2490,0,0,0,0,2,0
CF,MA342,48.650797,-93.433036,0,INL,342.0,5.2,342.0,2.2,1,1840,0,0,0,0,3,0
CA,0,342.0,2,3000,0,0,0,0,0,0
DF,INL,48.565797,-93.405678,1, ,0.0,0.0,1,3000,0,0,0,0,0,0
HM,INL,48.565797,-93.405678,2, ,0.0,0.0,342.0,04.3,0,0,0,1,230,0,0,0,0

APPTR,R12,12,DUVUG
IF,DUVUG,48.824361,-93.582694, ,0.0,0.0,0,0,0,1,210,0,1,0
TF,KETVA,48.756647,-93.656036,0, ,0.0,0.0,0.0,0.0,2,2700,0,1,200,0,1,0

APPTR,R12,12,IMIBO
IF,IMIBO,48.688883,-93.729183, ,0.0,0.0,0,0,0,1,210,0,1,0
TF,KETVA,48.756647,-93.656036,0, ,0.0,0.0,0.0,0.0,2,2700,0,1,200,0,1,0

FINAL,R12,12,R,4
IF,KETVA,48.756647,-93.656036, ,0.0,0.0,2,2700,0,1,200,0,1,0
TF,OMERU,48.698467,-93.533239,0, ,0.0,0.0,125.0,6.0,2,2500,0,0,0,0,2,0
TF,XOVOX,48.674508,-93.482833,0, ,0.0,0.0,125.0,2.5,2,1710,0,0,0,0,0,0
TF,RW12,48.657986,-93.448125,0, ,0.0,0.0,125.0,1.7,1,1173,0,0,0,0,3,1
TF,IKLOB,48.609328,-93.346172,0, ,0.0,0.0,0.0,0.0,1,3000,0,0,0,0,0,1
HM,IKLOB,48.609328,-93.346172,2, ,0.0,0.0,125.0,04.3,0,0,0,1,230,0,0,0,0

APPTR,R30,30,KEGBO
IF,KEGBO,48.619053,-93.152119, ,0.0,0.0,0,0,0,1,210,0,1,0
TF,XOTOK,48.551611,-93.225739,0, ,0.0,0.0,0.0,0.0,2,2500,0,1,200,0,1,0

FINAL,R30,30,R,3
IF,XOTOK,48.551611,-93.225739, ,0.0,0.0,2,2500,0,1,200,0,1,0
TF,DEDVU,48.610119,-93.347825,0, ,0.0,0.0,305.0,6.0,2,2500,0,0,0,0,2,0
TF,RW30,48.650797,-93.433036,0, ,0.0,0.0,305.0,4.2,1,1169,0,0,0,0,3,1
TF,AGNOT,48.699378,-93.535156,0, ,0.0,0.0,0.0,0.0,1,3000,0,0,0,0,0,1
HM,AGNOT,48.699378,-93.535156,2, ,0.0,0.0,305.0,04.3,0,0,0,1,230,0,0,0,0

