APPTR,R06,06,ITLUD
IF,ITLUD,52.751008,-82.558636, ,0.0,0.0,0,0,0,1,210,0,1,0
TF,EBKAP,52.813808,-82.648675,0, ,0.0,0.0,0.0,0.0,2,1400,0,0,0,0,1,0

APPTR,R06,06,MUVKI
IF,MUVKI,52.876539,-82.738972, ,0.0,0.0,0,0,0,1,210,0,1,0
TF,EBKAP,52.813808,-82.648675,0, ,0.0,0.0,0.0,0.0,2,1400,0,0,0,0,1,0

FINAL,R06,06,R,3
IF,EBKAP,52.813808,-82.648675, ,0.0,0.0,2,1400,0,0,0,0,1,0
TF,ALTEK,52.879300,-82.524178,0, ,0.0,0.0,61.0,6.0,2,1400,0,0,0,0,2,0
TF,RW06,52.924461,-82.437967,0, ,0.0,0.0,61.0,4.1,1,81,0,0,0,0,3,1
TF,NOXED,52.978861,-82.333717,0, ,0.0,0.0,0.0,0.0,1,1400,0,0,0,0,0,1
HM,NOXED,52.978861,-82.333717,2, ,0.0,0.0,61.0,04.3,0,0,0,1,230,0,0,0,0

APPTR,R24,24,OMSUL
IF,OMSUL,53.104075,-82.304211, ,0.0,0.0,0,0,0,1,210,0,1,0
TF,RIGUP,53.041017,-82.214069,0, ,0.0,0.0,0.0,0.0,2,1400,0,0,0,0,1,0

APPTR,R24,24,PIGTI
IF,PIGTI,52.977889,-82.124192, ,0.0,0.0,0,0,0,1,210,0,1,0
TF,RIGUP,53.041017,-82.214069,0, ,0.0,0.0,0.0,0.0,2,1400,0,0,0,0,1,0

FINAL,R24,24,R,3
IF,RIGUP,53.041017,-82.214069, ,0.0,0.0,2,1400,0,0,0,0,1,0
TF,SEGAX,52.975850,-82.339500,0, ,0.0,0.0,241.0,6.0,2,1400,0,0,0,0,2,0
TF,RW24,52.930725,-82.425986,0, ,0.0,0.0,241.0,4.1,1,80,0,0,0,0,3,1
TF,TADUX,52.876519,-82.529475,0, ,0.0,0.0,0.0,0.0,1,1400,0,0,0,0,0,1
HM,TADUX,52.876519,-82.529475,2, ,0.0,0.0,241.0,04.3,0,0,0,1,230,0,0,0,0

