APPTR,R16,16,DATIV
IF,DATIV,44.748550,-63.548197, ,0.0,0.0,0,0,0,0,0,0,1,0
TF,BERUP,44.715133,-63.600369,0, ,0.0,0.0,0.0,0.0,2,1800,0,0,0,0,1,0

APPTR,R16,16,LADOC
IF,LADOC,44.681692,-63.652481, ,0.0,0.0,0,0,0,0,0,0,1,0
TF,BERUP,44.715133,-63.600369,0, ,0.0,0.0,0.0,0.0,2,1800,0,0,0,0,1,0

APPTR,R16,16,MAXER
IF,MAXER,44.752303,-63.647281, ,0.0,0.0,0,0,0,0,0,0,1,0
TF,BERUP,44.715133,-63.600369,0, ,0.0,0.0,0.0,0.0,2,1800,0,0,0,0,1,0

FINAL,R16,16,R,4
IF,BERUP,44.715133,-63.600369, ,0.0,0.0,2,1800,0,0,0,0,0,0
TF,VETLI,44.702739,-63.584744,0, ,0.0,0.0,156.0,1.0,2,1800,0,0,0,0,0,0
TF,ALAVY,44.677944,-63.553517,0, ,0.0,0.0,156.0,2.0,2,1320,0,0,0,0,2,0
TF,RW16,44.640736,-63.506722,0, ,0.0,0.0,156.0,3.0,1,181,0,0,0,0,3,1
TF,KAPOV,44.589856,-63.442869,0, ,0.0,0.0,0.0,0.0,1,2300,0,0,0,0,0,1
HM,KAPOV,44.589856,-63.442869,2, ,0.0,0.0,156.0,04.3,0,0,0,0,0,0,0,0,0

APPTR,R34,34,IKBOS
IF,IKBOS,44.525603,-63.457217, ,0.0,0.0,0,0,0,0,0,0,1,0
TF,GORUB,44.558767,-63.404897,0, ,0.0,0.0,0.0,0.0,2,1300,0,0,0,0,1,0

APPTR,R34,34,LEPUT
IF,LEPUT,44.521328,-63.358561, ,0.0,0.0,0,0,0,0,0,0,1,0
TF,GORUB,44.558767,-63.404897,0, ,0.0,0.0,0.0,0.0,2,1300,0,0,0,0,1,0

APPTR,R34,34,PEMLO
IF,PEMLO,44.591906,-63.352517, ,0.0,0.0,0,0,0,0,0,0,1,0
TF,GORUB,44.558767,-63.404897,0, ,0.0,0.0,0.0,0.0,2,1300,0,0,0,0,1,0

FINAL,R34,34,R,3
IF,GORUB,44.558767,-63.404897, ,0.0,0.0,2,1300,0,0,0,0,0,0
TF,BILKA,44.596186,-63.451294,0, ,0.0,0.0,336.0,3.0,2,1110,0,0,0,0,2,0
TF,RW34,44.633586,-63.497750,0, ,0.0,0.0,336.0,3.0,1,184,0,0,0,0,3,1
TF,SAVEB,44.695878,-63.575308,0, ,0.0,0.0,0.0,0.0,1,2300,0,0,0,0,0,1
HM,SAVEB,44.695878,-63.575308,2, ,0.0,0.0,336.0,04.3,0,0,0,0,0,0,0,0,0

