APPTR,I11-V,11,YBG
PI,YBG,48.333933,-71.145917,2,YBC,242.0,10.0,287,5.0,2,2900,0,0,0,0,0,0

FINAL,I11-V,11,I,3
IF,CF11,48.334978,-71.295286,ITV,288.0,13.0,2,2900,0,0,0,0,0,0
CF,YBG,48.333933,-71.145917,0,ITV,288.2,7.0,107.0,6.0,1,2220,0,0,0,0,2,0
CF,RW11,48.332250,-71.016811,0,ITV,288.1,1.8,107.0,5.2,1,571,0,0,0,0,3,1
VA,0,107.0,2,1000,0,0,0,0,0,0
DF,YBG,48.333933,-71.145917,1, ,0.0,0.0,1,3200,0,0,0,0,0,0
HM,YBG,48.333933,-71.145917,2, ,0.0,0.0,107.0,04.3,0,0,0,0,0,0,0,0,0

APPTR,I11-W,11,MAPOM
IF,MAPOM,48.520611,-71.237394, ,0.0,0.0,0,0,0,0,0,0,1,0
AF,D287P,48.330975,-71.370319,1,UBG,285.5,15.0,335.0,2,2600,0,0,0,0,0,0
CF,BOXIS,48.336017,-71.345228,0,ITV,288.1,15.0,107.0,1.0,2,2600,0,0,0,0,1,0

FINAL,I11-W,11,I,3
IF,BOXIS,48.336017,-71.345228,ITV,288.1,15.0,2,2600,0,0,0,0,0,0
CF,PUREL,48.333842,-71.145392,0,ITV,288.1,7.0,107.0,8.0,1,2240,0,0,0,0,2,0
CF,RW11,48.332250,-71.016811,0,ITV,288.1,1.8,107.0,5.1,1,571,0,0,0,0,3,0
CA,0,107.0,2,4900,0,0,0,0,0,0
CF,D107X,48.313978,-70.396758,0,UBG,107.0,24.0,107.0,17.0,1,4900,0,0,0,0,0,0
HM,D107X,48.313978,-70.396758,2, ,0.0,0.0,107.0,04,0,0,0,0,0,0,0,0,0

APPTR,I11-X,11,KARAX
IF,KARAX,48.336839,-71.428775, ,0.0,0.0,0,0,0,0,0,0,1,0
TF,BIBOD,48.335342,-71.278911,0,ITV,0.0,0.0,0.0,0.0,2,2900,0,0,0,0,1,0

APPTR,I11-X,11,MEGEG
IF,MEGEG,48.435258,-71.276511, ,0.0,0.0,0,0,0,1,210,0,1,0
TF,BIBOD,48.335342,-71.278911,0,ITV,0.0,0.0,0.0,0.0,2,2900,0,0,0,0,1,0

APPTR,I11-X,11,PENLO
IF,PENLO,48.235422,-71.281300, ,0.0,0.0,0,0,0,1,210,0,1,0
TF,BIBOD,48.335342,-71.278911,0,ITV,0.0,0.0,0.0,0.0,2,2900,0,0,0,0,1,0

FINAL,I11-X,11,I,3
IF,BIBOD,48.335342,-71.278911,ITV,288.1,12.3,2,2900,0,0,0,0,0,0
CF,URNIV,48.333647,-71.129058,0,ITV,288.1,6.3,108.0,6.0,1,2020,0,0,0,0,2,0
CF,RW11,48.332250,-71.016811,0,ITV,288.1,1.8,108.0,4.5,1,568,0,0,0,0,3,0
CF,KAXOM,48.326794,-70.642247,0,YBC,262.2,107.7,108.0,15.0,1,4800,0,0,0,0,0,1
HM,KAXOM,48.326794,-70.642247,2, ,0.0,0.0,108.0,04.3,0,0,0,1,230,0,0,0,0

APPTR,I11-Y,11,KARAX
IF,KARAX,48.336839,-71.428775, ,0.0,0.0,0,0,0,0,0,0,1,0
TF,BIBOD,48.335342,-71.278911,0,ITV,0.0,0.0,0.0,0.0,2,3200,0,1,210,0,1,0

APPTR,I11-Y,11,MEGEG
IF,MEGEG,48.435258,-71.276511, ,0.0,0.0,0,0,0,0,0,0,1,0
TF,BIBOD,48.335342,-71.278911,0,ITV,0.0,0.0,0.0,0.0,2,3200,0,1,210,0,1,0

APPTR,I11-Y,11,PENLO
IF,PENLO,48.235422,-71.281300, ,0.0,0.0,0,0,0,0,0,0,1,0
TF,BIBOD,48.335342,-71.278911,0,ITV,0.0,0.0,0.0,0.0,2,3200,0,1,210,0,1,0

FINAL,I11-Y,11,I,3
IF,BIBOD,48.335342,-71.278911,ITV,288.1,12.3,2,3200,0,1,210,0,0,0
CF,URNIV,48.333647,-71.129058,0,ITV,288.1,6.3,107.0,6.0,1,2020,0,0,0,0,2,0
CF,RW11,48.332250,-71.016811,0,ITV,288.1,1.8,107.0,4.5,1,571,0,0,0,0,3,1
DF,KAXOM,48.326794,-70.642247,0, ,0.0,0.0,1,4800,0,0,0,0,0,0
HM,KAXOM,48.326794,-70.642247,2, ,0.0,0.0,107.0,04,0,0,0,0,0,0,0,0,0

APPTR,I11-Z,11,KARAX
IF,KARAX,48.336839,-71.428775, ,0.0,0.0,0,0,0,0,0,0,1,0
TF,BIBOD,48.335342,-71.278911,0,ITV,0.0,0.0,0.0,0.0,2,2900,0,0,0,0,1,0

APPTR,I11-Z,11,MEGEG
IF,MEGEG,48.435258,-71.276511, ,0.0,0.0,0,0,0,0,0,0,1,0
TF,BIBOD,48.335342,-71.278911,0,ITV,0.0,0.0,0.0,0.0,2,2900,0,0,0,0,1,0

APPTR,I11-Z,11,PENLO
IF,PENLO,48.235422,-71.281300, ,0.0,0.0,0,0,0,0,0,0,1,0
TF,BIBOD,48.335342,-71.278911,0,ITV,0.0,0.0,0.0,0.0,2,2900,0,0,0,0,1,0

FINAL,I11-Z,11,I,3
IF,BIBOD,48.335342,-71.278911,ITV,288.1,12.3,2,2900,0,0,0,0,0,0
CF,URNIV,48.333647,-71.129058,0,ITV,288.1,6.3,108.0,6.0,1,2020,0,0,0,0,2,0
CF,RW11,48.332250,-71.016811,0,ITV,288.1,1.8,108.0,4.5,1,568,0,0,0,0,3,0
CF,KAXOM,48.326794,-70.642247,0,YBC,262.2,107.7,108.0,15.0,1,4800,0,0,0,0,0,1
HM,KAXOM,48.326794,-70.642247,2, ,0.0,0.0,108.0,04.3,0,0,0,1,230,0,0,0,0

APPTR,I29-W,29,BAJON
PI,BAJON,48.329850,-70.845806,2,YBC,63.0,10.0,108,5.0,2,3200,0,0,0,0,0,0

FINAL,I29-W,29,I,3
IF,GAGMO,48.325883,-70.596089,IBG,107.1,17.0,2,3200,0,0,0,0,0,0
CF,BAJON,48.329850,-70.845806,0,IBG,107.1,7.0,288.0,10.0,1,2240,0,0,0,0,2,0
CF,RW29,48.331711,-70.975711,0,IBG,107.1,1.8,288.0,5.2,1,566,0,0,0,0,3,1
DF,YBG,48.333933,-71.145917,0, ,0.0,0.0,1,7000,0,0,0,0,0,0
HM,YBG,48.333933,-71.145917,1, ,0.0,0.0,288.0,04.3,0,0,0,0,0,0,0,0,0

APPTR,I29-X,29,IPVIL
IF,IPVIL,48.427953,-70.717844, ,0.0,0.0,0,0,0,1,210,0,1,0
TF,NOXUG,48.328050,-70.721336,0,IBG,0.0,0.0,0.0,0.0,2,2600,0,0,0,0,1,0

APPTR,I29-X,29,ITNOP
IF,ITNOP,48.325628,-70.571525, ,0.0,0.0,0,0,0,0,0,0,1,0
TF,NOXUG,48.328050,-70.721336,0,IBG,0.0,0.0,0.0,0.0,2,2600,0,0,0,0,1,0

APPTR,I29-X,29,VOBUG
IF,VOBUG,48.228144,-70.724811, ,0.0,0.0,0,0,0,1,210,0,1,0
TF,NOXUG,48.328050,-70.721336,0,IBG,0.0,0.0,0.0,0.0,2,2600,0,0,0,0,1,0

FINAL,I29-X,29,I,3
IF,NOXUG,48.328050,-70.721336,IBG,108.1,12.0,2,2600,0,0,0,0,0,0
CF,UMAKU,48.330275,-70.871158,0,IBG,108.1,6.0,288.0,6.0,1,1920,0,0,0,0,2,0
CF,RW29,48.331711,-70.975711,0,IBG,108.1,1.8,288.0,4.2,1,566,0,0,0,0,3,0
CF,MUSAX,48.336081,-71.350339,0,YBC,268.1,133.2,288.0,15.0,1,4800,0,0,0,0,0,1
HM,MUSAX,48.336081,-71.350339,2, ,0.0,0.0,288.0,04.3,0,0,0,1,230,0,0,0,0

APPTR,I29-Y,29,IPVIL
IF,IPVIL,48.427953,-70.717844, ,0.0,0.0,0,0,0,0,0,0,1,0
TF,NOXUG,48.328050,-70.721336,0,IBG,0.0,0.0,0.0,0.0,2,3100,0,1,210,0,1,0

APPTR,I29-Y,29,ITNOP
IF,ITNOP,48.325628,-70.571525, ,0.0,0.0,0,0,0,0,0,0,1,0
TF,NOXUG,48.328050,-70.721336,0,IBG,0.0,0.0,0.0,0.0,2,3100,0,1,210,0,1,0

APPTR,I29-Y,29,VOBUG
IF,VOBUG,48.228144,-70.724811, ,0.0,0.0,0,0,0,0,0,0,1,0
TF,NOXUG,48.328050,-70.721336,0,IBG,0.0,0.0,0.0,0.0,2,3100,0,1,210,0,1,0

FINAL,I29-Y,29,I,3
IF,NOXUG,48.328050,-70.721336,IBG,108.1,12.0,2,3100,0,1,210,0,0,0
CF,UMAKU,48.330275,-70.871158,0,IBG,108.1,6.0,287.0,6.0,1,1920,0,0,0,0,2,0
CF,RW29,48.331711,-70.975711,0,IBG,108.1,1.8,287.0,4.2,1,566,0,0,0,0,3,1
DF,MUSAX,48.336081,-71.350339,0, ,0.0,0.0,1,4800,0,0,0,0,0,1
HM,MUSAX,48.336081,-71.350339,2, ,0.0,0.0,287.0,04,0,0,0,0,0,0,0,0,0

APPTR,I29-Z,29,IPVIL
IF,IPVIL,48.427953,-70.717844, ,0.0,0.0,0,0,0,0,0,0,1,0
TF,NOXUG,48.328050,-70.721336,0,IBG,0.0,0.0,0.0,0.0,2,2600,0,0,0,0,1,0

APPTR,I29-Z,29,ITNOP
IF,ITNOP,48.325628,-70.571525, ,0.0,0.0,0,0,0,0,0,0,1,0
TF,NOXUG,48.328050,-70.721336,0,IBG,0.0,0.0,0.0,0.0,2,2600,0,0,0,0,1,0

APPTR,I29-Z,29,VOBUG
IF,VOBUG,48.228144,-70.724811, ,0.0,0.0,0,0,0,0,0,0,1,0
TF,NOXUG,48.328050,-70.721336,0,IBG,0.0,0.0,0.0,0.0,2,2600,0,0,0,0,1,0

FINAL,I29-Z,29,I,3
IF,NOXUG,48.328050,-70.721336,IBG,108.1,12.0,2,2600,0,0,0,0,0,0
CF,UMAKU,48.330275,-70.871158,0,IBG,108.1,6.0,288.0,6.0,1,1920,0,0,0,0,2,0
CF,RW29,48.331711,-70.975711,0,IBG,108.1,1.8,288.0,4.2,1,566,0,0,0,0,3,0
CF,MUSAX,48.336081,-71.350339,0,YBC,268.1,133.2,288.0,15.0,1,4800,0,0,0,0,0,1
HM,MUSAX,48.336081,-71.350339,2, ,0.0,0.0,288.0,04.3,0,0,0,1,230,0,0,0,0

APPTR,N11,11,YBG
IF,YBG,48.333933,-71.145917, ,0.0,0.0,2,2900,0,0,0,0,0,0
PI,YBG,48.333933,-71.145917,2,YBC,242.0,10.0,287,5.0,2,2900,0,0,0,0,0,0
CF,YBG,48.333933,-71.145917,0,YBC,266.6,125.7,107.0,8.0,2,2210,0,0,0,0,0,0

FINAL,N11,11,N,2
IF,YBG,48.333933,-71.145917,YBG,0.0,0.0,2,2210,0,0,0,0,2,0
CF,RW11,48.332250,-71.016811,0,YBG,0.0,0.0,107.0,5.2,1,568,0,0,0,0,3,0
CA,0,107.0,2,930,0,0,0,0,0,0
DF,YBG,48.333933,-71.145917,1, ,0.0,0.0,1,3200,0,0,0,0,0,0
HM,YBG,48.333933,-71.145917,2, ,0.0,0.0,107.0,04.3,0,0,0,0,0,0,0,0,0

APPTR,R11-X,11,KARAX
IF,KARAX,48.336839,-71.428775, ,0.0,0.0,0,0,0,0,0,0,1,0
TF,BIBOD,48.335342,-71.278911,0, ,0.0,0.0,0.0,0.0,2,2900,0,0,0,0,1,0

APPTR,R11-X,11,MEGEG
IF,MEGEG,48.435258,-71.276511, ,0.0,0.0,0,0,0,1,210,0,1,0
TF,BIBOD,48.335342,-71.278911,0, ,0.0,0.0,0.0,0.0,2,2900,0,0,0,0,1,0

APPTR,R11-X,11,PENLO
IF,PENLO,48.235422,-71.281300, ,0.0,0.0,0,0,0,1,210,0,1,0
TF,BIBOD,48.335342,-71.278911,0, ,0.0,0.0,0.0,0.0,2,2900,0,0,0,0,1,0

FINAL,R11-X,11,R,3
IF,BIBOD,48.335342,-71.278911, ,0.0,0.0,2,2900,0,0,0,0,0,0
TF,URNIV,48.333647,-71.129058,0, ,0.0,0.0,107.0,6.0,2,2000,0,0,0,0,2,0
TF,RW11,48.332250,-71.016811,0, ,0.0,0.0,107.0,4.5,1,568,0,0,0,0,3,1
TF,KAXOM,48.326794,-70.642247,0, ,0.0,0.0,0.0,0.0,1,4800,0,0,0,0,0,1
HM,KAXOM,48.326794,-70.642247,2, ,0.0,0.0,108.0,04.3,0,0,0,1,230,0,0,0,0

APPTR,R11-Y,11,KARAX
IF,KARAX,48.336839,-71.428775, ,0.0,0.0,0,0,0,0,0,0,1,0
TF,BIBOD,48.335342,-71.278911,0, ,0.0,0.0,0.0,0.0,2,3200,0,1,210,0,1,0

APPTR,R11-Y,11,MEGEG
IF,MEGEG,48.435258,-71.276511, ,0.0,0.0,0,0,0,0,0,0,1,0
TF,BIBOD,48.335342,-71.278911,0, ,0.0,0.0,0.0,0.0,2,3200,0,1,210,0,1,0

APPTR,R11-Y,11,PENLO
IF,PENLO,48.235422,-71.281300, ,0.0,0.0,0,0,0,0,0,0,1,0
TF,BIBOD,48.335342,-71.278911,0, ,0.0,0.0,0.0,0.0,2,3200,0,1,210,0,1,0

FINAL,R11-Y,11,R,4
IF,BIBOD,48.335342,-71.278911, ,0.0,0.0,2,3200,0,1,210,0,0,0
TF,URNIV,48.333647,-71.129058,0, ,0.0,0.0,107.0,6.0,2,2000,0,0,0,0,2,0
TF,URTEB,48.332708,-71.056769,0, ,0.0,0.0,107.0,2.9,2,1080,0,0,0,0,0,0
TF,RW11,48.332250,-71.016811,0, ,0.0,0.0,107.0,1.6,1,571,0,0,0,0,3,1
DF,KAXOM,48.326794,-70.642247,0, ,0.0,0.0,1,4800,0,0,0,0,0,1
HM,KAXOM,48.326794,-70.642247,2, ,0.0,0.0,107.0,04,0,0,0,0,0,0,0,0,0

APPTR,R11-Z,11,KARAX
IF,KARAX,48.336839,-71.428775, ,0.0,0.0,0,0,0,0,0,0,1,0
TF,BIBOD,48.335342,-71.278911,0, ,0.0,0.0,0.0,0.0,2,2900,0,0,0,0,1,0

APPTR,R11-Z,11,MEGEG
IF,MEGEG,48.435258,-71.276511, ,0.0,0.0,0,0,0,0,0,0,1,0
TF,BIBOD,48.335342,-71.278911,0, ,0.0,0.0,0.0,0.0,2,2900,0,0,0,0,1,0

APPTR,R11-Z,11,PENLO
IF,PENLO,48.235422,-71.281300, ,0.0,0.0,0,0,0,0,0,0,1,0
TF,BIBOD,48.335342,-71.278911,0, ,0.0,0.0,0.0,0.0,2,2900,0,0,0,0,1,0

FINAL,R11-Z,11,R,4
IF,BIBOD,48.335342,-71.278911, ,0.0,0.0,2,2900,0,0,0,0,0,0
TF,URNIV,48.333647,-71.129058,0, ,0.0,0.0,107.0,6.0,2,2000,0,0,0,0,2,0
TF,URTEB,48.332708,-71.056769,0, ,0.0,0.0,107.0,2.9,2,1080,0,0,0,0,0,0
TF,RW11,48.332250,-71.016811,0, ,0.0,0.0,107.0,1.6,1,568,0,0,0,0,3,1
TF,KAXOM,48.326794,-70.642247,0, ,0.0,0.0,0.0,0.0,1,4800,0,0,0,0,0,1
HM,KAXOM,48.326794,-70.642247,2, ,0.0,0.0,108.0,04.3,0,0,0,1,230,0,0,0,0

APPTR,R18,18,IKDIM
IF,IKDIM,48.604528,-71.121006, ,0.0,0.0,0,0,0,0,0,0,1,0
TF,RODPA,48.525072,-71.083453,0, ,0.0,0.0,0.0,0.0,2,2400,0,1,210,0,1,0

APPTR,R18,18,KATEM
IF,KATEM,48.554864,-70.939817, ,0.0,0.0,0,0,0,0,0,0,1,0
TF,RODPA,48.525072,-71.083453,0, ,0.0,0.0,0.0,0.0,2,2400,0,1,210,0,1,0

APPTR,R18,18,LEVAR
IF,LEVAR,48.495103,-71.226922, ,0.0,0.0,0,0,0,0,0,0,1,0
TF,RODPA,48.525072,-71.083453,0, ,0.0,0.0,0.0,0.0,2,2400,0,1,210,0,1,0

FINAL,R18,18,R,3
IF,RODPA,48.525072,-71.083453, ,0.0,0.0,2,2400,0,1,210,0,0,0
TF,PENSA,48.429711,-71.038547,0, ,0.0,0.0,179.0,6.0,2,2400,0,0,0,0,2,0
TF,RW18,48.338358,-70.995697,0, ,0.0,0.0,179.0,5.7,1,570,0,0,0,0,3,1
CA,0,179.0,2,1900,0,0,0,0,0,0
DF,KATEM,48.554864,-70.939817,1, ,0.0,0.0,1,4800,0,0,0,0,0,1
HM,KATEM,48.554864,-70.939817,2, ,0.0,0.0,269.0,04,0,0,0,0,0,0,0,0,0

APPTR,R29-X,29,IPVIL
IF,IPVIL,48.427953,-70.717844, ,0.0,0.0,0,0,0,1,210,0,1,0
TF,NOXUG,48.328050,-70.721336,0, ,0.0,0.0,0.0,0.0,2,2600,0,0,0,0,1,0

APPTR,R29-X,29,ITNOP
IF,ITNOP,48.325628,-70.571525, ,0.0,0.0,0,0,0,0,0,0,1,0
TF,NOXUG,48.328050,-70.721336,0, ,0.0,0.0,0.0,0.0,2,2600,0,0,0,0,1,0

APPTR,R29-X,29,VOBUG
IF,VOBUG,48.228144,-70.724811, ,0.0,0.0,0,0,0,1,210,0,1,0
TF,NOXUG,48.328050,-70.721336,0, ,0.0,0.0,0.0,0.0,2,2600,0,0,0,0,1,0

FINAL,R29-X,29,R,3
IF,NOXUG,48.328050,-70.721336, ,0.0,0.0,2,2600,0,0,0,0,0,0
TF,UMAKU,48.330275,-70.871158,0, ,0.0,0.0,288.0,6.0,2,1900,0,0,0,0,2,0
TF,RW29,48.331711,-70.975711,0, ,0.0,0.0,288.0,4.2,1,566,0,0,0,0,3,1
TF,MUSAX,48.336081,-71.350339,0, ,0.0,0.0,0.0,0.0,1,4800,0,0,0,0,0,1
HM,MUSAX,48.336081,-71.350339,2, ,0.0,0.0,288.0,04.3,0,0,0,1,230,0,0,0,0

APPTR,R29-Y,29,IPVIL
IF,IPVIL,48.427953,-70.717844, ,0.0,0.0,0,0,0,0,0,0,1,0
TF,NOXUG,48.328050,-70.721336,0, ,0.0,0.0,0.0,0.0,2,3100,0,1,210,0,1,0

APPTR,R29-Y,29,ITNOP
IF,ITNOP,48.325628,-70.571525, ,0.0,0.0,0,0,0,0,0,0,1,0
TF,NOXUG,48.328050,-70.721336,0, ,0.0,0.0,0.0,0.0,2,3100,0,1,210,0,1,0

APPTR,R29-Y,29,VOBUG
IF,VOBUG,48.228144,-70.724811, ,0.0,0.0,0,0,0,0,0,0,1,0
TF,NOXUG,48.328050,-70.721336,0, ,0.0,0.0,0.0,0.0,2,3100,0,1,210,0,1,0

FINAL,R29-Y,29,R,3
IF,NOXUG,48.328050,-70.721336, ,0.0,0.0,2,3100,0,1,210,0,0,0
TF,UMAKU,48.330275,-70.871158,0, ,0.0,0.0,287.0,6.0,2,1900,0,0,0,0,2,0
TF,RW29,48.331711,-70.975711,0, ,0.0,0.0,287.0,4.2,1,566,0,0,0,0,3,1
DF,MUSAX,48.336081,-71.350339,0, ,0.0,0.0,1,4800,0,0,0,0,0,1
HM,MUSAX,48.336081,-71.350339,2, ,0.0,0.0,287.0,04,0,0,0,0,0,0,0,0,0

APPTR,R29-Z,29,IPVIL
IF,IPVIL,48.427953,-70.717844, ,0.0,0.0,0,0,0,0,0,0,1,0
TF,NOXUG,48.328050,-70.721336,0, ,0.0,0.0,0.0,0.0,2,2600,0,0,0,0,1,0

APPTR,R29-Z,29,ITNOP
IF,ITNOP,48.325628,-70.571525, ,0.0,0.0,0,0,0,0,0,0,1,0
TF,NOXUG,48.328050,-70.721336,0, ,0.0,0.0,0.0,0.0,2,2600,0,0,0,0,1,0

APPTR,R29-Z,29,VOBUG
IF,VOBUG,48.228144,-70.724811, ,0.0,0.0,0,0,0,0,0,0,1,0
TF,NOXUG,48.328050,-70.721336,0, ,0.0,0.0,0.0,0.0,2,2600,0,0,0,0,1,0

FINAL,R29-Z,29,R,3
IF,NOXUG,48.328050,-70.721336, ,0.0,0.0,2,2600,0,0,0,0,0,0
TF,UMAKU,48.330275,-70.871158,0, ,0.0,0.0,288.0,6.0,2,1900,0,0,0,0,2,0
TF,RW29,48.331711,-70.975711,0, ,0.0,0.0,288.0,4.2,1,566,0,0,0,0,3,1
TF,MUSAX,48.336081,-71.350339,0, ,0.0,0.0,0.0,0.0,1,4800,0,0,0,0,0,1
HM,MUSAX,48.336081,-71.350339,2, ,0.0,0.0,288.0,04.3,0,0,0,1,230,0,0,0,0

APPTR,R36,36,GOXIB
IF,GOXIB,48.111131,-71.046114, ,0.0,0.0,0,0,0,0,0,0,1,0
TF,IRKIR,48.140886,-70.903617,0, ,0.0,0.0,0.0,0.0,2,3300,0,1,210,0,1,0

APPTR,R36,36,IGVEM
IF,IGVEM,48.170464,-70.760953, ,0.0,0.0,0,0,0,0,0,0,1,0
TF,IRKIR,48.140886,-70.903617,0, ,0.0,0.0,0.0,0.0,2,3300,0,1,210,0,1,0

APPTR,R36,36,KEGNA
IF,KEGNA,48.061356,-70.866742, ,0.0,0.0,0,0,0,0,0,0,1,0
TF,IRKIR,48.140886,-70.903617,0, ,0.0,0.0,0.0,0.0,2,3300,0,1,210,0,1,0

FINAL,R36,36,R,4
IF,IRKIR,48.140886,-70.903617, ,0.0,0.0,2,3300,0,1,210,0,0,0
TF,NOVUD,48.236308,-70.948017,0, ,0.0,0.0,359.0,6.0,2,2300,0,0,0,0,2,0
TF,KEDNU,48.284425,-70.970472,0, ,0.0,0.0,359.0,3.0,2,1340,0,0,0,0,0,0
TF,RW36,48.322583,-70.988314,0, ,0.0,0.0,359.0,2.4,1,572,0,0,0,0,3,1
CA,0,359.0,2,1900,0,0,0,0,0,0
DF,IGVEM,48.170464,-70.760953,2, ,0.0,0.0,1,4800,0,0,0,0,0,1
HM,IGVEM,48.170464,-70.760953,2, ,0.0,0.0,269.0,04,0,0,0,0,0,0,0,0,0

APPTR,T11,11,ROSVA
IF,ROSVA,48.373014,-71.415406, ,0.0,0.0,0,0,0,0,0,0,1,0
CF,CT11,48.360372,-71.291878,0,UBG,294.0,12.0,117.0,5.0,2,2200,0,0,0,0,1,0

FINAL,T11,11,D,4
IF,CT11,48.360372,-71.291878,UBG,294.0,12.0,2,2200,0,0,0,0,0,0
CF,ADVEG,48.345025,-71.143728,0,UBG,294.0,6.0,117.0,6.0,2,2200,0,0,0,0,2,0
CF,40TAC,48.339867,-71.094364,0,UBG,294.0,4.0,117.0,2.0,2,1560,0,0,0,0,0,0
CF,MT11,48.332611,-71.025269,0,UBG,294.0,1.2,117.0,2.8,1,679,0,0,0,0,3,1
DF,D114X,48.265433,-70.404331,0, ,0.0,0.0,1,4800,0,0,0,0,0,0
HM,D114X,48.265433,-70.404331,2, ,0.0,0.0,114.0,10,0,0,0,0,0,0,0,0,0

APPTR,T18,18,BOLO
IF,BOLO,48.610500,-71.047697, ,0.0,0.0,0,0,0,0,0,0,1,0
CF,CT18,48.527853,-71.032336,0,UBG,8.0,12.0,191.0,5.0,2,2400,0,0,0,0,1,0

FINAL,T18,18,D,3
IF,CT18,48.527853,-71.032336,UBG,8.0,12.0,2,2400,0,0,0,0,0,0
CF,AGAPY,48.428672,-71.013964,0,UBG,8.0,6.0,191.0,6.0,2,2320,0,0,0,0,2,0
CF,MT18,48.346019,-70.998711,0,UBG,8.0,1.0,191.0,5.0,1,721,0,0,0,0,3,1
DF,D188X,47.932703,-70.923172,0, ,0.0,0.0,1,4800,0,0,0,0,0,0
HM,D188X,47.932703,-70.923172,2, ,0.0,0.0,188.0,10,0,0,0,0,0,0,0,0,0

APPTR,T29,29,ECHO
IF,ECHO,48.358308,-70.573142, ,0.0,0.0,0,0,0,0,0,0,1,0
CF,CF29,48.349992,-70.697464,0,UBG,99.0,12.0,282.0,5.0,2,2400,0,0,0,0,1,0

FINAL,T29,29,D,3
IF,CF29,48.349992,-70.697464,UBG,99.0,12.0,2,2400,0,0,0,0,0,0
CF,HEADD,48.339836,-70.846594,0,UBG,99.0,6.0,282.0,6.0,2,2190,0,0,0,0,2,0
CF,MA29,48.331919,-70.960886,0,UBG,99.0,1.4,282.0,4.6,1,751,0,0,0,0,3,1
CF,D279X,48.286161,-71.591331,0,UBG,279.0,24.0,279.0,25.4,1,4800,0,0,0,0,0,0
HM,D279X,48.286161,-71.591331,2, ,0.0,0.0,279.0,10,0,0,0,0,0,0,0,0,0

APPTR,T36,36,BORUP
IF,BORUP,48.277972,-70.603769, ,0.0,0.0,0,0,0,0,0,0,1,0
AF,D160P,48.110964,-70.767419,2,UBG,160.0,16.0,116.0,2,3300,0,0,0,0,0,1
CF,NANVU,48.165639,-70.824300,0,UBG,160.0,12.0,343.0,4.0,2,3300,0,0,0,0,1,0

FINAL,T36,36,D,4
IF,NANVU,48.165639,-70.824300,UBG,160.0,12.0,2,3300,0,0,0,0,0,0
CF,XORVA,48.247594,-70.909844,0,UBG,160.0,6.0,343.0,6.0,2,2320,0,0,0,0,2,0
CF,30TAC,48.288550,-70.952722,0,UBG,160.0,3.0,343.0,3.0,2,1370,0,0,0,0,0,0
CF,MA36,48.315844,-70.981342,0,UBG,160.0,1.0,343.0,2.0,1,729,0,0,0,0,3,1
CA,0,340.0,2,2000,0,0,0,0,0,0
DF,BORUP,48.277972,-70.603769,2, ,0.0,0.0,1,4800,0,0,0,0,0,0
HM,BORUP,48.277972,-70.603769,2, ,0.0,0.0,296.0,10,0,0,0,0,0,0,0,0,0

