SID,ETMIN1,08,5
DF,ETMIN,49.906753,-99.793892,0, ,0.0,0.0,0,0,0,1,230,0,0,0

SID,ETMIN1,EPVIV,6
IF,ETMIN,49.906753,-99.793892, ,0.0,0.0,0,0,0,1,230,0,0,0
TF,VIXOB,49.797678,-99.795375,0, ,0.0,0.0,0.0,0.0,0,0,0,1,230,0,0,0
TF,UMEXO,49.745508,-99.796083,0, ,0.0,0.0,0.0,0.0,0,0,0,0,0,0,0,0
TF,EPVIV,49.416667,-99.666667,0, ,0.0,0.0,0.0,0.0,2,5000,0,0,0,0,0,0

SID,ETMIN1,LEVIK,6
IF,ETMIN,49.906753,-99.793892, ,0.0,0.0,0,0,0,1,230,0,0,0
TF,VIXOB,49.797678,-99.795375,0, ,0.0,0.0,0.0,0.0,0,0,0,1,230,0,0,0
TF,AXASI,49.797028,-100.287122,0, ,0.0,0.0,0.0,0.0,0,0,0,0,0,0,0,0
TF,LEVIK,49.679167,-100.495000,0, ,0.0,0.0,0.0,0.0,0,0,0,0,0,0,0,0

SID,ETMIN1,NOVUK,6
IF,ETMIN,49.906753,-99.793892, ,0.0,0.0,0,0,0,1,230,0,0,0
TF,VITUK,50.015831,-99.792397,0, ,0.0,0.0,0.0,0.0,0,0,0,0,0,0,0,0
TF,LIBIP,50.051797,-100.449358,0, ,0.0,0.0,0.0,0.0,0,0,0,0,0,0,0,0
TF,NOVUK,50.170833,-100.798056,0, ,0.0,0.0,0.0,0.0,0,0,0,0,0,0,0,0

SID,ETMIN1,VISUR,6
IF,ETMIN,49.906753,-99.793892, ,0.0,0.0,0,0,0,1,230,0,0,0
TF,VISUR,49.975836,-99.472164,0, ,0.0,0.0,0.0,0.0,2,5000,0,0,0,0,0,0

SID,IKLAM1,26,5
DF,IKLAM,49.908108,-100.105125,0, ,0.0,0.0,0,0,0,1,230,0,0,0

SID,IKLAM1,EPVIV,6
IF,IKLAM,49.908108,-100.105125, ,0.0,0.0,0,0,0,1,230,0,0,0
TF,VOKUG,49.804250,-100.105872,0, ,0.0,0.0,0.0,0.0,0,0,0,0,0,0,0,0
TF,UMEXO,49.745508,-99.796083,0, ,0.0,0.0,0.0,0.0,0,0,0,0,0,0,0,0
TF,EPVIV,49.416667,-99.666667,0, ,0.0,0.0,0.0,0.0,2,5000,0,0,0,0,0,0

SID,IKLAM1,LEVIK,6
IF,IKLAM,49.908108,-100.105125, ,0.0,0.0,0,0,0,1,230,0,0,0
TF,AXASI,49.797028,-100.287122,0, ,0.0,0.0,0.0,0.0,0,0,0,0,0,0,0,0
TF,LEVIK,49.679167,-100.495000,0, ,0.0,0.0,0.0,0.0,0,0,0,0,0,0,0,0

SID,IKLAM1,NOVUK,6
IF,IKLAM,49.908108,-100.105125, ,0.0,0.0,0,0,0,1,230,0,0,0
TF,LIBIP,50.051797,-100.449358,0, ,0.0,0.0,0.0,0.0,0,0,0,0,0,0,0,0
TF,NOVUK,50.170833,-100.798056,0, ,0.0,0.0,0.0,0.0,0,0,0,0,0,0,0,0

SID,IKLAM1,VISUR,6
IF,IKLAM,49.908108,-100.105125, ,0.0,0.0,0,0,0,1,230,0,0,0
TF,PEKTI,50.011964,-100.104375,0, ,0.0,0.0,0.0,0.0,0,0,0,1,230,0,0,0
TF,EPVAM,50.011358,-99.941600,0, ,0.0,0.0,0.0,0.0,0,0,0,0,0,0,0,0
TF,VISUR,49.975836,-99.472164,0, ,0.0,0.0,0.0,0.0,2,5000,0,0,0,0,0,0

STAR,EPVIV1,ALL,5
IF,EPVIV,49.416667,-99.666667, ,0.0,0.0,0,0,0,0,0,0,0,0
TF,MEGAK,49.749139,-99.815083,0, ,0.0,0.0,0.0,0.0,0,0,0,0,0,0,0,0

STAR,EPVIV1,08,6
IF,MEGAK,49.749139,-99.815083, ,0.0,0.0,0,0,0,0,0,0,0,0
TF,TUBIV,49.825022,-100.226800,0, ,0.0,0.0,0.0,0.0,2,3000,0,1,210,0,0,0

STAR,EPVIV1,26,6
IF,MEGAK,49.749139,-99.815083, ,0.0,0.0,0,0,0,0,0,0,0,0
TF,ANAPU,49.823100,-99.707936,0, ,0.0,0.0,0.0,0.0,2,4000,0,1,210,0,0,0

STAR,KEPKO1,ALL,5
IF,KEPKO,50.071589,-100.826183, ,0.0,0.0,0,0,0,0,0,0,0,0

STAR,KEPKO1,08,6
IF,KEPKO,50.071589,-100.826183, ,0.0,0.0,0,0,0,0,0,0,0,0
TF,KAXEG,49.908275,-100.226508,0, ,0.0,0.0,0.0,0.0,0,0,0,1,200,0,0,0

STAR,KEPKO1,26,6
IF,KEPKO,50.071589,-100.826183, ,0.0,0.0,0,0,0,0,0,0,0,0
TF,ILUSU,50.002461,-99.905072,0, ,0.0,0.0,0.0,0.0,1,6000,0,1,210,0,0,0
TF,SAXIG,49.989597,-99.705564,0, ,0.0,0.0,0.0,0.0,0,0,0,0,0,0,0,0
FM,SAXIG,49.989597,-99.705564,0,YYL,0.0,0.0,85.0,0,0,0,0,0,0,0,0

STAR,TALOP3,ALL,5
IF,TALOP,49.987681,-99.465906, ,0.0,0.0,0,0,0,0,0,0,0,0

STAR,TALOP3,08,6
IF,TALOP,49.987681,-99.465906, ,0.0,0.0,0,0,0,0,0,0,0,0
TF,OMEBI,49.990933,-99.983342,0, ,0.0,0.0,0.0,0.0,1,6000,0,1,210,0,0,0
TF,NUDUT,49.991528,-100.226214,0, ,0.0,0.0,0.0,0.0,2,3000,0,0,0,0,0,0
FM,NUDUT,49.991528,-100.226214,0,YYL,0.0,0.0,265.0,0,0,0,0,0,0,0,0

STAR,TALOP3,26,6
IF,TALOP,49.987681,-99.465906, ,0.0,0.0,0,0,0,0,0,0,0,0
TF,TANBA,49.906350,-99.706750,0, ,0.0,0.0,0.0,0.0,2,3000,0,1,200,0,0,0

APPTR,I08,08,NUDUT
IF,NUDUT,49.991528,-100.226214, ,0.0,0.0,0,0,0,1,210,0,1,0
TF,KAXEG,49.908275,-100.226508,0,IBR,0.0,0.0,0.0,0.0,2,3000,0,1,200,0,1,0

APPTR,I08,08,TUBIV
IF,TUBIV,49.825022,-100.226800, ,0.0,0.0,0,0,0,1,210,0,1,0
TF,KAXEG,49.908275,-100.226508,0,IBR,0.0,0.0,0.0,0.0,2,3000,0,1,200,0,1,0

FINAL,I08,08,I,3
IF,KAXEG,49.908275,-100.226508,IBR,264.4,11.3,2,3000,0,1,200,0,1,0
CF,VOKAL,49.907919,-100.062861,0,IBR,264.4,4.9,85.0,6.3,1,2600,0,0,0,0,2,0
CF,RW08,49.907603,-99.966475,0,IBR,264.4,1.2,85.0,3.7,1,1397,0,0,0,0,3,0
TF,TUGIL,49.907044,-99.835656,0, ,0.0,0.0,0.0,0.0,1,3000,0,0,0,0,0,1
HM,TUGIL,49.907044,-99.835656,2, ,0.0,0.0,85.0,04.3,0,0,0,1,230,0,0,0,0

APPTR,R08-Y,08,KAXEG
IF,KAXEG,49.908275,-100.226508, ,0.0,0.0,2,3000,0,1,200,0,1,0
TF,UKMON,49.907944,-100.071814,0, ,0.0,0.0,0.0,0.0,2,2700,0,0,0,0,0,0

APPTR,R08-Y,08,OMEBI
IF,OMEBI,49.990933,-99.983342, ,0.0,0.0,1,6000,0,1,210,0,1,0
TF,KITAR,49.991197,-100.071272,0, ,0.0,0.0,0.0,0.0,2,5000,0,1,200,0,0,0
RF,UKMON,49.907944,-100.071814,1,ARC01,353.3,2.5,2,2700,0,0,0,0,0,0

FINAL,R08-Y,08,R,2
IF,UKMON,49.907944,-100.071814, ,0.0,0.0,2,2700,0,0,0,0,2,0
TF,RW08,49.907603,-99.966475,0, ,0.0,0.0,85.0,4.1,1,1399,0,0,0,0,3,1
TF,TUGIL,49.907044,-99.835656,0, ,0.0,0.0,0.0,0.0,1,3000,0,0,0,0,0,1
HM,TUGIL,49.907044,-99.835656,2, ,0.0,0.0,85.0,04.3,0,0,0,1,230,0,0,0,0

APPTR,R08-Z,08,NUDUT
IF,NUDUT,49.991528,-100.226214, ,0.0,0.0,2,3000,0,1,210,0,1,0
TF,KAXEG,49.908275,-100.226508,0, ,0.0,0.0,0.0,0.0,2,3000,0,1,200,0,1,0

APPTR,R08-Z,08,TUBIV
IF,TUBIV,49.825022,-100.226800, ,0.0,0.0,2,3000,0,1,210,0,1,0
TF,KAXEG,49.908275,-100.226508,0, ,0.0,0.0,0.0,0.0,2,3000,0,1,200,0,1,0

FINAL,R08-Z,08,R,3
IF,KAXEG,49.908275,-100.226508, ,0.0,0.0,2,3000,0,1,200,0,0,0
TF,UKMON,49.907944,-100.071814,0, ,0.0,0.0,84.0,6.0,2,2700,0,0,0,0,2,0
TF,RW08,49.907603,-99.966475,0, ,0.0,0.0,85.0,4.1,1,1399,0,0,0,0,3,1
TF,TUGIL,49.907044,-99.835656,0, ,0.0,0.0,0.0,0.0,1,3000,0,0,0,0,0,1
HM,TUGIL,49.907044,-99.835656,2, ,0.0,0.0,85.0,04.3,0,0,0,1,230,0,0,0,0

APPTR,R26-Y,26,ILUSU
IF,ILUSU,50.002461,-99.905072, ,0.0,0.0,1,6000,0,1,210,0,1,0
TF,RIDIL,49.989114,-99.819897,0, ,0.0,0.0,0.0,0.0,2,5000,0,1,200,0,0,0
RF,TUGIL,49.907044,-99.835656,2,ARC02,84.6,2.5,2,2700,0,0,0,0,0,0

APPTR,R26-Y,26,TANBA
IF,TANBA,49.906350,-99.706750, ,0.0,0.0,2,3000,0,1,200,0,1,0
TF,TUGIL,49.907044,-99.835656,0, ,0.0,0.0,0.0,0.0,2,2700,0,0,0,0,0,0

FINAL,R26-Y,26,R,2
IF,TUGIL,49.907044,-99.835656, ,0.0,0.0,2,2700,0,0,0,0,2,0
TF,RW26,49.907497,-99.938872,0, ,0.0,0.0,265.0,4.0,1,1382,0,0,0,0,3,1
TF,UKMON,49.907944,-100.071814,0, ,0.0,0.0,0.0,0.0,1,3000,0,0,0,0,0,1
HM,UKMON,49.907944,-100.071814,1, ,0.0,0.0,265.0,04.3,0,0,0,1,230,0,0,0,0

APPTR,R26-Z,26,ANAPU
IF,ANAPU,49.823100,-99.707936, ,0.0,0.0,2,4000,0,1,210,0,1,0
TF,TANBA,49.906350,-99.706750,0, ,0.0,0.0,0.0,0.0,2,4000,0,1,200,0,1,0

APPTR,R26-Z,26,SAXIG
IF,SAXIG,49.989597,-99.705564, ,0.0,0.0,0,0,0,1,210,0,1,0
TF,TANBA,49.906350,-99.706750,0, ,0.0,0.0,0.0,0.0,2,3000,0,1,200,0,1,0

FINAL,R26-Z,26,R,3
IF,TANBA,49.906350,-99.706750, ,0.0,0.0,2,3000,0,1,200,0,1,0
TF,TUGIL,49.907044,-99.835656,0, ,0.0,0.0,265.0,5.0,2,2700,0,0,0,0,2,0
TF,RW26,49.907497,-99.938872,0, ,0.0,0.0,265.0,4.0,1,1382,0,0,0,0,3,1
TF,UKMON,49.907944,-100.071814,0, ,0.0,0.0,0.0,0.0,1,3000,0,0,0,0,0,1
HM,UKMON,49.907944,-100.071814,1, ,0.0,0.0,265.0,04.3,0,0,0,1,230,0,0,0,0

