APPTR,R10,10,ADSIV
IF,ADSIV,45.172500,-74.873944, ,0.0,0.0,0,0,0,0,0,0,1,0
TF,KAPIX,45.107600,-74.800114,0, ,0.0,0.0,0.0,0.0,2,1800,0,0,0,0,1,0

APPTR,R10,10,DASAT
IF,DASAT,45.055339,-74.891717, ,0.0,0.0,0,0,0,0,0,0,1,0
TF,KAPIX,45.107600,-74.800114,0, ,0.0,0.0,0.0,0.0,2,1800,0,0,0,0,1,0

FINAL,R10,10,R,3
IF,KAPIX,45.107600,-74.800114, ,0.0,0.0,2,1800,0,0,0,0,0,0
TF,GOVAK,45.098556,-74.683156,0, ,0.0,0.0,111.0,5.0,2,1700,0,0,0,0,2,0
TF,IGVIR,45.090972,-74.586239,0, ,0.0,0.0,111.0,4.1,1,374,0,0,0,0,3,1
DF,ADSIV,45.172500,-74.873944,1, ,0.0,0.0,1,3000,0,0,0,0,0,1
HM,ADSIV,45.172500,-74.873944,2, ,0.0,0.0,156.0,04,0,0,0,0,0,0,0,0,0

APPTR,R28,28,NOTIL
IF,NOTIL,45.030483,-74.335331, ,0.0,0.0,0,0,0,0,0,0,1,0
TF,URLIB,45.113097,-74.350650,0, ,0.0,0.0,0.0,0.0,2,2200,0,0,0,0,1,0

FINAL,R28,28,R,3
IF,URLIB,45.113097,-74.350650, ,0.0,0.0,2,2200,0,0,0,0,0,0
TF,SEMTA,45.102175,-74.467297,0, ,0.0,0.0,277.0,5.0,2,1500,0,0,0,0,2,0
TF,RW28,45.093303,-74.561111,0, ,0.0,0.0,277.0,4.0,1,219,0,0,0,0,3,1
CA,0,277.0,2,580,0,0,0,0,0,0
DF,PUXAV,45.182903,-74.728103,0, ,0.0,0.0,1,3000,0,0,0,0,0,1
HM,PUXAV,45.182903,-74.728103,2, ,0.0,0.0,331.0,04,0,0,0,0,0,0,0,0,0

