APPTR,R02,02,ETLOG
IF,ETLOG,45.708461,-82.020092, ,0.0,0.0,0,0,0,1,210,0,1,0
TF,XIKOT,45.691128,-81.903792,0, ,0.0,0.0,0.0,0.0,2,2200,0,1,180,0,1,0

APPTR,R02,02,GUDOX
IF,GUDOX,45.673678,-81.787567, ,0.0,0.0,0,0,0,1,210,0,1,0
TF,XIKOT,45.691128,-81.903792,0, ,0.0,0.0,0.0,0.0,2,2200,0,1,180,0,1,0

FINAL,R02,02,R,3
IF,XIKOT,45.691128,-81.903792, ,0.0,0.0,2,2200,0,1,180,0,1,0
TF,DAXOR,45.772606,-81.878942,0, ,0.0,0.0,21.0,5.0,2,2200,0,0,0,0,2,0
TF,RW02,45.837781,-81.859006,0, ,0.0,0.0,21.0,4.0,1,901,0,0,0,0,3,1
TF,XESIP,45.976264,-81.816492,0, ,0.0,0.0,0.0,0.0,1,2300,0,0,0,0,0,1
HM,XESIP,45.976264,-81.816492,2, ,0.0,0.0,21.0,04,0,0,0,0,0,0,0,0,0

APPTR,R20,20,KIXIB
IF,KIXIB,46.011214,-81.927997, ,0.0,0.0,0,0,0,1,210,0,1,0
TF,BOPOM,45.993786,-81.811097,0, ,0.0,0.0,0.0,0.0,2,2200,0,1,180,0,1,0

APPTR,R20,20,RERUK
IF,RERUK,45.976242,-81.694269, ,0.0,0.0,0,0,0,1,210,0,1,0
TF,BOPOM,45.993786,-81.811097,0, ,0.0,0.0,0.0,0.0,2,2200,0,1,180,0,1,0

FINAL,R20,20,R,3
IF,BOPOM,45.993786,-81.811097, ,0.0,0.0,2,2200,0,1,180,0,1,0
TF,IGVOG,45.912331,-81.836147,0, ,0.0,0.0,201.0,5.0,2,2200,0,0,0,0,2,0
TF,RW20,45.847158,-81.856133,0, ,0.0,0.0,201.0,4.0,1,920,0,0,0,0,3,1
TF,PEMPI,45.765689,-81.881053,0, ,0.0,0.0,0.0,0.0,1,2600,0,0,0,0,0,1
HM,PEMPI,45.765689,-81.881053,1, ,0.0,0.0,201.0,04,0,0,0,0,0,0,0,0,0

