APPTR,R15,15,AGBUB
IF,AGBUB,50.803303,-96.991211, ,0.0,0.0,0,0,0,1,210,0,1,0
TF,BOMEV,50.774194,-97.141953,0, ,0.0,0.0,0.0,0.0,2,2100,0,1,180,0,1,0

APPTR,R15,15,AVTAN
IF,AVTAN,50.857433,-97.141956, ,0.0,0.0,0,0,0,1,210,0,1,0
TF,BOMEV,50.774194,-97.141953,0, ,0.0,0.0,0.0,0.0,2,2100,0,1,180,0,1,0

FINAL,R15,15,R,3
IF,BOMEV,50.774194,-97.141953, ,0.0,0.0,2,2100,0,1,180,0,1,0
TF,DUDLI,50.694583,-97.103631,0, ,0.0,0.0,160.0,5.0,2,2100,0,0,0,0,2,0
TF,RW15,50.636119,-97.050625,0, ,0.0,0.0,147.0,4.1,1,802,0,0,0,0,3,1
VA,0,147.0,2,1200,0,0,0,0,0,0
DF,EBGIG,50.579531,-96.861153,0, ,0.0,0.0,1,2500,0,1,200,0,0,1
HM,EBGIG,50.579531,-96.861153,1, ,0.0,0.0,97.0,04.3,0,0,0,0,0,0,0,0,0

APPTR,R33,33,ROGVO
IF,ROGVO,50.500172,-96.808961, ,0.0,0.0,1,2500,0,1,210,0,1,0
TF,EPTUC,50.497294,-96.952453,0, ,0.0,0.0,0.0,0.0,3,2500,0,1,180,0,1,0

FINAL,R33,33,R,3
IF,EPTUC,50.497294,-96.952453, ,0.0,0.0,2,2100,0,1,180,0,1,0
TF,PEMTU,50.561025,-96.982767,0, ,0.0,0.0,340.0,4.0,2,2100,0,0,0,0,2,0
TF,RW33,50.619972,-97.036011,0, ,0.0,0.0,327.0,4.1,1,792,0,0,0,0,3,1
VA,0,327.0,2,1200,0,0,0,0,0,0
DF,NUBIG,50.753158,-97.035717,0, ,0.0,0.0,1,2500,0,1,200,0,0,1
HM,NUBIG,50.753158,-97.035717,2, ,0.0,0.0,12.0,04.3,0,0,0,0,0,0,0,0,0

