APPTR,R06,06,DERBA
IF,DERBA,52.663867,-102.523014, ,0.0,0.0,0,0,0,1,210,0,1,0
TF,VILKU,52.749858,-102.582181,0, ,0.0,0.0,0.0,0.0,2,2900,0,1,180,0,1,0

APPTR,R06,06,TEXEM
IF,TEXEM,52.835819,-102.641581, ,0.0,0.0,0,0,0,1,210,0,1,0
TF,VILKU,52.749858,-102.582181,0, ,0.0,0.0,0.0,0.0,2,2900,0,1,180,0,1,0

APPTR,R06,06,VILKU
HF,VILKU,52.749858,-102.582181,2, ,0.0,0.0,60.0,04,2,2900,0,0,0,0,1,0,0

FINAL,R06,06,R,3
IF,VILKU,52.749858,-102.582181, ,0.0,0.0,2,2900,0,1,180,0,0,0
TF,ULBOG,52.781908,-102.455581,0, ,0.0,0.0,60.0,5.0,2,2900,0,0,0,0,2,0
TF,RW06,52.815617,-102.321650,0, ,0.0,0.0,60.0,5.3,1,1228,0,0,0,0,3,1
TF,MUTEL,52.860058,-102.143822,0, ,0.0,0.0,0.0,0.0,1,2500,0,0,0,0,0,1
HM,MUTEL,52.860058,-102.143822,2, ,0.0,0.0,60.0,04.3,0,0,0,0,0,0,0,0,0

APPTR,R24,24,ALKOD
IF,ALKOD,52.799894,-101.980464, ,0.0,0.0,0,0,0,1,210,0,1,0
TF,UBVAM,52.886153,-102.038739,0, ,0.0,0.0,0.0,0.0,2,2900,0,1,180,0,1,0

APPTR,R24,24,ANIBO
IF,ANIBO,52.972381,-102.097250, ,0.0,0.0,0,0,0,1,210,0,1,0
TF,UBVAM,52.886153,-102.038739,0, ,0.0,0.0,0.0,0.0,2,2900,0,1,180,0,1,0

APPTR,R24,24,UBVAM
HF,UBVAM,52.886153,-102.038739,2, ,0.0,0.0,240.0,04,2,2900,0,0,0,0,1,0,0

FINAL,R24,24,R,3
IF,UBVAM,52.886153,-102.038739, ,0.0,0.0,2,2900,0,1,180,0,0,0
TF,IKMEV,52.854547,-102.165950,0, ,0.0,0.0,240.0,5.0,2,2900,0,0,0,0,2,0
TF,RW24,52.820856,-102.300761,0, ,0.0,0.0,240.0,5.3,1,1220,0,0,0,0,3,1
TF,KERLU,52.776178,-102.478267,0, ,0.0,0.0,0.0,0.0,1,2600,0,0,0,0,0,1
HM,KERLU,52.776178,-102.478267,2, ,0.0,0.0,240.0,04.3,0,0,0,0,0,0,0,0,0

