APPTR,R04,04,KANEG
IF,KANEG,48.588425,-91.702961, ,0.0,0.0,0,0,0,1,210,0,1,0
TF,GUDIX,48.640550,-91.800900,0, ,0.0,0.0,0.0,0.0,2,2900,0,1,180,0,1,0

APPTR,R04,04,LENIP
IF,LENIP,48.692592,-91.899039, ,0.0,0.0,0,0,0,1,210,0,1,0
TF,GUDIX,48.640550,-91.800900,0, ,0.0,0.0,0.0,0.0,2,2900,0,1,180,0,1,0

FINAL,R04,04,R,3
IF,GUDIX,48.640550,-91.800900, ,0.0,0.0,2,2900,0,1,180,0,1,0
TF,IMAGU,48.710686,-91.715906,0, ,0.0,0.0,40.0,5.4,2,2900,0,0,0,0,2,0
TF,RW04,48.770386,-91.643317,0, ,0.0,0.0,40.0,4.6,1,1435,0,0,0,0,3,1
TF,REROM,48.835222,-91.564219,0, ,0.0,0.0,0.0,0.0,1,3100,0,0,0,0,0,1
HM,REROM,48.835222,-91.564219,2, ,0.0,0.0,40.0,04.3,0,0,0,0,0,0,0,0,0

APPTR,R22,22,BILPA
IF,BILPA,48.855053,-91.377661, ,0.0,0.0,0,0,0,1,210,0,1,0
TF,DAVUK,48.907453,-91.475781,0, ,0.0,0.0,0.0,0.0,2,3000,0,1,180,0,1,0

APPTR,R22,22,UDLOL
IF,UDLOL,48.959767,-91.574106, ,0.0,0.0,0,0,0,1,210,0,1,0
TF,DAVUK,48.907453,-91.475781,0, ,0.0,0.0,0.0,0.0,2,3000,0,1,180,0,1,0

FINAL,R22,22,R,4
IF,DAVUK,48.907453,-91.475781, ,0.0,0.0,2,3000,0,1,180,0,1,0
TF,OBSAD,48.840589,-91.557661,0, ,0.0,0.0,221.0,5.2,2,3000,0,0,0,0,2,0
TF,SASIL,48.816167,-91.587494,0, ,0.0,0.0,221.0,1.9,2,2400,0,0,0,0,0,0
TF,RW22,48.777847,-91.634225,0, ,0.0,0.0,221.0,3.0,1,1459,0,0,0,0,3,1
TF,MOGIR,48.712964,-91.713142,0, ,0.0,0.0,0.0,0.0,1,3000,0,0,0,0,0,1
HM,MOGIR,48.712964,-91.713142,2, ,0.0,0.0,220.0,04.3,0,0,0,0,0,0,0,0,0

