APPTR,R09,09,AVTUT
IF,AVTUT,51.540050,-86.148736, ,0.0,0.0,0,0,0,1,210,0,1,0
TF,EBLIM,51.621350,-86.177314,0, ,0.0,0.0,0.0,0.0,2,2000,0,0,0,0,1,0

APPTR,R09,09,DUSRI
IF,DUSRI,51.702644,-86.205994, ,0.0,0.0,0,0,0,1,210,0,1,0
TF,EBLIM,51.621350,-86.177314,0, ,0.0,0.0,0.0,0.0,2,2000,0,0,0,0,1,0

FINAL,R09,09,R,3
IF,EBLIM,51.621350,-86.177314, ,0.0,0.0,2,2000,0,0,0,0,1,0
TF,BEXEP,51.642631,-86.020514,0, ,0.0,0.0,86.0,6.0,2,2000,0,0,0,0,2,0
TF,RW09,51.657686,-85.908564,0, ,0.0,0.0,86.0,4.3,1,637,0,0,0,0,3,1
TF,DEBVU,51.675133,-85.777697,0, ,0.0,0.0,0.0,0.0,1,2100,0,0,0,0,0,1
HM,DEBVU,51.675133,-85.777697,2, ,0.0,0.0,86.0,04.3,0,0,0,1,230,0,0,0,0

APPTR,R27,27,ELUNA
IF,ELUNA,51.775833,-85.659481, ,0.0,0.0,0,0,0,1,210,0,1,0
TF,IGVEL,51.694408,-85.631733,0, ,0.0,0.0,0.0,0.0,2,2000,0,0,0,0,1,0

APPTR,R27,27,TOVOM
IF,TOVOM,51.612978,-85.604083, ,0.0,0.0,0,0,0,1,210,0,1,0
TF,IGVEL,51.694408,-85.631733,0, ,0.0,0.0,0.0,0.0,2,2000,0,0,0,0,1,0

FINAL,R27,27,R,3
IF,IGVEL,51.694408,-85.631733, ,0.0,0.0,2,2000,0,0,0,0,1,0
TF,LORGA,51.673647,-85.788892,0, ,0.0,0.0,266.0,6.0,2,1900,0,0,0,0,2,0
TF,RW27,51.659711,-85.893431,0, ,0.0,0.0,266.0,4.0,1,628,0,0,0,0,3,1
TF,MAVUV,51.642133,-86.024206,0, ,0.0,0.0,0.0,0.0,1,2100,0,0,0,0,0,1
HM,MAVUV,51.642133,-86.024206,2, ,0.0,0.0,266.0,04.3,0,0,0,1,230,0,0,0,0

