APPTR,R05,05,NOTAD
IF,NOTAD,48.883700,-85.950547, ,0.0,0.0,0,0,0,1,210,0,1,0
TF,PEPKU,48.945592,-86.052992,0, ,0.0,0.0,0.0,0.0,2,2800,0,1,180,0,1,0

APPTR,R05,05,PEPKU
HF,PEPKU,48.945592,-86.052992,2, ,0.0,0.0,49.0,04,2,2800,0,0,0,0,1,0,0

APPTR,R05,05,XULMO
IF,XULMO,49.007389,-86.155689, ,0.0,0.0,0,0,0,1,210,0,1,0
TF,PEPKU,48.945592,-86.052992,0, ,0.0,0.0,0.0,0.0,2,2800,0,1,180,0,1,0

FINAL,R05,05,R,4
IF,PEPKU,48.945592,-86.052992, ,0.0,0.0,2,2800,0,1,180,0,0,0
TF,URSEG,49.019250,-85.950414,0, ,0.0,0.0,49.0,6.0,2,2800,0,0,0,0,2,0
TF,AGBOG,49.061183,-85.891825,0, ,0.0,0.0,50.0,3.4,2,1690,0,0,0,0,0,0
TF,RW05,49.079569,-85.866092,0, ,0.0,0.0,50.0,1.5,1,1212,0,0,0,0,3,1
DF,OMPOS,49.141914,-85.716056,0, ,0.0,0.0,1,3100,0,0,0,0,0,1
HM,OMPOS,49.141914,-85.716056,2, ,0.0,0.0,65.0,04.3,0,0,0,0,0,0,0,0,0

APPTR,R23,23,EPVUL
IF,EPVUL,49.281617,-85.772161, ,0.0,0.0,0,0,0,1,210,0,1,0
TF,SEDON,49.219481,-85.669375,0, ,0.0,0.0,0.0,0.0,2,2800,0,1,180,0,1,0

APPTR,R23,23,SEDON
HF,SEDON,49.219481,-85.669375,2, ,0.0,0.0,230.0,04,2,2800,0,0,0,0,1,0,0

APPTR,R23,23,TALIP
IF,TALIP,49.157253,-85.566844, ,0.0,0.0,0,0,0,1,210,0,1,0
TF,SEDON,49.219481,-85.669375,0, ,0.0,0.0,0.0,0.0,2,2800,0,1,180,0,1,0

FINAL,R23,23,R,4
IF,SEDON,49.219481,-85.669375, ,0.0,0.0,2,2800,0,1,180,0,0,0
TF,RESEX,49.146075,-85.772781,0, ,0.0,0.0,230.0,6.0,2,2800,0,0,0,0,2,0
TF,XIDUR,49.113789,-85.818122,0, ,0.0,0.0,230.0,2.6,2,1940,0,0,0,0,0,0
TF,RW23,49.086836,-85.855911,0, ,0.0,0.0,230.0,2.2,1,1239,0,0,0,0,3,1
TF,ROSLA,49.025531,-85.941647,0, ,0.0,0.0,0.0,0.0,1,3100,0,0,0,0,0,1
HM,ROSLA,49.025531,-85.941647,2, ,0.0,0.0,230.0,04.3,0,0,0,0,0,0,0,0,0

