APPTR,R06,06,ABELT
IF,ABELT,53.944933,-98.166892, ,0.0,0.0,0,0,0,1,210,0,1,0
TF,DUXUV,53.872856,-98.096519,0, ,0.0,0.0,0.0,0.0,2,2200,0,0,0,0,1,0

APPTR,R06,06,ELEVO
IF,ELEVO,53.800736,-98.026386, ,0.0,0.0,0,0,0,1,210,0,1,0
TF,DUXUV,53.872856,-98.096519,0, ,0.0,0.0,0.0,0.0,2,2200,0,0,0,0,1,0

FINAL,R06,06,R,3
IF,DUXUV,53.872856,-98.096519, ,0.0,0.0,2,2200,0,0,0,0,1,0
TF,XOSAN,53.921206,-97.954028,0, ,0.0,0.0,57.0,5.8,2,2100,0,0,0,0,2,0
TF,RW06,53.955639,-97.852033,0, ,0.0,0.0,57.0,4.2,1,773,0,0,0,0,3,1
TF,URPIX,53.996828,-97.729411,0, ,0.0,0.0,0.0,0.0,1,2200,0,0,0,0,0,1
HM,URPIX,53.996828,-97.729411,2, ,0.0,0.0,57.0,04.3,0,0,0,1,230,0,0,0,0

APPTR,R24,24,NAGTA
IF,NAGTA,54.115558,-97.660567, ,0.0,0.0,0,0,0,1,210,0,1,0
TF,EMETI,54.043189,-97.590783,0, ,0.0,0.0,0.0,0.0,2,2100,0,0,0,0,1,0

APPTR,R24,24,USBEM
IF,USBEM,53.970778,-97.521239, ,0.0,0.0,0,0,0,1,210,0,1,0
TF,EMETI,54.043189,-97.590783,0, ,0.0,0.0,0.0,0.0,2,2100,0,0,0,0,1,0

FINAL,R24,24,R,4
IF,EMETI,54.043189,-97.590783, ,0.0,0.0,2,2100,0,0,0,0,1,0
TF,DUKDU,53.994989,-97.734958,0, ,0.0,0.0,237.0,5.9,2,2100,0,0,0,0,2,0
TF,ALNOB,53.975781,-97.792175,0, ,0.0,0.0,237.0,2.3,2,1360,0,0,0,0,0,0
TF,RW24,53.960939,-97.836297,0, ,0.0,0.0,237.0,1.8,1,784,0,0,0,0,3,1
TF,NORER,53.919639,-97.958708,0, ,0.0,0.0,0.0,0.0,1,2200,0,0,0,0,0,1
HM,NORER,53.919639,-97.958708,2, ,0.0,0.0,237.0,04.3,0,0,0,1,230,0,0,0,0

