APPTR,R05,05,BEXOX
IF,BEXOX,54.757939,-95.414675, ,0.0,0.0,0,0,0,1,210,0,1,0
TF,AMISU,54.821356,-95.507831,0, ,0.0,0.0,0.0,0.0,2,2000,0,0,0,0,1,0

APPTR,R05,05,EBLUP
IF,EBLUP,54.884697,-95.601281, ,0.0,0.0,0,0,0,1,210,0,1,0
TF,AMISU,54.821356,-95.507831,0, ,0.0,0.0,0.0,0.0,2,2000,0,0,0,0,1,0

FINAL,R05,05,R,3
IF,AMISU,54.821356,-95.507831, ,0.0,0.0,2,2000,0,0,0,0,1,0
TF,IMIRI,54.885933,-95.375903,0, ,0.0,0.0,49.0,6.0,2,2000,0,0,0,0,2,0
TF,RW05,54.929786,-95.285903,0, ,0.0,0.0,49.0,4.1,1,700,0,0,0,0,3,1
TF,ULINI,54.983408,-95.175400,0, ,0.0,0.0,0.0,0.0,1,2000,0,0,0,0,0,1
HM,ULINI,54.983408,-95.175400,2, ,0.0,0.0,49.0,04.3,0,0,0,1,230,0,0,0,0

APPTR,R23,23,EMAXA
IF,EMAXA,55.110964,-95.136389, ,0.0,0.0,0,0,0,1,210,0,1,0
TF,ALNEL,55.047267,-95.043147,0, ,0.0,0.0,0.0,0.0,2,2100,0,0,0,0,1,0

APPTR,R23,23,UKSAN
IF,UKSAN,54.983497,-94.950203, ,0.0,0.0,0,0,0,1,210,0,1,0
TF,ALNEL,55.047267,-95.043147,0, ,0.0,0.0,0.0,0.0,2,2100,0,0,0,0,1,0

FINAL,R23,23,R,3
IF,ALNEL,55.047267,-95.043147, ,0.0,0.0,2,2100,0,0,0,0,1,0
TF,IKUNU,54.983053,-95.176136,0, ,0.0,0.0,229.0,6.0,2,2100,0,0,0,0,2,0
TF,RW23,54.936550,-95.271992,0, ,0.0,0.0,229.0,4.3,1,719,0,0,0,0,3,1
TF,MISES,54.882853,-95.382256,0, ,0.0,0.0,0.0,0.0,1,2100,0,0,0,0,0,1
HM,MISES,54.882853,-95.382256,2, ,0.0,0.0,229.0,04.3,0,0,0,1,230,0,0,0,0

