SID,HORNB2,12,4
VA,0,118.0,2,600,0,0,0,0,0,0
DF,OLELI,49.582756,-124.691900,0, ,0.0,0.0,0,0,0,0,0,0,0,0

SID,HORNB2,36,4
VA,0,6.0,2,600,0,0,0,0,0,0
DF,OLELI,49.582756,-124.691900,2, ,0.0,0.0,0,0,0,0,0,0,0,0

SID,HORNB2,NANOO,6
IF,OLELI,49.582756,-124.691900, ,0.0,0.0,0,0,0,0,0,0,0,0
TF,NANOO,49.264167,-124.244167,0, ,0.0,0.0,0.0,0.0,2,7000,0,0,0,0,0,0

SID,SARAT1,30,4
VA,0,298.0,2,600,0,0,0,0,0,0
DF,LENIL,49.839172,-125.082508,0, ,0.0,0.0,0,0,0,0,0,0,0,0

SID,SARAT1,36,4
VA,0,6.0,2,600,0,0,0,0,0,0
DF,LENIL,49.839172,-125.082508,0, ,0.0,0.0,0,0,0,0,0,0,0,0

SID,SARAT1,KELSY,6
IF,LENIL,49.839172,-125.082508, ,0.0,0.0,0,0,0,0,0,0,0,0
TF,KELSY,50.455000,-126.066111,0, ,0.0,0.0,0.0,0.0,2,8300,0,0,0,0,0,0

APPTR,I12-Y,12,AGGUA
IF,AGGUA,50.254300,-124.998650, ,0.0,0.0,0,0,0,0,0,0,0,0
TF,KARIG,49.950553,-125.254453,0, ,0.0,0.0,0.0,0.0,2,5500,0,1,210,0,1,0
TF,BUBIR,49.879808,-125.145211,0,IQQ,0.0,0.0,0.0,0.0,2,3600,0,1,210,0,1,0

APPTR,I12-Y,12,BOOPY
IF,BOOPY,50.099167,-124.591944, ,0.0,0.0,0,0,0,0,0,0,0,0
TF,SAXEN,49.950250,-125.035500,0, ,0.0,0.0,0.0,0.0,2,5700,0,1,210,0,1,0
TF,BUBIR,49.879808,-125.145211,0,IQQ,0.0,0.0,0.0,0.0,2,3600,0,1,210,0,1,0

APPTR,I12-Y,12,DEGBI
IF,DEGBI,49.630125,-124.547922, ,0.0,0.0,0,0,0,0,0,0,0,0
TF,SAXEN,49.950250,-125.035500,0, ,0.0,0.0,0.0,0.0,2,5700,0,1,210,0,1,0
TF,BUBIR,49.879808,-125.145211,0,IQQ,0.0,0.0,0.0,0.0,2,3600,0,1,210,0,1,0

APPTR,I12-Y,12,KELSY
IF,KELSY,50.455000,-126.066111, ,0.0,0.0,0,0,0,0,0,0,0,0
TF,IKBIS,50.217983,-125.682394,0, ,0.0,0.0,0.0,0.0,2,7500,0,0,0,0,1,0
TF,KARIG,49.950553,-125.254453,0, ,0.0,0.0,0.0,0.0,2,5500,0,1,210,0,0,0
TF,BUBIR,49.879808,-125.145211,0,IQQ,0.0,0.0,0.0,0.0,2,3600,0,1,210,0,1,0

APPTR,I12-Y,12,MUZON
IF,MUZON,49.964947,-123.851997, ,0.0,0.0,0,0,0,0,0,0,0,0
TF,TEXIB,49.961031,-124.140117,0, ,0.0,0.0,0.0,0.0,2,12000,0,0,0,0,0,0
TF,UBTOT,49.937069,-124.299117,0, ,0.0,0.0,0.0,0.0,2,10000,0,0,0,0,0,0
TF,OMIRU,49.889169,-124.612278,0, ,0.0,0.0,0.0,0.0,2,7000,0,0,0,0,0,0
TF,SAXEN,49.950250,-125.035500,0, ,0.0,0.0,0.0,0.0,2,5700,0,1,210,0,1,0
TF,BUBIR,49.879808,-125.145211,0,IQQ,0.0,0.0,0.0,0.0,2,3600,0,1,210,0,1,0

APPTR,I12-Y,12,OTNIX
IF,OTNIX,49.333333,-126.500000, ,0.0,0.0,0,0,0,0,0,0,0,0
TF,IKDIV,49.508806,-125.771764,0, ,0.0,0.0,0.0,0.0,2,18000,0,0,0,0,0,0
TF,MASUG,49.868122,-125.382053,0, ,0.0,0.0,0.0,0.0,2,9000,0,0,0,0,1,0
TF,KARIG,49.950553,-125.254453,0, ,0.0,0.0,0.0,0.0,2,5500,0,1,210,0,0,0
TF,BUBIR,49.879808,-125.145211,0,IQQ,0.0,0.0,0.0,0.0,2,3600,0,1,210,0,1,0

FINAL,I12-Y,12,I,3
IF,BUBIR,49.879808,-125.145211,IQQ,299.3,15.3,2,3600,0,1,210,0,0,0
CF,IGVIK,49.790117,-125.007397,0,IQQ,299.3,7.7,119.0,7.6,1,2030,0,0,0,0,2,0
CF,RW12,49.720869,-124.901547,0,IQQ,299.3,1.8,119.0,5.9,1,133,0,0,0,0,3,1
VA,0,119.0,2,1000,0,0,0,0,0,0
DF,SELAG,49.583822,-124.659022,0, ,0.0,0.0,1,2300,0,0,0,0,0,1
HM,SELAG,49.583822,-124.659022,1, ,0.0,0.0,114.0,04,0,0,0,0,0,0,0,0,0

APPTR,I12-Z,12,OKOLO
IF,OKOLO,49.987064,-125.307344, ,0.0,0.0,0,0,0,0,0,0,1,0
CF,BUBIR,49.879808,-125.145211,0,IQQ,299.3,15.3,121.0,9.0,2,3600,0,0,0,0,1,0

FINAL,I12-Z,12,I,3
IF,BUBIR,49.879808,-125.145211,IQQ,299.3,15.3,2,3600,0,0,0,0,0,0
CF,IGVIK,49.790117,-125.007397,0,IQQ,299.3,7.7,119.0,7.6,1,2030,0,0,0,0,2,0
CF,RW12,49.720869,-124.901547,0,IQQ,299.4,1.8,119.0,5.9,1,133,0,0,0,0,3,0
VA,0,119.0,2,1000,0,0,0,0,0,0
VI,0, ,0.0,60.0,0,0,0,0,0,0,0,0
CF,SUSOB,49.647119,-124.522958,0,UQQ,90.0,15.0,90.0,12.0,1,5100,0,0,0,0,0,0
HM,SUSOB,49.647119,-124.522958,2, ,0.0,0.0,275.0,07,0,0,0,0,0,0,0,0,0

APPTR,I30-Y,30,ITMAV
IF,ITMAV,49.475858,-124.178611, ,0.0,0.0,0,0,0,0,0,0,0,0
TF,ODKOD,49.500733,-124.568061,0, ,0.0,0.0,0.0,0.0,2,5100,0,0,0,0,1,0
TF,ROGSO,49.560164,-124.657647,0,ICX,0.0,0.0,0.0,0.0,2,3200,0,0,0,0,1,0

APPTR,I30-Y,30,MUZON
IF,MUZON,49.964947,-123.851997, ,0.0,0.0,0,0,0,0,0,0,0,0
TF,TEXIB,49.961031,-124.140117,0, ,0.0,0.0,0.0,0.0,2,12000,0,0,0,0,0,0
TF,MEGED,49.889953,-124.260581,0, ,0.0,0.0,0.0,0.0,2,10000,0,0,0,0,0,0
TF,RIGOS,49.783003,-124.440778,0, ,0.0,0.0,0.0,0.0,2,7000,0,0,0,0,0,0
TF,DEGBI,49.630125,-124.547922,0, ,0.0,0.0,0.0,0.0,2,3700,0,1,210,0,1,0
TF,ROGSO,49.560164,-124.657647,0,ICX,0.0,0.0,0.0,0.0,2,3200,0,0,0,0,1,0

APPTR,I30-Y,30,NANOO
IF,NANOO,49.264167,-124.244167, ,0.0,0.0,0,0,0,0,0,0,0,0
TF,ODKOD,49.500733,-124.568061,0, ,0.0,0.0,0.0,0.0,2,5100,0,0,0,0,1,0
TF,ROGSO,49.560164,-124.657647,0,ICX,0.0,0.0,0.0,0.0,2,3200,0,0,0,0,1,0

APPTR,I30-Y,30,OTNIX
IF,OTNIX,49.333333,-126.500000, ,0.0,0.0,0,0,0,0,0,0,0,0
TF,IKDIV,49.508806,-125.771764,0, ,0.0,0.0,0.0,0.0,2,18000,0,0,0,0,0,0
TF,TAPGU,49.419081,-124.695678,0, ,0.0,0.0,0.0,0.0,2,8200,0,1,210,0,1,0
TF,ODKOD,49.500733,-124.568061,0, ,0.0,0.0,0.0,0.0,2,5100,0,0,0,0,0,0
TF,ROGSO,49.560164,-124.657647,0,ICX,0.0,0.0,0.0,0.0,2,3200,0,0,0,0,1,0

APPTR,I30-Y,30,SAXEN
IF,SAXEN,49.950250,-125.035500, ,0.0,0.0,0,0,0,0,0,0,0,0
TF,DEGBI,49.630125,-124.547922,0, ,0.0,0.0,0.0,0.0,2,3700,0,1,210,0,1,0
TF,ROGSO,49.560164,-124.657647,0,ICX,0.0,0.0,0.0,0.0,2,3200,0,0,0,0,1,0

FINAL,I30-Y,30,I,3
IF,ROGSO,49.560164,-124.657647,ICX,119.3,13.7,2,3200,0,0,0,0,0,0
CF,VIGBU,49.632322,-124.766856,0,ICX,119.3,7.6,299.0,6.1,1,2020,0,0,0,0,2,0
CF,RW30,49.701378,-124.871833,0,ICX,119.3,1.8,299.0,5.8,1,138,0,0,0,0,3,1
VA,0,299.0,2,1000,0,0,0,0,0,0
DF,AXOGI,49.919675,-125.059383,0, ,0.0,0.0,1,2200,0,0,0,0,0,1
HM,AXOGI,49.919675,-125.059383,2, ,0.0,0.0,314.0,04,0,0,0,0,0,0,0,0,0

APPTR,I30-Z,30,EBKED
IF,EBKED,49.442831,-124.476081, ,0.0,0.0,0,0,0,0,0,0,1,0
CF,ROGSO,49.560164,-124.657647,0,ICX,119.3,13.7,300.0,10.0,2,3200,0,0,0,0,1,0

FINAL,I30-Z,30,I,3
IF,ROGSO,49.560164,-124.657647,ICX,119.3,13.7,2,3200,0,0,0,0,0,0
CF,VIGBU,49.632322,-124.766856,0,ICX,119.3,7.6,299.0,6.1,1,2020,0,0,0,0,2,0
CF,RW30,49.701378,-124.871833,0,ICX,119.3,1.8,299.0,5.8,1,138,0,0,0,0,3,0
VA,0,299.0,2,1000,0,0,0,0,0,0
VI,0, ,0.0,299.0,0,0,0,0,0,0,0,0
CF,XUBAG,49.946986,-125.026892,0,UQQ,325.0,15.0,325.0,15.0,1,5200,0,0,0,0,0,0
HM,XUBAG,49.946986,-125.026892,1, ,0.0,0.0,145.0,07,0,0,0,0,0,0,0,0,0

APPTR,R12-Y,12,IGTAB
IF,IGTAB,49.862375,-125.118322, ,0.0,0.0,2,2000,0,0,0,0,1,0
TF,VOBOX,49.767878,-124.973356,0, ,0.0,0.0,0.0,0.0,2,1400,0,0,0,0,0,0

APPTR,R12-Y,12,SEBOV
IF,SEBOV,49.751764,-124.736894, ,0.0,0.0,2,6000,0,1,210,0,1,0
TF,TIGIN,49.833119,-124.877878,0, ,0.0,0.0,0.0,0.0,2,3700,0,0,0,0,0,0
RF,SEMVA,49.843433,-124.938825,1,ARC10,178.1,2.7,2,3000,0,0,0,0,0,0
RF,VOBOX,49.767878,-124.973356,1,ARC10,51.6,2.7,2,1400,0,0,0,0,0,0

APPTR,R12-Y,12,TEXIB
IF,TEXIB,49.961031,-124.140117, ,0.0,0.0,2,12000,0,0,0,0,0,0
TF,UBTOT,49.937069,-124.299117,0, ,0.0,0.0,0.0,0.0,2,10000,0,0,0,0,0,0
TF,OMIRU,49.889169,-124.612278,0, ,0.0,0.0,0.0,0.0,2,7000,0,0,0,0,1,0
TF,NUDUK,49.855117,-124.855792,0, ,0.0,0.0,0.0,0.0,2,4000,0,1,210,0,1,0
TF,SEMVA,49.843433,-124.938825,0, ,0.0,0.0,0.0,0.0,2,3000,0,0,0,0,0,0
RF,VOBOX,49.767878,-124.973356,1,ARC10,341.7,2.7,2,1400,0,0,0,0,0,0

FINAL,R12-Y,12,R,2
IF,VOBOX,49.767878,-124.973356, ,0.0,0.0,2,1400,0,0,0,0,2,0
TF,RW12,49.720869,-124.901547,0, ,0.0,0.0,119.0,4.0,1,135,0,0,0,0,3,1
CA,0,119.0,2,1100,0,0,0,0,0,0
DF,SELAG,49.583822,-124.659022,0, ,0.0,0.0,1,2200,0,0,0,0,0,1
HM,SELAG,49.583822,-124.659022,1, ,0.0,0.0,115.0,04.3,0,0,0,1,230,0,0,0,0

APPTR,R12-Z,12,AGGUA
IF,AGGUA,50.254300,-124.998650, ,0.0,0.0,0,0,0,0,0,0,0,0
TF,KARIG,49.950553,-125.254453,0, ,0.0,0.0,0.0,0.0,2,5500,0,1,210,0,1,0
TF,BUBIR,49.879808,-125.145211,0, ,0.0,0.0,0.0,0.0,2,3600,0,1,210,0,1,0

APPTR,R12-Z,12,BOOPY
IF,BOOPY,50.099167,-124.591944, ,0.0,0.0,0,0,0,0,0,0,0,0
TF,SAXEN,49.950250,-125.035500,0, ,0.0,0.0,0.0,0.0,2,5700,0,1,210,0,1,0
TF,BUBIR,49.879808,-125.145211,0, ,0.0,0.0,0.0,0.0,2,3600,0,1,210,0,1,0

APPTR,R12-Z,12,DEGBI
IF,DEGBI,49.630125,-124.547922, ,0.0,0.0,0,0,0,0,0,0,0,0
TF,SAXEN,49.950250,-125.035500,0, ,0.0,0.0,0.0,0.0,2,5700,0,1,210,0,1,0
TF,BUBIR,49.879808,-125.145211,0, ,0.0,0.0,0.0,0.0,2,3600,0,1,210,0,1,0

APPTR,R12-Z,12,KELSY
IF,KELSY,50.455000,-126.066111, ,0.0,0.0,0,0,0,0,0,0,0,0
TF,IKBIS,50.217983,-125.682394,0, ,0.0,0.0,0.0,0.0,2,7500,0,0,0,0,1,0
TF,KARIG,49.950553,-125.254453,0, ,0.0,0.0,0.0,0.0,2,5500,0,1,210,0,0,0
TF,BUBIR,49.879808,-125.145211,0, ,0.0,0.0,0.0,0.0,2,3600,0,1,210,0,1,0

APPTR,R12-Z,12,MUZON
IF,MUZON,49.964947,-123.851997, ,0.0,0.0,0,0,0,0,0,0,0,0
TF,TEXIB,49.961031,-124.140117,0, ,0.0,0.0,0.0,0.0,2,12000,0,0,0,0,0,0
TF,UBTOT,49.937069,-124.299117,0, ,0.0,0.0,0.0,0.0,2,10000,0,0,0,0,0,0
TF,OMIRU,49.889169,-124.612278,0, ,0.0,0.0,0.0,0.0,2,7000,0,0,0,0,0,0
TF,SAXEN,49.950250,-125.035500,0, ,0.0,0.0,0.0,0.0,2,5700,0,1,210,0,1,0
TF,BUBIR,49.879808,-125.145211,0, ,0.0,0.0,0.0,0.0,2,3600,0,1,210,0,1,0

APPTR,R12-Z,12,OTNIX
IF,OTNIX,49.333333,-126.500000, ,0.0,0.0,0,0,0,0,0,0,0,0
TF,IKDIV,49.508806,-125.771764,0, ,0.0,0.0,0.0,0.0,2,18000,0,0,0,0,0,0
TF,MASUG,49.868122,-125.382053,0, ,0.0,0.0,0.0,0.0,2,9000,0,1,210,0,1,0
TF,KARIG,49.950553,-125.254453,0, ,0.0,0.0,0.0,0.0,2,5500,0,1,210,0,0,0
TF,BUBIR,49.879808,-125.145211,0, ,0.0,0.0,0.0,0.0,2,3600,0,1,210,0,1,0

FINAL,R12-Z,12,R,4
IF,BUBIR,49.879808,-125.145211, ,0.0,0.0,2,3600,0,1,210,0,0,0
TF,IGVIK,49.790117,-125.007397,0, ,0.0,0.0,119.0,7.6,2,2000,0,0,0,0,2,0
TF,EBLIB,49.744503,-124.937622,0, ,0.0,0.0,119.0,3.9,2,660,0,0,0,0,0,0
TF,RW12,49.720869,-124.901547,0, ,0.0,0.0,119.0,2.0,1,133,0,0,0,0,3,1
VA,0,119.0,2,1000,0,0,0,0,0,0
DF,SELAG,49.583822,-124.659022,0, ,0.0,0.0,1,2300,0,0,0,0,0,1
HM,SELAG,49.583822,-124.659022,1, ,0.0,0.0,114.0,04,0,0,0,0,0,0,0,0,0

APPTR,R18-Y,18,TEXIB
IF,TEXIB,49.961031,-124.140117, ,0.0,0.0,2,12000,0,0,0,0,0,0
TF,UDKIV,49.960625,-124.326631,0, ,0.0,0.0,0.0,0.0,2,9600,0,0,0,0,0,0
TF,MEMSU,49.959433,-124.610536,0, ,0.0,0.0,0.0,0.0,2,6100,0,1,210,0,1,0
TF,PUVAS,49.958683,-124.739869,0, ,0.0,0.0,0.0,0.0,2,4700,0,0,0,0,1,0

FINAL,R18-Y,18,R,4
IF,PUVAS,49.958683,-124.739869, ,0.0,0.0,2,4700,0,0,0,0,0,0
TF,OVDEV,49.812544,-124.833736,0, ,0.0,0.0,186.0,9.5,2,2000,0,0,0,0,0,0
TF,ITKAP,49.781797,-124.853400,0, ,0.0,0.0,186.0,2.0,2,1400,0,0,0,0,2,0
TF,RW18,49.720339,-124.892644,0, ,0.0,0.0,186.0,4.0,1,130,0,0,0,0,3,1
VA,0,186.0,2,600,0,0,0,0,0,0
DF,SELAG,49.583822,-124.659022,0, ,0.0,0.0,1,2200,0,0,0,0,0,1
HM,SELAG,49.583822,-124.659022,1, ,0.0,0.0,115.0,04.3,0,0,0,1,230,0,0,0,0

APPTR,R30-Y,30,AXITI
IF,AXITI,49.560003,-124.460603, ,0.0,0.0,2,6000,0,1,210,0,1,0
TF,OTESO,49.631706,-124.755756,0, ,0.0,0.0,0.0,0.0,2,2100,0,0,0,0,0,0
RF,OLUNI,49.643472,-124.783767,2,ARC12,34.1,3.0,2,1700,0,0,0,0,0,0

APPTR,R30-Y,30,TEXIB
IF,TEXIB,49.961031,-124.140117, ,0.0,0.0,2,12000,0,0,0,0,0,0
TF,MEGED,49.889953,-124.260581,0, ,0.0,0.0,0.0,0.0,2,10000,0,0,0,0,0,0
TF,RIGOS,49.783003,-124.440778,0, ,0.0,0.0,0.0,0.0,2,7000,0,0,0,0,0,0
TF,EPTUN,49.747250,-124.500731,0, ,0.0,0.0,0.0,0.0,2,6000,0,0,0,0,1,0
TF,NOVUV,49.675703,-124.620167,0, ,0.0,0.0,0.0,0.0,2,4000,0,1,210,0,1,0
TF,KITEV,49.641833,-124.676731,0, ,0.0,0.0,0.0,0.0,2,3100,0,0,0,0,0,0
RF,OTESO,49.631706,-124.755756,2,ARC12,284.7,3.0,2,2100,0,0,0,0,0,0
RF,OLUNI,49.643472,-124.783767,2,ARC12,117.2,3.0,2,1700,0,0,0,0,0,0

APPTR,R30-Y,30,UKTAM
IF,UKTAM,49.572308,-124.675983, ,0.0,0.0,2,2200,0,0,0,0,1,0
TF,OLUNI,49.643472,-124.783767,0, ,0.0,0.0,0.0,0.0,2,1700,0,0,0,0,0,0

FINAL,R30-Y,30,R,2
IF,OLUNI,49.643472,-124.783767, ,0.0,0.0,2,1700,0,0,0,0,2,0
TF,RW30,49.701378,-124.871833,0, ,0.0,0.0,299.0,4.9,1,144,0,0,0,0,3,1
CA,0,299.0,2,1100,0,0,0,0,0,0
DF,AXOGI,49.919675,-125.059383,0, ,0.0,0.0,1,2000,0,0,0,0,0,1
HM,AXOGI,49.919675,-125.059383,2, ,0.0,0.0,315.0,04.3,0,0,0,1,230,0,0,0,0

APPTR,R30-Z,30,ITMAV
IF,ITMAV,49.475858,-124.178611, ,0.0,0.0,0,0,0,0,0,0,0,0
TF,ODKOD,49.500733,-124.568061,0, ,0.0,0.0,0.0,0.0,2,5100,0,0,0,0,1,0
TF,ROGSO,49.560164,-124.657647,0, ,0.0,0.0,0.0,0.0,2,3200,0,0,0,0,1,0

APPTR,R30-Z,30,MUZON
IF,MUZON,49.964947,-123.851997, ,0.0,0.0,0,0,0,0,0,0,0,0
TF,TEXIB,49.961031,-124.140117,0, ,0.0,0.0,0.0,0.0,2,12000,0,0,0,0,0,0
TF,MEGED,49.889953,-124.260581,0, ,0.0,0.0,0.0,0.0,2,10000,0,0,0,0,0,0
TF,RIGOS,49.783003,-124.440778,0, ,0.0,0.0,0.0,0.0,2,7000,0,0,0,0,0,0
TF,DEGBI,49.630125,-124.547922,0, ,0.0,0.0,0.0,0.0,2,3700,0,1,210,0,1,0
TF,ROGSO,49.560164,-124.657647,0, ,0.0,0.0,0.0,0.0,2,3200,0,0,0,0,1,0

APPTR,R30-Z,30,NANOO
IF,NANOO,49.264167,-124.244167, ,0.0,0.0,0,0,0,0,0,0,0,0
TF,ODKOD,49.500733,-124.568061,0, ,0.0,0.0,0.0,0.0,2,5100,0,0,0,0,1,0
TF,ROGSO,49.560164,-124.657647,0, ,0.0,0.0,0.0,0.0,2,3200,0,0,0,0,1,0

APPTR,R30-Z,30,OTNIX
IF,OTNIX,49.333333,-126.500000, ,0.0,0.0,0,0,0,0,0,0,0,0
TF,IKDIV,49.508806,-125.771764,0, ,0.0,0.0,0.0,0.0,2,18000,0,0,0,0,0,0
TF,TAPGU,49.419081,-124.695678,0, ,0.0,0.0,0.0,0.0,2,8200,0,1,210,0,1,0
TF,ODKOD,49.500733,-124.568061,0, ,0.0,0.0,0.0,0.0,2,5100,0,0,0,0,0,0
TF,ROGSO,49.560164,-124.657647,0, ,0.0,0.0,0.0,0.0,2,3200,0,0,0,0,1,0

APPTR,R30-Z,30,SAXEN
IF,SAXEN,49.950250,-125.035500, ,0.0,0.0,0,0,0,0,0,0,0,0
TF,DEGBI,49.630125,-124.547922,0, ,0.0,0.0,0.0,0.0,2,3700,0,1,210,0,1,0
TF,ROGSO,49.560164,-124.657647,0, ,0.0,0.0,0.0,0.0,2,3200,0,0,0,0,1,0

FINAL,R30-Z,30,R,3
IF,ROGSO,49.560164,-124.657647, ,0.0,0.0,2,3200,0,0,0,0,0,0
TF,VIGBU,49.632322,-124.766856,0, ,0.0,0.0,300.0,6.1,2,2000,0,0,0,0,2,0
TF,RW30,49.701378,-124.871833,0, ,0.0,0.0,299.0,5.8,1,138,0,0,0,0,3,1
VA,0,299.0,2,1000,0,0,0,0,0,0
DF,AXOGI,49.919675,-125.059383,0, ,0.0,0.0,1,2200,0,0,0,0,0,1
HM,AXOGI,49.919675,-125.059383,2, ,0.0,0.0,314.0,04,0,0,0,0,0,0,0,0,0

APPTR,T12-Y,12,NUGAG
IF,NUGAG,49.875219,-124.948081, ,0.0,0.0,2,20000,0,0,0,0,1,0
TF,D333S,50.018511,-124.995519,0, ,0.0,0.0,0.0,0.0,2,3600,0,0,0,0,0,1
CF,D309S,49.965264,-125.179756,1,UQQ,309.0,18.8,129.0,1.0,0,0,0,0,0,0,0,0
TF,NOSED,49.887317,-125.091436,0, ,0.0,0.0,0.0,0.0,2,3600,0,0,0,0,1,0

FINAL,T12-Y,12,D,4
IF,NOSED,49.887317,-125.091436,UQQ,309.0,13.0,2,3600,0,0,0,0,0,0
CF,VIMTI,49.806608,-125.000372,0,UQQ,309.0,7.0,129.0,6.0,2,1200,0,0,0,0,2,0
CF,PUSUS,49.746033,-124.932272,0,UQQ,309.0,2.5,129.0,4.5,2,680,0,0,0,0,0,0
CF,MA12,49.725831,-124.909611,0,UQQ,309.0,1.0,129.0,1.5,1,269,0,0,0,0,3,0
TF,UQQ,49.712361,-124.894514,0, ,0.0,0.0,0.0,0.0,0,0,0,0,0,0,0,0
CA,0,129.0,2,490,0,0,0,0,0,0
CF,SUSOB,49.647119,-124.522958,0,UQQ,90.0,15.0,90.0,15.0,1,5100,0,0,0,0,0,0
HM,SUSOB,49.647119,-124.522958,2, ,0.0,0.0,270.0,07,0,0,0,0,0,0,0,0,0

APPTR,T12-Z,12,MOGUP
IF,MOGUP,50.021664,-125.243886, ,0.0,0.0,2,7200,0,0,0,0,1,0
TF,NOSED,49.887317,-125.091436,0, ,0.0,0.0,0.0,0.0,2,3600,0,0,0,0,1,0

FINAL,T12-Z,12,D,4
IF,NOSED,49.887317,-125.091436,UQQ,309.0,13.0,2,3600,0,0,0,0,0,0
CF,VIMTI,49.806608,-125.000372,0,UQQ,309.0,7.0,129.0,6.0,2,2190,0,0,0,0,2,0
CF,PUSUS,49.746033,-124.932272,0,UQQ,309.0,2.5,129.0,4.5,2,750,0,0,0,0,0,0
CF,MA12,49.725831,-124.909611,0,UQQ,309.0,1.0,129.0,1.5,1,269,0,0,0,0,3,0
CF,UQQ,49.712361,-124.894514,0,UQQ,0.0,0.0,129.0,1.0,0,0,0,0,0,0,0,0
CA,0,129.0,2,490,0,0,0,0,0,0
CF,SUSOB,49.647119,-124.522958,0,UQQ,90.0,15.0,90.0,15.0,1,5100,0,0,0,0,0,0
HM,SUSOB,49.647119,-124.522958,2, ,0.0,0.0,270.0,07,0,0,0,0,0,0,0,0,0

APPTR,T30-Y,30,XORAS
IF,XORAS,49.669000,-124.646700, ,0.0,0.0,2,20000,0,0,0,0,1,0
TF,D090S,49.630400,-124.428981,0, ,0.0,0.0,0.0,0.0,2,3900,0,0,0,0,0,1
CF,D114S,49.514747,-124.520850,2,UQQ,114.0,18.8,294.0,1.0,0,0,0,0,0,0,0,0
TF,ITKUG,49.575844,-124.635811,0, ,0.0,0.0,0.0,0.0,2,3900,0,0,0,0,1,0

FINAL,T30-Y,30,D,3
IF,ITKUG,49.575844,-124.635811,UQQ,114.0,13.0,2,3900,0,0,0,0,0,0
CF,KEKBU,49.638925,-124.755033,0,UQQ,114.0,7.0,294.0,6.0,2,1200,0,0,0,0,2,0
CF,MA30,49.695589,-124.862594,0,UQQ,114.0,1.6,294.0,5.4,1,300,0,0,0,0,3,0
VA,0,294.0,2,1000,0,0,0,0,0,0
CF,XUBAG,49.946986,-125.026892,0,UQQ,325.0,15.0,325.0,15.0,1,5200,0,0,0,0,0,0
HM,XUBAG,49.946986,-125.026892,1, ,0.0,0.0,145.0,07,0,0,0,0,0,0,0,0,0

APPTR,T30-Z,30,MEBEB
IF,MEBEB,49.470436,-124.437789, ,0.0,0.0,2,6300,0,0,0,0,1,0
TF,ITKUG,49.575844,-124.635811,0, ,0.0,0.0,0.0,0.0,2,3200,0,0,0,0,1,0

FINAL,T30-Z,30,D,3
IF,ITKUG,49.575844,-124.635811,UQQ,114.0,13.0,2,3200,0,0,0,0,0,0
CF,KEKBU,49.638925,-124.755033,0,UQQ,114.0,7.0,294.0,6.0,2,2020,0,0,0,0,2,0
CF,MA30,49.695589,-124.862594,0,UQQ,114.0,1.6,294.0,5.4,1,300,0,0,0,0,3,0
VA,0,294.0,2,1000,0,0,0,0,0,0
CF,XUBAG,49.946986,-125.026892,0,UQQ,325.0,15.0,325.0,15.0,1,5200,0,0,0,0,0,0
HM,XUBAG,49.946986,-125.026892,1, ,0.0,0.0,145.0,07,0,0,0,0,0,0,0,0,0

