APPTR,R09,09,IGSOT
IF,IGSOT,54.072761,-93.840272, ,0.0,0.0,0,0,0,1,210,0,1,0
TF,ALVAB,54.155753,-93.850139,0, ,0.0,0.0,0.0,0.0,2,2300,0,1,200,0,1,0

APPTR,R09,09,VISUB
IF,VISUB,54.238742,-93.860042, ,0.0,0.0,0,0,0,1,210,0,1,0
TF,ALVAB,54.155753,-93.850139,0, ,0.0,0.0,0.0,0.0,2,2300,0,1,200,0,1,0

FINAL,R09,09,R,3
IF,ALVAB,54.155753,-93.850139, ,0.0,0.0,2,2300,0,1,200,0,1,0
TF,UDPAD,54.162594,-93.680436,0, ,0.0,0.0,87.0,6.0,2,2300,0,0,0,0,2,0
TF,RW09,54.167083,-93.565719,0, ,0.0,0.0,87.0,4.1,1,793,0,0,0,0,3,1
TF,DUPOG,54.172492,-93.424222,0, ,0.0,0.0,0.0,0.0,1,2200,0,0,0,0,0,1
HM,DUPOG,54.172492,-93.424222,2, ,0.0,0.0,87.0,04.3,0,0,0,1,230,0,0,0,0

APPTR,R27,27,IPSED
IF,IPSED,54.095381,-93.254231, ,0.0,0.0,0,0,0,1,210,0,1,0
TF,ALVUB,54.178414,-93.262936,0, ,0.0,0.0,0.0,0.0,2,2100,0,0,0,0,1,0

APPTR,R27,27,KARED
IF,KARED,54.261450,-93.271681, ,0.0,0.0,0,0,0,1,210,0,1,0
TF,ALVUB,54.178414,-93.262936,0, ,0.0,0.0,0.0,0.0,2,2100,0,0,0,0,1,0

FINAL,R27,27,R,3
IF,ALVUB,54.178414,-93.262936, ,0.0,0.0,2,2100,0,0,0,0,1,0
TF,METVI,54.172153,-93.432769,0, ,0.0,0.0,268.0,6.0,2,2100,0,0,0,0,2,0
TF,RW27,54.167722,-93.549178,0, ,0.0,0.0,267.0,4.1,1,790,0,0,0,0,3,1
TF,OTMOX,54.162186,-93.690633,0, ,0.0,0.0,0.0,0.0,1,2200,0,0,0,0,0,1
HM,OTMOX,54.162186,-93.690633,2, ,0.0,0.0,267.0,04.3,0,0,0,1,230,0,0,0,0

