APPTR,N06-A,06,YSF
PI,YSF,59.255097,-105.831650,2,YSF,55.0,10.0,100,5.0,2,2600,0,0,0,0,0,0
CF,FF280,59.222472,-105.666381,0,YSF,100.0,5.5,280.0,4.5,2,2600,0,0,0,0,0,0

FINAL,N06-A,06,N,2
IF,FF280,59.222472,-105.666381,YSF,0.0,0.0,2,2600,0,0,0,0,2,0
CF,YSF,59.255097,-105.831650,0,YSF,0.0,0.0,280.0,5.5,1,1640,0,0,0,0,3,0
CA,0,280.0,2,2800,0,0,0,0,0,0
DF,YSF,59.255097,-105.831650,1, ,0.0,0.0,1,2800,0,0,0,0,0,0
HM,YSF,59.255097,-105.831650,2, ,0.0,0.0,280.0,04.3,0,0,0,1,230,0,0,0,0

APPTR,N24-A,24,YSF
PI,YSF,59.255097,-105.831650,2,YSF,55.0,10.0,100,5.0,2,2600,0,0,0,0,0,0
CF,FF280,59.222472,-105.666381,0,YSF,100.0,5.5,280.0,4.5,2,2600,0,0,0,0,0,0

FINAL,N24-A,24,N,2
IF,FF280,59.222472,-105.666381,YSF,0.0,0.0,2,2600,0,0,0,0,2,0
CF,YSF,59.255097,-105.831650,0,YSF,0.0,0.0,280.0,5.5,1,1640,0,0,0,0,3,0
CA,0,280.0,2,2800,0,0,0,0,0,0
DF,YSF,59.255097,-105.831650,1, ,0.0,0.0,1,2800,0,0,0,0,0,0
HM,YSF,59.255097,-105.831650,2, ,0.0,0.0,280.0,04.3,0,0,0,1,230,0,0,0,0

APPTR,R06,06,METRA
IF,METRA,59.119633,-106.122814, ,0.0,0.0,0,0,0,1,210,0,1,0
TF,PEPDI,59.200933,-106.169692,0, ,0.0,0.0,0.0,0.0,2,2300,0,0,0,0,1,0

APPTR,R06,06,MIBKI
IF,MIBKI,59.282214,-106.216789, ,0.0,0.0,0,0,0,1,210,0,1,0
TF,PEPDI,59.200933,-106.169692,0, ,0.0,0.0,0.0,0.0,2,2300,0,0,0,0,1,0

FINAL,R06,06,R,3
IF,PEPDI,59.200933,-106.169692, ,0.0,0.0,2,2300,0,0,0,0,1,0
TF,XOMVI,59.229767,-105.979011,0, ,0.0,0.0,63.0,6.1,2,2300,0,0,0,0,2,0
TF,RW06,59.248436,-105.854369,0, ,0.0,0.0,63.0,4.0,1,855,0,0,0,0,3,1
TF,XEXAK,59.271594,-105.698456,0, ,0.0,0.0,0.0,0.0,1,3000,0,0,0,0,0,1
HM,XEXAK,59.271594,-105.698456,2, ,0.0,0.0,63.0,04.3,0,0,0,1,230,0,0,0,0

APPTR,R24,24,ESRIG
IF,ESRIG,59.216742,-105.471522, ,0.0,0.0,0,0,0,1,210,0,1,0
TF,PIBRI,59.298272,-105.516972,0, ,0.0,0.0,0.0,0.0,2,2700,0,0,0,0,1,0

APPTR,R24,24,ROPLO
IF,ROPLO,59.379786,-105.562642, ,0.0,0.0,0,0,0,1,210,0,1,0
TF,PIBRI,59.298272,-105.516972,0, ,0.0,0.0,0.0,0.0,2,2700,0,0,0,0,1,0

FINAL,R24,24,R,3
IF,PIBRI,59.298272,-105.516972, ,0.0,0.0,2,2700,0,0,0,0,1,0
TF,MIDLI,59.270722,-105.704336,0, ,0.0,0.0,243.0,6.0,2,2400,0,0,0,0,2,0
TF,RW24,59.252300,-105.828456,0, ,0.0,0.0,243.0,4.0,1,836,0,0,0,0,3,1
TF,MIBKU,59.228986,-105.984189,0, ,0.0,0.0,0.0,0.0,1,3000,0,0,0,0,0,1
HM,MIBKU,59.228986,-105.984189,2, ,0.0,0.0,243.0,04.3,0,0,0,1,230,0,0,0,0

