APPTR,R16,16,AGDOV
IF,AGDOV,48.879442,-86.581489, ,0.0,0.0,0,0,0,1,210,0,1,0
TF,OLENU,48.917239,-86.468958,0, ,0.0,0.0,0.0,0.0,2,3000,0,1,200,0,1,0

APPTR,R16,16,NORDS
IF,NORDS,48.954928,-86.356256, ,0.0,0.0,0,0,0,1,210,0,1,0
TF,OLENU,48.917239,-86.468958,0, ,0.0,0.0,0.0,0.0,2,3000,0,1,200,0,1,0

FINAL,R16,16,R,4
IF,OLENU,48.917239,-86.468958, ,0.0,0.0,2,3000,0,1,200,0,1,0
TF,PESDI,48.822469,-86.395989,0, ,0.0,0.0,159.0,6.4,2,2600,0,0,0,0,2,0
TF,APDER,48.796086,-86.375733,0, ,0.0,0.0,159.0,1.8,2,1940,0,0,0,0,0,0
TF,RW16,48.761919,-86.349533,0, ,0.0,0.0,159.0,2.3,1,1084,0,0,0,0,3,1
TF,TETIP,48.687622,-86.292700,0, ,0.0,0.0,0.0,0.0,1,3100,0,0,0,0,0,1
HM,TETIP,48.687622,-86.292700,2, ,0.0,0.0,159.0,04.3,0,0,0,1,230,0,0,0,0

APPTR,R34,34,AGPOB
IF,AGPOB,48.564522,-86.339519, ,0.0,0.0,0,0,0,1,210,0,1,0
TF,IGRUV,48.602089,-86.227508,0, ,0.0,0.0,0.0,0.0,2,2700,0,1,200,0,1,0

APPTR,R34,34,GOFTS
IF,GOFTS,48.639544,-86.115331, ,0.0,0.0,0,0,0,1,210,0,1,0
TF,IGRUV,48.602089,-86.227508,0, ,0.0,0.0,0.0,0.0,2,2700,0,1,200,0,1,0

FINAL,R34,34,R,4
IF,IGRUV,48.602089,-86.227508, ,0.0,0.0,2,2700,0,1,200,0,1,0
TF,KEBLI,48.692919,-86.296747,0, ,0.0,0.0,339.0,6.1,2,2700,0,0,0,0,2,0
TF,LEVUP,48.723064,-86.319786,0, ,0.0,0.0,339.0,2.0,2,1890,0,0,0,0,0,0
TF,RW34,48.752781,-86.342531,0, ,0.0,0.0,339.0,2.0,1,1087,0,0,0,0,3,1
TF,MEVMO,48.827053,-86.399511,0, ,0.0,0.0,0.0,0.0,1,3200,0,0,0,0,0,1
HM,MEVMO,48.827053,-86.399511,2, ,0.0,0.0,339.0,04.3,0,0,0,1,230,0,0,0,0

