APPTR,R08,08,ALUPA
IF,ALUPA,42.763528,-80.938589, ,0.0,0.0,0,0,0,1,210,0,1,0
TF,IPVAP,42.847453,-80.988744,0, ,0.0,0.0,0.0,0.0,2,2600,0,1,180,0,1,0

APPTR,R08,08,DUPDO
IF,DUPDO,42.931356,-81.039036, ,0.0,0.0,0,0,0,1,210,0,1,0
TF,IPVAP,42.847453,-80.988744,0, ,0.0,0.0,0.0,0.0,2,2600,0,1,180,0,1,0

FINAL,R08,08,R,4
IF,IPVAP,42.847453,-80.988744, ,0.0,0.0,2,2600,0,1,180,0,1,0
TF,TEXIG,42.887700,-80.864256,0, ,0.0,0.0,75.0,6.0,2,2600,0,0,0,0,2,0
TF,XOVUD,42.909031,-80.798047,0, ,0.0,0.0,75.0,3.2,2,1560,0,0,0,0,0,0
TF,RW08,42.922392,-80.756486,0, ,0.0,0.0,75.0,2.0,1,924,0,0,0,0,3,1
TF,EMAVU,42.969039,-80.610881,0, ,0.0,0.0,0.0,0.0,1,3000,0,0,0,0,0,1
HM,EMAVU,42.969039,-80.610881,2, ,0.0,0.0,75.0,04.3,0,0,0,0,0,0,0,0,0

APPTR,R26,26,BOPUD
IF,BOPUD,43.085903,-80.557925, ,0.0,0.0,0,0,0,1,210,0,1,0
TF,DAPEB,43.001794,-80.508161,0, ,0.0,0.0,0.0,0.0,2,2600,0,1,180,0,1,0

APPTR,R26,26,EMLIG
IF,EMLIG,42.917661,-80.458533, ,0.0,0.0,0,0,0,1,210,0,1,0
TF,DAPEB,43.001794,-80.508161,0, ,0.0,0.0,0.0,0.0,2,2600,0,1,180,0,1,0

FINAL,R26,26,R,3
IF,DAPEB,43.001794,-80.508161, ,0.0,0.0,2,2600,0,1,180,0,1,0
TF,GOSUV,42.961933,-80.633111,0, ,0.0,0.0,256.0,6.0,2,2600,0,0,0,0,2,0
TF,RW26,42.927342,-80.741072,0, ,0.0,0.0,255.0,5.2,1,940,0,0,0,0,3,1
TF,KANIT,42.880528,-80.886481,0, ,0.0,0.0,0.0,0.0,1,3000,0,0,0,0,0,1
HM,KANIT,42.880528,-80.886481,2, ,0.0,0.0,255.0,04.3,0,0,0,0,0,0,0,0,0

