APPTR,R08,08,BEMIM
IF,BEMIM,49.781933,-101.217050, ,0.0,0.0,0,0,0,1,210,0,1,0
TF,ADROR,49.876839,-101.218378,0, ,0.0,0.0,0.0,0.0,2,3200,0,1,180,0,1,0

APPTR,R08,08,OTIBA
IF,OTIBA,49.971744,-101.219711, ,0.0,0.0,0,0,0,1,210,0,1,0
TF,ADROR,49.876839,-101.218378,0, ,0.0,0.0,0.0,0.0,2,3200,0,1,180,0,1,0

FINAL,R08,08,R,3
IF,ADROR,49.876839,-101.218378, ,0.0,0.0,2,3200,0,1,180,0,1,0
TF,OBVAL,49.877642,-101.063789,0, ,0.0,0.0,83.0,6.0,2,3200,0,0,0,0,2,0
TF,RW08,49.878178,-100.927372,0, ,0.0,0.0,83.0,5.3,1,1489,0,0,0,0,3,1
TF,DATRO,49.878642,-100.747008,0, ,0.0,0.0,0.0,0.0,1,3400,0,0,0,0,0,1
HM,DATRO,49.878642,-100.747008,2, ,0.0,0.0,83.0,04.3,0,0,0,0,0,0,0,0,0

APPTR,R26,26,EMBON
IF,EMBON,49.783894,-100.612019, ,0.0,0.0,0,0,0,1,210,0,1,0
TF,BENUN,49.878803,-100.612161,0, ,0.0,0.0,0.0,0.0,2,3200,0,1,180,0,1,0

APPTR,R26,26,EPNAP
IF,EPNAP,49.973711,-100.612303, ,0.0,0.0,0,0,0,1,210,0,1,0
TF,BENUN,49.878803,-100.612161,0, ,0.0,0.0,0.0,0.0,2,3200,0,1,180,0,1,0

FINAL,R26,26,R,3
IF,BENUN,49.878803,-100.612161, ,0.0,0.0,2,3200,0,1,180,0,1,0
TF,UBTUP,49.878603,-100.766761,0, ,0.0,0.0,264.0,6.0,2,3200,0,0,0,0,2,0
TF,RW26,49.878261,-100.901925,0, ,0.0,0.0,263.0,5.2,1,1505,0,0,0,0,3,1
TF,MEBOL,49.877556,-101.082286,0, ,0.0,0.0,0.0,0.0,1,3400,0,0,0,0,0,1
HM,MEBOL,49.877556,-101.082286,2, ,0.0,0.0,263.0,04.3,0,0,0,0,0,0,0,0,0

