APPTR,R10,10,AVTIN
IF,AVTIN,53.527167,-111.030581, ,0.0,0.0,0,0,0,1,200,0,1,0
TF,ETGAM,53.446536,-111.103186,0, ,0.0,0.0,0.0,0.0,2,3700,0,1,180,0,1,0

APPTR,R10,10,ETGAM
HF,ETGAM,53.446536,-111.103186,2, ,0.0,0.0,105.0,05,2,3700,0,0,0,0,1,0,0

APPTR,R10,10,GOVUM
IF,GOVUM,53.365861,-111.175517, ,0.0,0.0,0,0,0,1,200,0,1,0
TF,ETGAM,53.446536,-111.103186,0, ,0.0,0.0,0.0,0.0,2,3700,0,1,180,0,1,0

FINAL,R10,10,R,3
IF,ETGAM,53.446536,-111.103186, ,0.0,0.0,2,3700,0,1,180,0,0,0
TF,BEPUP,53.399250,-110.955972,0, ,0.0,0.0,105.0,6.0,2,3700,0,0,0,0,2,0
TF,RW10,53.359089,-110.831642,0, ,0.0,0.0,105.0,5.1,1,2060,0,0,0,0,3,1
TF,IRDAP,53.303514,-110.660625,0, ,0.0,0.0,0.0,0.0,1,4000,0,0,0,0,0,1
HM,IRDAP,53.303514,-110.660625,2, ,0.0,0.0,105.0,04.3,0,0,0,0,0,0,0,0,0

APPTR,R28,28,LEXOD
IF,LEXOD,53.188656,-110.628125, ,0.0,0.0,0,0,0,1,200,0,1,0
TF,PUTAV,53.268994,-110.555053,0, ,0.0,0.0,0.0,0.0,2,3900,0,1,180,0,1,0

APPTR,R28,28,MOBUR
IF,MOBUR,53.349289,-110.481711, ,0.0,0.0,0,0,0,1,200,0,1,0
TF,PUTAV,53.268994,-110.555053,0, ,0.0,0.0,0.0,0.0,2,3900,0,1,180,0,1,0

APPTR,R28,28,PUTAV
HF,PUTAV,53.268994,-110.555053,2, ,0.0,0.0,285.0,05,2,3900,0,0,0,0,1,0,0

FINAL,R28,28,R,3
IF,PUTAV,53.268994,-110.555053, ,0.0,0.0,2,3900,0,1,180,0,0,0
TF,XUGEV,53.316783,-110.701369,0, ,0.0,0.0,285.0,6.0,2,3800,0,0,0,0,2,0
TF,RW28,53.356106,-110.822431,0, ,0.0,0.0,285.0,5.0,1,2074,0,0,0,0,3,1
TF,VODEV,53.411456,-110.993861,0, ,0.0,0.0,0.0,0.0,1,3800,0,0,0,0,0,1
HM,VODEV,53.411456,-110.993861,2, ,0.0,0.0,285.0,04.3,0,0,0,0,0,0,0,0,0

