APPTR,R12,12,ROTMO
IF,ROTMO,55.885544,-108.754133, ,0.0,0.0,0,0,0,1,210,0,1,0
TF,VIBMU,55.952064,-108.660381,0, ,0.0,0.0,0.0,0.0,2,2900,0,0,0,0,1,0

APPTR,R12,12,SIDBO
IF,SIDBO,56.018511,-108.566308, ,0.0,0.0,0,0,0,1,210,0,1,0
TF,VIBMU,55.952064,-108.660381,0, ,0.0,0.0,0.0,0.0,2,2900,0,0,0,0,1,0

FINAL,R12,12,R,3
IF,VIBMU,55.952064,-108.660381, ,0.0,0.0,2,2900,0,0,0,0,1,0
TF,PIBVA,55.889994,-108.521200,0, ,0.0,0.0,116.0,6.0,2,2800,0,0,0,0,2,0
TF,RW12,55.846211,-108.423497,0, ,0.0,0.0,116.0,4.2,1,1455,0,0,0,0,3,1
TF,VIBRI,55.794292,-108.308147,0, ,0.0,0.0,0.0,0.0,1,3200,0,0,0,0,0,1
HM,VIBRI,55.794292,-108.308147,2, ,0.0,0.0,116.0,04.3,0,0,0,1,230,0,0,0,0

APPTR,R30,30,SIKVA
IF,SIKVA,55.797917,-108.075750, ,0.0,0.0,0,0,0,1,210,0,1,0
TF,SIDLI,55.731842,-108.170122,0, ,0.0,0.0,0.0,0.0,2,2800,0,0,0,0,1,0

APPTR,R30,30,TANTU
IF,TANTU,55.665694,-108.264178, ,0.0,0.0,0,0,0,1,210,0,1,0
TF,SIDLI,55.731842,-108.170122,0, ,0.0,0.0,0.0,0.0,2,2800,0,0,0,0,1,0

FINAL,R30,30,R,3
IF,SIDLI,55.731842,-108.170122, ,0.0,0.0,2,2800,0,0,0,0,1,0
TF,ROSLO,55.794308,-108.308181,0, ,0.0,0.0,297.0,6.0,2,2800,0,0,0,0,2,0
TF,RW30,55.837661,-108.404464,0, ,0.0,0.0,296.0,4.2,1,1471,0,0,0,0,3,1
TF,VIGLU,55.889514,-108.520128,0, ,0.0,0.0,0.0,0.0,1,3100,0,0,0,0,0,1
HM,VIGLU,55.889514,-108.520128,2, ,0.0,0.0,296.0,04.3,0,0,0,1,230,0,0,0,0

