APPTR,R13,13,IKUSU
IF,IKUSU,52.696442,-94.368803, ,0.0,0.0,0,0,0,1,210,0,1,0
TF,MIVES,52.762033,-94.284456,0, ,0.0,0.0,0.0,0.0,2,2500,0,1,200,0,1,0

APPTR,R13,13,XEVEV
IF,XEVEV,52.827564,-94.199856, ,0.0,0.0,0,0,0,1,210,0,1,0
TF,MIVES,52.762033,-94.284456,0, ,0.0,0.0,0.0,0.0,2,2500,0,1,200,0,1,0

FINAL,R13,13,R,3
IF,MIVES,52.762033,-94.284456, ,0.0,0.0,2,2500,0,1,200,0,1,0
TF,EMONO,52.700469,-94.154947,0, ,0.0,0.0,128.0,6.0,2,2500,0,0,0,0,2,0
TF,RW13,52.658828,-94.067722,0, ,0.0,0.0,128.0,4.1,1,1128,0,0,0,0,3,1
TF,TEXUV,52.607339,-93.960281,0, ,0.0,0.0,0.0,0.0,1,2600,0,0,0,0,0,1
HM,TEXUV,52.607339,-93.960281,2, ,0.0,0.0,128.0,04.3,0,0,0,1,230,0,0,0,0

APPTR,R31,31,IPTUR
IF,IPTUR,52.485008,-93.926369, ,0.0,0.0,0,0,0,1,210,0,1,0
TF,ESTUM,52.550289,-93.841769,0, ,0.0,0.0,0.0,0.0,2,2400,0,1,200,0,1,0

APPTR,R31,31,OTUPT
IF,OTUPT,52.615506,-93.756917, ,0.0,0.0,0,0,0,1,210,0,1,0
TF,ESTUM,52.550289,-93.841769,0, ,0.0,0.0,0.0,0.0,2,2400,0,1,200,0,1,0

FINAL,R31,31,R,3
IF,ESTUM,52.550289,-93.841769, ,0.0,0.0,2,2400,0,1,200,0,1,0
TF,AXOSA,52.612194,-93.970394,0, ,0.0,0.0,308.0,6.0,2,2400,0,0,0,0,2,0
TF,RW31,52.652892,-94.055311,0, ,0.0,0.0,308.0,4.0,1,1141,0,0,0,0,3,1
TF,MUTIV,52.704294,-94.162978,0, ,0.0,0.0,0.0,0.0,1,2600,0,0,0,0,0,1
HM,MUTIV,52.704294,-94.162978,2, ,0.0,0.0,308.0,04.3,0,0,0,1,230,0,0,0,0

