SID,CYWA1,17,4
VA,0,165.0,2,830,0,0,0,0,0,0
DF,YTA,45.803197,-77.218225,0, ,0.0,0.0,0,0,0,0,0,0,0,0

SID,CYWA1,35,4
VA,0,345.0,2,830,0,0,0,0,0,0
DF,YTA,45.803197,-77.218225,2, ,0.0,0.0,0,0,0,0,0,0,0,0

SID,TOXIP1,17,4
VA,0,165.0,2,830,0,0,0,0,0,0
DF,TOXIP,45.929411,-77.067794,0, ,0.0,0.0,1,3000,0,0,0,0,0,0

SID,TOXIP1,35,4
VA,0,345.0,2,830,0,0,0,0,0,0
DF,TOXIP,45.929411,-77.067794,2, ,0.0,0.0,1,3000,0,0,0,0,0,0

APPTR,N35,35,YWA
PI,YWA,45.894761,-77.271658,2,YVO,117.0,5.0,162,5.0,2,2200,0,0,0,0,0,0
CF,YWA,45.894761,-77.271658,0,YVO,184.5,138.7,342.0,3.0,2,2200,0,0,0,0,0,0

FINAL,N35,35,N,2
IF,YWA,45.894761,-77.271658,YWA,0.0,0.0,2,2200,0,0,0,0,2,0
CF,RW35,45.948125,-77.316103,0,YWA,0.0,0.0,342.0,3.7,1,467,0,0,0,0,3,0
CA,0,342.0,2,830,0,0,0,0,0,0
DF,YWA,45.894761,-77.271658,2, ,0.0,0.0,1,2200,0,0,0,0,0,0
HM,YWA,45.894761,-77.271658,2, ,0.0,0.0,342.0,04.3,0,0,0,0,0,0,0,0,0

APPTR,R35,35,AGNEX
IF,AGNEX,45.559619,-77.086400, ,0.0,0.0,0,0,0,0,0,0,0,0
TF,UKREM,45.804428,-77.210183,0, ,0.0,0.0,0.0,0.0,2,2200,0,0,0,0,1,0
TF,OMTEB,45.848881,-77.242883,0, ,0.0,0.0,0.0,0.0,2,2200,0,0,0,0,1,0

APPTR,R35,35,OBMUS
IF,OBMUS,45.846442,-77.171439, ,0.0,0.0,0,0,0,0,0,0,1,0
TF,OMTEB,45.848881,-77.242883,0, ,0.0,0.0,0.0,0.0,2,2200,0,0,0,0,1,0

APPTR,R35,35,ROSVO
IF,ROSVO,45.590242,-77.479172, ,0.0,0.0,0,0,0,0,0,0,0,0
TF,MUVRI,45.806842,-77.281569,0, ,0.0,0.0,0.0,0.0,2,2200,0,0,0,0,1,0
TF,OMTEB,45.848881,-77.242883,0, ,0.0,0.0,0.0,0.0,2,2200,0,0,0,0,1,0

FINAL,R35,35,R,4
IF,OMTEB,45.848881,-77.242883, ,0.0,0.0,2,2200,0,0,0,0,0,0
TF,PESPI,45.893325,-77.275636,0, ,0.0,0.0,345.0,3.0,2,2000,0,0,0,0,2,0
TF,XOSOB,45.927392,-77.300781,0, ,0.0,0.0,345.0,2.3,2,1040,0,0,0,0,0,0
TF,RW35,45.948125,-77.316103,0, ,0.0,0.0,345.0,1.4,1,467,0,0,0,0,3,1
VA,0,345.0,2,1000,0,0,0,0,0,0
DF,UKREM,45.804428,-77.210183,2, ,0.0,0.0,1,2200,0,0,0,0,0,1
HM,UKREM,45.804428,-77.210183,2, ,0.0,0.0,345.0,04,0,0,0,0,0,0,0,0,0

