APPTR,R07,07,EMUSU
IF,EMUSU,48.557681,-68.805822, ,0.0,0.0,0,0,0,0,0,0,0,0
TF,URPIR,48.413564,-68.790467,0, ,0.0,0.0,0.0,0.0,2,2200,0,1,210,0,1,0
TF,ALMOV,48.351756,-68.706689,0, ,0.0,0.0,0.0,0.0,2,2000,0,1,180,0,1,0

APPTR,R07,07,VIVAS
IF,VIVAS,48.295942,-68.799364, ,0.0,0.0,0,0,0,0,0,0,1,0
TF,ALMOV,48.351756,-68.706689,0, ,0.0,0.0,0.0,0.0,2,2000,0,1,180,0,1,0

APPTR,R07,07,XOLRI
IF,XOLRI,48.289886,-68.623111, ,0.0,0.0,0,0,0,1,210,0,1,0
TF,ALMOV,48.351756,-68.706689,0, ,0.0,0.0,0.0,0.0,2,2000,0,1,180,0,1,0

FINAL,R07,07,R,4
IF,ALMOV,48.351756,-68.706689, ,0.0,0.0,2,2000,0,1,180,0,0,0
TF,DELSU,48.418628,-68.595211,0, ,0.0,0.0,66.0,6.0,2,1700,0,0,0,0,2,0
TF,IGVUB,48.445675,-68.549989,0, ,0.0,0.0,66.0,2.4,2,920,0,0,0,0,0,0
TF,RW07,48.473489,-68.503406,0, ,0.0,0.0,66.0,2.5,1,125,0,0,0,0,3,1
CA,0,66.0,2,490,0,0,0,0,0,0
DF,EMUSU,48.557681,-68.805822,1, ,0.0,0.0,1,2200,0,0,0,0,0,1
HM,EMUSU,48.557681,-68.805822,2, ,0.0,0.0,232.0,04,0,0,0,0,0,0,0,0,0

APPTR,R25,25,ALRIS
IF,ALRIS,48.659364,-68.367403, ,0.0,0.0,0,0,0,1,210,0,1,0
TF,KAXAX,48.582036,-68.320806,0, ,0.0,0.0,0.0,0.0,2,2200,0,1,180,0,1,0

APPTR,R25,25,DARAM
IF,DARAM,48.542581,-68.210325, ,0.0,0.0,0,0,0,1,210,0,1,0
TF,KAXAX,48.582036,-68.320806,0, ,0.0,0.0,0.0,0.0,2,2200,0,1,180,0,1,0

FINAL,R25,25,R,4
IF,KAXAX,48.582036,-68.320806, ,0.0,0.0,2,2200,0,1,180,0,0,0
TF,VESNI,48.526539,-68.414322,0, ,0.0,0.0,246.0,5.0,2,1400,0,0,0,0,2,0
TF,KODOB,48.504208,-68.451856,0, ,0.0,0.0,246.0,2.0,2,760,0,0,0,0,0,0
TF,RW25,48.481903,-68.489294,0, ,0.0,0.0,246.0,2.0,1,121,0,0,0,0,3,1
TF,XOSOL,48.370558,-68.675392,0, ,0.0,0.0,0.0,0.0,1,2400,0,0,0,0,0,1
HM,XOSOL,48.370558,-68.675392,1, ,0.0,0.0,66.0,04,0,0,0,0,0,0,0,0,0

