SID,IMIGU1,15,5
DF,PUXUG,54.749531,-127.160978,0, ,0.0,0.0,0,0,0,0,0,0,0,0
TF,IMIGU,54.667192,-127.018492,0, ,0.0,0.0,0.0,0.0,0,0,0,0,0,0,0,0

SID,IMIGU1,MUVEM,6
IF,IMIGU,54.667192,-127.018492, ,0.0,0.0,0,0,0,0,0,0,0,0
TF,MUVEM,54.452381,-126.650808,0, ,0.0,0.0,0.0,0.0,0,0,0,0,0,0,0,0

SID,IMIGU1,NUKAG,6
IF,IMIGU,54.667192,-127.018492, ,0.0,0.0,0,0,0,0,0,0,0,0
TF,VOKUK,54.790511,-126.590236,0, ,0.0,0.0,0.0,0.0,0,0,0,0,0,0,0,0
TF,NUKAG,55.018008,-126.785833,0, ,0.0,0.0,0.0,0.0,0,0,0,0,0,0,0,0

SID,RAGAL1,33,5
DF,IGVIX,54.904686,-127.205786,0, ,0.0,0.0,0,0,0,0,0,0,0,0
TF,ETKAP,54.953247,-127.291828,0, ,0.0,0.0,0.0,0.0,0,0,0,0,0,0,0,0
TF,RAGAL,55.070808,-127.345058,0, ,0.0,0.0,0.0,0.0,0,0,0,0,0,0,0,0

SID,RAGAL1,ILIPU,6
IF,RAGAL,55.070808,-127.345058, ,0.0,0.0,0,0,0,0,0,0,0,0
TF,ILIPU,55.247858,-127.425839,0, ,0.0,0.0,0.0,0.0,0,0,0,0,0,0,0,0

SID,RAGAL1,VIMBU,6
IF,RAGAL,55.070808,-127.345058, ,0.0,0.0,0,0,0,0,0,0,0,0
TF,GOXEX,55.100017,-127.148533,0, ,0.0,0.0,0.0,0.0,0,0,0,1,230,0,0,0
TF,VIMBU,54.788100,-126.838906,0, ,0.0,0.0,0.0,0.0,0,0,0,0,0,0,0,0

APPTR,R15-X,15,LERAD
IF,LERAD,55.056972,-127.552586, ,0.0,0.0,2,11100,0,1,210,0,1,0
TF,ITMUK,55.103153,-127.465089,0, ,0.0,0.0,0.0,0.0,2,9600,0,0,0,0,0,0
TF,ALUDI,55.136903,-127.400939,0, ,0.0,0.0,0.0,0.0,2,8300,0,0,0,0,0,0
TF,BODPA,55.093972,-127.332314,0, ,0.0,0.0,0.0,0.0,2,7700,0,0,0,0,0,0
TF,DUPOT,55.063156,-127.273533,0, ,0.0,0.0,0.0,0.0,2,6500,0,0,0,0,0,0
TF,EBGEG,55.009564,-127.252797,0, ,0.0,0.0,0.0,0.0,2,5400,0,0,0,0,1,0

APPTR,R15-X,15,VEVTA
IF,VEVTA,55.216642,-127.248683, ,0.0,0.0,2,11100,0,1,210,0,1,0
TF,ALUDI,55.136903,-127.400939,0, ,0.0,0.0,0.0,0.0,2,8700,0,0,0,0,0,0
TF,BODPA,55.093972,-127.332314,1, ,0.0,0.0,0.0,0.0,2,7700,0,0,0,0,0,0
TF,DUPOT,55.063156,-127.273533,0, ,0.0,0.0,0.0,0.0,2,6500,0,0,0,0,0,0
TF,EBGEG,55.009564,-127.252797,0, ,0.0,0.0,0.0,0.0,2,5400,0,0,0,0,1,0

FINAL,R15-X,15,R,3
IF,EBGEG,55.009564,-127.252797, ,0.0,0.0,2,5400,0,0,0,0,0,0
TF,NOVEX,54.954344,-127.231489,0, ,0.0,0.0,150.0,3.4,2,4700,0,0,0,0,2,0
TF,RW15,54.834847,-127.185583,0, ,0.0,0.0,150.0,7.4,1,1754,0,0,0,0,3,1
CA,0,150.0,2,2120,0,0,0,0,0,0
DF,PENRI,54.581042,-126.911089,0, ,0.0,0.0,0,0,0,0,0,0,0,0
TF,MUVEM,54.452381,-126.650808,0, ,0.0,0.0,0.0,0.0,1,6800,0,0,0,0,0,1
HM,MUVEM,54.452381,-126.650808,1, ,0.0,0.0,113.0,04.3,0,0,0,1,230,0,0,0,0

APPTR,R15-Y,15,KIRUV
IF,KIRUV,55.188753,-127.064194, ,0.0,0.0,2,11100,0,1,210,0,1,0
TF,NUBUD,55.259253,-127.158281,0, ,0.0,0.0,0.0,0.0,2,9700,0,0,0,0,0,0
RF,GOROD,55.207594,-127.381983,1,ARC04,152.3,4.3,2,6800,0,0,0,0,0,0
TF,VODUG,55.165822,-127.373508,0, ,0.0,0.0,0.0,0.0,2,6100,0,1,180,0,1,0
TF,ITKAD,55.134758,-127.365292,0, ,0.0,0.0,0.0,0.0,2,5800,0,0,0,0,0,0
RF,IRKOK,55.096286,-127.337019,1,ARC02,121.9,5.1,2,5400,0,0,0,0,0,0
TF,NUDAP,55.049617,-127.275622,0, ,0.0,0.0,0.0,0.0,2,4900,0,0,0,0,0,0
RF,BETUK,54.989072,-127.230306,2,ARC01,285.2,8.3,2,4300,0,0,0,0,0,0

APPTR,R15-Y,15,VEVPU
IF,VEVPU,55.203928,-127.753386, ,0.0,0.0,2,11100,0,1,210,0,1,0
TF,VIBDU,55.238939,-127.591947,0, ,0.0,0.0,0.0,0.0,2,9200,0,0,0,0,0,0
RF,VODUG,55.165822,-127.373508,2,ARC03,150.3,5.6,2,6100,0,1,180,0,1,0
TF,ITKAD,55.134758,-127.365292,0, ,0.0,0.0,0.0,0.0,2,5800,0,0,0,0,0,0
RF,IRKOK,55.096286,-127.337019,1,ARC02,121.9,5.1,2,5400,0,0,0,0,0,0
TF,NUDAP,55.049617,-127.275622,0, ,0.0,0.0,0.0,0.0,2,4900,0,0,0,0,0,0
RF,BETUK,54.989072,-127.230306,2,ARC01,339.3,8.3,2,4300,0,0,0,0,0,0

FINAL,R15-Y,15,R,3
IF,BETUK,54.989072,-127.230306, ,0.0,0.0,2,4300,0,0,0,0,0,0
TF,DASET,54.945417,-127.217611,0, ,0.0,0.0,153.0,2.7,2,3900,0,0,0,0,2,0
TF,RW15,54.834847,-127.185583,0, ,0.0,0.0,153.0,6.7,1,1754,0,0,0,0,3,1
VA,0,153.0,2,2400,0,0,0,0,0,0
DF,OTSUV,54.670281,-127.059092,0, ,0.0,0.0,0,0,0,0,0,0,0,0
TF,MUVEM,54.452381,-126.650808,0, ,0.0,0.0,0.0,0.0,1,6800,0,0,0,0,0,1
HM,MUVEM,54.452381,-126.650808,1, ,0.0,0.0,115.0,04.3,0,0,0,1,230,0,0,0,0

APPTR,R15-Z,15,ERBEX
IF,ERBEX,55.270756,-127.374619, ,0.0,0.0,0,0,0,0,0,0,1,0
TF,VITUG,55.088378,-127.360406,0, ,0.0,0.0,0.0,0.0,2,7600,0,0,0,0,0,0
TF,DRESD,55.020567,-127.355156,0, ,0.0,0.0,0.0,0.0,2,6200,0,0,0,0,1,0

APPTR,R15-Z,15,MUVEM
IF,MUVEM,54.452381,-126.650808, ,0.0,0.0,0,0,0,0,0,0,0,0
TF,ANALI,54.892561,-126.917075,0, ,0.0,0.0,0.0,0.0,2,9300,0,0,0,0,0,0
TF,ITRAG,55.097072,-127.165786,0, ,0.0,0.0,0.0,0.0,2,9300,0,0,0,0,1,0
TF,OBSOS,55.049328,-127.284139,0, ,0.0,0.0,0.0,0.0,2,7200,0,0,0,0,0,0
TF,DRESD,55.020567,-127.355156,0, ,0.0,0.0,0.0,0.0,2,6200,0,0,0,0,1,0

APPTR,R15-Z,15,XT
IF,XT,54.374036,-128.584517, ,0.0,0.0,0,0,0,0,0,0,0,0
TF,DUPGO,54.936928,-127.560528,0, ,0.0,0.0,0.0,0.0,2,10000,0,0,0,0,1,0
TF,IGSES,54.991764,-127.426069,0, ,0.0,0.0,0.0,0.0,2,7400,0,0,0,0,0,0
TF,DRESD,55.020567,-127.355156,0, ,0.0,0.0,0.0,0.0,2,6200,0,0,0,0,1,0

FINAL,R15-Z,15,R,4
IF,DRESD,55.020567,-127.355156, ,0.0,0.0,2,6200,0,0,0,0,0,0
TF,LOMGO,54.959311,-127.280042,0, ,0.0,0.0,127.0,4.5,2,4800,0,0,0,0,2,0
TF,APMUR,54.880892,-127.217897,0, ,0.0,0.0,138.0,5.2,2,2880,0,0,0,0,0,0
TF,BERIB,54.835472,-127.182025,0, ,0.0,0.0,138.0,3.0,1,1754,0,0,0,0,3,1
TF,TEVIP,54.653281,-127.039028,0, ,0.0,0.0,0.0,0.0,0,0,0,0,0,0,0,0
TF,MUVEM,54.452381,-126.650808,0, ,0.0,0.0,0.0,0.0,1,6800,0,0,0,0,0,1
HM,MUVEM,54.452381,-126.650808,1, ,0.0,0.0,114.0,04.3,0,0,0,1,230,0,0,0,0

APPTR,R33-X,33,MUVEM
IF,MUVEM,54.452381,-126.650808, ,0.0,0.0,2,11100,0,0,0,0,1,0
TF,UDBOV,54.594478,-127.116547,0, ,0.0,0.0,0.0,0.0,2,6100,0,0,0,0,1,0

APPTR,R33-X,33,PESMI
IF,PESMI,54.563300,-127.435708, ,0.0,0.0,2,11100,0,1,210,0,1,0
TF,OMVIK,54.587106,-127.192850,0, ,0.0,0.0,0.0,0.0,2,6800,0,0,0,0,0,0
TF,UDBOV,54.594478,-127.116547,0, ,0.0,0.0,0.0,0.0,2,6100,0,0,0,0,1,0

FINAL,R33-X,33,R,4
IF,UDBOV,54.594478,-127.116547, ,0.0,0.0,2,6100,0,0,0,0,0,0
TF,ONGOK,54.647000,-127.131567,0, ,0.0,0.0,333.0,3.2,2,5300,0,0,0,0,0,0
TF,URSIL,54.716086,-127.151381,0, ,0.0,0.0,333.0,4.2,2,4200,0,0,0,0,2,0
TF,RW33,54.815881,-127.180108,0, ,0.0,0.0,333.0,6.1,1,1765,0,0,0,0,3,1
TF,ROTPU,54.865114,-127.194325,0, ,0.0,0.0,0.0,0.0,0,0,0,0,0,0,0,0
TF,UDGEL,55.022817,-127.325381,0, ,0.0,0.0,0.0,0.0,0,0,0,0,0,0,0,0
TF,ETBIB,55.268631,-127.404692,0, ,0.0,0.0,0.0,0.0,1,9600,0,0,0,0,0,1
HM,ETBIB,55.268631,-127.404692,1, ,0.0,0.0,332.0,04.3,0,0,0,0,0,0,0,0,0

APPTR,R33-Y,33,ETMUB
IF,ETMUB,54.454828,-126.850292, ,0.0,0.0,2,11100,0,0,0,0,1,0
TF,NUGIG,54.576922,-127.088281,0, ,0.0,0.0,0.0,0.0,2,5900,0,1,210,0,0,0
RF,VOKEV,54.610236,-127.121069,2,ARC05,339.3,3.6,2,5700,0,0,0,0,1,0

FINAL,R33-Y,33,R,3
IF,VOKEV,54.610236,-127.121069, ,0.0,0.0,2,5700,0,0,0,0,0,0
TF,IRBUR,54.690406,-127.144011,0, ,0.0,0.0,333.0,4.9,2,4200,0,0,0,0,2,0
TF,RW33,54.815881,-127.180108,0, ,0.0,0.0,333.0,7.6,1,1765,0,0,0,0,3,1
VA,0,333.0,2,3200,0,0,0,0,0,0
DF,UDGEL,55.022817,-127.325381,0, ,0.0,0.0,0,0,0,0,0,0,0,0
TF,ETBIB,55.268631,-127.404692,0, ,0.0,0.0,0.0,0.0,1,9600,0,0,0,0,0,1
HM,ETBIB,55.268631,-127.404692,1, ,0.0,0.0,332.0,04.3,0,0,0,0,0,0,0,0,0

APPTR,R33-Z,33,LESOL
IF,LESOL,54.546458,-127.404536, ,0.0,0.0,2,11100,0,0,0,0,1,0
TF,TETIR,54.591017,-127.188683,0, ,0.0,0.0,0.0,0.0,2,7100,0,1,210,0,0,0
TF,SELOT,54.617014,-127.061650,0, ,0.0,0.0,0.0,0.0,2,6100,0,0,0,0,1,0

APPTR,R33-Z,33,MUVEM
IF,MUVEM,54.452381,-126.650808, ,0.0,0.0,2,11100,0,0,0,0,1,0
TF,SELOT,54.617014,-127.061650,0, ,0.0,0.0,0.0,0.0,2,6100,0,0,0,0,1,0

FINAL,R33-Z,33,R,4
IF,SELOT,54.617014,-127.061650, ,0.0,0.0,2,6100,0,0,0,0,0,0
TF,XONPU,54.662528,-127.089250,0, ,0.0,0.0,323.0,2.9,2,5390,0,0,0,0,0,0
TF,LIBIR,54.712744,-127.119775,0, ,0.0,0.0,323.0,3.2,2,4200,0,0,0,0,2,0
TF,NABRA,54.815522,-127.182508,0, ,0.0,0.0,323.0,6.6,1,1763,0,0,0,0,3,1
TF,LEXAP,54.862575,-127.211342,0, ,0.0,0.0,0.0,0.0,0,0,0,0,0,0,0,0
TF,UDGEL,55.022817,-127.325381,0, ,0.0,0.0,0.0,0.0,0,0,0,0,0,0,0,0
TF,ETBIB,55.268631,-127.404692,0, ,0.0,0.0,0.0,0.0,1,9600,0,0,0,0,0,1
HM,ETBIB,55.268631,-127.404692,1, ,0.0,0.0,332.0,04.3,0,0,0,0,0,0,0,0,0

