APPTR,R13,13,BEXUS
IF,BEXUS,50.345786,-107.953536, ,0.0,0.0,0,0,0,1,210,0,1,0
TF,ETNAT,50.404139,-107.860697,0, ,0.0,0.0,0.0,0.0,2,4200,0,0,0,0,1,0

APPTR,R13,13,RUBLA
IF,RUBLA,50.462550,-107.767833, ,0.0,0.0,0,0,0,1,210,0,1,0
TF,ETNAT,50.404139,-107.860697,0, ,0.0,0.0,0.0,0.0,2,4200,0,0,0,0,1,0

FINAL,R13,13,R,3
IF,ETNAT,50.404139,-107.860697, ,0.0,0.0,2,4200,0,0,0,0,1,0
TF,VIBDA,50.345111,-107.769797,0, ,0.0,0.0,124.0,5.0,2,4000,0,0,0,0,2,0
TF,RW13,50.296675,-107.695458,0, ,0.0,0.0,124.0,4.1,1,2701,0,0,0,0,3,1
TF,DUTSO,50.237231,-107.604533,0, ,0.0,0.0,0.0,0.0,1,4500,0,0,0,0,0,1
HM,DUTSO,50.237231,-107.604533,2, ,0.0,0.0,124.0,04.3,0,0,0,1,200,0,0,0,0

APPTR,R31,31,KATVO
IF,KATVO,50.239408,-107.426394, ,0.0,0.0,0,0,0,1,210,0,1,0
TF,IRGIM,50.181267,-107.519239,0, ,0.0,0.0,0.0,0.0,2,4300,0,0,0,0,1,0

APPTR,R31,31,PELDU
IF,PELDU,50.122922,-107.611661, ,0.0,0.0,0,0,0,1,210,0,1,0
TF,IRGIM,50.181267,-107.519239,0, ,0.0,0.0,0.0,0.0,2,4300,0,0,0,0,1,0

FINAL,R31,31,R,3
IF,IRGIM,50.181267,-107.519239, ,0.0,0.0,2,4300,0,0,0,0,1,0
TF,LOGLO,50.240506,-107.609536,0, ,0.0,0.0,304.0,5.0,2,4000,0,0,0,0,2,0
TF,RW31,50.288364,-107.682728,0, ,0.0,0.0,304.0,4.0,1,2718,0,0,0,0,3,1
TF,GADNI,50.347744,-107.773847,0, ,0.0,0.0,0.0,0.0,1,4500,0,0,0,0,0,1
HM,GADNI,50.347744,-107.773847,2, ,0.0,0.0,304.0,04.3,0,0,0,1,200,0,0,0,0

