APPTR,R16-M,16,BURMA
IF,BURMA,66.018833,-146.182361, ,0.0,0.0,0,0,0,0,0,0,0,0
TF,DIFER,66.181314,-145.611019,0, ,0.0,0.0,0.0,0.0,2,3900,0,1,210,0,1,0
TF,HIKUS,66.411467,-145.503139,0, ,0.0,0.0,0.0,0.0,2,2800,0,0,0,0,0,0
TF,JILTT,66.430494,-145.739194,0, ,0.0,0.0,0.0,0.0,2,2400,0,0,0,0,1,0

APPTR,R16-M,16,FYU
IF,FYU,66.574253,-145.276658, ,0.0,0.0,0,0,0,0,0,0,1,0
TF,JILTT,66.430494,-145.739194,0, ,0.0,0.0,0.0,0.0,2,2400,0,0,0,0,1,0

APPTR,R16-M,16,JILTT
HF,JILTT,66.430494,-145.739194,2, ,0.0,0.0,176.0,04,2,2400,0,0,0,0,1,0,0

FINAL,R16-M,16,R,3
IF,JILTT,66.430494,-145.739194, ,0.0,0.0,2,2400,0,0,0,0,0,0
TF,VOGIE,66.349125,-145.780525,0, ,0.0,0.0,176.0,5.0,2,1900,0,0,0,0,2,0
TF,RW16,66.279819,-145.815511,0, ,0.0,0.0,175.0,4.3,1,499,0,0,0,0,3,1
CA,0,175.0,2,900,0,0,0,0,0,0
DF,BURMA,66.018833,-146.182361,0, ,0.0,0.0,2,3000,0,0,0,0,0,1
HM,BURMA,66.018833,-146.182361,2, ,0.0,0.0,195.0,04,0,0,0,0,0,0,0,0,0

APPTR,R34-M,34,BURMA
IF,BURMA,66.018833,-146.182361, ,0.0,0.0,0,0,0,0,0,0,1,0
TF,FILTO,66.102981,-145.903861,0, ,0.0,0.0,0.0,0.0,2,2700,0,0,0,0,1,0

APPTR,R34-M,34,HEXAX
IF,HEXAX,65.994581,-145.383683, ,0.0,0.0,0,0,0,0,0,0,1,0
TF,FILTO,66.102981,-145.903861,0, ,0.0,0.0,0.0,0.0,2,2700,0,0,0,0,1,0

FINAL,R34-M,34,R,3
IF,FILTO,66.102981,-145.903861, ,0.0,0.0,2,2700,0,0,0,0,0,0
TF,JATAN,66.171378,-145.869839,0, ,0.0,0.0,355.0,4.2,2,2500,0,0,0,0,2,0
TF,RW34,66.269103,-145.820903,0, ,0.0,0.0,355.0,6.0,1,493,0,0,0,0,3,1
CA,0,355.0,2,940,0,0,0,0,0,0
DF,BURMA,66.018833,-146.182361,1, ,0.0,0.0,2,3000,0,0,0,0,0,1
HM,BURMA,66.018833,-146.182361,2, ,0.0,0.0,195.0,04,0,0,0,0,0,0,0,0,0

