APPTR,R07,07,SELOB
IF,SELOB,55.310078,-116.777081, ,0.0,0.0,0,0,0,0,0,0,1,0
TF,PEMVU,55.393253,-116.777653,0, ,0.0,0.0,0.0,0.0,2,3700,0,0,0,0,1,0

APPTR,R07,07,TUDIG
IF,TUDIG,55.476428,-116.778228, ,0.0,0.0,0,0,0,0,0,0,1,0
TF,PEMVU,55.393253,-116.777653,0, ,0.0,0.0,0.0,0.0,2,3700,0,0,0,0,1,0

FINAL,R07,07,R,3
IF,PEMVU,55.393253,-116.777653, ,0.0,0.0,2,3700,0,0,0,0,1,0
TF,OVEVI,55.393519,-116.602292,0, ,0.0,0.0,74.0,6.0,2,3300,0,0,0,0,2,0
TF,RW07,55.393558,-116.485283,0, ,0.0,0.0,74.0,4.0,1,2015,0,0,0,0,3,1
TF,VITUS,55.393447,-116.339150,0, ,0.0,0.0,0.0,0.0,1,3700,0,0,0,0,0,1
HM,VITUS,55.393447,-116.339150,2, ,0.0,0.0,74.0,04.3,0,0,0,0,0,0,0,0,0

APPTR,R25,25,REXAB
IF,REXAB,55.476281,-116.171011, ,0.0,0.0,0,0,0,0,0,0,1,0
TF,MOGEB,55.393106,-116.171711,0, ,0.0,0.0,0.0,0.0,2,3600,0,0,0,0,1,0

APPTR,R25,25,ROVTO
IF,ROVTO,55.309931,-116.172406, ,0.0,0.0,0,0,0,0,0,0,1,0
TF,MOGEB,55.393106,-116.171711,0, ,0.0,0.0,0.0,0.0,2,3600,0,0,0,0,1,0

FINAL,R25,25,R,3
IF,MOGEB,55.393106,-116.171711, ,0.0,0.0,2,3600,0,0,0,0,1,0
TF,IRKAR,55.393458,-116.347069,0, ,0.0,0.0,254.0,6.0,2,3300,0,0,0,0,2,0
TF,RW25,55.393553,-116.464444,0, ,0.0,0.0,254.0,4.0,1,2011,0,0,0,0,3,1
TF,OMPUR,55.393514,-116.610578,0, ,0.0,0.0,0.0,0.0,1,3500,0,0,0,0,0,1
HM,OMPUR,55.393514,-116.610578,2, ,0.0,0.0,254.0,04.3,0,0,0,0,0,0,0,0,0

