APPTR,R13,13,BIBOL
IF,BIBOL,54.253722,-132.368067, ,0.0,0.0,0,0,0,0,0,0,1,0
TF,ITNEV,54.176336,-132.284731,0, ,0.0,0.0,0.0,0.0,2,1400,0,0,0,0,1,0

APPTR,R13,13,DAXEX
IF,DAXEX,54.235672,-132.123742, ,0.0,0.0,0,0,0,0,0,0,1,0
TF,ITNEV,54.176336,-132.284731,0, ,0.0,0.0,0.0,0.0,2,1400,0,0,0,0,1,0

APPTR,R13,13,ITGIP
IF,ITGIP,54.116786,-132.445256, ,0.0,0.0,0,0,0,0,0,0,1,0
TF,ITNEV,54.176336,-132.284731,0, ,0.0,0.0,0.0,0.0,2,1400,0,0,0,0,1,0

FINAL,R13,13,R,3
IF,ITNEV,54.176336,-132.284731, ,0.0,0.0,2,1400,0,0,0,0,1,0
TF,MIDPU,54.091744,-132.194061,0, ,0.0,0.0,129.0,6.0,2,1400,0,0,0,0,2,0
TF,RW13,54.032819,-132.131164,0, ,0.0,0.0,129.0,4.2,1,68,0,0,0,0,3,1
TF,VERPU,53.969372,-132.063678,0, ,0.0,0.0,0.0,0.0,1,3600,0,0,0,0,0,1
HM,VERPU,53.969372,-132.063678,2, ,0.0,0.0,129.0,04.3,0,0,0,1,230,0,0,0,0

APPTR,R31-Y,31,MAVUT
IF,MAVUT,53.933153,-131.825914, ,0.0,0.0,0,0,0,1,210,0,1,0
TF,GABAS,53.880381,-131.969439,0, ,0.0,0.0,0.0,0.0,2,1700,0,0,0,0,1,0

APPTR,R31-Y,31,PIDLI
IF,PIDLI,53.827436,-132.112600, ,0.0,0.0,0,0,0,1,210,0,1,0
TF,GABAS,53.880381,-131.969439,0, ,0.0,0.0,0.0,0.0,2,1700,0,0,0,0,1,0

APPTR,R31-Y,31,TUKEB
IF,TUKEB,53.795653,-131.880158, ,0.0,0.0,0,0,0,0,0,0,1,0
TF,GABAS,53.880381,-131.969439,0, ,0.0,0.0,0.0,0.0,2,1700,0,0,0,0,1,0

FINAL,R31-Y,31,R,3
IF,GABAS,53.880381,-131.969439, ,0.0,0.0,2,1700,0,0,0,0,0,0
TF,ADSID,53.965042,-132.059081,0, ,0.0,0.0,309.0,6.0,2,1400,0,0,0,0,2,0
TF,RW31,54.021975,-132.119611,0, ,0.0,0.0,309.0,4.0,1,70,0,0,0,0,3,1
TF,URMAM,54.092436,-132.194797,0, ,0.0,0.0,0.0,0.0,1,3600,0,0,0,0,0,1
HM,URMAM,54.092436,-132.194797,2, ,0.0,0.0,309.0,04.3,0,0,0,1,230,0,0,0,0

APPTR,R31-Z,31,BEMEM
IF,BEMEM,53.838125,-131.791406, ,0.0,0.0,0,0,0,0,0,0,1,0
TF,IGRUB,53.906383,-131.914686,0, ,0.0,0.0,0.0,0.0,2,1700,0,0,0,0,1,0

APPTR,R31-Z,31,DATET
IF,DATET,53.833411,-132.029975, ,0.0,0.0,0,0,0,1,210,0,1,0
TF,IGRUB,53.906383,-131.914686,0, ,0.0,0.0,0.0,0.0,2,1700,0,0,0,0,1,0

APPTR,R31-Z,31,TALKI
IF,TALKI,53.979242,-131.798997, ,0.0,0.0,0,0,0,1,210,0,1,0
TF,IGRUB,53.906383,-131.914686,0, ,0.0,0.0,0.0,0.0,2,1700,0,0,0,0,1,0

FINAL,R31-Z,31,R,3
IF,IGRUB,53.906383,-131.914686, ,0.0,0.0,2,1700,0,0,0,0,0,0
TF,IKLIP,53.974514,-132.038372,0, ,0.0,0.0,294.0,6.0,2,1700,0,0,0,0,2,0
TF,VOLEX,54.020608,-132.122417,0, ,0.0,0.0,294.0,4.1,1,71,0,0,0,0,3,1
TF,LIDAD,54.077214,-132.226025,0, ,0.0,0.0,0.0,0.0,1,3600,0,0,0,0,0,1
HM,LIDAD,54.077214,-132.226025,2, ,0.0,0.0,294.0,04.3,0,0,0,1,230,0,0,0,0

