APPTR,R18,18,ILOKI
IF,ILOKI,56.954261,-98.718817, ,0.0,0.0,0,0,0,1,210,0,1,0
TF,BODVA,56.964217,-98.869928,0, ,0.0,0.0,0.0,0.0,2,2300,0,1,200,0,1,0

APPTR,R18,18,MUNVO
IF,MUNVO,56.973986,-99.021119, ,0.0,0.0,0,0,0,1,210,0,1,0
TF,BODVA,56.964217,-98.869928,0, ,0.0,0.0,0.0,0.0,2,2300,0,1,200,0,1,0

FINAL,R18,18,R,3
IF,BODVA,56.964217,-98.869928, ,0.0,0.0,2,2300,0,1,200,0,1,0
TF,DUPDU,56.865133,-98.891536,0, ,0.0,0.0,183.0,6.0,2,2300,0,0,0,0,2,0
TF,RW18,56.797614,-98.906194,0, ,0.0,0.0,183.0,4.1,1,998,0,0,0,0,3,1
TF,ALNID,56.715036,-98.924050,0, ,0.0,0.0,0.0,0.0,1,2500,0,0,0,0,0,1
HM,ALNID,56.715036,-98.924050,2, ,0.0,0.0,183.0,04.3,0,0,0,1,230,0,0,0,0

APPTR,R36,36,IRDIK
IF,IRDIK,56.610089,-98.794758, ,0.0,0.0,0,0,0,1,210,0,1,0
TF,KELRI,56.619953,-98.944514,0, ,0.0,0.0,0.0,0.0,2,2300,0,1,200,0,1,0

APPTR,R36,36,VEVRU
IF,VEVRU,56.629636,-99.094344, ,0.0,0.0,0,0,0,1,210,0,1,0
TF,KELRI,56.619953,-98.944514,0, ,0.0,0.0,0.0,0.0,2,2300,0,1,200,0,1,0

FINAL,R36,36,R,3
IF,KELRI,56.619953,-98.944514, ,0.0,0.0,2,2300,0,1,200,0,1,0
TF,UDMEP,56.719050,-98.923183,0, ,0.0,0.0,3.0,6.0,2,2300,0,0,0,0,2,0
TF,RW36,56.788075,-98.908261,0, ,0.0,0.0,3.0,4.2,1,969,0,0,0,0,3,1
TF,LOLDI,56.870647,-98.890336,0, ,0.0,0.0,0.0,0.0,1,2500,0,0,0,0,0,1
HM,LOLDI,56.870647,-98.890336,2, ,0.0,0.0,3.0,04.3,0,0,0,1,230,0,0,0,0

