APPTR,D36,36,OUR1
IF,OUR,31.941667,5.416667, ,0.0,0.0,2,3450,0,0,0,0,0,0
FD,OUR,31.941667,5.416667,0,OUR,0.0,10.6,155.0,10.6,2,2460,0,0,0,0,0,0
CF,D177K,31.764647,5.420281,2,OUR,177.0,10.6,357.0,1.0,2,2460,0,0,0,0,1,0
CF,FF36,31.801408,5.419553,0,OUR,177.0,8.4,357.0,2.2,2,2460,0,0,0,0,0,0

APPTR,D36,36,OUR2
IF,OUR,31.941667,5.416667, ,0.0,0.0,2,3450,0,0,0,0,0,0
FD,OUR,31.941667,5.416667,0,OUR,0.0,9.4,164.0,9.4,2,2460,0,0,0,0,0,0
CF,D177I,31.784689,5.419872,2,OUR,177.0,9.4,357.0,1.0,2,2460,0,0,0,0,1,0
CF,FF36,31.801408,5.419553,0,OUR,177.0,8.4,357.0,1.0,2,2460,0,0,0,0,0,0

FINAL,D36,36,D,4
IF,FF36,31.801408,5.419553,OUR,177.0,8.4,2,2460,0,0,0,0,2,0
CF,64VOR,31.834789,5.418850,0,OUR,177.0,6.4,357.0,2.0,2,1830,0,0,0,0,0,0
CF,44VOR,31.868186,5.418167,0,OUR,177.0,4.4,357.0,2.0,2,1190,0,0,0,0,0,0
CF,RW36,31.902111,5.416642,0,OUR,178.0,2.4,357.0,2.0,1,548,0,0,0,0,3,0
CF,OUR,31.941667,5.416667,0,OUR,0.0,0.0,357.0,2.4,0,0,0,0,0,0,0,0
VM,0,0,2,177.0,1,3450,0,0,0,0,0,0

APPTR,I36,36,OUR1
IF,OUR,31.941667,5.416667, ,0.0,0.0,2,3450,0,0,0,0,0,0
TF,D178F,31.841453,5.416667,0, ,0.0,0.0,0.0,0.0,0,0,0,0,0,0,0,0
FC,D178F,31.841453,5.416667,0,OUR,0.0,0.0,133.0,4.4,0,0,0,0,0,0,0,1
CF,D178K,31.751283,5.415389,2,OUR,178.3,11.4,358.0,1.0,2,2460,0,0,0,0,1,0
CF,CI36,31.767986,5.415528,0,OG,178.4,9.8,358.0,1.0,2,2460,0,0,0,0,0,0

APPTR,I36,36,OUR2
IF,OUR,31.941667,5.416667, ,0.0,0.0,2,3450,0,0,0,0,0,0
TF,D178H,31.808047,5.416667,0, ,0.0,0.0,0.0,0.0,0,0,0,0,0,0,0,0
FC,D178H,31.808047,5.416667,0,OUR,0.0,0.0,133.0,3.0,0,0,0,0,0,0,0,1
CF,CI36,31.767986,5.415528,2,OG,178.4,9.8,358.0,1.0,2,2460,0,0,0,0,1,0

FINAL,I36,36,I,3
IF,CI36,31.767986,5.415528,OG,178.4,9.8,2,2460,0,0,0,0,0,0
CF,FI36,31.801392,5.415803,0,OG,178.4,7.8,358.0,2.0,1,2460,0,0,0,0,2,0
CF,RW36,31.902111,5.416642,0,OG,178.4,1.8,358.0,6.0,1,548,0,0,0,0,3,0
CF,OUR,31.941667,5.416667,0,OUR,0.0,0.0,358.0,2.4,0,0,0,0,0,0,0,0
VM,0,0,2,178.0,1,3450,0,0,0,0,0,0

APPTR,S18,18,OUR1
IF,OUR,31.941667,5.416667, ,0.0,0.0,2,3450,0,0,0,0,0,0
FC,OUR,31.941667,5.416667,0,OUR,0.0,0.0,22.0,7.0,2,1970,0,0,0,0,0,1
CF,FS18,32.005600,5.415356,1,OUR,357.0,3.8,177.0,4.0,2,1970,0,0,0,0,0,0

APPTR,S18,18,OUR2
IF,OUR,31.941667,5.416667, ,0.0,0.0,2,3450,0,0,0,0,0,0
FC,OUR,31.941667,5.416667,0,OUR,0.0,0.0,11.0,6.0,2,1970,0,0,0,0,0,1
CF,FS18,32.005600,5.415356,1,OUR,357.0,3.8,177.0,3.0,2,1970,0,0,0,0,0,0

FINAL,S18,18,D,2
IF,FS18,32.005600,5.415356,OUR,357.0,3.8,2,1970,0,0,0,0,2,0
CF,MS18,31.953189,5.416431,0,OUR,357.0,0.7,177.0,3.1,1,971,0,0,0,0,3,0
CF,OUR,31.941667,5.416667,0,OUR,0.0,0.0,177.0,0.7,0,0,0,0,0,0,0,0
CA,0,177.0,2,1940,0,0,0,0,0,0
DF,OUR,31.941667,5.416667,2, ,0.0,0.0,1,3450,0,0,0,0,0,0

APPTR,S36,36,OUR1
IF,OUR,31.941667,5.416667, ,0.0,0.0,2,3450,0,0,0,0,0,0
FC,OUR,31.941667,5.416667,0,OUR,0.0,0.0,155.0,8.8,2,2460,0,0,0,0,0,1
CF,FF36,31.801408,5.419553,2,OUR,177.0,8.4,357.0,1.0,2,2460,0,0,0,0,0,0

APPTR,S36,36,OUR2
IF,OUR,31.941667,5.416667, ,0.0,0.0,2,3450,0,0,0,0,0,0
FC,OUR,31.941667,5.416667,0,OUR,0.0,0.0,164.0,8.8,2,2460,0,0,0,0,0,1
CF,FF36,31.801408,5.419553,2,OUR,177.0,8.4,357.0,1.0,2,2460,0,0,0,0,0,0

FINAL,S36,36,D,2
IF,FF36,31.801408,5.419553,OUR,177.0,8.4,2,2460,0,0,0,0,2,0
CF,RW36,31.902111,5.416642,0,OUR,178.0,2.4,357.0,6.0,1,548,0,0,0,0,3,0
CF,OUR,31.941667,5.416667,0,OUR,0.0,0.0,357.0,2.4,0,0,0,0,0,0,0,0
VM,0,0,2,177.0,1,3450,0,0,0,0,0,0

