SID,ARWE1M,26,5
CA,0,256.0,2,500,0,0,0,0,0,0
CA,0,292.0,2,3000,0,0,0,0,0,0
DF,KOK,51.094722,2.651667,1, ,0.0,0.0,0,0,0,0,0,0,0,0
TF,ARWEF,50.964472,3.496417,0, ,0.0,0.0,0.0,0.0,0,0,0,0,0,0,0,0

SID,ARWE1S,08,5
CF,HILXI,51.220306,3.011611,0,COA,238.5,15.1,76.0,5.0,0,0,0,1,230,0,0,0
TF,ARWEF,50.964472,3.496417,0, ,0.0,0.0,0.0,0.0,0,0,0,0,0,0,0,0

SID,COA7S,08,5
CF,HILXI,51.220306,3.011611,0,COA,238.5,15.1,76.0,5.0,0,0,0,0,0,0,0,0
TF,COA,51.348056,3.355278,0, ,0.0,0.0,0.0,0.0,0,0,0,0,0,0,0,0

SID,COA8M,26,5
CA,0,256.0,2,500,0,0,0,0,0,0
DF,OS507,51.297306,2.894472,2, ,0.0,0.0,0,0,0,1,210,0,0,0
TF,COA,51.348056,3.355278,0, ,0.0,0.0,0.0,0.0,0,0,0,0,0,0,0,0

SID,DENU1K,26,5
CA,0,256.0,2,500,0,0,0,0,0,0
DF,OS507,51.297306,2.894472,2, ,0.0,0.0,0,0,0,1,210,0,0,0
TF,COA,51.348056,3.355278,0, ,0.0,0.0,0.0,0.0,0,0,0,0,0,0,0,0
TF,DENUT,51.236122,3.657600,0, ,0.0,0.0,0.0,0.0,0,0,0,0,0,0,0,0

SID,DENU1M,26,5
CA,0,256.0,2,500,0,0,0,0,0,0
CA,0,292.0,2,3000,0,0,0,0,0,0
DF,KOK,51.094722,2.651667,1, ,0.0,0.0,0,0,0,0,0,0,0,0
TF,DENUT,51.236122,3.657600,1, ,0.0,0.0,0.0,0.0,0,0,0,0,0,0,0,0

SID,DENU1S,08,5
CF,HILXI,51.220306,3.011611,0,COA,238.5,15.1,76.0,5.0,0,0,0,0,0,0,0,0
TF,DENUT,51.236122,3.657600,0, ,0.0,0.0,0.0,0.0,0,0,0,0,0,0,0,0

SID,FERD5M,26,5
CA,0,256.0,2,500,0,0,0,0,0,0
CA,0,292.0,2,3000,0,0,0,0,0,0
DF,KOK,51.094722,2.651667,1, ,0.0,0.0,0,0,0,0,0,0,0,0
TF,FERDI,50.912639,3.636972,0, ,0.0,0.0,0.0,0.0,0,0,0,0,0,0,0,0

SID,FERD5S,08,5
CF,HILXI,51.220306,3.011611,0,COA,238.5,15.1,76.0,5.0,0,0,0,1,230,0,0,0
TF,FERDI,50.912639,3.636972,0, ,0.0,0.0,0.0,0.0,0,0,0,0,0,0,0,0

SID,HELE1K,26,5
CA,0,256.0,2,500,0,0,0,0,0,0
DF,OS507,51.297306,2.894472,2, ,0.0,0.0,0,0,0,1,210,0,0,0
TF,COA,51.348056,3.355278,0, ,0.0,0.0,0.0,0.0,0,0,0,0,0,0,0,0
TF,HELEN,51.235314,3.869711,0, ,0.0,0.0,0.0,0.0,0,0,0,0,0,0,0,0

SID,HELE1M,26,5
CA,0,256.0,2,500,0,0,0,0,0,0
CA,0,292.0,2,3000,0,0,0,0,0,0
DF,KOK,51.094722,2.651667,1, ,0.0,0.0,0,0,0,0,0,0,0,0
TF,HELEN,51.235314,3.869711,1, ,0.0,0.0,0.0,0.0,0,0,0,0,0,0,0,0

SID,HELE1S,08,5
CF,HILXI,51.220306,3.011611,0,COA,238.5,15.1,76.0,5.0,0,0,0,0,0,0,0,0
TF,HELEN,51.235314,3.869711,0, ,0.0,0.0,0.0,0.0,0,0,0,0,0,0,0,0

SID,KOK6S,08,5
CF,HILXI,51.220306,3.011611,0,COA,238.5,15.1,76.0,5.0,0,0,0,1,220,0,0,1
DF,OS502,51.116222,2.887944,2, ,0.0,0.0,0,0,0,0,0,0,0,0
TF,KOK,51.094722,2.651667,0, ,0.0,0.0,0.0,0.0,0,0,0,0,0,0,0,0

SID,KOK7M,26,5
CA,0,256.0,2,500,0,0,0,0,0,0
CA,0,292.0,2,3000,0,0,0,0,0,0
DF,KOK,51.094722,2.651667,1, ,0.0,0.0,0,0,0,0,0,0,0,0

SID,KONA5M,26,5
CA,0,256.0,2,500,0,0,0,0,0,0
CF,OS508,51.239417,2.663806,0,COA,255.2,26.9,292.0,7.0,0,0,0,0,0,0,0,0
TF,KONAN,51.130764,2.000000,0, ,0.0,0.0,0.0,0.0,0,0,0,0,0,0,0,0

SID,KONA5S,08,5
CF,HILXI,51.220306,3.011611,0,COA,238.5,15.1,76.0,5.0,0,0,0,1,220,0,0,1
DF,OS501,51.266000,2.830361,1, ,0.0,0.0,0,0,0,0,0,0,0,0
TF,KONAN,51.130764,2.000000,0, ,0.0,0.0,0.0,0.0,0,0,0,0,0,0,0,0

SID,NIK5M,26,5
CA,0,256.0,2,500,0,0,0,0,0,0
DF,OS507,51.297306,2.894472,2, ,0.0,0.0,0,0,0,1,210,0,0,0
TF,COA,51.348056,3.355278,0, ,0.0,0.0,0.0,0.0,0,0,0,0,0,0,0,0
TF,NIK,51.165000,4.183889,0, ,0.0,0.0,0.0,0.0,0,0,0,0,0,0,0,0

SID,NIK5S,08,5
CF,HILXI,51.220306,3.011611,0,COA,238.5,15.1,76.0,5.0,0,0,0,0,0,0,0,0
TF,NIK,51.165000,4.183889,0, ,0.0,0.0,0.0,0.0,0,0,0,0,0,0,0,0

SID,SASK7M,26,5
CA,0,256.0,2,500,0,0,0,0,0,0
CF,OS509,51.256889,2.597750,0,COA,258.4,29.1,292.0,10.0,0,0,0,0,0,0,0,0
TF,SASKI,51.548092,2.500000,0, ,0.0,0.0,0.0,0.0,0,0,0,0,0,0,0,0

SID,SASK7S,08,5
CF,HILXI,51.220306,3.011611,0,COA,238.5,15.1,76.0,5.0,0,0,0,1,230,0,0,1
VI,1, ,0.0,285.0,0,0,0,0,0,0,0,0
CF,SASKI,51.548092,2.500000,0,COA,289.9,34.3,315.0,20.0,0,0,0,0,0,0,0,0

STAR,COA6A,ALL,5
IF,COA,51.348056,3.355278, ,0.0,0.0,0,0,0,0,0,0,0,0
TF,HILXI,51.220306,3.011611,0, ,0.0,0.0,0.0,0.0,2,3000,0,0,0,0,0,0

STAR,DENU6A,ALL,5
IF,DENUT,51.236122,3.657600, ,0.0,0.0,0,0,0,0,0,0,0,0
TF,OS902,51.293333,3.503444,0, ,0.0,0.0,0.0,0.0,0,0,0,0,0,0,0,0
TF,OS901,51.278333,3.400778,0, ,0.0,0.0,0.0,0.0,2,6000,0,0,0,0,0,0
TF,HILXI,51.220306,3.011611,0, ,0.0,0.0,0.0,0.0,2,3000,0,0,0,0,0,0

STAR,FERD6A,ALL,5
IF,FERDI,50.912639,3.636972, ,0.0,0.0,0,0,0,0,0,0,0,0
TF,OS901,51.278333,3.400778,0, ,0.0,0.0,0.0,0.0,2,6000,0,0,0,0,0,0
TF,HILXI,51.220306,3.011611,0, ,0.0,0.0,0.0,0.0,2,3000,0,0,0,0,0,0

STAR,KOK7A,ALL,5
IF,KOK,51.094722,2.651667, ,0.0,0.0,0,0,0,0,0,0,0,0
TF,HILXI,51.220306,3.011611,0, ,0.0,0.0,0.0,0.0,2,3000,0,0,0,0,0,0

APPTR,I08,08,HIL1A
IF,HILXI,51.220306,3.011611, ,0.0,0.0,0,0,0,1,240,0,0,0
TF,OS002,51.301306,2.980722,0, ,0.0,0.0,0.0,0.0,0,0,0,0,0,0,0,0
TF,ZAFRI,51.235250,2.540750,0, ,0.0,0.0,0.0,0.0,2,3000,0,0,0,0,0,0
TF,AUZON,51.154278,2.571472,0,IMI,0.0,0.0,0.0,0.0,2,2500,0,0,0,0,1,0

APPTR,I08,08,HIL1B
IF,HILXI,51.220306,3.011611, ,0.0,0.0,0,0,0,1,240,0,0,0
TF,OS001,51.139306,3.042417,0, ,0.0,0.0,0.0,0.0,0,0,0,0,0,0,0,0
TF,TOSCO,51.073306,2.602083,0, ,0.0,0.0,0.0,0.0,2,3000,0,0,0,0,0,0
TF,AUZON,51.154278,2.571472,0, ,0.0,0.0,0.0,0.0,2,2500,0,0,0,0,1,0

FINAL,I08,08,I,3
IF,AUZON,51.154278,2.571472,IMI,255.7,12.8,2,2500,0,0,0,0,0,0
CF,OS08F,51.173472,2.699750,0,IMI,255.6,7.8,75.0,5.0,1,2000,0,0,0,0,2,0
CF,RW08,51.197181,2.856856,0,IMI,255.5,1.7,75.0,6.1,1,59,0,0,0,0,3,0
CA,0,75.0,2,1000,0,0,0,0,0,0
DF,OS002,51.301306,2.980722,0, ,0.0,0.0,3,2000,0,1,185,0,0,0
TF,UBOLT,51.326222,3.146222,0, ,0.0,0.0,0.0,0.0,0,0,0,0,0,0,0,0
TF,NOYON,51.245278,3.177111,0, ,0.0,0.0,0.0,0.0,0,0,0,0,0,0,0,0
TF,HILXI,51.220306,3.011611,0, ,0.0,0.0,0.0,0.0,1,3000,0,1,240,0,0,0

APPTR,I26,26,HIL1C
IF,HILXI,51.220306,3.011611, ,0.0,0.0,0,0,0,1,240,0,0,0
TF,OS002,51.301306,2.980722,0, ,0.0,0.0,0.0,0.0,0,0,0,0,0,0,0,0
TF,UBOLT,51.326222,3.146222,0, ,0.0,0.0,0.0,0.0,2,3000,0,0,0,0,0,0
TF,NOYON,51.245278,3.177111,0,IOS,0.0,0.0,0.0,0.0,2,2500,0,0,0,0,1,0

APPTR,I26,26,HIL1D
IF,HILXI,51.220306,3.011611, ,0.0,0.0,0,0,0,1,240,0,0,0
TF,OS001,51.139306,3.042417,0, ,0.0,0.0,0.0,0.0,0,0,0,0,0,0,0,0
TF,SKARD,51.164333,3.207917,0, ,0.0,0.0,0.0,0.0,2,3000,0,0,0,0,0,0
TF,NOYON,51.245278,3.177111,0,IOS,0.0,0.0,0.0,0.0,2,2500,0,0,0,0,1,0

FINAL,I26,26,I,3
IF,NOYON,51.245278,3.177111,IOS,75.4,12.7,2,2500,0,0,0,0,0,0
CF,OS26F,51.225944,3.048972,0,IOS,75.5,7.8,256.0,5.0,1,2000,0,0,0,0,2,0
CF,RW26,51.202381,2.891439,0,IOS,75.5,1.7,256.0,6.1,1,55,0,0,0,0,3,0
CF,TOSOZ,51.193917,2.835028,0,COA,243.9,21.7,256.0,2.2,0,0,0,0,0,0,0,1
DF,OS601,51.287194,2.885722,2, ,0.0,0.0,3,2000,0,0,0,0,0,0
TF,OS002,51.301306,2.980722,0, ,0.0,0.0,0.0,0.0,0,0,0,0,0,0,0,0
TF,UBOLT,51.326222,3.146222,0, ,0.0,0.0,0.0,0.0,0,0,0,0,0,0,0,0
TF,NOYON,51.245278,3.177111,0, ,0.0,0.0,0.0,0.0,0,0,0,0,0,0,0,0
TF,HILXI,51.220306,3.011611,0, ,0.0,0.0,0.0,0.0,1,3000,0,1,185,0,0,0

APPTR,R08,08,HIL1A
IF,HILXI,51.220306,3.011611, ,0.0,0.0,0,0,0,1,240,0,0,0
TF,OS002,51.301306,2.980722,0, ,0.0,0.0,0.0,0.0,0,0,0,0,0,0,0,0
TF,ZAFRI,51.235250,2.540750,0, ,0.0,0.0,0.0,0.0,2,3000,0,0,0,0,0,0
TF,AUZON,51.154278,2.571472,0, ,0.0,0.0,0.0,0.0,2,2500,0,0,0,0,1,0

APPTR,R08,08,HIL1B
IF,HILXI,51.220306,3.011611, ,0.0,0.0,0,0,0,1,240,0,0,0
TF,OS001,51.139306,3.042417,0, ,0.0,0.0,0.0,0.0,0,0,0,0,0,0,0,0
TF,TOSCO,51.073306,2.602083,0, ,0.0,0.0,0.0,0.0,2,3000,0,0,0,0,0,0
TF,AUZON,51.154278,2.571472,0, ,0.0,0.0,0.0,0.0,2,2500,0,0,0,0,1,0

FINAL,R08,08,R,3
IF,AUZON,51.154278,2.571472, ,0.0,0.0,2,2500,0,0,0,0,0,0
TF,OS08F,51.173472,2.699750,0, ,0.0,0.0,76.0,5.0,1,2000,0,0,0,0,2,0
TF,RW08,51.197181,2.856856,0, ,0.0,0.0,75.0,6.1,1,59,0,0,0,0,3,1
CA,0,75.0,2,1000,0,0,0,0,0,0
DF,OS002,51.301306,2.980722,0, ,0.0,0.0,3,2000,0,1,185,0,0,0
TF,UBOLT,51.326222,3.146222,0, ,0.0,0.0,0.0,0.0,0,0,0,0,0,0,0,0
TF,NOYON,51.245278,3.177111,0, ,0.0,0.0,0.0,0.0,0,0,0,0,0,0,0,0
TF,HILXI,51.220306,3.011611,0, ,0.0,0.0,0.0,0.0,1,3000,0,1,240,0,0,0

APPTR,R26,26,HIL1C
IF,HILXI,51.220306,3.011611, ,0.0,0.0,0,0,0,1,240,0,0,0
TF,OS002,51.301306,2.980722,0, ,0.0,0.0,0.0,0.0,0,0,0,0,0,0,0,0
TF,UBOLT,51.326222,3.146222,0, ,0.0,0.0,0.0,0.0,2,3000,0,0,0,0,0,0
TF,NOYON,51.245278,3.177111,0, ,0.0,0.0,0.0,0.0,2,2500,0,0,0,0,1,0

APPTR,R26,26,HIL1D
IF,HILXI,51.220306,3.011611, ,0.0,0.0,0,0,0,1,240,0,0,0
TF,OS001,51.139306,3.042417,0, ,0.0,0.0,0.0,0.0,0,0,0,0,0,0,0,0
TF,SKARD,51.164333,3.207917,0, ,0.0,0.0,0.0,0.0,2,3000,0,0,0,0,0,0
TF,NOYON,51.245278,3.177111,0, ,0.0,0.0,0.0,0.0,2,2500,0,0,0,0,1,0

FINAL,R26,26,R,3
IF,NOYON,51.245278,3.177111, ,0.0,0.0,2,2500,0,0,0,0,0,0
TF,OS26F,51.225944,3.048972,0, ,0.0,0.0,256.0,5.0,1,2000,0,0,0,0,2,0
TF,RW26,51.202381,2.891439,0, ,0.0,0.0,256.0,6.1,1,55,0,0,0,0,3,1
CF,TOSOZ,51.193917,2.835028,0,COA,243.9,21.7,256.0,2.2,0,0,0,0,0,0,0,1
DF,OS601,51.287194,2.885722,2, ,0.0,0.0,3,2000,0,0,0,0,0,0
TF,OS002,51.301306,2.980722,0, ,0.0,0.0,0.0,0.0,0,0,0,0,0,0,0,0
TF,UBOLT,51.326222,3.146222,0, ,0.0,0.0,0.0,0.0,0,0,0,0,0,0,0,0
TF,NOYON,51.245278,3.177111,0, ,0.0,0.0,0.0,0.0,0,0,0,0,0,0,0,0
TF,HILXI,51.220306,3.011611,0, ,0.0,0.0,0.0,0.0,1,3000,0,1,185,0,0,0

