SID,ARSA3A,24R,5
CF,DB240,52.336183,13.352742,0,BBI,259.7,3.7,244.0,5.0,2,2600,0,0,0,0,0,0
TF,DB241,52.327989,13.221694,0, ,0.0,0.0,0.0,0.0,2,5000,0,0,0,0,0,1
DF,DB242,52.367708,13.161922,2, ,0.0,0.0,2,6800,0,1,230,0,0,0
TF,DB243,52.456922,13.189494,0, ,0.0,0.0,0.0,0.0,2,9500,0,0,0,0,0,1
DF,DB244,52.493292,13.246383,0, ,0.0,0.0,0,0,0,1,250,0,0,0
TF,PINOB,52.525528,14.209678,0, ,0.0,0.0,0.0,0.0,0,0,0,0,0,0,0,0
TF,ARSAP,52.228056,14.712500,0, ,0.0,0.0,0.0,0.0,0,0,0,0,0,0,0,0

SID,ARSA3M,24R,5
CF,DB240,52.336183,13.352742,0,BBI,259.7,3.7,244.0,5.0,0,0,0,0,0,0,0,0
TF,DB247,52.327236,13.209772,0, ,0.0,0.0,0.0,0.0,0,0,0,0,0,0,0,0
TF,VAVIV,52.298772,13.117544,0, ,0.0,0.0,0.0,0.0,0,0,0,1,230,0,0,0
TF,IBGAL,52.287672,12.931958,0, ,0.0,0.0,0.0,0.0,0,0,0,0,0,0,0,0
TF,BAKPA,52.309919,12.811186,0, ,0.0,0.0,0.0,0.0,0,0,0,1,250,0,0,0
TF,ERDUX,52.431139,12.818861,0, ,0.0,0.0,0.0,0.0,0,0,0,0,0,0,0,0
TF,DB244,52.493292,13.246383,0, ,0.0,0.0,0.0,0.0,0,0,0,0,0,0,0,0
TF,PINOB,52.525528,14.209678,0, ,0.0,0.0,0.0,0.0,0,0,0,0,0,0,0,0
TF,ARSAP,52.228056,14.712500,0, ,0.0,0.0,0.0,0.0,0,0,0,0,0,0,0,0

SID,ARSA3Q,06R,5
CA,0,64.0,2,600,0,0,0,0,0,0
DF,DB062,52.304678,13.611014,2, ,0.0,0.0,0,0,0,1,200,0,0,0
TF,ARGUX,52.329539,13.736822,0, ,0.0,0.0,0.0,0.0,2,5000,0,1,220,0,0,0
TF,IDOBA,52.316569,14.088147,0, ,0.0,0.0,0.0,0.0,0,0,0,1,250,0,0,0
TF,ARSAP,52.228056,14.712500,0, ,0.0,0.0,0.0,0.0,0,0,0,0,0,0,0,0

SID,ARSA3Z,06R,5
CF,DB059,52.374433,13.767308,0,BBI,75.3,11.7,79.0,9.0,0,0,0,1,220,0,0,0
TF,IDOBA,52.316569,14.088147,0, ,0.0,0.0,0.0,0.0,0,0,0,1,250,0,0,0
TF,ARSAP,52.228056,14.712500,0, ,0.0,0.0,0.0,0.0,0,0,0,0,0,0,0,0

SID,ARSA4B,06L,5
CA,0,64.0,2,600,0,0,0,0,0,0
DF,DB068,52.439128,13.788103,0, ,0.0,0.0,2,3000,0,0,0,0,0,0
TF,DB069,52.497892,13.991903,0, ,0.0,0.0,0.0,0.0,2,5300,0,0,0,0,0,0
TF,DB070,52.548781,14.169831,0, ,0.0,0.0,0.0,0.0,0,0,0,1,250,0,0,0
TF,ARSAP,52.228056,14.712500,0, ,0.0,0.0,0.0,0.0,0,0,0,0,0,0,0,0

SID,ARSA4N,24L,5
CA,0,243.0,2,600,0,1,185,0,0,0
CF,DB261,52.255344,13.293433,0,BBI,223.7,7.9,223.0,8.0,0,0,0,0,0,0,0,1
DF,DB262,52.191617,13.349606,1, ,0.0,0.0,0,0,0,1,220,0,0,0
TF,IDOBA,52.316569,14.088147,0, ,0.0,0.0,0.0,0.0,0,0,0,1,250,0,0,0
TF,ARSAP,52.228056,14.712500,0, ,0.0,0.0,0.0,0.0,0,0,0,0,0,0,0,0

SID,BIKP1A,24R,5
CF,DB240,52.336183,13.352742,0,BBI,259.7,3.7,244.0,5.0,2,2600,0,0,0,0,0,0
TF,DB241,52.327989,13.221694,0, ,0.0,0.0,0.0,0.0,2,5000,0,0,0,0,0,1
DF,DB242,52.367708,13.161922,2, ,0.0,0.0,2,6800,0,1,230,0,0,0
TF,DB243,52.456922,13.189494,0, ,0.0,0.0,0.0,0.0,2,9500,0,0,0,0,0,1
DF,DB244,52.493292,13.246383,0, ,0.0,0.0,0,0,0,1,250,0,0,0
TF,BIKPO,52.598050,13.539183,0, ,0.0,0.0,0.0,0.0,0,0,0,0,0,0,0,0

SID,BIKP1M,24R,5
CF,DB240,52.336183,13.352742,0,BBI,259.7,3.7,244.0,5.0,0,0,0,0,0,0,0,0
TF,DB247,52.327236,13.209772,0, ,0.0,0.0,0.0,0.0,0,0,0,0,0,0,0,0
TF,VAVIV,52.298772,13.117544,0, ,0.0,0.0,0.0,0.0,0,0,0,1,230,0,0,0
TF,IBGAL,52.287672,12.931958,0, ,0.0,0.0,0.0,0.0,0,0,0,0,0,0,0,0
TF,BAKPA,52.309919,12.811186,0, ,0.0,0.0,0.0,0.0,0,0,0,1,250,0,0,0
TF,ERDUX,52.431139,12.818861,0, ,0.0,0.0,0.0,0.0,0,0,0,0,0,0,0,0
TF,DB244,52.493292,13.246383,0, ,0.0,0.0,0.0,0.0,0,0,0,0,0,0,0,0
TF,BIKPO,52.598050,13.539183,0, ,0.0,0.0,0.0,0.0,0,0,0,0,0,0,0,0

SID,EDDB1A,24R,2
VA,0,243.0,2,2200,0,0,0,0,0,0
VM,0,0,0,243.0,0,0,0,0,0,0,0,0

SID,EDDB1B,06L,2
VA,0,63.0,2,2200,0,0,0,0,0,0
VM,0,0,0,63.0,0,0,0,0,0,0,0,0

SID,EDDB1N,24L,2
VA,0,243.0,2,2200,0,0,0,0,0,0
VM,0,0,0,243.0,0,0,0,0,0,0,0,0

SID,EDDB1Q,06R,2
VA,0,63.0,2,2200,0,0,0,0,0,0
VM,0,0,0,63.0,0,0,0,0,0,0,0,0

SID,GERG3Q,06R,5
CA,0,64.0,2,600,0,0,0,0,0,0
DF,DB062,52.304678,13.611014,2, ,0.0,0.0,0,0,0,1,200,0,0,0
TF,ARGUX,52.329539,13.736822,0, ,0.0,0.0,0.0,0.0,2,5000,0,1,220,0,0,0
TF,IDOBA,52.316569,14.088147,0, ,0.0,0.0,0.0,0.0,0,0,0,1,250,0,0,0
TF,DB265,52.458133,14.058533,0, ,0.0,0.0,0.0,0.0,2,9000,0,0,0,0,0,0
TF,GERGA,52.602503,14.028136,1, ,0.0,0.0,0.0,0.0,0,0,0,0,0,0,0,0

SID,GERG3Z,06R,5
CF,DB059,52.374433,13.767308,0,BBI,75.3,11.7,79.0,9.0,0,0,0,1,220,0,0,0
TF,IDOBA,52.316569,14.088147,0, ,0.0,0.0,0.0,0.0,0,0,0,1,250,0,0,0
TF,GERGA,52.602503,14.028136,0, ,0.0,0.0,0.0,0.0,0,0,0,0,0,0,0,0

SID,GERG4B,06L,5
CA,0,64.0,2,600,0,0,0,0,0,0
DF,DB068,52.439128,13.788103,0, ,0.0,0.0,2,3000,0,0,0,0,0,0
TF,DB071,52.486642,13.857650,0, ,0.0,0.0,0.0,0.0,2,4000,0,1,250,0,0,0
TF,GERGA,52.602503,14.028136,0, ,0.0,0.0,0.0,0.0,0,0,0,0,0,0,0,0

SID,GERG4N,24L,5
CA,0,243.0,2,600,0,1,185,0,0,0
CF,DB261,52.255344,13.293433,0,BBI,223.7,7.9,223.0,8.0,0,0,0,0,0,0,0,1
DF,DB262,52.191617,13.349606,1, ,0.0,0.0,0,0,0,1,220,0,0,0
TF,DB264,52.296444,13.967044,0, ,0.0,0.0,0.0,0.0,0,0,0,1,250,0,0,0
TF,GERGA,52.602503,14.028136,0, ,0.0,0.0,0.0,0.0,0,0,0,0,0,0,0,0

SID,KISU1A,24R,5
CF,DB240,52.336183,13.352742,0,BBI,259.7,3.7,244.0,5.0,0,0,0,0,0,0,0,0
TF,DB247,52.327236,13.209772,0, ,0.0,0.0,0.0,0.0,0,0,0,1,220,0,0,0
TF,VAVIV,52.298772,13.117544,0, ,0.0,0.0,0.0,0.0,0,0,0,0,0,0,0,0
TF,IBGAL,52.287672,12.931958,0, ,0.0,0.0,0.0,0.0,0,0,0,0,0,0,0,0
TF,SUKIP,52.258850,12.471478,0, ,0.0,0.0,0.0,0.0,0,0,0,0,0,0,0,0
TF,KISUC,52.073311,12.321783,0, ,0.0,0.0,0.0,0.0,0,0,0,0,0,0,0,0

SID,KISU1B,06L,5
CA,0,64.0,2,600,0,0,0,0,0,0
DF,DB058,52.401319,13.627172,0, ,0.0,0.0,2,2000,0,0,0,0,0,0
TF,DB065,52.533197,13.705978,0, ,0.0,0.0,0.0,0.0,2,6000,0,0,0,0,0,0
TF,BIKPO,52.598050,13.539183,0, ,0.0,0.0,0.0,0.0,2,9500,0,1,250,0,0,0
TF,KUBUM,52.489406,13.192097,0, ,0.0,0.0,0.0,0.0,0,0,0,0,0,0,0,0
TF,SUKIP,52.258850,12.471478,0, ,0.0,0.0,0.0,0.0,0,0,0,0,0,0,0,0
TF,KISUC,52.073311,12.321783,0, ,0.0,0.0,0.0,0.0,0,0,0,0,0,0,0,0

SID,KISU1K,06L,5
CF,DB066,52.435714,13.773514,0,BBI,59.3,13.0,64.0,10.0,0,0,0,0,0,0,0,1
DF,DB067,52.502414,13.784775,1, ,0.0,0.0,0,0,0,1,210,0,0,0
TF,BIKPO,52.598050,13.539183,0, ,0.0,0.0,0.0,0.0,0,0,0,1,250,0,0,0
TF,KUBUM,52.489406,13.192097,0, ,0.0,0.0,0.0,0.0,0,0,0,0,0,0,0,0
TF,SUKIP,52.258850,12.471478,0, ,0.0,0.0,0.0,0.0,0,0,0,0,0,0,0,0
TF,KISUC,52.073311,12.321783,0, ,0.0,0.0,0.0,0.0,0,0,0,0,0,0,0,0

SID,KISU1N,24L,5
CA,0,243.0,2,600,0,1,185,0,0,0
CF,DB260,52.325839,13.424758,0,BBI,223.0,1.5,223.0,2.0,0,0,0,0,0,0,0,0
TF,DB263,52.243806,13.272006,0, ,0.0,0.0,0.0,0.0,0,0,0,1,220,0,0,0
TF,LULUL,52.163992,12.956036,0, ,0.0,0.0,0.0,0.0,0,0,0,1,250,0,0,0
TF,ESIKA,52.123761,12.671308,0, ,0.0,0.0,0.0,0.0,0,0,0,0,0,0,0,0
TF,KISUC,52.073311,12.321783,0, ,0.0,0.0,0.0,0.0,0,0,0,0,0,0,0,0

SID,KISU1Q,06R,5
CA,0,64.0,2,600,0,0,0,0,0,0
DF,DB061,52.332061,13.566300,2, ,0.0,0.0,0,0,0,1,195,0,0,0
TF,MOVOM,52.263053,13.478000,0, ,0.0,0.0,0.0,0.0,0,0,0,0,0,0,0,0
TF,POBAM,52.262883,13.221439,0, ,0.0,0.0,0.0,0.0,2,10000,0,1,250,0,0,0
TF,LULUL,52.163992,12.956036,0, ,0.0,0.0,0.0,0.0,0,0,0,0,0,0,0,0
TF,ESIKA,52.123761,12.671308,0, ,0.0,0.0,0.0,0.0,0,0,0,0,0,0,0,0
TF,KISUC,52.073311,12.321783,0, ,0.0,0.0,0.0,0.0,0,0,0,0,0,0,0,0

SID,KISU1Z,06R,5
CF,DB063,52.370003,13.698972,0,BBI,74.3,9.2,79.0,7.0,0,0,0,0,0,0,0,1
DF,DB064,52.322531,13.761400,2, ,0.0,0.0,0,0,0,1,220,0,0,0
TF,GAGVI,52.250681,13.722069,0, ,0.0,0.0,0.0,0.0,0,0,0,1,250,0,0,0
TF,IBIKI,52.191111,13.464167,0, ,0.0,0.0,0.0,0.0,0,0,0,0,0,0,0,0
TF,LULUL,52.163992,12.956036,0, ,0.0,0.0,0.0,0.0,0,0,0,0,0,0,0,0
TF,ESIKA,52.123761,12.671308,0, ,0.0,0.0,0.0,0.0,0,0,0,0,0,0,0,0
TF,KISUC,52.073311,12.321783,0, ,0.0,0.0,0.0,0.0,0,0,0,0,0,0,0,0

SID,LURO3A,24R,5
CF,DB240,52.336183,13.352742,0,BBI,259.7,3.7,244.0,5.0,2,2600,0,0,0,0,0,0
TF,DB241,52.327989,13.221694,0, ,0.0,0.0,0.0,0.0,2,5000,0,0,0,0,0,1
DF,DB242,52.367708,13.161922,2, ,0.0,0.0,2,6800,0,1,230,0,0,0
TF,DB243,52.456922,13.189494,0, ,0.0,0.0,0.0,0.0,2,9500,0,0,0,0,0,1
DF,DB244,52.493292,13.246383,0, ,0.0,0.0,0,0,0,1,250,0,0,0
TF,PINOB,52.525528,14.209678,0, ,0.0,0.0,0.0,0.0,0,0,0,0,0,0,0,0
TF,JACOW,52.353675,14.244833,0, ,0.0,0.0,0.0,0.0,0,0,0,0,0,0,0,0
TF,DB249,52.053772,14.305933,0, ,0.0,0.0,0.0,0.0,0,0,0,0,0,0,0,0
TF,LUROS,51.898597,14.174472,0, ,0.0,0.0,0.0,0.0,0,0,0,0,0,0,0,0

SID,LURO3M,24R,5
CF,DB240,52.336183,13.352742,0,BBI,259.7,3.7,244.0,5.0,0,0,0,0,0,0,0,0
TF,DB247,52.327236,13.209772,0, ,0.0,0.0,0.0,0.0,0,0,0,0,0,0,0,0
TF,VAVIV,52.298772,13.117544,0, ,0.0,0.0,0.0,0.0,0,0,0,1,230,0,0,0
TF,IBGAL,52.287672,12.931958,0, ,0.0,0.0,0.0,0.0,0,0,0,0,0,0,0,0
TF,BAKPA,52.309919,12.811186,0, ,0.0,0.0,0.0,0.0,0,0,0,1,250,0,0,0
TF,ERDUX,52.431139,12.818861,0, ,0.0,0.0,0.0,0.0,0,0,0,0,0,0,0,0
TF,DB244,52.493292,13.246383,0, ,0.0,0.0,0.0,0.0,0,0,0,0,0,0,0,0
TF,PINOB,52.525528,14.209678,0, ,0.0,0.0,0.0,0.0,0,0,0,0,0,0,0,0
TF,JACOW,52.353675,14.244833,0, ,0.0,0.0,0.0,0.0,0,0,0,0,0,0,0,0
TF,DB249,52.053772,14.305933,0, ,0.0,0.0,0.0,0.0,0,0,0,0,0,0,0,0
TF,LUROS,51.898597,14.174472,0, ,0.0,0.0,0.0,0.0,0,0,0,0,0,0,0,0

SID,LURO3Q,06R,5
CA,0,64.0,2,600,0,0,0,0,0,0
DF,DB062,52.304678,13.611014,2, ,0.0,0.0,0,0,0,1,200,0,0,0
TF,ARGUX,52.329539,13.736822,0, ,0.0,0.0,0.0,0.0,2,5000,0,1,220,0,0,0
TF,IDOBA,52.316569,14.088147,0, ,0.0,0.0,0.0,0.0,0,0,0,1,250,0,0,0
TF,LUROS,51.898597,14.174472,0, ,0.0,0.0,0.0,0.0,0,0,0,0,0,0,0,0

SID,LURO3Z,06R,5
CF,DB059,52.374433,13.767308,0,BBI,75.3,11.7,79.0,9.0,0,0,0,1,220,0,0,0
TF,IDOBA,52.316569,14.088147,0, ,0.0,0.0,0.0,0.0,0,0,0,1,250,0,0,0
TF,LUROS,51.898597,14.174472,0, ,0.0,0.0,0.0,0.0,0,0,0,0,0,0,0,0

SID,LURO4B,06L,5
CA,0,64.0,2,600,0,0,0,0,0,0
DF,DB068,52.439128,13.788103,0, ,0.0,0.0,2,3000,0,0,0,0,0,0
TF,DB069,52.497892,13.991903,0, ,0.0,0.0,0.0,0.0,2,5300,0,0,0,0,0,0
TF,DB070,52.548781,14.169831,0, ,0.0,0.0,0.0,0.0,0,0,0,1,250,0,0,0
TF,DB072,52.355317,14.200025,0, ,0.0,0.0,0.0,0.0,0,0,0,0,0,0,0,0
TF,LUROS,51.898597,14.174472,0, ,0.0,0.0,0.0,0.0,0,0,0,0,0,0,0,0

SID,LURO4N,24L,5
CA,0,243.0,2,600,0,1,185,0,0,0
CF,DB261,52.255344,13.293433,0,BBI,223.7,7.9,223.0,8.0,0,0,0,0,0,0,0,1
DF,DB262,52.191617,13.349606,1, ,0.0,0.0,0,0,0,1,220,0,0,0
TF,IDOBA,52.316569,14.088147,0, ,0.0,0.0,0.0,0.0,0,0,0,1,250,0,0,0
TF,LUROS,51.898597,14.174472,0, ,0.0,0.0,0.0,0.0,0,0,0,0,0,0,0,0

SID,SUKI3A,24R,5
CF,DB240,52.336183,13.352742,0,BBI,259.7,3.7,244.0,5.0,0,0,0,0,0,0,0,0
TF,DB247,52.327236,13.209772,0, ,0.0,0.0,0.0,0.0,0,0,0,1,220,0,0,0
TF,VAVIV,52.298772,13.117544,0, ,0.0,0.0,0.0,0.0,0,0,0,0,0,0,0,0
TF,IBGAL,52.287672,12.931958,0, ,0.0,0.0,0.0,0.0,0,0,0,0,0,0,0,0
TF,SUKIP,52.258850,12.471478,0, ,0.0,0.0,0.0,0.0,0,0,0,0,0,0,0,0

SID,SUKI3Q,06R,5
CA,0,64.0,2,600,0,0,0,0,0,0
DF,DB061,52.332061,13.566300,2, ,0.0,0.0,0,0,0,1,195,0,0,0
TF,MOVOM,52.263053,13.478000,0, ,0.0,0.0,0.0,0.0,0,0,0,0,0,0,0,0
TF,POBAM,52.262883,13.221439,0, ,0.0,0.0,0.0,0.0,2,10000,0,1,250,0,0,0
TF,LULUL,52.163992,12.956036,0, ,0.0,0.0,0.0,0.0,0,0,0,0,0,0,0,0
TF,ESIKA,52.123761,12.671308,0, ,0.0,0.0,0.0,0.0,0,0,0,0,0,0,0,0
TF,SUKIP,52.258850,12.471478,0, ,0.0,0.0,0.0,0.0,0,0,0,0,0,0,0,0

SID,SUKI4B,06L,5
CA,0,64.0,2,600,0,0,0,0,0,0
DF,DB058,52.401319,13.627172,0, ,0.0,0.0,2,2000,0,0,0,0,0,0
TF,DB065,52.533197,13.705978,0, ,0.0,0.0,0.0,0.0,2,6000,0,0,0,0,0,0
TF,BIKPO,52.598050,13.539183,0, ,0.0,0.0,0.0,0.0,2,9500,0,1,250,0,0,0
TF,KUBUM,52.489406,13.192097,0, ,0.0,0.0,0.0,0.0,0,0,0,0,0,0,0,0
TF,SUKIP,52.258850,12.471478,0, ,0.0,0.0,0.0,0.0,0,0,0,0,0,0,0,0

SID,SUKI4K,06L,5
CF,DB066,52.435714,13.773514,0,BBI,59.3,13.0,64.0,10.0,0,0,0,0,0,0,0,1
DF,DB067,52.502414,13.784775,1, ,0.0,0.0,0,0,0,1,210,0,0,0
TF,BIKPO,52.598050,13.539183,0, ,0.0,0.0,0.0,0.0,0,0,0,1,250,0,0,0
TF,KUBUM,52.489406,13.192097,0, ,0.0,0.0,0.0,0.0,0,0,0,0,0,0,0,0
TF,SUKIP,52.258850,12.471478,0, ,0.0,0.0,0.0,0.0,0,0,0,0,0,0,0,0

SID,SUKI4N,24L,5
CA,0,243.0,2,600,0,1,185,0,0,0
CF,DB260,52.325839,13.424758,0,BBI,223.0,1.5,223.0,2.0,0,0,0,0,0,0,0,0
TF,DB263,52.243806,13.272006,0, ,0.0,0.0,0.0,0.0,0,0,0,1,220,0,0,0
TF,LULUL,52.163992,12.956036,0, ,0.0,0.0,0.0,0.0,0,0,0,1,250,0,0,0
TF,ESIKA,52.123761,12.671308,0, ,0.0,0.0,0.0,0.0,0,0,0,0,0,0,0,0
TF,SUKIP,52.258850,12.471478,0, ,0.0,0.0,0.0,0.0,0,0,0,0,0,0,0,0

SID,SUKI4Z,06R,5
CF,DB063,52.370003,13.698972,0,BBI,74.3,9.2,79.0,7.0,0,0,0,0,0,0,0,1
DF,DB064,52.322531,13.761400,2, ,0.0,0.0,0,0,0,1,220,0,0,0
TF,GAGVI,52.250681,13.722069,0, ,0.0,0.0,0.0,0.0,0,0,0,1,250,0,0,0
TF,IBIKI,52.191111,13.464167,0, ,0.0,0.0,0.0,0.0,0,0,0,0,0,0,0,0
TF,LULUL,52.163992,12.956036,0, ,0.0,0.0,0.0,0.0,0,0,0,0,0,0,0,0
TF,ESIKA,52.123761,12.671308,0, ,0.0,0.0,0.0,0.0,0,0,0,0,0,0,0,0
TF,SUKIP,52.258850,12.471478,0, ,0.0,0.0,0.0,0.0,0,0,0,0,0,0,0,0

STAR,ATGU1L,ALL,5
IF,ATGUP,51.923589,13.788086, ,0.0,0.0,3,12000,0,0,0,0,0,0
TF,DB482,52.143242,13.824775,0, ,0.0,0.0,0.0,0.0,2,8000,0,0,0,0,0,0
TF,DB471,52.255564,13.843681,0, ,0.0,0.0,0.0,0.0,2,6000,0,1,220,0,0,0
TF,DB461,52.333336,13.795161,0, ,0.0,0.0,0.0,0.0,0,0,0,0,0,0,0,0
TF,DB462,52.357111,13.896767,0, ,0.0,0.0,0.0,0.0,0,0,0,0,0,0,0,0
TF,DB463,52.380800,13.998481,0, ,0.0,0.0,0.0,0.0,0,0,0,0,0,0,0,0
TF,DB464,52.404403,14.100300,0, ,0.0,0.0,0.0,0.0,0,0,0,0,0,0,0,0
TF,DB465,52.427914,14.202228,0, ,0.0,0.0,0.0,0.0,0,0,0,0,0,0,0,0
TF,DB466,52.451342,14.304267,0, ,0.0,0.0,0.0,0.0,0,0,0,0,0,0,0,0
TF,DB467,52.474678,14.406411,0, ,0.0,0.0,0.0,0.0,0,0,0,1,220,0,0,0
TF,DB457,52.552675,14.358642,0, ,0.0,0.0,0.0,0.0,2,6000,0,0,0,0,0,0

STAR,ATGU1L,24L,6
IF,DB457,52.552675,14.358642, ,0.0,0.0,2,6000,0,0,0,0,0,0
TF,DB456,52.529297,14.256342,0, ,0.0,0.0,0.0,0.0,0,0,0,0,0,0,0,0
TF,DB455,52.505831,14.154153,0, ,0.0,0.0,0.0,0.0,0,0,0,0,0,0,0,0
TF,DB454,52.482275,14.052069,0, ,0.0,0.0,0.0,0.0,0,0,0,0,0,0,0,0
TF,DB453,52.458633,13.950097,0, ,0.0,0.0,0.0,0.0,0,0,0,0,0,0,0,0
TF,DB452,52.434906,13.848231,0, ,0.0,0.0,0.0,0.0,2,3000,0,0,0,0,0,0

STAR,ATGU1L,24R,6
IF,DB457,52.552675,14.358642, ,0.0,0.0,2,6000,0,0,0,0,0,0
TF,DB446,52.543161,14.237256,0, ,0.0,0.0,0.0,0.0,0,0,0,0,0,0,0,0
TF,DB445,52.519681,14.135044,0, ,0.0,0.0,0.0,0.0,0,0,0,0,0,0,0,0
TF,DB444,52.496108,14.032939,0, ,0.0,0.0,0.0,0.0,0,0,0,0,0,0,0,0
TF,DB443,52.472450,13.930944,0, ,0.0,0.0,0.0,0.0,2,4000,0,0,0,0,0,0

STAR,ATGU1R,ALL,5
IF,ATGUP,51.923589,13.788086, ,0.0,0.0,3,12000,0,0,0,0,0,0
TF,DB593,52.046911,13.704369,0, ,0.0,0.0,0.0,0.0,0,0,0,0,0,0,0,0
TF,DB592,52.098269,13.630297,0, ,0.0,0.0,0.0,0.0,2,8000,0,0,0,0,0,0
TF,DB572,52.119633,13.347867,0, ,0.0,0.0,0.0,0.0,2,6000,0,1,220,0,0,0
TF,DB562,52.190472,13.194506,0, ,0.0,0.0,0.0,0.0,4,7000,6000,0,0,0,0,0
TF,DB563,52.166097,13.093658,0, ,0.0,0.0,0.0,0.0,0,0,0,0,0,0,0,0
TF,DB564,52.141633,12.992922,0, ,0.0,0.0,0.0,0.0,0,0,0,0,0,0,0,0
TF,DB565,52.117086,12.892297,0, ,0.0,0.0,0.0,0.0,0,0,0,0,0,0,0,0
TF,DB566,52.092453,12.791781,0, ,0.0,0.0,0.0,0.0,0,0,0,0,0,0,0,0
TF,DB567,52.067733,12.691375,0, ,0.0,0.0,0.0,0.0,0,0,0,1,220,0,0,0
TF,DB557,52.145028,12.641064,0, ,0.0,0.0,0.0,0.0,2,6000,0,0,0,0,0,0

STAR,ATGU1R,06L,6
IF,DB557,52.145028,12.641064, ,0.0,0.0,2,6000,0,0,0,0,0,0
TF,DB546,52.172575,12.678181,0, ,0.0,0.0,0.0,0.0,0,0,0,0,0,0,0,0
TF,DB545,52.197306,12.778814,0, ,0.0,0.0,0.0,0.0,0,0,0,0,0,0,0,0
TF,DB544,52.221950,12.879558,0, ,0.0,0.0,0.0,0.0,0,0,0,0,0,0,0,0
TF,DB543,52.246508,12.980414,0, ,0.0,0.0,0.0,0.0,0,0,0,0,0,0,0,0
TF,DB542,52.270981,13.081381,0, ,0.0,0.0,0.0,0.0,2,4000,0,0,0,0,0,0

STAR,ATGU1R,06R,6
IF,DB557,52.145028,12.641064, ,0.0,0.0,2,6000,0,0,0,0,0,0
TF,DB556,52.169789,12.741614,0, ,0.0,0.0,0.0,0.0,0,0,0,0,0,0,0,0
TF,DB555,52.194467,12.842275,0, ,0.0,0.0,0.0,0.0,0,0,0,0,0,0,0,0
TF,DB554,52.219058,12.943050,0, ,0.0,0.0,0.0,0.0,0,0,0,0,0,0,0,0
TF,DB553,52.243561,13.043933,0, ,0.0,0.0,0.0,0.0,0,0,0,0,0,0,0,0
TF,DB552,52.267981,13.144928,0, ,0.0,0.0,0.0,0.0,2,3000,0,0,0,0,0,0

STAR,KETA1L,ALL,5
IF,KETAP,52.927853,13.654947, ,0.0,0.0,3,10000,0,0,0,0,0,0
TF,DB403,52.805875,13.654178,0, ,0.0,0.0,0.0,0.0,0,0,0,0,0,0,0,0
TF,DB413,52.719042,13.723800,0, ,0.0,0.0,0.0,0.0,2,8000,0,1,220,0,0,0
TF,DB423,52.634744,13.791097,0, ,0.0,0.0,0.0,0.0,2,6000,0,0,0,0,0,0
TF,DB433,52.545525,13.862008,0, ,0.0,0.0,0.0,0.0,0,0,0,1,220,0,0,0
TF,DB434,52.573953,13.984492,0, ,0.0,0.0,0.0,0.0,0,0,0,0,0,0,0,0
TF,DB435,52.597564,14.086750,0, ,0.0,0.0,0.0,0.0,0,0,0,0,0,0,0,0
TF,DB436,52.621089,14.189117,0, ,0.0,0.0,0.0,0.0,0,0,0,0,0,0,0,0
TF,DB437,52.644525,14.291592,0, ,0.0,0.0,0.0,0.0,0,0,0,1,220,0,0,0
TF,DB447,52.566556,14.339575,0, ,0.0,0.0,0.0,0.0,2,6000,0,0,0,0,0,0

STAR,KETA1L,24L,6
IF,DB447,52.566556,14.339575, ,0.0,0.0,2,6000,0,0,0,0,0,0
TF,DB456,52.529297,14.256342,0, ,0.0,0.0,0.0,0.0,0,0,0,0,0,0,0,0
TF,DB455,52.505831,14.154153,0, ,0.0,0.0,0.0,0.0,0,0,0,0,0,0,0,0
TF,DB454,52.482275,14.052069,0, ,0.0,0.0,0.0,0.0,0,0,0,0,0,0,0,0
TF,DB453,52.458633,13.950097,0, ,0.0,0.0,0.0,0.0,0,0,0,0,0,0,0,0
TF,DB452,52.434906,13.848231,0, ,0.0,0.0,0.0,0.0,2,3000,0,0,0,0,0,0

STAR,KETA1L,24R,6
IF,DB447,52.566556,14.339575, ,0.0,0.0,2,6000,0,0,0,0,0,0
TF,DB446,52.543161,14.237256,0, ,0.0,0.0,0.0,0.0,0,0,0,0,0,0,0,0
TF,DB445,52.519681,14.135044,0, ,0.0,0.0,0.0,0.0,0,0,0,0,0,0,0,0
TF,DB444,52.496108,14.032939,0, ,0.0,0.0,0.0,0.0,0,0,0,0,0,0,0,0
TF,DB443,52.472450,13.930944,0, ,0.0,0.0,0.0,0.0,2,4000,0,0,0,0,0,0

STAR,KETA1R,ALL,5
IF,KETAP,52.927853,13.654947, ,0.0,0.0,3,10000,0,0,0,0,0,0
TF,OGBER,52.613889,12.724722,0, ,0.0,0.0,0.0,0.0,0,0,0,0,0,0,0,0
TF,DB511,52.505347,12.856439,0, ,0.0,0.0,0.0,0.0,2,8000,0,0,0,0,0,0
TF,DB521,52.436281,12.939825,0, ,0.0,0.0,0.0,0.0,2,6000,0,0,0,0,0,0
TF,DB531,52.380119,13.007386,0, ,0.0,0.0,0.0,0.0,0,0,0,1,220,0,0,0
TF,DB532,52.331044,13.017983,0, ,0.0,0.0,0.0,0.0,0,0,0,0,0,0,0,0
TF,DB533,52.323922,12.930403,0, ,0.0,0.0,0.0,0.0,0,0,0,0,0,0,0,0
TF,DB534,52.299322,12.829400,0, ,0.0,0.0,0.0,0.0,0,0,0,0,0,0,0,0
TF,DB535,52.274636,12.728508,0, ,0.0,0.0,0.0,0.0,0,0,0,0,0,0,0,0
TF,DB536,52.249864,12.627728,0, ,0.0,0.0,0.0,0.0,0,0,0,1,220,0,0,0
TF,DB546,52.172575,12.678181,0, ,0.0,0.0,0.0,0.0,2,6000,0,0,0,0,0,0

STAR,KETA1R,06L,6
IF,DB546,52.172575,12.678181, ,0.0,0.0,2,6000,0,0,0,0,0,0
TF,DB545,52.197306,12.778814,0, ,0.0,0.0,0.0,0.0,0,0,0,0,0,0,0,0
TF,DB544,52.221950,12.879558,0, ,0.0,0.0,0.0,0.0,0,0,0,0,0,0,0,0
TF,DB543,52.246508,12.980414,0, ,0.0,0.0,0.0,0.0,0,0,0,0,0,0,0,0
TF,DB542,52.270981,13.081381,0, ,0.0,0.0,0.0,0.0,2,4000,0,0,0,0,0,0

STAR,KETA1R,06R,6
IF,DB546,52.172575,12.678181, ,0.0,0.0,2,6000,0,0,0,0,0,0
TF,DB556,52.169789,12.741614,0, ,0.0,0.0,0.0,0.0,0,0,0,0,0,0,0,0
TF,DB555,52.194467,12.842275,0, ,0.0,0.0,0.0,0.0,0,0,0,0,0,0,0,0
TF,DB554,52.219058,12.943050,0, ,0.0,0.0,0.0,0.0,0,0,0,0,0,0,0,0
TF,DB553,52.243561,13.043933,0, ,0.0,0.0,0.0,0.0,0,0,0,0,0,0,0,0
TF,DB552,52.267981,13.144928,0, ,0.0,0.0,0.0,0.0,2,3000,0,0,0,0,0,0

STAR,KLF1L,ALL,5
IF,KLF,52.019353,13.563414, ,0.0,0.0,3,12000,0,0,0,0,0,0
TF,DB481,52.106697,13.666611,0, ,0.0,0.0,0.0,0.0,2,8000,0,0,0,0,0,0
TF,DB471,52.255564,13.843681,0, ,0.0,0.0,0.0,0.0,2,6000,0,1,220,0,0,0
TF,DB461,52.333336,13.795161,0, ,0.0,0.0,0.0,0.0,0,0,0,0,0,0,0,0
TF,DB462,52.357111,13.896767,0, ,0.0,0.0,0.0,0.0,0,0,0,0,0,0,0,0
TF,DB463,52.380800,13.998481,0, ,0.0,0.0,0.0,0.0,0,0,0,0,0,0,0,0
TF,DB464,52.404403,14.100300,0, ,0.0,0.0,0.0,0.0,0,0,0,0,0,0,0,0
TF,DB465,52.427914,14.202228,0, ,0.0,0.0,0.0,0.0,0,0,0,0,0,0,0,0
TF,DB466,52.451342,14.304267,0, ,0.0,0.0,0.0,0.0,0,0,0,0,0,0,0,0
TF,DB467,52.474678,14.406411,0, ,0.0,0.0,0.0,0.0,0,0,0,1,220,0,0,0
TF,DB457,52.552675,14.358642,0, ,0.0,0.0,0.0,0.0,2,6000,0,0,0,0,0,0

STAR,KLF1L,24L,6
IF,DB457,52.552675,14.358642, ,0.0,0.0,2,6000,0,0,0,0,0,0
TF,DB456,52.529297,14.256342,0, ,0.0,0.0,0.0,0.0,0,0,0,0,0,0,0,0
TF,DB455,52.505831,14.154153,0, ,0.0,0.0,0.0,0.0,0,0,0,0,0,0,0,0
TF,DB454,52.482275,14.052069,0, ,0.0,0.0,0.0,0.0,0,0,0,0,0,0,0,0
TF,DB453,52.458633,13.950097,0, ,0.0,0.0,0.0,0.0,0,0,0,0,0,0,0,0
TF,DB452,52.434906,13.848231,0, ,0.0,0.0,0.0,0.0,2,3000,0,0,0,0,0,0

STAR,KLF1L,24R,6
IF,DB457,52.552675,14.358642, ,0.0,0.0,2,6000,0,0,0,0,0,0
TF,DB446,52.543161,14.237256,0, ,0.0,0.0,0.0,0.0,0,0,0,0,0,0,0,0
TF,DB445,52.519681,14.135044,0, ,0.0,0.0,0.0,0.0,0,0,0,0,0,0,0,0
TF,DB444,52.496108,14.032939,0, ,0.0,0.0,0.0,0.0,0,0,0,0,0,0,0,0
TF,DB443,52.472450,13.930944,0, ,0.0,0.0,0.0,0.0,2,4000,0,0,0,0,0,0

STAR,KLF1R,ALL,5
IF,KLF,52.019353,13.563414, ,0.0,0.0,3,12000,0,0,0,0,0,0
TF,DB582,52.061569,13.472892,0, ,0.0,0.0,0.0,0.0,2,8000,0,0,0,0,0,0
TF,DB572,52.119633,13.347867,0, ,0.0,0.0,0.0,0.0,2,6000,0,1,220,0,0,0
TF,DB562,52.190472,13.194506,0, ,0.0,0.0,0.0,0.0,4,7000,6000,0,0,0,0,0
TF,DB563,52.166097,13.093658,0, ,0.0,0.0,0.0,0.0,0,0,0,0,0,0,0,0
TF,DB564,52.141633,12.992922,0, ,0.0,0.0,0.0,0.0,0,0,0,0,0,0,0,0
TF,DB565,52.117086,12.892297,0, ,0.0,0.0,0.0,0.0,0,0,0,0,0,0,0,0
TF,DB566,52.092453,12.791781,0, ,0.0,0.0,0.0,0.0,0,0,0,0,0,0,0,0
TF,DB567,52.067733,12.691375,0, ,0.0,0.0,0.0,0.0,0,0,0,1,220,0,0,0
TF,DB557,52.145028,12.641064,0, ,0.0,0.0,0.0,0.0,2,6000,0,0,0,0,0,0

STAR,KLF1R,06L,6
IF,DB557,52.145028,12.641064, ,0.0,0.0,2,6000,0,0,0,0,0,0
TF,DB546,52.172575,12.678181,0, ,0.0,0.0,0.0,0.0,0,0,0,0,0,0,0,0
TF,DB545,52.197306,12.778814,0, ,0.0,0.0,0.0,0.0,0,0,0,0,0,0,0,0
TF,DB544,52.221950,12.879558,0, ,0.0,0.0,0.0,0.0,0,0,0,0,0,0,0,0
TF,DB543,52.246508,12.980414,0, ,0.0,0.0,0.0,0.0,0,0,0,0,0,0,0,0
TF,DB542,52.270981,13.081381,0, ,0.0,0.0,0.0,0.0,2,4000,0,0,0,0,0,0

STAR,KLF1R,06R,6
IF,DB557,52.145028,12.641064, ,0.0,0.0,2,6000,0,0,0,0,0,0
TF,DB556,52.169789,12.741614,0, ,0.0,0.0,0.0,0.0,0,0,0,0,0,0,0,0
TF,DB555,52.194467,12.842275,0, ,0.0,0.0,0.0,0.0,0,0,0,0,0,0,0,0
TF,DB554,52.219058,12.943050,0, ,0.0,0.0,0.0,0.0,0,0,0,0,0,0,0,0
TF,DB553,52.243561,13.043933,0, ,0.0,0.0,0.0,0.0,0,0,0,0,0,0,0,0
TF,DB552,52.267981,13.144928,0, ,0.0,0.0,0.0,0.0,2,3000,0,0,0,0,0,0

STAR,NUKR1L,ALL,5
IF,NUKRO,52.047631,14.416517, ,0.0,0.0,3,12000,0,0,0,0,0,0
TF,DB484,52.149050,14.262625,0, ,0.0,0.0,0.0,0.0,0,0,0,0,0,0,0,0
TF,DB483,52.198847,14.067733,0, ,0.0,0.0,0.0,0.0,2,8000,0,0,0,0,0,0
TF,DB471,52.255564,13.843681,0, ,0.0,0.0,0.0,0.0,2,6000,0,1,220,0,0,0
TF,DB461,52.333336,13.795161,0, ,0.0,0.0,0.0,0.0,0,0,0,0,0,0,0,0
TF,DB462,52.357111,13.896767,0, ,0.0,0.0,0.0,0.0,0,0,0,0,0,0,0,0
TF,DB463,52.380800,13.998481,0, ,0.0,0.0,0.0,0.0,0,0,0,0,0,0,0,0
TF,DB464,52.404403,14.100300,0, ,0.0,0.0,0.0,0.0,0,0,0,0,0,0,0,0
TF,DB465,52.427914,14.202228,0, ,0.0,0.0,0.0,0.0,0,0,0,0,0,0,0,0
TF,DB466,52.451342,14.304267,0, ,0.0,0.0,0.0,0.0,0,0,0,0,0,0,0,0
TF,DB467,52.474678,14.406411,0, ,0.0,0.0,0.0,0.0,0,0,0,1,220,0,0,0
TF,DB457,52.552675,14.358642,0, ,0.0,0.0,0.0,0.0,2,6000,0,0,0,0,0,0

STAR,NUKR1L,24L,6
IF,DB457,52.552675,14.358642, ,0.0,0.0,2,6000,0,0,0,0,0,0
TF,DB456,52.529297,14.256342,0, ,0.0,0.0,0.0,0.0,0,0,0,0,0,0,0,0
TF,DB455,52.505831,14.154153,0, ,0.0,0.0,0.0,0.0,0,0,0,0,0,0,0,0
TF,DB454,52.482275,14.052069,0, ,0.0,0.0,0.0,0.0,0,0,0,0,0,0,0,0
TF,DB453,52.458633,13.950097,0, ,0.0,0.0,0.0,0.0,0,0,0,0,0,0,0,0
TF,DB452,52.434906,13.848231,0, ,0.0,0.0,0.0,0.0,2,3000,0,0,0,0,0,0

STAR,NUKR1L,24R,6
IF,DB457,52.552675,14.358642, ,0.0,0.0,2,6000,0,0,0,0,0,0
TF,DB446,52.543161,14.237256,0, ,0.0,0.0,0.0,0.0,0,0,0,0,0,0,0,0
TF,DB445,52.519681,14.135044,0, ,0.0,0.0,0.0,0.0,0,0,0,0,0,0,0,0
TF,DB444,52.496108,14.032939,0, ,0.0,0.0,0.0,0.0,0,0,0,0,0,0,0,0
TF,DB443,52.472450,13.930944,0, ,0.0,0.0,0.0,0.0,2,4000,0,0,0,0,0,0

STAR,NUKR1R,ALL,5
IF,NUKRO,52.047631,14.416517, ,0.0,0.0,3,12000,0,0,0,0,0,0
TF,DB592,52.098269,13.630297,0, ,0.0,0.0,0.0,0.0,2,8000,0,0,0,0,0,0
TF,DB572,52.119633,13.347867,0, ,0.0,0.0,0.0,0.0,2,6000,0,1,220,0,0,0
TF,DB562,52.190472,13.194506,0, ,0.0,0.0,0.0,0.0,4,7000,6000,0,0,0,0,0
TF,DB563,52.166097,13.093658,0, ,0.0,0.0,0.0,0.0,0,0,0,0,0,0,0,0
TF,DB564,52.141633,12.992922,0, ,0.0,0.0,0.0,0.0,0,0,0,0,0,0,0,0
TF,DB565,52.117086,12.892297,0, ,0.0,0.0,0.0,0.0,0,0,0,0,0,0,0,0
TF,DB566,52.092453,12.791781,0, ,0.0,0.0,0.0,0.0,0,0,0,0,0,0,0,0
TF,DB567,52.067733,12.691375,0, ,0.0,0.0,0.0,0.0,0,0,0,1,220,0,0,0
TF,DB557,52.145028,12.641064,0, ,0.0,0.0,0.0,0.0,2,6000,0,0,0,0,0,0

STAR,NUKR1R,06L,6
IF,DB557,52.145028,12.641064, ,0.0,0.0,2,6000,0,0,0,0,0,0
TF,DB546,52.172575,12.678181,0, ,0.0,0.0,0.0,0.0,0,0,0,0,0,0,0,0
TF,DB545,52.197306,12.778814,0, ,0.0,0.0,0.0,0.0,0,0,0,0,0,0,0,0
TF,DB544,52.221950,12.879558,0, ,0.0,0.0,0.0,0.0,0,0,0,0,0,0,0,0
TF,DB543,52.246508,12.980414,0, ,0.0,0.0,0.0,0.0,0,0,0,0,0,0,0,0
TF,DB542,52.270981,13.081381,0, ,0.0,0.0,0.0,0.0,2,4000,0,0,0,0,0,0

STAR,NUKR1R,06R,6
IF,DB557,52.145028,12.641064, ,0.0,0.0,2,6000,0,0,0,0,0,0
TF,DB556,52.169789,12.741614,0, ,0.0,0.0,0.0,0.0,0,0,0,0,0,0,0,0
TF,DB555,52.194467,12.842275,0, ,0.0,0.0,0.0,0.0,0,0,0,0,0,0,0,0
TF,DB554,52.219058,12.943050,0, ,0.0,0.0,0.0,0.0,0,0,0,0,0,0,0,0
TF,DB553,52.243561,13.043933,0, ,0.0,0.0,0.0,0.0,0,0,0,0,0,0,0,0
TF,DB552,52.267981,13.144928,0, ,0.0,0.0,0.0,0.0,2,3000,0,0,0,0,0,0

STAR,OGBE1L,ALL,5
IF,OGBER,52.613889,12.724722, ,0.0,0.0,3,12000,0,0,0,0,0,0
TF,DB413,52.719042,13.723800,0, ,0.0,0.0,0.0,0.0,2,8000,0,1,220,0,0,0
TF,DB423,52.634744,13.791097,0, ,0.0,0.0,0.0,0.0,2,6000,0,0,0,0,0,0
TF,DB433,52.545525,13.862008,0, ,0.0,0.0,0.0,0.0,0,0,0,1,220,0,0,0
TF,DB434,52.573953,13.984492,0, ,0.0,0.0,0.0,0.0,0,0,0,0,0,0,0,0
TF,DB435,52.597564,14.086750,0, ,0.0,0.0,0.0,0.0,0,0,0,0,0,0,0,0
TF,DB436,52.621089,14.189117,0, ,0.0,0.0,0.0,0.0,0,0,0,0,0,0,0,0
TF,DB437,52.644525,14.291592,0, ,0.0,0.0,0.0,0.0,0,0,0,1,220,0,0,0
TF,DB447,52.566556,14.339575,0, ,0.0,0.0,0.0,0.0,2,6000,0,0,0,0,0,0

STAR,OGBE1L,24L,6
IF,DB447,52.566556,14.339575, ,0.0,0.0,2,6000,0,0,0,0,0,0
TF,DB456,52.529297,14.256342,0, ,0.0,0.0,0.0,0.0,0,0,0,0,0,0,0,0
TF,DB455,52.505831,14.154153,0, ,0.0,0.0,0.0,0.0,0,0,0,0,0,0,0,0
TF,DB454,52.482275,14.052069,0, ,0.0,0.0,0.0,0.0,0,0,0,0,0,0,0,0
TF,DB453,52.458633,13.950097,0, ,0.0,0.0,0.0,0.0,0,0,0,0,0,0,0,0
TF,DB452,52.434906,13.848231,0, ,0.0,0.0,0.0,0.0,2,3000,0,0,0,0,0,0

STAR,OGBE1L,24R,6
IF,DB447,52.566556,14.339575, ,0.0,0.0,2,6000,0,0,0,0,0,0
TF,DB446,52.543161,14.237256,0, ,0.0,0.0,0.0,0.0,0,0,0,0,0,0,0,0
TF,DB445,52.519681,14.135044,0, ,0.0,0.0,0.0,0.0,0,0,0,0,0,0,0,0
TF,DB444,52.496108,14.032939,0, ,0.0,0.0,0.0,0.0,0,0,0,0,0,0,0,0
TF,DB443,52.472450,13.930944,0, ,0.0,0.0,0.0,0.0,2,4000,0,0,0,0,0,0

STAR,OGBE1R,ALL,5
IF,OGBER,52.613889,12.724722, ,0.0,0.0,3,12000,0,0,0,0,0,0
TF,DB511,52.505347,12.856439,0, ,0.0,0.0,0.0,0.0,2,8000,0,0,0,0,0,0
TF,DB521,52.436281,12.939825,0, ,0.0,0.0,0.0,0.0,2,6000,0,0,0,0,0,0
TF,DB531,52.380119,13.007386,0, ,0.0,0.0,0.0,0.0,0,0,0,1,220,0,0,0
TF,DB532,52.331044,13.017983,0, ,0.0,0.0,0.0,0.0,0,0,0,0,0,0,0,0
TF,DB533,52.323922,12.930403,0, ,0.0,0.0,0.0,0.0,0,0,0,0,0,0,0,0
TF,DB534,52.299322,12.829400,0, ,0.0,0.0,0.0,0.0,0,0,0,0,0,0,0,0
TF,DB535,52.274636,12.728508,0, ,0.0,0.0,0.0,0.0,0,0,0,0,0,0,0,0
TF,DB536,52.249864,12.627728,0, ,0.0,0.0,0.0,0.0,0,0,0,1,220,0,0,0
TF,DB546,52.172575,12.678181,0, ,0.0,0.0,0.0,0.0,2,6000,0,0,0,0,0,0

STAR,OGBE1R,06L,6
IF,DB546,52.172575,12.678181, ,0.0,0.0,2,6000,0,0,0,0,0,0
TF,DB545,52.197306,12.778814,0, ,0.0,0.0,0.0,0.0,0,0,0,0,0,0,0,0
TF,DB544,52.221950,12.879558,0, ,0.0,0.0,0.0,0.0,0,0,0,0,0,0,0,0
TF,DB543,52.246508,12.980414,0, ,0.0,0.0,0.0,0.0,0,0,0,0,0,0,0,0
TF,DB542,52.270981,13.081381,0, ,0.0,0.0,0.0,0.0,2,4000,0,0,0,0,0,0

STAR,OGBE1R,06R,6
IF,DB546,52.172575,12.678181, ,0.0,0.0,2,6000,0,0,0,0,0,0
TF,DB556,52.169789,12.741614,0, ,0.0,0.0,0.0,0.0,0,0,0,0,0,0,0,0
TF,DB555,52.194467,12.842275,0, ,0.0,0.0,0.0,0.0,0,0,0,0,0,0,0,0
TF,DB554,52.219058,12.943050,0, ,0.0,0.0,0.0,0.0,0,0,0,0,0,0,0,0
TF,DB553,52.243561,13.043933,0, ,0.0,0.0,0.0,0.0,0,0,0,0,0,0,0,0
TF,DB552,52.267981,13.144928,0, ,0.0,0.0,0.0,0.0,2,3000,0,0,0,0,0,0

APPTR,I06LX,06L,BBI
IF,BBI,52.342014,13.454047, ,0.0,0.0,2,5000,0,0,0,0,1,0
FD,BBI,52.342014,13.454047,0,BBI,0.0,14.4,234.0,14.4,2,5000,0,0,0,0,0,0
CF,CI06L,52.271156,13.082183,2,IBNE,243.8,17.9,64.0,1.0,2,4000,0,0,0,0,1,0

FINAL,I06LX,06L,I,3
IF,CI06L,52.271156,13.082183,IBNE,243.8,17.9,2,4000,0,0,0,0,0,0
CF,ODIDO,52.295381,13.182533,0,IBNE,243.8,13.9,64.0,4.0,1,4000,0,0,0,0,2,0
CF,RW06L,52.367689,13.485025,0,IBNE,243.8,2.0,64.0,12.0,1,194,0,0,0,0,3,0
FD,RW06L,52.367689,13.485025,0,BBI,31.4,3.4,64.0,3.4,3,4000,0,0,0,0,0,0
DF,BBI,52.342014,13.454047,1, ,0.0,0.0,1,4000,0,1,210,0,0,0

APPTR,I06LY,06L,DB534
IF,DB534,52.299322,12.829400, ,0.0,0.0,2,6000,0,0,0,0,1,0
TF,DB943,52.241989,12.866639,0, ,0.0,0.0,0.0,0.0,2,6000,0,0,0,0,0,0
TF,DB942,52.266558,12.967531,0, ,0.0,0.0,0.0,0.0,2,5000,0,0,0,0,0,0
TF,DB941,52.291025,13.068475,0, ,0.0,0.0,0.0,0.0,2,4000,0,0,0,0,0,0
TF,DB940,52.324269,13.206381,0, ,0.0,0.0,0.0,0.0,2,3000,0,0,0,0,0,0
TF,DB030,52.321369,13.290767,0,IBNE,0.0,0.0,0.0,0.0,2,2000,0,0,0,0,1,0

APPTR,I06LY,06L,DB546
IF,DB546,52.172575,12.678181, ,0.0,0.0,2,6000,0,0,0,0,1,0
TF,DB944,52.217333,12.765856,0, ,0.0,0.0,0.0,0.0,0,0,0,0,0,0,0,0
TF,DB943,52.241989,12.866639,0, ,0.0,0.0,0.0,0.0,2,6000,0,0,0,0,0,0
TF,DB942,52.266558,12.967531,0, ,0.0,0.0,0.0,0.0,2,5000,0,0,0,0,0,0
TF,DB941,52.291025,13.068475,0, ,0.0,0.0,0.0,0.0,2,4000,0,0,0,0,0,0
TF,DB940,52.324269,13.206381,0, ,0.0,0.0,0.0,0.0,2,3000,0,0,0,0,0,0
TF,DB030,52.321369,13.290767,0,IBNE,0.0,0.0,0.0,0.0,2,2000,0,0,0,0,1,0

FINAL,I06LY,06L,I,3
IF,DB030,52.321369,13.290767,IBNE,243.8,9.6,2,2000,0,0,0,0,0,0
CF,LIGBA,52.333475,13.341367,0,IBNE,243.8,7.6,64.0,2.0,1,2000,0,0,0,0,2,0
CF,RW06L,52.367689,13.485025,0,IBNE,243.8,2.0,64.0,5.7,1,194,0,0,0,0,3,0
CF,DB910,52.377431,13.526094,0,BBI,46.2,3.4,64.0,1.6,3,4000,0,0,0,0,0,1
DF,DB911,52.420606,13.559008,1, ,0.0,0.0,0,0,0,1,210,0,0,0
TF,DB915,52.502561,13.513183,0, ,0.0,0.0,0.0,0.0,0,0,0,1,230,0,0,0
TF,OGBER,52.613889,12.724722,0, ,0.0,0.0,0.0,0.0,1,5000,0,1,250,0,0,0

APPTR,I06LZ,06L,OGBER
IF,OGBER,52.613889,12.724722, ,0.0,0.0,2,5000,0,0,0,0,1,0
TF,DB542,52.270981,13.081381,0,IBNE,0.0,0.0,0.0,0.0,2,4000,0,1,210,0,1,0

FINAL,I06LZ,06L,I,3
IF,DB542,52.270981,13.081381,IBNE,243.8,17.9,2,4000,0,0,0,0,1,0
CF,ODIDO,52.295381,13.182533,0,IBNE,243.8,13.9,64.0,4.0,1,4000,0,0,0,0,2,0
CF,RW06L,52.367689,13.485025,0,IBNE,243.8,2.0,64.0,12.0,1,194,0,0,0,0,3,0
CF,DB910,52.377431,13.526094,0,BBI,46.2,3.4,64.0,1.6,3,4000,0,0,0,0,0,1
DF,DB911,52.420606,13.559008,1, ,0.0,0.0,0,0,0,1,210,0,0,0
TF,DB915,52.502561,13.513183,0, ,0.0,0.0,0.0,0.0,0,0,0,1,230,0,0,0
TF,OGBER,52.613889,12.724722,0, ,0.0,0.0,0.0,0.0,1,5000,0,1,250,0,0,0

APPTR,I06RX,06R,BBI
IF,BBI,52.342014,13.454047, ,0.0,0.0,2,4000,0,0,0,0,1,0
FD,BBI,52.342014,13.454047,0,BBI,0.0,12.2,228.0,12.2,2,4000,0,0,0,0,0,0
CF,CI06R,52.268478,13.147008,2,IBSE,243.8,15.2,64.0,1.0,2,4000,0,0,0,0,1,0

FINAL,I06RX,06R,I,3
IF,CI06R,52.268478,13.147008,IBSE,243.8,15.2,2,4000,0,0,0,0,0,0
CF,TEBGO,52.292308,13.246033,0,IBSE,243.8,11.3,64.0,3.9,1,3000,0,0,0,0,2,0
CF,RW06R,52.345433,13.468428,0,IBSE,243.8,2.5,64.0,8.8,1,208,0,0,0,0,3,0
FD,RW06R,52.345433,13.468428,0,BBI,63.8,3.2,64.0,3.2,3,3000,0,0,0,0,0,0
DF,BBI,52.342014,13.454047,2, ,0.0,0.0,1,4000,0,1,210,0,0,0

APPTR,I06RY,06R,DB557
IF,DB557,52.145028,12.641064, ,0.0,0.0,2,6000,0,0,0,0,1,0
TF,DB935,52.149844,12.754850,0, ,0.0,0.0,0.0,0.0,0,0,0,0,0,0,0,0
TF,DB934,52.174494,12.855414,0, ,0.0,0.0,0.0,0.0,2,6000,0,0,0,0,0,0
TF,DB933,52.199058,12.956089,0, ,0.0,0.0,0.0,0.0,2,5000,0,0,0,0,0,0
TF,DB932,52.223536,13.056875,0, ,0.0,0.0,0.0,0.0,2,4000,0,0,0,0,0,0
TF,DB931,52.247928,13.157769,0, ,0.0,0.0,0.0,0.0,2,3000,0,0,0,0,0,0
TF,DB930,52.262014,13.216250,0, ,0.0,0.0,0.0,0.0,2,2500,0,0,0,0,0,0
TF,DB040,52.299244,13.274944,0,IBSE,0.0,0.0,0.0,0.0,2,2000,0,0,0,0,1,0

APPTR,I06RY,06R,DB564
IF,DB564,52.141633,12.992922, ,0.0,0.0,2,6000,0,0,0,0,1,0
TF,DB933,52.199058,12.956089,0, ,0.0,0.0,0.0,0.0,2,5000,0,0,0,0,0,0
TF,DB932,52.223536,13.056875,0, ,0.0,0.0,0.0,0.0,2,4000,0,0,0,0,0,0
TF,DB931,52.247928,13.157769,0, ,0.0,0.0,0.0,0.0,2,3000,0,0,0,0,0,0
TF,DB930,52.262014,13.216250,0, ,0.0,0.0,0.0,0.0,2,2500,0,0,0,0,0,0
TF,DB040,52.299244,13.274944,0,IBSE,0.0,0.0,0.0,0.0,2,2000,0,0,0,0,1,0

FINAL,I06RY,06R,I,3
IF,DB040,52.299244,13.274944,IBSE,243.8,10.1,2,2000,0,0,0,0,0,0
CF,REGBA,52.311356,13.325517,0,IBSE,243.8,8.1,64.0,2.0,1,2000,0,0,0,0,2,0
CF,RW06R,52.345433,13.468428,0,IBSE,243.8,2.5,64.0,5.7,1,208,0,0,0,0,3,0
CF,DB960,52.358425,13.523158,0,BBI,63.8,2.7,64.0,2.2,3,3000,0,0,0,0,0,1
DF,DB961,52.308522,13.626475,2, ,0.0,0.0,0,0,0,1,210,0,0,0
TF,KLF,52.019353,13.563414,0, ,0.0,0.0,0.0,0.0,1,5000,0,1,250,0,0,0

APPTR,I06RZ,06R,KLF
IF,KLF,52.019353,13.563414, ,0.0,0.0,2,5000,0,0,0,0,1,0
TF,DB951,52.161044,13.213269,0, ,0.0,0.0,0.0,0.0,2,4000,0,0,0,0,0,0
TF,DB552,52.267981,13.144928,0,IBSE,0.0,0.0,0.0,0.0,2,3000,0,1,210,0,1,0

FINAL,I06RZ,06R,I,3
IF,DB552,52.267981,13.144928,IBSE,243.8,15.3,2,3000,0,0,0,0,0,0
CF,TEBGO,52.292308,13.246033,0,IBSE,243.8,11.3,64.0,4.0,1,3000,0,0,0,0,2,0
CF,RW06R,52.345433,13.468428,0,IBSE,243.8,2.5,64.0,8.8,1,208,0,0,0,0,3,0
CF,DB960,52.358425,13.523158,0,BBI,63.8,2.7,64.0,2.2,3,3000,0,0,0,0,0,1
DF,DB961,52.308522,13.626475,2, ,0.0,0.0,0,0,0,1,210,0,0,0
TF,KLF,52.019353,13.563414,0, ,0.0,0.0,0.0,0.0,1,5000,0,1,250,0,0,0

APPTR,I24LX,24L,BBI
IF,BBI,52.342014,13.454047, ,0.0,0.0,2,4000,0,0,0,0,1,0
FD,BBI,52.342014,13.454047,0,BBI,0.0,15.5,52.0,15.5,2,3000,0,1,210,0,0,0
CF,CF24L,52.435072,13.848925,2,IBSW,63.8,15.3,244.0,2.0,2,3000,0,0,0,0,1,0

FINAL,I24LX,24L,I,3
IF,CF24L,52.435072,13.848925,IBSW,63.8,15.3,2,3000,0,0,0,0,0,0
CF,XANIM,52.411089,13.746475,0,IBSW,63.8,11.3,244.0,4.0,1,3000,0,0,0,0,2,0
CF,RW24L,52.358425,13.523161,0,IBSW,63.8,2.5,244.0,8.8,1,205,0,0,0,0,3,0
CF,D244A,52.333669,13.418528,0,BBI,244.0,1.4,244.0,4.1,3,3000,0,0,0,0,0,1
DF,BBI,52.342014,13.454047,1, ,0.0,0.0,1,4000,0,1,210,0,0,0

APPTR,I24LY,24L,DB457
IF,DB457,52.552675,14.358642, ,0.0,0.0,2,6000,0,0,0,0,1,0
TF,DB920,52.484231,14.167500,0, ,0.0,0.0,0.0,0.0,2,6000,0,0,0,0,0,0
TF,DB921,52.461156,14.065239,0, ,0.0,0.0,0.0,0.0,2,5000,0,0,0,0,0,0
TF,DB922,52.437994,13.963086,0, ,0.0,0.0,0.0,0.0,2,4000,0,0,0,0,0,0
TF,DB900,52.410353,13.841831,0, ,0.0,0.0,0.0,0.0,2,3000,0,0,0,0,0,0
TF,DB050,52.404269,13.717431,0,IBSW,0.0,0.0,0.0,0.0,2,2000,0,0,0,0,1,0

APPTR,I24LY,24L,DB465
IF,DB465,52.427914,14.202228, ,0.0,0.0,2,6000,0,0,0,0,1,0
TF,DB920,52.484231,14.167500,0, ,0.0,0.0,0.0,0.0,2,6000,0,0,0,0,0,0
TF,DB921,52.461156,14.065239,0, ,0.0,0.0,0.0,0.0,2,5000,0,0,0,0,0,0
TF,DB922,52.437994,13.963086,0, ,0.0,0.0,0.0,0.0,2,4000,0,0,0,0,0,0
TF,DB900,52.410353,13.841831,0, ,0.0,0.0,0.0,0.0,2,3000,0,0,0,0,0,0
TF,DB050,52.404269,13.717431,0,IBSW,0.0,0.0,0.0,0.0,2,2000,0,0,0,0,1,0

FINAL,I24LY,24L,I,3
IF,DB050,52.404269,13.717431,IBSW,63.8,10.1,2,2000,0,0,0,0,0,0
CF,LIMFE,52.392325,13.666639,0,IBSW,63.8,8.1,244.0,2.0,1,2000,0,0,0,0,2,0
CF,RW24L,52.358425,13.523161,0,IBSW,63.8,2.5,244.0,5.7,1,205,0,0,0,0,3,0
CF,DB860,52.345433,13.468422,0,BBI,63.8,0.6,244.0,2.2,3,3000,0,0,0,0,0,1
DF,DB861,52.284489,13.443092,1, ,0.0,0.0,0,0,0,1,190,0,0,0
TF,DB862,52.246158,13.501047,0, ,0.0,0.0,0.0,0.0,0,0,0,1,220,0,0,0
TF,KLF,52.019353,13.563414,0, ,0.0,0.0,0.0,0.0,1,5000,0,1,250,0,0,0

APPTR,I24LZ,24L,KLF
IF,KLF,52.019353,13.563414, ,0.0,0.0,2,5000,0,0,0,0,1,0
TF,DB851,52.372778,13.887008,0, ,0.0,0.0,0.0,0.0,2,4000,0,0,0,0,0,0
TF,DB452,52.434906,13.848231,0,IBSW,0.0,0.0,0.0,0.0,2,3000,0,1,210,0,1,0

FINAL,I24LZ,24L,I,3
IF,DB452,52.434906,13.848231,IBSW,63.8,15.3,2,3000,0,0,0,0,1,0
CF,XANIM,52.411089,13.746475,0,IBSW,63.8,11.3,244.0,4.0,1,3000,0,0,0,0,2,0
CF,RW24L,52.358425,13.523161,0,IBSW,63.8,2.5,244.0,8.8,1,205,0,0,0,0,3,0
CF,DB860,52.345433,13.468422,0,BBI,63.8,0.6,244.0,2.2,3,3000,0,0,0,0,0,1
DF,DB861,52.284489,13.443092,1, ,0.0,0.0,0,0,0,1,190,0,0,0
TF,DB862,52.246158,13.501047,0, ,0.0,0.0,0.0,0.0,0,0,0,1,220,0,0,0
TF,KLF,52.019353,13.563414,0, ,0.0,0.0,0.0,0.0,1,5000,0,1,250,0,0,0

APPTR,I24RX,24R,BBI
FD,BBI,52.342014,13.454047,0,BBI,0.0,19.2,50.0,19.2,2,5000,0,0,0,0,1,0
CF,CI2RX,52.472436,13.930864,2,IBNW,63.8,17.9,244.0,1.0,2,5000,0,0,0,0,1,0

FINAL,I24RX,24R,I,3
IF,CI2RX,52.472436,13.930864,IBNW,63.8,17.9,2,5000,0,0,0,0,0,0
CF,UBURU,52.448678,13.828947,0,IBNW,63.8,13.9,244.0,4.0,1,4000,0,0,0,0,2,0
CF,RW24R,52.377431,13.526097,0,IBNW,63.8,2.0,244.0,11.9,1,206,0,0,0,0,3,0
VD, ,0,0,0,SDD,0.0,0.0,244.0,3.8,3,4000,0,0,0,0,0,0
DF,BBI,52.342014,13.454047,2, ,0.0,0.0,1,4000,0,1,210,0,0,0

APPTR,I24RZ,24R,OGBER
IF,OGBER,52.613889,12.724722, ,0.0,0.0,2,5000,0,0,0,0,1,0
TF,DB802,52.550433,13.882231,0, ,0.0,0.0,0.0,0.0,2,4000,0,0,0,0,0,0
TF,DB443,52.472450,13.930944,0,IBNW,0.0,0.0,0.0,0.0,2,4000,0,1,210,0,1,0

FINAL,I24RZ,24R,I,3
IF,DB443,52.472450,13.930944,IBNW,63.8,17.9,2,4000,0,0,0,0,1,0
CF,UBURU,52.448678,13.828947,0,IBNW,63.8,13.9,244.0,4.0,1,4000,0,0,0,0,2,0
CF,RW24R,52.377431,13.526097,0,IBNW,63.8,2.0,244.0,11.9,1,206,0,0,0,0,3,0
CF,DB810,52.361878,13.460558,0,BBI,6.4,1.2,244.0,2.6,3,4000,0,0,0,0,0,1
DF,DB811,52.364883,13.395025,0, ,0.0,0.0,0,0,0,1,210,0,0,0
TF,OGBER,52.613889,12.724722,0, ,0.0,0.0,0.0,0.0,1,5000,0,1,250,0,0,0

APPTR,L06L,06L,BBI
IF,BBI,52.342014,13.454047, ,0.0,0.0,2,5000,0,0,0,0,1,0
FD,BBI,52.342014,13.454047,0,BBI,0.0,14.4,234.0,14.4,2,5000,0,0,0,0,0,0
CF,CI06L,52.271156,13.082183,2,IBNE,243.8,17.9,64.0,1.0,2,4000,0,0,0,0,1,0

FINAL,L06L,06L,D,5
IF,CI06L,52.271156,13.082183,IBNE,243.8,17.9,2,4000,0,0,0,0,0,0
CF,ODIDO,52.295381,13.182533,0,IBNE,243.8,13.9,64.0,4.0,2,4000,0,0,0,0,2,0
CF,40LOC,52.344506,13.387589,0,IBNE,243.8,5.8,64.0,8.1,2,1420,0,0,0,0,0,0
CF,27LOC,52.352350,13.420514,0,IBNE,243.8,4.5,64.0,1.3,2,1010,0,0,0,0,0,0
CF,ML06L,52.364464,13.471447,0,IBNE,243.8,2.5,64.0,2.0,1,364,0,0,0,0,3,0
FD,ML06L,52.364464,13.471447,0,BBI,20.4,3.4,64.0,3.4,3,4000,0,0,0,0,0,0
DF,BBI,52.342014,13.454047,1, ,0.0,0.0,1,4000,0,1,210,0,0,0

APPTR,L06R,06R,BBI
IF,BBI,52.342014,13.454047, ,0.0,0.0,2,4000,0,0,0,0,1,0
FD,BBI,52.342014,13.454047,0,BBI,0.0,12.2,228.0,12.2,2,4000,0,0,0,0,0,0
CF,CI06R,52.268478,13.147008,2,IBSE,243.8,15.2,64.0,1.0,2,4000,0,0,0,0,1,0

FINAL,L06R,06R,D,5
IF,CI06R,52.268478,13.147008,IBSE,243.8,15.2,2,4000,0,0,0,0,0,0
CF,TEBGO,52.292308,13.246033,0,IBSE,243.8,11.3,64.0,3.9,2,3000,0,0,0,0,2,0
CF,40LO1,52.322403,13.371736,0,IBSE,243.8,6.3,64.0,5.0,2,1420,0,0,0,0,0,0
CF,27LO1,52.330253,13.404644,0,IBSE,243.8,5.0,64.0,1.3,2,1020,0,0,0,0,0,0
CF,ML06R,52.342311,13.455294,0,IBSE,243.8,3.0,64.0,8.8,1,373,0,0,0,0,3,0
FD,ML06R,52.342311,13.455294,0,BBI,63.7,3.2,64.0,3.2,3,3000,0,0,0,0,0,0
DF,BBI,52.342014,13.454047,2, ,0.0,0.0,1,4000,0,1,210,0,0,0

APPTR,L24L,24L,BBI
IF,BBI,52.342014,13.454047, ,0.0,0.0,2,4000,0,0,0,0,1,0
FD,BBI,52.342014,13.454047,0,BBI,0.0,15.5,52.0,15.5,2,3000,0,1,210,0,0,0
CF,CF24L,52.435072,13.848925,2,IBSW,63.8,15.3,244.0,2.0,2,3000,0,0,0,0,1,0

FINAL,L24L,24L,D,5
IF,CF24L,52.435072,13.848925,IBSW,63.8,15.3,2,3000,0,0,0,0,0,0
CF,XANIM,52.411089,13.746475,0,IBSW,63.8,11.3,244.0,4.0,2,3000,0,0,0,0,2,0
CF,40LO2,52.381392,13.620258,0,IBSW,63.8,6.3,244.0,5.0,2,1420,0,0,0,0,0,0
CF,27LO2,52.373600,13.587275,0,IBSW,63.8,5.0,244.0,1.3,2,1010,0,0,0,0,0,0
CF,ML24L,52.361539,13.536300,0,IBSW,63.8,3.0,244.0,2.0,1,371,0,0,0,0,3,0
CF,D244A,52.333669,13.418528,0,BBI,244.0,1.4,244.0,4.7,3,3000,0,0,0,0,0,1
DF,BBI,52.342014,13.454047,1, ,0.0,0.0,1,4000,0,1,210,0,0,0

APPTR,L24R,24R,BBI
FD,BBI,52.342014,13.454047,0,BBI,0.0,19.2,50.0,19.2,2,5000,0,0,0,0,1,0
CF,CI2RX,52.472436,13.930864,2,IBNW,63.8,17.9,244.0,1.0,2,5000,0,0,0,0,1,0

FINAL,L24R,24R,D,4
IF,CI2RX,52.472436,13.930864,IBNW,63.8,17.9,2,5000,0,0,0,0,0,0
CF,UBURU,52.448678,13.828947,0,IBNW,63.8,13.9,244.0,4.0,2,4000,0,0,0,0,2,0
CF,26LOC,52.391989,13.587631,0,IBNW,63.8,4.4,244.0,9.5,2,980,0,0,0,0,0,0
CF,ML24R,52.379986,13.536889,0,IBNW,63.8,2.4,244.0,2.0,1,341,0,0,0,0,3,0
VD, ,0,0,0,SDD,0.0,0.0,244.0,3.8,3,4000,0,0,0,0,0,0
DF,BBI,52.342014,13.454047,2, ,0.0,0.0,1,4000,0,1,210,0,0,0

APPTR,R06LY,06L,DB534
IF,DB534,52.299322,12.829400, ,0.0,0.0,2,6000,0,0,0,0,1,0
TF,DB943,52.241989,12.866639,0, ,0.0,0.0,0.0,0.0,2,6000,0,0,0,0,0,0
TF,DB942,52.266558,12.967531,0, ,0.0,0.0,0.0,0.0,2,5000,0,0,0,0,0,0
TF,DB941,52.291025,13.068475,0, ,0.0,0.0,0.0,0.0,2,4000,0,0,0,0,0,0
TF,DB940,52.324269,13.206381,0, ,0.0,0.0,0.0,0.0,2,3000,0,1,220,0,1,0

APPTR,R06LY,06L,DB546
IF,DB546,52.172575,12.678181, ,0.0,0.0,2,6000,0,0,0,0,1,0
TF,DB944,52.217333,12.765856,0, ,0.0,0.0,0.0,0.0,0,0,0,0,0,0,0,0
TF,DB943,52.241989,12.866639,0, ,0.0,0.0,0.0,0.0,2,6000,0,0,0,0,0,0
TF,DB942,52.266558,12.967531,0, ,0.0,0.0,0.0,0.0,2,5000,0,0,0,0,0,0
TF,DB941,52.291025,13.068475,0, ,0.0,0.0,0.0,0.0,2,4000,0,0,0,0,0,0
TF,DB940,52.324269,13.206381,0, ,0.0,0.0,0.0,0.0,2,3000,0,1,220,0,1,0

FINAL,R06LY,06L,R,3
IF,DB940,52.324269,13.206381, ,0.0,0.0,2,3000,0,1,220,0,0,0
TF,LIGBA,52.333475,13.341367,0, ,0.0,0.0,78.0,5.0,2,2000,0,0,0,0,2,0
TF,RW06L,52.367689,13.485025,0, ,0.0,0.0,64.0,5.7,1,194,0,0,0,0,3,1
CF,DB910,52.377431,13.526094,0,KLF,352.4,21.6,64.0,1.6,3,4000,0,0,0,0,0,1
DF,DB911,52.420606,13.559008,1, ,0.0,0.0,0,0,0,1,210,0,0,0
TF,DB915,52.502561,13.513183,0, ,0.0,0.0,0.0,0.0,0,0,0,1,230,0,0,0
TF,OGBER,52.613889,12.724722,0, ,0.0,0.0,0.0,0.0,1,5000,0,1,250,0,0,0

APPTR,R06LZ,06L,OGBER
IF,OGBER,52.613889,12.724722, ,0.0,0.0,2,5000,0,0,0,0,1,0
TF,DB542,52.270981,13.081381,0, ,0.0,0.0,0.0,0.0,2,4000,0,1,210,0,1,0

FINAL,R06LZ,06L,R,3
IF,DB542,52.270981,13.081381, ,0.0,0.0,2,4000,0,0,0,0,1,0
TF,ODIDO,52.295381,13.182533,0, ,0.0,0.0,64.0,4.0,2,4000,0,0,0,0,2,0
TF,RW06L,52.367689,13.485025,0, ,0.0,0.0,64.0,12.0,1,194,0,0,0,0,3,1
CF,DB910,52.377431,13.526094,0,KLF,352.4,21.6,64.0,1.6,3,4000,0,0,0,0,0,1
DF,DB911,52.420606,13.559008,1, ,0.0,0.0,0,0,0,1,210,0,0,0
TF,DB915,52.502561,13.513183,0, ,0.0,0.0,0.0,0.0,0,0,0,1,230,0,0,0
TF,OGBER,52.613889,12.724722,0, ,0.0,0.0,0.0,0.0,1,5000,0,1,250,0,0,0

APPTR,R06RY,06R,DB557
IF,DB557,52.145028,12.641064, ,0.0,0.0,2,6000,0,1,220,0,1,0
TF,DB935,52.149844,12.754850,0, ,0.0,0.0,0.0,0.0,0,0,0,0,0,0,0,0
TF,DB934,52.174494,12.855414,0, ,0.0,0.0,0.0,0.0,0,0,0,0,0,0,0,0
TF,DB933,52.199058,12.956089,0, ,0.0,0.0,0.0,0.0,2,6000,0,0,0,0,0,0
TF,DB932,52.223536,13.056875,0, ,0.0,0.0,0.0,0.0,2,5000,0,0,0,0,0,0
TF,DB931,52.247928,13.157769,0, ,0.0,0.0,0.0,0.0,2,4000,0,0,0,0,0,0
TF,DB930,52.262014,13.216250,0, ,0.0,0.0,0.0,0.0,2,3000,0,0,0,0,1,0

APPTR,R06RY,06R,DB564
IF,DB564,52.141633,12.992922, ,0.0,0.0,2,6000,0,1,220,0,1,0
TF,DB933,52.199058,12.956089,0, ,0.0,0.0,0.0,0.0,2,6000,0,0,0,0,0,0
TF,DB932,52.223536,13.056875,0, ,0.0,0.0,0.0,0.0,2,5000,0,0,0,0,0,0
TF,DB931,52.247928,13.157769,0, ,0.0,0.0,0.0,0.0,2,4000,0,0,0,0,0,0
TF,DB930,52.262014,13.216250,0, ,0.0,0.0,0.0,0.0,2,3000,0,0,0,0,1,0

FINAL,R06RY,06R,R,3
IF,DB930,52.262014,13.216250, ,0.0,0.0,2,3000,0,0,0,0,0,0
TF,REGBA,52.311356,13.325517,0, ,0.0,0.0,48.0,5.0,2,2000,0,0,0,0,2,0
TF,RW06R,52.345433,13.468428,0, ,0.0,0.0,64.0,5.6,1,202,0,0,0,0,3,1
CF,DB960,52.358425,13.523158,0,KLF,351.8,20.4,64.0,2.2,3,3000,0,0,0,0,0,1
DF,DB961,52.308522,13.626475,2, ,0.0,0.0,0,0,0,1,210,0,0,0
TF,KLF,52.019353,13.563414,0, ,0.0,0.0,0.0,0.0,1,5000,0,1,250,0,0,0

APPTR,R06RZ,06R,KLF
IF,KLF,52.019353,13.563414, ,0.0,0.0,2,5000,0,0,0,0,1,0
TF,DB951,52.161044,13.213269,0, ,0.0,0.0,0.0,0.0,2,4000,0,0,0,0,0,0
TF,DB552,52.267981,13.144928,0, ,0.0,0.0,0.0,0.0,2,3000,0,1,210,0,1,0

FINAL,R06RZ,06R,R,3
IF,DB552,52.267981,13.144928, ,0.0,0.0,2,3000,0,1,210,0,1,0
TF,TEBGO,52.292308,13.246033,0, ,0.0,0.0,64.0,4.0,2,3000,0,0,0,0,2,0
TF,RW06R,52.345433,13.468428,0, ,0.0,0.0,64.0,8.8,1,202,0,0,0,0,3,1
CF,DB960,52.358425,13.523158,0,KLF,351.8,20.4,64.0,2.2,3,3000,0,0,0,0,0,1
DF,DB961,52.308522,13.626475,2, ,0.0,0.0,0,0,0,1,210,0,0,0
TF,KLF,52.019353,13.563414,0, ,0.0,0.0,0.0,0.0,1,5000,0,1,250,0,0,0

APPTR,R24LY,24L,DB457
IF,DB457,52.552675,14.358642, ,0.0,0.0,2,6000,0,1,220,0,1,0
TF,DB920,52.484231,14.167500,0, ,0.0,0.0,0.0,0.0,0,0,0,0,0,0,0,0
TF,DB921,52.461156,14.065239,0, ,0.0,0.0,0.0,0.0,2,6000,0,0,0,0,0,0
TF,DB922,52.437994,13.963086,0, ,0.0,0.0,0.0,0.0,2,5000,0,0,0,0,0,0
TF,DB923,52.414742,13.861042,0, ,0.0,0.0,0.0,0.0,2,4000,0,0,0,0,0,0
TF,DB924,52.400942,13.800706,0, ,0.0,0.0,0.0,0.0,2,3000,0,0,0,0,1,0

APPTR,R24LY,24L,DB465
IF,DB465,52.427914,14.202228, ,0.0,0.0,2,6000,0,1,220,0,1,0
TF,DB920,52.484231,14.167500,0, ,0.0,0.0,0.0,0.0,0,0,0,0,0,0,0,0
TF,DB921,52.461156,14.065239,0, ,0.0,0.0,0.0,0.0,2,6000,0,0,0,0,0,0
TF,DB922,52.437994,13.963086,0, ,0.0,0.0,0.0,0.0,2,5000,0,0,0,0,0,0
TF,DB923,52.414742,13.861042,0, ,0.0,0.0,0.0,0.0,2,4000,0,0,0,0,0,0
TF,DB924,52.400942,13.800706,0, ,0.0,0.0,0.0,0.0,2,3000,0,0,0,0,1,0

FINAL,R24LY,24L,R,3
IF,DB924,52.400942,13.800706, ,0.0,0.0,2,3000,0,0,0,0,0,0
TF,LIMFE,52.392325,13.666639,0, ,0.0,0.0,259.0,5.0,2,2000,0,0,0,0,2,0
TF,RW24L,52.358425,13.523161,0, ,0.0,0.0,244.0,5.7,1,199,0,0,0,0,3,1
CF,DB860,52.345433,13.468422,0,KLF,345.9,19.9,244.0,2.2,3,3000,0,0,0,0,0,1
DF,DB861,52.284489,13.443092,1, ,0.0,0.0,0,0,0,1,190,0,0,0
TF,DB862,52.246158,13.501047,0, ,0.0,0.0,0.0,0.0,0,0,0,1,220,0,0,0
TF,KLF,52.019353,13.563414,0, ,0.0,0.0,0.0,0.0,1,5000,0,1,250,0,0,0

APPTR,R24LZ,24L,KLF
IF,KLF,52.019353,13.563414, ,0.0,0.0,2,5000,0,1,250,0,1,0
TF,DB851,52.372778,13.887008,0, ,0.0,0.0,0.0,0.0,2,4000,0,0,0,0,0,0
TF,DB452,52.434906,13.848231,0, ,0.0,0.0,0.0,0.0,2,3000,0,1,210,0,1,0

FINAL,R24LZ,24L,R,3
IF,DB452,52.434906,13.848231, ,0.0,0.0,2,3000,0,0,0,0,1,0
TF,XANIM,52.411089,13.746475,0, ,0.0,0.0,244.0,4.0,2,3000,0,0,0,0,2,0
TF,RW24L,52.358425,13.523161,0, ,0.0,0.0,244.0,8.8,1,199,0,0,0,0,3,1
CF,DB860,52.345433,13.468422,0,KLF,345.9,19.9,244.0,2.2,3,3000,0,0,0,0,0,1
DF,DB861,52.284489,13.443092,1, ,0.0,0.0,0,0,0,1,190,0,0,0
TF,DB862,52.246158,13.501047,0, ,0.0,0.0,0.0,0.0,0,0,0,1,220,0,0,0
TF,KLF,52.019353,13.563414,0, ,0.0,0.0,0.0,0.0,1,5000,0,1,250,0,0,0

APPTR,R24RZ,24R,OGBER
IF,OGBER,52.613889,12.724722, ,0.0,0.0,2,5000,0,0,0,0,1,0
TF,DB802,52.550433,13.882231,0, ,0.0,0.0,0.0,0.0,2,5000,0,0,0,0,0,0
TF,DB443,52.472450,13.930944,0, ,0.0,0.0,0.0,0.0,2,4000,0,1,210,0,1,0

FINAL,R24RZ,24R,R,3
IF,DB443,52.472450,13.930944, ,0.0,0.0,2,4000,0,0,0,0,1,0
TF,UBURU,52.448678,13.828947,0, ,0.0,0.0,244.0,4.0,2,4000,0,0,0,0,2,0
TF,RW24R,52.377431,13.526097,0, ,0.0,0.0,244.0,11.9,1,204,0,0,0,0,3,1
CF,DB810,52.361878,13.460558,0,BBI,6.4,1.2,244.0,2.6,3,4000,0,0,0,0,0,1
DF,DB811,52.364883,13.395025,2, ,0.0,0.0,0,0,0,1,210,0,0,0
TF,OGBER,52.613889,12.724722,0, ,0.0,0.0,0.0,0.0,1,5000,0,1,250,0,0,0

