SID,AMSA1W,25,5
DF,DG259,52.041947,7.250803,0, ,0.0,0.0,0,0,0,0,0,0,0,0
TF,AMSAN,52.150228,7.111269,0, ,0.0,0.0,0.0,0.0,0,0,0,0,0,0,0,0

SID,AMSA1Y,07,5
DF,DG072,52.140328,7.711481,0, ,0.0,0.0,2,1000,0,0,0,0,0,1
DF,DG073,52.181908,7.694853,1, ,0.0,0.0,0,0,0,0,0,0,0,0
TF,AMSAN,52.150228,7.111269,0, ,0.0,0.0,0.0,0.0,0,0,0,0,0,0,0,0

SID,BOTA1E,07,5
DF,DG701,52.163358,7.821194,0, ,0.0,0.0,0,0,0,1,230,0,0,0
TF,DG703,52.079861,7.867436,0, ,0.0,0.0,0.0,0.0,0,0,0,1,240,0,0,0
TF,DG704,52.004086,7.509492,0, ,0.0,0.0,0.0,0.0,0,0,0,0,0,0,0,0
TF,BOTTA,51.585803,7.023011,0, ,0.0,0.0,0.0,0.0,0,0,0,0,0,0,0,0

SID,BOTA1W,25,5
DF,DG257,52.078614,7.421386,0, ,0.0,0.0,0,0,0,0,0,0,0,0
TF,BOTTA,51.585803,7.023011,0, ,0.0,0.0,0.0,0.0,0,0,0,0,0,0,0,0

SID,DOME1E,07,5
DF,DG701,52.163358,7.821194,0, ,0.0,0.0,0,0,0,1,230,0,0,0
TF,DG702,52.095189,7.858961,0, ,0.0,0.0,0.0,0.0,0,0,0,1,250,0,0,0
TF,DOMEG,51.709531,7.587131,0, ,0.0,0.0,0.0,0.0,0,0,0,0,0,0,0,0

SID,DOME1W,25,5
DF,DG251,52.100964,7.526061,0, ,0.0,0.0,0,0,0,0,0,0,0,0
TF,DG704,52.004086,7.509492,0, ,0.0,0.0,0.0,0.0,0,0,0,0,0,0,0,0
TF,DOMEG,51.709531,7.587131,0, ,0.0,0.0,0.0,0.0,0,0,0,0,0,0,0,0

SID,DOME3Y,07,5
DF,DG071,52.142683,7.722439,0, ,0.0,0.0,2,600,0,0,0,0,0,0
TF,DOMEG,51.709531,7.587131,2, ,0.0,0.0,0.0,0.0,0,0,0,0,0,0,0,0

SID,DOME3Z,25,5
DF,DG023,52.126189,7.645394,0, ,0.0,0.0,2,600,0,0,0,0,0,0
TF,DOMEG,51.709531,7.587131,0, ,0.0,0.0,0.0,0.0,0,0,0,0,0,0,0,0

SID,EDDG1E,07,2
VA,0,67.0,2,4000,0,0,0,0,0,0
VM,0,0,0,67.0,0,0,0,0,0,0,0,0

SID,EDDG1W,25,2
VA,0,247.0,2,3600,0,0,0,0,0,0
VM,0,0,0,247.0,0,0,0,0,0,0,0,0

SID,EXOB1E,07,5
DF,DG701,52.163358,7.821194,0, ,0.0,0.0,0,0,0,0,0,0,0,0
TF,DG706,52.003594,8.076297,0, ,0.0,0.0,0.0,0.0,0,0,0,0,0,0,0,0
TF,EXOBA,51.767358,8.326883,0, ,0.0,0.0,0.0,0.0,0,0,0,0,0,0,0,0

SID,EXOB1W,25,5
DF,DG253,52.096978,7.507356,0, ,0.0,0.0,0,0,0,0,0,0,0,0
TF,DG254,52.026117,7.579669,1, ,0.0,0.0,0.0,0.0,0,0,0,1,220,0,0,0
TF,DG255,52.089689,7.834914,0, ,0.0,0.0,0.0,0.0,0,0,0,0,0,0,0,0
TF,DG256,52.015914,8.077956,0, ,0.0,0.0,0.0,0.0,0,0,0,0,0,0,0,0
TF,EXOBA,51.767358,8.326883,0, ,0.0,0.0,0.0,0.0,0,0,0,0,0,0,0,0

SID,OSNA1E,07,5
DF,DG701,52.163358,7.821194,0, ,0.0,0.0,0,0,0,0,0,0,0,0
TF,OSNAD,52.200136,8.285519,0, ,0.0,0.0,0.0,0.0,0,0,0,0,0,0,0,0

SID,OSNA1W,25,5
DF,DG253,52.096978,7.507356,0, ,0.0,0.0,0,0,0,0,0,0,0,0
TF,DG254,52.026117,7.579669,1, ,0.0,0.0,0.0,0.0,0,0,0,1,220,0,0,0
TF,OSNAD,52.200136,8.285519,0, ,0.0,0.0,0.0,0.0,0,0,0,0,0,0,0,0

SID,OSNA1Z,25,5
DF,DG023,52.126189,7.645394,0, ,0.0,0.0,2,600,0,0,0,0,0,0
TF,DG026,52.099956,7.641856,0, ,0.0,0.0,0.0,0.0,0,0,0,0,0,0,0,0
TF,DG027,52.057025,7.703500,0, ,0.0,0.0,0.0,0.0,0,0,0,0,0,0,0,0
TF,OSNAD,52.200136,8.285519,0, ,0.0,0.0,0.0,0.0,0,0,0,0,0,0,0,0

SID,SUVO1E,07,5
DF,DG701,52.163358,7.821194,0, ,0.0,0.0,0,0,0,1,230,0,0,0
TF,DG703,52.079861,7.867436,0, ,0.0,0.0,0.0,0.0,0,0,0,1,240,0,0,0
TF,DG705,51.955778,7.284558,0, ,0.0,0.0,0.0,0.0,0,0,0,0,0,0,0,0
TF,SUVOX,51.969167,7.108056,0, ,0.0,0.0,0.0,0.0,0,0,0,0,0,0,0,0

SID,SUVO1W,25,5
DF,DG257,52.078614,7.421386,0, ,0.0,0.0,0,0,0,0,0,0,0,0
TF,DG258,52.023672,7.393786,0, ,0.0,0.0,0.0,0.0,0,0,0,1,250,0,0,0
TF,SUVOX,51.969167,7.108056,0, ,0.0,0.0,0.0,0.0,0,0,0,0,0,0,0,0

STAR,HMM1A,07,5
IF,HMM,51.856867,7.708294, ,0.0,0.0,2,5000,0,0,0,0,0,0
TF,SUVOX,51.969167,7.108056,0, ,0.0,0.0,0.0,0.0,2,5000,0,0,0,0,0,0

STAR,HMM1B,25,5
IF,HMM,51.856867,7.708294, ,0.0,0.0,2,5000,0,0,0,0,0,0
TF,BAWUC,51.998311,7.908589,0, ,0.0,0.0,0.0,0.0,2,5000,0,0,0,0,0,0

STAR,MEVE1A,07,5
IF,MEVEL,51.854772,7.209508, ,0.0,0.0,2,5000,0,0,0,0,0,0
TF,SUVOX,51.969167,7.108056,0, ,0.0,0.0,0.0,0.0,2,5000,0,0,0,0,0,0

STAR,OSNA1A,07,5
IF,OSNAD,52.200136,8.285519, ,0.0,0.0,2,5000,0,0,0,0,0,0
TF,DG703,52.079861,7.867436,0, ,0.0,0.0,0.0,0.0,0,0,0,0,0,0,0,0
TF,DG705,51.955778,7.284558,0, ,0.0,0.0,0.0,0.0,0,0,0,0,0,0,0,0
TF,SUVOX,51.969167,7.108056,0, ,0.0,0.0,0.0,0.0,2,5000,0,0,0,0,0,0

APPTR,I07-Y,07,HMM
FD,HMM,51.856867,7.708294,0,HMM,0.0,10.0,310.0,10.0,2,5000,0,0,0,0,1,0
CF,D310P,52.025703,7.392656,0,HMM,310.0,15.5,310.0,5.5,2,3000,0,0,0,0,0,1
CF,CI07,52.078389,7.420239,2,IMOE,247.1,11.0,67.0,1.0,2,3000,0,0,0,0,0,0

FINAL,I07-Y,07,I,3
IF,CI07,52.078389,7.420239,IMOE,247.1,11.0,2,3000,0,0,0,0,0,0
CF,KEMOT,52.083817,7.445694,0,IMOE,247.1,10.0,67.0,1.0,1,3000,0,0,0,0,2,0
CF,RW07,52.131519,7.670050,0,IMOE,247.1,1.3,67.0,8.8,1,212,0,0,0,0,3,0
CF,MYN,52.159328,7.799994,0,HMM,9.6,18.5,67.0,5.1,0,0,0,0,0,0,0,1
DF,DG041,51.966661,7.771344,2, ,0.0,0.0,1,4000,0,0,0,0,0,0
TF,HMM,51.856867,7.708294,0, ,0.0,0.0,0.0,0.0,1,5000,0,0,0,0,0,0

APPTR,I07-Z,07,SUVOX
IF,SUVOX,51.969167,7.108056, ,0.0,0.0,2,5000,0,0,0,0,1,0
TF,DG698,52.026303,7.178464,0, ,0.0,0.0,0.0,0.0,2,5000,0,0,0,0,0,0
TF,DG699,52.055392,7.313194,0,IMOE,0.0,0.0,0.0,0.0,2,4000,0,0,0,0,1,0

FINAL,I07-Z,07,I,3
IF,DG699,52.055392,7.313194,IMOE,247.1,15.2,2,4000,0,0,0,0,0,0
CF,DG700,52.083844,7.445831,0,IMOE,247.1,10.0,67.0,5.2,1,3000,0,0,0,0,2,0
CF,RW07,52.131519,7.670050,0,IMOE,247.1,1.3,67.0,8.8,1,212,0,0,0,0,3,1
DF,DG701,52.163358,7.821194,0, ,0.0,0.0,0,0,0,1,185,0,0,0
TF,DG703,52.079861,7.867436,0, ,0.0,0.0,0.0,0.0,0,0,0,1,190,0,0,0
TF,DG705,51.955778,7.284558,0, ,0.0,0.0,0.0,0.0,1,5000,0,0,0,0,0,0
TF,SUVOX,51.969167,7.108056,0, ,0.0,0.0,0.0,0.0,1,5000,0,1,250,0,0,0

APPTR,I25-Y,25,HMM
IF,HMM,51.856867,7.708294,HMM,0.0,0.0,0,0,0,0,0,0,1,0
CF,D029O,52.072914,7.910872,0,HMM,29.0,15.0,29.0,15.0,2,5000,0,0,0,0,0,0
CF,D029V,52.166425,7.999264,0,HMM,29.0,21.5,29.0,6.5,2,3000,0,0,0,0,0,1
CF,CI25,52.189794,7.947556,1,IMOW,67.0,11.0,248.0,2.0,2,3000,0,0,0,0,0,0

FINAL,I25-Y,25,I,3
IF,CI25,52.189794,7.947556,IMOW,67.0,11.0,2,3000,0,0,0,0,0,0
CF,IBATO,52.184439,7.921906,0,IMOW,67.0,10.0,248.0,1.0,1,3000,0,0,0,0,2,0
CF,RW25,52.137267,7.697256,0,IMOW,67.0,1.3,248.0,8.8,1,212,0,0,0,0,3,0
CF,D247E,52.107242,7.555786,0,HMM,338.5,16.1,248.0,5.5,0,0,0,0,0,0,0,1
DF,HMM,51.856867,7.708294,1, ,0.0,0.0,1,5000,0,0,0,0,0,0

APPTR,I25-Z,25,BAWUC
IF,BAWUC,51.998311,7.908589, ,0.0,0.0,2,5000,0,0,0,0,1,0
TF,DG248,52.123200,8.086900,0, ,0.0,0.0,0.0,0.0,2,5000,0,0,0,0,0,0
TF,DG249,52.208986,8.039811,0,IMOW,0.0,0.0,0.0,0.0,2,3000,0,1,185,0,1,0

APPTR,I25-Z,25,OSNAD
IF,OSNAD,52.200136,8.285519, ,0.0,0.0,2,5000,0,0,0,0,1,0
TF,DG247,52.205856,8.128419,0, ,0.0,0.0,0.0,0.0,2,4000,0,0,0,0,0,0
TF,DG249,52.208986,8.039811,0,IMOW,0.0,0.0,0.0,0.0,2,3000,0,1,185,0,1,0

FINAL,I25-Z,25,I,3
IF,DG249,52.208986,8.039811,IMOW,67.0,14.6,2,3000,0,1,185,0,0,0
CF,DG250,52.184419,7.921808,0,IMOW,67.0,10.0,247.0,4.6,1,3000,0,0,0,0,2,0
CF,RW25,52.137267,7.697256,0,IMOW,67.0,1.3,247.0,8.8,1,212,0,0,0,0,3,1
DF,DG251,52.100964,7.526061,0, ,0.0,0.0,0,0,0,1,200,0,0,1
TF,DG252,52.017583,7.572789,0, ,0.0,0.0,0.0,0.0,0,0,0,1,210,0,0,0
TF,BAWUC,51.998311,7.908589,0, ,0.0,0.0,0.0,0.0,0,0,0,1,250,0,0,0
HM,BAWUC,51.998311,7.908589,1, ,0.0,0.0,315.0,04.3,2,5000,0,1,230,0,0,0,0

APPTR,R07,07,SUVOX
IF,SUVOX,51.969167,7.108056, ,0.0,0.0,2,5000,0,0,0,0,1,0
TF,DG698,52.026303,7.178464,0, ,0.0,0.0,0.0,0.0,2,5000,0,0,0,0,0,0
TF,DG699,52.055392,7.313194,0, ,0.0,0.0,0.0,0.0,2,4000,0,0,0,0,1,0

FINAL,R07,07,R,3
IF,DG699,52.055392,7.313194, ,0.0,0.0,2,4000,0,0,0,0,0,0
TF,DG700,52.083844,7.445831,0, ,0.0,0.0,67.0,5.2,2,3000,0,0,0,0,2,0
TF,RW07,52.131519,7.670050,0, ,0.0,0.0,67.0,8.8,1,206,0,0,0,0,3,1
DF,DG701,52.163358,7.821194,0, ,0.0,0.0,0,0,0,1,185,0,0,0
TF,DG703,52.079861,7.867436,0, ,0.0,0.0,0.0,0.0,0,0,0,1,190,0,0,0
TF,DG705,51.955778,7.284558,0, ,0.0,0.0,0.0,0.0,1,5000,0,0,0,0,0,0
TF,SUVOX,51.969167,7.108056,0, ,0.0,0.0,0.0,0.0,1,5000,0,1,250,0,0,0

APPTR,R25,25,BAWUC
IF,BAWUC,51.998311,7.908589, ,0.0,0.0,2,5000,0,0,0,0,1,0
TF,DG248,52.123200,8.086900,0, ,0.0,0.0,0.0,0.0,2,5000,0,0,0,0,0,0
TF,DG249,52.208986,8.039811,0, ,0.0,0.0,0.0,0.0,2,3000,0,1,185,0,1,0

APPTR,R25,25,OSNAD
IF,OSNAD,52.200136,8.285519, ,0.0,0.0,2,5000,0,0,0,0,1,0
TF,DG247,52.205856,8.128419,0, ,0.0,0.0,0.0,0.0,2,4000,0,0,0,0,0,0
TF,DG249,52.208986,8.039811,0, ,0.0,0.0,0.0,0.0,2,3000,0,1,185,0,1,0

FINAL,R25,25,R,3
IF,DG249,52.208986,8.039811, ,0.0,0.0,2,3000,0,1,185,0,0,0
TF,DG250,52.184419,7.921808,0, ,0.0,0.0,248.0,4.6,2,3000,0,0,0,0,2,0
TF,RW25,52.137267,7.697256,0, ,0.0,0.0,248.0,8.8,1,208,0,0,0,0,3,1
DF,DG251,52.100964,7.526061,0, ,0.0,0.0,0,0,0,1,200,0,0,0
TF,DG252,52.017583,7.572789,0, ,0.0,0.0,0.0,0.0,0,0,0,1,210,0,0,0
TF,BAWUC,51.998311,7.908589,0, ,0.0,0.0,0.0,0.0,0,0,0,1,250,0,0,0
HM,BAWUC,51.998311,7.908589,1, ,0.0,0.0,315.0,04.3,2,5000,0,1,230,0,0,0,0

