SID,EDDR1E,08,2
CA,0,84.0,2,3500,0,0,0,0,0,0
VM,0,0,0,84.0,0,0,0,0,0,0,0,0

SID,EDDR1W,26,2
CA,0,264.0,2,3500,0,0,0,0,0,0
VM,0,0,2,37.0,0,0,0,1,205,0,0,0

SID,GTQ1S,26,5
CA,0,264.0,2,1500,0,0,0,0,0,0
CF,DR107,49.210447,6.973139,0,SAV,320.2,31.2,264.0,4.0,0,0,0,0,0,0,0,0
TF,DR108,49.162900,6.918297,0, ,0.0,0.0,0.0,0.0,2,8000,0,0,0,0,0,0
TF,GTQ,48.986444,6.716222,0, ,0.0,0.0,0.0,0.0,0,0,0,0,0,0,0,0

SID,GTQ2L,08,5
DF,DR200,49.216611,7.179297,0, ,0.0,0.0,0,0,0,0,0,0,0,1
DF,DR202,49.151950,7.181753,2, ,0.0,0.0,0,0,0,1,210,0,0,0
TF,DR203,49.151803,7.001672,0, ,0.0,0.0,0.0,0.0,0,0,0,0,0,0,0,0
TF,DR204,49.129631,6.963297,0, ,0.0,0.0,0.0,0.0,2,8000,0,0,0,0,0,0
TF,GTQ,48.986444,6.716222,0, ,0.0,0.0,0.0,0.0,0,0,0,0,0,0,0,0

SID,GTQ2M,26,5
CA,0,264.0,2,1500,0,0,0,0,0,0
CF,DR101,49.211128,6.996617,0,SAV,321.6,30.6,264.0,3.0,0,0,0,0,0,0,0,1
DF,DR102,49.261686,6.948322,2, ,0.0,0.0,0,0,0,1,215,0,0,0
FA,DR102,49.261686,6.948322,0,SAV,0.0,0.0,25.0,2,5000,0,1,250,0,0,0
DF,DR105,49.141253,6.936503,2, ,0.0,0.0,2,8000,0,0,0,0,0,0
TF,GTQ,48.986444,6.716222,0, ,0.0,0.0,0.0,0.0,0,0,0,0,0,0,0,0

SID,IXWI1L,08,5
CA,0,84.0,2,1500,0,0,0,0,0,0
DF,IXWIB,49.223086,7.412608,0, ,0.0,0.0,2,3500,0,0,0,0,0,0

SID,IXWI1M,26,5
CA,0,264.0,2,1500,0,0,0,0,0,0
CF,DR101,49.211128,6.996617,0,SAV,321.6,30.6,264.0,3.0,0,0,0,0,0,0,0,1
DF,DR102,49.261686,6.948322,2, ,0.0,0.0,0,0,0,1,215,0,0,0
TF,DR103,49.301067,6.981275,0, ,0.0,0.0,0.0,0.0,0,0,0,0,0,0,0,0
TF,DR104,49.300928,7.140636,0, ,0.0,0.0,0.0,0.0,0,0,0,0,0,0,0,0
TF,IXWIB,49.223086,7.412608,0, ,0.0,0.0,0.0,0.0,0,0,0,0,0,0,0,0

SID,TOMP2K,08,5
CA,0,84.0,2,1500,0,0,0,0,0,0
DF,DR207,49.283194,7.095808,1, ,0.0,0.0,0,0,0,1,165,0,0,0
TF,TOMPI,49.391967,7.057569,0, ,0.0,0.0,0.0,0.0,0,0,0,0,0,0,0,0

SID,TOMP2L,08,5
CA,0,84.0,2,1500,0,0,0,0,0,0
CF,DR201,49.217400,7.207483,0,SAV,336.5,27.0,84.0,4.0,0,0,0,0,0,0,0,1
DF,DR205,49.306661,7.246889,1, ,0.0,0.0,0,0,0,1,220,0,0,0
TF,TOMPI,49.391967,7.057569,0, ,0.0,0.0,0.0,0.0,0,0,0,0,0,0,0,0

SID,TOMP2M,26,5
CA,0,264.0,2,1500,0,0,0,0,0,0
CF,DR101,49.211128,6.996617,0,SAV,321.6,30.6,264.0,3.0,0,0,0,0,0,0,0,1
DF,DR102,49.261686,6.948322,2, ,0.0,0.0,0,0,0,1,215,0,0,0
TF,TOMPI,49.391967,7.057569,0, ,0.0,0.0,0.0,0.0,0,0,0,0,0,0,0,0

SID,TOMP2N,26,5
CA,0,264.0,2,1500,0,0,0,0,0,0
DF,DR106,49.278067,7.097606,2, ,0.0,0.0,0,0,0,1,165,0,0,0
TF,TOMPI,49.391967,7.057569,0, ,0.0,0.0,0.0,0.0,0,0,0,0,0,0,0,0

APPTR,D08,08,ZWN
IF,ZWN,49.229072,7.417892, ,0.0,0.0,2,5000,0,0,0,0,1,0
FD,ZWN,49.229072,7.417892,0,ZWN,0.0,22.0,273.0,22.0,2,5000,0,0,0,0,0,0
CF,DR009,49.204328,6.902925,1,ZWN,263.0,20.3,83.0,2.0,2,3500,0,1,210,0,0,0

FINAL,D08,08,D,3
IF,DR009,49.204328,6.902925,ZWN,263.0,20.3,2,3500,0,0,0,0,2,0
CF,40DME,49.209883,7.014469,0,ZWN,263.0,15.9,83.0,4.4,2,2120,0,0,0,0,0,0
CF,MS08,49.212997,7.077944,0,ZWN,263.0,13.4,83.0,2.5,1,1315,0,0,0,0,3,1
DF,ZWN,49.229072,7.417892,0, ,0.0,0.0,1,4000,0,1,230,0,0,0
HM,ZWN,49.229072,7.417892,2, ,0.0,0.0,255.0,04.3,2,4000,0,1,230,0,0,0,0

APPTR,I26-Y,26,ZWN
IF,ZWN,49.229072,7.417892, ,0.0,0.0,2,4000,0,0,0,0,1,0
CF,DR013,49.221761,7.363903,0,DSB,84.4,10.6,255.0,2.2,2,3500,0,1,220,0,1,0

FINAL,I26-Y,26,I,3
IF,DR013,49.221761,7.363903,DSB,84.4,10.6,2,3500,0,1,220,0,0,0
CF,DR550,49.220375,7.313194,0,DSB,84.4,8.6,264.0,2.0,1,3500,0,0,0,0,2,0
CF,RW26,49.214931,7.122353,0,DSB,84.4,1.1,264.0,7.5,1,1107,0,0,0,0,3,0
FD,RW26,49.214931,7.122353,0,DSB,0.0,3.1,264.0,3.1,0,0,0,1,220,0,0,0
CA,0,264.0,2,1900,0,1,220,0,0,0
CF,ZWN,49.229072,7.417892,2,ZWN,0.0,0.0,104.0,17.0,1,4000,0,1,230,0,0,0
HM,ZWN,49.229072,7.417892,2, ,0.0,0.0,255.0,04.3,2,4000,0,1,230,0,0,0,0

APPTR,I26-Z,26,IXWIB
HF,IXWIB,49.223086,7.412608,2, ,0.0,0.0,264.0,04.3,2,4000,0,1,230,0,1,0,0

FINAL,I26-Z,26,I,3
IF,IXWIB,49.223086,7.412608,DSB,84.4,12.5,2,4000,0,0,0,0,0,0
CF,DR550,49.220375,7.313194,0,DSB,84.4,8.6,264.0,3.9,1,3500,0,0,0,0,2,0
CF,RW26,49.214931,7.122353,0,DSB,84.4,1.1,264.0,7.5,1,1107,0,0,0,0,3,1
DF,DR511,49.212467,7.039808,0, ,0.0,0.0,0,0,0,1,210,0,0,1
CA,0,264.0,2,1900,0,1,210,0,0,0
DF,DR512,49.280728,7.092500,2, ,0.0,0.0,0,0,0,1,230,0,0,0
TF,DR514,49.285406,7.254481,0, ,0.0,0.0,0.0,0.0,1,4000,0,1,230,0,0,0
TF,IXWIB,49.223086,7.412608,0, ,0.0,0.0,0.0,0.0,1,4000,0,1,230,0,0,0
HM,IXWIB,49.223086,7.412608,2, ,0.0,0.0,264.0,04.3,2,4000,0,1,230,0,0,0,0

APPTR,R08,08,IXWIB
IF,IXWIB,49.223086,7.412608, ,0.0,0.0,2,5000,0,0,0,0,1,0
TF,DR603,49.301722,6.846983,0, ,0.0,0.0,0.0,0.0,2,5000,0,0,0,0,0,0
TF,DR601,49.262100,6.757250,0, ,0.0,0.0,0.0,0.0,2,4000,0,1,210,0,0,0
TF,DR600,49.205514,6.815600,0, ,0.0,0.0,0.0,0.0,2,4000,0,0,0,0,1,0

FINAL,R08,08,R,3
IF,DR600,49.205514,6.815600, ,0.0,0.0,2,4000,0,0,0,0,0,0
TF,DR650,49.208300,6.903578,0, ,0.0,0.0,84.0,3.5,2,3500,0,0,0,0,2,0
TF,RW08,49.214186,7.097111,0, ,0.0,0.0,84.0,7.6,1,1073,0,0,0,0,3,1
DF,IXWIB,49.223086,7.412608,0, ,0.0,0.0,1,4000,0,1,230,0,0,0
HM,IXWIB,49.223086,7.412608,2, ,0.0,0.0,264.0,04.3,2,4000,0,1,230,0,0,0,0

APPTR,R26,26,IXWIB
HF,IXWIB,49.223086,7.412608,2, ,0.0,0.0,264.0,04.3,2,4000,0,1,230,0,1,0,0

FINAL,R26,26,R,3
IF,IXWIB,49.223086,7.412608, ,0.0,0.0,2,4000,0,0,0,0,0,0
TF,DR550,49.220375,7.313194,0, ,0.0,0.0,264.0,3.9,2,3500,0,0,0,0,2,0
TF,RW26,49.214931,7.122353,0, ,0.0,0.0,264.0,7.5,1,1107,0,0,0,0,3,1
DF,DR511,49.212467,7.039808,0, ,0.0,0.0,0,0,0,1,210,0,0,1
CA,0,264.0,2,1900,0,1,210,0,0,0
DF,DR512,49.280728,7.092500,2, ,0.0,0.0,0,0,0,1,230,0,0,0
TF,DR514,49.285406,7.254481,0, ,0.0,0.0,0.0,0.0,1,4000,0,1,230,0,0,0
TF,IXWIB,49.223086,7.412608,0, ,0.0,0.0,0.0,0.0,1,4000,0,1,230,0,0,0
HM,IXWIB,49.223086,7.412608,2, ,0.0,0.0,264.0,04.3,2,4000,0,1,230,0,0,0,0

