SID,GEBD6E,03,5
DF,FH060,50.015867,7.330278,0, ,0.0,0.0,0,0,0,0,0,0,0,1
DF,FH067,50.011347,7.438256,2, ,0.0,0.0,0,0,0,1,250,0,0,0
TF,OLIVI,49.778297,7.605650,0, ,0.0,0.0,0.0,0.0,0,0,0,0,0,0,0,0
TF,GEBDA,49.102500,8.287500,0, ,0.0,0.0,0.0,0.0,0,0,0,0,0,0,0,0

SID,GEBD6L,21,5
DF,FH075,49.740658,7.052206,0, ,0.0,0.0,0,0,0,0,0,0,0,0
TF,IDARO,49.706953,6.955397,0, ,0.0,0.0,0.0,0.0,0,0,0,1,250,0,0,0
TF,MAPIG,49.448056,7.039444,0, ,0.0,0.0,0.0,0.0,0,0,0,0,0,0,0,0
TF,GEBDA,49.102500,8.287500,0, ,0.0,0.0,0.0,0.0,0,0,0,0,0,0,0,0

SID,IDAR5T,03,5
DF,FH063,50.102878,7.416578,0, ,0.0,0.0,2,5000,0,0,0,0,0,1
DF,FH066,50.145128,7.316161,1, ,0.0,0.0,0,0,0,1,250,0,0,0
TF,ABDAP,49.991389,7.156944,0, ,0.0,0.0,0.0,0.0,0,0,0,0,0,0,0,0
TF,IDARO,49.706953,6.955397,0, ,0.0,0.0,0.0,0.0,0,0,0,0,0,0,0,0

SID,IDAR5Y,21,5
DF,FH075,49.740658,7.052206,0, ,0.0,0.0,0,0,0,0,0,0,0,0
TF,IDARO,49.706953,6.955397,0, ,0.0,0.0,0.0,0.0,0,0,0,1,250,0,0,0

SID,IDAR9E,03,5
DF,FH060,50.015867,7.330278,0, ,0.0,0.0,2,5000,0,0,0,0,0,1
DF,FH061,50.059436,7.226844,1, ,0.0,0.0,0,0,0,1,250,0,0,0
TF,ABDAP,49.991389,7.156944,0, ,0.0,0.0,0.0,0.0,0,0,0,0,0,0,0,0
TF,IDARO,49.706953,6.955397,0, ,0.0,0.0,0.0,0.0,0,0,0,0,0,0,0,0

SID,OLIV4S,21,5
DF,FH069,49.878131,7.192089,0, ,0.0,0.0,2,4200,0,0,0,0,0,1
DF,FH079,49.837183,7.217258,1, ,0.0,0.0,0,0,0,1,210,0,0,0
TF,OLIVI,49.778297,7.605650,0, ,0.0,0.0,0.0,0.0,0,0,0,0,0,0,0,0

SID,RUDO2E,03,5
DF,FH060,50.015867,7.330278,0, ,0.0,0.0,2,5000,0,0,0,0,0,1
DF,FH061,50.059436,7.226844,1, ,0.0,0.0,0,0,0,1,250,0,0,0
TF,ABDAP,49.991389,7.156944,0, ,0.0,0.0,0.0,0.0,0,0,0,0,0,0,0,0
TF,RUDOT,49.993258,6.904497,0, ,0.0,0.0,0.0,0.0,0,0,0,0,0,0,0,0

SID,RUDO2L,21,5
DF,FH076,49.794686,7.107064,0, ,0.0,0.0,2,5000,0,0,0,0,0,1
DF,FH078,49.806383,6.987664,2, ,0.0,0.0,0,0,0,1,250,0,0,0
TF,RUDOT,49.993258,6.904497,0, ,0.0,0.0,0.0,0.0,0,0,0,0,0,0,0,0

SID,RUDO2S,21,5
DF,FH070,49.864222,7.177894,0, ,0.0,0.0,2,5000,0,0,0,0,0,1
DF,FH073,49.874800,7.080308,2, ,0.0,0.0,0,0,0,1,230,0,0,0
TF,FH080,49.983361,7.037717,0, ,0.0,0.0,0.0,0.0,0,0,0,0,0,0,0,0
TF,RUDOT,49.993258,6.904497,0, ,0.0,0.0,0.0,0.0,0,0,0,1,250,0,0,0

SID,RUDO2T,03,5
DF,FH063,50.102878,7.416578,0, ,0.0,0.0,2,5000,0,0,0,0,0,1
DF,FH066,50.145128,7.316161,1, ,0.0,0.0,0,0,0,1,250,0,0,0
TF,ABDAP,49.991389,7.156944,0, ,0.0,0.0,0.0,0.0,0,0,0,0,0,0,0,0
TF,RUDOT,49.993258,6.904497,0, ,0.0,0.0,0.0,0.0,0,0,0,0,0,0,0,0

SID,ULKI2E,03,5
DF,FH060,50.015867,7.330278,0, ,0.0,0.0,2,5000,0,0,0,0,0,1
DF,FH062,50.014578,7.227397,1, ,0.0,0.0,0,0,0,1,250,0,0,0
TF,FH406,49.964883,7.280875,0, ,0.0,0.0,0.0,0.0,0,0,0,0,0,0,0,0
TF,ABSIX,49.929444,7.330278,0, ,0.0,0.0,0.0,0.0,0,0,0,0,0,0,0,0
TF,FH081,49.889111,7.594161,0, ,0.0,0.0,0.0,0.0,0,0,0,0,0,0,0,0
TF,ULKIG,49.869722,7.719444,0, ,0.0,0.0,0.0,0.0,0,0,0,0,0,0,0,0

SID,ULKI2L,21,5
DF,FH076,49.794686,7.107064,0, ,0.0,0.0,2,5000,0,0,0,0,0,1
DF,FH077,49.849569,7.011731,2, ,0.0,0.0,0,0,0,1,240,0,0,0
TF,SOMIM,49.949444,7.197500,0, ,0.0,0.0,0.0,0.0,0,0,0,0,0,0,0,0
TF,ULKIG,49.869722,7.719444,0, ,0.0,0.0,0.0,0.0,0,0,0,0,0,0,0,0

SID,ULKI2S,21,5
DF,FH070,49.864222,7.177894,0, ,0.0,0.0,2,5000,0,0,0,0,0,1
DF,FH071,49.913325,7.104575,2, ,0.0,0.0,0,0,0,1,230,0,0,0
TF,SOMIM,49.949444,7.197500,0, ,0.0,0.0,0.0,0.0,0,0,0,0,0,0,0,0
TF,FH081,49.889111,7.594161,0, ,0.0,0.0,0.0,0.0,0,0,0,0,0,0,0,0
TF,ULKIG,49.869722,7.719444,0, ,0.0,0.0,0.0,0.0,0,0,0,0,0,0,0,0

SID,ULKI2T,03,5
DF,FH063,50.102878,7.416578,0, ,0.0,0.0,2,5000,0,0,0,0,0,1
DF,FH064,50.127567,7.306319,1, ,0.0,0.0,0,0,0,1,250,0,0,0
TF,FH406,49.964883,7.280875,0, ,0.0,0.0,0.0,0.0,0,0,0,0,0,0,0,0
TF,ABSIX,49.929444,7.330278,0, ,0.0,0.0,0.0,0.0,0,0,0,0,0,0,0,0
TF,ULKIG,49.869722,7.719444,0, ,0.0,0.0,0.0,0.0,0,0,0,0,0,0,0,0

STAR,EMGO4K,03,5
IF,EMGOD,50.196389,7.328889, ,0.0,0.0,2,6000,0,0,0,0,0,0
TF,FH401,50.007411,7.168803,0, ,0.0,0.0,0.0,0.0,0,0,0,1,220,0,0,0
TF,FH402,49.956322,7.118564,0, ,0.0,0.0,0.0,0.0,0,0,0,0,0,0,0,0
TF,FH403,49.838586,7.003239,0, ,0.0,0.0,0.0,0.0,0,0,0,0,0,0,0,0
TF,FH404,49.782244,6.948356,0, ,0.0,0.0,0.0,0.0,0,0,0,0,0,0,0,0
TF,FH405,49.725889,6.893575,0, ,0.0,0.0,0.0,0.0,0,0,0,0,0,0,0,0
TF,FH415,49.681478,7.002142,0, ,0.0,0.0,0.0,0.0,2,5000,0,0,0,0,0,0

STAR,OLGI4B,21,5
IF,OLGIL,49.987778,7.733889, ,0.0,0.0,2,6000,0,0,0,0,0,0
TF,FH517,50.024958,7.615558,0, ,0.0,0.0,0.0,0.0,0,0,0,0,0,0,0,0
TF,FH510,50.060964,7.528522,0, ,0.0,0.0,0.0,0.0,0,0,0,0,0,0,0,0
TF,FH511,50.117017,7.584461,0, ,0.0,0.0,0.0,0.0,0,0,0,1,185,0,0,0
TF,FH515,50.161947,7.475386,0, ,0.0,0.0,0.0,0.0,2,5000,0,0,0,0,0,0

STAR,OLGI4K,03,5
IF,OLGIL,49.987778,7.733889, ,0.0,0.0,2,6000,0,0,0,0,0,0
TF,FH400,49.973106,7.441161,0, ,0.0,0.0,0.0,0.0,0,0,0,1,220,0,0,0
TF,FH406,49.964883,7.280875,0, ,0.0,0.0,0.0,0.0,0,0,0,0,0,0,0,0
TF,FH402,49.956322,7.118564,0, ,0.0,0.0,0.0,0.0,0,0,0,0,0,0,0,0
TF,FH403,49.838586,7.003239,0, ,0.0,0.0,0.0,0.0,0,0,0,0,0,0,0,0
TF,FH404,49.782244,6.948356,0, ,0.0,0.0,0.0,0.0,0,0,0,0,0,0,0,0
TF,FH405,49.725889,6.893575,0, ,0.0,0.0,0.0,0.0,0,0,0,0,0,0,0,0
TF,FH415,49.681478,7.002142,0, ,0.0,0.0,0.0,0.0,2,5000,0,0,0,0,0,0

STAR,OLIV2J,03,5
IF,OLIVI,49.778297,7.605650, ,0.0,0.0,2,6000,0,0,0,0,0,0
TF,FH410,49.749483,7.220522,0, ,0.0,0.0,0.0,0.0,0,0,0,1,220,0,0,0
TF,FH411,49.693250,7.165483,0, ,0.0,0.0,0.0,0.0,0,0,0,0,0,0,0,0
TF,FH412,49.637003,7.110544,0, ,0.0,0.0,0.0,0.0,0,0,0,0,0,0,0,0
TF,FH415,49.681478,7.002142,0, ,0.0,0.0,0.0,0.0,2,5000,0,0,0,0,0,0

STAR,OLIV4B,21,5
IF,OLIVI,49.778297,7.605650, ,0.0,0.0,2,6000,0,0,0,0,0,0
TF,FH510,50.060964,7.528522,0, ,0.0,0.0,0.0,0.0,0,0,0,0,0,0,0,0
TF,FH511,50.117017,7.584461,0, ,0.0,0.0,0.0,0.0,0,0,0,1,185,0,0,0
TF,FH515,50.161947,7.475386,0, ,0.0,0.0,0.0,0.0,2,5000,0,0,0,0,0,0

STAR,ROLI4A,21,5
IF,ROLIS,50.435103,7.825153, ,0.0,0.0,2,6000,0,0,0,0,0,0
TF,FH516,50.319086,7.478142,0, ,0.0,0.0,0.0,0.0,0,0,0,0,0,0,0,0
TF,FH505,50.262969,7.422081,0, ,0.0,0.0,0.0,0.0,0,0,0,1,220,0,0,0
TF,FH506,50.218036,7.531392,0, ,0.0,0.0,0.0,0.0,0,0,0,0,0,0,0,0
TF,FH515,50.161947,7.475386,0, ,0.0,0.0,0.0,0.0,2,5000,0,0,0,0,0,0

STAR,ROPU4A,21,5
IF,ROPUV,50.221944,6.848333, ,0.0,0.0,2,6000,0,0,0,0,0,0
TF,FH502,50.075197,7.235661,0, ,0.0,0.0,0.0,0.0,0,0,0,1,220,0,0,0
TF,FH503,50.150672,7.310378,0, ,0.0,0.0,0.0,0.0,0,0,0,0,0,0,0,0
TF,FH504,50.206833,7.366161,0, ,0.0,0.0,0.0,0.0,0,0,0,0,0,0,0,0
TF,FH505,50.262969,7.422081,0, ,0.0,0.0,0.0,0.0,0,0,0,0,0,0,0,0
TF,FH506,50.218036,7.531392,0, ,0.0,0.0,0.0,0.0,0,0,0,0,0,0,0,0
TF,FH515,50.161947,7.475386,0, ,0.0,0.0,0.0,0.0,2,5000,0,0,0,0,0,0

APPTR,I03,03,FH402
IF,FH402,49.956322,7.118564, ,0.0,0.0,2,5000,0,1,220,0,1,0
TF,FH403,49.838586,7.003239,0, ,0.0,0.0,0.0,0.0,0,0,0,0,0,0,0,0
TF,FH404,49.782244,6.948356,0, ,0.0,0.0,0.0,0.0,0,0,0,0,0,0,0,0
TF,FH405,49.725889,6.893575,0, ,0.0,0.0,0.0,0.0,0,0,0,0,0,0,0,0
TF,FH415,49.681478,7.002142,0, ,0.0,0.0,0.0,0.0,0,0,0,0,0,0,0,0
TF,FH414,49.731150,7.050542,0,IHAE,0.0,0.0,0.0,0.0,2,5000,0,0,0,0,1,0

APPTR,I03,03,FH415
IF,FH415,49.681478,7.002142, ,0.0,0.0,2,5000,0,0,0,0,1,0
TF,FH414,49.731150,7.050542,0,IHAE,0.0,0.0,0.0,0.0,2,5000,0,0,0,0,1,0

FINAL,I03,03,I,3
IF,FH414,49.731150,7.050542,IHAE,209.5,16.5,2,5000,0,0,0,0,0,0
CF,RINIR,49.787422,7.105514,0,IHAE,209.5,12.5,29.0,4.0,1,5000,0,0,0,0,2,0
CF,RW03,49.933672,7.249103,0,IHAE,209.5,2.1,29.0,10.4,1,1687,0,0,0,0,3,1
DF,FH060,50.015867,7.330278,0, ,0.0,0.0,0,0,0,0,0,0,0,1
DF,FH402,49.956322,7.118564,1, ,0.0,0.0,1,5000,0,0,0,0,0,0

APPTR,I21,21,FH502
IF,FH502,50.075197,7.235661, ,0.0,0.0,2,5000,0,1,220,0,1,0
TF,FH503,50.150672,7.310378,0, ,0.0,0.0,0.0,0.0,0,0,0,0,0,0,0,0
TF,FH504,50.206833,7.366161,0, ,0.0,0.0,0.0,0.0,0,0,0,0,0,0,0,0
TF,FH505,50.262969,7.422081,0, ,0.0,0.0,0.0,0.0,0,0,0,0,0,0,0,0
TF,FH506,50.218036,7.531392,0, ,0.0,0.0,0.0,0.0,0,0,0,0,0,0,0,0
TF,FH515,50.161947,7.475386,0,IHAW,0.0,0.0,0.0,0.0,2,5000,0,0,0,0,0,0

APPTR,I21,21,FH506
IF,FH506,50.218036,7.531392, ,0.0,0.0,2,5000,0,0,0,0,1,0
TF,FH515,50.161947,7.475386,0,IHAW,0.0,0.0,0.0,0.0,2,5000,0,0,0,0,0,0

FINAL,I21,21,I,3
IF,FH515,50.161947,7.475386,IHAW,29.5,16.6,2,5000,0,0,0,0,0,0
CF,RALUV,50.105850,7.419536,0,IHAW,29.5,12.6,209.0,4.0,1,5000,0,0,0,0,2,0
CF,RW21,49.957947,7.273042,0,IHAW,29.5,2.1,209.0,10.5,1,1648,0,0,0,0,3,1
DF,FH069,49.878131,7.192089,0, ,0.0,0.0,0,0,0,0,0,0,0,1
DF,FH502,50.075197,7.235661,2, ,0.0,0.0,1,5000,0,0,0,0,0,0

APPTR,R03,03,FH402
IF,FH402,49.956322,7.118564, ,0.0,0.0,2,5000,0,1,220,0,1,0
TF,FH403,49.838586,7.003239,0, ,0.0,0.0,0.0,0.0,0,0,0,0,0,0,0,0
TF,FH404,49.782244,6.948356,0, ,0.0,0.0,0.0,0.0,0,0,0,0,0,0,0,0
TF,FH405,49.725889,6.893575,0, ,0.0,0.0,0.0,0.0,0,0,0,0,0,0,0,0
TF,FH415,49.681478,7.002142,0, ,0.0,0.0,0.0,0.0,0,0,0,0,0,0,0,0
TF,FH414,49.731150,7.050542,0, ,0.0,0.0,0.0,0.0,2,5000,0,0,0,0,1,0

APPTR,R03,03,FH415
IF,FH415,49.681478,7.002142, ,0.0,0.0,2,5000,0,0,0,0,1,0
TF,FH414,49.731150,7.050542,0, ,0.0,0.0,0.0,0.0,2,5000,0,0,0,0,1,0

FINAL,R03,03,R,3
IF,FH414,49.731150,7.050542, ,0.0,0.0,2,5000,0,0,0,0,0,0
TF,RINIR,49.787422,7.105514,0, ,0.0,0.0,29.0,4.0,2,5000,0,0,0,0,2,0
TF,RW03,49.933672,7.249103,0, ,0.0,0.0,29.0,10.4,1,1687,0,0,0,0,3,1
DF,FH060,50.015867,7.330278,0, ,0.0,0.0,0,0,0,0,0,0,0,1
DF,FH402,49.956322,7.118564,1, ,0.0,0.0,1,5000,0,0,0,0,0,0

APPTR,R21,21,FH502
IF,FH502,50.075197,7.235661, ,0.0,0.0,2,5000,0,1,220,0,1,0
TF,FH503,50.150672,7.310378,0, ,0.0,0.0,0.0,0.0,0,0,0,0,0,0,0,0
TF,FH504,50.206833,7.366161,0, ,0.0,0.0,0.0,0.0,0,0,0,0,0,0,0,0
TF,FH505,50.262969,7.422081,0, ,0.0,0.0,0.0,0.0,0,0,0,0,0,0,0,0
TF,FH506,50.218036,7.531392,0, ,0.0,0.0,0.0,0.0,0,0,0,0,0,0,0,0
TF,FH515,50.161947,7.475386,0, ,0.0,0.0,0.0,0.0,2,5000,0,0,0,0,0,0

APPTR,R21,21,FH506
IF,FH506,50.218036,7.531392, ,0.0,0.0,2,5000,0,0,0,0,1,0
TF,FH515,50.161947,7.475386,0, ,0.0,0.0,0.0,0.0,2,5000,0,0,0,0,0,0

FINAL,R21,21,R,3
IF,FH515,50.161947,7.475386, ,0.0,0.0,2,5000,0,0,0,0,0,0
TF,RALUV,50.105850,7.419536,0, ,0.0,0.0,209.0,4.0,2,5000,0,0,0,0,2,0
TF,RW21,49.957947,7.273042,0, ,0.0,0.0,209.0,10.5,1,1644,0,0,0,0,3,1
DF,FH069,49.878131,7.192089,0, ,0.0,0.0,0,0,0,0,0,0,0,1
DF,FH502,50.075197,7.235661,2, ,0.0,0.0,1,5000,0,0,0,0,0,0

