SID,HAM2A,07,5
CA,0,68.0,2,500,0,0,0,0,0,0
DF,HL013,53.832486,10.861014,0, ,0.0,0.0,0,0,0,0,0,0,0,1
DF,HL015,53.758453,10.892119,2, ,0.0,0.0,0,0,0,1,230,0,0,0
TF,HAM,53.685575,10.204997,0, ,0.0,0.0,0.0,0.0,0,0,0,0,0,0,0,0

SID,HAM2K,25,5
CA,0,248.0,2,500,0,0,0,0,0,0
DF,HL021,53.787317,10.625675,0, ,0.0,0.0,0,0,0,0,0,0,0,1
TF,HAM,53.685575,10.204997,0, ,0.0,0.0,0.0,0.0,2,4000,0,0,0,0,0,0

SID,HAM7H,25,2
VD, ,0,0,0,ILUE,0.0,0.0,248.0,3.5,0,0,0,0,0,0,0,0
CF,HAM,53.685575,10.204997,0,HAM,0.0,0.0,244.0,16.0,2,4000,0,0,0,0,0,0

SID,HAM7J,07,2
VD, ,0,0,0,ILUE,0.0,0.0,68.0,5.3,0,0,0,0,0,0,0,0
VI,2, ,0.0,226.0,0,0,0,1,230,0,0,0
CF,HAM,53.685575,10.204997,0,HAM,0.0,0.0,256.0,25.0,0,0,0,0,0,0,0,0

SID,LUGE2A,07,5
CA,0,68.0,2,500,0,0,0,0,0,0
DF,HL011,53.823278,10.812825,0, ,0.0,0.0,0,0,0,1,210,0,0,1
DF,LUGEG,53.940742,10.667786,1, ,0.0,0.0,2,4000,0,0,0,0,0,0

SID,LUGE2K,25,5
CA,0,248.0,2,500,0,0,0,0,0,0
DF,HL021,53.787317,10.625675,0, ,0.0,0.0,0,0,0,1,210,0,0,1
DF,LUGEG,53.940742,10.667786,2, ,0.0,0.0,2,4000,0,0,0,0,0,0

SID,RAMA2A,07,5
CA,0,68.0,2,500,0,0,0,0,0,0
DF,HL013,53.832486,10.861014,0, ,0.0,0.0,0,0,0,0,0,0,0,1
DF,HL014,53.791028,10.947186,2, ,0.0,0.0,0,0,0,1,230,0,0,0
TF,RAMAR,53.710792,10.938828,0, ,0.0,0.0,0.0,0.0,2,4000,0,0,0,0,0,0

SID,RAMA2K,25,5
CA,0,248.0,2,500,0,0,0,0,0,0
DF,HL023,53.776997,10.572239,0, ,0.0,0.0,0,0,0,0,0,0,0,1
DF,HL024,53.698453,10.597561,1, ,0.0,0.0,0,0,0,1,230,0,0,0
TF,RAMAR,53.710792,10.938828,0, ,0.0,0.0,0.0,0.0,0,0,0,0,0,0,0,0

STAR,BOGM2R,25,5
IF,BOGMU,53.979167,10.288794, ,0.0,0.0,4,11000,4000,0,0,0,0,0
TF,HL125,53.953939,11.040356,0, ,0.0,0.0,0.0,0.0,2,4000,0,1,220,0,0,0
TF,HL165,53.874697,11.083278,0, ,0.0,0.0,0.0,0.0,2,3500,0,1,210,0,0,0

STAR,BOGM2V,07,5
IF,BOGMU,53.979167,10.288794, ,0.0,0.0,4,11000,4000,0,0,0,0,0
TF,HL224,53.898892,10.322964,0, ,0.0,0.0,0.0,0.0,0,0,0,1,220,0,0,0
TF,HL225,53.813853,10.312197,0, ,0.0,0.0,0.0,0.0,2,4000,0,1,220,0,0,0
TF,HL265,53.734861,10.356317,0, ,0.0,0.0,0.0,0.0,2,3000,0,1,210,0,0,0

STAR,NOLG2R,25,5
IF,NOLGO,53.396864,10.138342, ,0.0,0.0,4,11000,4000,0,0,0,0,0
TF,RARUP,53.641803,10.677000,0, ,0.0,0.0,0.0,0.0,0,0,0,0,0,0,0,0
TF,HL145,53.795433,11.126042,0, ,0.0,0.0,0.0,0.0,2,4000,0,1,220,0,0,0
TF,HL165,53.874697,11.083278,0, ,0.0,0.0,0.0,0.0,2,3500,0,1,210,0,0,0

STAR,NOLG2V,07,5
IF,NOLGO,53.396864,10.138342, ,0.0,0.0,4,11000,4000,0,0,0,0,0
TF,HL245,53.655847,10.400275,0, ,0.0,0.0,0.0,0.0,2,4000,0,1,220,0,0,0
TF,HL265,53.734861,10.356317,0, ,0.0,0.0,0.0,0.0,2,3000,0,1,210,0,0,0

STAR,RARU2R,25,5
IF,RARUP,53.641803,10.677000, ,0.0,0.0,4,11000,4000,0,0,0,0,0
TF,HL145,53.795433,11.126042,0, ,0.0,0.0,0.0,0.0,2,4000,0,1,220,0,0,0
TF,HL165,53.874697,11.083278,0, ,0.0,0.0,0.0,0.0,2,3500,0,1,210,0,0,0

STAR,RARU2V,07,5
IF,RARUP,53.641803,10.677000, ,0.0,0.0,4,11000,4000,0,0,0,0,0
TF,HL245,53.655847,10.400275,0, ,0.0,0.0,0.0,0.0,2,4000,0,1,220,0,0,0
TF,HL265,53.734861,10.356317,0, ,0.0,0.0,0.0,0.0,2,3000,0,1,210,0,0,0

APPTR,I07,07,HL265
IF,HL265,53.734861,10.356317, ,0.0,0.0,2,3000,0,1,210,0,1,0
TF,CF07,53.744731,10.406792,0,ILUE,0.0,0.0,0.0,0.0,2,3000,0,0,0,0,1,0

APPTR,I07,07,LUGEG
IF,LUGEG,53.940742,10.667786, ,0.0,0.0,2,4000,0,0,0,0,1,0
TF,HL225,53.813853,10.312197,0, ,0.0,0.0,0.0,0.0,2,4000,0,1,220,0,0,0
TF,HL265,53.734861,10.356317,0, ,0.0,0.0,0.0,0.0,2,3000,0,1,210,0,1,0
TF,CF07,53.744731,10.406792,0,ILUE,0.0,0.0,0.0,0.0,2,3000,0,0,0,0,0,0

FINAL,I07,07,I,3
IF,CF07,53.744731,10.406792,ILUE,248.0,12.3,2,3000,0,0,0,0,0,0
CF,BITNA,53.755367,10.461286,0,ILUE,248.0,10.3,68.0,2.0,1,3000,0,0,0,0,2,0
CF,RW07,53.802433,10.704219,0,ILUE,248.0,1.2,68.0,9.1,1,102,0,0,0,0,3,0
CF,HL011,53.823278,10.812825,0,HAM,64.8,23.2,68.0,4.1,0,0,0,1,230,0,0,1
DF,LUGEG,53.940742,10.667786,1, ,0.0,0.0,1,4000,0,1,230,0,0,0

APPTR,I25,25,HL165
IF,HL165,53.874697,11.083278, ,0.0,0.0,2,3500,0,1,210,0,1,0
TF,CF25,53.864553,11.029725,0,ILUW,0.0,0.0,0.0,0.0,2,3000,0,0,0,0,1,0

APPTR,I25,25,LUGEG
IF,LUGEG,53.940742,10.667786, ,0.0,0.0,2,4000,0,0,0,0,1,0
TF,HL125,53.953939,11.040356,0, ,0.0,0.0,0.0,0.0,2,4000,0,1,220,0,0,0
TF,HL165,53.874697,11.083278,0, ,0.0,0.0,0.0,0.0,2,3500,0,1,210,0,1,0
TF,CF25,53.864553,11.029725,0,ILUW,0.0,0.0,0.0,0.0,2,3000,0,0,0,0,0,0

FINAL,I25,25,I,3
IF,CF25,53.864553,11.029725,ILUW,68.0,12.4,2,3000,0,0,0,0,0,0
CF,ROXEM,53.854367,10.975914,0,ILUW,68.0,10.3,248.0,2.0,1,3000,0,0,0,0,2,0
CF,RW25,53.807769,10.731956,0,ILUW,68.0,1.2,248.0,9.1,1,99,0,0,0,0,3,0
CF,HL021,53.787317,10.625675,0,HAM,63.6,16.2,248.0,4.0,0,0,0,1,230,0,0,1
DF,LUGEG,53.940742,10.667786,2, ,0.0,0.0,1,4000,0,1,230,0,0,0

APPTR,R07,07,HL265
IF,HL265,53.734861,10.356317, ,0.0,0.0,2,3000,0,1,210,0,1,0
TF,BITNA,53.755367,10.461286,0, ,0.0,0.0,0.0,0.0,2,3000,0,0,0,0,0,0

APPTR,R07,07,LUGEG
IF,LUGEG,53.940742,10.667786, ,0.0,0.0,2,4000,0,0,0,0,1,0
TF,HL225,53.813853,10.312197,0, ,0.0,0.0,0.0,0.0,2,4000,0,1,220,0,0,0
TF,HL265,53.734861,10.356317,0, ,0.0,0.0,0.0,0.0,2,3000,0,1,210,0,1,0
TF,BITNA,53.755367,10.461286,0, ,0.0,0.0,0.0,0.0,2,3000,0,0,0,0,0,0

FINAL,R07,07,R,2
IF,BITNA,53.755367,10.461286, ,0.0,0.0,2,3000,0,0,0,0,2,0
TF,RW07,53.802433,10.704219,0, ,0.0,0.0,67.0,9.1,1,103,0,0,0,0,3,1
CF,HL011,53.823278,10.812825,0,HAM,64.8,23.2,68.0,4.1,0,0,0,1,230,0,0,1
DF,LUGEG,53.940742,10.667786,1, ,0.0,0.0,1,4000,0,1,230,0,0,0

APPTR,R25,25,HL165
IF,HL165,53.874697,11.083278, ,0.0,0.0,2,3500,0,1,210,0,1,0
TF,ROXEM,53.854367,10.975914,0, ,0.0,0.0,0.0,0.0,2,3000,0,0,0,0,0,0

APPTR,R25,25,LUGEG
IF,LUGEG,53.940742,10.667786, ,0.0,0.0,2,4000,0,0,0,0,1,0
TF,HL125,53.953939,11.040356,0, ,0.0,0.0,0.0,0.0,2,4000,0,1,220,0,0,0
TF,HL165,53.874697,11.083278,0, ,0.0,0.0,0.0,0.0,2,3500,0,1,210,0,1,0
TF,ROXEM,53.854367,10.975914,0, ,0.0,0.0,0.0,0.0,2,3000,0,0,0,0,0,0

FINAL,R25,25,R,2
IF,ROXEM,53.854367,10.975914, ,0.0,0.0,2,3000,0,0,0,0,2,0
TF,RW25,53.807769,10.731956,0, ,0.0,0.0,248.0,9.1,1,98,0,0,0,0,3,1
CF,HL021,53.787317,10.625675,0,HAM,63.6,16.2,248.0,4.0,0,0,0,1,230,0,0,1
DF,LUGEG,53.940742,10.667786,2, ,0.0,0.0,1,4000,0,1,230,0,0,0

