SID,EDMA1E,07,2
VA,0,67.0,2,4000,0,1,210,0,0,0
VM,0,0,0,67.0,0,0,0,1,210,0,0,0

SID,EDMA1W,25,2
VA,0,247.0,2,5000,0,1,210,0,0,0
VM,0,0,0,247.0,0,0,0,1,210,0,0,0

SID,KPT1F,07,5
CF,MA034,48.446458,11.027069,0,NUB,176.3,63.4,67.0,4.0,0,0,0,0,0,0,0,1
DF,MA035,48.479633,10.989153,1, ,0.0,0.0,0,0,0,1,190,0,0,0
TF,AGB,48.424297,10.933094,0, ,0.0,0.0,0.0,0.0,0,0,0,0,0,0,0,0
TF,MA038,48.063108,10.620331,0, ,0.0,0.0,0.0,0.0,2,7000,0,0,0,0,0,0
TF,KPT,47.745775,10.349833,0, ,0.0,0.0,0.0,0.0,0,0,0,0,0,0,0,0

SID,KPT1G,25,5
CF,MA040,48.412128,10.873219,0,NUB,181.6,65.8,247.0,2.0,0,0,0,0,0,0,0,0
TF,MA046,48.367183,10.673578,0, ,0.0,0.0,0.0,0.0,0,0,0,0,0,0,0,0
TF,MA050,48.091208,10.528736,0, ,0.0,0.0,0.0,0.0,2,7000,0,0,0,0,0,0
TF,KPT,47.745775,10.349833,0, ,0.0,0.0,0.0,0.0,0,0,0,0,0,0,0,0

SID,MAH7F,07,5
CF,MA031,48.466386,11.117608,0,NUB,173.0,62.3,67.0,8.0,0,0,0,1,200,0,0,0
TF,MAH,48.263431,11.311925,0, ,0.0,0.0,0.0,0.0,0,0,0,0,0,0,0,0

SID,MAH8G,25,5
CF,MA040,48.412128,10.873219,0,NUB,181.6,65.8,247.0,2.0,0,0,0,1,180,0,0,1
DF,MA041,48.438519,10.827992,2, ,0.0,0.0,0,0,0,1,200,0,0,0
TF,MA042,48.475078,10.838683,0, ,0.0,0.0,0.0,0.0,0,0,0,0,0,0,0,0
TF,MA043,48.547317,11.039589,0, ,0.0,0.0,0.0,0.0,0,0,0,0,0,0,0,0
TF,MAH,48.263431,11.311925,0, ,0.0,0.0,0.0,0.0,0,0,0,0,0,0,0,0

SID,MIQ6F,07,5
CF,MA030,48.457022,11.074653,0,NUB,174.6,62.8,67.0,6.0,0,0,0,1,200,0,0,0
TF,MA032,48.490519,11.227981,0, ,0.0,0.0,0.0,0.0,2,4000,0,0,0,0,0,0
TF,MIQ,48.570225,11.597503,0, ,0.0,0.0,0.0,0.0,0,0,0,0,0,0,0,0

SID,MIQ7G,25,5
CF,MA040,48.412128,10.873219,0,NUB,181.6,65.8,247.0,2.0,0,0,0,1,180,0,0,1
DF,MA041,48.438519,10.827992,2, ,0.0,0.0,0,0,0,1,200,0,0,0
TF,MA042,48.475078,10.838683,0, ,0.0,0.0,0.0,0.0,0,0,0,0,0,0,0,0
TF,WLD,48.579419,11.129386,0, ,0.0,0.0,0.0,0.0,2,4000,0,0,0,0,0,0
TF,MIQ,48.570225,11.597503,0, ,0.0,0.0,0.0,0.0,0,0,0,0,0,0,0,0

SID,RIDA7G,25,5
CF,MA040,48.412128,10.873219,0,NUB,181.6,65.8,247.0,2.0,0,0,0,1,180,0,0,1
DF,MA041,48.438519,10.827992,2, ,0.0,0.0,0,0,0,1,200,0,0,0
TF,MA047,48.525233,10.853381,0, ,0.0,0.0,0.0,0.0,0,0,0,0,0,0,0,0
TF,RIDAR,48.588422,10.802825,0, ,0.0,0.0,0.0,0.0,2,5000,0,0,0,0,0,0

SID,RIDA8F,07,5
CF,MA030,48.457022,11.074653,0,NUB,174.6,62.8,67.0,6.0,0,0,0,0,0,0,0,1
DF,MA036,48.502303,11.076214,1, ,0.0,0.0,0,0,0,1,200,0,0,0
TF,MA037,48.560467,10.847028,0, ,0.0,0.0,0.0,0.0,0,0,0,0,0,0,0,0
TF,RIDAR,48.588422,10.802825,0, ,0.0,0.0,0.0,0.0,0,0,0,0,0,0,0,0

APPTR,I25,25,MAH
IF,MAH,48.263431,11.311925, ,0.0,0.0,2,4000,0,1,220,0,1,0
TF,MA101,48.476133,11.160983,0,IAGW,0.0,0.0,0.0,0.0,2,4000,0,1,170,0,1,0

APPTR,I25,25,MIQ
IF,MIQ,48.570225,11.597503, ,0.0,0.0,2,5000,0,0,0,0,1,0
TF,MA100,48.495647,11.250756,0, ,0.0,0.0,0.0,0.0,2,5000,0,1,220,0,0,0
TF,MA101,48.476133,11.160983,0,IAGW,0.0,0.0,0.0,0.0,2,4000,0,1,170,0,1,0

APPTR,I25,25,WLD
IF,WLD,48.579419,11.129386, ,0.0,0.0,2,4000,0,1,220,0,1,0
TF,MA101,48.476133,11.160983,0,IAGW,0.0,0.0,0.0,0.0,2,4000,0,1,170,0,1,0

FINAL,I25,25,I,3
IF,MA101,48.476133,11.160983,IAGW,67.4,10.1,2,4000,0,1,170,0,0,0
CF,OFWAN,48.454575,11.063592,0,IAGW,67.4,6.0,247.0,4.1,1,3500,0,0,0,0,2,0
CF,RW25,48.427047,10.939931,0,IAGW,67.4,0.8,247.0,5.2,1,1556,0,0,0,0,3,0
CF,MA102,48.412186,10.873333,0,NUB,181.6,65.8,247.0,2.8,0,0,0,0,0,0,0,1
DF,MA103,48.511200,10.825194,2, ,0.0,0.0,0,0,0,1,185,0,0,0
TF,MA104,48.547586,10.986864,0, ,0.0,0.0,0.0,0.0,0,0,0,0,0,0,0,0
TF,WLD,48.579419,11.129386,0, ,0.0,0.0,0.0,0.0,1,4000,0,0,0,0,0,0

APPTR,R07,07,ETWUM
IF,ETWUM,48.266506,10.710456, ,0.0,0.0,2,4000,0,1,200,0,1,0
TF,MA107,48.364228,10.660767,0, ,0.0,0.0,0.0,0.0,2,4000,0,1,190,0,1,0

APPTR,R07,07,MAH
IF,MAH,48.263431,11.311925, ,0.0,0.0,2,4000,0,0,0,0,1,0
TF,MA101,48.476133,11.160983,0, ,0.0,0.0,0.0,0.0,0,0,0,0,0,0,0,0
TF,MA105,48.547539,10.986686,0, ,0.0,0.0,0.0,0.0,0,0,0,1,220,0,0,0
TF,MA106,48.462478,10.610606,0, ,0.0,0.0,0.0,0.0,0,0,0,1,200,0,0,0
TF,MA107,48.364228,10.660767,0, ,0.0,0.0,0.0,0.0,2,4000,0,1,190,0,1,0

APPTR,R07,07,WLD
IF,WLD,48.579419,11.129386, ,0.0,0.0,2,4000,0,0,0,0,1,0
TF,MA105,48.547539,10.986686,0, ,0.0,0.0,0.0,0.0,0,0,0,1,220,0,0,0
TF,MA106,48.462478,10.610606,0, ,0.0,0.0,0.0,0.0,0,0,0,1,200,0,0,0
TF,MA107,48.364228,10.660767,0, ,0.0,0.0,0.0,0.0,2,4000,0,1,190,0,1,0

FINAL,R07,07,R,3
IF,MA107,48.364228,10.660767, ,0.0,0.0,2,4000,0,1,190,0,0,0
TF,WEPPE,48.391003,10.779114,0, ,0.0,0.0,67.0,5.0,2,3500,0,1,170,0,2,0
TF,RW07,48.423386,10.923550,0, ,0.0,0.0,67.0,6.1,1,1560,0,0,0,0,3,1
CF,MA108,48.462547,11.098939,0,NUB,173.7,62.5,67.0,7.4,0,0,0,1,185,0,0,1
DF,WLD,48.579419,11.129386,1, ,0.0,0.0,1,4000,0,0,0,0,0,0

APPTR,R25,25,MAH
IF,MAH,48.263431,11.311925, ,0.0,0.0,2,4000,0,1,220,0,1,0
TF,MA101,48.476133,11.160983,0, ,0.0,0.0,0.0,0.0,2,4000,0,1,170,0,1,0

APPTR,R25,25,MIQ
IF,MIQ,48.570225,11.597503, ,0.0,0.0,2,5000,0,0,0,0,1,0
TF,MA100,48.495647,11.250756,0, ,0.0,0.0,0.0,0.0,2,5000,0,1,220,0,0,0
TF,MA101,48.476133,11.160983,0, ,0.0,0.0,0.0,0.0,2,4000,0,1,170,0,1,0

APPTR,R25,25,WLD
IF,WLD,48.579419,11.129386, ,0.0,0.0,2,4000,0,1,220,0,1,0
TF,MA101,48.476133,11.160983,0, ,0.0,0.0,0.0,0.0,2,4000,0,1,170,0,1,0

FINAL,R25,25,R,3
IF,MA101,48.476133,11.160983, ,0.0,0.0,2,4000,0,1,170,0,0,0
TF,OFWAN,48.454575,11.063592,0, ,0.0,0.0,247.0,4.1,2,3500,0,0,0,0,2,0
TF,RW25,48.427047,10.939931,0, ,0.0,0.0,247.0,5.2,1,1563,0,0,0,0,3,1
CF,MA102,48.412186,10.873333,0,NUB,181.6,65.8,247.0,2.8,0,0,0,0,0,0,0,1
DF,MA103,48.511200,10.825194,2, ,0.0,0.0,0,0,0,1,185,0,0,0
TF,MA104,48.547586,10.986864,0, ,0.0,0.0,0.0,0.0,0,0,0,0,0,0,0,0
TF,WLD,48.579419,11.129386,0, ,0.0,0.0,0.0,0.0,1,4000,0,0,0,0,0,0

