SID,EDRZ1A,03,2
VA,0,27.0,2,3800,0,0,0,0,0,0
VM,0,0,0,27.0,0,0,0,0,0,0,0,0

SID,IXWI1R,21,5
CF,RZ061,49.128144,7.329133,0,ZWN,207.0,7.0,207.0,5.0,0,0,0,0,0,0,0,1
DF,RZ064,49.185600,7.258406,2, ,0.0,0.0,0,0,0,1,230,0,0,0
TF,IXWIB,49.223086,7.412608,0, ,0.0,0.0,0.0,0.0,0,0,0,0,0,0,0,0

SID,LADA2P,03,5
CF,RZ051,49.286581,7.468711,0,ZWN,27.0,4.0,27.0,5.0,0,0,0,0,0,0,0,1
DF,RZ052,49.302250,7.547861,2, ,0.0,0.0,0,0,0,1,230,0,0,0
TF,RZ054,49.253458,7.699450,0, ,0.0,0.0,0.0,0.0,0,0,0,0,0,0,0,0
TF,LADAT,49.265256,7.839472,0, ,0.0,0.0,0.0,0.0,0,0,0,0,0,0,0,0

SID,PIRE2P,03,5
CF,RZ051,49.286581,7.468711,0,ZWN,27.0,4.0,27.0,5.0,0,0,0,0,0,0,0,1
DF,RZ053,49.292008,7.567617,2, ,0.0,0.0,0,0,0,1,230,0,0,0
TF,RZ055,49.181161,7.708678,0, ,0.0,0.0,0.0,0.0,0,0,0,0,0,0,0,0
TF,PIREK,49.172892,7.758339,0, ,0.0,0.0,0.0,0.0,0,0,0,0,0,0,0,0

SID,SARI2P,03,5
CF,RZ050,49.247817,7.434425,0,ZWN,27.0,1.3,27.0,3.0,0,0,0,0,0,0,0,1
DF,RZ056,49.293531,7.371406,1, ,0.0,0.0,0,0,0,1,210,0,0,0
TF,RZ057,49.276508,7.313483,0, ,0.0,0.0,0.0,0.0,0,0,0,0,0,0,0,0
TF,SARRI,49.218853,7.118344,0, ,0.0,0.0,0.0,0.0,0,0,0,0,0,0,0,0

SID,SARI2R,21,5
CF,RZ060,49.171406,7.367125,0,ZWN,207.0,4.0,207.0,2.0,0,0,0,0,0,0,0,1
DF,RZ062,49.158717,7.279225,2, ,0.0,0.0,0,0,0,1,230,0,0,0
TF,SARRI,49.218853,7.118344,0, ,0.0,0.0,0.0,0.0,0,0,0,0,0,0,0,0

SID,TOMP2P,03,5
CF,RZ050,49.247817,7.434425,0,ZWN,27.0,1.3,27.0,3.0,0,0,0,0,0,0,0,1
DF,RZ056,49.293531,7.371406,1, ,0.0,0.0,0,0,0,0,0,0,0,0
TF,RZ057,49.276508,7.313483,0, ,0.0,0.0,0.0,0.0,0,0,0,1,210,0,0,0
TF,TOMPI,49.391967,7.057569,0, ,0.0,0.0,0.0,0.0,0,0,0,0,0,0,0,0

SID,ZWN6D,21,2
DF,RZ061,49.128144,7.329133,0, ,0.0,0.0,0,0,0,0,0,0,0,1
DF,ZWN,49.229072,7.417892,2, ,0.0,0.0,0,0,0,1,230,0,0,0

APPTR,D03,03,ZWN
IF,ZWN,49.229072,7.417892, ,0.0,0.0,2,4000,0,0,0,0,1,0
CF,D225J,49.118606,7.231233,0,ZWN,225.0,9.9,225.0,9.9,2,4000,0,1,210,0,0,0
CF,RZ301,49.089114,7.294914,1,ZWN,207.0,9.7,27.0,1.0,2,3000,0,0,0,0,1,0

FINAL,D03,03,D,4
IF,RZ301,49.089114,7.294914,ZWN,207.0,9.7,2,3000,0,0,0,0,0,0
CF,RZ300,49.117594,7.319783,0,ZWN,207.0,7.7,27.0,2.0,2,3000,0,0,0,0,2,0
CF,56VOR,49.148286,7.346808,0,ZWN,207.0,5.6,27.0,2.1,2,2320,0,0,0,0,0,0
CF,RW03,49.200183,7.392417,0,ZWN,207.0,2.0,27.0,3.6,1,1177,0,0,0,0,3,0
CF,ZWN,49.229072,7.417892,0,ZWN,0.0,0.0,27.0,2.0,0,0,0,0,0,0,0,0
CF,RZ050,49.247817,7.434425,0,ZWN,27.0,1.3,27.0,1.3,0,0,0,0,0,0,0,0
CA,0,27.0,2,2000,0,0,0,0,0,0
DF,ZWN,49.229072,7.417892,2, ,0.0,0.0,1,4000,0,1,200,0,0,0

APPTR,D21,21,ZWN
IF,ZWN,49.229072,7.417892,ZWN,0.0,0.0,2,4000,0,0,0,0,1,0
CF,D048I,49.321161,7.592108,0,ZWN,48.0,8.8,48.0,8.8,2,4000,0,1,210,0,0,0
CF,RZ203,49.353044,7.527503,1,ZWN,27.0,8.6,207.0,1.0,2,3500,0,0,0,0,1,0

FINAL,D21,21,D,4
IF,RZ203,49.353044,7.527503,ZWN,27.0,8.6,2,3500,0,0,0,0,0,0
CF,RZ202,49.324222,7.501961,0,ZWN,27.0,6.6,207.0,2.0,2,3500,0,0,0,0,2,0
CF,46VOR,49.295394,7.476453,0,ZWN,27.0,4.6,207.0,2.0,2,2860,0,0,0,0,0,0
CF,RW21,49.218864,7.408886,0,ZWN,207.0,0.7,207.0,5.3,1,1166,0,0,0,0,3,0
CF,RZ060,49.171406,7.367125,0,ZWN,207.0,4.0,207.0,3.3,0,0,0,0,0,0,0,0
CA,0,207.0,2,2000,0,0,0,0,0,0
DF,ZWN,49.229072,7.417892,2, ,0.0,0.0,1,4000,0,1,200,0,0,0

APPTR,R03,03,IXWIB
IF,IXWIB,49.223086,7.412608, ,0.0,0.0,2,4000,0,0,0,0,1,0
TF,RZ310,49.101450,7.159283,0, ,0.0,0.0,0.0,0.0,2,4000,0,1,185,0,0,0
TF,RZ302,49.059889,7.269119,1, ,0.0,0.0,0.0,0.0,2,3500,0,1,185,0,1,0

FINAL,R03,03,R,3
IF,RZ302,49.059889,7.269119, ,0.0,0.0,2,3500,0,1,185,0,0,0
TF,RZ300,49.117594,7.319783,0, ,0.0,0.0,27.0,4.0,2,3000,0,1,185,0,2,0
TF,RW03,49.200183,7.392417,0, ,0.0,0.0,27.0,5.7,1,1177,0,0,0,0,3,1
CF,RZ050,49.247817,7.434425,0,ZWN,27.0,1.3,27.0,3.3,0,0,0,0,0,0,0,0
CA,0,27.0,2,2000,0,0,0,0,0,0
DF,IXWIB,49.223086,7.412608,2, ,0.0,0.0,1,4000,0,1,200,0,0,0

APPTR,R21,21,IXWIB
IF,IXWIB,49.223086,7.412608, ,0.0,0.0,2,4000,0,0,0,0,1,0
TF,RZ210,49.317667,7.643506,0, ,0.0,0.0,0.0,0.0,2,4000,0,1,185,0,0,0
TF,RZ201,49.359497,7.533339,1, ,0.0,0.0,0.0,0.0,2,3500,0,1,185,0,1,0

FINAL,R21,21,R,3
IF,RZ201,49.359497,7.533339, ,0.0,0.0,2,3500,0,1,185,0,0,0
TF,RZ200,49.301867,7.482239,0, ,0.0,0.0,207.0,4.0,2,3000,0,1,185,0,2,0
TF,RW21,49.218864,7.408886,0, ,0.0,0.0,207.0,5.8,1,1166,0,0,0,0,3,1
CF,RZ060,49.171406,7.367125,0,ZWN,207.0,4.0,207.0,3.3,0,0,0,0,0,0,0,0
CA,0,207.0,2,2000,0,0,0,0,0,0
DF,IXWIB,49.223086,7.412608,2, ,0.0,0.0,1,4000,0,1,200,0,0,0

