SID,OMNI,12,1
VA,0,122.0,2,850,0,0,0,0,0,0
VM,0,0,0,122.0,0,0,0,0,0,0,0,0

SID,OMNI,30,1
VA,0,303.0,2,1130,0,0,0,0,0,0
VM,0,0,0,303.0,0,0,0,0,0,0,0,0

STAR,ELSO3K,12,5
IF,ELSOV,62.804167,25.351944, ,0.0,0.0,2,10000,0,0,0,0,0,0
TF,LUTOP,62.511106,25.427119,0, ,0.0,0.0,0.0,0.0,2,2900,0,0,0,0,0,0

STAR,ELSO3L,30,5
IF,ELSOV,62.804167,25.351944, ,0.0,0.0,2,10000,0,0,0,0,0,0
TF,SISBA,62.571097,25.551597,0, ,0.0,0.0,0.0,0.0,0,0,0,0,0,0,0,0
TF,RUBSO,62.459167,25.802778,0, ,0.0,0.0,0.0,0.0,0,0,0,0,0,0,0,0
TF,MAVUP,62.329489,26.090442,0, ,0.0,0.0,0.0,0.0,2,2900,0,1,240,0,0,0
TF,RUBAX,62.269978,25.965894,0, ,0.0,0.0,0.0,0.0,2,2900,0,0,0,0,0,0

STAR,EROK3K,12,5
IF,EROKU,62.026667,26.282222, ,0.0,0.0,2,10000,0,0,0,0,0,0
TF,IPLUV,62.210353,25.841836,0, ,0.0,0.0,0.0,0.0,0,0,0,0,0,0,0,0
TF,EMKIK,62.339444,25.554167,0, ,0.0,0.0,0.0,0.0,0,0,0,0,0,0,0,0
TF,ETNUP,62.451003,25.303144,0, ,0.0,0.0,0.0,0.0,2,2900,0,1,240,0,0,0
TF,LUTOP,62.511106,25.427119,0, ,0.0,0.0,0.0,0.0,2,2900,0,0,0,0,0,0

STAR,EROK3L,30,5
IF,EROKU,62.026667,26.282222, ,0.0,0.0,2,10000,0,0,0,0,0,0
TF,RUBAX,62.269978,25.965894,0, ,0.0,0.0,0.0,0.0,2,2900,0,0,0,0,0,0

STAR,ERTO3L,30,5
IF,ERTOP,62.027222,25.426389, ,0.0,0.0,2,10000,0,0,0,0,0,0
TF,IPLUV,62.210353,25.841836,0, ,0.0,0.0,0.0,0.0,2,2900,0,1,240,0,0,0
TF,RUBAX,62.269978,25.965894,0, ,0.0,0.0,0.0,0.0,2,2900,0,0,0,0,0,0

STAR,ERTO4K,12,5
IF,ERTOP,62.027222,25.426389, ,0.0,0.0,2,10000,0,0,0,0,0,0
TF,EMKIK,62.339444,25.554167,0, ,0.0,0.0,0.0,0.0,0,0,0,0,0,0,0,0
TF,ETNUP,62.451003,25.303144,0, ,0.0,0.0,0.0,0.0,2,2900,0,1,240,0,0,0
TF,LUTOP,62.511106,25.427119,0, ,0.0,0.0,0.0,0.0,2,2900,0,0,0,0,0,0

STAR,LUME3K,12,5
IF,LUMME,62.643611,24.832500, ,0.0,0.0,2,10000,0,0,0,0,0,0
TF,LUTOP,62.511106,25.427119,0, ,0.0,0.0,0.0,0.0,2,2900,0,0,0,0,0,0

STAR,LUME3L,30,5
IF,LUMME,62.643611,24.832500, ,0.0,0.0,2,10000,0,0,0,0,0,0
TF,ETNUP,62.451003,25.303144,0, ,0.0,0.0,0.0,0.0,0,0,0,0,0,0,0,0
TF,EMKIK,62.339444,25.554167,0, ,0.0,0.0,0.0,0.0,0,0,0,0,0,0,0,0
TF,IPLUV,62.210353,25.841836,0, ,0.0,0.0,0.0,0.0,2,2900,0,1,240,0,0,0
TF,RUBAX,62.269978,25.965894,0, ,0.0,0.0,0.0,0.0,2,2900,0,0,0,0,0,0

STAR,RERG3L,30,5
IF,RERGA,62.453889,26.464722, ,0.0,0.0,2,10000,0,0,0,0,0,0
TF,MAVUP,62.329489,26.090442,0, ,0.0,0.0,0.0,0.0,2,2900,0,1,240,0,0,0
TF,RUBAX,62.269978,25.965894,0, ,0.0,0.0,0.0,0.0,2,2900,0,0,0,0,0,0

STAR,RERG4K,12,5
IF,RERGA,62.453889,26.464722, ,0.0,0.0,2,10000,0,0,0,0,0,0
TF,RUBSO,62.459167,25.802778,0, ,0.0,0.0,0.0,0.0,0,0,0,0,0,0,0,0
TF,SISBA,62.571097,25.551597,0, ,0.0,0.0,0.0,0.0,2,2900,0,1,240,0,0,0
TF,LUTOP,62.511106,25.427119,1, ,0.0,0.0,0.0,0.0,2,2900,0,0,0,0,0,0

FINAL,I30-Y,30,I,3
IF,RUBAX,62.269978,25.965894,JY,122.9,12.1,2,2900,0,0,0,0,1,0
CF,ATNEK,62.328361,25.836661,0,JY,122.9,7.0,303.0,5.0,1,2200,0,0,0,0,2,0
CF,RW30,62.391353,25.696361,0,JY,122.9,1.6,303.0,5.5,1,463,0,0,0,0,3,0
CA,0,303.0,2,2900,0,0,0,0,0,0
VM,0,0,0,303.0,1,2900,0,0,0,0,0,0

APPTR,I30-Z,30,IPLUV
IF,IPLUV,62.210353,25.841836, ,0.0,0.0,2,2900,0,1,240,0,1,0
TF,RUBAX,62.269978,25.965894,0,JY,0.0,0.0,0.0,0.0,2,2900,0,0,0,0,0,0

APPTR,I30-Z,30,MAVUP
IF,MAVUP,62.329489,26.090442, ,0.0,0.0,2,2900,0,1,240,0,1,0
TF,RUBAX,62.269978,25.965894,0,JY,0.0,0.0,0.0,0.0,2,2900,0,0,0,0,0,0

FINAL,I30-Z,30,I,3
IF,RUBAX,62.269978,25.965894,JY,122.9,12.1,2,2900,0,0,0,0,1,0
CF,ATNEK,62.328361,25.836661,0,JY,122.9,7.0,303.0,5.0,1,2200,0,0,0,0,2,0
CF,RW30,62.391353,25.696361,0,JY,122.9,1.6,303.0,5.5,1,463,0,0,0,0,3,1
CA,0,303.0,2,1000,0,0,0,0,0,0
DF,LUTOP,62.511106,25.427119,0, ,0.0,0.0,1,2900,0,0,0,0,0,1

APPTR,R12,12,ETNUP
IF,ETNUP,62.451003,25.303144, ,0.0,0.0,2,2900,0,1,240,0,1,0
TF,LUTOP,62.511106,25.427119,0, ,0.0,0.0,0.0,0.0,2,2900,0,0,0,0,0,0

APPTR,R12,12,SISBA
IF,SISBA,62.571097,25.551597, ,0.0,0.0,2,2900,0,1,240,0,1,0
TF,LUTOP,62.511106,25.427119,0, ,0.0,0.0,0.0,0.0,2,2900,0,0,0,0,0,0

FINAL,R12,12,R,3
IF,LUTOP,62.511106,25.427119, ,0.0,0.0,2,2900,0,0,0,0,1,0
TF,BIKBO,62.453975,25.555981,0, ,0.0,0.0,122.0,5.0,2,2000,0,0,0,0,2,0
TF,RW12,62.407550,25.660139,0, ,0.0,0.0,122.0,4.0,1,503,0,0,0,0,3,1
TF,RUBAX,62.269978,25.965894,0, ,0.0,0.0,0.0,0.0,1,2900,0,0,0,0,0,1

APPTR,R30,30,IPLUV
IF,IPLUV,62.210353,25.841836, ,0.0,0.0,2,2900,0,1,240,0,1,0
TF,RUBAX,62.269978,25.965894,0, ,0.0,0.0,0.0,0.0,2,2900,0,0,0,0,0,0

APPTR,R30,30,MAVUP
IF,MAVUP,62.329489,26.090442, ,0.0,0.0,2,2900,0,1,240,0,1,0
TF,RUBAX,62.269978,25.965894,0, ,0.0,0.0,0.0,0.0,2,2900,0,0,0,0,0,0

FINAL,R30,30,R,3
IF,RUBAX,62.269978,25.965894, ,0.0,0.0,2,2900,0,0,0,0,1,0
TF,ATNEK,62.328361,25.836661,0, ,0.0,0.0,303.0,5.0,2,2200,0,0,0,0,2,0
TF,RW30,62.391353,25.696361,0, ,0.0,0.0,303.0,5.5,1,463,0,0,0,0,3,1
TF,LUTOP,62.511106,25.427119,0, ,0.0,0.0,0.0,0.0,1,2900,0,0,0,0,0,1

