SID,AMUL2C,16,5
CA,0,153.0,2,1290,0,0,0,0,0,0
DF,FAZUC,67.599858,24.912433,0, ,0.0,0.0,0,0,0,1,200,0,0,0
TF,AMULU,67.380278,24.378333,0, ,0.0,0.0,0.0,0.0,0,0,0,0,0,0,0,0

SID,AMUL2D,34,5
CA,0,333.0,2,2090,0,1,220,0,0,0
DF,GIRTU,67.681389,24.639722,1, ,0.0,0.0,0,0,0,1,240,0,0,0
TF,AMULU,67.380278,24.378333,0, ,0.0,0.0,0.0,0.0,0,0,0,0,0,0,0,0

SID,EXUT2C,16,5
CA,0,153.0,2,1290,0,0,0,0,0,0
DF,FAZUC,67.599858,24.912433,0, ,0.0,0.0,0,0,0,1,200,0,0,0
TF,VEMIQ,67.619664,25.123903,0, ,0.0,0.0,0.0,0.0,0,0,0,1,220,0,0,0
TF,LERZE,67.720850,25.059219,0, ,0.0,0.0,0.0,0.0,0,0,0,0,0,0,0,0
TF,XERTI,67.913853,24.944781,0, ,0.0,0.0,0.0,0.0,0,0,0,0,0,0,0,0
TF,EXUTI,68.110556,24.349722,0, ,0.0,0.0,0.0,0.0,0,0,0,0,0,0,0,0

SID,EXUT2D,34,5
CA,0,333.0,2,2090,0,0,0,0,0,0
DF,EKLIM,67.895883,24.729497,0, ,0.0,0.0,0,0,0,0,0,0,0,0
TF,EXUTI,68.110556,24.349722,0, ,0.0,0.0,0.0,0.0,0,0,0,0,0,0,0,0

SID,OMNI,16,1
VA,0,153.0,2,1290,0,0,0,0,0,0
VM,0,0,0,153.0,0,0,0,0,0,0,0,0

SID,OMNI,34,1
VA,0,333.0,2,2090,0,0,0,0,0,0
VM,0,0,0,333.0,0,0,0,0,0,0,0,0

SID,TUGP2C,16,5
CA,0,153.0,2,1290,0,0,0,0,0,0
DF,FAZUC,67.599858,24.912433,0, ,0.0,0.0,0,0,0,1,200,0,0,0
TF,TUGPU,67.290556,25.334444,0, ,0.0,0.0,0.0,0.0,0,0,0,0,0,0,0,0

SID,TUGP2D,34,5
CA,0,333.0,2,2090,0,1,220,0,0,0
DF,LERZE,67.720850,25.059219,2, ,0.0,0.0,0,0,0,1,240,0,0,0
TF,ADONA,67.533708,25.178403,0, ,0.0,0.0,0.0,0.0,0,0,0,0,0,0,0,0
TF,TUGPU,67.290556,25.334444,0, ,0.0,0.0,0.0,0.0,0,0,0,0,0,0,0,0

SID,XETM2C,16,5
CA,0,153.0,2,1290,0,0,0,0,0,0
DF,FAZUC,67.599858,24.912433,0, ,0.0,0.0,0,0,0,1,200,0,0,0
TF,VEMIQ,67.619664,25.123903,0, ,0.0,0.0,0.0,0.0,0,0,0,1,220,0,0,0
TF,XETMU,67.873333,25.365278,0, ,0.0,0.0,0.0,0.0,0,0,0,0,0,0,0,0

SID,XETM2D,34,5
CA,0,333.0,2,2090,0,1,220,0,0,0
DF,XETMU,67.873333,25.365278,0, ,0.0,0.0,0,0,0,0,0,0,0,0

STAR,EVIM3A,34,5
IF,EVIMI,67.251667,24.917222, ,0.0,0.0,2,10000,0,0,0,0,0,0
TF,XIVPA,67.514069,24.967594,0, ,0.0,0.0,0.0,0.0,2,3800,0,0,0,0,0,0

STAR,EVIM3B,16,5
IF,EVIMI,67.251667,24.917222, ,0.0,0.0,2,10000,0,0,0,0,0,0
TF,ERTEB,67.494156,24.757136,0, ,0.0,0.0,0.0,0.0,0,0,0,0,0,0,0,0
TF,GIRTU,67.681389,24.639722,0, ,0.0,0.0,0.0,0.0,0,0,0,0,0,0,0,0
TF,UNLED,67.877631,24.514547,0, ,0.0,0.0,0.0,0.0,2,3800,0,1,240,0,0,0
TF,EKLIM,67.895883,24.729497,2, ,0.0,0.0,0.0,0.0,2,3800,0,0,0,0,0,0

STAR,EXUT3A,34,5
IF,EXUTI,68.110556,24.349722, ,0.0,0.0,2,10000,0,0,0,0,0,0
TF,UNLED,67.877631,24.514547,0, ,0.0,0.0,0.0,0.0,0,0,0,0,0,0,0,0
TF,GIRTU,67.681389,24.639722,0, ,0.0,0.0,0.0,0.0,0,0,0,0,0,0,0,0
TF,ERTEB,67.494156,24.757136,0, ,0.0,0.0,0.0,0.0,2,3800,0,1,240,0,0,0
TF,XIVPA,67.514069,24.967594,0, ,0.0,0.0,0.0,0.0,2,3800,0,0,0,0,0,0

STAR,EXUT3B,16,5
IF,EXUTI,68.110556,24.349722, ,0.0,0.0,2,10000,0,0,0,0,0,0
TF,EKLIM,67.895883,24.729497,0, ,0.0,0.0,0.0,0.0,2,3800,0,0,0,0,0,0

STAR,XETM3A,34,5
IF,XETMU,67.873333,25.365278, ,0.0,0.0,2,10000,0,0,0,0,0,0
TF,ADONA,67.533708,25.178403,0, ,0.0,0.0,0.0,0.0,2,3800,0,1,240,0,0,0
TF,XIVPA,67.514069,24.967594,0, ,0.0,0.0,0.0,0.0,2,3800,0,0,0,0,0,0

STAR,XETM3B,16,5
IF,XETMU,67.873333,25.365278, ,0.0,0.0,2,10000,0,0,0,0,0,0
TF,XERTI,67.913853,24.944781,0, ,0.0,0.0,0.0,0.0,2,3800,0,1,240,0,0,0
TF,EKLIM,67.895883,24.729497,0, ,0.0,0.0,0.0,0.0,2,3800,0,0,0,0,0,0

FINAL,I34-Y,34,I,3
IF,XIVPA,67.514069,24.967594,KT,153.1,12.4,2,3800,0,0,0,0,1,0
CF,BENUG,67.609881,24.905961,0,KT,153.1,6.5,333.0,5.9,1,2500,0,0,0,0,2,0
CF,RW34,67.690142,24.853933,0,KT,153.1,1.5,333.0,5.0,1,703,0,0,0,0,3,0
CA,0,333.0,2,3800,0,0,0,0,0,0
VM,0,0,0,333.0,1,3800,0,0,0,0,0,0

APPTR,I34-Z,34,ADONA
IF,ADONA,67.533708,25.178403, ,0.0,0.0,2,3800,0,1,240,0,1,0
TF,XIVPA,67.514069,24.967594,0,KT,0.0,0.0,0.0,0.0,2,3800,0,0,0,0,0,0

APPTR,I34-Z,34,ERTEB
IF,ERTEB,67.494156,24.757136, ,0.0,0.0,2,3800,0,1,240,0,1,0
TF,XIVPA,67.514069,24.967594,0,KT,0.0,0.0,0.0,0.0,2,3800,0,0,0,0,0,0

FINAL,I34-Z,34,I,3
IF,XIVPA,67.514069,24.967594,KT,153.1,12.4,2,3800,0,0,0,0,1,0
CF,BENUG,67.609881,24.905961,0,KT,153.1,6.5,333.0,5.9,1,2500,0,0,0,0,2,0
CF,RW34,67.690142,24.853933,0,KT,153.1,1.5,333.0,5.0,1,703,0,0,0,0,3,1
CA,0,333.0,2,1200,0,0,0,0,0,0
DF,EKLIM,67.895883,24.729497,0, ,0.0,0.0,1,3800,0,0,0,0,0,1

FINAL,L16-Y,16,D,5
IF,CL16,67.890600,24.728811,HOU,334.0,12.2,2,3800,0,0,0,0,1,0
CF,FL16,67.809733,24.778633,0,HOU,334.0,7.2,154.0,5.0,2,2600,0,0,0,0,2,0
CF,47LOC,67.769292,24.803414,0,HOU,334.0,4.7,154.0,2.5,2,1810,0,0,0,0,0,0
CF,29LOC,67.740172,24.821203,0,HOU,334.0,2.9,154.0,1.8,2,1240,0,0,0,0,0,0
CF,RW16,67.711903,24.839764,0,HOU,335.5,1.1,154.0,1.8,1,683,0,0,0,0,3,0
CA,0,154.0,2,3800,0,0,0,0,0,0
VM,0,0,0,154.0,1,3800,0,0,0,0,0,0

APPTR,L16-Z,16,UNLED
IF,UNLED,67.877631,24.514547, ,0.0,0.0,2,3800,0,1,240,0,1,0
TF,EKLIM,67.895883,24.729497,0,HOU,0.0,0.0,0.0,0.0,2,3800,0,0,0,0,0,0

APPTR,L16-Z,16,XERTI
IF,XERTI,67.913853,24.944781, ,0.0,0.0,2,3800,0,1,240,0,1,0
TF,EKLIM,67.895883,24.729497,0,HOU,0.0,0.0,0.0,0.0,2,3800,0,0,0,0,0,0

FINAL,L16-Z,16,D,5
IF,EKLIM,67.895883,24.729497,HOU,334.4,12.5,2,3800,0,0,0,0,1,0
CF,MEBUV,67.809425,24.781078,0,HOU,334.4,7.2,154.0,5.3,2,2600,0,0,0,0,2,0
CF,47LOC,67.769292,24.803414,0,HOU,334.0,4.7,154.0,2.5,2,1810,0,0,0,0,0,0
CF,29LOC,67.740172,24.821203,0,HOU,334.0,2.9,154.0,1.8,2,1240,0,0,0,0,0,0
CF,KT361,67.712700,24.838322,0,HOU,334.4,1.2,154.0,1.7,1,701,0,0,0,0,3,1
CA,0,154.0,2,1800,0,0,0,0,0,0
DF,XIVPA,67.514069,24.967594,0, ,0.0,0.0,1,3800,0,0,0,0,0,1

APPTR,R16,16,UNLED
IF,UNLED,67.877631,24.514547, ,0.0,0.0,2,3800,0,1,240,0,1,0
TF,EKLIM,67.895883,24.729497,0, ,0.0,0.0,0.0,0.0,2,3800,0,0,0,0,0,0

APPTR,R16,16,XERTI
IF,XERTI,67.913853,24.944781, ,0.0,0.0,2,3800,0,1,240,0,1,0
TF,EKLIM,67.895883,24.729497,0, ,0.0,0.0,0.0,0.0,2,3800,0,0,0,0,0,0

FINAL,R16,16,R,3
IF,EKLIM,67.895883,24.729497, ,0.0,0.0,2,3800,0,0,0,0,1,0
TF,NITOG,67.808986,24.776217,0, ,0.0,0.0,155.0,5.3,2,2600,0,0,0,0,2,0
TF,RW16,67.711903,24.839764,0, ,0.0,0.0,153.0,6.0,1,683,0,0,0,0,3,1
TF,XIVPA,67.514069,24.967594,0, ,0.0,0.0,0.0,0.0,1,3800,0,0,0,0,0,1

APPTR,R34,34,ADONA
IF,ADONA,67.533708,25.178403, ,0.0,0.0,2,3800,0,1,240,0,1,0
TF,XIVPA,67.514069,24.967594,0, ,0.0,0.0,0.0,0.0,2,3800,0,0,0,0,0,0

APPTR,R34,34,ERTEB
IF,ERTEB,67.494156,24.757136, ,0.0,0.0,2,3800,0,1,240,0,1,0
TF,XIVPA,67.514069,24.967594,0, ,0.0,0.0,0.0,0.0,2,3800,0,0,0,0,0,0

FINAL,R34,34,R,3
IF,XIVPA,67.514069,24.967594, ,0.0,0.0,2,3800,0,0,0,0,1,0
TF,BENUG,67.609881,24.905961,0, ,0.0,0.0,333.0,5.9,2,2500,0,0,0,0,2,0
TF,RW34,67.690142,24.853933,0, ,0.0,0.0,333.0,5.0,1,703,0,0,0,0,3,1
TF,EKLIM,67.895883,24.729497,0, ,0.0,0.0,0.0,0.0,1,3800,0,0,0,0,0,1

