SID,ASTU4C,15,5
CA,0,145.0,2,740,0,0,0,0,0,0
DF,UKXOF,62.911864,27.885656,0, ,0.0,0.0,0,0,0,1,230,0,0,0
TF,ASTUX,62.556944,27.454167,0, ,0.0,0.0,0.0,0.0,0,0,0,0,0,0,0,0

SID,ASTU4E,33,5
CA,0,325.0,2,850,0,0,0,0,0,0
DF,BEXOT,63.092297,27.718700,0, ,0.0,0.0,0,0,0,1,220,0,0,0
TF,NEVMU,63.060000,27.550000,1, ,0.0,0.0,0.0,0.0,0,0,0,0,0,0,0,0
TF,OKLAG,62.962222,27.568333,0, ,0.0,0.0,0.0,0.0,0,0,0,0,0,0,0,0
TF,ASTUX,62.556944,27.454167,0, ,0.0,0.0,0.0,0.0,0,0,0,0,0,0,0,0

SID,ATLU4C,15,5
CA,0,145.0,2,740,0,0,0,0,0,0
DF,UKXOF,62.911864,27.885656,0, ,0.0,0.0,0,0,0,1,230,0,0,0
TF,ATLUL,62.565833,27.771389,0, ,0.0,0.0,0.0,0.0,0,0,0,0,0,0,0,0

SID,ATLU4E,33,5
CA,0,325.0,2,850,0,0,0,0,0,0
DF,BEXOT,63.092297,27.718700,0, ,0.0,0.0,0,0,0,1,220,0,0,0
TF,NEVMU,63.060000,27.550000,1, ,0.0,0.0,0.0,0.0,0,0,0,0,0,0,0,0
TF,OKLAG,62.962222,27.568333,0, ,0.0,0.0,0.0,0.0,0,0,0,0,0,0,0,0
TF,ATLUL,62.565833,27.771389,0, ,0.0,0.0,0.0,0.0,0,0,0,0,0,0,0,0

SID,ETEN4C,15,5
CA,0,145.0,2,740,0,0,0,0,0,0
DF,UKXOF,62.911864,27.885656,0, ,0.0,0.0,0,0,0,1,230,0,0,0
TF,ETENA,62.828889,28.763889,0, ,0.0,0.0,0.0,0.0,0,0,0,0,0,0,0,0

SID,ETEN4E,33,5
CA,0,325.0,2,850,0,0,0,0,0,0
DF,BEXOT,63.092297,27.718700,0, ,0.0,0.0,0,0,0,1,220,0,0,0
TF,ESUDU,63.124444,27.887778,0, ,0.0,0.0,0.0,0.0,0,0,0,0,0,0,0,0
TF,EBIXO,62.912500,28.243056,0, ,0.0,0.0,0.0,0.0,0,0,0,0,0,0,0,0
TF,ETENA,62.828889,28.763889,0, ,0.0,0.0,0.0,0.0,0,0,0,0,0,0,0,0

SID,NISP4C,15,5
CA,0,145.0,2,740,0,0,0,0,0,0
DF,UKXOF,62.911864,27.885656,0, ,0.0,0.0,0,0,0,1,230,0,0,0
TF,NISPO,62.715000,27.123889,0, ,0.0,0.0,0.0,0.0,0,0,0,0,0,0,0,0

SID,NISP4E,33,5
CA,0,325.0,2,850,0,0,0,0,0,0
DF,BEXOT,63.092297,27.718700,0, ,0.0,0.0,0,0,0,1,220,0,0,0
TF,NEVMU,63.060000,27.550000,1, ,0.0,0.0,0.0,0.0,0,0,0,0,0,0,0,0
TF,XINLI,62.791667,27.321667,0, ,0.0,0.0,0.0,0.0,0,0,0,0,0,0,0,0
TF,NISPO,62.715000,27.123889,0, ,0.0,0.0,0.0,0.0,0,0,0,0,0,0,0,0

SID,UGLU4C,15,5
CA,0,145.0,2,740,0,0,0,0,0,0
DF,UKXOF,62.911864,27.885656,0, ,0.0,0.0,0,0,0,1,230,0,0,0
TF,BAPLO,62.948889,28.049444,1, ,0.0,0.0,0.0,0.0,0,0,0,0,0,0,0,0
TF,UNAGU,63.038611,27.966944,0, ,0.0,0.0,0.0,0.0,0,0,0,0,0,0,0,0
TF,NIMGA,63.203447,27.814475,0, ,0.0,0.0,0.0,0.0,0,0,0,0,0,0,0,0
TF,UGLUM,63.415278,27.640833,0, ,0.0,0.0,0.0,0.0,0,0,0,0,0,0,0,0

SID,UGLU4E,33,5
CA,0,325.0,2,850,0,0,0,0,0,0
DF,BEXOT,63.092297,27.718700,0, ,0.0,0.0,0,0,0,1,220,0,0,0
TF,UGLUM,63.415278,27.640833,0, ,0.0,0.0,0.0,0.0,0,0,0,0,0,0,0,0

STAR,ATLU3D,33,5
IF,ATLUL,62.565833,27.771389, ,0.0,0.0,2,10000,0,0,0,0,0,0
TF,GILUV,62.841692,27.949986,0, ,0.0,0.0,0.0,0.0,2,2700,0,0,0,0,0,0

STAR,ATLU5F,15,5
IF,ATLUL,62.565833,27.771389, ,0.0,0.0,2,10000,0,0,0,0,0,0
TF,OKLAG,62.962222,27.568333,0, ,0.0,0.0,0.0,0.0,0,0,0,0,0,0,0,0
TF,UMPIL,63.138650,27.475950,0, ,0.0,0.0,0.0,0.0,2,2700,0,1,240,0,0,0
TF,BADMA,63.171150,27.645022,0, ,0.0,0.0,0.0,0.0,2,2700,0,0,0,0,0,0

STAR,ETEN3D,33,5
IF,ETENA,62.828889,28.763889, ,0.0,0.0,2,10000,0,0,0,0,0,0
TF,GILUV,62.841692,27.949986,0, ,0.0,0.0,0.0,0.0,2,2700,0,0,0,0,0,0

STAR,ETEN5F,15,5
IF,ETENA,62.828889,28.763889, ,0.0,0.0,2,10000,0,0,0,0,0,0
TF,EBIXO,62.912500,28.243056,0, ,0.0,0.0,0.0,0.0,0,0,0,0,0,0,0,0
TF,NIMGA,63.203447,27.814475,0, ,0.0,0.0,0.0,0.0,2,2700,0,1,240,0,0,0
TF,BADMA,63.171150,27.645022,0, ,0.0,0.0,0.0,0.0,2,2700,0,0,0,0,0,0

STAR,NISP3D,33,5
IF,NISPO,62.715000,27.123889, ,0.0,0.0,2,10000,0,0,0,0,0,0
TF,ATGOS,62.809556,27.782469,0, ,0.0,0.0,0.0,0.0,2,2700,0,1,240,0,0,0
TF,GILUV,62.841692,27.949986,0, ,0.0,0.0,0.0,0.0,2,2700,0,0,0,0,0,0

STAR,NISP4F,15,5
IF,NISPO,62.715000,27.123889, ,0.0,0.0,2,10000,0,0,0,0,0,0
TF,XINLI,62.791667,27.321667,0, ,0.0,0.0,0.0,0.0,0,0,0,0,0,0,0,0
TF,UMPIL,63.138650,27.475950,0, ,0.0,0.0,0.0,0.0,2,2700,0,1,240,0,0,0
TF,BADMA,63.171150,27.645022,0, ,0.0,0.0,0.0,0.0,2,2700,0,0,0,0,0,0

STAR,UGLU3D,33,5
IF,UGLUM,63.415278,27.640833, ,0.0,0.0,2,10000,0,0,0,0,0,0
TF,UNAGU,63.038611,27.966944,0, ,0.0,0.0,0.0,0.0,0,0,0,0,0,0,0,0
TF,TUPNO,62.873628,28.117869,0, ,0.0,0.0,0.0,0.0,2,2700,0,1,240,0,0,0
TF,GILUV,62.841692,27.949986,0, ,0.0,0.0,0.0,0.0,2,2700,0,0,0,0,0,0

STAR,UGLU3F,15,5
IF,UGLUM,63.415278,27.640833, ,0.0,0.0,2,10000,0,0,0,0,0,0
TF,BADMA,63.171150,27.645022,0, ,0.0,0.0,0.0,0.0,2,2700,0,0,0,0,0,0

APPTR,D15,15,NISPO
IF,NISPO,62.715000,27.123889, ,0.0,0.0,2,10000,0,0,0,0,1,0
CF,D218O,62.819894,27.394694,0,VEH,217.3,15.0,38.0,9.8,2,2500,0,0,0,0,0,0
CI,0, ,0.0,38.0,0,0,0,0,0,0,0,0
AF,CD15,63.183772,27.657247,2,VEH,327.9,13.0,218.0,2,2500,0,0,0,0,1,0

APPTR,D15,15,ROVSU
HF,ROVSU,63.105278,27.717778,1, ,0.0,0.0,148.0,05,2,2500,0,0,0,0,1,0,0

APPTR,D15,15,UGLUM
IF,UGLUM,63.415278,27.640833, ,0.0,0.0,2,10000,0,0,0,0,1,0
CF,D337S,63.290522,27.690933,0,VEH,336.9,19.0,157.0,7.6,2,2500,0,0,0,0,0,0
CF,CD15,63.183772,27.657247,0,VEH,327.9,13.0,180.0,6.5,2,2500,0,0,0,0,1,0

FINAL,D15,15,D,5
IF,CD15,63.183772,27.657247,VEH,327.9,13.0,2,2500,0,0,0,0,0,0
CF,ROVSU,63.105278,27.717778,0,VEH,327.9,8.0,148.0,5.0,2,2140,0,0,0,0,2,0
CF,60VOR,63.073944,27.741839,0,VEH,327.9,6.0,148.0,2.0,2,1500,0,0,0,0,0,0
CF,41VOR,63.044128,27.764692,0,VEH,327.9,4.1,148.0,1.9,2,900,0,0,0,0,0,0
CF,RW15,63.018081,27.787644,0,VEH,329.7,2.4,148.0,1.7,1,357,0,0,0,0,3,0
CF,VEH,62.979769,27.813844,0,VEH,0.0,0.0,148.0,2.4,0,0,0,0,0,0,0,0
CF,RIMBI,62.858889,27.935000,0,VEH,142.4,8.0,143.0,8.0,1,2500,0,0,0,0,0,1

APPTR,I33-X,33,ATLUL
IF,ATLUL,62.565833,27.771389, ,0.0,0.0,2,10000,0,0,0,0,1,0
CF,D170R,62.681008,27.783081,0,VEH,169.7,18.0,350.0,6.9,2,2500,0,0,0,0,0,0
FC,D170R,62.681008,27.783081,0,VEH,0.0,0.0,35.0,4.6,0,0,0,0,0,0,0,0
CF,CF33X,62.782019,28.004417,0,KU,144.2,16.4,35.0,4.0,2,2500,0,0,0,0,1,0

APPTR,I33-X,33,ETENA
IF,ETENA,62.828889,28.763889, ,0.0,0.0,2,10000,0,0,0,0,1,0
CF,D096O,62.898606,28.331114,0,VEH,95.8,15.0,276.0,12.6,2,2500,0,0,0,0,0,0
CI,0, ,0.0,276.0,0,0,0,0,0,0,0,0
AF,D133M,62.800442,28.077733,2,VEH,133.0,13.0,96.0,2,2500,0,0,0,0,0,0
CI,0,KU,0.0,295.0,0,0,0,0,0,0,0,0

APPTR,I33-X,33,NISPO
IF,NISPO,62.715000,27.123889, ,0.0,0.0,2,10000,0,0,0,0,1,0
CF,D218O,62.819894,27.394694,0,VEH,217.3,15.0,38.0,9.8,2,2500,0,0,0,0,0,0
CI,0, ,0.0,38.0,0,0,0,0,0,0,0,0
AF,D154M,62.769256,27.919889,1,VEH,154.0,13.0,218.0,2,2500,0,0,0,0,0,0
CI,0,KU,0.0,355.0,0,0,0,0,0,0,0,0

FINAL,I33-X,33,I,3
IF,CF33X,62.782019,28.004417,KU,144.2,16.4,2,2500,0,0,0,0,0,0
CF,FF33X,62.912175,27.885364,0,KU,144.2,7.9,325.0,8.5,1,2100,0,0,0,0,2,0
CF,RW33,62.994928,27.809075,0,KU,144.2,2.5,325.0,5.4,1,374,0,0,0,0,3,0
FA,RW33,62.994928,27.809075,0,VEH,0.0,0.0,325.0,2,730,0,0,0,0,0,0
CF,ROVSU,63.105278,27.717778,0,VEH,327.9,8.0,328.0,7.0,1,2500,0,0,0,0,0,0

FINAL,I33-Y,33,I,3
IF,GILUV,62.841692,27.949986,KU,144.2,12.5,2,2700,0,0,0,0,1,0
CF,UKXOF,62.911864,27.885656,0,KU,144.2,7.9,325.0,4.6,1,2100,0,0,0,0,2,0
CF,RW33,62.994928,27.809075,0,KU,144.2,2.5,325.0,5.4,1,374,0,0,0,0,3,0
CA,0,325.0,2,2700,0,0,0,0,0,0
VM,0,0,0,325.0,1,2700,0,0,0,0,0,0

APPTR,I33-Z,33,ATGOS
IF,ATGOS,62.809556,27.782469, ,0.0,0.0,2,2700,0,1,240,0,1,0
TF,GILUV,62.841692,27.949986,0,KU,0.0,0.0,0.0,0.0,2,2700,0,0,0,0,0,0

APPTR,I33-Z,33,TUPNO
IF,TUPNO,62.873628,28.117869, ,0.0,0.0,2,2700,0,1,240,0,1,0
TF,GILUV,62.841692,27.949986,0,KU,0.0,0.0,0.0,0.0,2,2700,0,0,0,0,0,0

FINAL,I33-Z,33,I,3
IF,GILUV,62.841692,27.949986,KU,144.2,12.5,2,2700,0,0,0,0,1,0
CF,UKXOF,62.911864,27.885656,0,KU,144.2,7.9,325.0,4.6,1,2100,0,0,0,0,2,0
CF,RW33,62.994928,27.809075,0,KU,144.2,2.5,325.0,5.4,1,374,0,0,0,0,3,1
CA,0,325.0,2,800,0,0,0,0,0,0
DF,BADMA,63.171150,27.645022,0, ,0.0,0.0,1,2700,0,0,0,0,0,1

APPTR,R15,15,NIMGA
IF,NIMGA,63.203447,27.814475, ,0.0,0.0,2,2700,0,1,240,0,1,0
TF,BADMA,63.171150,27.645022,0, ,0.0,0.0,0.0,0.0,2,2700,0,0,0,0,0,0

APPTR,R15,15,UMPIL
IF,UMPIL,63.138650,27.475950, ,0.0,0.0,2,2700,0,1,240,0,1,0
TF,BADMA,63.171150,27.645022,0, ,0.0,0.0,0.0,0.0,2,2700,0,0,0,0,0,0

FINAL,R15,15,R,3
IF,BADMA,63.171150,27.645022, ,0.0,0.0,2,2700,0,0,0,0,1,0
TF,BEXOT,63.092297,27.718700,0, ,0.0,0.0,145.0,5.2,2,1900,0,0,0,0,2,0
TF,RW15,63.018081,27.787644,0, ,0.0,0.0,145.0,4.8,1,357,0,0,0,0,3,1
TF,GILUV,62.841692,27.949986,0, ,0.0,0.0,0.0,0.0,1,2700,0,0,0,0,0,0

APPTR,R33,33,ATGOS
IF,ATGOS,62.809556,27.782469, ,0.0,0.0,2,2700,0,1,240,0,1,0
TF,GILUV,62.841692,27.949986,0, ,0.0,0.0,0.0,0.0,2,2700,0,0,0,0,0,0

APPTR,R33,33,TUPNO
IF,TUPNO,62.873628,28.117869, ,0.0,0.0,2,2700,0,1,240,0,1,0
TF,GILUV,62.841692,27.949986,0, ,0.0,0.0,0.0,0.0,2,2700,0,0,0,0,0,0

FINAL,R33,33,R,3
IF,GILUV,62.841692,27.949986, ,0.0,0.0,2,2700,0,0,0,0,1,0
TF,UKXOF,62.911864,27.885656,0, ,0.0,0.0,325.0,4.6,2,2100,0,0,0,0,2,0
TF,RW33,62.994928,27.809075,0, ,0.0,0.0,325.0,5.4,1,374,0,0,0,0,3,1
TF,BADMA,63.171150,27.645022,0, ,0.0,0.0,0.0,0.0,1,2700,0,0,0,0,0,0

