SID,ADSE2C,24,5
CA,0,235.0,2,750,0,0,0,0,0,0
DF,ADSEB,60.902778,28.266389,1, ,0.0,0.0,0,0,0,0,0,0,0,0

SID,ADSE2D,06,5
CA,0,55.0,2,970,0,0,0,0,0,0
DF,LP362,61.075158,28.291756,0, ,0.0,0.0,0,0,0,1,200,0,0,0
TF,LP364,61.014078,28.345889,0, ,0.0,0.0,0.0,0.0,0,0,0,1,210,0,0,0
TF,ADSEB,60.902778,28.266389,0, ,0.0,0.0,0.0,0.0,0,0,0,0,0,0,0,0

SID,ARLO2C,24,5
CA,0,235.0,2,750,0,0,0,0,0,0
DF,ARLOM,60.790278,27.731389,0, ,0.0,0.0,0,0,0,0,0,0,0,0

SID,ARLO2D,06,5
CA,0,55.0,2,970,0,0,0,0,0,0
DF,LP362,61.075158,28.291756,0, ,0.0,0.0,0,0,0,1,200,0,0,0
TF,LP364,61.014078,28.345889,0, ,0.0,0.0,0.0,0.0,0,0,0,1,210,0,0,0
TF,ARLOM,60.790278,27.731389,0, ,0.0,0.0,0.0,0.0,0,0,0,0,0,0,0,0

SID,ERKO2C,24,5
CA,0,235.0,2,750,0,0,0,0,0,0
DF,TUMUG,61.011214,27.985072,0, ,0.0,0.0,0,0,0,1,210,0,0,0
TF,ERKOM,61.226389,27.714722,0, ,0.0,0.0,0.0,0.0,0,0,0,0,0,0,0,0

SID,ERKO2D,06,5
CA,0,55.0,2,970,0,0,0,0,0,0
DF,LP362,61.075158,28.291756,0, ,0.0,0.0,0,0,0,1,200,0,0,0
TF,LP363,61.136214,28.237411,0, ,0.0,0.0,0.0,0.0,0,0,0,1,210,0,0,0
TF,LP365,61.139103,27.824914,0, ,0.0,0.0,0.0,0.0,0,0,0,0,0,0,0,0
TF,ERKOM,61.226389,27.714722,0, ,0.0,0.0,0.0,0.0,0,0,0,0,0,0,0,0

SID,OMNI,06,1
CA,0,55.0,2,970,0,0,0,0,0,0
VM,0,0,0,55.0,0,0,0,0,0,0,0,0

SID,OMNI,24,1
CA,0,235.0,2,750,0,0,0,0,0,0
VM,0,0,0,235.0,0,0,0,0,0,0,0,0

SID,SIGE2C,24,5
CA,0,235.0,2,750,0,0,0,0,0,0
DF,TUMUG,61.011214,27.985072,0, ,0.0,0.0,0,0,0,1,210,0,0,0
TF,BOXWO,61.088056,27.919167,0, ,0.0,0.0,0.0,0.0,0,0,0,1,220,0,0,0
TF,WEZWA,61.121111,28.076667,0, ,0.0,0.0,0.0,0.0,0,0,0,0,0,0,0,0
TF,VOZZE,61.170000,28.313889,0, ,0.0,0.0,0.0,0.0,0,0,0,0,0,0,0,0
TF,SIGGE,61.372500,28.424722,0, ,0.0,0.0,0.0,0.0,0,0,0,0,0,0,0,0

SID,SIGE2D,06,5
CA,0,55.0,2,970,0,0,0,0,0,0
DF,LP362,61.075158,28.291756,0, ,0.0,0.0,0,0,0,1,200,0,0,0
TF,SIGGE,61.372500,28.424722,0, ,0.0,0.0,0.0,0.0,0,0,0,0,0,0,0,0

STAR,ADSE3A,06,5
IF,ADSEB,60.902778,28.266389, ,0.0,0.0,2,10000,0,0,0,0,0,0
TF,SOVOT,60.902308,27.898125,0, ,0.0,0.0,0.0,0.0,2,2100,0,1,240,0,0,0
TF,NAPSO,60.978514,27.829992,0, ,0.0,0.0,0.0,0.0,2,2100,0,0,0,0,0,0

STAR,ADSE4B,24,5
IF,ADSEB,60.902778,28.266389, ,0.0,0.0,2,10000,0,0,0,0,0,0
TF,RUVUB,61.049742,28.519017,0, ,0.0,0.0,0.0,0.0,2,2100,0,1,200,0,0,0
TF,KOSUP,61.110958,28.465481,0, ,0.0,0.0,0.0,0.0,2,2100,0,0,0,0,0,0

STAR,ARLO3A,06,5
IF,ARLOM,60.790278,27.731389, ,0.0,0.0,2,10000,0,0,0,0,0,0
TF,SOVOT,60.902308,27.898125,0, ,0.0,0.0,0.0,0.0,2,2100,0,1,240,0,0,0
TF,NAPSO,60.978514,27.829992,0, ,0.0,0.0,0.0,0.0,2,2100,0,0,0,0,0,0

STAR,ARLO4B,24,5
IF,ARLOM,60.790278,27.731389, ,0.0,0.0,2,10000,0,0,0,0,0,0
TF,BABIV,60.973261,28.236278,0, ,0.0,0.0,0.0,0.0,2,2100,0,0,0,0,0,0
TF,RUVUB,61.049742,28.519017,0, ,0.0,0.0,0.0,0.0,2,2100,0,1,200,0,0,0
TF,KOSUP,61.110958,28.465481,0, ,0.0,0.0,0.0,0.0,2,2100,0,0,0,0,0,0

STAR,ERKO3A,06,5
IF,ERKOM,61.226389,27.714722, ,0.0,0.0,2,10000,0,0,0,0,0,0
TF,XALUK,61.054683,27.761533,0, ,0.0,0.0,0.0,0.0,2,2100,0,1,240,0,0,0
TF,NAPSO,60.978514,27.829992,0, ,0.0,0.0,0.0,0.0,2,2100,0,0,0,0,0,0

STAR,ERKO4B,24,5
IF,ERKOM,61.226389,27.714722, ,0.0,0.0,2,10000,0,0,0,0,0,0
TF,BOXWO,61.088056,27.919167,0, ,0.0,0.0,0.0,0.0,0,0,0,1,240,0,0,0
TF,WEZWA,61.121111,28.076667,0, ,0.0,0.0,0.0,0.0,0,0,0,0,0,0,0,0
TF,PESIN,61.187447,28.398267,0, ,0.0,0.0,0.0,0.0,2,2100,0,1,240,0,0,0
TF,KOSUP,61.110958,28.465481,0, ,0.0,0.0,0.0,0.0,2,2100,0,0,0,0,0,0

STAR,SIGE2A,06,5
IF,SIGGE,61.372500,28.424722, ,0.0,0.0,2,10000,0,0,0,0,0,0
TF,VOZZE,61.170000,28.313889,0, ,0.0,0.0,0.0,0.0,0,0,0,0,0,0,0,0
TF,WEZWA,61.121111,28.076667,0, ,0.0,0.0,0.0,0.0,0,0,0,0,0,0,0,0
TF,XALUK,61.054683,27.761533,0, ,0.0,0.0,0.0,0.0,2,2100,0,1,240,0,0,0
TF,NAPSO,60.978514,27.829992,0, ,0.0,0.0,0.0,0.0,2,2100,0,0,0,0,0,0

STAR,SIGE2B,24,5
IF,SIGGE,61.372500,28.424722, ,0.0,0.0,2,10000,0,0,0,0,0,0
TF,PESIN,61.187447,28.398267,0, ,0.0,0.0,0.0,0.0,2,2100,0,1,240,0,0,0
TF,KOSUP,61.110958,28.465481,0, ,0.0,0.0,0.0,0.0,2,2100,0,0,0,0,0,0

APPTR,I06,06,SOVOT
IF,SOVOT,60.902308,27.898125, ,0.0,0.0,2,2100,0,1,240,0,1,0
TF,NAPSO,60.978514,27.829992,0,LP,0.0,0.0,0.0,0.0,2,2100,0,0,0,0,0,0

APPTR,I06,06,XALUK
IF,XALUK,61.054683,27.761533, ,0.0,0.0,2,2100,0,1,240,0,1,0
TF,NAPSO,60.978514,27.829992,0,LP,0.0,0.0,0.0,0.0,2,2100,0,0,0,0,0,0

FINAL,I06,06,I,3
IF,NAPSO,60.978514,27.829992,LP,234.8,10.8,2,2100,0,0,0,0,1,0
CF,TUMUG,61.011214,27.985072,0,LP,234.8,5.9,55.0,4.9,1,1800,0,0,0,0,2,0
CF,RW06,61.040119,28.123144,0,LP,234.8,1.5,55.0,4.4,1,402,0,0,0,0,3,0
CA,0,55.0,2,800,0,0,0,0,0,0
DF,KOSUP,61.110958,28.465481,0, ,0.0,0.0,1,2100,0,0,0,0,0,0

APPTR,R06,06,SOVOT
IF,SOVOT,60.902308,27.898125, ,0.0,0.0,2,2100,0,1,240,0,1,0
TF,NAPSO,60.978514,27.829992,0, ,0.0,0.0,0.0,0.0,2,2100,0,0,0,0,0,0

APPTR,R06,06,XALUK
IF,XALUK,61.054683,27.761533, ,0.0,0.0,2,2100,0,1,240,0,1,0
TF,NAPSO,60.978514,27.829992,0, ,0.0,0.0,0.0,0.0,2,2100,0,0,0,0,0,0

FINAL,R06,06,R,3
IF,NAPSO,60.978514,27.829992, ,0.0,0.0,2,2100,0,0,0,0,1,0
TF,TUMUG,61.011214,27.985072,0, ,0.0,0.0,55.0,4.9,2,1800,0,0,0,0,2,0
TF,RW06,61.040119,28.123144,0, ,0.0,0.0,55.0,4.4,1,402,0,0,0,0,3,1
TF,KOSUP,61.110958,28.465481,0, ,0.0,0.0,0.0,0.0,1,2100,0,0,0,0,0,0

APPTR,R24,24,PESIN
IF,PESIN,61.187447,28.398267, ,0.0,0.0,2,2100,0,1,240,0,1,0
TF,KOSUP,61.110958,28.465481,0, ,0.0,0.0,0.0,0.0,2,2100,0,0,0,0,0,0

APPTR,R24,24,RUVUB
IF,RUVUB,61.049742,28.519017, ,0.0,0.0,2,2100,0,1,200,0,1,0
TF,KOSUP,61.110958,28.465481,0, ,0.0,0.0,0.0,0.0,2,2100,0,0,0,0,0,0

FINAL,R24,24,R,3
IF,KOSUP,61.110958,28.465481, ,0.0,0.0,2,2100,0,0,0,0,1,0
TF,ELRAV,61.078933,28.310011,0, ,0.0,0.0,235.0,4.9,2,2100,0,0,0,0,2,0
TF,RW24,61.048981,28.165656,0, ,0.0,0.0,235.0,4.6,1,399,0,0,0,0,3,1
TF,NAPSO,60.978514,27.829992,0, ,0.0,0.0,0.0,0.0,1,2100,0,0,0,0,0,0

