SID,EBEB2C,03,5
CA,0,15.0,2,580,0,0,0,0,0,0
DF,ADTUC,60.201736,19.967233,0, ,0.0,0.0,0,0,0,1,180,0,0,0
TF,URZUP,60.168681,20.120350,0, ,0.0,0.0,0.0,0.0,0,0,0,0,0,0,0,0
TF,EBEBU,60.095000,20.454444,0, ,0.0,0.0,0.0,0.0,0,0,0,0,0,0,0,0

SID,EBEB2D,21,5
CA,0,195.0,2,410,0,0,0,0,0,0
DF,KOXFU,60.053317,19.838619,0, ,0.0,0.0,0,0,0,1,180,0,0,0
TF,ORHUH,60.020244,19.991036,0, ,0.0,0.0,0.0,0.0,0,0,0,1,210,0,0,0
TF,EBEBU,60.095000,20.454444,0, ,0.0,0.0,0.0,0.0,0,0,0,0,0,0,0,0

SID,OGLO2C,03,5
CA,0,15.0,2,580,0,0,0,0,0,0
DF,ADTUC,60.201736,19.967233,0, ,0.0,0.0,0,0,0,1,180,0,0,0
TF,FUSCE,60.234617,19.813808,0, ,0.0,0.0,0.0,0.0,0,0,0,1,210,0,0,0
TF,OGLOB,59.933056,19.462222,0, ,0.0,0.0,0.0,0.0,0,0,0,0,0,0,0,0

SID,OGLO2D,21,5
CA,0,195.0,2,410,0,0,0,0,0,0
DF,KOXFU,60.053317,19.838619,0, ,0.0,0.0,0,0,0,1,180,0,0,0
TF,NARIL,59.976978,19.772961,0, ,0.0,0.0,0.0,0.0,0,0,0,0,0,0,0,0
TF,OGLOB,59.933056,19.462222,0, ,0.0,0.0,0.0,0.0,0,0,0,0,0,0,0,0

SID,SOTU2C,03,5
CA,0,15.0,2,580,0,0,0,0,0,0
DF,ADTUC,60.201736,19.967233,0, ,0.0,0.0,0,0,0,1,180,0,0,0
TF,SOTUP,60.288889,20.623889,0, ,0.0,0.0,0.0,0.0,0,0,0,0,0,0,0,0

SID,SOTU2D,21,5
CA,0,195.0,2,410,0,0,0,0,0,0
DF,KOXFU,60.053317,19.838619,0, ,0.0,0.0,0,0,0,1,180,0,0,0
TF,ORHUH,60.020244,19.991036,0, ,0.0,0.0,0.0,0.0,0,0,0,1,210,0,0,0
TF,SOTUP,60.288889,20.623889,0, ,0.0,0.0,0.0,0.0,0,0,0,0,0,0,0,0

STAR,DODA4A,21,5
IF,DODAM,60.044444,19.301667, ,0.0,0.0,2,10000,0,0,0,0,0,0
TF,KUSUP,60.315597,19.884142,0, ,0.0,0.0,0.0,0.0,2,2000,0,1,240,0,0,0
TF,BEGOV,60.282550,20.037797,0, ,0.0,0.0,0.0,0.0,2,2000,0,0,0,0,0,0

STAR,DODA4B,03,5
IF,DODAM,60.044444,19.301667, ,0.0,0.0,2,10000,0,0,0,0,0,0
TF,RATSO,60.009722,19.620464,0, ,0.0,0.0,0.0,0.0,2,2000,0,1,240,0,0,0
TF,NARIL,59.976978,19.772961,0, ,0.0,0.0,0.0,0.0,2,2000,0,0,0,0,0,0

STAR,EBEB3A,21,5
IF,EBEBU,60.095000,20.454444, ,0.0,0.0,2,10000,0,0,0,0,0,0
TF,XERDA,60.249325,20.191142,0, ,0.0,0.0,0.0,0.0,2,2000,0,1,240,0,0,0
TF,BEGOV,60.282550,20.037797,0, ,0.0,0.0,0.0,0.0,2,2000,0,0,0,0,0,0

STAR,EBEB3B,03,5
IF,EBEBU,60.095000,20.454444, ,0.0,0.0,2,10000,0,0,0,0,0,0
TF,VASET,59.944058,19.925158,0, ,0.0,0.0,0.0,0.0,2,2000,0,1,240,0,0,0
TF,NARIL,59.976978,19.772961,0, ,0.0,0.0,0.0,0.0,2,2000,0,0,0,0,0,0

STAR,RIKU4A,21,5
IF,RIKUM,59.970833,19.408056, ,0.0,0.0,2,10000,0,0,0,0,0,0
TF,KUSUP,60.315597,19.884142,0, ,0.0,0.0,0.0,0.0,2,2000,0,1,240,0,0,0
TF,BEGOV,60.282550,20.037797,0, ,0.0,0.0,0.0,0.0,2,2000,0,0,0,0,0,0

STAR,RIKU4B,03,5
IF,RIKUM,59.970833,19.408056, ,0.0,0.0,2,10000,0,0,0,0,0,0
TF,NARIL,59.976978,19.772961,0, ,0.0,0.0,0.0,0.0,2,2000,0,0,0,0,0,0

STAR,SOTU3A,21,5
IF,SOTUP,60.288889,20.623889, ,0.0,0.0,2,10000,0,0,0,0,0,0
TF,BEGOV,60.282550,20.037797,0, ,0.0,0.0,0.0,0.0,2,2000,0,0,0,0,0,0

STAR,SOTU3B,03,5
IF,SOTUP,60.288889,20.623889, ,0.0,0.0,2,10000,0,0,0,0,0,0
TF,VASET,59.944058,19.925158,0, ,0.0,0.0,0.0,0.0,2,2000,0,1,240,0,0,0
TF,NARIL,59.976978,19.772961,0, ,0.0,0.0,0.0,0.0,2,2000,0,0,0,0,0,0

APPTR,D03,03,EBEBU
IF,EBEBU,60.095000,20.454444, ,0.0,0.0,0,0,0,0,0,0,1,0
CF,D091M,60.102772,20.340672,0,MAR,91.0,13.0,271.0,3.5,2,2000,0,0,0,0,0,0
CI,0, ,0.0,271.0,0,0,0,0,0,0,0,0
AF,D195K,59.973858,19.766047,2,MAR,195.0,11.0,91.0,2,2000,0,0,0,0,1,0
CF,MAMAX,60.049722,19.833611,0,MAR,194.9,6.0,15.0,5.0,2,1640,0,0,0,0,0,0

APPTR,D03,03,MAMAX
HF,MAMAX,60.049722,19.833611,2, ,0.0,0.0,15.0,04.3,2,2000,0,0,0,0,1,0,0

APPTR,D03,03,RIKUM
IF,RIKUM,59.970833,19.408056, ,0.0,0.0,0,0,0,0,0,0,1,0
CF,D228O,60.004522,19.496831,0,MAR,228.0,15.0,48.0,3.4,2,2000,0,0,0,0,0,0
TF,D195K,59.973858,19.766047,0, ,0.0,0.0,0.0,0.0,2,2000,0,0,0,0,1,0
CF,MAMAX,60.049722,19.833611,0,MAR,194.9,6.0,15.0,5.0,2,1640,0,0,0,0,0,0

FINAL,D03,03,D,2
IF,MAMAX,60.049722,19.833611,MAR,194.9,6.0,2,1640,0,0,0,0,2,0
CF,RW03,60.114364,19.891367,0,MAR,194.4,1.7,15.0,4.3,1,55,0,0,0,0,3,0
CF,MAR,60.140986,19.914428,0,MAR,0.0,0.0,15.0,1.7,2,420,0,0,0,0,0,0
CF,PEXUT,60.216944,19.981944,0,MAR,14.9,5.0,15.0,5.0,1,2000,0,0,0,0,0,1

APPTR,I21-X,21,EBEBU
IF,EBEBU,60.095000,20.454444, ,0.0,0.0,0,0,0,0,0,0,1,0
CF,D091L,60.107650,20.308589,0,MAR,90.5,12.0,271.0,4.5,2,2000,0,0,0,0,0,0
CI,0, ,0.0,271.0,0,0,0,0,0,0,0,0
AF,D028J,60.273586,20.115836,1,MAR,28.0,10.0,91.0,2,2000,0,0,0,0,0,0
VI,0,SD,0.0,225.0,2,2000,0,0,0,0,0,0

APPTR,I21-X,21,SOTUP
IF,SOTUP,60.288889,20.623889, ,0.0,0.0,0,0,0,0,0,0,1,0
CF,D058L,60.218542,20.283378,0,MAR,58.0,12.0,238.0,11.0,2,2000,0,0,0,0,0,0
CI,0, ,0.0,238.0,0,0,0,0,0,0,0,0
AF,D028J,60.273586,20.115836,1,MAR,28.0,10.0,58.0,2,2000,0,0,0,0,0,0
VI,0,SD,0.0,225.0,2,2000,0,0,0,0,0,0

FINAL,I21-X,21,I,3
IF,CI21X,60.293531,20.047431,SD,14.4,11.9,2,2000,0,0,0,0,0,0
CF,FI21X,60.209828,19.974286,0,SD,14.4,6.4,195.0,5.5,1,2000,0,0,0,0,2,0
CF,RW21,60.130042,19.904947,0,SD,14.4,1.1,195.0,5.2,1,72,0,0,0,0,3,0
CF,MAMAX,60.049722,19.833611,0,MAR,194.9,6.0,195.0,5.3,1,2000,0,0,0,0,0,0

FINAL,I21-Y,21,I,3
IF,BEGOV,60.282550,20.037797,SD,14.4,11.1,2,2000,0,0,0,0,1,0
CF,UXMAQ,60.209183,19.973719,0,SD,14.4,6.3,195.0,4.8,1,2000,0,0,0,0,2,0
CF,RW21,60.130042,19.904947,0,SD,14.4,1.1,195.0,5.2,1,72,0,0,0,0,3,0
CA,0,195.0,2,2000,0,0,0,0,0,0
VM,0,0,0,195.0,0,0,0,0,0,0,0,0

APPTR,I21-Z,21,KUSUP
IF,KUSUP,60.315597,19.884142, ,0.0,0.0,2,2000,0,1,240,0,1,0
TF,BEGOV,60.282550,20.037797,0,SD,0.0,0.0,0.0,0.0,2,2000,0,0,0,0,0,0

APPTR,I21-Z,21,XERDA
IF,XERDA,60.249325,20.191142, ,0.0,0.0,2,2000,0,1,240,0,1,0
TF,BEGOV,60.282550,20.037797,0,SD,0.0,0.0,0.0,0.0,2,2000,0,0,0,0,0,0

FINAL,I21-Z,21,I,3
IF,BEGOV,60.282550,20.037797,SD,14.4,11.1,2,2000,0,0,0,0,1,0
CF,UXMAQ,60.209183,19.973719,0,SD,14.4,6.3,195.0,4.8,1,2000,0,0,0,0,2,0
CF,RW21,60.130042,19.904947,0,SD,14.4,1.1,195.0,5.2,1,72,0,0,0,0,3,1
CA,0,195.0,2,500,0,0,0,0,0,0
DF,NARIL,59.976978,19.772961,0, ,0.0,0.0,1,2000,0,0,0,0,0,0

APPTR,R03,03,RATSO
IF,RATSO,60.009722,19.620464, ,0.0,0.0,2,2000,0,1,240,0,1,0
TF,NARIL,59.976978,19.772961,0, ,0.0,0.0,0.0,0.0,2,2000,0,0,0,0,0,0

APPTR,R03,03,VASET
IF,VASET,59.944058,19.925158, ,0.0,0.0,2,2000,0,1,240,0,1,0
TF,NARIL,59.976978,19.772961,0, ,0.0,0.0,0.0,0.0,2,2000,0,0,0,0,0,0

FINAL,R03,03,R,3
IF,NARIL,59.976978,19.772961, ,0.0,0.0,2,2000,0,0,0,0,1,0
TF,NOLVU,60.046789,19.832992,0, ,0.0,0.0,15.0,4.6,2,1700,0,0,0,0,2,0
TF,RW03,60.114364,19.891367,0, ,0.0,0.0,15.0,4.4,1,55,0,0,0,0,3,1
TF,BEGOV,60.282550,20.037797,0, ,0.0,0.0,0.0,0.0,1,2000,0,0,0,0,0,1

APPTR,R21,21,KUSUP
IF,KUSUP,60.315597,19.884142, ,0.0,0.0,2,2000,0,1,240,0,1,0
TF,BEGOV,60.282550,20.037797,0, ,0.0,0.0,0.0,0.0,2,2000,0,0,0,0,0,0

APPTR,R21,21,XERDA
IF,XERDA,60.249325,20.191142, ,0.0,0.0,2,2000,0,1,240,0,1,0
TF,BEGOV,60.282550,20.037797,0, ,0.0,0.0,0.0,0.0,2,2000,0,0,0,0,0,0

FINAL,R21,21,R,3
IF,BEGOV,60.282550,20.037797, ,0.0,0.0,2,2000,0,0,0,0,1,0
TF,UXMAQ,60.209183,19.973719,0, ,0.0,0.0,195.0,4.8,2,2000,0,0,0,0,2,0
TF,RW21,60.130042,19.904947,0, ,0.0,0.0,195.0,5.2,1,72,0,0,0,0,3,1
TF,NARIL,59.976978,19.772961,0, ,0.0,0.0,0.0,0.0,1,2000,0,0,0,0,0,1

