SID,ARFU2A,21,5
CA,0,204.0,2,1030,0,0,0,0,0,0
DF,RO362,66.507778,25.721944,0, ,0.0,0.0,0,0,0,1,200,0,0,0
TF,HETHI,66.457500,25.887500,0, ,0.0,0.0,0.0,0.0,0,0,0,1,230,0,0,0
TF,ARFUT,66.317222,26.369167,0, ,0.0,0.0,0.0,0.0,0,0,0,0,0,0,0,0

SID,ARFU2B,03,5
CA,0,24.0,2,1010,0,0,0,0,0,0
DF,RO363,66.621944,25.939444,0, ,0.0,0.0,0,0,0,1,200,0,0,0
TF,XEPGI,66.571667,26.105556,0, ,0.0,0.0,0.0,0.0,0,0,0,1,230,0,0,0
TF,ARFUT,66.317222,26.369167,0, ,0.0,0.0,0.0,0.0,0,0,0,0,0,0,0,0

SID,IBSA4A,21,5
CA,0,204.0,2,1030,0,0,0,0,0,0
DF,RO362,66.507778,25.721944,0, ,0.0,0.0,0,0,0,1,200,0,0,0
TF,XETKO,66.557778,25.555833,0, ,0.0,0.0,0.0,0.0,0,0,0,1,230,0,0,0
TF,IBSAN,66.708333,25.018056,0, ,0.0,0.0,0.0,0.0,0,0,0,0,0,0,0,0

SID,IBSA4B,03,5
CA,0,24.0,2,1010,0,0,0,0,0,0
DF,RO363,66.621944,25.939444,0, ,0.0,0.0,0,0,0,1,200,0,0,0
TF,NETNI,66.671944,25.772500,0, ,0.0,0.0,0.0,0.0,0,0,0,1,230,0,0,0
TF,IBSAN,66.708333,25.018056,0, ,0.0,0.0,0.0,0.0,0,0,0,0,0,0,0,0

SID,MARX2A,21,5
CA,0,204.0,2,1030,0,0,0,0,0,0
DF,RO362,66.507778,25.721944,0, ,0.0,0.0,0,0,0,1,200,0,0,0
TF,HETHI,66.457500,25.887500,0, ,0.0,0.0,0.0,0.0,0,0,0,1,230,0,0,0
TF,MARXO,66.604722,26.748889,0, ,0.0,0.0,0.0,0.0,0,0,0,0,0,0,0,0

SID,MARX2B,03,5
CA,0,24.0,2,1010,0,0,0,0,0,0
DF,RO363,66.621944,25.939444,0, ,0.0,0.0,0,0,0,1,200,0,0,0
TF,MARXO,66.604722,26.748889,0, ,0.0,0.0,0.0,0.0,0,0,0,0,0,0,0,0

SID,NEMG4A,21,5
CA,0,204.0,2,1030,0,0,0,0,0,0
DF,LALMA,66.480833,25.583333,0, ,0.0,0.0,0,0,0,1,230,0,0,0
TF,NEMGU,66.340000,24.694167,0, ,0.0,0.0,0.0,0.0,0,0,0,0,0,0,0,0

SID,NEMG4B,03,5
CA,0,24.0,2,1010,0,0,0,0,0,0
DF,RO363,66.621944,25.939444,0, ,0.0,0.0,0,0,0,1,200,0,0,0
TF,NETNI,66.671944,25.772500,0, ,0.0,0.0,0.0,0.0,0,0,0,1,230,0,0,0
TF,NEMGU,66.340000,24.694167,0, ,0.0,0.0,0.0,0.0,0,0,0,0,0,0,0,0

SID,NEPI4A,21,5
CA,0,204.0,2,1030,0,0,0,0,0,0
DF,RO362,66.507778,25.721944,0, ,0.0,0.0,0,0,0,1,200,0,0,0
TF,NEPIX,66.108333,25.124167,0, ,0.0,0.0,0.0,0.0,0,0,0,0,0,0,0,0

SID,NEPI4B,03,5
CA,0,24.0,2,1010,0,0,0,0,0,0
DF,RO363,66.621944,25.939444,0, ,0.0,0.0,0,0,0,1,200,0,0,0
TF,NETNI,66.671944,25.772500,0, ,0.0,0.0,0.0,0.0,0,0,0,1,230,0,0,0
TF,MIPGO,66.471378,25.393331,0, ,0.0,0.0,0.0,0.0,0,0,0,0,0,0,0,0
TF,NEPIX,66.108333,25.124167,0, ,0.0,0.0,0.0,0.0,0,0,0,0,0,0,0,0

SID,OLNO4A,21,5
CA,0,204.0,2,1030,0,0,0,0,0,0
DF,LALMA,66.480833,25.583333,0, ,0.0,0.0,0,0,0,1,230,0,0,0
TF,OLNOP,66.188611,24.705278,0, ,0.0,0.0,0.0,0.0,0,0,0,0,0,0,0,0

SID,OLNO4B,03,5
CA,0,24.0,2,1010,0,0,0,0,0,0
DF,RO363,66.621944,25.939444,0, ,0.0,0.0,0,0,0,1,200,0,0,0
TF,NETNI,66.671944,25.772500,0, ,0.0,0.0,0.0,0.0,0,0,0,1,230,0,0,0
TF,MIPGO,66.471378,25.393331,0, ,0.0,0.0,0.0,0.0,0,0,0,0,0,0,0,0
TF,OLNOP,66.188611,24.705278,0, ,0.0,0.0,0.0,0.0,0,0,0,0,0,0,0,0

SID,OMNI,03,1
VA,0,24.0,2,1010,0,0,0,0,0,0
VM,0,0,0,24.0,0,0,0,0,0,0,0,0

SID,OMNI,21,1
VA,0,204.0,2,1030,0,0,0,0,0,0
VM,0,0,0,204.0,0,0,0,0,0,0,0,0

SID,RENV4A,21,5
CA,0,204.0,2,1030,0,0,0,0,0,0
DF,NIVIR,66.439444,25.761667,0, ,0.0,0.0,0,0,0,0,0,0,0,0
TF,RENVI,66.076111,25.531667,0, ,0.0,0.0,0.0,0.0,0,0,0,0,0,0,0,0

SID,RENV4B,03,5
CA,0,24.0,2,1010,0,0,0,0,0,0
DF,RO363,66.621944,25.939444,0, ,0.0,0.0,0,0,0,1,200,0,0,0
TF,XEPGI,66.571667,26.105556,0, ,0.0,0.0,0.0,0.0,0,0,0,1,230,0,0,0
TF,RENVI,66.076111,25.531667,0, ,0.0,0.0,0.0,0.0,0,0,0,0,0,0,0,0

SID,ROTK4A,21,5
CA,0,204.0,2,1030,0,0,0,0,0,0
DF,RO362,66.507778,25.721944,0, ,0.0,0.0,0,0,0,1,200,0,0,0
TF,XETKO,66.557778,25.555833,0, ,0.0,0.0,0.0,0.0,0,0,0,1,230,0,0,0
TF,ROTKO,66.960556,25.961111,0, ,0.0,0.0,0.0,0.0,0,0,0,0,0,0,0,0

SID,ROTK4B,03,5
CA,0,24.0,2,1010,0,0,0,0,0,0
DF,RO363,66.621944,25.939444,0, ,0.0,0.0,0,0,0,1,200,0,0,0
TF,ROTKO,66.960556,25.961111,0, ,0.0,0.0,0.0,0.0,0,0,0,0,0,0,0,0

STAR,ARFU2C,21,5
IF,ARFUT,66.317222,26.369167, ,0.0,0.0,2,10000,0,0,0,0,0,0
TF,TUTUT,66.655464,26.267706,0, ,0.0,0.0,0.0,0.0,2,2500,0,1,240,0,0,0
TF,NIPAK,66.706028,26.101492,0, ,0.0,0.0,0.0,0.0,2,2500,0,0,0,0,0,0

STAR,ARFU2D,03,5
IF,ARFUT,66.317222,26.369167, ,0.0,0.0,2,10000,0,0,0,0,0,0
TF,OTGUS,66.371567,25.724822,0, ,0.0,0.0,0.0,0.0,2,2500,0,1,240,0,0,0
TF,ROPOV,66.421561,25.559406,0, ,0.0,0.0,0.0,0.0,2,2500,0,0,0,0,0,0

STAR,MARX2C,21,5
IF,MARXO,66.604722,26.748889, ,0.0,0.0,2,10000,0,0,0,0,0,0
TF,NIPAK,66.706028,26.101492,0, ,0.0,0.0,0.0,0.0,2,2500,0,0,0,0,0,0

STAR,MARX3D,03,5
IF,MARXO,66.604722,26.748889, ,0.0,0.0,2,10000,0,0,0,0,0,0
TF,INMUF,66.558433,26.348014,0, ,0.0,0.0,0.0,0.0,0,0,0,0,0,0,0,0
TF,OTGUS,66.371567,25.724822,0, ,0.0,0.0,0.0,0.0,2,2500,0,1,240,0,0,0
TF,ROPOV,66.421561,25.559406,0, ,0.0,0.0,0.0,0.0,2,2500,0,0,0,0,0,0

STAR,NEMG3C,21,5
IF,NEMGU,66.340000,24.694167, ,0.0,0.0,2,10000,0,0,0,0,0,0
TF,MIPGO,66.471378,25.393331,0, ,0.0,0.0,0.0,0.0,0,0,0,0,0,0,0,0
TF,EKNOM,66.604167,25.642778,0, ,0.0,0.0,0.0,0.0,0,0,0,0,0,0,0,0
TF,VEKIP,66.756417,25.934600,0, ,0.0,0.0,0.0,0.0,2,2500,0,1,240,0,0,0

STAR,NEMG3D,03,5
IF,NEMGU,66.340000,24.694167, ,0.0,0.0,2,10000,0,0,0,0,0,0
TF,ROPOV,66.421561,25.559406,0, ,0.0,0.0,0.0,0.0,2,2500,0,0,0,0,0,0

STAR,NEPI3C,21,5
IF,NEPIX,66.108333,25.124167, ,0.0,0.0,2,10000,0,0,0,0,0,0
TF,MIPGO,66.471378,25.393331,0, ,0.0,0.0,0.0,0.0,0,0,0,0,0,0,0,0
TF,EKNOM,66.604167,25.642778,0, ,0.0,0.0,0.0,0.0,0,0,0,0,0,0,0,0
TF,VEKIP,66.756417,25.934600,0, ,0.0,0.0,0.0,0.0,2,2500,0,1,240,0,0,0

STAR,NEPI3D,03,5
IF,NEPIX,66.108333,25.124167, ,0.0,0.0,2,10000,0,0,0,0,0,0
TF,ROPOV,66.421561,25.559406,0, ,0.0,0.0,0.0,0.0,2,2500,0,0,0,0,0,0

STAR,OSLI3C,21,5
IF,OSLIT,66.862500,25.406389, ,0.0,0.0,2,10000,0,0,0,0,0,0
TF,VEKIP,66.756417,25.934600,0, ,0.0,0.0,0.0,0.0,2,2500,0,1,240,0,0,0

STAR,OSLI3D,03,5
IF,OSLIT,66.862500,25.406389, ,0.0,0.0,2,10000,0,0,0,0,0,0
TF,MIPGO,66.471378,25.393331,0, ,0.0,0.0,0.0,0.0,2,2500,0,1,240,0,0,0
TF,ROPOV,66.421561,25.559406,0, ,0.0,0.0,0.0,0.0,2,2500,0,0,0,0,0,0

STAR,RENV3C,21,5
IF,RENVI,66.076111,25.531667, ,0.0,0.0,2,10000,0,0,0,0,0,0
TF,TUTUT,66.655464,26.267706,0, ,0.0,0.0,0.0,0.0,2,2500,0,1,240,0,0,0
TF,NIPAK,66.706028,26.101492,0, ,0.0,0.0,0.0,0.0,2,2500,0,0,0,0,0,0

STAR,RENV3D,03,5
IF,RENVI,66.076111,25.531667, ,0.0,0.0,2,10000,0,0,0,0,0,0
TF,ROPOV,66.421561,25.559406,0, ,0.0,0.0,0.0,0.0,2,2500,0,0,0,0,0,0

STAR,ROTK3C,21,5
IF,ROTKO,66.960556,25.961111, ,0.0,0.0,2,10000,0,0,0,0,0,0
TF,NIPAK,66.706028,26.101492,0, ,0.0,0.0,0.0,0.0,2,2500,0,0,0,0,0,0

STAR,ROTK3D,03,5
IF,ROTKO,66.960556,25.961111, ,0.0,0.0,2,10000,0,0,0,0,0,0
TF,MIPGO,66.471378,25.393331,0, ,0.0,0.0,0.0,0.0,2,2500,0,1,240,0,0,0
TF,ROPOV,66.421561,25.559406,0, ,0.0,0.0,0.0,0.0,2,2500,0,0,0,0,0,0

FINAL,I21-Y,21,I,3
IF,NIPAK,66.706028,26.101492,RO,24.2,11.7,2,2500,0,0,0,0,1,0
CF,INSAR,66.647681,25.988994,0,RO,24.2,7.3,204.0,4.4,1,2400,0,0,0,0,2,0
CF,RW21,66.575544,25.850853,0,RO,24.2,1.8,204.0,5.5,1,662,0,0,0,0,3,0
CA,0,204.0,2,2500,0,0,0,0,0,0
VM,0,0,0,204.0,1,2500,0,0,0,0,0,0

APPTR,I21-Z,21,TUTUT
IF,TUTUT,66.655464,26.267706, ,0.0,0.0,2,2500,0,1,240,0,1,0
TF,NIPAK,66.706028,26.101492,0,RO,0.0,0.0,0.0,0.0,2,2500,0,0,0,0,1,0

APPTR,I21-Z,21,VEKIP
IF,VEKIP,66.756417,25.934600, ,0.0,0.0,2,2500,0,1,240,0,1,0
TF,NIPAK,66.706028,26.101492,0,RO,0.0,0.0,0.0,0.0,2,2500,0,0,0,0,1,0

FINAL,I21-Z,21,I,3
IF,NIPAK,66.706028,26.101492,RO,24.2,11.7,2,2500,0,0,0,0,1,0
CF,INSAR,66.647681,25.988994,0,RO,24.2,7.3,204.0,4.4,1,2400,0,0,0,0,2,0
CF,RW21,66.575544,25.850853,0,RO,24.2,1.8,204.0,5.5,1,662,0,0,0,0,3,1
CA,0,204.0,2,1100,0,0,0,0,0,0
DF,ROPOV,66.421561,25.559406,0, ,0.0,0.0,1,2500,0,0,0,0,0,1

APPTR,R03,03,MIPGO
IF,MIPGO,66.471378,25.393331, ,0.0,0.0,2,2500,0,1,240,0,1,0
TF,ROPOV,66.421561,25.559406,0, ,0.0,0.0,0.0,0.0,2,2500,0,0,0,0,1,0

APPTR,R03,03,OTGUS
IF,OTGUS,66.371567,25.724822, ,0.0,0.0,2,2500,0,1,240,0,1,0
TF,ROPOV,66.421561,25.559406,0, ,0.0,0.0,0.0,0.0,2,2500,0,0,0,0,1,0

FINAL,R03,03,R,3
IF,ROPOV,66.421561,25.559406, ,0.0,0.0,2,2500,0,0,0,0,1,0
TF,UNUKA,66.482689,25.674550,0, ,0.0,0.0,24.0,4.6,2,2400,0,0,0,0,2,0
TF,RW03,66.554100,25.809986,0, ,0.0,0.0,24.0,5.4,1,684,0,0,0,0,3,1
TF,RO364,66.607003,25.910967,0, ,0.0,0.0,0.0,0.0,0,0,0,0,0,0,0,0
TF,VEKIP,66.756417,25.934600,0, ,0.0,0.0,0.0,0.0,1,2500,0,0,0,0,0,1

APPTR,R21,21,TUTUT
IF,TUTUT,66.655464,26.267706, ,0.0,0.0,2,2500,0,1,240,0,1,0
TF,NIPAK,66.706028,26.101492,0, ,0.0,0.0,0.0,0.0,2,2500,0,0,0,0,0,0

APPTR,R21,21,VEKIP
IF,VEKIP,66.756417,25.934600, ,0.0,0.0,2,2500,0,1,240,0,1,0
TF,NIPAK,66.706028,26.101492,0, ,0.0,0.0,0.0,0.0,2,2500,0,0,0,0,0,0

FINAL,R21,21,R,3
IF,NIPAK,66.706028,26.101492, ,0.0,0.0,2,2500,0,0,0,0,1,0
TF,INSAR,66.647681,25.988994,0, ,0.0,0.0,204.0,4.4,2,2400,0,0,0,0,2,0
TF,RW21,66.575544,25.850853,0, ,0.0,0.0,204.0,5.5,1,662,0,0,0,0,3,1
TF,ROPOV,66.421561,25.559406,0, ,0.0,0.0,0.0,0.0,1,2500,0,0,0,0,0,1

