SID,ARLO2L,07,5
CA,0,67.0,2,740,0,0,0,0,0,0
DF,ALXUS,60.911603,27.086617,0, ,0.0,0.0,0,0,0,1,180,0,0,0
TF,RURET,60.928944,27.257814,0, ,0.0,0.0,0.0,0.0,0,0,0,0,0,0,0,0
TF,ARLOM,60.790278,27.731389,0, ,0.0,0.0,0.0,0.0,0,0,0,0,0,0,0,0

SID,ARLO2N,25,5
CA,0,247.0,2,730,0,0,0,0,0,0
DF,XAPME,60.881022,26.790231,0, ,0.0,0.0,0,0,0,1,180,0,0,0
TF,EXNIZ,60.799711,26.825425,0, ,0.0,0.0,0.0,0.0,0,0,0,1,210,0,0,0
TF,ELSUW,60.815000,26.973611,0, ,0.0,0.0,0.0,0.0,0,0,0,0,0,0,0,0
TF,AMGUX,60.847558,27.292294,0, ,0.0,0.0,0.0,0.0,0,0,0,0,0,0,0,0
TF,ARLOM,60.790278,27.731389,0, ,0.0,0.0,0.0,0.0,0,0,0,0,0,0,0,0

SID,IRJU1L,07,5
CA,0,67.0,2,740,0,0,0,0,0,0
DF,ALXUS,60.911603,27.086617,0, ,0.0,0.0,0,0,0,1,180,0,0,0
TF,HUGXI,60.830303,27.121936,0, ,0.0,0.0,0.0,0.0,0,0,0,1,210,0,0,0
TF,IRJUB,60.636667,26.893889,0, ,0.0,0.0,0.0,0.0,0,0,0,0,0,0,0,0

SID,IRJU1N,25,5
CA,0,247.0,2,730,0,0,0,0,0,0
DF,XAPME,60.881022,26.790231,0, ,0.0,0.0,0,0,0,1,180,0,0,0
TF,EXNIZ,60.799711,26.825425,0, ,0.0,0.0,0.0,0.0,0,0,0,1,210,0,0,0
TF,IRJUB,60.636667,26.893889,0, ,0.0,0.0,0.0,0.0,0,0,0,0,0,0,0,0

SID,NAXE2L,07,5
CA,0,67.0,2,740,0,0,0,0,0,0
DF,ALXUS,60.911603,27.086617,0, ,0.0,0.0,0,0,0,1,180,0,0,0
TF,FERWU,60.992894,27.051117,0, ,0.0,0.0,0.0,0.0,0,0,0,1,210,0,0,0
TF,POWUQ,60.977778,26.902778,0, ,0.0,0.0,0.0,0.0,0,0,0,0,0,0,0,0
TF,VUBCI,60.953361,26.669264,0, ,0.0,0.0,0.0,0.0,0,0,0,0,0,0,0,0
TF,NAXEP,60.986111,26.541667,0, ,0.0,0.0,0.0,0.0,0,0,0,0,0,0,0,0

SID,NAXE2N,25,5
CA,0,247.0,2,730,0,0,0,0,0,0
DF,XAPME,60.881022,26.790231,0, ,0.0,0.0,0,0,0,1,180,0,0,0
TF,NAXEP,60.986111,26.541667,0, ,0.0,0.0,0.0,0.0,0,0,0,0,0,0,0,0

SID,OMNI,07,1
VA,0,67.0,2,740,0,0,0,0,0,0
VM,0,0,0,67.0,0,0,0,0,0,0,0,0

SID,OMNI,25,1
VA,0,247.0,2,730,0,0,0,0,0,0
VM,0,0,0,247.0,0,0,0,0,0,0,0,0

SID,OTKA2L,07,5
CA,0,67.0,2,740,0,0,0,0,0,0
DF,ALXUS,60.911603,27.086617,0, ,0.0,0.0,0,0,0,1,180,0,0,0
TF,RURET,60.928944,27.257814,0, ,0.0,0.0,0.0,0.0,0,0,0,0,0,0,0,0
TF,OTKAP,61.079444,27.389722,0, ,0.0,0.0,0.0,0.0,0,0,0,0,0,0,0,0

SID,OTKA2N,25,5
CA,0,247.0,2,730,0,0,0,0,0,0
DF,XAPME,60.881022,26.790231,0, ,0.0,0.0,0,0,0,1,180,0,0,0
TF,TOWZU,60.963333,26.769167,2, ,0.0,0.0,0.0,0.0,0,0,0,1,210,0,0,0
TF,POWUQ,60.977778,26.902778,0, ,0.0,0.0,0.0,0.0,0,0,0,0,0,0,0,0
TF,EPATU,61.010322,27.223158,0, ,0.0,0.0,0.0,0.0,0,0,0,0,0,0,0,0
TF,OTKAP,61.079444,27.389722,0, ,0.0,0.0,0.0,0.0,0,0,0,0,0,0,0,0

SID,VEPI2L,07,5
CA,0,67.0,2,740,0,0,0,0,0,0
DF,ALXUS,60.911603,27.086617,0, ,0.0,0.0,0,0,0,1,180,0,0,0
TF,HUGXI,60.830303,27.121936,0, ,0.0,0.0,0.0,0.0,0,0,0,1,210,0,0,0
TF,ELSUW,60.815000,26.973611,0, ,0.0,0.0,0.0,0.0,0,0,0,0,0,0,0,0
TF,VEPIN,60.631389,26.333056,0, ,0.0,0.0,0.0,0.0,0,0,0,0,0,0,0,0

SID,VEPI2N,25,5
CA,0,247.0,2,730,0,0,0,0,0,0
DF,XAPME,60.881022,26.790231,0, ,0.0,0.0,0,0,0,1,180,0,0,0
TF,VEPIN,60.631389,26.333056,0, ,0.0,0.0,0.0,0.0,0,0,0,0,0,0,0,0

STAR,ARLO2E,07,5
IF,ARLOM,60.790278,27.731389, ,0.0,0.0,2,10000,0,0,0,0,0,0
TF,ELSUW,60.815000,26.973611,0, ,0.0,0.0,0.0,0.0,0,0,0,0,0,0,0,0
TF,ATVAP,60.778425,26.623072,0, ,0.0,0.0,0.0,0.0,2,2300,0,1,240,0,0,0
TF,ULNAV,60.859636,26.586964,0, ,0.0,0.0,0.0,0.0,2,2300,0,0,0,0,0,0

STAR,ARLO2M,25,5
IF,ARLOM,60.790278,27.731389, ,0.0,0.0,2,10000,0,0,0,0,0,0
TF,RURET,60.928944,27.257814,0, ,0.0,0.0,0.0,0.0,2,2300,0,0,0,0,0,0

STAR,IRJU1E,07,5
IF,IRJUB,60.636667,26.893889, ,0.0,0.0,2,10000,0,0,0,0,0,0
TF,ATVAP,60.778425,26.623072,0, ,0.0,0.0,0.0,0.0,2,2300,0,1,240,0,0,0
TF,ULNAV,60.859636,26.586964,0, ,0.0,0.0,0.0,0.0,2,2300,0,0,0,0,0,0

STAR,IRJU1M,25,5
IF,IRJUB,60.636667,26.893889, ,0.0,0.0,2,10000,0,0,0,0,0,0
TF,AMGUX,60.847558,27.292294,0, ,0.0,0.0,0.0,0.0,2,2300,0,1,240,0,0,0
TF,RURET,60.928944,27.257814,0, ,0.0,0.0,0.0,0.0,2,2300,0,0,0,0,0,0

STAR,NAXE2E,07,5
IF,NAXEP,60.986111,26.541667, ,0.0,0.0,2,10000,0,0,0,0,0,0
TF,SUZCU,60.928333,26.527222,0, ,0.0,0.0,0.0,0.0,2,2300,0,1,240,0,0,0
TF,ULNAV,60.859636,26.586964,0, ,0.0,0.0,0.0,0.0,2,2300,0,0,0,0,0,0

STAR,NAXE2M,25,5
IF,NAXEP,60.986111,26.541667, ,0.0,0.0,2,10000,0,0,0,0,0,0
TF,TOWZU,60.963333,26.769167,0, ,0.0,0.0,0.0,0.0,0,0,0,0,0,0,0,0
TF,POWUQ,60.977778,26.902778,0, ,0.0,0.0,0.0,0.0,0,0,0,0,0,0,0,0
TF,EPATU,61.010322,27.223158,0, ,0.0,0.0,0.0,0.0,2,2300,0,1,240,0,0,0
TF,RURET,60.928944,27.257814,0, ,0.0,0.0,0.0,0.0,2,2300,0,0,0,0,0,0

STAR,OTKA2E,07,5
IF,OTKAP,61.079444,27.389722, ,0.0,0.0,2,10000,0,0,0,0,0,0
TF,EPATU,61.010322,27.223158,0, ,0.0,0.0,0.0,0.0,0,0,0,0,0,0,0,0
TF,POWUQ,60.977778,26.902778,0, ,0.0,0.0,0.0,0.0,0,0,0,0,0,0,0,0
TF,USIMI,60.940839,26.550675,0, ,0.0,0.0,0.0,0.0,2,2300,0,1,240,0,0,0
TF,ULNAV,60.859636,26.586964,1, ,0.0,0.0,0.0,0.0,2,2300,0,0,0,0,0,0

STAR,OTKA2M,25,5
IF,OTKAP,61.079444,27.389722, ,0.0,0.0,2,10000,0,0,0,0,0,0
TF,RURET,60.928944,27.257814,0, ,0.0,0.0,0.0,0.0,2,2300,0,0,0,0,0,0

STAR,VEHU2E,07,5
IF,VEHUF,60.770000,26.104722, ,0.0,0.0,2,10000,0,0,0,0,0,0
TF,ULNAV,60.859636,26.586964,0, ,0.0,0.0,0.0,0.0,2,2300,0,0,0,0,0,0

STAR,VEHU2M,25,5
IF,VEHUF,60.770000,26.104722, ,0.0,0.0,2,10000,0,0,0,0,0,0
TF,ATVAP,60.778425,26.623072,0, ,0.0,0.0,0.0,0.0,0,0,0,0,0,0,0,0
TF,ELSUW,60.815000,26.973611,0, ,0.0,0.0,0.0,0.0,0,0,0,0,0,0,0,0
TF,AMGUX,60.847558,27.292294,0, ,0.0,0.0,0.0,0.0,2,2300,0,1,240,0,0,0
TF,RURET,60.928944,27.257814,0, ,0.0,0.0,0.0,0.0,2,2300,0,0,0,0,0,0

APPTR,I25,25,AMGUX
IF,AMGUX,60.847558,27.292294, ,0.0,0.0,2,2300,0,1,240,0,1,0
TF,RURET,60.928944,27.257814,0,UT,0.0,0.0,0.0,0.0,2,2300,0,0,0,0,0,0

APPTR,I25,25,EPATU
IF,EPATU,61.010322,27.223158, ,0.0,0.0,2,2300,0,1,240,0,1,0
TF,RURET,60.928944,27.257814,0,UT,0.0,0.0,0.0,0.0,2,2300,0,0,0,0,0,0

FINAL,I25,25,I,3
IF,RURET,60.928944,27.257814,UT,67.0,10.3,2,2300,0,0,0,0,1,0
CF,DIVNU,60.913892,27.109078,0,UT,67.0,5.8,247.0,4.4,1,2100,0,0,0,0,2,0
CF,RW25,60.898253,26.956378,0,UT,67.0,1.2,247.0,4.6,1,401,0,0,0,0,3,1
CA,0,247.0,2,1000,0,0,0,0,0,0
DF,ULNAV,60.859636,26.586964,0, ,0.0,0.0,1,2300,0,0,0,0,0,1

APPTR,R07,07,ATVAP
IF,ATVAP,60.778425,26.623072, ,0.0,0.0,2,2300,0,1,240,0,1,0
TF,ULNAV,60.859636,26.586964,0, ,0.0,0.0,0.0,0.0,2,2300,0,0,0,0,0,0

APPTR,R07,07,USIMI
IF,USIMI,60.940839,26.550675, ,0.0,0.0,2,2300,0,1,240,0,1,0
TF,ULNAV,60.859636,26.586964,0, ,0.0,0.0,0.0,0.0,2,2300,0,0,0,0,0,0

FINAL,R07,07,R,3
IF,ULNAV,60.859636,26.586964, ,0.0,0.0,2,2300,0,0,0,0,1,0
TF,XUBMO,60.876592,26.747858,0, ,0.0,0.0,66.0,4.8,2,2300,0,0,0,0,2,0
TF,RW07,60.894533,26.920331,0, ,0.0,0.0,67.0,5.2,1,379,0,0,0,0,3,1
TF,RURET,60.928944,27.257814,0, ,0.0,0.0,0.0,0.0,1,2300,0,0,0,0,0,1

APPTR,R25,25,AMGUX
IF,AMGUX,60.847558,27.292294, ,0.0,0.0,2,2300,0,1,240,0,1,0
TF,RURET,60.928944,27.257814,0, ,0.0,0.0,0.0,0.0,2,2300,0,0,0,0,0,0

APPTR,R25,25,EPATU
IF,EPATU,61.010322,27.223158, ,0.0,0.0,2,2300,0,1,240,0,1,0
TF,RURET,60.928944,27.257814,0, ,0.0,0.0,0.0,0.0,2,2300,0,0,0,0,0,0

FINAL,R25,25,R,3
IF,RURET,60.928944,27.257814, ,0.0,0.0,2,2300,0,0,0,0,1,0
TF,DIVNU,60.913892,27.109078,0, ,0.0,0.0,247.0,4.4,2,2100,0,0,0,0,2,0
TF,RW25,60.898253,26.956378,0, ,0.0,0.0,247.0,4.6,1,401,0,0,0,0,3,1
TF,ULNAV,60.859636,26.586964,0, ,0.0,0.0,0.0,0.0,1,2300,0,0,0,0,0,1

