SID,ROG20N,20,2
CF,05ADM,53.456256,-1.014278,0,GAM,1.0,1.0,199.0,1.8,2,500,0,0,0,0,0,0
CF,25DME,53.423158,-1.021489,0,GAM,1.0,1.0,190.0,2.0,0,0,0,0,0,0,0,1
CF,D015K,53.459056,-0.872964,1,GAM,1.0,1.0,15.0,4.0,1,6000,0,0,0,0,0,1
DF,LAMIX,53.307961,-0.682089,1, ,0.0,0.0,0,0,0,0,0,0,0,0
TF,ROGAG,53.234942,-0.295961,0, ,0.0,0.0,0.0,0.0,2,16000,0,0,0,0,0,0

SID,ROG20S,20,2
CF,05ADM,53.456256,-1.014278,0,GAM,1.0,1.0,199.0,1.8,2,500,0,0,0,0,0,0
CF,15DME,53.441428,-1.027175,0,GAM,1.0,1.0,210.0,1.0,0,0,0,0,0,0,0,0
CF,35DME,53.427022,-1.085100,0,GAM,1.0,1.0,250.0,2.0,0,0,0,0,0,0,0,1
VI,1, ,0.0,187.0,0,0,0,0,0,0,0,0
CF,D322B,53.306697,-0.983331,0,GAM,1.0,1.0,142.0,7.0,0,0,0,0,0,0,0,0
CF,ROGAG,53.234942,-0.295961,0,GAM,1.0,1.0,99.0,25.0,2,16000,0,0,0,0,0,0

SID,ROGA02,02,2
CF,DME01,53.502228,-0.989747,0,GAM,1.0,1.0,19.0,2.4,2,500,0,0,0,0,0,0
VI,2, ,0.0,152.0,0,0,0,0,0,0,0,0
CF,D017E,53.361981,-0.912372,0,GAM,1.0,1.0,197.0,6.0,1,8000,0,0,0,0,0,1
VI,0, ,0.0,144.0,0,0,0,0,0,0,0,0
CF,ROGAG,53.234942,-0.295961,0,GAM,1.0,1.0,99.0,24.0,2,16000,0,0,0,0,0,0

