APPTR,I25,25,D297O
IF,D297O,53.854472,-3.261308, ,0.0,0.0,2,5000,0,0,0,0,1,0
CF,WTN,53.741747,-2.885156,0,WTN,0.0,0.0,117.0,15.0,2,3060,0,0,0,0,0,0
FD,WTN,53.741747,-2.885156,0,WTN,0.0,9.5,98.0,9.5,2,2560,0,0,0,0,0,0
CF,CI25,53.794914,-2.635136,1,IWQ,71.2,10.2,251.0,1.0,2,2560,0,1,240,0,0,0

APPTR,I25,25,D297Z
IF,D297Z,53.936381,-3.538436, ,0.0,0.0,2,15000,0,0,0,0,1,0
CF,WTN,53.741747,-2.885156,0,WTN,0.0,0.0,117.0,26.0,2,3060,0,0,0,0,0,0
FD,WTN,53.741747,-2.885156,0,WTN,0.0,9.5,98.0,9.5,2,2560,0,0,0,0,0,0
CF,CI25,53.794914,-2.635136,1,IWQ,71.2,10.2,251.0,1.0,2,2560,0,1,240,0,0,0

APPTR,I25,25,POL
IF,POL,53.743778,-2.103286, ,0.0,0.0,2,5000,0,0,0,0,1,0
TF,D282M,53.787206,-2.452350,0, ,0.0,0.0,0.0,0.0,2,2800,0,0,0,0,0,0
TF,D071L,53.806067,-2.579197,0, ,0.0,0.0,0.0,0.0,2,2560,0,0,0,0,1,0
TF,CI25,53.794914,-2.635136,0,IWQ,0.0,0.0,0.0,0.0,2,2560,0,0,0,0,0,0

APPTR,I25,25,WTN1
IF,WTN,53.751647,-2.852322, ,0.0,0.0,2,3000,0,0,0,0,1,0
FC,WTN,53.751647,-2.852322,0,WTN,0.0,0.0,100.0,9.0,2,2560,0,0,0,0,0,1
CF,CI25,53.794914,-2.635136,1,IWQ,71.2,10.2,251.0,1.0,2,2560,0,1,240,0,0,0

APPTR,I25,25,WTN2
IF,WTN,53.751647,-2.852322, ,0.0,0.0,2,3000,0,0,0,0,1,0
FC,WTN,53.751647,-2.852322,0,WTN,0.0,0.0,81.0,9.0,2,2560,0,0,0,0,0,1
CF,CI25,53.794914,-2.635136,1,IWQ,71.2,10.2,251.0,1.0,2,2560,0,1,240,0,0,0

FINAL,I25,25,I,3
IF,CI25,53.794914,-2.635136,IWQ,71.2,10.2,2,2560,0,0,0,0,0,0
CF,FI25,53.785867,-2.680400,0,IWQ,71.2,8.5,251.0,1.7,1,2360,0,0,0,0,2,0
CF,RW25,53.748442,-2.866531,0,IWQ,71.1,1.5,251.0,7.0,1,101,0,0,0,0,3,0
FA,RW25,53.748442,-2.866531,0,WTN,0.0,0.0,251.0,2,2060,0,0,0,0,0,0
VM,0,0,0,251.0,1,2060,0,0,0,0,0,0

APPTR,N07,07,WTN1
IF,WTN,53.751647,-2.852322, ,0.0,0.0,2,3000,0,0,0,0,1,0
FC,WTN,53.751647,-2.852322,0,WAL,0.0,0.0,223.0,7.0,2,1730,0,0,0,0,0,1
CF,FN07,53.713606,-3.037853,2,WAL,10.1,19.6,71.0,1.0,2,1730,0,0,0,0,0,0

APPTR,N07,07,WTN2
IF,WTN,53.751647,-2.852322, ,0.0,0.0,2,3000,0,0,0,0,1,0
FC,WTN,53.751647,-2.852322,0,WAL,0.0,0.0,240.0,7.0,2,1730,0,0,0,0,0,1
CF,FN07,53.713606,-3.037853,2,WAL,10.1,19.6,71.0,1.0,2,1730,0,0,0,0,0,0

FINAL,N07,07,N,2
IF,FN07,53.713606,-3.037853,WTN,0.0,0.0,2,1730,0,0,0,0,2,0
CF,RW07,53.741603,-2.900339,0,WTN,0.0,0.0,71.0,5.2,1,80,0,0,0,0,3,0
CF,WTN,53.751647,-2.852322,0,WAL,24.9,23.9,72.0,1.8,0,0,0,0,0,0,0,1
FM,WTN,53.751647,-2.852322,0,WAL,0.0,0.0,72.0,1,3400,0,0,0,0,0,0

APPTR,Q07,07,WAL
IF,WAL,53.391936,-3.134461, ,0.0,0.0,2,5000,0,0,0,0,1,0
FC,WAL,53.391936,-3.134461,0,WAL,0.0,0.0,346.0,15.0,0,0,0,0,0,0,0,0
CF,D251J,53.690067,-3.151800,0,WTN,252.0,10.0,71.0,4.0,2,2530,0,0,0,0,0,0
CF,FQ07,53.717419,-3.019328,0,WAL,11.9,20.0,71.0,5.0,2,1530,0,0,0,0,0,0

APPTR,Q07,07,WTN1
IF,WTN,53.751647,-2.852322, ,0.0,0.0,2,3000,0,0,0,0,1,0
FD,WTN,53.751647,-2.852322,0,WTN,63.0,6.5,216.0,6.5,0,0,0,0,0,0,0,0
CF,FQ07,53.717419,-3.019328,2,WTN,253.1,5.0,71.0,2.0,2,1530,0,0,0,0,0,0

APPTR,Q07,07,WTN2
IF,WTN,53.751647,-2.852322, ,0.0,0.0,2,3000,0,0,0,0,1,0
FD,WTN,53.751647,-2.852322,0,WTN,63.0,6.5,240.0,6.5,0,0,0,0,0,0,0,0
CF,FQ07,53.717419,-3.019328,2,WTN,253.1,5.0,71.0,2.0,2,1530,0,0,0,0,0,0

FINAL,Q07,07,N,2
IF,FQ07,53.717419,-3.019328,WTN,0.0,0.0,2,1530,0,0,0,0,2,0
CF,MQ07,53.739264,-2.912908,0,WTN,0.0,1.0,71.0,4.0,1,230,0,0,0,0,3,0
FD,MQ07,53.739264,-2.912908,0,WTN,261.4,15.0,71.0,15.0,1,3000,0,0,0,0,0,0
DF,WTN,53.751647,-2.852322,2, ,0.0,0.0,1,3000,0,0,0,0,0,0
HM,WTN,53.751647,-2.852322,1, ,0.0,0.0,231.0,04.3,0,0,0,0,0,0,0,0,0

APPTR,T07,07,D297O
IF,D297O,53.854472,-3.261308, ,0.0,0.0,2,5000,0,0,0,0,1,0
CI,0, ,0.0,117.0,0,0,0,0,0,0,0,0
AF,D269M,53.737417,-3.249958,1,WTN,269.0,13.0,297.0,0,0,0,0,0,0,0,0
CF,D258J,53.706836,-3.159483,0,WTN,258.0,10.0,78.0,3.0,2,2530,0,0,0,0,0,0
CF,FT07,53.724369,-3.022375,0,WTN,258.0,5.0,78.0,5.0,2,1530,0,0,0,0,0,0

FINAL,T07,07,D,2
IF,FT07,53.724369,-3.022375,WTN,258.0,5.0,2,1530,0,0,0,0,2,0
CF,MT07,53.738283,-2.912608,0,WTN,258.0,1.0,78.0,4.0,1,230,0,0,0,0,3,0
FD,MT07,53.738283,-2.912608,0,WTN,258.0,10.9,71.0,10.9,1,3470,0,0,0,0,0,0
CF,WTN,53.741747,-2.885156,2,WTN,0.0,0.0,298.0,12.0,0,0,0,1,250,0,0,0
FD,WTN,53.741747,-2.885156,0,WTN,0.0,21.0,280.0,21.0,1,5000,0,0,0,0,0,0
CF,D297O,53.854472,-3.261308,2,WTN,297.0,15.0,117.0,6.0,0,0,0,0,0,0,0,0
HM,D297O,53.854472,-3.261308,2, ,0.0,0.0,117.0,06,1,5000,0,0,0,0,0,0,0

APPTR,T25,25,D297O
IF,D297O,53.854472,-3.261308, ,0.0,0.0,2,5000,0,0,0,0,1,0
CF,WTN,53.741747,-2.885156,0,WTN,0.0,0.0,117.0,15.0,2,3060,0,0,0,0,0,0
FD,WTN,53.741747,-2.885156,0,WTN,0.0,9.5,96.0,9.5,2,2560,0,0,0,0,0,0
CF,FT25,53.790814,-2.679317,1,WTN,68.0,7.9,248.0,2.0,2,2360,0,0,0,0,0,0

APPTR,T25,25,D297Z
IF,D297Z,53.936381,-3.538436, ,0.0,0.0,2,15000,0,0,0,0,1,0
CF,WTN,53.741747,-2.885156,0,WTN,0.0,0.0,117.0,26.0,2,3060,0,0,0,0,0,0
FD,WTN,53.741747,-2.885156,0,WTN,0.0,9.5,96.0,9.5,2,2560,0,0,0,0,0,0
CF,FT25,53.790814,-2.679317,1,WTN,68.0,7.9,248.0,2.0,2,2360,0,0,0,0,0,0

FINAL,T25,25,D,3
IF,FT25,53.790814,-2.679317,WTN,68.0,7.9,2,2360,0,0,0,0,2,0
CF,30TAC,53.760419,-2.807044,0,WTN,68.0,3.0,248.0,4.9,2,820,0,0,0,0,0,0
CF,MT25,53.754200,-2.833089,0,WTN,68.0,2.0,248.0,1.0,1,498,0,0,0,0,3,0
FA,MT25,53.754200,-2.833089,0,WTN,0.0,0.0,251.0,2,2060,0,0,0,0,0,0
VM,0,0,0,251.0,0,0,0,0,0,0,0,0

