APPTR,I05,05,D227O
IF,D227O,54.333011,-1.756942, ,0.0,0.0,0,0,0,0,0,0,1,0
CF,D227J,54.389511,-1.652386,0,POL,22.2,42.0,47.0,5.0,2,2300,0,0,0,0,0,0
CF,CI05,54.429006,-1.579028,0,ITSE,226.5,7.9,47.0,3.5,2,1700,0,0,0,0,0,0

APPTR,I05,05,TD1
IF,TD,54.560519,-1.333639, ,0.0,0.0,2,2500,0,0,0,0,1,0
FC,TD,54.560519,-1.333639,0,POL,0.0,0.0,239.0,11.4,2,1700,0,1,185,0,0,1
CF,CI05,54.429006,-1.579028,1,ITSE,226.5,7.9,47.0,1.0,2,1700,0,0,0,0,0,0

APPTR,I05,05,TD2
IF,TD,54.560519,-1.333639, ,0.0,0.0,2,2500,0,0,0,0,1,0
FC,TD,54.560519,-1.333639,0,POL,0.0,0.0,234.0,11.6,2,1700,0,1,185,0,0,1
CF,CI05,54.429006,-1.579028,1,ITSE,226.5,7.9,47.0,1.0,2,1700,0,0,0,0,0,0

FINAL,I05,05,I,3
IF,CI05,54.429006,-1.579028,ITSE,226.5,7.9,2,1700,0,0,0,0,0,0
CF,FI05,54.448175,-1.543344,0,ITSE,226.5,6.2,47.0,1.7,1,1700,0,0,0,0,2,0
CF,RW05,54.502231,-1.442428,0,ITSE,226.5,1.4,47.0,4.8,1,167,0,0,0,0,3,0
CF,TD,54.560519,-1.333639,0,POL,28.6,56.1,47.0,5.2,2,2500,0,0,0,0,0,0
HM,TD,54.560519,-1.333639,2, ,0.0,0.0,227.0,04.3,1,2500,0,1,210,0,0,0,0

APPTR,I23,23,TD1
FC,TD,54.560519,-1.333639,0,POL,0.0,0.0,6.0,4.5,2,1900,0,1,210,0,1,1
CF,CI23,54.606008,-1.247475,2,ITD,46.4,9.4,227.0,1.0,2,1900,0,0,0,0,0,0

APPTR,I23,23,TD2
FC,TD,54.560519,-1.333639,0,POL,0.0,0.0,25.0,4.5,2,1900,0,1,210,0,1,1
CF,CI23,54.606008,-1.247475,2,ITD,46.4,9.4,227.0,1.0,2,1900,0,0,0,0,0,0

FINAL,I23,23,I,3
IF,CI23,54.606008,-1.247475,ITD,46.4,9.4,2,1900,0,0,0,0,0,0
CF,FI23,54.577947,-1.300344,0,ITD,46.4,6.9,227.0,2.5,1,1900,0,0,0,0,2,0
CF,RW23,54.516139,-1.416392,0,ITD,46.4,1.4,227.0,5.5,1,166,0,0,0,0,3,0
CF,D227C,54.468794,-1.506086,0,POL,25.6,48.4,227.0,4.2,0,0,0,0,0,0,0,1
CA,0,227.0,2,1000,0,0,0,0,0,0
DF,TD,54.560519,-1.333639,2, ,0.0,0.0,1,2500,0,0,0,0,0,0
HM,TD,54.560519,-1.333639,2, ,0.0,0.0,227.0,04.3,0,0,0,1,210,0,0,0,0

APPTR,L05,05,D227O
IF,D227O,54.333011,-1.756942, ,0.0,0.0,0,0,0,0,0,0,1,0
CF,D227J,54.389511,-1.652386,0,POL,22.2,42.0,47.0,5.0,2,2300,0,0,0,0,0,0
CF,CI05,54.429006,-1.579028,0,ITSE,226.5,7.9,47.0,3.5,2,1700,0,0,0,0,0,0

APPTR,L05,05,TD1
IF,TD,54.560519,-1.333639, ,0.0,0.0,1,2500,0,0,0,0,1,0
FC,TD,54.560519,-1.333639,0,POL,0.0,0.0,239.0,11.4,2,1700,0,1,185,0,0,1
CF,CI05,54.429006,-1.579028,1,ITSE,226.5,7.9,47.0,1.0,2,1700,0,0,0,0,0,0

APPTR,L05,05,TD2
IF,TD,54.560519,-1.333639, ,0.0,0.0,1,2500,0,0,0,0,1,0
FC,TD,54.560519,-1.333639,0,POL,0.0,0.0,234.0,11.6,2,1700,0,1,185,0,0,1
CF,CI05,54.429006,-1.579028,1,ITSE,226.5,7.9,47.0,1.0,2,1700,0,0,0,0,0,0

FINAL,L05,05,D,3
IF,CI05,54.429006,-1.579028,ITSE,226.5,7.9,2,1700,0,0,0,0,0,0
CF,FI05,54.448175,-1.543344,0,ITSE,226.5,6.2,47.0,1.7,2,1700,0,0,0,0,2,0
CF,ML05,54.496608,-1.452939,0,ITSE,226.5,1.9,47.0,4.3,1,326,0,0,0,0,3,0
CF,TD,54.560519,-1.333639,0,POL,28.6,56.1,47.0,5.7,2,2500,0,0,0,0,0,0
HM,TD,54.560519,-1.333639,2, ,0.0,0.0,227.0,04.3,1,2500,0,1,210,0,0,0,0

APPTR,L23,23,TD1
FC,TD,54.560519,-1.333639,0,POL,0.0,0.0,6.0,4.5,2,1900,0,1,210,0,1,1
CF,CI23,54.606008,-1.247475,2,ITD,46.4,9.4,227.0,1.0,2,1900,0,0,0,0,0,0

APPTR,L23,23,TD2
FC,TD,54.560519,-1.333639,0,POL,0.0,0.0,25.0,4.5,2,1900,0,1,210,0,1,1
CF,CI23,54.606008,-1.247475,2,ITD,46.4,9.4,227.0,1.0,2,1900,0,0,0,0,0,0

FINAL,L23,23,D,3
IF,CI23,54.606008,-1.247475,ITD,46.4,9.4,2,1900,0,0,0,0,0,0
CF,FI23,54.577947,-1.300344,0,ITD,46.4,6.9,227.0,2.5,2,1900,0,0,0,0,2,0
CF,ML23,54.521756,-1.405867,0,ITD,46.4,1.9,227.0,5.0,1,326,0,0,0,0,3,0
CF,D227C,54.468794,-1.506086,0,POL,25.6,48.4,227.0,4.7,0,0,0,0,0,0,0,1
CA,0,227.0,2,1000,0,0,0,0,0,0
DF,TD,54.560519,-1.333639,2, ,0.0,0.0,1,2500,0,0,0,0,0,0
HM,TD,54.560519,-1.333639,2, ,0.0,0.0,227.0,04.3,0,0,0,1,210,0,0,0,0

APPTR,N23,23,TD1
FC,TD,54.560519,-1.333639,0,POL,0.0,0.0,6.0,5.3,2,1900,0,1,210,0,1,1
CF,FN23,54.577336,-1.301478,2,POL,29.1,57.5,227.0,4.0,2,1900,0,0,0,0,0,0

APPTR,N23,23,TD2
FC,TD,54.560519,-1.333639,0,POL,0.0,0.0,25.0,7.0,2,1900,0,1,210,0,1,1
CF,FN23,54.577336,-1.301478,2,POL,29.1,57.5,227.0,5.0,2,1900,0,0,0,0,0,0

FINAL,N23,23,N,3
IF,FN23,54.577336,-1.301478,TD,0.0,0.0,2,1900,0,0,0,0,2,0
CF,TD,54.560519,-1.333639,0,TD,0.0,0.0,227.0,1.5,2,720,0,0,0,0,0,0
CF,RW23,54.516139,-1.416392,0,TD,0.0,0.0,227.0,3.9,1,166,0,0,0,0,3,0
CA,0,227.0,2,2000,0,0,0,0,0,0
DF,TD,54.560519,-1.333639,2, ,0.0,0.0,1,2500,0,0,0,0,0,0
HM,TD,54.560519,-1.333639,2, ,0.0,0.0,227.0,04.3,0,0,0,1,210,0,0,0,0

