SID,MID1,08,1
CA,0,82.0,2,2000,0,0,0,0,0,0
VM,0,0,0,68.0,1,10000,0,0,0,0,0,0

SID,MID1,26,1
CA,0,262.0,2,2000,0,0,0,0,0,0
VM,0,0,2,68.0,1,10000,0,0,0,0,0,0

SID,MID2,08,1
CA,0,82.0,2,2000,0,0,0,0,0,0
VM,0,0,0,98.0,1,10000,0,0,0,0,0,0

SID,MID2,26,1
CA,0,262.0,2,2000,0,0,0,0,0,0
VM,0,0,1,98.0,1,10000,0,0,0,0,0,0

SID,MID3,08,1
CA,0,82.0,2,2000,0,0,0,0,0,0
VM,0,0,0,148.0,1,10000,0,0,0,0,0,0

SID,MID3,26,1
CA,0,262.0,2,2000,0,0,0,0,0,0
VM,0,0,1,148.0,1,10000,0,0,0,0,0,0

SID,MID4,08,1
CA,0,82.0,2,2000,0,0,0,0,0,0
VM,0,0,1,318.0,1,10000,0,0,0,0,0,0

SID,MID4,26,1
CA,0,262.0,2,2000,0,0,0,0,0,0
VM,0,0,0,318.0,1,10000,0,0,0,0,0,0

FINAL,I26,26,I,3
IF,CI26,56.400236,-2.537478,ILU,81.8,11.8,2,2500,0,0,0,0,0,0
CF,FI26,56.386992,-2.706736,0,ILU,81.8,6.1,262.0,5.7,1,1500,0,0,0,0,2,0
CF,RW26,56.376378,-2.840225,0,ILU,81.8,1.6,262.0,4.5,1,75,0,0,0,0,3,0
CA,0,262.0,2,800,0,0,0,0,0,0
VM,0,0,0,252.0,1,3600,0,0,0,0,0,0

