APPTR,I19,19,HON
IF,HON,52.356678,-1.663725, ,0.0,0.0,0,0,0,0,0,0,0,0
CF,D148Y,51.999489,-1.316506,0,HON,148.0,25.0,148.0,25.0,2,2400,0,1,185,0,0,1
CF,CF19,51.949117,-1.285797,0,IOXF,9.7,7.3,190.0,2.0,2,1800,0,0,0,0,0,0

APPTR,I19,19,OX1
IF,OX,51.833411,-1.323458, ,0.0,0.0,2,3500,0,1,185,0,1,0
FC,OX,51.833411,-1.323458,0,BNN,0.0,0.0,351.0,7.1,2,1800,0,0,0,0,0,1
CF,CF19,51.949117,-1.285797,2,IOXF,9.7,7.3,190.0,1.0,2,1800,0,0,0,0,0,0

APPTR,I19,19,OX2
IF,OX,51.833411,-1.323458, ,0.0,0.0,2,3500,0,1,185,0,1,0
FC,OX,51.833411,-1.323458,0,BNN,0.0,0.0,358.0,7.1,2,1800,0,0,0,0,0,1
CF,CF19,51.949117,-1.285797,2,IOXF,9.7,7.3,190.0,1.0,2,1800,0,0,0,0,0,0

FINAL,I19,19,I,3
IF,CF19,51.949117,-1.285797,IOXF,9.7,7.3,2,1800,0,0,0,0,0,0
CF,FF19,51.919675,-1.294781,0,IOXF,9.7,5.5,190.0,1.8,1,1800,0,0,0,0,2,0
CF,RW19,51.842792,-1.318181,0,IOXF,9.7,0.8,190.0,4.7,1,297,0,0,0,0,3,0
CF,OX,51.833411,-1.323458,0,BNN,281.9,29.5,190.0,0.6,0,0,0,0,0,0,0,0
CF,D165D,51.766322,-1.296500,0,BNN,274.2,28.0,165.0,4.2,0,0,0,1,185,0,0,1
DF,OX,51.833411,-1.323458,1, ,0.0,0.0,1,2500,0,0,0,0,0,0
HM,OX,51.833411,-1.323458,2, ,0.0,0.0,335.0,04.3,0,0,0,0,0,0,0,0,0

APPTR,L19,19,HON
IF,HON,52.356678,-1.663725, ,0.0,0.0,0,0,0,0,0,0,0,0
CF,D148Y,51.999489,-1.316506,0,HON,148.0,25.0,148.0,25.0,2,2400,0,1,185,0,0,1
CF,CF19,51.949117,-1.285797,0,IOXF,9.7,7.3,190.0,2.0,2,1800,0,0,0,0,0,0

APPTR,L19,19,OX1
IF,OX,51.833411,-1.323458, ,0.0,0.0,2,3500,0,1,185,0,1,0
FC,OX,51.833411,-1.323458,0,BNN,0.0,0.0,351.0,7.1,2,1800,0,0,0,0,0,1
CF,CF19,51.949117,-1.285797,2,IOXF,9.7,7.3,190.0,1.0,2,1800,0,0,0,0,0,0

APPTR,L19,19,OX2
IF,OX,51.833411,-1.323458, ,0.0,0.0,2,3500,0,1,185,0,1,0
FC,OX,51.833411,-1.323458,0,BNN,0.0,0.0,358.0,7.1,2,1800,0,0,0,0,0,1
CF,CF19,51.949117,-1.285797,2,IOXF,9.7,7.3,190.0,1.0,2,1800,0,0,0,0,0,0

FINAL,L19,19,D,4
IF,CF19,51.949117,-1.285797,IOXF,9.7,7.3,2,1800,0,0,0,0,0,0
CF,FF19,51.919675,-1.294781,0,IOXF,9.7,5.5,190.0,1.8,2,1800,0,0,0,0,2,0
CF,20LOC,51.875511,-1.308231,0,IOXF,9.7,2.8,190.0,2.7,2,940,0,0,0,0,0,0
CF,ML19,51.850975,-1.315692,0,IOXF,9.7,1.3,190.0,1.5,1,457,0,0,0,0,3,0
CF,OX,51.833411,-1.323458,0,BNN,281.9,29.5,190.0,1.1,0,0,0,0,0,0,0,0
CF,D165D,51.766322,-1.296500,0,BNN,274.2,28.0,165.0,4.2,0,0,0,1,185,0,0,1
DF,OX,51.833411,-1.323458,1, ,0.0,0.0,1,2500,0,0,0,0,0,0
HM,OX,51.833411,-1.323458,2, ,0.0,0.0,335.0,04.3,0,0,0,0,0,0,0,0,0

