SID,CPT01,01,2
CD, ,0,0,0,BSO,0,0.0,7.0,2.0,0,0,0,0,0,0,0,0
CA,0,7.0,2,2100,0,0,0,0,0,0
VI,1, ,0.0,170.0,0,0,0,0,0,0,0,0
CF,CPT,51.491572,-1.219692,0,CPT,0.0,0.0,200.0,7.0,1,4000,0,0,0,0,0,0

SID,CPT19,19,2
CD, ,0,0,0,BSO,0,0.0,187.0,2.0,0,0,0,0,0,0,0,0
CA,0,187.0,2,2100,0,0,0,0,0,0
DF,CPT,51.491572,-1.219692,2, ,0.0,0.0,1,4000,0,0,0,0,0,0

SID,VAL01,01,2
CD, ,0,0,0,BSO,0,0.0,7.0,2.0,0,0,0,0,0,0,0,0
CA,0,7.0,2,2100,0,0,0,0,0,0
VM,0,0,1,258.0,1,4000,0,0,0,0,0,0

SID,VAL19,19,2
CD, ,0,0,0,BSO,0,0.0,187.0,2.0,0,0,0,0,0,0,0,0
CA,0,187.0,2,2100,0,0,0,0,0,0
VM,0,0,2,298.0,1,4000,0,0,0,0,0,0

APPTR,I19,19,FF19
IF,FF19,51.717128,-1.073256, ,0.0,0.0,2,3000,0,1,200,0,1,0
FC,FF19,51.717128,-1.073256,0,CPT,0.0,0.0,52.0,4.3,0,0,0,0,0,0,0,1
CF,CF19,51.750108,-1.065936,1,IBO,6.8,9.0,187.0,3.0,2,2000,0,0,0,0,0,0

FINAL,I19,19,I,3
IF,CF19,51.750108,-1.065936,IBO,6.8,9.0,2,2000,0,0,0,0,0,0
CF,FF19,51.717128,-1.073256,0,IBO,6.8,7.0,187.0,2.0,1,2000,0,0,0,0,2,0
CF,RW19,51.623156,-1.094056,0,IBO,6.8,1.3,187.0,5.7,1,249,0,0,0,0,3,0
CA,0,187.0,2,2100,0,0,0,0,0,0
VM,0,0,0,187.0,1,2100,0,0,0,0,0,0

APPTR,T01,01,FT01
IF,FT01,51.515381,-1.116014, ,0.0,0.0,2,3000,0,0,0,0,1,0
HF,FT01,51.515381,-1.116014,2, ,0.0,0.0,5.0,03.3,2,2000,0,0,0,0,0,0,0

FINAL,T01,01,D,3
IF,FT01,51.515381,-1.116014,BSO,185.0,6.4,2,2000,0,0,0,0,2,0
CF,44TAC,51.548492,-1.110444,0,BSO,185.0,4.4,5.0,2.0,2,1360,0,0,0,0,0,0
CF,MT01,51.598156,-1.102078,0,BSO,185.0,1.4,5.0,3.0,1,403,0,0,0,0,3,0
CA,0,7.0,2,2100,0,0,0,0,0,0
VM,0,0,0,7.0,1,2100,0,0,0,0,0,0

APPTR,T19,19,FT19
IF,FT19,51.712506,-1.066967, ,0.0,0.0,2,3000,0,0,0,0,1,0
FC,FT19,51.712506,-1.066967,0,BSO,0.0,0.0,56.0,4.3,0,0,0,0,0,0,0,1
CF,FT19,51.712506,-1.066967,1,BSO,11.0,5.6,191.0,5.0,2,2000,0,0,0,0,0,0

FINAL,T19,19,D,2
IF,FT19,51.712506,-1.066967,BSO,11.0,5.6,2,2000,0,0,0,0,2,0
CF,MT19,51.631100,-1.094828,0,BSO,11.0,0.6,191.0,5.0,1,401,0,0,0,0,3,0
CA,0,187.0,2,2100,0,0,0,0,0,0
VM,0,0,0,187.0,1,2100,0,0,0,0,0,0

