SID,MID,07,1
CD, ,0,0,0,WIT,0,0.0,72.0,7.5,0,0,0,0,0,0,0,0
CA,0,72.0,2,3800,0,0,0,0,0,0
VM,0,0,0,72.0,0,0,0,0,0,0,0,0

SID,MID,25,1
CD, ,0,0,0,WIT,0,0.0,252.0,6.0,0,0,0,0,0,0,0,0
CA,0,252.0,2,3800,0,0,0,0,0,0
VM,0,0,0,252.0,0,0,0,0,0,0,0,0

APPTR,R07,07,AZPEW
IF,AZPEW,52.536711,-0.887072, ,0.0,0.0,2,2800,0,1,230,0,1,0
TF,XT07I,52.561128,-0.756564,0, ,0.0,0.0,0.0,0.0,2,1900,0,0,0,0,1,0

APPTR,R07,07,OCJUB
IF,OCJUB,52.640700,-0.796578, ,0.0,0.0,2,2800,0,1,230,0,1,0
TF,XT07I,52.561128,-0.756564,0, ,0.0,0.0,0.0,0.0,2,1900,0,0,0,0,1,0

APPTR,R07,07,ODFET
IF,ODFET,52.496336,-0.781672, ,0.0,0.0,2,2800,0,1,230,0,1,0
TF,XT07I,52.561128,-0.756564,0, ,0.0,0.0,0.0,0.0,2,1900,0,0,0,0,1,0

FINAL,R07,07,R,3
IF,XT07I,52.561128,-0.756564, ,0.0,0.0,2,1900,0,1,230,0,0,0
TF,XT07F,52.585636,-0.624617,0, ,0.0,0.0,72.0,5.0,2,1900,0,0,0,0,2,0
TF,RW07,52.609519,-0.495122,0, ,0.0,0.0,72.0,5.0,1,324,0,0,0,0,3,1
CF,XTM01,52.633497,-0.364192,0,DTY,44.0,38.7,72.0,5.0,0,0,0,0,0,0,0,0
TF,XTM02,52.713192,-0.403550,0, ,0.0,0.0,0.0,0.0,2,2500,0,0,0,0,0,0
TF,OCJUB,52.640700,-0.796578,0, ,0.0,0.0,0.0,0.0,2,2800,0,1,230,0,0,1
HM,OCJUB,52.640700,-0.796578,2, ,0.0,0.0,179.0,04.3,2,2800,0,1,230,0,0,0,0

APPTR,R25,25,AVGAF
IF,AVGAF,52.579994,-0.181781, ,0.0,0.0,2,2500,0,1,230,0,1,0
TF,XT25I,52.659725,-0.220903,0, ,0.0,0.0,0.0,0.0,2,1900,0,0,0,0,1,0

APPTR,R25,25,ETCAG
IF,ETCAG,52.739442,-0.260161, ,0.0,0.0,2,2500,0,1,230,0,1,0
TF,XT25I,52.659725,-0.220903,0, ,0.0,0.0,0.0,0.0,2,1900,0,0,0,0,1,0

APPTR,R25,25,MIFEW
IF,MIFEW,52.620139,-0.100589, ,0.0,0.0,2,2700,0,1,230,0,1,0
TF,XT25I,52.659725,-0.220903,0, ,0.0,0.0,0.0,0.0,2,1900,0,0,0,0,1,0

FINAL,R25,25,R,3
IF,XT25I,52.659725,-0.220903, ,0.0,0.0,2,1900,0,1,230,0,0,0
TF,XT25F,52.640814,-0.324656,0, ,0.0,0.0,252.0,4.0,2,1900,0,0,0,0,2,0
TF,RW25,52.616592,-0.456686,0, ,0.0,0.0,252.0,5.0,1,294,0,0,0,0,3,1
CF,XTM03,52.595642,-0.570117,0,DTY,37.5,32.0,252.0,4.3,0,0,0,0,0,0,0,0
TF,XTM04,52.526217,-0.535192,0, ,0.0,0.0,0.0,0.0,2,1000,0,0,0,0,0,0
TF,XTM05,52.496425,-0.405056,0, ,0.0,0.0,0.0,0.0,2,2000,0,0,0,0,0,0
TF,XTM06,52.546847,-0.165264,0, ,0.0,0.0,0.0,0.0,2,2000,0,0,0,0,0,0
TF,MIFEW,52.620139,-0.100589,0, ,0.0,0.0,0.0,0.0,2,2700,0,1,230,0,0,1
HM,MIFEW,52.620139,-0.100589,1, ,0.0,0.0,298.0,04.3,2,2700,0,1,230,0,0,0,0

