SID,MID01N,01,2
DF,DER01,52.655581,0.559806,0, ,0.0,0.0,0,0,0,0,0,0,0,1
CF,D005C,52.696672,0.569036,0,MAM,4.7,3.0,7.0,3.0,0,0,0,0,0,0,0,0
CA,0,7.0,2,1700,0,0,0,0,0,0
CA,0,33.0,2,2500,0,0,0,0,0,0
VM,0,0,0,33.0,0,0,0,0,0,0,0,0

SID,MID01W,01,2
DF,DER01,52.655581,0.559806,0, ,0.0,0.0,0,0,0,0,0,0,0,1
CF,D005C,52.696672,0.569036,0,MAM,4.7,3.0,7.0,3.0,0,0,0,0,0,0,0,0
CA,0,7.0,2,1700,0,0,0,0,0,0
CA,1,268.0,2,2500,0,0,0,0,0,0
VM,0,0,0,268.0,0,0,0,0,0,0,0,0

SID,MID05,05,2
DF,DER05,52.655394,0.567381,0, ,0.0,0.0,0,0,0,0,0,0,0,1
CA,0,54.0,2,2500,0,0,0,0,0,0
VM,0,0,0,54.0,0,0,0,0,0,0,0,0

SID,MID19,19,2
DF,DER19,52.639019,0.555700,0, ,0.0,0.0,0,0,0,0,0,0,0,1
CF,D189C,52.597839,0.546478,0,MAM,189.2,3.0,187.0,3.0,0,0,0,0,0,0,0,0
CA,0,187.0,2,1700,0,0,0,0,0,0
CA,0,268.0,2,2500,0,0,0,0,0,0
VM,0,0,0,268.0,0,0,0,0,0,0,0,0

SID,MID23,23,2
DF,DER23,52.641206,0.533517,0, ,0.0,0.0,0,0,0,0,0,0,0,1
CA,0,234.0,2,2500,0,0,0,0,0,0
VM,0,0,0,234.0,0,0,0,0,0,0,0,0

APPTR,I23,23,D24C1
IF,D249C,52.629886,0.483814, ,0.0,0.0,2,6000,0,0,0,0,1,0
CF,MAM,52.646989,0.560922,0,MAM,0.0,0.0,69.0,3.0,2,5000,0,0,0,0,0,0
FD,MAM,52.646989,0.560922,0,MAM,0.0,5.0,82.0,5.0,2,3000,0,0,0,0,0,0
CD, ,0,0,0,MAM,0,0.0,82.0,9.0,0,0,0,0,0,0,0,0
CF,CF23,52.731764,0.750411,1,IMR,54.4,10.0,234.0,1.0,2,1800,0,0,0,0,1,0

APPTR,I23,23,D24C2
IF,D249C,52.629886,0.483814, ,0.0,0.0,2,6000,0,0,0,0,1,0
CF,MAM,52.646989,0.560922,0,MAM,0.0,0.0,69.0,3.0,2,5000,0,0,0,0,0,0
FD,MAM,52.646989,0.560922,0,MAM,0.0,5.0,63.0,5.0,2,3000,0,0,0,0,0,0
CD, ,0,0,0,MAM,0,0.0,63.0,9.0,0,0,0,0,0,0,0,0
CF,CF23,52.731764,0.750411,1,IMR,54.4,10.0,234.0,1.0,2,1800,0,0,0,0,1,0

FINAL,I23,23,I,3
IF,CF23,52.731764,0.750411,IMR,54.4,10.0,2,1800,0,0,0,0,0,0
CF,FF23,52.701650,0.678078,0,IMR,54.4,6.8,234.0,3.2,1,1700,0,0,0,0,2,0
CF,RW23,52.655394,0.567381,0,IMR,54.4,1.9,234.0,4.9,1,124,0,0,0,0,3,0
FA,RW23,52.655394,0.567381,0,MAM,0.0,0.0,234.0,2,1700,0,0,0,0,0,0
VM,0,0,0,234.0,1,1700,0,0,0,0,0,0

APPTR,R05,05,AZJAB
IF,AZJAB,52.481000,0.392950, ,0.0,0.0,2,2000,0,1,230,0,1,0
TF,YM05I,52.549500,0.315494,0, ,0.0,0.0,0.0,0.0,2,1600,0,1,230,0,1,0

APPTR,R05,05,IFVIZ
IF,IFVIZ,52.617947,0.237800, ,0.0,0.0,2,2000,0,1,230,0,1,0
TF,YM05I,52.549500,0.315494,0, ,0.0,0.0,0.0,0.0,2,1600,0,1,230,0,1,0

APPTR,R05,05,OBJOF
IF,OBJOF,52.502156,0.203289, ,0.0,0.0,2,2000,0,1,230,0,1,0
TF,YM05I,52.549500,0.315494,0, ,0.0,0.0,0.0,0.0,2,1600,0,1,230,0,1,0

FINAL,R05,05,R,3
IF,YM05I,52.549500,0.315494, ,0.0,0.0,2,1600,0,1,230,0,0,0
TF,YM05F,52.596842,0.427819,0, ,0.0,0.0,54.0,5.0,2,1600,0,1,230,0,2,0
TF,RW05,52.641206,0.533517,0, ,0.0,0.0,54.0,4.7,1,106,0,0,0,0,3,1
CF,YMM01,52.688444,0.646194,0,BKY,25.9,47.2,54.0,5.0,0,0,0,1,220,0,0,0
TF,YMM02,52.756886,0.568247,0, ,0.0,0.0,0.0,0.0,0,0,0,1,220,0,0,0
TF,IFVIZ,52.617947,0.237800,0, ,0.0,0.0,0.0,0.0,1,2000,0,0,0,0,0,1
HM,IFVIZ,52.617947,0.237800,2, ,0.0,0.0,54.0,04.3,0,0,0,1,230,0,0,0,0

APPTR,R23,23,EZPUC
IF,EZPUC,52.818100,0.715194, ,0.0,0.0,2,2000,0,1,230,0,1,0
TF,YM23I,52.749542,0.792969,0, ,0.0,0.0,0.0,0.0,2,1700,0,1,230,0,1,0

APPTR,R23,23,IZHEC
IF,IZHEC,52.796608,0.906122, ,0.0,0.0,2,2000,0,1,230,0,1,0
TF,YM23I,52.749542,0.792969,0, ,0.0,0.0,0.0,0.0,2,1700,0,1,230,0,1,0

APPTR,R23,23,KADXA
IF,KADXA,52.680931,0.870503, ,0.0,0.0,2,2000,0,1,230,0,1,0
TF,YM23I,52.749542,0.792969,0, ,0.0,0.0,0.0,0.0,2,1700,0,1,230,0,1,0

FINAL,R23,23,R,3
IF,YM23I,52.749542,0.792969, ,0.0,0.0,2,1700,0,1,230,0,0,0
TF,YM23F,52.702475,0.679942,0, ,0.0,0.0,234.0,5.0,2,1700,0,1,230,0,2,0
TF,RW23,52.655394,0.567381,0, ,0.0,0.0,234.0,5.0,1,111,0,0,0,0,3,1
CF,YMM03,52.608150,0.454797,0,BKY,20.1,39.9,234.0,5.0,0,0,0,1,220,0,0,0
TF,YMM04,52.539586,0.532197,0, ,0.0,0.0,0.0,0.0,0,0,0,1,220,0,0,0
TF,KADXA,52.680931,0.870503,0, ,0.0,0.0,0.0,0.0,1,2000,0,0,0,0,0,1
HM,KADXA,52.680931,0.870503,2, ,0.0,0.0,234.0,04.3,0,0,0,1,230,0,0,0,0

APPTR,T01,01,D03E1
IF,D032E,52.716753,0.635556, ,0.0,0.0,2,6000,0,0,0,0,1,0
CF,MAM,52.646989,0.560922,0,MAM,0.0,0.0,212.0,5.0,2,3800,0,0,0,0,0,0
FD,MAM,52.646989,0.560922,0,MAM,0.0,5.2,243.0,5.2,2,1600,0,1,230,0,0,0
CF,FT01,52.566733,0.507717,1,MAM,201.0,5.2,21.0,1.0,2,1600,0,0,0,0,0,0

APPTR,T01,01,D03E2
IF,D032E,52.716753,0.635556, ,0.0,0.0,2,6000,0,0,0,0,1,0
CF,MAM,52.646989,0.560922,0,MAM,0.0,0.0,212.0,5.0,2,3800,0,0,0,0,0,0
FD,MAM,52.646989,0.560922,0,MAM,0.0,5.2,219.0,5.2,2,1600,0,1,230,0,0,0
CF,FT01,52.566733,0.507717,1,MAM,201.0,5.2,21.0,1.0,2,1600,0,0,0,0,0,0

FINAL,T01,01,D,2
IF,FT01,52.566733,0.507717,MAM,201.0,5.2,2,1600,0,0,0,0,2,0
CF,MT01,52.620753,0.543506,0,MAM,201.0,1.7,21.0,3.5,1,483,0,0,0,0,3,1
VM,0,0,0,33.0,1,1700,0,0,0,0,0,0

APPTR,T05,05,D08C1
IF,D080C,52.654769,0.642014, ,0.0,0.0,2,6000,0,0,0,0,1,0
CF,MAM,52.646989,0.560922,0,MAM,0.0,0.0,260.0,3.0,2,5000,0,0,0,0,0,0
FD,MAM,52.646989,0.560922,0,MAM,0.0,5.0,273.0,5.0,2,3000,0,0,0,0,0,0
CD, ,0,0,0,MAM,0,0.0,273.0,9.3,0,0,0,0,0,0,0,0
CF,CT05,52.578917,0.332556,1,MAM,243.0,9.3,63.0,1.0,2,1600,0,0,0,0,1,0

APPTR,T05,05,D08C2
IF,D080C,52.654769,0.642014, ,0.0,0.0,2,6000,0,0,0,0,1,0
CF,MAM,52.646989,0.560922,0,MAM,0.0,0.0,260.0,3.0,2,5000,0,0,0,0,0,0
FD,MAM,52.646989,0.560922,0,MAM,0.0,5.0,253.0,5.0,2,3000,0,0,0,0,0,0
CD, ,0,0,0,MAM,0,0.0,253.0,9.3,0,0,0,0,0,0,0,0
CF,CT05,52.578917,0.332556,1,MAM,243.0,9.3,63.0,1.0,2,1600,0,0,0,0,1,0

FINAL,T05,05,D,4
IF,CT05,52.578917,0.332556,MAM,243.0,9.3,2,1600,0,0,0,0,0,0
CF,FT05,52.599458,0.401236,0,MAM,243.0,6.5,63.0,2.8,2,1600,0,0,0,0,2,0
CF,30TAC,52.625078,0.487178,0,MAM,243.0,3.0,63.0,3.5,2,650,0,0,0,0,0,0
CF,MT05,52.632386,0.511750,0,MAM,243.0,2.0,63.0,1.0,1,369,0,0,0,0,3,0
FA,MT05,52.632386,0.511750,0,MAM,0.0,0.0,54.0,2,1700,0,0,0,0,0,0
VM,0,0,0,54.0,1,1700,0,0,0,0,0,0

APPTR,T19,19,D22C1
IF,D227C,52.613564,0.499964, ,0.0,0.0,2,6000,0,0,0,0,1,0
CF,MAM,52.646989,0.560922,0,MAM,0.0,0.0,47.0,3.0,2,5000,0,0,0,0,0,0
FD,MAM,52.646989,0.560922,0,MAM,0.0,8.0,40.0,8.0,2,2000,0,0,0,0,0,0
CF,CT19,52.779397,0.583872,1,MAM,5.0,8.0,185.0,1.0,2,2000,0,0,0,0,1,0

APPTR,T19,19,D22C2
IF,D227C,52.613564,0.499964, ,0.0,0.0,2,6000,0,0,0,0,1,0
CF,MAM,52.646989,0.560922,0,MAM,0.0,0.0,47.0,3.0,2,5000,0,0,0,0,0,0
FD,MAM,52.646989,0.560922,0,MAM,0.0,8.0,17.0,8.0,2,2000,0,0,0,0,0,0
CF,CT19,52.779397,0.583872,1,MAM,5.0,8.0,185.0,1.0,2,2000,0,0,0,0,1,0

FINAL,T19,19,D,3
IF,CT19,52.779397,0.583872,MAM,5.0,8.0,2,2000,0,0,0,0,0,0
CF,FT19,52.731400,0.575536,0,MAM,5.0,5.1,185.0,2.9,2,1600,0,0,0,0,2,0
CF,MT19,52.673469,0.565500,0,MAM,5.0,1.6,185.0,3.5,1,485,0,0,0,0,3,1
VM,0,0,0,266.0,1,1700,0,0,0,0,0,0

APPTR,T23,23,D24C1
IF,D249C,52.629886,0.483814, ,0.0,0.0,2,6000,0,0,0,0,1,0
CF,MAM,52.646989,0.560922,0,MAM,0.0,0.0,69.0,3.0,2,5000,0,0,0,0,0,0
FD,MAM,52.646989,0.560922,0,MAM,0.0,5.0,77.0,5.0,2,3000,0,0,0,0,0,0
CD, ,0,0,0,MAM,0,0.0,77.0,9.0,0,0,0,0,0,0,0,0
CF,CT23,52.749003,0.741450,1,MAM,46.0,9.0,226.0,1.0,2,1800,0,0,0,0,1,0

APPTR,T23,23,D24C2
IF,D249C,52.629886,0.483814, ,0.0,0.0,2,6000,0,0,0,0,1,0
CF,MAM,52.646989,0.560922,0,MAM,0.0,0.0,69.0,3.0,2,5000,0,0,0,0,0,0
FD,MAM,52.646989,0.560922,0,MAM,0.0,5.0,57.0,5.0,2,3000,0,0,0,0,0,0
CD, ,0,0,0,MAM,0,0.0,57.0,9.0,0,0,0,0,0,0,0,0
CF,CT23,52.749003,0.741450,1,MAM,46.0,9.0,226.0,1.0,2,1800,0,0,0,0,1,0

FINAL,T23,23,D,4
IF,CT23,52.749003,0.741450,MAM,46.0,9.0,2,1800,0,0,0,0,0,0
CF,FT23,52.715028,0.681181,0,MAM,46.0,6.0,226.0,3.0,2,1700,0,0,0,0,2,0
CF,30TA2,52.681022,0.621003,0,MAM,46.0,3.0,226.0,3.0,2,830,0,0,0,0,0,0
CF,MT23,52.669681,0.600967,0,MAM,46.0,2.0,226.0,1.0,1,538,0,0,0,0,3,0
FA,MT23,52.669681,0.600967,0,MAM,0.0,0.0,234.0,2,1700,0,0,0,0,0,0
VM,0,0,0,234.0,1,1700,0,0,0,0,0,0

