APPTR,L20,20,CFN1
IF,CFN,55.044000,-8.339222, ,0.0,0.0,2,3000,0,0,0,0,1,0
TF,D349G,55.162789,-8.387128,0, ,0.0,0.0,0.0,0.0,2,2300,0,0,0,0,0,1
CF,CL21,55.158583,-8.266750,2,IFN,22.4,7.8,203.0,1.0,2,2300,0,0,0,0,0,0

APPTR,L20,20,CFN2
IF,CFN,55.044000,-8.339222, ,0.0,0.0,2,3000,0,0,0,0,1,0
TF,D010G,55.164675,-8.309594,0, ,0.0,0.0,0.0,0.0,2,2300,0,0,0,0,0,1
CF,CL21,55.158583,-8.266750,2,IFN,22.4,7.8,203.0,1.0,2,2300,0,0,0,0,0,0

FINAL,L20,20,D,5
IF,CL21,55.158583,-8.266750,IFN,22.4,7.8,2,2300,0,0,0,0,0,0
CF,YEGAN,55.148167,-8.273500,0,IFN,22.4,7.1,203.0,0.7,2,2300,0,0,0,0,2,0
CF,DL297,55.111778,-8.297194,0,IFN,22.4,4.8,203.0,2.3,2,1480,0,0,0,0,0,0
CF,DL296,55.072806,-8.322472,0,IFN,22.4,2.3,203.0,2.5,2,530,0,0,0,0,0,0
CF,DL295,55.057250,-8.332528,0,IFN,22.4,1.3,203.0,1.0,1,250,0,0,0,0,3,0
CA,0,203.0,2,1500,0,0,0,0,0,0
DF,CFN,55.044000,-8.339222,2, ,0.0,0.0,0,0,0,1,210,0,0,0
HM,CFN,55.044000,-8.339222,1, ,0.0,0.0,23.0,04.3,2,3000,0,1,200,0,0,0,0

APPTR,R02,02,DL101
IF,DL101,54.832861,-8.323583, ,0.0,0.0,2,3600,0,0,0,0,1,0
TF,OXHEN,54.861917,-8.458639,0, ,0.0,0.0,0.0,0.0,2,3000,0,0,0,0,0,0

APPTR,R02,02,DL102
IF,DL102,54.783944,-8.508806, ,0.0,0.0,2,3700,0,0,0,0,1,0
TF,OXHEN,54.861917,-8.458639,0, ,0.0,0.0,0.0,0.0,2,3000,0,0,0,0,0,0

APPTR,R02,02,DL103
IF,DL103,54.890833,-8.593917, ,0.0,0.0,2,3000,0,0,0,0,1,0
TF,OXHEN,54.861917,-8.458639,0, ,0.0,0.0,0.0,0.0,2,3000,0,0,0,0,0,0

FINAL,R02,02,R,4
IF,OXHEN,54.861917,-8.458639, ,0.0,0.0,2,3000,0,0,0,0,0,0
TF,TAFOG,54.939889,-8.408389,0, ,0.0,0.0,23.0,5.0,2,2300,0,0,0,0,2,0
TF,DL099,55.014667,-8.360111,0, ,0.0,0.0,23.0,4.8,2,600,0,0,0,0,0,0
TF,RW02,55.039644,-8.343944,0, ,0.0,0.0,23.0,1.6,1,52,0,0,0,0,3,1
CF,DL105,55.070861,-8.323778,0,CON,16.8,72.0,23.0,2.0,0,0,0,0,0,0,0,1
DF,OXHEN,54.861917,-8.458639,1, ,0.0,0.0,2,3000,0,0,0,0,0,0
HM,OXHEN,54.861917,-8.458639,1, ,0.0,0.0,23.0,04.3,2,3000,0,0,0,0,0,0,0

APPTR,R20,20,DL106
IF,DL106,55.253861,-8.353833, ,0.0,0.0,2,3000,0,0,0,0,1,0
TF,FIXBE,55.226111,-8.222778,0, ,0.0,0.0,0.0,0.0,2,3000,0,0,0,0,0,0

APPTR,R20,20,DL107
IF,DL107,55.304056,-8.171972, ,0.0,0.0,2,3300,0,0,0,0,1,0
TF,FIXBE,55.226111,-8.222778,0, ,0.0,0.0,0.0,0.0,2,3000,0,0,0,0,0,0

APPTR,R20,20,DL108
IF,DL108,55.197028,-8.086500, ,0.0,0.0,2,3600,0,0,0,0,1,0
TF,FIXBE,55.226111,-8.222778,0, ,0.0,0.0,0.0,0.0,2,3000,0,0,0,0,0,0

FINAL,R20,20,R,5
IF,FIXBE,55.226111,-8.222778, ,0.0,0.0,2,3000,0,0,0,0,0,0
TF,OBCEL,55.148167,-8.273500,0, ,0.0,0.0,203.0,5.0,2,2300,0,0,0,0,2,0
TF,DL299,55.111778,-8.297167,0, ,0.0,0.0,203.0,2.3,2,1470,0,0,0,0,0,0
TF,DL298,55.080583,-8.317417,0, ,0.0,0.0,203.0,2.0,2,770,0,0,0,0,0,0
TF,RW20,55.049403,-8.337628,0, ,0.0,0.0,203.0,2.0,1,73,0,0,0,0,3,1
CF,DL112,55.002639,-8.367944,0,CON,16.4,67.7,203.0,3.0,0,0,0,0,0,0,0,1
DF,FIXBE,55.226111,-8.222778,2, ,0.0,0.0,2,3000,0,0,0,0,0,0
HM,FIXBE,55.226111,-8.222778,1, ,0.0,0.0,203.0,04.3,2,3000,0,0,0,0,0,0,0

