SID,ELGU1B,26,5
CF,KN001,53.886417,-9.019861,0,CON,261.7,7.2,261.0,7.0,0,0,0,1,240,0,0,0
TF,KN697,53.774611,-8.981694,0, ,0.0,0.0,0.0,0.0,2,5000,0,1,240,0,0,0
TF,ELGUX,53.709278,-8.386806,0, ,0.0,0.0,0.0,0.0,3,9000,0,1,240,0,0,0

SID,ORFO1B,26,5
CF,KN001,53.886417,-9.019861,0,CON,261.7,7.2,261.0,7.0,0,0,0,1,240,0,0,0
TF,KN698,53.998222,-9.058250,0, ,0.0,0.0,0.0,0.0,2,8000,0,1,240,0,0,0
TF,ORFOD,54.110000,-9.096833,0, ,0.0,0.0,0.0,0.0,3,9000,0,1,240,0,0,0

SID,PIXI1B,26,5
CF,KN001,53.886417,-9.019861,0,CON,261.7,7.2,261.0,7.0,0,0,0,1,240,0,0,0
TF,KN698,53.998222,-9.058250,0, ,0.0,0.0,0.0,0.0,2,8000,0,1,240,0,0,0
TF,PIXIB,54.076389,-8.837028,0, ,0.0,0.0,0.0,0.0,3,9000,0,1,240,0,0,0

SID,TUVP1A,08,5
CF,UCJAT,53.935111,-8.606611,0,DUB,290.6,86.1,81.0,7.0,2,3000,0,0,0,0,0,0
TF,HEXPO,53.981417,-8.209778,0, ,0.0,0.0,0.0,0.0,2,5000,0,0,0,0,0,0
TF,TUVPU,54.013639,-7.932722,0, ,0.0,0.0,0.0,0.0,3,9000,0,0,0,0,0,0

SID,WOWE1A,08,5
CF,UCJAT,53.935111,-8.606611,0,DUB,290.6,86.1,81.0,7.0,2,3000,0,0,0,0,0,0
TF,KN005,53.820333,-8.580000,2, ,0.0,0.0,0.0,0.0,2,5000,0,0,0,0,0,0
TF,WOWEC,53.740333,-8.132333,0, ,0.0,0.0,0.0,0.0,3,9000,0,0,0,0,0,0

STAR,ECQA1A,08,5
IF,ECQAS,54.047083,-8.231028, ,0.0,0.0,2,10000,0,0,0,0,0,0
TF,OKWAK,53.987333,-8.844361,0, ,0.0,0.0,0.0,0.0,0,0,0,0,0,0,0,0
TF,AZAZE,53.951083,-9.151083,0, ,0.0,0.0,0.0,0.0,2,5000,0,0,0,0,0,0

STAR,EDON1A,08,5
IF,EDONO,53.990944,-7.706000, ,0.0,0.0,0,0,0,0,0,0,0,0
TF,ECQAS,54.047083,-8.231028,0, ,0.0,0.0,0.0,0.0,2,10000,0,0,0,0,0,0
TF,OKWAK,53.987333,-8.844361,0, ,0.0,0.0,0.0,0.0,0,0,0,0,0,0,0,0
TF,AZAZE,53.951083,-9.151083,0, ,0.0,0.0,0.0,0.0,2,5000,0,0,0,0,0,0

STAR,EDON1B,26,5
IF,EDONO,53.990944,-7.706000, ,0.0,0.0,2,10000,0,0,0,0,0,0
TF,TUVPU,54.013639,-7.932722,0, ,0.0,0.0,0.0,0.0,2,8000,0,0,0,0,0,0
TF,HEXPO,53.981417,-8.209778,0, ,0.0,0.0,0.0,0.0,2,7000,0,0,0,0,0,0

STAR,EDON1C,08,5
IF,EDONO,53.990944,-7.706000, ,0.0,0.0,0,0,0,0,0,0,0,0
TF,OCGOG,53.882250,-8.177806,0, ,0.0,0.0,0.0,0.0,2,10000,0,0,0,0,0,0
TF,POHEH,53.812417,-8.785333,0, ,0.0,0.0,0.0,0.0,0,0,0,0,0,0,0,0
TF,UNAXA,53.775972,-9.091361,0, ,0.0,0.0,0.0,0.0,2,5000,0,0,0,0,0,0

STAR,QIZO1A,08,5
IF,QIZOH,53.595389,-9.281444, ,0.0,0.0,2,10000,0,0,0,0,0,0
TF,TIDGO,53.843889,-9.370278,0, ,0.0,0.0,0.0,0.0,2,6500,0,0,0,0,0,0
TF,MAPOT,53.861417,-9.227472,0, ,0.0,0.0,0.0,0.0,2,5000,0,0,0,0,0,0

STAR,WOWE1B,26,5
IF,WOWEC,53.740333,-8.132333, ,0.0,0.0,2,10000,0,0,0,0,0,0
TF,OCGOG,53.882250,-8.177806,0, ,0.0,0.0,0.0,0.0,2,9000,0,0,0,0,0,0
TF,HEXPO,53.981417,-8.209778,0, ,0.0,0.0,0.0,0.0,2,7000,0,0,0,0,0,0

APPTR,D08,08,CON
IF,CON,53.908028,-8.820111, ,0.0,0.0,2,4000,0,0,0,0,1,0
FD,CON,53.908028,-8.820111,0,CON,0.0,13.0,250.0,13.0,2,3000,0,0,0,0,0,0
CF,HESRA,53.892639,-9.055167,2,CON,265.8,8.4,86.0,5.0,2,3000,0,1,220,0,0,0

FINAL,D08,08,D,2
IF,HESRA,53.892639,-9.055167,CON,265.8,8.4,2,3000,0,0,0,0,2,0
CF,KN279,53.905861,-8.853722,0,CON,265.8,1.2,86.0,7.2,1,877,0,0,0,0,3,0
CA,0,86.0,2,3000,0,0,0,0,0,0
DF,CON,53.908028,-8.820111,2, ,0.0,0.0,1,4000,0,0,0,0,0,0
HM,CON,53.908028,-8.820111,2, ,0.0,0.0,266.0,04.3,0,0,0,1,200,0,0,0,0

APPTR,D26,26,CON1
IF,CON,53.908028,-8.820111, ,0.0,0.0,2,4000,0,0,0,0,1,0
FD,CON,53.908028,-8.820111,0,CON,0.0,12.0,94.0,12.0,2,3000,0,0,0,0,0,0
CF,LUFOQ,53.944056,-8.605917,1,CON,76.0,7.9,256.0,4.0,2,3000,0,1,220,0,0,0

APPTR,D26,26,CON2
IF,CON,53.908028,-8.820111, ,0.0,0.0,2,4000,0,0,0,0,1,0
FD,CON,53.908028,-8.820111,0,CON,0.0,10.0,86.0,10.0,2,3000,0,0,0,0,0,0
CF,LUFOQ,53.944056,-8.605917,1,CON,76.0,7.9,256.0,2.0,2,3000,0,0,0,0,0,0

APPTR,D26,26,KN284
IF,KN284,53.989583,-8.331556, ,0.0,0.0,2,3000,0,0,0,0,1,0
CF,IKGIC,53.967139,-8.467472,0,CON,76.0,13.0,256.0,5.0,2,3000,0,0,0,0,1,0
CF,LUFOQ,53.944056,-8.605917,0,CON,76.0,7.9,256.0,5.1,2,3000,0,0,0,0,0,0

FINAL,D26,26,D,3
IF,LUFOQ,53.944056,-8.605917,CON,76.0,7.9,2,3000,0,0,0,0,2,0
CF,KN281,53.919472,-8.752361,0,CON,76.0,2.5,256.0,5.4,2,1120,0,0,0,0,0,0
CF,KN280,53.913972,-8.784889,0,CON,76.0,1.3,256.0,1.2,1,902,0,0,0,0,3,0
CA,0,256.0,2,3000,0,0,0,0,0,0
DF,CON,53.908028,-8.820111,1, ,0.0,0.0,1,4000,0,0,0,0,0,0
HM,CON,53.908028,-8.820111,1, ,0.0,0.0,76.0,04.3,0,0,0,1,200,0,0,0,0

APPTR,I26-Y,26,HEXPO
IF,HEXPO,53.981417,-8.209778, ,0.0,0.0,2,7000,0,0,0,0,1,0
CF,KEZPI,53.951306,-8.468306,0,ICK,80.6,13.4,261.0,9.3,2,3000,0,0,0,0,0,0

FINAL,I26-Y,26,I,3
IF,KEZPI,53.951306,-8.468306,ICK,80.6,13.4,2,3000,0,0,0,0,0,0
CF,UCJAT,53.935111,-8.606611,0,ICK,80.7,8.4,261.0,5.0,1,3000,0,0,0,0,2,0
CF,RW26,53.912314,-8.801328,0,ICK,80.7,1.3,261.0,7.0,1,714,0,0,0,0,3,0
CA,0,261.0,2,1500,0,0,0,0,0,0
CF,ICBIB,53.866472,-9.189861,0,CON,261.4,13.4,262.0,12.7,0,0,0,0,0,0,0,0
HM,ICBIB,53.866472,-9.189861,1, ,0.0,0.0,261.0,04.3,2,5000,0,1,220,0,0,0,0

APPTR,I26-Z,26,ELGUX
IF,ELGUX,53.709278,-8.386806, ,0.0,0.0,2,8000,0,0,0,0,1,0
TF,KN291,53.853056,-8.435167,0, ,0.0,0.0,0.0,0.0,2,6000,0,0,0,0,0,0
TF,KEZPI,53.951306,-8.468306,0,ICK,0.0,0.0,0.0,0.0,2,3000,0,0,0,0,0,0

APPTR,I26-Z,26,ETGEZ
IF,ETGEZ,54.048861,-8.501389, ,0.0,0.0,2,6000,0,0,0,0,1,0
TF,KEZPI,53.951306,-8.468306,0,ICK,0.0,0.0,0.0,0.0,2,3000,0,0,0,0,0,0

APPTR,I26-Z,26,HEXPO
IF,HEXPO,53.981417,-8.209778, ,0.0,0.0,2,7000,0,0,0,0,1,0
TF,KEZPI,53.951306,-8.468306,0,ICK,0.0,0.0,0.0,0.0,2,3000,0,0,0,0,0,0

FINAL,I26-Z,26,I,3
IF,KEZPI,53.951306,-8.468306,ICK,80.6,13.4,2,3000,0,0,0,0,0,0
CF,UCJAT,53.935111,-8.606611,0,ICK,80.7,8.4,261.0,5.0,1,3000,0,0,0,0,2,0
CF,RW26,53.912314,-8.801328,0,ICK,80.7,1.3,261.0,7.0,1,714,0,0,0,0,3,0
CF,ICBIB,53.866472,-9.189861,0,CON,261.4,13.4,261.0,14.1,0,0,0,0,0,0,0,1
HM,ICBIB,53.866472,-9.189861,1, ,0.0,0.0,261.0,04.3,2,5000,0,1,220,0,0,0,0

APPTR,Q08,08,KNK
HF,KNK,53.896500,-8.937000,2, ,0.0,0.0,81.0,04.3,2,3000,0,0,0,0,1,0,0

FINAL,Q08,08,N,2
IF,BAPGO,53.884194,-9.041944,KNK,0.0,0.0,2,3000,0,0,0,0,2,0
CF,KN012,53.905222,-8.862139,0,CON,0.0,1.5,81.0,6.5,1,974,0,0,0,0,3,0
CA,0,81.0,2,3000,0,0,0,0,0,0
DF,KNK,53.896500,-8.937000,2, ,0.0,0.0,1,4000,0,0,0,0,0,0
HM,KNK,53.896500,-8.937000,2, ,0.0,0.0,81.0,04.3,0,0,0,0,0,0,0,0,0

APPTR,Q26,26,OK
HF,OK,53.923972,-8.699806,2, ,0.0,0.0,261.0,04.3,2,3000,0,0,0,0,1,0,0

FINAL,Q26,26,N,3
IF,KOPAX,53.935667,-8.601444,OK,0.0,0.0,2,3000,0,0,0,0,2,0
CF,OK,53.923972,-8.699806,0,OK,0.0,0.0,261.0,3.6,2,1875,0,0,0,0,0,0
CF,KN011,53.913861,-8.787750,0,CON,0.0,1.2,262.0,3.2,1,871,0,0,0,0,3,0
CA,0,261.0,2,3000,0,0,0,0,0,0
DF,OK,53.923972,-8.699806,1, ,0.0,0.0,1,4000,0,0,0,0,0,0
HM,OK,53.923972,-8.699806,2, ,0.0,0.0,261.0,04.3,0,0,0,0,0,0,0,0,0

APPTR,R08,08,AQLOR
IF,AQLOR,53.837222,-9.425444, ,0.0,0.0,2,7000,0,0,0,0,1,0
TF,MAPOT,53.861417,-9.227472,0, ,0.0,0.0,0.0,0.0,0,0,0,0,0,0,0,0
TF,RAVHE,53.873861,-9.124667,0, ,0.0,0.0,0.0,0.0,2,3000,0,0,0,0,0,0

APPTR,R08,08,AZAZE
IF,AZAZE,53.951083,-9.151083, ,0.0,0.0,2,5000,0,1,220,0,1,0
TF,RAVHE,53.873861,-9.124667,0, ,0.0,0.0,0.0,0.0,2,3000,0,1,220,0,0,0

APPTR,R08,08,MAPOT
IF,MAPOT,53.861417,-9.227472, ,0.0,0.0,0,0,0,0,0,0,1,0
TF,RAVHE,53.873861,-9.124667,0, ,0.0,0.0,0.0,0.0,2,3000,0,0,0,0,0,0

APPTR,R08,08,UNAXA
IF,UNAXA,53.775972,-9.091361, ,0.0,0.0,2,5000,0,0,0,0,1,0
TF,RAVHE,53.873861,-9.124667,0, ,0.0,0.0,0.0,0.0,2,3000,0,0,0,0,0,0

APPTR,R08,08,UZVEW
IF,UZVEW,53.626722,-9.040861, ,0.0,0.0,2,8000,0,0,0,0,1,0
TF,UNAXA,53.775972,-9.091361,0, ,0.0,0.0,0.0,0.0,2,5000,0,0,0,0,0,0
TF,RAVHE,53.873861,-9.124667,0, ,0.0,0.0,0.0,0.0,2,3000,0,0,0,0,0,0

FINAL,R08,08,R,3
IF,RAVHE,53.873861,-9.124667, ,0.0,0.0,2,3000,0,0,0,0,0,0
TF,TIPMO,53.894583,-8.951333,0, ,0.0,0.0,81.0,6.3,2,2000,0,0,0,0,2,0
TF,RW08,53.908544,-8.833369,0, ,0.0,0.0,81.0,4.3,1,642,0,0,0,0,3,1
TF,CEWHI,53.943639,-8.534750,0, ,0.0,0.0,0.0,0.0,0,0,0,0,0,0,0,1
HM,CEWHI,53.943639,-8.534750,2, ,0.0,0.0,81.0,04.3,2,5000,0,1,220,0,0,0,0

APPTR,R26,26,ELGUX
IF,ELGUX,53.709278,-8.386806, ,0.0,0.0,2,8000,0,0,0,0,1,0
TF,KN291,53.853056,-8.435167,0, ,0.0,0.0,0.0,0.0,2,6000,0,0,0,0,0,0
TF,KEZPI,53.951306,-8.468306,0, ,0.0,0.0,0.0,0.0,2,3000,0,0,0,0,0,0

APPTR,R26,26,ETGEZ
IF,ETGEZ,54.048861,-8.501389, ,0.0,0.0,2,6000,0,0,0,0,1,0
TF,KEZPI,53.951306,-8.468306,0, ,0.0,0.0,0.0,0.0,2,3000,0,0,0,0,0,0

APPTR,R26,26,HEXPO
IF,HEXPO,53.981417,-8.209778, ,0.0,0.0,2,7000,0,0,0,0,1,0
TF,KEZPI,53.951306,-8.468306,0, ,0.0,0.0,0.0,0.0,2,3000,0,0,0,0,0,0

FINAL,R26,26,R,4
IF,KEZPI,53.951306,-8.468306, ,0.0,0.0,2,3000,0,0,0,0,0,0
TF,UCJAT,53.935111,-8.606611,0, ,0.0,0.0,261.0,5.0,2,3000,0,0,0,0,2,0
TF,KN289,53.922056,-8.718389,0, ,0.0,0.0,261.0,4.0,2,1670,0,0,0,0,0,0
TF,RW26,53.912314,-8.801328,0, ,0.0,0.0,261.0,3.0,1,714,0,0,0,0,3,1
TF,ICBIB,53.866472,-9.189861,0, ,0.0,0.0,0.0,0.0,0,0,0,0,0,0,0,1
HM,ICBIB,53.866472,-9.189861,1, ,0.0,0.0,261.0,04.3,2,5000,0,1,220,0,0,0,0

