APPTR,Q01,01,KD
IF,KD,55.443297,9.334839, ,0.0,0.0,2,2300,0,0,0,0,1,0
FD,KD,55.443297,9.334839,0,SKR,13.8,8.5,210.0,8.5,2,1600,0,0,0,0,0,0
CF,FQ01,55.365164,9.290656,1,TNO,248.3,77.2,14.0,1.0,2,1500,0,0,0,0,0,0

APPTR,Q01,01,SKR
IF,SKR,55.228939,9.214058, ,0.0,0.0,2,2300,0,0,0,0,1,0
CF,D014J,55.292306,9.249619,0,TNO,245.7,80.1,14.0,4.0,2,1600,0,0,0,0,0,0
CF,FQ01,55.365164,9.290656,0,TNO,248.3,77.2,14.0,4.6,2,1500,0,0,0,0,0,0

FINAL,Q01,01,N,2
IF,FQ01,55.365164,9.290656,KD,0.0,0.0,2,1500,0,0,0,0,2,0
CF,MQ01,55.430092,9.327358,0,SKR,0.0,12.7,14.0,4.1,1,200,0,0,0,0,3,0
CF,KD,55.443297,9.334839,0,TNO,251.4,74.3,14.0,0.8,0,0,0,0,0,0,0,0
FD,KD,55.443297,9.334839,0,SKR,13.8,16.0,14.0,16.0,0,0,0,0,0,0,0,0
DF,KD,55.443297,9.334839,1, ,0.0,0.0,2,2300,0,0,0,0,0,0
HM,KD,55.443297,9.334839,2, ,0.0,0.0,212.0,04.3,0,0,0,1,150,0,0,0,0

APPTR,Q19,19,KD
IF,KD,55.443297,9.334839, ,0.0,0.0,2,2300,0,0,0,0,1,0
FD,KD,55.443297,9.334839,0,SKR,13.8,18.0,356.0,18.0,2,1700,0,0,0,0,0,0
CF,FQ19,55.504456,9.369853,2,TNO,253.9,72.2,194.0,1.0,2,1500,0,0,0,0,0,0

APPTR,Q19,19,LODBA
IF,LODBA,55.606128,9.426003, ,0.0,0.0,2,2300,0,0,0,0,1,0
CF,D194H,55.577211,9.411658,0,TNO,257.1,69.9,194.0,1.8,2,2300,0,0,0,0,0,0
CF,FQ19,55.504456,9.369853,0,TNO,253.9,72.2,194.0,4.6,2,1500,0,0,0,0,0,0

FINAL,Q19,19,N,3
IF,FQ19,55.504456,9.369853,KD,0.0,0.0,2,1500,0,0,0,0,2,0
CF,VOR15,55.466492,9.348103,0,KD,0.0,0.0,194.0,2.4,2,735,0,0,0,0,0,0
CF,KD,55.443297,9.334839,0,SKR,0.0,13.5,194.0,1.5,1,270,0,0,0,0,3,0
FD,KD,55.443297,9.334839,0,SKR,13.8,11.0,194.0,11.0,0,0,0,0,0,0,0,0
DF,KD,55.443297,9.334839,1, ,0.0,0.0,2,2300,0,0,0,0,0,0
HM,KD,55.443297,9.334839,2, ,0.0,0.0,320.0,04.3,0,0,0,1,150,0,0,0,0

APPTR,R01,01,EBURU
IF,EBURU,55.326325,9.178056, ,0.0,0.0,2,2300,0,0,0,0,1,0
TF,VD013,55.311331,9.261517,0, ,0.0,0.0,0.0,0.0,2,1600,0,0,0,0,1,0

APPTR,R01,01,GEMRO
IF,GEMRO,55.296258,9.345011, ,0.0,0.0,2,2300,0,0,0,0,1,0
TF,VD013,55.311331,9.261517,0, ,0.0,0.0,0.0,0.0,2,1600,0,0,0,0,1,0

APPTR,R01,01,ROSRA
IF,ROSRA,55.263719,9.235189, ,0.0,0.0,2,2300,0,0,0,0,1,0
TF,VD013,55.311331,9.261517,0, ,0.0,0.0,0.0,0.0,2,1600,0,0,0,0,1,0

FINAL,R01,01,R,3
IF,VD013,55.311331,9.261517, ,0.0,0.0,2,1600,0,0,0,0,0,0
TF,VD012,55.365286,9.291431,0, ,0.0,0.0,14.0,3.4,2,1500,0,0,0,0,2,0
TF,RW01,55.431139,9.328061,0, ,0.0,0.0,14.0,4.2,1,179,0,0,0,0,3,1
TF,VD014,55.482500,9.356719,0, ,0.0,0.0,0.0,0.0,0,0,0,0,0,0,0,1
DF,KD,55.443297,9.334839,1, ,0.0,0.0,2,2300,0,0,0,0,0,1
HM,KD,55.443297,9.334839,2, ,0.0,0.0,212.0,04.3,2,2300,0,1,140,0,0,0,0

APPTR,R19,19,ABIVA
IF,ABIVA,55.543403,9.483183, ,0.0,0.0,2,2300,0,0,0,0,1,0
TF,VD194,55.558556,9.399275,0, ,0.0,0.0,0.0,0.0,2,1700,0,0,0,0,1,0

APPTR,R19,19,GOVOV
IF,GOVOV,55.573667,9.315250, ,0.0,0.0,2,2300,0,0,0,0,1,0
TF,VD194,55.558556,9.399275,0, ,0.0,0.0,0.0,0.0,2,1700,0,0,0,0,1,0

APPTR,R19,19,LODBA
IF,LODBA,55.606128,9.426003, ,0.0,0.0,2,2300,0,0,0,0,1,0
TF,VD194,55.558556,9.399275,0, ,0.0,0.0,0.0,0.0,2,1700,0,0,0,0,1,0

FINAL,R19,19,R,3
IF,VD194,55.558556,9.399275, ,0.0,0.0,2,1700,0,0,0,0,0,0
TF,VD193,55.504631,9.369072,0, ,0.0,0.0,194.0,3.4,2,1500,0,0,0,0,2,0
TF,VD191,55.444064,9.335264,0, ,0.0,0.0,194.0,3.8,1,285,0,0,0,0,3,1
TF,VD195,55.403181,9.312489,0, ,0.0,0.0,0.0,0.0,0,0,0,0,0,0,0,1
DF,ABIVA,55.543403,9.483183,1, ,0.0,0.0,2,2300,0,0,0,0,0,1
HM,ABIVA,55.543403,9.483183,2, ,0.0,0.0,284.0,04.3,2,2300,0,1,140,0,0,0,0

