APPTR,N23-X,23,NRD
IF,NRD,52.844750,18.364889, ,0.0,0.0,2,2000,0,0,0,0,1,0
FC,NRD,52.844750,18.364889,0,BYZ,0.0,0.0,70.0,4.3,2,1500,0,0,0,0,0,1
CF,FN23,52.885700,18.451608,1,BYZ,120.1,21.6,226.0,1.0,2,1500,0,0,0,0,0,0

FINAL,N23-X,23,N,3
IF,FN23,52.885700,18.451608,NRD,0.0,0.0,2,1500,0,0,0,0,2,0
CF,NRD,52.844750,18.364889,0,NRD,0.0,0.0,226.0,4.0,2,720,0,0,0,0,0,0
CF,NR,52.834806,18.343750,0,NRD,0.0,0.0,226.0,1.0,1,646,0,0,0,0,3,0
FA,NR,52.834806,18.343750,0,BYZ,0.0,0.0,226.0,2,1300,0,0,0,0,0,0
DF,NRD,52.844750,18.364889,2, ,0.0,0.0,1,2000,0,0,0,0,0,0

APPTR,N23-Y,23,NRD
IF,NRD,52.844750,18.364889, ,0.0,0.0,2,2000,0,0,0,0,1,0
FC,NRD,52.844750,18.364889,0,BYZ,0.0,0.0,70.0,4.3,2,1500,0,0,0,0,0,1
CF,FN23,52.885700,18.451608,1,BYZ,120.1,21.6,226.0,1.0,2,1500,0,0,0,0,0,0

FINAL,N23-Y,23,N,2
IF,FN23,52.885700,18.451608,NRD,0.0,0.0,2,1500,0,0,0,0,2,0
CF,NRD,52.844750,18.364889,0,NRD,0.0,0.0,226.0,4.0,1,907,0,0,0,0,3,0
FA,NRD,52.844750,18.364889,0,BYZ,0.0,0.0,226.0,2,1300,0,0,0,0,0,0
DF,NRD,52.844750,18.364889,2, ,0.0,0.0,1,2000,0,0,0,0,0,0

APPTR,N23-Z,23,NR
IF,NR,52.834806,18.343750, ,0.0,0.0,2,2000,0,0,0,0,1,0
FC,NR,52.834806,18.343750,0,BYZ,0.0,0.0,70.0,4.3,2,1500,0,0,0,0,0,1
CF,FN23Z,52.875756,18.430450,1,BYZ,122.6,21.4,226.0,1.0,2,1500,0,0,0,0,0,0

FINAL,N23-Z,23,N,2
IF,FN23Z,52.875756,18.430450,NR,0.0,0.0,2,1500,0,0,0,0,2,0
CF,NR,52.834806,18.343750,0,NR,0.0,0.0,226.0,4.0,1,598,0,0,0,0,3,0
FA,NR,52.834806,18.343750,0,BYZ,0.0,0.0,226.0,2,1300,0,0,0,0,0,0
DF,NR,52.834806,18.343750,2, ,0.0,0.0,1,2000,0,0,0,0,0,0

APPTR,T05,05,TIR
IF,TIR,52.823861,18.325333, ,0.0,0.0,2,2000,0,0,0,0,1,0
FD,TIR,52.823861,18.325333,0,TIR,0.0,4.5,247.0,4.5,2,1700,0,0,0,0,0,0
CF,CT05,52.784128,18.220581,1,TIR,233.0,4.5,53.0,1.0,2,1700,0,0,0,0,0,0

FINAL,T05,05,D,3
IF,CT05,52.784128,18.220581,TIR,233.0,4.5,2,1700,0,0,0,0,0,0
CF,FT05,52.795556,18.249722,0,TIR,233.3,3.2,53.0,1.3,2,1300,0,0,0,0,2,0
CF,MT05,52.821861,18.320000,0,TIR,233.2,0.2,53.0,3.0,1,356,0,0,0,0,3,0
CA,0,53.0,2,1300,0,0,0,0,0,0
DF,TIR,52.823861,18.325333,1, ,0.0,0.0,1,2000,0,0,0,0,0,0

APPTR,T23,23,TIR
IF,TIR,52.823861,18.325333, ,0.0,0.0,2,2000,0,0,0,0,1,0
FD,TIR,52.823861,18.325333,0,TIR,0.0,5.0,56.0,5.0,2,1500,0,0,0,0,0,0
CF,CT23,52.879494,18.427547,1,TIR,43.0,5.0,223.0,1.0,2,1500,0,0,0,0,0,0

FINAL,T23,23,D,3
IF,CT23,52.879494,18.427547,TIR,43.0,5.0,2,1500,0,0,0,0,0,0
CF,FT23,52.866667,18.404444,0,TIR,43.2,3.9,223.0,1.1,2,1300,0,0,0,0,2,0
CF,MT23,52.833333,18.342833,0,TIR,43.2,0.9,223.0,3.0,1,573,0,0,0,0,3,0
CA,0,223.0,2,1300,0,0,0,0,0,0
DF,TIR,52.823861,18.325333,2, ,0.0,0.0,1,2000,0,0,0,0,0,0

