APPTR,I10,10,D186O
FD,D186O,51.306000,19.095917,0,TAS,186.0,14.0,6.0,14.0,0,0,0,0,0,0,1,0
CI,0, ,0.0,6.0,0,0,0,0,0,0,0,0
AF,LK301,51.447111,18.904389,2,TAS,233.0,12.0,186.0,2,4000,0,0,0,0,0,0
AF,D271L,51.574217,18.860236,2,TAS,271.0,12.0,233.0,2,3000,0,0,0,0,0,0
CI,0,LSK,0.0,71.0,0,0,0,0,0,0,0,0

FINAL,I10,10,I,3
IF,CF10,51.610944,18.872917,LSK,281.4,13.1,2,3000,0,0,0,0,0,0
CF,FF10,51.580361,19.031389,0,LSK,281.4,6.9,101.0,6.2,1,2300,0,0,0,0,2,0
CF,RW10,51.555019,19.161864,0,LSK,281.4,1.8,101.0,5.1,1,671,0,0,0,0,3,0
CA,0,101.0,2,3000,0,0,0,0,0,0
CI,2, ,0.0,231.0,0,0,0,1,220,0,0,0
FM,TAS,51.550306,19.178417,0,TAS,0.0,0.0,186.0,1,4000,0,0,0,0,0,0

APPTR,I28-Y,28,D186O
FD,D186O,51.306000,19.095917,0,TAS,186.0,14.0,6.0,14.0,0,0,0,0,0,0,1,0
CI,0, ,0.0,6.0,0,0,0,0,0,0,0,0
AF,LK101,51.366917,19.305139,1,TAS,150.6,12.0,186.0,0,0,0,0,0,0,0,0
AF,D116L,51.444136,19.449500,1,TAS,116.0,12.0,151.0,2,3000,0,0,0,0,0,0
CI,0,IAS,0.0,326.0,0,0,0,0,0,0,0,0

FINAL,I28-Y,28,I,3
IF,CI28Y,51.491583,19.484444,IAS,101.4,12.9,2,3000,0,0,0,0,0,0
CF,FI28,51.521583,19.332611,0,IAS,101.4,6.9,281.0,6.0,1,2300,0,0,0,0,2,0
CF,RW28,51.546964,19.203139,0,IAS,101.4,1.8,281.0,5.1,1,681,0,0,0,0,3,0
FA,RW28,51.546964,19.203139,0,TAS,0.0,0.0,281.0,2,3000,0,0,0,0,0,0
CI,1, ,0.0,156.0,0,0,0,1,220,0,0,0
CF,D186O,51.306000,19.095917,0,TAS,186.0,15.0,186.0,6.0,1,4000,0,0,0,0,0,0

FINAL,I28-Z,28,I,3
IF,CI28Z,51.511392,19.384322,IAS,101.4,9.0,2,2300,0,0,0,0,0,0
CF,FI28,51.521583,19.332611,0,IAS,101.4,6.9,281.0,2.0,1,2300,0,0,0,0,2,0
CF,RW28,51.546964,19.203139,0,IAS,101.4,1.8,281.0,5.1,1,681,0,0,0,0,3,0
CA,0,281.0,2,3000,0,0,0,0,0,0
DF,TAS,51.550306,19.178417,1, ,0.0,0.0,0,0,0,1,220,0,0,0

APPTR,T10,10,D186O
FD,D186O,51.306000,19.095917,0,TAS,186.0,14.0,6.0,14.0,0,0,0,0,0,0,1,0
CI,0, ,0.0,6.0,0,0,0,0,0,0,0,0
AF,LK301,51.447111,18.904389,2,TAS,233.0,12.0,186.0,2,4000,0,0,0,0,0,0
AF,D271L,51.574217,18.860236,2,TAS,271.0,12.0,233.0,2,3000,0,0,0,0,0,0
AF,CT10,51.623778,18.880222,2,TAS,285.7,12.0,271.0,2,3000,0,0,0,0,1,0

FINAL,T10,10,D,3
IF,CT10,51.623778,18.880222,TAS,285.7,12.0,2,3000,0,0,0,0,0,0
CF,FT10,51.585944,19.034306,0,TAS,285.7,5.8,106.0,6.2,2,2300,0,0,0,0,2,0
CF,RW10,51.555019,19.161864,0,TAS,288.6,0.7,106.0,5.1,1,671,0,0,0,0,3,0
FA,RW10,51.555019,19.161864,0,TAS,0.0,0.0,106.0,2,3000,0,0,0,0,0,0
CI,2, ,0.0,216.0,0,0,0,1,220,0,0,0
CF,D186O,51.306000,19.095917,0,TAS,186.0,15.0,186.0,6.0,1,4000,0,0,0,0,0,0

APPTR,T28,28,D186O
FD,D186O,51.306000,19.095917,0,TAS,186.0,14.0,6.0,14.0,0,0,0,0,0,0,1,0
CI,0, ,0.0,6.0,0,0,0,0,0,0,0,0
AF,LK101,51.366917,19.305139,1,TAS,150.6,12.0,186.0,0,0,0,0,0,0,0,0
AF,CT28,51.501583,19.488944,1,TAS,98.0,12.0,151.0,2,3000,0,0,0,0,1,0

FINAL,T28,28,D,3
IF,CT28,51.501583,19.488944,TAS,98.0,12.0,2,3000,0,0,0,0,0,0
CF,FT28,51.525917,19.334556,0,TAS,98.0,6.0,278.0,6.0,2,2300,0,0,0,0,2,0
CF,RW28,51.546964,19.203139,0,TAS,96.2,1.0,278.0,5.1,1,681,0,0,0,0,3,0
FA,RW28,51.546964,19.203139,0,TAS,0.0,0.0,278.0,2,3000,0,0,0,0,0,0
CI,1, ,0.0,156.0,0,0,0,1,220,0,0,0
CF,D186O,51.306000,19.095917,0,TAS,186.0,15.0,186.0,6.0,1,4000,0,0,0,0,0,0

