SID,BENK2K,12,5
CF,NZ650,63.178167,14.584306,0,OSS,110.0,2.9,107.0,1.0,0,0,0,0,0,0,0,1
TF,NZ652,63.106222,14.752111,0, ,0.0,0.0,0.0,0.0,0,0,0,1,240,0,0,1
TF,BENKA,63.310472,15.409056,0, ,0.0,0.0,0.0,0.0,0,0,0,0,0,0,0,0

SID,BENK2L,30,5
CF,NZ950,63.212667,14.412528,0,OSS,285.2,2.2,289.0,2.0,0,0,0,0,0,0,0,1
DF,ESULO,63.303750,14.547194,2, ,0.0,0.0,0,0,0,0,0,0,0,0
TF,BENKA,63.310472,15.409056,0, ,0.0,0.0,0.0,0.0,0,0,0,0,0,0,0,0

SID,BENK3G,12,2
CD, ,0,0,0,OSS,0,0.0,109.0,3.0,0,0,0,0,0,0,0,0
CD, ,0,0,0,OSS,0,0.0,122.0,9.0,0,0,0,0,0,0,0,0
CI,1, ,0.0,5.0,0,0,0,0,0,0,0,0
CF,BENKA,63.310472,15.409056,0,OSS,68.6,25.9,69.0,15.0,0,0,0,0,0,0,0,0

SID,BENK5B,12,2
CD, ,0,0,0,OSS,0,0.0,109.0,3.0,0,0,0,0,0,0,0,0
CI,0, ,0.0,39.0,0,0,0,0,0,0,0,0
CF,BENKA,63.310472,15.409056,0,OSS,68.6,25.9,69.0,19.0,0,0,0,0,0,0,0,0

SID,DOFO1G,12,2
CD, ,0,0,0,OSS,0,0.0,109.0,3.0,0,0,0,0,0,0,0,0
CD, ,0,0,0,OSS,0,0.0,122.0,9.0,0,0,0,0,0,0,0,0
CI,2, ,0.0,244.0,0,0,0,0,0,0,0,0
CF,DOFOK,62.709778,14.453944,0,OSS,175.8,29.5,176.0,20.0,0,0,0,0,0,0,0,0

SID,DOFO1K,12,5
CF,NZ650,63.178167,14.584306,0,OSS,110.0,2.9,107.0,1.0,0,0,0,0,0,0,0,1
TF,NZ652,63.106222,14.752111,0, ,0.0,0.0,0.0,0.0,0,0,0,1,240,0,0,1
TF,DOFOK,62.709778,14.453944,0, ,0.0,0.0,0.0,0.0,0,0,0,0,0,0,0,0

SID,DOFO1L,30,5
CF,NZ950,63.212667,14.412528,0,OSS,285.2,2.2,289.0,2.0,0,0,0,0,0,0,0,1
DF,NZ750,63.118417,14.337389,1, ,0.0,0.0,0,0,0,0,0,0,0,0
TF,DIGLO,62.869333,14.420611,0, ,0.0,0.0,0.0,0.0,0,0,0,0,0,0,0,0
TF,DOFOK,62.709778,14.453944,0, ,0.0,0.0,0.0,0.0,0,0,0,0,0,0,0,0

SID,OSLA2K,12,5
CF,NZ650,63.178167,14.584306,0,OSS,110.0,2.9,107.0,1.0,0,0,0,0,0,0,0,1
TF,NZ652,63.106222,14.752111,0, ,0.0,0.0,0.0,0.0,0,0,0,1,240,0,0,1
TF,OSLAV,62.726361,15.183306,0, ,0.0,0.0,0.0,0.0,0,0,0,0,0,0,0,0

SID,OSLA2L,30,5
CF,NZ950,63.212667,14.412528,0,OSS,285.2,2.2,289.0,2.0,0,0,0,0,0,0,0,1
DF,NZ750,63.118417,14.337389,1, ,0.0,0.0,0,0,0,0,0,0,0,0
TF,OSLAV,62.726361,15.183306,0, ,0.0,0.0,0.0,0.0,0,0,0,0,0,0,0,0

SID,OSLA3G,12,2
CD, ,0,0,0,OSS,0,0.0,109.0,3.0,0,0,0,0,0,0,0,0
CD, ,0,0,0,OSS,0,0.0,122.0,9.0,0,0,0,0,0,0,0,0
CI,0, ,0.0,170.0,0,0,0,0,0,0,0,0
CF,OSLAV,62.726361,15.183306,0,OSS,139.9,34.3,140.0,20.0,0,0,0,0,0,0,0,0

STAR,BENK2T,30,5
IF,BENKA,63.310472,15.409056, ,0.0,0.0,2,10000,0,0,0,0,0,0
TF,NZ403,63.210389,15.128917,0, ,0.0,0.0,0.0,0.0,2,3800,0,0,0,0,0,0
TF,NZ623,63.116944,14.870472,0, ,0.0,0.0,0.0,0.0,2,2800,0,0,0,0,0,0

STAR,BENK6E,12,2
IF,BENKA,63.310472,15.409056, ,0.0,0.0,0,0,0,0,0,0,0,0
TF,D069O,63.264597,15.021025,0, ,0.0,0.0,0.0,0.0,0,0,0,0,0,0,0,0
TF,OSS,63.199556,14.487556,0, ,0.0,0.0,0.0,0.0,0,0,0,0,0,0,0,0

STAR,BENK7F,30,2
IF,BENKA,63.310472,15.409056, ,0.0,0.0,0,0,0,0,0,0,0,0
TF,D069O,63.264597,15.021025,0, ,0.0,0.0,0.0,0.0,0,0,0,0,0,0,0,0
TF,D069L,63.251747,14.914139,0, ,0.0,0.0,0.0,0.0,0,0,0,0,0,0,0,0
CI,0, ,0.0,249.0,0,0,0,0,0,0,0,0
AF,D098J,63.158911,14.844125,2,OSS,98.0,10.0,69.0,0,0,0,0,0,0,0,0
TF,CD30,63.121181,14.811603,0, ,0.0,0.0,0.0,0.0,0,0,0,0,0,0,0,0
TF,FD30,63.153403,14.678956,0, ,0.0,0.0,0.0,0.0,0,0,0,0,0,0,0,0

STAR,LUHI1E,12,2
IF,LUHIQ,62.703361,14.633111, ,0.0,0.0,0,0,0,0,0,0,0,0
TF,D166O,62.952533,14.560639,0, ,0.0,0.0,0.0,0.0,0,0,0,0,0,0,0,0
TF,OSS,63.199556,14.487556,0, ,0.0,0.0,0.0,0.0,0,0,0,0,0,0,0,0

STAR,LUHI1F,30,2
IF,LUHIQ,62.703361,14.633111, ,0.0,0.0,0,0,0,0,0,0,0,0
TF,D166O,62.952533,14.560639,0, ,0.0,0.0,0.0,0.0,0,0,0,0,0,0,0,0
TF,D166L,63.001942,14.546122,0, ,0.0,0.0,0.0,0.0,0,0,0,0,0,0,0,0
CI,0, ,0.0,346.0,0,0,0,0,0,0,0,0
AF,D126J,63.088114,14.759986,1,OSS,126.0,10.0,166.0,0,0,0,0,0,0,0,0
TF,CD30,63.121181,14.811603,0, ,0.0,0.0,0.0,0.0,0,0,0,0,0,0,0,0
TF,FD30,63.153403,14.678956,0, ,0.0,0.0,0.0,0.0,0,0,0,0,0,0,0,0

STAR,LUHI1H,12,5
IF,LUHIQ,62.703361,14.633111, ,0.0,0.0,2,10000,0,0,0,0,0,0
TF,DIGLO,62.869333,14.420611,0, ,0.0,0.0,0.0,0.0,2,7000,0,0,0,0,0,0
TF,NZ704,63.048028,14.342278,0, ,0.0,0.0,0.0,0.0,2,3800,0,0,0,0,0,0

STAR,LUHI1S,12,5
IF,LUHIQ,62.703361,14.633111, ,0.0,0.0,2,10000,0,0,0,0,0,0
TF,DIGLO,62.869333,14.420611,0, ,0.0,0.0,0.0,0.0,2,7000,0,0,0,0,0,0
TF,NZ720,63.115056,14.157583,0, ,0.0,0.0,0.0,0.0,2,3800,0,0,0,0,0,0
TF,NZ825,63.191361,14.071750,0, ,0.0,0.0,0.0,0.0,0,0,0,0,0,0,0,0
TF,NZ855,63.267056,14.147639,0, ,0.0,0.0,0.0,0.0,2,2800,0,1,210,0,0,0

STAR,LUHI1T,30,5
IF,LUHIQ,62.703361,14.633111, ,0.0,0.0,2,10000,0,0,0,0,0,0
TF,NZ551,62.815944,14.697028,0, ,0.0,0.0,0.0,0.0,2,7000,0,0,0,0,0,0
TF,NZ552,62.972361,14.786333,0, ,0.0,0.0,0.0,0.0,2,3800,0,0,0,0,0,0
TF,NZ623,63.116944,14.870472,0, ,0.0,0.0,0.0,0.0,2,2800,0,0,0,0,0,0

APPTR,D12,12,OSS1
FD,OSS,63.199556,14.487556,0,OSS,0.0,8.0,249.0,8.0,2,2800,0,0,0,0,0,0
CF,FD12,63.227031,14.309931,2,OSS,283.0,5.1,103.0,3.0,2,2800,0,0,0,0,0,0

APPTR,D12,12,OSS2
FD,OSS,63.199556,14.487556,0,OSS,0.0,8.0,317.0,8.0,2,2800,0,0,0,0,0,0
CF,FD12,63.227031,14.309931,1,OSS,283.0,5.1,103.0,3.0,2,2800,0,0,0,0,0,0

APPTR,D12,12,OSS3
FD,OSS,63.199556,14.487556,0,OSS,0.0,8.0,271.0,8.0,2,2800,0,0,0,0,0,0
CF,FD12,63.227031,14.309931,2,OSS,283.0,5.1,103.0,3.0,2,2800,0,0,0,0,0,0

APPTR,D12,12,OSS4
FD,OSS,63.199556,14.487556,0,OSS,0.0,8.0,295.0,8.0,2,2800,0,0,0,0,0,0
CF,FD12,63.227031,14.309931,1,OSS,283.0,5.1,103.0,3.0,2,2800,0,0,0,0,0,0

FINAL,D12,12,D,2
IF,FD12,63.227031,14.309931,OSS,283.0,5.1,2,2800,0,0,0,0,2,0
CF,RW12,63.198814,14.479422,0,OSS,252.6,0.2,103.0,4.9,1,1245,0,0,0,0,3,0
CF,OSS,63.199556,14.487556,0,OSS,0.0,0.0,103.0,0.2,0,0,0,0,0,0,0,1
FA,OSS,63.199556,14.487556,0,OSS,0.0,0.0,103.0,2,3600,0,0,0,0,0,0
DF,OSS,63.199556,14.487556,1, ,0.0,0.0,1,3600,0,0,0,0,0,0

APPTR,D30,30,OSS1
FD,OSS,63.199556,14.487556,0,OSS,0.0,10.0,84.0,10.0,2,3600,0,0,0,0,0,0
CF,CD30,63.121181,14.811603,2,OSS,112.0,10.0,292.0,2.0,2,3600,0,0,0,0,1,0

APPTR,D30,30,OSS2
FD,OSS,63.199556,14.487556,0,OSS,0.0,10.0,140.0,10.0,2,3600,0,0,0,0,0,0
CF,CD30,63.121181,14.811603,1,OSS,112.0,10.0,292.0,2.0,2,3600,0,0,0,0,1,0

APPTR,D30,30,OSS3
FD,OSS,63.199556,14.487556,0,OSS,0.0,10.0,102.0,10.0,2,3600,0,0,0,0,0,0
CF,CD30,63.121181,14.811603,2,OSS,112.0,10.0,292.0,2.0,2,3600,0,0,0,0,1,0

APPTR,D30,30,OSS4
FD,OSS,63.199556,14.487556,0,OSS,0.0,10.0,122.0,10.0,2,3600,0,0,0,0,0,0
CF,CD30,63.121181,14.811603,1,OSS,112.0,10.0,292.0,2.0,2,3600,0,0,0,0,1,0

FINAL,D30,30,D,3
IF,CD30,63.121181,14.811603,OSS,112.0,10.0,2,3600,0,0,0,0,0,0
CF,FD30,63.153403,14.678956,0,OSS,112.0,5.9,292.0,4.1,2,2800,0,0,0,0,2,0
CF,RW30,63.189444,14.524547,0,OSS,115.2,1.2,292.0,4.7,1,1284,0,0,0,0,3,0
CF,OSS,63.199556,14.487556,0,OSS,0.0,0.0,292.0,1.2,0,0,0,0,0,0,0,0
FA,OSS,63.199556,14.487556,0,OSS,0.0,0.0,292.0,2,3600,0,0,0,0,0,0
DF,OSS,63.199556,14.487556,2, ,0.0,0.0,1,3600,0,0,0,0,0,0

APPTR,I12,12,NZ855
IF,NZ855,63.267056,14.147639, ,0.0,0.0,2,2800,0,1,210,0,1,0
CF,CI12,63.246472,14.248422,0,PC,288.7,8.5,109.0,3.0,2,2800,0,0,0,0,0,0

APPTR,I12,12,OSS1
IF,OSS,63.199556,14.487556, ,0.0,0.0,0,0,0,0,0,0,0,0
FD,OSS,63.199556,14.487556,0,OSS,0.0,8.0,254.0,8.0,0,0,0,0,0,0,0,0
CF,CI12,63.246472,14.248422,2,PC,288.7,8.5,109.0,2.0,2,2800,0,0,0,0,0,0

APPTR,I12,12,OSS2
IF,OSS,63.199556,14.487556, ,0.0,0.0,0,0,0,0,0,0,0,0
FD,OSS,63.199556,14.487556,0,OSS,0.0,8.0,321.0,8.0,0,0,0,0,0,0,0,0
CF,CI12,63.246472,14.248422,1,PC,288.7,8.5,109.0,2.0,2,2800,0,0,0,0,0,0

APPTR,I12,12,OSS3
IF,OSS,63.199556,14.487556, ,0.0,0.0,0,0,0,0,0,0,0,0
FD,OSS,63.199556,14.487556,0,OSS,0.0,8.0,276.0,8.0,0,0,0,0,0,0,0,0
CF,CI12,63.246472,14.248422,2,PC,288.7,8.5,109.0,2.0,2,2800,0,0,0,0,0,0

APPTR,I12,12,OSS4
IF,OSS,63.199556,14.487556, ,0.0,0.0,0,0,0,0,0,0,0,0
FD,OSS,63.199556,14.487556,0,OSS,0.0,8.0,299.0,8.0,0,0,0,0,0,0,0,0
CF,CI12,63.246472,14.248422,1,PC,288.7,8.5,109.0,2.0,2,2800,0,0,0,0,0,0

FINAL,I12,12,I,3
IF,CI12,63.246472,14.248422,PC,288.7,8.5,2,2800,0,0,0,0,0,0
CF,FI12,63.232689,14.315486,0,PC,288.7,6.5,109.0,2.0,1,2800,0,0,0,0,2,0
CF,RW12,63.198814,14.479422,0,PC,288.7,1.6,109.0,4.9,1,1245,0,0,0,0,3,0
CA,0,109.0,2,3600,0,0,0,0,0,0
DF,OSS,63.199556,14.487556,1, ,0.0,0.0,1,3600,0,0,0,0,0,0
HM,OSS,63.199556,14.487556,2, ,0.0,0.0,292.0,04.3,2,3600,0,0,0,0,0,0,0

APPTR,R12-Y,12,NZ704
IF,NZ704,63.048028,14.342278, ,0.0,0.0,0,0,0,0,0,0,1,0
TF,NZ707,63.123250,14.308361,0, ,0.0,0.0,0.0,0.0,2,3800,0,0,0,0,1,0

APPTR,R12-Y,12,NZ705
IF,NZ705,63.070861,14.436167, ,0.0,0.0,0,0,0,0,0,0,1,0
TF,NZ707,63.123250,14.308361,0, ,0.0,0.0,0.0,0.0,2,3800,0,0,0,0,1,0

FINAL,R12-Y,12,R,4
IF,NZ707,63.123250,14.308361, ,0.0,0.0,2,3800,0,0,0,0,0,0
TF,NZ708,63.170861,14.291167,0, ,0.0,0.0,345.0,2.9,1,3500,0,1,185,0,2,0
RF,NZ950,63.212667,14.412528,2,NZ709,111.2,2.4,0,0,0,0,0,0,0,0
TF,RW12,63.198814,14.479422,0, ,0.0,0.0,109.0,2.0,1,1244,0,0,0,0,3,1
TF,NZ595,63.150389,14.713472,0, ,0.0,0.0,0.0,0.0,0,0,0,0,0,0,0,0
RF,NZ402,63.248389,14.814250,1,NZ401,291.5,3.3,0,0,0,1,230,0,0,0
TF,ESULO,63.303750,14.547194,0, ,0.0,0.0,0.0,0.0,2,3600,0,0,0,0,0,1
HM,ESULO,63.303750,14.547194,2, ,0.0,0.0,289.0,04.3,2,3600,0,1,230,0,0,0,0

APPTR,R12-Z,12,NZ856
IF,NZ856,63.297833,13.996278, ,0.0,0.0,2,5200,0,0,0,0,1,0
TF,NZ855,63.267056,14.147639,0, ,0.0,0.0,0.0,0.0,2,2800,0,0,0,0,1,0

APPTR,R12-Z,12,NZ857
IF,NZ857,63.342722,14.223917, ,0.0,0.0,2,3600,0,0,0,0,1,0
TF,NZ855,63.267056,14.147639,0, ,0.0,0.0,0.0,0.0,2,2800,0,1,210,0,1,0

FINAL,R12-Z,12,R,3
IF,NZ855,63.267056,14.147639, ,0.0,0.0,2,2800,0,0,0,0,0,0
TF,NZ902,63.232694,14.315444,0, ,0.0,0.0,108.0,5.0,1,2800,0,0,0,0,2,0
TF,RW12,63.198814,14.479422,0, ,0.0,0.0,109.0,4.9,1,1244,0,0,0,0,3,1
CF,NZ595,63.150389,14.713472,0,OSS,109.6,6.8,108.0,7.0,0,0,0,0,0,0,0,1
DF,ESULO,63.303750,14.547194,1, ,0.0,0.0,2,3600,0,1,230,0,0,1
HM,ESULO,63.303750,14.547194,2, ,0.0,0.0,289.0,04.3,2,3600,0,1,230,0,0,0,0

FINAL,R30,30,R,3
IF,NZ623,63.116944,14.870472, ,0.0,0.0,2,2800,0,0,0,0,0,0
TF,NZ550,63.156250,14.683694,0, ,0.0,0.0,289.0,5.6,1,2800,0,0,0,0,2,0
TF,RW30,63.189444,14.524547,0, ,0.0,0.0,289.0,4.8,1,1284,0,0,0,0,3,1
CF,NZ850,63.242972,14.267056,0,OSS,287.7,6.5,289.0,7.7,0,0,0,0,0,0,0,1
DF,ESULO,63.303750,14.547194,2, ,0.0,0.0,2,3600,0,1,230,0,0,1
HM,ESULO,63.303750,14.547194,2, ,0.0,0.0,289.0,04.3,2,3600,0,1,230,0,0,0,0

