SID,GOTA1L,21,5
CF,SV700,57.615417,18.331278,0,VSB,183.7,2.7,180.0,2.4,0,0,0,0,0,0,0,1
DF,SV550,57.631694,18.550472,1, ,0.0,0.0,0,0,0,1,210,0,0,0
TF,SV451,57.816917,18.684417,0, ,0.0,0.0,0.0,0.0,0,0,0,0,0,0,0,0
TF,GOTAL,58.243889,18.461944,0, ,0.0,0.0,0.0,0.0,0,0,0,0,0,0,0,0

SID,HANS6C,21,2
CA,0,194.0,2,570,0,0,0,0,0,0
CF,D183C,57.610394,18.330719,0,VSB,183.0,3.0,183.0,3.0,0,0,0,0,0,0,0,1
CR,2,VSB,236.0,308.0,0,0,0,0,0,0,0,0
CI,0, ,0.0,338.0,0,0,0,0,0,0,0,0
CF,HANSA,57.913556,17.813306,0,VSB,304.9,23.0,305.0,13.0,0,0,0,0,0,0,0,0

SID,KINT3C,21,2
CA,0,194.0,2,570,0,0,0,0,0,0
CF,D183D,57.594017,18.325347,0,VSB,183.0,4.0,183.0,4.0,0,0,0,0,0,0,0,1
CI,0, ,0.0,253.0,0,0,0,0,0,0,0,0
CF,KINTI,57.449750,17.886944,0,VSB,222.9,19.5,223.0,10.0,0,0,0,0,0,0,0,0

SID,KINT3K,03,5
CA,0,14.0,2,700,0,0,0,0,0,0
DF,SV703,57.588611,18.070694,1, ,0.0,0.0,0,0,0,0,0,0,0,0
TF,KINTI,57.449750,17.886944,0, ,0.0,0.0,0.0,0.0,0,0,0,0,0,0,0,0

SID,ROGM3K,03,5
CA,0,14.0,2,700,0,0,0,0,0,0
DF,ROGMI,58.193889,18.001667,0, ,0.0,0.0,0,0,0,0,0,0,0,0

SID,ROGM3L,21,5
CF,SV700,57.615417,18.331278,0,VSB,183.7,2.7,180.0,2.4,0,0,0,0,0,0,0,1
DF,SV702,57.638194,18.106444,2, ,0.0,0.0,0,0,0,1,210,0,0,0
TF,ROGMI,58.193889,18.001667,0, ,0.0,0.0,0.0,0.0,0,0,0,0,0,0,0,0

STAR,GOTA1H,03,5
IF,GOTAL,58.243889,18.461944, ,0.0,0.0,2,10000,0,0,0,0,0,0
TF,VEPAX,57.826361,18.463889,0, ,0.0,0.0,0.0,0.0,2,5000,0,0,0,0,0,0
TF,SV551,57.531250,18.418278,0, ,0.0,0.0,0.0,0.0,0,0,0,0,0,0,0,0
TF,DEMUS,57.453694,18.362611,0, ,0.0,0.0,0.0,0.0,2,2200,0,0,0,0,0,0

STAR,GOTA3S,03,5
IF,GOTAL,58.243889,18.461944, ,0.0,0.0,2,10000,0,0,0,0,0,0
TF,SV970,57.787389,18.219611,0, ,0.0,0.0,0.0,0.0,2,5000,0,0,0,0,0,0
TF,SOPAK,57.513250,18.074306,0, ,0.0,0.0,0.0,0.0,2,2200,0,0,0,0,0,0

STAR,GOTA3T,21,5
IF,GOTAL,58.243889,18.461944, ,0.0,0.0,2,10000,0,0,0,0,0,0
TF,SV450,58.018333,18.462972,0, ,0.0,0.0,0.0,0.0,2,5000,0,0,0,0,0,0
TF,VEPAX,57.826361,18.463889,0, ,0.0,0.0,0.0,0.0,2,1800,0,0,0,0,0,0

STAR,HANS6F,21,2
IF,HANSA,57.913556,17.813306, ,0.0,0.0,0,0,0,0,0,0,0,0
TF,D305M,57.803650,18.045644,0, ,0.0,0.0,0.0,0.0,0,0,0,0,0,0,0,0
CI,0, ,0.0,125.0,0,0,0,0,0,0,0,0
AF,D360K,57.841075,18.388661,2,VSB,360.0,11.0,305.0,0,0,0,0,0,0,0,1
CF,FF21,57.749203,18.408250,0,VSB,13.1,5.7,194.0,5.0,2,1800,0,0,0,0,0,0

STAR,HANS7E,03,2
IF,HANSA,57.913556,17.813306, ,0.0,0.0,0,0,0,0,0,0,0,0
TF,D305M,57.803650,18.045644,0, ,0.0,0.0,0.0,0.0,0,0,0,0,0,0,0,0
CI,0, ,0.0,125.0,0,0,0,0,0,0,0,0
AF,D209K,57.511381,18.147072,1,VSB,209.0,11.0,305.0,0,0,0,0,0,0,0,1
CF,FD03,57.556200,18.269211,0,VSB,195.0,6.7,15.0,4.0,2,2200,0,0,0,0,0,0

STAR,KINT4T,21,5
IF,KINTI,57.449750,17.886944, ,0.0,0.0,2,10000,0,0,0,0,0,0
TF,SV870,57.856056,18.318278,0, ,0.0,0.0,0.0,0.0,2,2200,0,0,0,0,0,0

STAR,ROGM1H,03,5
IF,ROGMI,58.193889,18.001667, ,0.0,0.0,2,10000,0,0,0,0,0,0
TF,VEPAX,57.826361,18.463889,0, ,0.0,0.0,0.0,0.0,2,5000,0,0,0,0,0,0
TF,SV551,57.531250,18.418278,0, ,0.0,0.0,0.0,0.0,0,0,0,0,0,0,0,0
TF,DEMUS,57.453694,18.362611,0, ,0.0,0.0,0.0,0.0,2,2200,0,0,0,0,0,0

STAR,ROGM3S,03,5
IF,ROGMI,58.193889,18.001667, ,0.0,0.0,2,10000,0,0,0,0,0,0
TF,SV970,57.787389,18.219611,0, ,0.0,0.0,0.0,0.0,2,5000,0,0,0,0,0,0
TF,SOPAK,57.513250,18.074306,0, ,0.0,0.0,0.0,0.0,2,2200,0,0,0,0,0,0

STAR,ROGM3T,21,5
IF,ROGMI,58.193889,18.001667, ,0.0,0.0,2,10000,0,0,0,0,0,0
TF,SV855,57.983222,18.267972,0, ,0.0,0.0,0.0,0.0,2,5000,0,0,0,0,0,0
TF,VEPAX,57.826361,18.463889,0, ,0.0,0.0,0.0,0.0,2,1800,0,0,0,0,0,0

FINAL,D03,03,D,4
IF,FD03,57.556200,18.269211,VSB,195.0,6.7,2,2200,0,0,0,0,2,0
CF,30VOR,57.613267,18.312036,0,VSB,195.0,3.0,15.0,3.7,2,1030,0,0,0,0,0,0
CF,22VOR,57.625603,18.321314,0,VSB,195.0,2.2,15.0,0.8,2,770,0,0,0,0,0,0
CF,RW03,57.654414,18.340208,0,VSB,207.9,0.4,15.0,1.8,1,190,0,0,0,0,3,0
CF,VSB,57.659528,18.346861,0,VSB,0.0,0.0,15.0,0.4,0,0,0,0,0,0,0,0
FA,VSB,57.659528,18.346861,0,VSB,0.0,0.0,15.0,2,2200,0,0,0,0,0,0
VM,0,0,0,15.0,1,2200,0,0,0,0,0,0

APPTR,D21,21,VSB1
IF,VSB,57.659528,18.346861, ,0.0,0.0,0,0,0,0,0,0,0,0
FD,VSB,57.659528,18.346861,0,VSB,0.0,11.0,350.0,11.0,2,1800,0,0,0,0,0,0
CF,FD21,57.750706,18.405592,2,VSB,12.0,5.8,192.0,6.0,2,1800,0,0,0,0,0,0

APPTR,D21,21,VSB2
IF,VSB,57.659528,18.346861, ,0.0,0.0,0,0,0,0,0,0,0,0
FD,VSB,57.659528,18.346861,0,VSB,0.0,11.0,5.0,11.0,2,1800,0,0,0,0,0,0
CF,FD21,57.750706,18.405592,2,VSB,12.0,5.8,192.0,6.0,2,1800,0,0,0,0,0,0

FINAL,D21,21,D,3
IF,FD21,57.750706,18.405592,VSB,12.0,5.8,2,1800,0,0,0,0,2,0
CF,40VOR,57.722411,18.387333,0,VSB,12.0,4.0,192.0,1.8,2,1232,0,0,0,0,0,0
CF,RW21,57.671181,18.352211,0,VSB,6.8,0.7,192.0,3.3,1,194,0,0,0,0,3,0
CF,VSB,57.659528,18.346861,0,VSB,0.0,0.0,192.0,0.7,0,0,0,0,0,0,0,1
FA,VSB,57.659528,18.346861,0,VSB,0.0,0.0,192.0,2,2200,0,0,0,0,0,0
VM,0,0,0,194.0,1,2200,0,0,0,0,0,0

APPTR,I21-Y,21,VSB1
IF,VSB,57.659528,18.346861, ,0.0,0.0,0,0,0,0,0,0,0,0
FD,VSB,57.659528,18.346861,0,VSB,0.0,11.0,350.0,11.0,2,1800,0,0,0,0,0,0
CF,VEPAX,57.826361,18.463889,2,SV,14.0,11.5,194.0,1.0,2,1800,0,0,0,0,1,0

APPTR,I21-Y,21,VSB2
IF,VSB,57.659528,18.346861, ,0.0,0.0,0,0,0,0,0,0,0,0
FD,VSB,57.659528,18.346861,0,VSB,0.0,11.0,5.0,11.0,2,1800,0,0,0,0,0,0
CF,VEPAX,57.826361,18.463889,2,SV,14.0,11.5,194.0,1.0,2,1800,0,0,0,0,1,0

FINAL,I21-Y,21,I,3
IF,VEPAX,57.826361,18.463889,SV,14.0,11.5,2,1800,0,0,0,0,0,0
CF,FF21,57.749203,18.408250,0,SV,14.0,6.6,194.0,5.0,1,1800,0,0,0,0,2,0
CF,RW21,57.671181,18.352211,0,SV,14.0,1.5,194.0,5.0,1,194,0,0,0,0,3,0
CA,0,194.0,2,2200,0,0,0,0,0,0
VM,0,0,0,194.0,1,2200,0,0,0,0,0,0

APPTR,I21-Z,21,AGDIS
IF,AGDIS,57.903917,18.520111, ,0.0,0.0,2,2200,0,0,0,0,1,0
TF,VEPAX,57.826361,18.463889,0,SV,0.0,0.0,0.0,0.0,2,1800,0,0,0,0,0,0

APPTR,I21-Z,21,EKMUN
IF,EKMUN,57.796361,18.609167, ,0.0,0.0,2,2200,0,0,0,0,1,0
TF,VEPAX,57.826361,18.463889,0,SV,0.0,0.0,0.0,0.0,2,1800,0,1,220,0,0,0

APPTR,I21-Z,21,SV870
IF,SV870,57.856056,18.318278, ,0.0,0.0,2,2200,0,0,0,0,1,0
TF,VEPAX,57.826361,18.463889,0,SV,0.0,0.0,0.0,0.0,2,1800,0,1,220,0,0,0

FINAL,I21-Z,21,I,3
IF,VEPAX,57.826361,18.463889,SV,14.0,11.5,2,1800,0,0,0,0,0,0
CF,FF21,57.749203,18.408250,0,SV,14.0,6.6,194.0,5.0,1,1800,0,0,0,0,2,0
CF,RW21,57.671181,18.352211,0,SV,14.0,1.5,194.0,5.0,1,194,0,0,0,0,3,0
CA,0,194.0,2,2200,0,0,0,0,0,0
VM,0,0,0,194.0,1,2200,0,0,0,0,0,0

APPTR,R03,03,BAGLO
IF,BAGLO,57.421444,18.174417, ,0.0,0.0,2,2200,0,0,0,0,1,0
TF,TUVIX,57.483556,18.218583,0, ,0.0,0.0,0.0,0.0,2,2200,0,0,0,0,1,0

APPTR,R03,03,DEMUS
IF,DEMUS,57.453694,18.362611, ,0.0,0.0,2,2200,0,0,0,0,1,0
TF,TUVIX,57.483556,18.218583,0, ,0.0,0.0,0.0,0.0,2,2200,0,1,220,0,1,0

APPTR,R03,03,SOPAK
IF,SOPAK,57.513250,18.074306, ,0.0,0.0,2,2200,0,0,0,0,1,0
TF,TUVIX,57.483556,18.218583,0, ,0.0,0.0,0.0,0.0,2,2200,0,1,220,0,1,0

FINAL,R03,03,R,3
IF,TUVIX,57.483556,18.218583, ,0.0,0.0,2,2200,0,0,0,0,0,0
TF,SV736,57.556389,18.270278,0, ,0.0,0.0,14.0,4.7,1,2200,0,0,0,0,2,0
TF,RW03,57.654414,18.340208,0, ,0.0,0.0,14.0,6.3,1,190,0,0,0,0,3,1
CF,SV477,57.732972,18.396389,0,VSB,12.8,4.7,14.0,5.1,0,0,0,0,0,0,0,1
DF,SOPAK,57.513250,18.074306,1, ,0.0,0.0,0,0,0,0,0,0,0,1
HM,SOPAK,57.513250,18.074306,2, ,0.0,0.0,194.0,04.3,2,2200,0,1,210,0,0,0,0

APPTR,R21,21,AGDIS
IF,AGDIS,57.903917,18.520111, ,0.0,0.0,2,2200,0,0,0,0,1,0
TF,VEPAX,57.826361,18.463889,0, ,0.0,0.0,0.0,0.0,2,1800,0,0,0,0,0,0

APPTR,R21,21,EKMUN
IF,EKMUN,57.796361,18.609167, ,0.0,0.0,2,2200,0,0,0,0,1,0
TF,VEPAX,57.826361,18.463889,0, ,0.0,0.0,0.0,0.0,2,1800,0,1,220,0,0,0

APPTR,R21,21,SV870
IF,SV870,57.856056,18.318278, ,0.0,0.0,2,2200,0,0,0,0,1,0
TF,VEPAX,57.826361,18.463889,0, ,0.0,0.0,0.0,0.0,2,1800,0,1,220,0,0,0

FINAL,R21,21,R,3
IF,VEPAX,57.826361,18.463889, ,0.0,0.0,2,1800,0,0,0,0,0,0
TF,SV520,57.749861,18.408694,0, ,0.0,0.0,194.0,4.9,1,1800,0,0,0,0,2,0
TF,RW21,57.671181,18.352211,0, ,0.0,0.0,194.0,5.1,1,187,0,0,0,0,3,1
CF,SV735,57.561250,18.273750,0,VSB,194.8,6.4,194.0,7.1,0,0,0,0,0,0,0,1
DF,EKMUN,57.796361,18.609167,1, ,0.0,0.0,0,0,0,0,0,0,0,0
TF,VEPAX,57.826361,18.463889,1, ,0.0,0.0,0.0,0.0,2,1800,0,0,0,0,0,1
HM,VEPAX,57.826361,18.463889,2, ,0.0,0.0,194.0,04.3,2,1800,0,1,220,0,0,0,0

