SID,GASB1E,09,5
CF,NL599,53.909117,12.391336,0,LAG,94.8,3.8,93.0,3.0,0,0,0,0,0,0,0,1
DF,GASBO,54.274811,12.276536,1, ,0.0,0.0,2,4000,0,0,0,0,0,0

SID,GASB1W,27,5
CF,NL579,53.926872,12.168931,0,LAG,270.8,4.2,273.0,3.0,0,0,0,0,0,0,0,1
DF,GASBO,54.274811,12.276536,2, ,0.0,0.0,2,4000,0,0,0,0,0,0

SID,NL109,09,2
DF,D095D,53.908144,12.397394,0, ,0.0,0.0,2,2000,0,0,0,0,0,0

SID,NL127,27,2
DF,D269B,53.922197,12.230178,0, ,0.0,0.0,0,0,0,0,0,0,0,1
TF,D249H,53.883381,12.069636,0, ,0.0,0.0,0.0,0.0,2,2000,0,0,0,0,0,0

SID,NL227,27,2
DF,D269B,53.922197,12.230178,0, ,0.0,0.0,0,0,0,0,0,0,0,1
TF,D295H,53.985958,12.090522,0, ,0.0,0.0,0.0,0.0,2,2000,0,0,0,0,0,0

SID,TAGO1E,09,5
CF,NL599,53.909117,12.391336,0,LAG,94.8,3.8,93.0,3.0,0,0,0,0,0,0,0,1
DF,TAGOB,53.734772,11.833056,2, ,0.0,0.0,2,4000,0,0,0,0,0,0

SID,TAGO1W,27,5
CF,NL579,53.926872,12.168931,0,LAG,270.8,4.2,273.0,3.0,0,0,0,0,0,0,0,1
DF,TAGOB,53.734772,11.833056,0, ,0.0,0.0,2,4000,0,0,0,0,0,0

SID,TIMI1E,09,5
CF,NL599,53.909117,12.391336,0,LAG,94.8,3.8,93.0,3.0,0,0,0,0,0,0,0,1
DF,TIMIB,53.752139,12.699600,0, ,0.0,0.0,2,4000,0,0,0,0,0,0

SID,TIMI1W,27,5
CF,NL579,53.926872,12.168931,0,LAG,270.8,4.2,273.0,3.0,0,0,0,0,0,0,0,1
DF,TIMIB,53.752139,12.699600,1, ,0.0,0.0,2,4000,0,0,0,0,0,0

APPTR,I09-Y,09,D222T
IF,D222T,53.692167,11.876333, ,0.0,0.0,4,10000,5000,0,0,0,1,0
CF,D222R,53.720728,11.927350,0,LAG,222.0,17.5,42.0,2.5,0,0,0,0,0,0,0,0
CI,0, ,0.0,42.0,0,0,0,0,0,0,0,0
AF,D273P,53.950283,11.866589,2,LAG,272.2,15.0,222.0,0,0,0,0,0,0,0,0
CF,CF09,53.943856,11.950503,0,ILAE,272.7,12.9,93.0,3.0,2,3000,0,0,0,0,0,0

APPTR,I09-Y,09,D271T
IF,D271T,53.950500,11.724833, ,0.0,0.0,4,10000,5000,0,0,0,1,0
TF,D271Q,53.943564,11.808764,0, ,0.0,0.0,0.0,0.0,0,0,0,0,0,0,0,0
CF,CF09,53.943856,11.950503,0,ILAE,272.7,12.9,87.0,5.0,2,3000,0,0,0,0,0,0

APPTR,I09-Y,09,D322T
IF,D322T,54.198500,11.977333, ,0.0,0.0,4,10000,5000,0,0,0,1,0
CF,D322R,54.163764,12.016172,0,LAG,322.0,17.5,142.0,2.5,0,0,0,0,0,0,0,0
CI,0, ,0.0,142.0,0,0,0,0,0,0,0,0
AF,D273P,53.950283,11.866589,1,LAG,272.2,15.0,322.0,0,0,0,0,0,0,0,0
CF,CF09,53.943856,11.950503,0,ILAE,272.7,12.9,93.0,3.0,2,3000,0,0,0,0,0,0

FINAL,I09-Y,09,I,3
IF,CF09,53.943856,11.950503,ILAE,272.7,12.9,2,3000,0,0,0,0,0,0
CF,FF09,53.932136,12.101486,0,ILAE,272.7,7.5,93.0,5.4,1,2000,0,0,0,0,2,0
CF,RW09,53.919600,12.260283,0,ILAE,272.7,1.9,93.0,5.7,1,199,0,0,0,0,3,0
FD,RW09,53.919600,12.260283,0,LAG,264.0,3.0,93.0,3.0,0,0,0,0,0,0,0,0
VM,0,0,1,273.0,1,2000,0,0,0,0,0,0

APPTR,I09-Z,09,BEKEP
IF,BEKEP,53.954511,11.810633, ,0.0,0.0,4,10000,4000,0,0,0,1,0
CF,CF09,53.943856,11.950503,0,ILAE,272.7,12.9,93.0,5.0,2,3000,0,0,0,0,0,0

APPTR,I09-Z,09,BKD
IF,BKD,53.034525,11.546217, ,0.0,0.0,0,0,0,0,0,0,0,0
TF,BEKEP,53.954511,11.810633,0, ,0.0,0.0,0.0,0.0,4,10000,4000,0,0,0,1,0
CF,CF09,53.943856,11.950503,0,ILAE,272.7,12.9,93.0,5.0,2,3000,0,0,0,0,0,0

APPTR,I09-Z,09,FLD
IF,FLD,53.762736,13.563136, ,0.0,0.0,0,0,0,0,0,0,0,0
TF,BEKEP,53.954511,11.810633,0, ,0.0,0.0,0.0,0.0,4,10000,4000,0,0,0,0,0
HF,BEKEP,53.954511,11.810633,1, ,0.0,0.0,93.0,04.3,2,4000,0,0,0,0,1,0,0
CF,CF09,53.943856,11.950503,0,ILAE,272.7,12.9,93.0,5.1,2,3000,0,0,0,0,0,0

FINAL,I09-Z,09,I,3
IF,CF09,53.943856,11.950503,ILAE,272.7,12.9,2,3000,0,0,0,0,0,0
CF,FF09,53.932136,12.101486,0,ILAE,272.7,7.5,93.0,5.4,1,2000,0,0,0,0,2,0
CF,RW09,53.919600,12.260283,0,ILAE,272.7,1.9,93.0,5.7,1,199,0,0,0,0,3,0
FD,RW09,53.919600,12.260283,0,LAG,264.0,3.0,93.0,3.0,0,0,0,0,0,0,0,0
VM,0,0,1,273.0,1,2000,0,0,0,0,0,0

APPTR,I27-Y,27,D047T
IF,D047T,54.123833,12.732833, ,0.0,0.0,4,10000,5000,0,0,0,1,0
CF,D047R,54.098500,12.676808,0,LAG,47.0,17.5,227.0,2.5,0,0,0,0,0,0,0,0
CI,0, ,0.0,227.0,0,0,0,0,0,0,0,0
AF,D093P,53.883381,12.704492,2,LAG,93.2,15.0,47.0,0,0,0,0,0,0,0,0
CF,CF27,53.890333,12.620817,0,ILAW,92.7,13.4,273.0,3.0,2,3000,0,0,0,0,0,0

APPTR,I27-Y,27,D096T
IF,D096T,53.858000,12.840000, ,0.0,0.0,4,10000,5000,0,0,0,1,0
FD,D096T,53.858000,12.840000,0,LAG,95.5,17.0,281.0,17.0,0,0,0,0,0,0,0,0
CF,CF27,53.890333,12.620817,0,ILAW,92.7,13.4,281.0,5.0,2,3000,0,0,0,0,0,0

APPTR,I27-Y,27,D152T
IF,D152T,53.613333,12.505167, ,0.0,0.0,4,10000,5000,0,0,0,1,0
CF,D152R,53.651661,12.477936,0,LAG,152.0,17.5,332.0,2.5,0,0,0,0,0,0,0,0
CI,0, ,0.0,332.0,0,0,0,0,0,0,0,0
AF,D093P,53.883381,12.704492,1,LAG,93.2,15.0,152.0,0,0,0,0,0,0,0,0
CF,CF27,53.890333,12.620817,0,ILAW,92.7,13.4,273.0,3.0,2,3000,0,0,0,0,0,0

FINAL,I27-Y,27,I,3
IF,CF27,53.890333,12.620817,ILAW,92.7,13.4,2,3000,0,0,0,0,0,0
CF,FF27,53.903383,12.461758,0,ILAW,92.7,7.7,273.0,5.7,1,2000,0,0,0,0,2,0
CF,RW27,53.916567,12.298294,0,ILAW,92.7,1.8,273.0,5.9,1,165,0,0,0,0,3,0
FD,RW27,53.916567,12.298294,0,LAG,110.2,4.0,273.0,4.0,0,0,0,0,0,0,0,0
VM,0,0,2,93.0,1,2000,0,0,0,0,0,0

APPTR,I27-Z,27,BKD
IF,BKD,53.034525,11.546217, ,0.0,0.0,0,0,0,0,0,0,0,0
TF,OSGIG,53.878453,12.760219,0, ,0.0,0.0,0.0,0.0,4,10000,4000,0,0,0,0,1
HF,OSGIG,53.878453,12.760219,1, ,0.0,0.0,273.0,04.3,2,4000,0,0,0,0,1,0,0
CF,CF27,53.890333,12.620817,0,ILAW,92.7,13.4,273.0,5.0,2,3000,0,0,0,0,0,0

APPTR,I27-Z,27,FLD
IF,FLD,53.762736,13.563136, ,0.0,0.0,0,0,0,0,0,0,0,0
TF,OSGIG,53.878453,12.760219,0, ,0.0,0.0,0.0,0.0,4,10000,4000,0,0,0,1,0
CF,CF27,53.890333,12.620817,0,ILAW,92.7,13.4,273.0,5.0,2,3000,0,0,0,0,0,0

APPTR,I27-Z,27,OSGIG
IF,OSGIG,53.878453,12.760219, ,0.0,0.0,4,10000,4000,0,0,0,1,0
CF,CF27,53.890333,12.620817,0,ILAW,92.7,13.4,273.0,5.0,2,3000,0,0,0,0,0,0

FINAL,I27-Z,27,I,3
IF,CF27,53.890333,12.620817,ILAW,92.7,13.4,2,3000,0,0,0,0,0,0
CF,FF27,53.903383,12.461758,0,ILAW,92.7,7.7,273.0,5.7,1,2000,0,0,0,0,2,0
CF,RW27,53.916567,12.298294,0,ILAW,92.7,1.8,273.0,5.9,1,165,0,0,0,0,3,0
FD,RW27,53.916567,12.298294,0,LAG,110.2,4.0,273.0,4.0,0,0,0,0,0,0,0,0
VM,0,0,2,90.0,1,2000,0,0,0,0,0,0

APPTR,R09,09,BEKEP
IF,BEKEP,53.954511,11.810633, ,0.0,0.0,2,4000,0,0,0,0,1,0
TF,NL590,53.945153,11.933658,0, ,0.0,0.0,0.0,0.0,2,3000,0,0,0,0,1,0

APPTR,R09,09,NL591
IF,NL591,54.027636,11.952186, ,0.0,0.0,2,4000,0,0,0,0,1,0
TF,NL590,53.945153,11.933658,0, ,0.0,0.0,0.0,0.0,2,3000,0,0,0,0,1,0

APPTR,R09,09,NL592
IF,NL592,53.862658,11.915489, ,0.0,0.0,2,4000,0,0,0,0,1,0
TF,NL590,53.945153,11.933658,0, ,0.0,0.0,0.0,0.0,2,3000,0,0,0,0,1,0

FINAL,R09,09,R,3
IF,NL590,53.945153,11.933658, ,0.0,0.0,2,3000,0,0,0,0,0,0
TF,NL593,53.932147,12.101419,0, ,0.0,0.0,93.0,6.0,2,2000,0,0,0,0,2,0
TF,RW09,53.919600,12.260283,0, ,0.0,0.0,93.0,5.7,1,190,0,0,0,0,3,1
CA,0,93.0,2,1000,0,0,0,0,0,0
DF,NL591,54.027636,11.952186,1, ,0.0,0.0,2,4000,0,0,0,0,0,0

APPTR,R27,27,NL571
IF,NL571,53.972164,12.646978, ,0.0,0.0,2,4000,0,0,0,0,1,0
TF,NL570,53.889811,12.626961,0, ,0.0,0.0,0.0,0.0,2,3000,0,0,0,0,1,0

APPTR,R27,27,NL572
IF,NL572,53.807453,12.607025, ,0.0,0.0,2,4000,0,0,0,0,1,0
TF,NL570,53.889811,12.626961,0, ,0.0,0.0,0.0,0.0,2,3000,0,0,0,0,1,0

APPTR,R27,27,OSGIG
IF,OSGIG,53.878453,12.760219, ,0.0,0.0,2,4000,0,0,0,0,1,0
TF,NL570,53.889811,12.626961,0, ,0.0,0.0,0.0,0.0,2,3000,0,0,0,0,1,0

FINAL,R27,27,R,3
IF,NL570,53.889811,12.626961, ,0.0,0.0,2,3000,0,0,0,0,0,0
TF,NL573,53.903556,12.459539,0, ,0.0,0.0,273.0,6.0,2,2000,0,0,0,0,2,0
TF,RW27,53.916567,12.298294,0, ,0.0,0.0,273.0,5.8,1,161,0,0,0,0,3,1
CA,0,273.0,2,1000,0,0,0,0,0,0
DF,NL571,53.972164,12.646978,2, ,0.0,0.0,2,4000,0,0,0,0,0,0

APPTR,T09,09,D222T
IF,D222T,53.692167,11.876333, ,0.0,0.0,4,10000,5000,0,0,0,1,0
CF,D222R,53.720728,11.927350,0,LAG,222.0,17.5,42.0,2.5,0,0,0,0,0,0,0,0
CI,0, ,0.0,42.0,0,0,0,0,0,0,0,0
AF,D261O,53.901708,11.864803,2,LAG,261.0,15.0,222.0,0,0,0,0,0,0,0,1
CF,D271L,53.940261,11.949844,0,LAG,271.0,12.0,91.0,3.5,2,3000,0,0,0,0,0,0
CF,FT09,53.930178,12.118172,0,LAG,271.0,6.0,91.0,6.0,2,1800,0,0,0,0,0,0

APPTR,T09,09,D271T
IF,D271T,53.950500,11.724833, ,0.0,0.0,4,10000,5000,0,0,0,1,0
CF,D271L,53.940261,11.949844,0,LAG,271.0,12.0,91.0,8.0,2,3000,0,0,0,0,0,0
CF,FT09,53.930178,12.118172,0,LAG,271.0,6.0,91.0,6.0,2,1800,0,0,0,0,0,0

APPTR,T09,09,D322T
IF,D322T,54.198500,11.977333, ,0.0,0.0,4,10000,5000,0,0,0,1,0
CF,D322R,54.163764,12.016172,0,LAG,322.0,17.5,142.0,2.5,0,0,0,0,0,0,0,0
CI,0, ,0.0,142.0,0,0,0,0,0,0,0,0
AF,D280O,53.983764,11.877372,1,LAG,280.0,15.0,322.0,0,0,0,0,0,0,0,1
CF,D271L,53.940261,11.949844,0,LAG,271.0,12.0,91.0,3.5,2,3000,0,0,0,0,0,0
CF,FT09,53.930178,12.118172,0,LAG,271.0,6.0,91.0,6.0,2,1800,0,0,0,0,0,0

FINAL,T09,09,D,3
IF,FT09,53.930178,12.118172,LAG,271.0,6.0,2,1800,0,0,0,0,2,0
CF,35TAC,53.925908,12.188283,0,LAG,271.0,3.5,91.0,2.5,2,1000,0,0,0,0,0,0
CF,MT09,53.921597,12.258381,0,LAG,271.0,1.0,91.0,2.5,1,225,0,0,0,0,3,0
CF,D091C,53.914614,12.370508,0,LAG,91.0,3.0,91.0,4.0,1,1800,0,0,0,0,0,1
VM,0,0,1,273.0,0,0,0,0,0,0,0,0

APPTR,T27,27,D047T
IF,D047T,54.123833,12.732833, ,0.0,0.0,4,10000,5000,0,0,0,1,0
CF,D047R,54.098500,12.676808,0,LAG,47.0,17.5,227.0,2.5,0,0,0,0,0,0,0,0
CI,0, ,0.0,227.0,0,0,0,0,0,0,0,0
AF,D086O,53.914761,12.709128,2,LAG,86.0,15.0,47.0,0,0,0,0,0,0,0,1
CF,CT27,53.881303,12.618158,0,LAG,96.0,12.0,276.0,3.0,2,3000,0,0,0,0,0,0

APPTR,T27,27,D096T
IF,D096T,53.858000,12.840000, ,0.0,0.0,4,10000,5000,0,0,0,1,0
CF,CT27,53.881303,12.618158,0,LAG,96.0,12.0,276.0,8.0,2,3000,0,0,0,0,0,0

APPTR,T27,27,D152T
IF,D152T,53.613333,12.505167, ,0.0,0.0,4,10000,5000,0,0,0,1,0
CF,D152R,53.651661,12.477936,0,LAG,152.0,17.5,332.0,2.5,0,0,0,0,0,0,0,0
CI,0, ,0.0,332.0,0,0,0,0,0,0,0,0
AF,D105O,53.833839,12.682931,1,LAG,105.0,15.0,152.0,0,0,0,0,0,0,0,1
CF,CT27,53.881303,12.618158,0,LAG,96.0,12.0,276.0,3.0,2,3000,0,0,0,0,0,0

FINAL,T27,27,D,4
IF,CT27,53.881303,12.618158,LAG,96.0,12.0,2,3000,0,0,0,0,0,0
CF,FT27,53.900697,12.452364,0,LAG,96.0,6.0,276.0,6.0,2,1900,0,0,0,0,2,0
CF,30TAC,53.910306,12.369408,0,LAG,96.0,3.0,276.0,3.0,2,970,0,0,0,0,0,0
CF,MT27,53.916683,12.314086,0,LAG,96.0,1.0,276.0,2.0,1,341,0,0,0,0,3,0
CF,D276D,53.932508,12.175703,0,LAG,276.0,4.0,276.0,5.0,0,0,0,0,0,0,0,1
VM,0,0,2,93.0,1,1900,0,0,0,0,0,0

