SID,NN106,06,2
DF,DER06,50.835533,6.674044,0, ,0.0,0.0,0,0,0,0,0,0,0,1
CD, ,0,0,0,NVO,0,0.0,64.0,6.6,2,3000,0,0,0,0,0,0
VM,0,0,0,64.0,0,0,0,0,0,0,0,0

SID,NN124,24,2
DF,DER24,50.826897,6.642183,0, ,0.0,0.0,0,0,0,0,0,0,0,1
CD, ,0,0,0,NVO,0,0.0,221.0,5.0,2,3300,0,0,0,0,0,0
VM,0,0,0,221.0,0,0,0,0,0,0,0,0

SID,NN224,24,2
DF,DER24,50.826897,6.642183,0, ,0.0,0.0,0,0,0,0,0,0,0,1
CD, ,0,0,0,NVO,0,0.0,237.0,6.0,2,3300,0,0,0,0,0,0
VM,0,0,0,237.0,0,0,0,0,0,0,0,0

APPTR,I24,24,IZWOK
IF,IZWOK,50.606833,6.660333, ,0.0,0.0,2,5000,0,0,0,0,1,0
CI,0, ,0.0,353.0,0,0,0,0,0,0,0,0
AF,D138K,50.680211,6.817925,1,NVO,138.0,11.0,173.0,2,3000,0,0,0,0,0,0
AF,D064K,50.896619,6.901306,1,NVO,63.1,11.0,138.0,0,0,0,0,0,0,0,0
CF,CI24,50.881536,6.844528,0,IWNN,63.8,8.6,244.0,2.3,2,2000,0,0,0,0,0,0

FINAL,I24,24,I,3
IF,CI24,50.881536,6.844528,IWNN,63.8,8.6,2,2000,0,0,0,0,0,0
CF,FF24,50.868681,6.797119,0,IWNN,63.9,6.6,244.0,2.0,1,2000,0,0,0,0,2,0
CF,RW24,50.835533,6.674047,0,IWNN,63.8,1.5,244.0,5.1,1,378,0,0,0,0,3,0
FD,RW24,50.835533,6.674047,0,NVO,58.6,3.0,244.0,3.0,0,0,0,0,0,0,0,0
VI,1, ,0.0,127.0,0,0,0,1,250,0,0,0
CF,IZWOK,50.606833,6.660333,0,NVO,173.0,13.0,173.0,7.0,1,5000,0,0,0,0,0,0
HM,IZWOK,50.606833,6.660333,1, ,0.0,0.0,353.0,04.3,0,0,0,0,0,0,0,0,0

APPTR,R06,06,ALESU
IF,ALESU,50.874606,6.301719, ,0.0,0.0,2,3000,0,0,0,0,1,0
TF,NN461,50.756464,6.383872,0, ,0.0,0.0,0.0,0.0,2,3000,0,0,0,0,1,0

APPTR,R06,06,IZWOK
IF,IZWOK,50.606833,6.660333, ,0.0,0.0,2,5000,0,0,0,0,1,0
TF,NN400,50.703931,6.649653,0, ,0.0,0.0,0.0,0.0,0,0,0,0,0,0,0,0
TF,NN460,50.674631,6.439519,0, ,0.0,0.0,0.0,0.0,0,0,0,0,0,0,0,0
TF,NN461,50.756464,6.383872,0, ,0.0,0.0,0.0,0.0,2,3000,0,0,0,0,1,0

FINAL,R06,06,R,3
IF,NN461,50.756464,6.383872, ,0.0,0.0,2,3000,0,0,0,0,0,0
TF,NN462,50.788339,6.500436,0, ,0.0,0.0,64.0,4.8,2,2300,0,0,0,0,2,0
TF,RW06,50.826897,6.642183,0, ,0.0,0.0,64.0,5.9,1,430,0,0,0,0,3,1
CF,NN463,50.875347,6.821525,0,NVO,62.7,7.7,64.0,7.4,3,2000,0,0,0,0,0,0
TF,NN464,50.718272,6.926731,0, ,0.0,0.0,0.0,0.0,0,0,0,0,0,0,0,0
TF,IZWOK,50.606833,6.660333,0, ,0.0,0.0,0.0,0.0,2,5000,0,0,0,0,0,0

APPTR,R24,24,IZWOK
IF,IZWOK,50.606833,6.660333, ,0.0,0.0,2,5000,0,0,0,0,1,0
TF,NN400,50.703931,6.649653,0, ,0.0,0.0,0.0,0.0,2,3000,0,0,0,0,0,0
TF,NN420,50.768242,6.833578,0, ,0.0,0.0,0.0,0.0,0,0,0,0,0,0,0,0
TF,NN421,50.797500,6.942364,0, ,0.0,0.0,0.0,0.0,0,0,0,0,0,0,0,0
TF,NN422,50.891000,6.879764,0, ,0.0,0.0,0.0,0.0,2,2000,0,0,0,0,1,0

APPTR,R24,24,NN424
IF,NN424,50.917717,6.979511, ,0.0,0.0,2,3000,0,0,0,0,1,0
TF,NN422,50.891000,6.879764,0, ,0.0,0.0,0.0,0.0,2,2000,0,0,0,0,1,0

APPTR,R24,24,NN425
IF,NN425,50.975272,6.823106, ,0.0,0.0,2,2000,0,0,0,0,1,0
TF,NN422,50.891000,6.879764,0, ,0.0,0.0,0.0,0.0,2,2000,0,0,0,0,1,0

FINAL,R24,24,R,3
IF,NN422,50.891000,6.879764, ,0.0,0.0,2,2000,0,0,0,0,0,0
TF,NN423,50.868769,6.797100,0, ,0.0,0.0,244.0,3.4,2,2000,0,0,0,0,2,0
TF,RW24,50.835533,6.674047,0, ,0.0,0.0,244.0,5.1,1,377,0,0,0,0,3,1
CF,NN426,50.786892,6.494425,0,NVO,245.4,5.8,244.0,7.4,3,2000,0,1,220,0,0,1
DF,IZWOK,50.606833,6.660333,1, ,0.0,0.0,2,5000,0,1,220,0,0,0

APPTR,T06,06,IZWOK
IF,IZWOK,50.606833,6.660333, ,0.0,0.0,2,5000,0,0,0,0,1,0
CI,0, ,0.0,353.0,0,0,0,0,0,0,0,0
AF,D252K,50.774942,6.357556,2,NVO,252.0,11.0,173.0,0,0,0,0,0,0,0,0
CF,FT06,50.788897,6.438653,0,NVO,252.0,7.8,72.0,3.2,2,3000,0,0,0,0,0,0

FINAL,T06,06,D,3
IF,FT06,50.788897,6.438653,NVO,252.0,7.8,2,3000,0,0,0,0,2,0
CF,21TAC,50.813614,6.583228,0,NVO,252.0,2.1,72.0,5.7,2,1080,0,0,0,0,0,0
CF,MT06,50.817931,6.608608,0,NVO,252.0,1.1,72.0,1.0,1,869,0,0,0,0,3,0
FD,MT06,50.817931,6.608608,0,NVO,252.0,3.5,72.0,3.5,0,0,0,0,0,0,0,0
VI,2, ,0.0,227.0,0,0,0,1,250,0,0,0
CF,IZWOK,50.606833,6.660333,0,NVO,173.0,13.0,173.0,7.0,1,5000,0,0,0,0,0,1
HM,IZWOK,50.606833,6.660333,1, ,0.0,0.0,353.0,04.3,0,0,0,0,0,0,0,0,0

APPTR,T24,24,IZWOK
IF,IZWOK,50.606833,6.660333, ,0.0,0.0,2,5000,0,0,0,0,1,0
CI,0, ,0.0,353.0,0,0,0,0,0,0,0,0
AF,D138K,50.680211,6.817925,1,NVO,138.0,11.0,173.0,2,3000,0,0,0,0,0,0
AF,D060K,50.905528,6.894589,1,NVO,60.0,11.0,138.0,0,0,0,0,0,0,0,0
CF,FT24,50.873958,6.795950,0,NVO,60.0,6.8,240.0,4.2,2,2000,0,0,0,0,0,0

FINAL,T24,24,D,4
IF,FT24,50.873958,6.795950,NVO,60.0,6.8,2,2000,0,0,0,0,2,0
CF,45TAC,50.856636,6.741992,0,NVO,60.0,4.5,240.0,2.3,2,1270,0,0,0,0,0,0
CF,34TAC,50.848344,6.716200,0,NVO,60.0,3.4,240.0,1.1,2,920,0,0,0,0,0,0
CF,MT24,50.839289,6.688069,0,NVO,60.0,2.2,240.0,1.2,1,563,0,0,0,0,3,0
CF,D240C,50.799978,6.566311,0,NVO,240.0,3.0,240.0,5.2,0,0,0,0,0,0,0,1
VI,1, ,0.0,127.0,0,0,0,1,250,0,0,0
CF,IZWOK,50.606833,6.660333,0,NVO,173.0,13.0,173.0,6.0,1,5000,0,0,0,0,0,0
HM,IZWOK,50.606833,6.660333,1, ,0.0,0.0,353.0,04.3,0,0,0,0,0,0,0,0,0

