SID,ETNS1A,04,2
DF,DER04,54.466725,9.530269,0, ,0.0,0.0,0,0,0,0,0,0,0,0
CD, ,0,0,0,SWG,0,0.0,43.0,6.0,2,2500,0,0,0,0,0,0
VM,0,0,0,43.0,0,0,0,0,0,0,0,0

SID,ETNS2B,22,2
DF,DER22,54.451969,9.502461,0, ,0.0,0.0,0,0,0,0,0,0,0,0
CD, ,0,0,0,SWG,0,0.0,223.0,6.0,2,2500,0,0,0,0,0,0
VM,0,0,0,223.0,0,0,0,0,0,0,0,0

APPTR,R04,04,NS411
IF,NS411,54.260881,9.372208, ,0.0,0.0,2,4000,0,0,0,0,1,0
TF,NS410,54.327139,9.268472,0, ,0.0,0.0,0.0,0.0,2,3000,0,0,0,0,1,0

APPTR,R04,04,NS412
IF,NS412,54.275242,9.171825, ,0.0,0.0,2,4000,0,0,0,0,1,0
TF,NS410,54.327139,9.268472,0, ,0.0,0.0,0.0,0.0,2,3000,0,0,0,0,1,0

APPTR,R04,04,NS413
IF,NS413,54.393308,9.164406, ,0.0,0.0,2,4000,0,0,0,0,1,0
TF,NS410,54.327139,9.268472,0, ,0.0,0.0,0.0,0.0,2,3000,0,0,0,0,1,0

FINAL,R04,04,R,3
IF,NS410,54.327139,9.268472, ,0.0,0.0,2,3000,0,0,0,0,0,0
TF,NS409,54.385533,9.377647,0, ,0.0,0.0,43.0,5.2,2,2000,0,0,0,0,2,0
TF,RW04,54.451969,9.502461,0, ,0.0,0.0,43.0,5.9,1,114,0,0,0,0,3,1
CF,NS419,54.532983,9.655542,0,SWG,45.3,6.4,44.0,7.2,0,0,0,0,0,0,0,1
DF,NS400,54.593128,9.236181,1, ,0.0,0.0,2,4000,0,0,0,0,0,0

APPTR,R22,22,NS421
IF,NS421,54.697611,9.575844, ,0.0,0.0,2,4000,0,0,0,0,1,0
TF,NS431,54.645897,9.656700,0, ,0.0,0.0,0.0,0.0,2,3000,0,0,0,0,0,0
TF,NS420,54.584300,9.753017,0, ,0.0,0.0,0.0,0.0,2,2000,0,0,0,0,1,0

APPTR,R22,22,NS422
IF,NS422,54.712650,9.896344, ,0.0,0.0,2,4000,0,0,0,0,1,0
TF,NS432,54.654072,9.830961,0, ,0.0,0.0,0.0,0.0,2,3000,0,0,0,0,0,0
TF,NS420,54.584300,9.753017,0, ,0.0,0.0,0.0,0.0,2,2000,0,0,0,0,1,0

APPTR,R22,22,NS423
IF,NS423,54.470728,9.929206, ,0.0,0.0,2,4000,0,0,0,0,1,0
TF,NS433,54.522586,9.848756,0, ,0.0,0.0,0.0,0.0,2,3000,0,0,0,0,0,0
TF,NS420,54.584300,9.753017,0, ,0.0,0.0,0.0,0.0,2,2000,0,0,0,0,1,0

FINAL,R22,22,R,3
IF,NS420,54.584300,9.753017, ,0.0,0.0,2,2000,0,0,0,0,0,0
TF,NS419,54.532983,9.655542,0, ,0.0,0.0,224.0,4.6,2,2000,0,0,0,0,2,0
TF,RW22,54.466725,9.530269,0, ,0.0,0.0,224.0,5.9,1,115,0,0,0,0,3,1
CF,NS409,54.385533,9.377647,0,SWG,222.1,6.8,224.0,7.2,0,0,0,0,0,0,0,1
DF,NS400,54.593128,9.236181,2, ,0.0,0.0,2,4000,0,0,0,0,0,0

APPTR,T04,04,D217N
IF,D217N,54.288000,9.254500, ,0.0,0.0,2,4000,0,0,0,0,1,0
CF,D217K,54.325250,9.311139,0,SWG,217.0,11.0,37.0,3.0,2,2800,0,0,0,0,0,0
CF,FT04,54.375583,9.385678,0,SWG,217.0,7.0,37.0,4.0,2,2100,0,0,0,0,0,0

FINAL,T04,04,D,3
IF,FT04,54.375583,9.385678,SWG,217.0,7.0,2,2100,0,0,0,0,2,0
CF,30TA2,54.425869,9.460400,0,SWG,217.0,3.0,37.0,4.0,2,800,0,0,0,0,0,0
CF,MT04,54.450994,9.497828,0,SWG,217.0,1.0,37.0,2.0,1,163,0,0,0,0,3,0
FD,MT04,54.450994,9.497828,0,SWG,217.0,8.5,37.0,8.5,1,2800,0,0,0,0,0,0
VM,0,0,0,37.0,0,0,0,0,0,0,0,0

APPTR,T22,22,D217N
IF,D217N,54.288000,9.254500, ,0.0,0.0,2,4000,0,0,0,0,1,0
CF,D217M,54.300067,9.273939,0,SWG,217.0,13.0,37.0,1.0,0,0,0,0,0,0,0,0
CI,0, ,0.0,37.0,0,0,0,0,0,0,0,0
AF,D001K,54.645867,9.544064,2,SWG,1.0,11.0,217.0,2,4000,0,0,0,0,0,0
AF,D041K,54.592758,9.739414,2,SWG,41.0,11.0,1.0,0,0,0,0,0,0,0,1
CF,FT22,54.519292,9.658822,0,SWG,52.0,6.0,232.0,5.0,2,1900,0,0,0,0,0,0

FINAL,T22,22,D,3
IF,FT22,54.519292,9.658822,SWG,52.0,6.0,2,1900,0,0,0,0,2,0
CF,30TAC,54.491442,9.587642,0,SWG,52.0,3.0,232.0,3.0,2,920,0,0,0,0,0,0
CF,MT22,54.472853,9.540244,0,SWG,53.0,1.0,232.0,2.0,1,274,0,0,0,0,3,0
CF,SWG,54.463553,9.516561,0,SWG,0.0,0.0,232.0,1.0,0,0,0,0,0,0,0,0
FM,SWG,54.463553,9.516561,0,SWG,0.0,0.0,217.0,1,4000,0,0,0,0,0,0

