SID,NT107,07,2
DF,DER07,53.550219,7.685394,0, ,0.0,0.0,0,0,0,0,0,0,0,1
TF,D074D,53.568844,7.834219,0, ,0.0,0.0,0.0,0.0,2,2500,0,0,0,0,0,0

SID,NT125,25,2
DF,DER25,53.545603,7.649408,0, ,0.0,0.0,0,0,0,0,0,0,0,1
TF,D255G,53.530892,7.533550,0, ,0.0,0.0,0.0,0.0,2,2500,0,0,0,0,0,0

APPTR,I25,25,D017N
IF,D017N,53.770167,7.872333, ,0.0,0.0,4,9000,5000,0,0,0,1,0
CI,0, ,0.0,197.0,0,0,0,0,0,0,0,0
AF,D062L,53.638333,8.029633,2,WTM,62.0,12.0,17.0,2,3000,0,0,0,0,0,1
CF,CI25,53.578306,7.906336,2,INTW,74.8,9.6,255.0,4.0,2,2000,0,0,0,0,0,0

FINAL,I25,25,I,3
IF,CI25,53.578306,7.906336,INTW,74.8,9.6,2,2000,0,0,0,0,0,0
CF,FI25,53.571394,7.851639,0,INTW,74.8,7.6,255.0,7.4,1,2000,0,0,0,0,2,0
CF,RW25,53.550219,7.685394,0,INTW,74.8,1.5,255.0,6.1,1,50,0,0,0,0,3,0
CF,D255E,53.537869,7.588175,0,BAM,3.3,133.7,255.0,3.6,0,0,0,0,0,0,0,1
VM,0,0,2,68.0,1,3000,0,1,230,0,0,0

APPTR,R07,07,NT400
IF,NT400,53.716761,7.650689, ,0.0,0.0,2,5000,0,0,0,0,1,0
TF,NT422,53.655850,7.292542,0, ,0.0,0.0,0.0,0.0,2,4000,0,0,0,0,0,0
TF,NT421,53.506458,7.347894,0, ,0.0,0.0,0.0,0.0,2,2000,0,0,0,0,1,0

APPTR,R07,07,NT425
IF,NT425,53.488497,7.211650, ,0.0,0.0,2,3000,0,0,0,0,1,0
TF,NT421,53.506458,7.347894,0, ,0.0,0.0,0.0,0.0,2,2000,0,0,0,0,1,0

FINAL,R07,07,R,3
IF,NT421,53.506458,7.347894, ,0.0,0.0,2,2000,0,0,0,0,0,0
TF,NT420,53.524264,7.484256,0, ,0.0,0.0,74.0,5.0,2,2000,0,0,0,0,2,0
TF,RW07,53.545603,7.649408,0, ,0.0,0.0,74.0,6.1,1,73,0,0,0,0,3,1
TF,NT423,53.563494,7.789383,0, ,0.0,0.0,0.0,0.0,0,0,0,0,0,0,0,1
DF,NT400,53.716761,7.650689,1, ,0.0,0.0,2,5000,0,1,230,0,0,0

APPTR,R25,25,NT400
IF,NT400,53.716761,7.650689, ,0.0,0.0,2,5000,0,0,0,0,1,0
TF,NT412,53.730694,7.937364,0, ,0.0,0.0,0.0,0.0,2,4000,0,0,0,0,0,0
TF,NT411,53.588586,7.987903,0, ,0.0,0.0,0.0,0.0,2,2000,0,0,0,0,1,0

APPTR,R25,25,NT413
IF,NT413,53.605739,8.124761, ,0.0,0.0,2,3000,0,0,0,0,1,0
TF,NT411,53.588586,7.987903,0, ,0.0,0.0,0.0,0.0,2,2000,0,0,0,0,1,0

FINAL,R25,25,R,3
IF,NT411,53.588586,7.987903, ,0.0,0.0,2,2000,0,0,0,0,0,0
TF,NT410,53.571342,7.851131,0, ,0.0,0.0,255.0,5.0,2,2000,0,0,0,0,2,0
TF,RW25,53.550219,7.685394,0, ,0.0,0.0,255.0,6.1,1,68,0,0,0,0,3,1
CA,0,255.0,2,1000,0,0,0,0,0,0
DF,NT400,53.716761,7.650689,2, ,0.0,0.0,2,5000,0,0,0,0,0,0

APPTR,T07,07,D017N
IF,D017N,53.770167,7.872333, ,0.0,0.0,4,9000,5000,0,0,0,1,0
CI,0, ,0.0,197.0,0,0,0,0,0,0,0,0
AF,D266L,53.550378,7.389853,1,WTM,266.0,12.0,17.0,2,3000,0,0,0,0,0,1
CF,FT07,53.529053,7.508531,1,WTM,256.0,7.9,76.0,3.0,2,1700,0,0,0,0,0,0

FINAL,T07,07,D,3
IF,FT07,53.529053,7.508531,WTM,256.0,7.9,2,1700,0,0,0,0,2,0
CF,55TAC,53.536772,7.574300,0,WTM,256.0,5.5,76.0,2.4,2,940,0,0,0,0,0,0
CF,MT07,53.544778,7.642833,0,WTM,256.0,3.0,76.0,2.5,1,150,0,0,0,0,3,0
CF,WTM,53.554333,7.725111,0,WTM,0.0,0.0,76.0,3.0,0,0,0,0,0,0,0,1
VM,0,0,1,260.0,1,3000,0,1,230,0,0,0

APPTR,T25,25,D017N
IF,D017N,53.770167,7.872333, ,0.0,0.0,4,9000,5000,0,0,0,1,0
CI,0, ,0.0,197.0,0,0,0,0,0,0,0,0
AF,D062L,53.638333,8.029633,2,WTM,62.0,12.0,17.0,2,3000,0,0,0,0,0,1
CF,FT25,53.570386,7.833611,2,WTM,73.0,4.0,253.0,6.0,2,1800,0,0,0,0,0,0

FINAL,T25,25,D,3
IF,FT25,53.570386,7.833611,WTM,73.0,4.0,2,1800,0,0,0,0,2,0
CF,20TAC,53.562372,7.779350,0,WTM,73.0,2.0,253.0,2.0,2,1160,0,0,0,0,0,0
CF,MT25,53.550303,7.697997,0,WTM,253.0,1.0,253.0,3.0,1,209,0,0,0,0,3,0
CF,D253E,53.534128,7.589600,0,WTM,253.0,5.0,253.0,4.0,0,0,0,0,0,0,0,1
VM,0,0,2,68.0,1,3000,0,1,230,0,0,0

