SID,APDA1B,03L,5
DF,JS029,-26.002864,28.278742,0, ,0.0,0.0,2,7000,0,0,0,0,0,0
TF,JS030,-25.986850,28.443761,0, ,0.0,0.0,0.0,0.0,2,8000,0,0,0,0,0,0
TF,APDAK,-26.550983,29.047956,0, ,0.0,0.0,0.0,0.0,0,0,0,0,0,0,0,0

SID,APDA1D,21R,5
DF,JS006,-26.292022,28.189189,0, ,0.0,0.0,0,0,0,0,0,0,0,0
TF,JS002,-26.457686,28.853025,0, ,0.0,0.0,0.0,0.0,2,8000,0,0,0,0,0,0
TF,APDAK,-26.550983,29.047956,0, ,0.0,0.0,0.0,0.0,0,0,0,0,0,0,0,0

SID,APDA2B,21R,2
DF,JSV,-26.157119,28.231028,0, ,0.0,0.0,0,0,0,0,0,0,0,0
CD, ,0,0,0,JSV,0,0.0,214.0,4.5,2,7000,0,0,0,0,0,0
DF,APDAK,-26.550983,29.047956,1, ,0.0,0.0,0,0,0,0,0,0,0,0

SID,APDA3A,03L,2
CD, ,0,0,0,JSV,0,0.0,34.0,5.5,0,0,0,0,0,0,0,0
CI,0, ,0.0,101.0,0,0,0,0,0,0,0,0
CF,D088O,-26.069839,28.491364,0,JSV,87.7,15.0,152.0,4.0,2,9000,0,0,0,0,0,0
TF,APDAK,-26.550983,29.047956,0, ,0.0,0.0,0.0,0.0,0,0,0,0,0,0,0,0

SID,EGME1C,03L,5
DF,JS031,-26.011347,28.276122,0, ,0.0,0.0,2,7000,0,0,0,0,0,0
TF,JS032,-25.930728,28.687661,0, ,0.0,0.0,0.0,0.0,2,8000,0,0,0,0,0,0
TF,EGMEN,-25.646039,28.968203,0, ,0.0,0.0,0.0,0.0,0,0,0,0,0,0,0,0

SID,EGME1D,21R,5
DF,JS008,-26.264536,28.197722,0, ,0.0,0.0,2,8000,0,0,0,0,0,0
TF,JS004,-26.395417,28.367225,0, ,0.0,0.0,0.0,0.0,2,8000,0,0,0,0,0,0
TF,JS028,-25.999339,28.934883,0, ,0.0,0.0,0.0,0.0,2,8000,0,0,0,0,0,0
TF,EGMEN,-25.646039,28.968203,0, ,0.0,0.0,0.0,0.0,0,0,0,0,0,0,0,0

SID,EGME2A,03L,2
CD, ,0,0,0,JSV,0,0.0,34.0,5.5,0,0,0,0,0,0,0,0
VI,0, ,0.0,50.0,0,0,0,0,0,0,0,0
CF,D062O,-25.975775,28.422833,0,JSV,61.7,15.0,95.0,8.0,2,9000,0,0,0,0,0,0
CD, ,0,0,0,JSV,0,0.0,95.0,23.4,0,0,0,0,0,0,0,0
CI,0, ,0.0,30.0,0,0,0,0,0,0,0,0
CF,EGMEN,-25.646039,28.968203,0,JSV,70.7,50.3,70.0,25.0,0,0,0,0,0,0,0,0

SID,EGME2B,21R,2
CD, ,0,0,0,JSV,0,0.0,214.0,4.5,0,0,0,0,0,0,0,0
CI,1, ,0.0,111.0,0,0,0,0,0,0,0,0
CF,D253W,-26.043903,28.842222,0,JSV,96.5,33.7,73.0,26.0,0,0,0,0,0,0,0,1
CI,0, ,0.0,54.0,0,0,0,0,0,0,0,0
CF,EGMEN,-25.646039,28.968203,0,JSV,70.7,50.3,24.0,19.0,0,0,0,0,0,0,0,0

SID,EXOB1A,03L,2
CD, ,0,0,0,JSV,0,0.0,34.0,5.5,0,0,0,0,0,0,0,0
CD, ,0,0,0,JSV,0,0.0,101.0,15.0,2,9000,0,0,0,0,0,0
CI,0, ,0.0,126.0,0,0,0,0,0,0,0,0
CF,EXOBI,-26.047853,29.147589,0,JSV,100.7,49.9,101.0,28.0,0,0,0,0,0,0,0,0

SID,EXOB1A,03R,2
CD, ,0,0,0,JSV,0,0.0,34.0,5.5,0,0,0,0,0,0,0,0
CD, ,0,0,0,JSV,0,0.0,101.0,15.0,2,9000,0,0,0,0,0,0
CI,0, ,0.0,126.0,0,0,0,0,0,0,0,0
CF,EXOBI,-26.047853,29.147589,0,JSV,100.7,49.9,101.0,28.0,0,0,0,0,0,0,0,0

SID,EXOB3B,21L,2
CD, ,0,0,0,JSV,0,0.0,214.0,4.5,2,7000,0,0,0,0,0,0
CD, ,0,0,1,JSV,0,0.0,111.0,15.0,0,0,0,0,0,0,0,0
CI,0, ,0.0,76.0,0,0,0,0,0,0,0,0
CF,EXOBI,-26.047853,29.147589,0,JSV,100.7,49.9,101.0,19.0,0,0,0,0,0,0,0,0

SID,EXOB3B,21R,2
CD, ,0,0,0,JSV,0,0.0,214.0,4.5,2,7000,0,0,0,0,0,0
CD, ,0,0,1,JSV,0,0.0,111.0,15.0,0,0,0,0,0,0,0,0
CI,0, ,0.0,76.0,0,0,0,0,0,0,0,0
CF,EXOBI,-26.047853,29.147589,0,JSV,100.7,49.9,101.0,19.0,0,0,0,0,0,0,0,0

SID,GAV5B,03L,2
CD, ,0,0,0,JSV,0,0.0,34.0,3.0,0,0,0,0,0,0,0,0
CA,0,34.0,2,6100,0,0,0,0,0,0
CD, ,0,0,1,JSV,0,0.0,261.0,13.0,0,0,0,0,0,0,0,0
DF,GAV,-26.514897,27.676436,0, ,0.0,0.0,0,0,0,0,0,0,0,0

SID,GAV5B,03R,2
CD, ,0,0,0,JSV,0,0.0,34.0,3.0,0,0,0,0,0,0,0,0
CA,0,34.0,2,6100,0,0,0,0,0,0
CD, ,0,0,1,JSV,0,0.0,261.0,13.0,0,0,0,0,0,0,0,0
DF,GAV,-26.514897,27.676436,0, ,0.0,0.0,0,0,0,0,0,0,0,0

SID,GAV6C,21R,2
CF,JSV,-26.157119,28.231028,0,JSV,0.0,0.0,214.0,1.0,0,0,0,0,0,0,0,1
CD, ,0,0,0,JSV,0,0.0,301.0,13.0,0,0,0,0,0,0,0,0
DF,GAV,-26.514897,27.676436,0, ,0.0,0.0,0,0,0,0,0,0,0,0

SID,GERO1C,21R,5
DF,JS007,-26.262053,28.198492,0, ,0.0,0.0,0,0,0,0,0,0,0,0
TF,GEROX,-27.380281,28.828642,0, ,0.0,0.0,0.0,0.0,0,0,0,0,0,0,0,0

SID,HGV5D,21L,2
CD, ,0,0,0,JSV,0,0.0,214.0,4.5,2,7000,0,0,0,0,0,0
DF,HGV,-26.696806,28.283164,0, ,0.0,0.0,0,0,0,0,0,0,0,0

SID,HGV5D,21R,2
CD, ,0,0,0,JSV,0,0.0,214.0,4.5,2,7000,0,0,0,0,0,0
DF,HGV,-26.696806,28.283164,0, ,0.0,0.0,0,0,0,0,0,0,0,0

SID,LIV1C,21R,2
CF,JSV,-26.157119,28.231028,0,JSV,0.0,0.0,214.0,1.0,0,0,0,0,0,0,0,1
CD, ,0,0,0,JSV,0,0.0,301.0,13.0,0,0,0,0,0,0,0,0
DF,LIV,-25.948928,27.913572,0, ,0.0,0.0,0,0,0,0,0,0,0,0
TF,VASUR,-25.562989,27.893297,0, ,0.0,0.0,0.0,0.0,0,0,0,0,0,0,0,0

SID,NESA1A,03L,2
CD, ,0,0,0,JSV,0,0.0,34.0,8.0,0,0,0,0,0,0,0,0
DF,NESAN,-25.496911,28.118211,0, ,0.0,0.0,0,0,0,0,0,0,0,0

SID,NESA1A,03R,2
CD, ,0,0,0,JSV,0,0.0,34.0,8.0,0,0,0,0,0,0,0,0
DF,NESAN,-25.496911,28.118211,0, ,0.0,0.0,0,0,0,0,0,0,0,0

SID,OVAL1B,21L,2
CD, ,0,0,0,JSV,0,0.0,214.0,4.5,2,7000,0,0,0,0,0,0
CI,1, ,0.0,111.0,0,0,0,0,0,0,0,0
CF,OVALA,-26.817608,28.629083,0,JSV,169.6,45.0,170.0,38.0,0,0,0,0,0,0,0,0

SID,OVAL1B,21R,2
CD, ,0,0,0,JSV,0,0.0,214.0,4.5,2,7000,0,0,0,0,0,0
CI,1, ,0.0,111.0,0,0,0,0,0,0,0,0
CF,OVALA,-26.817608,28.629083,0,JSV,169.6,45.0,170.0,38.0,0,0,0,0,0,0,0,0

SID,RAGU1D,21R,5
CF,OR389,-26.302003,28.186094,0,AGV,91.8,544.6,215.0,10.0,2,7410,0,0,0,0,0,0
TF,OR398,-26.289900,27.934997,0, ,0.0,0.0,0.0,0.0,3,9000,0,0,0,0,0,0
TF,RAGUL,-26.448431,27.578858,0, ,0.0,0.0,0.0,0.0,2,11000,0,0,0,0,0,0

SID,RAGU3A,03L,2
CD, ,0,0,0,JSV,0,0.0,34.0,5.5,0,0,0,0,0,0,0,0
CI,1, ,0.0,281.0,0,0,0,0,0,0,0,0
CF,RAGUL,-26.448431,27.578858,0,WKV,239.6,50.5,241.0,34.0,0,0,0,0,0,0,0,0

SID,RAGU3A,03R,2
CD, ,0,0,0,JSV,0,0.0,34.0,5.5,0,0,0,0,0,0,0,0
CI,1, ,0.0,281.0,0,0,0,0,0,0,0,0
CF,RAGUL,-26.448431,27.578858,0,WKV,239.6,50.5,241.0,34.0,0,0,0,0,0,0,0,0

SID,VASU3A,03L,2
CD, ,0,0,0,JSV,0,0.0,34.0,5.5,0,0,0,0,0,0,0,0
CI,0, ,0.0,311.0,0,0,0,0,0,0,0,0
CF,VASUR,-25.562989,27.893297,0,JSV,350.7,40.0,351.0,30.0,0,0,0,0,0,0,0,0

SID,VASU3A,03R,2
CD, ,0,0,0,JSV,0,0.0,34.0,5.5,0,0,0,0,0,0,0,0
CI,0, ,0.0,311.0,0,0,0,0,0,0,0,0
CF,VASUR,-25.562989,27.893297,0,JSV,350.7,40.0,351.0,30.0,0,0,0,0,0,0,0,0

SID,VASU3B,21L,2
CD, ,0,0,0,JSV,0,0.0,214.0,9.0,0,0,0,0,0,0,0,0
CD, ,0,0,0,JSV,0,0.0,291.0,15.0,0,0,0,0,0,0,0,0
CI,0, ,0.0,351.0,0,0,0,0,0,0,0,0
CF,LIV,-25.948928,27.913572,0,JSV,323.9,21.2,18.0,16.0,0,0,0,0,0,0,0,0
TF,VASUR,-25.562989,27.893297,0, ,0.0,0.0,0.0,0.0,0,0,0,0,0,0,0,0

SID,VASU3B,21R,2
CD, ,0,0,0,JSV,0,0.0,214.0,9.0,0,0,0,0,0,0,0,0
CD, ,0,0,0,JSV,0,0.0,291.0,15.0,0,0,0,0,0,0,0,0
CI,0, ,0.0,351.0,0,0,0,0,0,0,0,0
CF,LIV,-25.948928,27.913572,0,JSV,323.9,21.2,18.0,16.0,0,0,0,0,0,0,0,0
TF,VASUR,-25.562989,27.893297,0, ,0.0,0.0,0.0,0.0,0,0,0,0,0,0,0,0

STAR,AVAG1C,03L,5
IF,AVAGO,-25.719417,27.444267, ,0.0,0.0,2,11000,0,1,250,0,0,0
TF,OR370,-25.895103,27.758431,0, ,0.0,0.0,0.0,0.0,2,11000,0,1,250,0,0,0
TF,OR371,-26.079511,28.090522,0, ,0.0,0.0,0.0,0.0,2,9000,0,1,210,0,0,0
TF,OR372,-26.143022,28.098831,0, ,0.0,0.0,0.0,0.0,2,9000,0,0,0,0,0,0
TF,OR373,-26.384150,28.001339,0, ,0.0,0.0,0.0,0.0,2,8000,0,0,0,0,0,0
FM,OR373,-26.384150,28.001339,0,AGV,0.0,0.0,220.0,2,8000,0,0,0,0,0,0

STAR,AVAG1C,03R,5
IF,AVAGO,-25.719417,27.444267, ,0.0,0.0,2,11000,0,1,250,0,0,0
TF,OR370,-25.895103,27.758431,0, ,0.0,0.0,0.0,0.0,2,11000,0,1,250,0,0,0
TF,OR371,-26.079511,28.090522,0, ,0.0,0.0,0.0,0.0,2,9000,0,1,210,0,0,0
TF,OR372,-26.143022,28.098831,0, ,0.0,0.0,0.0,0.0,2,9000,0,0,0,0,0,0
TF,OR373,-26.384150,28.001339,0, ,0.0,0.0,0.0,0.0,2,8000,0,0,0,0,0,0
FM,OR373,-26.384150,28.001339,0,AGV,0.0,0.0,220.0,2,8000,0,0,0,0,0,0

STAR,AVAG1D,21L,5
IF,AVAGO,-25.719417,27.444267, ,0.0,0.0,2,11000,0,1,250,0,0,0
TF,OR364,-25.895144,27.758500,0, ,0.0,0.0,0.0,0.0,2,11000,0,1,250,0,0,0
TF,OR365,-26.068811,28.071183,0, ,0.0,0.0,0.0,0.0,2,8000,0,1,210,0,0,0
TF,OR366,-25.955608,28.105839,1, ,0.0,0.0,0.0,0.0,2,8000,0,1,210,0,0,0
FM,OR366,-25.955608,28.105839,0,RAV,0.0,0.0,35.0,2,8000,0,1,210,0,0,0

STAR,AVAG1D,21R,5
IF,AVAGO,-25.719417,27.444267, ,0.0,0.0,2,11000,0,1,250,0,0,0
TF,OR364,-25.895144,27.758500,0, ,0.0,0.0,0.0,0.0,2,11000,0,1,250,0,0,0
TF,OR365,-26.068811,28.071183,0, ,0.0,0.0,0.0,0.0,2,8000,0,1,210,0,0,0
TF,OR366,-25.955608,28.105839,1, ,0.0,0.0,0.0,0.0,2,8000,0,1,210,0,0,0
FM,OR366,-25.955608,28.105839,0,RAV,0.0,0.0,35.0,2,8000,0,1,210,0,0,0

STAR,AVIL1A,03L,2
IF,AVILO,-26.981858,28.721006, ,0.0,0.0,0,0,0,1,250,0,0,0
TF,JS30A,-26.599644,28.492928,0, ,0.0,0.0,0.0,0.0,0,0,0,1,210,0,0,0
TF,JSV29,-26.584903,28.484167,0, ,0.0,0.0,0.0,0.0,0,0,0,0,0,0,0,1
CF,D045L,-26.518617,28.379750,0,JSV,177.7,23.1,310.0,6.0,0,0,0,0,0,0,0,0
VM,-26.133694,28.242317,1,210.0,0,0,0,0,0,0,0,0

STAR,AVIL1A,03R,2
IF,AVILO,-26.981858,28.721006, ,0.0,0.0,0,0,0,1,250,0,0,0
TF,JS30A,-26.599644,28.492928,0, ,0.0,0.0,0.0,0.0,0,0,0,1,210,0,0,0
TF,JSV29,-26.584903,28.484167,0, ,0.0,0.0,0.0,0.0,0,0,0,0,0,0,0,1
CF,D045L,-26.518617,28.379750,0,JSV,177.7,23.1,310.0,6.0,0,0,0,0,0,0,0,0
VM,-26.133694,28.242317,1,210.0,0,0,0,0,0,0,0,0

STAR,AVIL1B,03L,5
IF,AVILO,-26.981858,28.721006, ,0.0,0.0,0,0,0,1,250,0,0,0
TF,JS018,-26.562386,28.470808,0, ,0.0,0.0,0.0,0.0,2,8000,0,0,0,0,0,0
TF,JS017,-26.515372,28.333019,0, ,0.0,0.0,0.0,0.0,2,8000,0,1,210,0,0,0
TF,ETLIG,-26.696667,28.283056,0, ,0.0,0.0,0.0,0.0,0,0,0,0,0,0,0,0

STAR,AVIL1B,03R,5
IF,AVILO,-26.981858,28.721006, ,0.0,0.0,0,0,0,1,250,0,0,0
TF,JS018,-26.562386,28.470808,0, ,0.0,0.0,0.0,0.0,2,8000,0,0,0,0,0,0
TF,JS017,-26.515372,28.333019,0, ,0.0,0.0,0.0,0.0,2,8000,0,1,210,0,0,0
TF,ETLIG,-26.696667,28.283056,0, ,0.0,0.0,0.0,0.0,0,0,0,0,0,0,0,0

STAR,NIBE1B,03L,5
IF,NIBEX,-26.823767,27.670392, ,0.0,0.0,2,11000,0,1,250,0,0,0
TF,OR377,-26.574675,27.740486,0, ,0.0,0.0,0.0,0.0,2,11000,0,1,250,0,0,0
TF,VEKOP,-26.612722,27.908589,0, ,0.0,0.0,0.0,0.0,2,11000,0,1,250,0,0,0

STAR,NIBE1B,03R,5
IF,NIBEX,-26.823767,27.670392, ,0.0,0.0,2,11000,0,1,250,0,0,0
TF,OR377,-26.574675,27.740486,0, ,0.0,0.0,0.0,0.0,2,11000,0,1,250,0,0,0
TF,VEKOP,-26.612722,27.908589,0, ,0.0,0.0,0.0,0.0,2,11000,0,1,250,0,0,0

STAR,NIBE1D,21L,5
IF,NIBEX,-26.823767,27.670392, ,0.0,0.0,2,11000,0,1,250,0,0,0
TF,OR386,-26.544769,27.906042,0, ,0.0,0.0,0.0,0.0,2,11000,0,1,210,0,0,0
TF,OR387,-26.361381,28.060133,0, ,0.0,0.0,0.0,0.0,2,8000,0,0,0,0,0,0
TF,OR388,-26.117889,28.126511,0, ,0.0,0.0,0.0,0.0,2,8000,0,0,0,0,0,0
TF,UVLOG,-25.888511,28.188781,0, ,0.0,0.0,0.0,0.0,2,8000,0,0,0,0,0,0

STAR,NIBE1D,21R,5
IF,NIBEX,-26.823767,27.670392, ,0.0,0.0,2,11000,0,1,250,0,0,0
TF,OR386,-26.544769,27.906042,0, ,0.0,0.0,0.0,0.0,2,11000,0,1,210,0,0,0
TF,OR387,-26.361381,28.060133,0, ,0.0,0.0,0.0,0.0,2,8000,0,0,0,0,0,0
TF,OR388,-26.117889,28.126511,0, ,0.0,0.0,0.0,0.0,2,8000,0,0,0,0,0,0
TF,UVLOG,-25.888511,28.188781,0, ,0.0,0.0,0.0,0.0,2,8000,0,0,0,0,0,0

STAR,OKPI1C,03L,5
IF,OKPIT,-25.462283,28.742378, ,0.0,0.0,2,11000,0,1,250,0,0,0
TF,OR393,-25.600400,28.640472,0, ,0.0,0.0,0.0,0.0,2,11000,0,1,250,0,0,0
TF,OR394,-25.760819,28.521747,0, ,0.0,0.0,0.0,0.0,2,11000,0,0,0,0,0,0
TF,OR395,-26.156486,28.421375,0, ,0.0,0.0,0.0,0.0,2,8000,0,0,0,0,0,0
TF,OR396,-26.335686,28.375683,0, ,0.0,0.0,0.0,0.0,2,8000,0,1,210,0,0,0
FM,OR396,-26.335686,28.375683,0,AGV,0.0,0.0,213.0,2,8000,0,0,0,0,0,0

STAR,OKPI1C,03R,5
IF,OKPIT,-25.462283,28.742378, ,0.0,0.0,2,11000,0,1,250,0,0,0
TF,OR393,-25.600400,28.640472,0, ,0.0,0.0,0.0,0.0,2,11000,0,1,250,0,0,0
TF,OR394,-25.760819,28.521747,0, ,0.0,0.0,0.0,0.0,2,11000,0,0,0,0,0,0
TF,OR395,-26.156486,28.421375,0, ,0.0,0.0,0.0,0.0,2,8000,0,0,0,0,0,0
TF,OR396,-26.335686,28.375683,0, ,0.0,0.0,0.0,0.0,2,8000,0,1,210,0,0,0
FM,OR396,-26.335686,28.375683,0,AGV,0.0,0.0,213.0,2,8000,0,0,0,0,0,0

STAR,OKPI1D,21L,5
IF,OKPIT,-25.462283,28.742378, ,0.0,0.0,2,11000,0,1,250,0,0,0
TF,OR383,-25.883592,28.774494,0, ,0.0,0.0,0.0,0.0,2,11000,0,0,0,0,0,0
TF,OR384,-25.984333,28.702097,0, ,0.0,0.0,0.0,0.0,2,9000,0,1,210,0,0,0
TF,OR385,-26.062958,28.488433,0, ,0.0,0.0,0.0,0.0,2,8000,0,0,0,0,0,0
FM,OR385,-26.062958,28.488433,2,AGV,0.0,0.0,36.0,2,8000,0,0,0,0,0,0

STAR,OKPI1D,21R,5
IF,OKPIT,-25.462283,28.742378, ,0.0,0.0,2,11000,0,1,250,0,0,0
TF,OR383,-25.883592,28.774494,0, ,0.0,0.0,0.0,0.0,2,11000,0,0,0,0,0,0
TF,OR384,-25.984333,28.702097,0, ,0.0,0.0,0.0,0.0,2,9000,0,1,210,0,0,0
TF,OR385,-26.062958,28.488433,0, ,0.0,0.0,0.0,0.0,2,8000,0,0,0,0,0,0
FM,OR385,-26.062958,28.488433,2,AGV,0.0,0.0,36.0,2,8000,0,0,0,0,0,0

STAR,UNPO1A,03L,5
IF,UNPOM,-26.696719,28.867461, ,0.0,0.0,2,11000,0,1,250,0,0,0
TF,OR391,-26.618433,28.635811,0, ,0.0,0.0,0.0,0.0,2,11000,0,0,0,0,0,0
TF,OR392,-26.515372,28.333019,0, ,0.0,0.0,0.0,0.0,2,8000,0,1,210,0,0,0
TF,ETLIG,-26.696667,28.283056,1, ,0.0,0.0,0.0,0.0,2,8000,0,0,0,0,0,0

STAR,UNPO1A,03R,5
IF,UNPOM,-26.696719,28.867461, ,0.0,0.0,2,11000,0,1,250,0,0,0
TF,OR391,-26.618433,28.635811,0, ,0.0,0.0,0.0,0.0,2,11000,0,0,0,0,0,0
TF,OR392,-26.515372,28.333019,0, ,0.0,0.0,0.0,0.0,2,8000,0,1,210,0,0,0
TF,ETLIG,-26.696667,28.283056,1, ,0.0,0.0,0.0,0.0,2,8000,0,0,0,0,0,0

STAR,UNPO1B,21L,5
IF,UNPOM,-26.696719,28.867461, ,0.0,0.0,2,11000,0,1,250,0,0,0
TF,OR368,-26.554131,28.698344,0, ,0.0,0.0,0.0,0.0,2,11000,0,0,0,0,0,0
TF,OR369,-26.311736,28.412361,0, ,0.0,0.0,0.0,0.0,2,8000,0,1,210,0,0,0
TF,ETGAV,-25.956328,28.457297,0, ,0.0,0.0,0.0,0.0,2,8000,0,0,0,0,0,0

STAR,UNPO1B,21R,5
IF,UNPOM,-26.696719,28.867461, ,0.0,0.0,2,11000,0,1,250,0,0,0
TF,OR368,-26.554131,28.698344,0, ,0.0,0.0,0.0,0.0,2,11000,0,0,0,0,0,0
TF,OR369,-26.311736,28.412361,0, ,0.0,0.0,0.0,0.0,2,8000,0,1,210,0,0,0
TF,ETGAV,-25.956328,28.457297,0, ,0.0,0.0,0.0,0.0,2,8000,0,0,0,0,0,0

FINAL,D21RY,21R,D,2
IF,FD21R,-25.980347,28.287106,JSV,34.0,11.0,2,8000,0,0,0,0,2,0
CF,M21RY,-26.107303,28.246847,0,JSV,34.0,3.1,214.0,7.9,1,5643,0,0,0,0,3,0
CF,JSV,-26.157119,28.231028,0,JSV,0.0,0.0,214.0,3.1,0,0,0,0,0,0,0,0
VR,2,WKV,214.0,320.0,1,8000,0,1,240,0,0,0
VM,0,0,0,40.0,0,0,0,0,0,0,0,0

APPTR,D21RZ,21R,F21R1
IF,FD21R,-25.980347,28.287106, ,0.0,0.0,2,9000,0,0,0,0,0,0
HF,FD21R,-25.980347,28.287106,2, ,0.0,0.0,214.0,05,2,8000,0,0,0,0,0,0,0

APPTR,D21RZ,21R,F21R2
PI,FD21R,-25.980347,28.287106,2,JSV,349.0,10.0,034,5.0,2,9000,0,0,0,0,0,0
CF,FD21R,-25.980347,28.287106,0,JSV,34.0,11.0,214.0,8.0,2,8000,0,0,0,0,0,0

FINAL,D21RZ,21R,D,2
IF,FD21R,-25.980347,28.287106,JSV,34.0,11.0,2,8000,0,0,0,0,2,0
CF,M21RZ,-26.108911,28.246336,0,JSV,34.0,3.0,214.0,8.0,1,5613,0,0,0,0,3,0
CF,JSV,-26.157119,28.231028,0,JSV,0.0,0.0,214.0,3.0,0,0,0,0,0,0,0,0
FD,JSV,-26.157119,28.231028,0,JSV,0.0,5.0,214.0,5.0,0,0,0,0,0,0,0,0
CA,0,214.0,2,7500,0,0,0,0,0,0
DF,JSV,-26.157119,28.231028,2, ,0.0,0.0,0,0,0,0,0,0,0,0
CF,FD21R,-25.980347,28.287106,0,JSV,34.0,11.0,34.0,11.0,1,9000,0,0,0,0,0,0
HM,FD21R,-25.980347,28.287106,2, ,0.0,0.0,214.0,05,0,0,0,0,0,0,0,0,0

FINAL,I03LY,03L,I,3
IF,CI03L,-26.267092,28.196889,JSI,213.6,10.1,2,8000,0,0,0,0,0,0
CF,F03LY,-26.209142,28.214881,0,JSI,213.6,6.5,34.0,3.6,1,6850,0,0,0,0,2,0
CF,RW03L,-26.146419,28.234339,0,JSI,213.6,2.6,34.0,3.9,1,5612,0,0,0,0,3,0
CF,D034A,-26.086828,28.252942,0,JSV,33.7,4.4,34.0,3.7,2,5960,0,0,0,0,0,1
VR,1,WKV,210.0,300.0,1,8000,0,1,220,0,0,0
VM,0,0,0,220.0,0,0,0,0,0,0,0,0

APPTR,I03LZ,03L,JSV
IF,JSV,-26.157119,28.231028, ,0.0,0.0,0,0,0,0,0,0,0,0
PI,JSV,-26.157119,28.231028,2,JSV,169.0,10.0,214,5.0,2,8000,0,0,0,0,0,0

FINAL,I03LZ,03L,I,3
IF,CI03L,-26.267092,28.196889,JSI,213.6,10.1,2,8000,0,0,0,0,0,0
CF,FI03L,-26.210750,28.214383,0,JSI,213.6,6.6,34.0,3.5,1,6880,0,0,0,0,2,0
CF,RW03L,-26.146419,28.234339,0,JSI,213.6,2.6,34.0,4.0,1,5612,0,0,0,0,3,0
FA,RW03L,-26.146419,28.234339,0,JSV,0.0,0.0,34.0,2,7000,0,0,0,0,0,0
VD, ,0,0,1,JSV,0.0,0.0,214.0,11.0,1,8300,0,0,0,0,0,0
DF,JSV,-26.157119,28.231028,1, ,0.0,0.0,0,0,0,0,0,0,0,0

FINAL,I03RW,03R,I,3
IF,C03RW,-26.370164,28.184567,JNI,215.6,14.8,2,9000,0,0,0,0,0,0
CF,F03RW,-26.337964,28.194547,0,JNI,215.6,12.8,36.0,2.0,1,9000,0,0,0,0,2,0
CF,RW03R,-26.164769,28.248117,0,JNI,215.6,2.0,36.0,10.8,1,5568,0,0,0,0,3,0
FD,RW03R,-26.164769,28.248117,0,JSV,134.4,7.3,36.0,7.3,2,5960,0,0,0,0,0,0
CR,2,HGV,27.0,130.0,1,8000,0,1,240,0,0,0
VM,0,0,0,210.0,0,0,0,0,0,0,0,0

FINAL,I03RX,03R,I,3
IF,CI03R,-26.336483,28.194861,JNI,215.6,12.7,2,8000,0,0,0,0,0,0
CF,FI03R,-26.288189,28.209856,0,JNI,215.6,9.7,36.0,3.0,1,8000,0,0,0,0,2,0
CF,RW03R,-26.164769,28.248117,0,JNI,215.6,2.0,36.0,7.7,1,5568,0,0,0,0,3,0
FD,RW03R,-26.164769,28.248117,0,JSV,134.4,7.3,36.0,7.3,2,5960,0,0,0,0,0,0
CR,2,HGV,27.0,130.0,1,8000,0,1,240,0,0,0
VM,0,0,0,210.0,0,0,0,0,0,0,0,0

FINAL,I03RZ,03R,I,3
IF,CI03R,-26.336483,28.194861,JNI,215.6,12.7,2,8000,0,1,230,0,0,0
CF,FI03R,-26.288189,28.209856,0,JNI,215.6,9.7,36.0,3.0,1,8000,0,0,0,0,2,0
CF,RW03R,-26.164769,28.248117,0,JNI,215.6,2.0,36.0,7.7,1,5559,0,0,0,0,3,0
CA,0,36.0,2,8000,0,0,0,0,0,0
VM,0,0,2,215.0,1,8000,0,1,230,0,0,0

FINAL,I21L,21L,I,3
IF,CI21L,-25.962692,28.310583,JAI,35.6,12.8,2,8000,0,0,0,0,0,0
CF,FI21L,-26.010997,28.295667,0,JAI,35.6,9.8,216.0,3.0,1,8000,0,0,0,0,2,0
CF,RW21L,-26.135178,28.257278,0,JAI,35.6,2.0,216.0,7.7,1,5544,0,0,0,0,3,0
CA,0,216.0,2,8000,0,0,0,0,0,0
VM,0,0,1,40.0,1,8000,0,1,230,0,0,0

FINAL,I21R,21R,I,3
IF,CI21R,-25.910136,28.307353,JBI,35.6,15.0,2,8000,0,0,0,0,0,0
CF,FI21R,-25.990578,28.282525,0,JBI,35.6,10.0,215.0,5.0,1,8000,0,0,0,0,2,0
CF,RW21R,-26.111906,28.245025,0,JBI,35.6,2.4,215.0,7.5,1,5556,0,0,0,0,3,0
CD, ,0,0,0,JBI,0,0.0,215.0,6.8,2,7000,0,0,0,0,0,0
VR,2,WKV,220.0,340.0,1,8000,0,1,250,0,0,0
VM,0,0,0,45.0,0,0,0,1,250,0,0,0

APPTR,R03R,03R,ETLIG
IF,ETLIG,-26.696667,28.283056, ,0.0,0.0,2,13000,0,1,250,0,1,0
TF,JS2T1,-26.654822,28.095758,0, ,0.0,0.0,0.0,0.0,2,13000,0,1,250,0,1,0

APPTR,R03R,03R,SUPON
IF,SUPON,-26.735308,28.070614, ,0.0,0.0,2,13000,0,1,250,0,1,0
TF,JS2T1,-26.654822,28.095758,0, ,0.0,0.0,0.0,0.0,2,13000,0,1,250,0,1,0

APPTR,R03R,03R,VEKOP
IF,VEKOP,-26.612722,27.908589, ,0.0,0.0,2,13000,0,1,250,0,1,0
TF,JS2T1,-26.654822,28.095758,0, ,0.0,0.0,0.0,0.0,2,13000,0,1,250,0,1,0

FINAL,R03R,03R,R,3
IF,JS2T1,-26.654822,28.095758, ,0.0,0.0,2,13000,0,1,250,0,0,0
TF,JS2F1,-26.288194,28.209861,0, ,0.0,0.0,34.0,22.8,2,8000,0,0,0,0,2,0
TF,JS2MP,-26.164772,28.248114,0, ,0.0,0.0,34.0,7.7,1,5570,0,0,0,0,3,1
TF,JS2M1,-25.986117,28.303350,0, ,0.0,0.0,0.0,0.0,0,0,0,0,0,0,0,0
TF,JS2M2,-26.033661,28.492483,0, ,0.0,0.0,0.0,0.0,0,0,0,0,0,0,0,0
TF,JS017,-26.515372,28.333019,2, ,0.0,0.0,0.0,0.0,0,0,0,0,0,0,0,0
TF,ETLIG,-26.696667,28.283056,0, ,0.0,0.0,0.0,0.0,1,13000,0,1,240,0,0,0

APPTR,R21L,21L,ETGAV
IF,ETGAV,-25.956328,28.457297, ,0.0,0.0,2,11000,0,1,250,0,1,0
TF,JS3T1,-25.922481,28.322989,0, ,0.0,0.0,0.0,0.0,2,9000,0,1,250,0,1,0

APPTR,R21L,21L,NIGOS
IF,NIGOS,-25.841953,28.347806, ,0.0,0.0,2,10000,0,1,250,0,1,0
TF,JS3T1,-25.922481,28.322989,0, ,0.0,0.0,0.0,0.0,2,9000,0,1,250,0,1,0

APPTR,R21L,21L,UVLOG
IF,UVLOG,-25.888511,28.188781, ,0.0,0.0,2,11000,0,1,250,0,1,0
TF,JS3T1,-25.922481,28.322989,0, ,0.0,0.0,0.0,0.0,2,9000,0,1,250,0,1,0

FINAL,R21L,21L,R,3
IF,JS3T1,-25.922481,28.322989, ,0.0,0.0,2,9000,0,1,250,0,0,0
TF,JS3F1,-26.012756,28.295108,0, ,0.0,0.0,214.0,5.6,2,8000,0,0,0,0,2,0
TF,JS3MP,-26.135178,28.257278,0, ,0.0,0.0,214.0,7.6,1,5547,0,0,0,0,3,1
TF,JS3M1,-26.290228,28.209233,0, ,0.0,0.0,0.0,0.0,2,8000,0,1,240,0,0,0
TF,JS3M2,-26.347839,28.438594,0, ,0.0,0.0,0.0,0.0,0,0,0,1,240,0,0,0
TF,ETGAV,-25.956328,28.457297,1, ,0.0,0.0,0.0,0.0,0,0,0,1,240,0,0,0

