APPTR,R16,16,ESTEX
IF,ESTEX,-29.398961,30.418003, ,0.0,0.0,4,8000,7000,1,200,0,1,0
TF,PM1T1,-29.501628,30.267456,0, ,0.0,0.0,0.0,0.0,2,5500,0,1,200,0,1,0

APPTR,R16,16,IBSEG
IF,IBSEG,-29.401517,30.261483, ,0.0,0.0,2,7700,0,1,200,0,1,0
TF,PM1T1,-29.501628,30.267456,0, ,0.0,0.0,0.0,0.0,2,5500,0,1,200,0,1,0

FINAL,R16,16,R,5
IF,PM1T1,-29.501628,30.267456, ,0.0,0.0,2,5500,0,1,160,0,0,0
TF,PM1F1,-29.564083,30.323064,0, ,0.0,0.0,168.0,4.7,2,4600,0,1,160,0,2,0
TF,PM1F2,-29.583853,30.340683,0, ,0.0,0.0,168.0,1.5,2,4080,0,1,160,0,0,0
TF,PM1F3,-29.603628,30.358311,0, ,0.0,0.0,168.0,1.5,2,3520,0,1,160,0,0,0
TF,PM1MP,-29.634875,30.386189,0, ,0.0,0.0,168.0,2.4,1,2642,0,1,160,0,3,1
CA,0,168.0,2,3500,0,1,200,0,0,0
DF,ESTEX,-29.398961,30.418003,1, ,0.0,0.0,2,7000,0,1,200,0,0,0
HM,ESTEX,-29.398961,30.418003,1, ,0.0,0.0,258.0,04.3,0,0,0,1,190,0,0,0,0

APPTR,R34,34,AVUSO
IF,AVUSO,-29.950561,30.554747, ,0.0,0.0,2,6500,0,1,180,0,1,0
TF,NIGIL,-29.786031,30.521433,0, ,0.0,0.0,0.0,0.0,2,5660,0,1,180,0,1,0

APPTR,R34,34,NEXAB
IF,NEXAB,-29.683019,30.672156, ,0.0,0.0,2,6000,0,1,180,0,1,0
TF,NIGIL,-29.786031,30.521433,0, ,0.0,0.0,0.0,0.0,2,5660,0,1,180,0,1,0

FINAL,R34,34,R,3
IF,NIGIL,-29.786031,30.521433, ,0.0,0.0,2,5660,0,1,180,0,0,0
TF,PM2F1,-29.720214,30.462475,0, ,0.0,0.0,346.0,5.0,2,4070,0,1,130,0,2,0
TF,PM2MP,-29.654369,30.403594,0, ,0.0,0.0,346.0,5.0,1,2473,0,0,0,0,3,1
FA,PM2MP,-29.654369,30.403594,0,GYV,0.0,0.0,346.0,2,3400,0,0,0,0,0,0
DF,NEXAB,-29.683019,30.672156,2, ,0.0,0.0,1,6000,0,0,0,0,0,0

