APPTR,I04-Z,04,OTK1
IF,OTK,-1.210031,15.921647, ,0.0,0.0,2,3000,0,0,0,0,0,0
TF,D215G,-1.306069,15.854831,0, ,0.0,0.0,0.0,0.0,2,2800,0,0,0,0,0,0
FC,D215G,-1.306069,15.854831,0,CF,0.0,0.0,260.0,4.4,0,0,0,0,0,0,0,1
CF,CI04Z,-1.326967,15.839214,1,ILB,215.4,8.4,35.0,3.0,2,2800,0,0,0,0,0,0

APPTR,I04-Z,04,OTK2
IF,OTK,-1.210031,15.921647, ,0.0,0.0,2,3000,0,0,0,0,0,0
TF,D215G,-1.306069,15.854831,0, ,0.0,0.0,0.0,0.0,2,2800,0,0,0,0,0,0
FC,D215G,-1.306069,15.854831,0,CF,0.0,0.0,260.0,2.3,0,0,0,0,0,0,0,1
CF,CI04Z,-1.326967,15.839214,1,ILB,215.4,8.4,35.0,2.0,2,2800,0,0,0,0,0,0

FINAL,I04-Z,04,I,3
IF,CI04Z,-1.326967,15.839214,ILB,215.4,8.4,2,2800,0,0,0,0,0,0
CF,FI04Z,-1.313308,15.848842,0,ILB,215.4,7.4,35.0,1.0,1,2800,0,0,0,0,2,0
CF,RW04,-1.238800,15.901369,0,ILB,215.4,2.0,35.0,5.5,1,1120,0,0,0,0,3,0
TF,OTK,-1.210031,15.921647,0, ,0.0,0.0,0.0,0.0,0,0,0,0,0,0,0,0
CA,0,35.0,2,2300,0,0,0,0,0,0
DF,OTK,-1.210031,15.921647,1, ,0.0,0.0,1,3000,0,1,200,0,0,0

APPTR,N04,04,OTK1
IF,OTK,-1.210031,15.921647, ,0.0,0.0,2,3000,0,0,0,0,0,0
TF,D215G,-1.306069,15.854831,0, ,0.0,0.0,0.0,0.0,2,2800,0,0,0,0,0,0
FC,D215G,-1.306069,15.854831,0,CF,0.0,0.0,260.0,4.4,0,0,0,0,0,0,0,1
CF,FN04,-1.311219,15.851247,1,CF,168.0,78.7,35.0,4.0,2,2800,0,0,0,0,0,0

APPTR,N04,04,OTK2
IF,OTK,-1.210031,15.921647, ,0.0,0.0,2,3000,0,0,0,0,0,0
TF,D215G,-1.306069,15.854831,0, ,0.0,0.0,0.0,0.0,2,2800,0,0,0,0,0,0
FC,D215G,-1.306069,15.854831,0,CF,0.0,0.0,260.0,2.3,0,0,0,0,0,0,0,1
CF,FN04,-1.311219,15.851247,1,CF,168.0,78.7,35.0,3.0,2,2800,0,0,0,0,0,0

FINAL,N04,04,N,2
IF,FN04,-1.311219,15.851247,OTK,0.0,0.0,2,2800,0,0,0,0,2,0
CF,RW04,-1.238800,15.901369,0,OTK,0.0,0.0,35.0,5.3,1,1120,0,0,0,0,3,0
TF,OTK,-1.210031,15.921647,0, ,0.0,0.0,0.0,0.0,0,0,0,0,0,0,0,1
CA,0,35.0,2,2300,0,0,0,0,0,0
DF,OTK,-1.210031,15.921647,1, ,0.0,0.0,1,3000,0,1,200,0,0,0

APPTR,N22,22,OTK1
IF,OTK,-1.210031,15.921647, ,0.0,0.0,2,3000,0,0,0,0,0,0
TF,D035E,-1.137314,15.972231,0, ,0.0,0.0,0.0,0.0,2,2800,0,0,0,0,0,0
FC,D035E,-1.137314,15.972231,0,CF,0.0,0.0,350.0,4.4,0,0,0,0,0,0,0,1
CF,FN22,-1.141217,15.969514,2,CF,160.7,70.9,215.0,5.0,2,2800,0,0,0,0,0,0

APPTR,N22,22,OTK2
IF,OTK,-1.210031,15.921647, ,0.0,0.0,2,3000,0,0,0,0,0,0
TF,D035E,-1.137314,15.972231,0, ,0.0,0.0,0.0,0.0,2,2800,0,0,0,0,0,0
FC,D035E,-1.137314,15.972231,0,CF,0.0,0.0,350.0,2.3,0,0,0,0,0,0,0,1
CF,FN22,-1.141217,15.969514,2,CF,160.7,70.9,215.0,3.0,2,2800,0,0,0,0,0,0

FINAL,N22,22,N,2
IF,FN22,-1.141217,15.969514,OTK,0.0,0.0,2,2800,0,0,0,0,2,0
CF,OTK,-1.210031,15.921647,0,OTK,0.0,0.0,215.0,5.0,1,1204,0,0,0,0,3,0
CA,0,215.0,2,2300,0,0,0,0,0,0
DF,OTK,-1.210031,15.921647,2, ,0.0,0.0,1,3000,0,0,0,0,0,0

