SID,EDGA1G,12,5
CF,KD411,3.963336,9.803769,0,DLA,116.8,4.1,117.0,5.0,0,0,0,1,265,0,0,0
TF,KD412,3.843725,9.743656,0, ,0.0,0.0,0.0,0.0,3,8000,0,0,0,0,0,0
TF,EDGAD,3.688767,9.132058,0, ,0.0,0.0,0.0,0.0,0,0,0,0,0,0,0,0

SID,ERPI1B,30,5
CF,KD421,4.047606,9.637533,0,DLA,296.8,7.1,297.0,5.0,0,0,0,1,265,0,0,0
TF,ERPIS,3.847358,9.078464,0, ,0.0,0.0,0.0,0.0,0,0,0,0,0,0,0,0

SID,GALM1B,30,5
CF,KD421,4.047606,9.637533,0,DLA,296.8,7.1,297.0,5.0,0,0,0,1,265,0,0,0
TF,KD422,4.182167,9.705178,0, ,0.0,0.0,0.0,0.0,3,8000,0,0,0,0,0,0
TF,GALMO,4.925544,9.663706,0, ,0.0,0.0,0.0,0.0,0,0,0,0,0,0,0,0

SID,GALM1G,12,5
CF,KD411,3.963336,9.803769,0,DLA,116.8,4.1,117.0,5.0,0,0,0,1,265,0,0,0
TF,KD413,4.141747,9.895900,0, ,0.0,0.0,0.0,0.0,0,0,0,0,0,0,0,0
TF,KD414,4.414669,9.815111,0, ,0.0,0.0,0.0,0.0,2,10000,0,0,0,0,0,0
TF,GALMO,4.925544,9.663706,0, ,0.0,0.0,0.0,0.0,0,0,0,0,0,0,0,0

SID,GAPK1B,30,5
CF,KD421,4.047606,9.637533,0,DLA,296.8,7.1,297.0,5.0,0,0,0,1,265,0,0,0
TF,KD422,4.182167,9.705178,0, ,0.0,0.0,0.0,0.0,3,8000,0,0,0,0,0,0
TF,GAPKI,4.775800,10.223717,0, ,0.0,0.0,0.0,0.0,0,0,0,0,0,0,0,0

SID,GAPK1G,12,5
CF,KD411,3.963336,9.803769,0,DLA,116.8,4.1,117.0,5.0,0,0,0,1,265,0,0,0
TF,KD413,4.141747,9.895900,0, ,0.0,0.0,0.0,0.0,0,0,0,0,0,0,0,0
TF,GAPKI,4.775800,10.223717,0, ,0.0,0.0,0.0,0.0,0,0,0,0,0,0,0,0

SID,GASU1B,30,5
CF,KD421,4.047606,9.637533,0,DLA,296.8,7.1,297.0,5.0,0,0,0,1,265,0,0,0
TF,KD424,3.972847,9.599961,0, ,0.0,0.0,0.0,0.0,0,0,0,0,0,0,0,0
TF,KD425,3.829811,9.627617,0, ,0.0,0.0,0.0,0.0,2,8000,0,0,0,0,0,0
TF,GASUB,3.083569,9.771761,0, ,0.0,0.0,0.0,0.0,0,0,0,0,0,0,0,0

SID,GASU1G,12,5
CF,KD411,3.963336,9.803769,0,DLA,116.8,4.1,117.0,5.0,0,0,0,1,265,0,0,0
TF,KD412,3.843725,9.743656,0, ,0.0,0.0,0.0,0.0,3,8000,0,0,0,0,0,0
TF,GASUB,3.083569,9.771761,0, ,0.0,0.0,0.0,0.0,0,0,0,0,0,0,0,0

SID,GUKA1B,30,5
CF,KD421,4.047606,9.637533,0,DLA,296.8,7.1,297.0,5.0,0,0,0,1,265,0,0,0
TF,KD422,4.182167,9.705178,0, ,0.0,0.0,0.0,0.0,3,8000,0,0,0,0,0,0
TF,KD423,4.150539,9.992028,0, ,0.0,0.0,0.0,0.0,2,9000,0,0,0,0,0,0
TF,GUKAV,4.058969,10.817064,0, ,0.0,0.0,0.0,0.0,0,0,0,0,0,0,0,0

SID,GUKA1G,12,5
CF,KD411,3.963336,9.803769,0,DLA,116.8,4.1,117.0,5.0,0,0,0,1,265,0,0,0
TF,GUKAV,4.058969,10.817064,0, ,0.0,0.0,0.0,0.0,0,0,0,0,0,0,0,0

STAR,AKBI1A,30,5
IF,AKBIP,4.895558,9.482481, ,0.0,0.0,0,0,0,0,0,0,0,0
TF,ARGUD,4.189261,9.580122,0, ,0.0,0.0,0.0,0.0,0,0,0,0,0,0,0,0
TF,KD623,4.113797,9.729033,0, ,0.0,0.0,0.0,0.0,2,9000,0,0,0,0,0,0
TF,LIKOG,4.000689,9.952078,0, ,0.0,0.0,0.0,0.0,2,3000,0,1,230,0,0,0

STAR,AKBI1E,12,5
IF,AKBIP,4.895558,9.482481, ,0.0,0.0,0,0,0,0,0,0,0,0
TF,MOVAP,4.099547,9.535039,0, ,0.0,0.0,0.0,0.0,2,3000,0,1,230,0,0,0

STAR,AMGO1A,30,5
IF,AMGOS,3.115169,9.952317, ,0.0,0.0,0,0,0,0,0,0,0,0
TF,DISDO,3.910994,9.906964,0, ,0.0,0.0,0.0,0.0,2,3000,0,1,230,0,0,0

STAR,AMGO1E,12,5
IF,AMGOS,3.115169,9.952317, ,0.0,0.0,0,0,0,0,0,0,0,0
TF,RAVOP,3.821297,9.861858,0, ,0.0,0.0,0.0,0.0,0,0,0,0,0,0,0,0
TF,KD611,3.889142,9.728192,0, ,0.0,0.0,0.0,0.0,2,9000,0,0,0,0,0,0
TF,RUMLO,4.009831,9.489967,0, ,0.0,0.0,0.0,0.0,2,3000,0,1,230,0,0,0

STAR,APSE1E,12,5
IF,APSET,4.861103,10.060939, ,0.0,0.0,0,0,0,0,0,0,0,0
TF,KD612,4.527872,9.822317,0, ,0.0,0.0,0.0,0.0,3,9000,0,0,0,0,0,0
TF,ARGUD,4.189261,9.580122,0, ,0.0,0.0,0.0,0.0,2,3000,0,1,230,0,0,0

STAR,ARDO1A,30,5
IF,ARDOP,4.659578,10.366186, ,0.0,0.0,0,0,0,0,0,0,0,0
TF,KD622,4.184853,10.067736,0, ,0.0,0.0,0.0,0.0,3,8000,0,0,0,0,0,0
TF,LIKOG,4.000689,9.952078,0, ,0.0,0.0,0.0,0.0,2,3000,0,1,230,0,0,0

STAR,BTA1D,30,2
IF,BTA,1.902472,9.808925, ,0.0,0.0,0,0,0,0,0,0,0,0
TF,D178M,3.776294,9.750294,0, ,0.0,0.0,0.0,0.0,0,0,0,0,0,0,0,0
CI,0, ,0.0,358.0,0,0,0,0,0,0,0,0
AF,DISDO,3.910994,9.906964,1,DLA,116.8,11.0,178.0,2,3000,0,0,0,0,0,0

STAR,BTA1M,12,2
IF,BTA,1.902472,9.808925, ,0.0,0.0,0,0,0,0,0,0,0,0
TF,D178P,3.726075,9.751869,0, ,0.0,0.0,0.0,0.0,0,0,0,0,0,0,0,0
CI,0, ,0.0,358.0,0,0,0,0,0,0,0,0
AF,MOVAP,4.099547,9.535039,2,DLA,296.8,14.0,178.0,2,3000,0,0,0,0,0,0

STAR,EDEB1D,30,2
IF,EDEBA,3.932778,10.158889, ,0.0,0.0,0,0,0,0,0,0,0,0
TF,D098P,3.955083,10.007483,0, ,0.0,0.0,0.0,0.0,0,0,0,0,0,0,0,0
TF,DISDO,3.910994,9.906964,0, ,0.0,0.0,0.0,0.0,2,3000,0,0,0,0,0,0

STAR,EDEB1M,12,2
IF,EDEBA,3.932778,10.158889, ,0.0,0.0,0,0,0,0,0,0,0,0
TF,D098P,3.955083,10.007483,0, ,0.0,0.0,0.0,0.0,0,0,0,0,0,0,0,0
CI,0, ,0.0,278.0,0,0,0,0,0,0,0,0
AF,KD631,4.196967,9.626703,1,DLA,330.0,14.0,98.0,2,3000,0,0,0,0,0,0
AF,MOVAP,4.099547,9.535039,1,DLA,296.8,14.0,330.0,2,3000,0,0,0,0,0,0

STAR,EDGA1A,30,5
IF,EDGAD,3.688767,9.132058, ,0.0,0.0,0,0,0,0,0,0,0,0
TF,KD624,3.771664,9.588131,0, ,0.0,0.0,0.0,0.0,3,7000,0,0,0,0,0,0
TF,RAVOP,3.821297,9.861858,0, ,0.0,0.0,0.0,0.0,2,3000,0,1,230,0,0,0

STAR,ERPI1E,12,5
IF,ERPIS,3.847358,9.078464, ,0.0,0.0,0,0,0,0,0,0,0,0
TF,RUMLO,4.009831,9.489967,0, ,0.0,0.0,0.0,0.0,2,3000,0,1,230,0,0,0

STAR,ETNO1D,30,2
IF,ETNOM,2.487500,10.733056, ,0.0,0.0,0,0,0,0,0,0,0,0
TF,D147M,3.812272,9.862997,0, ,0.0,0.0,0.0,0.0,0,0,0,0,0,0,0,0
CI,0, ,0.0,327.0,0,0,0,0,0,0,0,0
AF,DISDO,3.910994,9.906964,1,DLA,116.8,11.0,147.0,2,3000,0,0,0,0,0,0

STAR,ETNO1M,12,2
IF,ETNOM,2.487500,10.733056, ,0.0,0.0,0,0,0,0,0,0,0,0
TF,D147P,3.770353,9.890572,0, ,0.0,0.0,0.0,0.0,0,0,0,0,0,0,0,0
CI,0, ,0.0,327.0,0,0,0,0,0,0,0,0
AF,MOVAP,4.099547,9.535039,2,DLA,296.8,14.0,147.0,2,3000,0,0,0,0,0,0

STAR,KOKA1D,30,2
IF,KOKAM,4.490722,9.567722, ,0.0,0.0,0,0,0,0,0,0,0,0
TF,D340M,4.199092,9.670917,0, ,0.0,0.0,0.0,0.0,0,0,0,0,0,0,0,0
CI,0, ,0.0,160.0,0,0,0,0,0,0,0,0
AF,DISDO,3.910994,9.906964,2,DLA,116.8,11.0,340.0,2,3000,0,0,0,0,0,0

STAR,KOKA1M,12,2
IF,KOKAM,4.490722,9.567722, ,0.0,0.0,0,0,0,0,0,0,0,0
TF,D340P,4.246439,9.654169,0, ,0.0,0.0,0.0,0.0,0,0,0,0,0,0,0,0
CI,0, ,0.0,160.0,0,0,0,0,0,0,0,0
AF,KD631,4.196967,9.626703,1,DLA,330.0,14.0,340.0,2,3000,0,0,0,0,0,0
AF,MOVAP,4.099547,9.535039,1,DLA,296.8,14.0,330.0,2,3000,0,0,0,0,0,0

STAR,MBO1D,30,2
IF,MBO,3.768217,8.720261, ,0.0,0.0,0,0,0,0,0,0,0,0
TF,D258M,3.947314,9.531697,0, ,0.0,0.0,0.0,0.0,0,0,0,0,0,0,0,0
CI,0, ,0.0,78.0,0,0,0,0,0,0,0,0
AF,DISDO,3.910994,9.906964,1,DLA,116.8,11.0,258.0,2,3000,0,0,0,0,0,0

STAR,MBO1M,12,2
IF,MBO,3.768217,8.720261, ,0.0,0.0,0,0,0,0,0,0,0,0
TF,D258P,3.936553,9.482831,0, ,0.0,0.0,0.0,0.0,0,0,0,0,0,0,0,0
CI,0, ,0.0,78.0,0,0,0,0,0,0,0,0
AF,MOVAP,4.099547,9.535039,2,DLA,296.8,14.0,258.0,2,3000,0,0,0,0,0,0

STAR,ONIL1D,30,2
IF,ONILO,4.420472,10.004917, ,0.0,0.0,0,0,0,0,0,0,0,0
TF,D032M,4.179356,9.857089,0, ,0.0,0.0,0.0,0.0,0,0,0,0,0,0,0,0
CI,0, ,0.0,212.0,0,0,0,0,0,0,0,0
AF,DISDO,3.910994,9.906964,2,DLA,116.8,11.0,32.0,2,3000,0,0,0,0,0,0

STAR,ONIL1M,12,2
IF,ONILO,4.420472,10.004917, ,0.0,0.0,0,0,0,0,0,0,0,0
TF,D032P,4.222147,9.883317,0, ,0.0,0.0,0.0,0.0,0,0,0,0,0,0,0,0
CI,0, ,0.0,212.0,0,0,0,0,0,0,0,0
AF,KD631,4.196967,9.626703,1,DLA,330.0,14.0,32.0,2,3000,0,0,0,0,0,0
AF,MOVAP,4.099547,9.535039,1,DLA,296.8,14.0,330.0,2,3000,0,0,0,0,0,0

STAR,UMUS1A,30,5
IF,UMUSO,3.760000,10.816667, ,0.0,0.0,0,0,0,0,0,0,0,0
TF,KD621,3.790767,10.138056,0, ,0.0,0.0,0.0,0.0,0,0,0,0,0,0,0,0
TF,DISDO,3.910994,9.906964,0, ,0.0,0.0,0.0,0.0,2,3000,0,1,230,0,0,0

STAR,UMUS1E,12,5
IF,UMUSO,3.760000,10.816667, ,0.0,0.0,0,0,0,0,0,0,0,0
TF,RAVOP,3.821297,9.861858,0, ,0.0,0.0,0.0,0.0,0,0,0,0,0,0,0,0
TF,KD611,3.889142,9.728192,0, ,0.0,0.0,0.0,0.0,2,9000,0,0,0,0,0,0
TF,RUMLO,4.009831,9.489967,0, ,0.0,0.0,0.0,0.0,2,3000,0,1,230,0,0,0

FINAL,D12,12,D,3
IF,MOVAP,4.099547,9.535039,DLA,296.8,14.0,2,3000,0,0,0,0,1,0
CF,FD12,4.057306,9.618406,0,DLA,296.8,8.4,117.0,5.6,2,2000,0,0,0,0,2,0
CF,RW12,4.011869,9.708047,0,DLA,296.8,2.4,117.0,6.0,1,83,0,0,0,0,3,0
CF,DLA,3.993917,9.743472,0,DLA,0.0,0.0,117.0,2.4,0,0,0,0,0,0,0,0
FD,DLA,3.993917,9.743472,0,DLA,0.0,2.0,117.0,2.0,0,0,0,0,0,0,0,0
VI,1, ,0.0,288.0,0,0,0,0,0,0,0,0
CF,D318S,4.230369,9.531383,0,DLA,318.0,19.0,318.0,13.0,1,3000,0,0,0,0,0,1
CF,KD631,4.196967,9.626703,2,DLA,330.0,14.0,150.0,5.0,0,0,0,0,0,0,0,0

APPTR,D30,30,DISDO
HF,DISDO,3.910994,9.906964,1, ,0.0,0.0,297.0,05,2,3000,0,1,230,0,1,0,0

FINAL,D30,30,D,4
IF,DISDO,3.910994,9.906964,DLA,116.8,11.0,2,3000,0,0,0,0,0,0
CF,FD30,3.953903,9.822369,0,DLA,116.8,5.3,297.0,5.7,2,2000,0,0,0,0,2,0
CF,22VOR,3.977308,9.776222,0,DLA,116.8,2.2,297.0,3.1,2,1020,0,0,0,0,0,0
CF,DLA,3.993917,9.743472,0,DLA,0.0,0.0,297.0,2.2,1,331,0,0,0,0,3,0
FD,DLA,3.993917,9.743472,0,DLA,0.0,5.0,297.0,5.0,0,0,0,0,0,0,0,0
VI,1, ,0.0,101.0,0,0,0,0,0,0,0,0
CF,D131P,3.818086,9.944811,0,DLA,131.0,16.0,131.0,12.0,1,3000,0,0,0,0,0,1
CF,DISDO,3.910994,9.906964,1,DLA,116.8,11.0,297.0,5.0,0,0,0,0,0,0,0,0

APPTR,I30-Y,30,DISDO
HF,DISDO,3.910994,9.906964,1, ,0.0,0.0,297.0,04.3,2,3000,0,1,230,0,1,0,0

APPTR,I30-Y,30,LIKOG
IF,LIKOG,4.000689,9.952078, ,0.0,0.0,2,3000,0,1,230,0,1,0
TF,DISDO,3.910994,9.906964,0,DL,0.0,0.0,0.0,0.0,2,3000,0,1,230,0,1,0

APPTR,I30-Y,30,RAVOP
IF,RAVOP,3.821297,9.861858, ,0.0,0.0,2,3000,0,1,230,0,1,0
TF,DISDO,3.910994,9.906964,0,DL,0.0,0.0,0.0,0.0,2,3000,0,1,230,0,1,0

FINAL,I30-Y,30,I,3
IF,DISDO,3.910994,9.906964,DL,116.8,13.6,2,3000,0,1,230,0,0,0
CF,KD501,3.954333,9.821522,0,DL,116.8,7.9,297.0,5.7,1,2000,0,0,0,0,2,0
CF,RW30,4.000244,9.730978,0,DL,116.8,1.8,297.0,6.1,1,63,0,0,0,0,3,0
CF,KD502,4.037981,9.656536,0,DLA,296.8,5.8,297.0,5.0,0,0,0,1,230,0,0,1
DF,RAVOP,3.821297,9.861858,1, ,0.0,0.0,2,3000,0,1,230,0,0,0

APPTR,I30-Z,30,DISDO
HF,DISDO,3.910994,9.906964,1, ,0.0,0.0,297.0,05,2,3000,0,1,230,0,1,0,0

FINAL,I30-Z,30,I,3
IF,DISDO,3.910994,9.906964,DL,116.8,13.6,2,3000,0,0,0,0,0,0
CF,FI30Z,3.954050,9.822103,0,DL,116.8,7.9,297.0,5.7,1,2000,0,0,0,0,2,0
CF,RW30,4.000244,9.730978,0,DL,116.8,1.8,297.0,6.1,1,63,0,0,0,0,3,0
FD,RW30,4.000244,9.730978,0,DLA,296.8,5.0,297.0,5.0,0,0,0,0,0,0,0,0
VI,1, ,0.0,101.0,0,0,0,0,0,0,0,0
CF,D131P,3.818086,9.944811,0,DLA,131.0,16.0,131.0,12.0,1,3000,0,0,0,0,0,1
CF,DISDO,3.910994,9.906964,1,DLA,116.8,11.0,297.0,5.0,0,0,0,0,0,0,0,0

APPTR,R12,12,ARGUD
IF,ARGUD,4.189261,9.580122, ,0.0,0.0,2,3000,0,1,230,0,1,0
TF,MOVAP,4.099547,9.535039,0, ,0.0,0.0,0.0,0.0,2,3000,0,1,230,0,1,0

APPTR,R12,12,RUMLO
IF,RUMLO,4.009831,9.489967, ,0.0,0.0,2,3000,0,1,230,0,1,0
TF,MOVAP,4.099547,9.535039,0, ,0.0,0.0,0.0,0.0,2,3000,0,1,230,0,1,0

FINAL,R12,12,R,3
IF,MOVAP,4.099547,9.535039, ,0.0,0.0,2,3000,0,1,230,0,1,0
TF,KD503,4.057294,9.618425,0, ,0.0,0.0,117.0,5.6,1,2000,0,0,0,0,2,0
TF,RW12,4.011869,9.708047,0, ,0.0,0.0,117.0,6.0,1,83,0,0,0,0,3,1
CF,KD504,3.974131,9.782483,0,DLA,116.8,2.6,117.0,5.0,0,0,0,1,230,0,0,1
DF,RUMLO,4.009831,9.489967,2, ,0.0,0.0,2,3000,0,1,230,0,0,0

APPTR,R30,30,DISDO
HF,DISDO,3.910994,9.906964,1, ,0.0,0.0,297.0,04.3,2,3000,0,1,230,0,1,0,0

APPTR,R30,30,LIKOG
IF,LIKOG,4.000689,9.952078, ,0.0,0.0,2,3000,0,1,230,0,1,0
TF,DISDO,3.910994,9.906964,0, ,0.0,0.0,0.0,0.0,2,3000,0,1,230,0,1,0

APPTR,R30,30,RAVOP
IF,RAVOP,3.821297,9.861858, ,0.0,0.0,2,3000,0,1,230,0,1,0
TF,DISDO,3.910994,9.906964,0, ,0.0,0.0,0.0,0.0,2,3000,0,1,230,0,1,0

FINAL,R30,30,R,3
IF,DISDO,3.910994,9.906964, ,0.0,0.0,2,3000,0,1,230,0,1,0
TF,KD501,3.954333,9.821522,0, ,0.0,0.0,297.0,5.7,1,2000,0,0,0,0,2,0
TF,RW30,4.000244,9.730978,0, ,0.0,0.0,297.0,6.1,1,63,0,0,0,0,3,1
CF,KD502,4.037981,9.656536,0,DLA,296.8,5.8,297.0,5.0,0,0,0,1,230,0,0,1
DF,RAVOP,3.821297,9.861858,1, ,0.0,0.0,2,3000,0,1,230,0,0,0

