SID,ARKE1D,01,5
CF,YS614,3.803678,11.567564,0,NLY,8.1,4.7,10.0,4.0,0,0,0,0,0,0,0,0
TF,YS610,3.787544,11.794922,0, ,0.0,0.0,0.0,0.0,0,0,0,0,0,0,0,0
TF,ARKEV,3.865992,12.715094,0, ,0.0,0.0,0.0,0.0,0,0,0,0,0,0,0,0

SID,ARKE1Q,19,5
CF,YS604,3.623522,11.536008,0,NLY,191.4,6.2,190.0,6.0,0,0,0,0,0,0,0,0
TF,YS605,3.606097,11.774919,0, ,0.0,0.0,0.0,0.0,0,0,0,0,0,0,0,0
TF,ARKEV,3.865992,12.715094,0, ,0.0,0.0,0.0,0.0,0,0,0,0,0,0,0,0

SID,DESA1D,01,5
CF,YS614,3.803678,11.567564,0,NLY,8.1,4.7,10.0,4.0,0,0,0,0,0,0,0,0
TF,YS610,3.787544,11.794922,0, ,0.0,0.0,0.0,0.0,0,0,0,0,0,0,0,0
TF,DESAM,3.475833,12.696389,0, ,0.0,0.0,0.0,0.0,0,0,0,0,0,0,0,0

SID,DESA1Q,19,5
CF,YS604,3.623522,11.536008,0,NLY,191.4,6.2,190.0,6.0,0,0,0,0,0,0,0,0
TF,YS605,3.606097,11.774919,1, ,0.0,0.0,0.0,0.0,0,0,0,0,0,0,0,0
TF,DESAM,3.475833,12.696389,0, ,0.0,0.0,0.0,0.0,0,0,0,0,0,0,0,0

SID,ERKU1D,01,5
CF,YS614,3.803678,11.567564,0,NLY,8.1,4.7,10.0,4.0,0,0,0,0,0,0,0,0
TF,GAPSU,4.023136,11.606019,0, ,0.0,0.0,0.0,0.0,0,0,0,0,0,0,0,0
TF,YS608,4.038069,11.279300,0, ,0.0,0.0,0.0,0.0,3,15000,0,0,0,0,0,0
TF,ERKUT,2.911389,11.014722,0, ,0.0,0.0,0.0,0.0,0,0,0,0,0,0,0,0

SID,ERKU1Q,19,5
CF,YS604,3.623522,11.536008,0,NLY,191.4,6.2,190.0,6.0,0,0,0,0,0,0,0,0
TF,ERKUT,2.911389,11.014722,0, ,0.0,0.0,0.0,0.0,0,0,0,0,0,0,0,0

SID,ODRO1D,01,5
CF,YS614,3.803678,11.567564,0,NLY,8.1,4.7,10.0,4.0,0,0,0,0,0,0,0,0
TF,GAPSU,4.023136,11.606019,0, ,0.0,0.0,0.0,0.0,0,0,0,0,0,0,0,0
TF,YS616,4.385961,11.646236,0, ,0.0,0.0,0.0,0.0,0,0,0,0,0,0,0,0
TF,ODROL,4.843333,11.909444,0, ,0.0,0.0,0.0,0.0,0,0,0,0,0,0,0,0

SID,ODRO1Q,19,5
CF,YS604,3.623522,11.536008,0,NLY,191.4,6.2,190.0,6.0,0,0,0,0,0,0,0,0
TF,YS605,3.606097,11.774919,1, ,0.0,0.0,0.0,0.0,0,0,0,0,0,0,0,0
TF,YS607,3.919539,12.190817,0, ,0.0,0.0,0.0,0.0,0,0,0,0,0,0,0,0
TF,ODROL,4.843333,11.909444,0, ,0.0,0.0,0.0,0.0,0,0,0,0,0,0,0,0

SID,TAPE1D,01,5
CF,YS614,3.803678,11.567564,0,NLY,8.1,4.7,10.0,4.0,0,0,0,0,0,0,0,0
TF,YS610,3.787544,11.794922,0, ,0.0,0.0,0.0,0.0,0,0,0,0,0,0,0,0
TF,TAPEK,2.602778,11.951389,0, ,0.0,0.0,0.0,0.0,0,0,0,0,0,0,0,0

SID,TAPE1Q,19,5
CF,YS604,3.623522,11.536008,0,NLY,191.4,6.2,190.0,6.0,0,0,0,0,0,0,0,0
TF,TAPEK,2.602778,11.951389,0, ,0.0,0.0,0.0,0.0,0,0,0,0,0,0,0,0

SID,UBOS1D,01,5
CF,YS614,3.803678,11.567564,0,NLY,8.1,4.7,10.0,4.0,0,0,0,0,0,0,0,0
TF,GAPSU,4.023136,11.606019,0, ,0.0,0.0,0.0,0.0,0,0,0,0,0,0,0,0
TF,YS615,4.384231,11.448950,0, ,0.0,0.0,0.0,0.0,0,0,0,0,0,0,0,0
TF,UBOSU,4.806667,11.103889,0, ,0.0,0.0,0.0,0.0,0,0,0,0,0,0,0,0

SID,UBOS1Q,19,5
CF,YS604,3.623522,11.536008,0,NLY,191.4,6.2,190.0,6.0,0,0,0,0,0,0,0,0
TF,YS606,3.668728,11.298103,2, ,0.0,0.0,0.0,0.0,0,0,0,0,0,0,0,0
TF,UBOSU,4.806667,11.103889,0, ,0.0,0.0,0.0,0.0,0,0,0,0,0,0,0,0

SID,UMUS1D,01,5
CF,YS614,3.803678,11.567564,0,NLY,8.1,4.7,10.0,4.0,0,0,0,0,0,0,0,0
TF,GAPSU,4.023136,11.606019,0, ,0.0,0.0,0.0,0.0,0,0,0,0,0,0,0,0
TF,YS608,4.038069,11.279300,0, ,0.0,0.0,0.0,0.0,3,15000,0,0,0,0,0,0
TF,UMUSO,3.760000,10.816667,0, ,0.0,0.0,0.0,0.0,0,0,0,0,0,0,0,0

SID,UMUS1Q,19,5
CF,YS604,3.623522,11.536008,0,NLY,191.4,6.2,190.0,6.0,0,0,0,0,0,0,0,0
TF,YS606,3.668728,11.298103,2, ,0.0,0.0,0.0,0.0,0,0,0,0,0,0,0,0
TF,UMUSO,3.760000,10.816667,0, ,0.0,0.0,0.0,0.0,0,0,0,0,0,0,0,0

STAR,ARKE1G,01,2
IF,ARKEV,3.865992,12.715094, ,0.0,0.0,0,0,0,0,0,0,0,0
TF,D083O,3.755972,11.804750,0, ,0.0,0.0,0.0,0.0,0,0,0,0,0,0,0,0
CI,0, ,0.0,263.0,0,0,0,0,0,0,0,0
AF,D102M,3.679486,11.768239,2,NLY,102.3,13.0,83.0,0,0,0,0,0,0,0,0
AF,GATSI,3.554222,11.689889,2,NLY,142.0,13.0,102.0,2,4600,0,1,230,0,0,0

STAR,ARKE1N,19,5
IF,ARKEV,3.865992,12.715094, ,0.0,0.0,0,0,0,0,0,0,0,0
TF,YS607,3.919539,12.190817,0, ,0.0,0.0,0.0,0.0,0,0,0,0,0,0,0,0
TF,NASPA,4.005708,11.704569,0, ,0.0,0.0,0.0,0.0,2,5800,0,1,230,0,0,0

STAR,ARKE1T,01,5
IF,ARKEV,3.865992,12.715094, ,0.0,0.0,0,0,0,0,0,0,0,0
TF,NASPA,4.005708,11.704569,0, ,0.0,0.0,0.0,0.0,0,0,0,0,0,0,0,0
TF,YS613,3.796572,11.667897,0, ,0.0,0.0,0.0,0.0,0,0,0,0,0,0,0,0
TF,TEDSO,3.520092,11.619442,0, ,0.0,0.0,0.0,0.0,2,4600,0,1,230,0,0,0

STAR,ARKE1U,19,2
IF,ARKEV,3.865992,12.715094, ,0.0,0.0,0,0,0,0,0,0,0,0
TF,D083T,3.766028,11.887500,0, ,0.0,0.0,0.0,0.0,0,0,0,0,0,0,0,0
CI,0, ,0.0,263.0,0,0,0,0,0,0,0,0
AF,ULTEP,3.956722,11.749444,1,NLY,40.0,18.0,83.0,2,5800,0,1,230,0,0,0

STAR,DESA1G,01,2
IF,DESAM,3.475833,12.696389, ,0.0,0.0,0,0,0,0,0,0,0,0
TF,D102O,3.672361,11.800833,0, ,0.0,0.0,0.0,0.0,0,0,0,0,0,0,0,0
CI,0, ,0.0,282.0,0,0,0,0,0,0,0,0
AF,GATSI,3.554222,11.689889,2,NLY,142.0,13.0,102.0,2,4600,0,1,230,0,0,0

STAR,DESA1N,19,5
IF,DESAM,3.475833,12.696389, ,0.0,0.0,0,0,0,0,0,0,0,0
TF,YS607,3.919539,12.190817,0, ,0.0,0.0,0.0,0.0,0,0,0,0,0,0,0,0
TF,NASPA,4.005708,11.704569,0, ,0.0,0.0,0.0,0.0,2,5800,0,1,230,0,0,0

STAR,DESA1T,01,5
IF,DESAM,3.475833,12.696389, ,0.0,0.0,0,0,0,0,0,0,0,0
TF,TEDSO,3.520092,11.619442,0, ,0.0,0.0,0.0,0.0,2,4600,0,1,230,0,0,0

STAR,DESA1U,19,2
IF,DESAM,3.475833,12.696389, ,0.0,0.0,0,0,0,0,0,0,0,0
TF,D102T,3.654528,11.882278,0, ,0.0,0.0,0.0,0.0,0,0,0,0,0,0,0,0
CI,0, ,0.0,282.0,0,0,0,0,0,0,0,0
AF,ULTEP,3.956722,11.749444,1,NLY,40.0,18.0,102.0,2,5800,0,1,230,0,0,0

STAR,ERKU1E,19,2
IF,ERKUT,2.911389,11.014722, ,0.0,0.0,0,0,0,0,0,0,0,0
TF,D214T,3.447361,11.371139,0, ,0.0,0.0,0.0,0.0,0,0,0,0,0,0,0,0
CI,0, ,0.0,34.0,0,0,0,0,0,0,0,0
AF,ERMES,3.849278,11.282694,2,NLY,294.2,18.0,214.0,2,5800,0,1,230,0,0,0

STAR,ERKU1K,01,2
IF,ERKUT,2.911389,11.014722, ,0.0,0.0,0,0,0,0,0,0,0,0
TF,D214O,3.516972,11.417472,0, ,0.0,0.0,0.0,0.0,0,0,0,0,0,0,0,0
CI,0, ,0.0,34.0,0,0,0,0,0,0,0,0
AF,KESOB,3.514556,11.504056,1,NLY,194.0,13.0,214.0,2,4600,0,1,230,0,0,0

STAR,ERKU1S,01,5
IF,ERKUT,2.911389,11.014722, ,0.0,0.0,0,0,0,0,0,0,0,0
TF,YS611,3.310186,11.481156,0, ,0.0,0.0,0.0,0.0,0,0,0,0,0,0,0,0
TF,SEMOV,3.537508,11.520947,0, ,0.0,0.0,0.0,0.0,2,4600,0,1,230,0,0,0

STAR,ERKU1T,19,5
IF,ERKUT,2.911389,11.014722, ,0.0,0.0,0,0,0,0,0,0,0,0
TF,TIVEB,4.052153,11.441764,0, ,0.0,0.0,0.0,0.0,2,5800,0,1,230,0,0,0

STAR,GUKA1E,19,2
IF,GUKAV,4.058969,10.817064, ,0.0,0.0,0,0,0,0,0,0,0,0
TF,D294T,3.862972,11.252278,0, ,0.0,0.0,0.0,0.0,0,0,0,0,0,0,0,0
TF,ERMES,3.849278,11.282694,0, ,0.0,0.0,0.0,0.0,2,5800,0,1,230,0,0,0

STAR,GUKA1L,01,2
IF,GUKAV,4.058969,10.817064, ,0.0,0.0,0,0,0,0,0,0,0,0
TF,D294O,3.828694,11.328333,0, ,0.0,0.0,0.0,0.0,0,0,0,0,0,0,0,0
CI,0, ,0.0,114.0,0,0,0,0,0,0,0,0
AF,LIGEB,3.623556,11.365139,1,NLY,242.0,13.0,294.0,2,5600,0,1,230,0,0,0

STAR,GUKA1M,01,5
IF,GUKAV,4.058969,10.817064, ,0.0,0.0,0,0,0,0,0,0,0,0
TF,YS609,4.030767,11.439417,0, ,0.0,0.0,0.0,0.0,0,0,0,0,0,0,0,0
TF,YS612,3.931847,11.421803,0, ,0.0,0.0,0.0,0.0,2,16000,0,0,0,0,0,0
TF,MOKPI,3.566511,11.356778,0, ,0.0,0.0,0.0,0.0,2,5600,0,1,230,0,0,0

STAR,GUKA1T,19,5
IF,GUKAV,4.058969,10.817064, ,0.0,0.0,0,0,0,0,0,0,0,0
TF,TIVEB,4.052153,11.441764,0, ,0.0,0.0,0.0,0.0,2,5800,0,1,230,0,0,0

STAR,ODRO1G,19,5
IF,ODROL,4.843333,11.909444, ,0.0,0.0,0,0,0,0,0,0,0,0
TF,GAPSU,4.023136,11.606019,0, ,0.0,0.0,0.0,0.0,2,5800,0,1,230,0,0,0

STAR,ODRO1T,01,5
IF,ODROL,4.843333,11.909444, ,0.0,0.0,0,0,0,0,0,0,0,0
TF,NASPA,4.005708,11.704569,0, ,0.0,0.0,0.0,0.0,0,0,0,0,0,0,0,0
TF,YS613,3.796572,11.667897,0, ,0.0,0.0,0.0,0.0,0,0,0,0,0,0,0,0
TF,TEDSO,3.520092,11.619442,0, ,0.0,0.0,0.0,0.0,2,4600,0,1,230,0,0,0

STAR,ODRO1X,01,2
IF,ODROL,4.843333,11.909444, ,0.0,0.0,0,0,0,0,0,0,0,0
TF,D018O,3.965278,11.632028,0, ,0.0,0.0,0.0,0.0,0,0,0,0,0,0,0,0
CI,0, ,0.0,198.0,0,0,0,0,0,0,0,0
AF,D083M,3.751958,11.771639,2,NLY,83.1,13.0,18.0,0,0,0,0,0,0,0,0
AF,D102M,3.679486,11.768239,2,NLY,102.3,13.0,83.0,0,0,0,0,0,0,0,0
AF,GATSI,3.554222,11.689889,2,NLY,142.0,13.0,102.0,2,4600,0,1,230,0,0,0

STAR,ODRO3A,19,2
IF,ODROL,4.843333,11.909444, ,0.0,0.0,0,0,0,0,0,0,0,0
TF,D018X,4.108972,11.677389,0, ,0.0,0.0,0.0,0.0,0,0,0,0,0,0,0,0
TF,GAPSU,4.023136,11.606019,0, ,0.0,0.0,0.0,0.0,2,5800,0,1,230,0,0,0

STAR,TAPE1K,01,2
IF,TAPEK,2.602778,11.951389, ,0.0,0.0,0,0,0,0,0,0,0,0
TF,D161O,3.488944,11.639833,0, ,0.0,0.0,0.0,0.0,0,0,0,0,0,0,0,0
CI,0, ,0.0,341.0,0,0,0,0,0,0,0,0
AF,KESOB,3.514556,11.504056,2,NLY,194.0,13.0,161.0,2,4600,0,1,230,0,0,0

STAR,TAPE1N,19,5
IF,TAPEK,2.602778,11.951389, ,0.0,0.0,0,0,0,0,0,0,0,0
TF,NASPA,4.005708,11.704569,0, ,0.0,0.0,0.0,0.0,2,5800,0,1,230,0,0,0

STAR,TAPE1S,01,5
IF,TAPEK,2.602778,11.951389, ,0.0,0.0,0,0,0,0,0,0,0,0
TF,YS611,3.310186,11.481156,0, ,0.0,0.0,0.0,0.0,0,0,0,0,0,0,0,0
TF,SEMOV,3.537508,11.520947,0, ,0.0,0.0,0.0,0.0,2,4600,0,1,230,0,0,0

STAR,TAPE1U,19,2
IF,TAPEK,2.602778,11.951389, ,0.0,0.0,0,0,0,0,0,0,0,0
TF,D161T,3.410000,11.667611,0, ,0.0,0.0,0.0,0.0,0,0,0,0,0,0,0,0
CI,0, ,0.0,341.0,0,0,0,0,0,0,0,0
AF,ULTEP,3.956722,11.749444,1,NLY,40.0,18.0,161.0,2,5800,0,1,230,0,0,0

STAR,UBOS1G,19,5
IF,UBOSU,4.806667,11.103889, ,0.0,0.0,0,0,0,0,0,0,0,0
TF,GAPSU,4.023136,11.606019,0, ,0.0,0.0,0.0,0.0,2,5800,0,1,230,0,0,0

STAR,UBOS1L,01,2
IF,UBOSU,4.806667,11.103889, ,0.0,0.0,0,0,0,0,0,0,0,0
TF,D337U,4.050058,11.420847,0, ,0.0,0.0,0.0,0.0,0,0,0,0,0,0,0,0
CI,0, ,0.0,157.0,0,0,0,0,0,0,0,0
AF,D300R,3.876500,11.296536,1,NLY,300.0,18.0,337.0,0,0,0,0,0,0,0,0
CF,D294O,3.828694,11.328333,0,NLY,294.2,15.0,114.0,3.0,0,0,0,0,0,0,0,0
CI,0, ,0.0,114.0,0,0,0,0,0,0,0,0
AF,LIGEB,3.623556,11.365139,1,NLY,242.0,13.0,294.0,2,5600,0,1,230,0,0,0

STAR,UBOS1M,01,5
IF,UBOSU,4.806667,11.103889, ,0.0,0.0,0,0,0,0,0,0,0,0
TF,YS609,4.030767,11.439417,0, ,0.0,0.0,0.0,0.0,0,0,0,0,0,0,0,0
TF,YS612,3.931847,11.421803,0, ,0.0,0.0,0.0,0.0,2,16000,0,0,0,0,0,0
TF,MOKPI,3.566511,11.356778,0, ,0.0,0.0,0.0,0.0,2,5600,0,1,230,0,0,0

STAR,UBOS3A,19,2
IF,UBOSU,4.806667,11.103889, ,0.0,0.0,0,0,0,0,0,0,0,0
TF,D337T,4.034611,11.427306,0, ,0.0,0.0,0.0,0.0,0,0,0,0,0,0,0,0
CI,0, ,0.0,157.0,0,0,0,0,0,0,0,0
AF,GAPSU,4.023136,11.606019,2,NLY,9.5,18.0,337.0,2,5800,0,1,230,0,0,0

APPTR,D01,01,GATSI
IF,GATSI,3.554222,11.689889, ,0.0,0.0,2,4600,0,1,230,0,1,0
AF,KESOB,3.514556,11.504056,2,NLY,194.0,13.0,142.0,2,4600,0,1,230,0,0,0

APPTR,D01,01,LIGEB
IF,LIGEB,3.623556,11.365139, ,0.0,0.0,2,5600,0,1,230,0,1,0
AF,KESOB,3.514556,11.504056,1,NLY,194.0,13.0,242.0,2,4600,0,1,230,0,0,0

FINAL,D01,01,D,4
IF,KESOB,3.514556,11.504056,NLY,194.0,13.0,2,4600,0,1,230,0,1,0
CF,FD01,3.605547,11.526628,0,NLY,194.0,7.4,14.0,5.6,2,4300,0,0,0,0,2,0
CF,52VOR,3.641300,11.535500,0,NLY,194.0,5.2,14.0,2.2,2,3590,0,0,0,0,0,0
CF,MD01,3.691678,11.548000,0,NLY,194.0,2.1,14.0,3.1,1,2615,0,0,0,0,3,0
CA,0,14.0,2,3500,0,0,0,0,0,0
CI,2, ,0.0,240.0,0,0,0,0,0,0,0,0
CF,KESOB,3.514556,11.504056,0,NLY,194.0,13.0,210.0,13.0,1,4200,0,0,0,0,0,0

APPTR,D19,19,ERMES
IF,ERMES,3.849278,11.282694, ,0.0,0.0,2,5800,0,1,230,0,1,0
AF,POKPI,4.026389,11.579528,2,NLY,4.4,18.0,294.0,2,5800,0,1,210,0,1,0

APPTR,D19,19,ULTEP
IF,ULTEP,3.956722,11.749444, ,0.0,0.0,2,5800,0,1,230,0,1,0
AF,POKPI,4.026389,11.579528,1,NLY,4.4,18.0,40.0,2,5800,0,1,210,0,1,0

FINAL,D19,19,D,4
IF,POKPI,4.026389,11.579528,NLY,4.4,18.0,2,5800,0,1,210,0,0,0
CF,FD19,3.846097,11.564844,0,NLY,4.0,7.2,184.0,10.8,2,4400,0,0,0,0,2,0
CF,47VOR,3.804331,11.561936,0,NLY,4.0,4.7,184.0,2.5,2,3600,0,0,0,0,0,0
CF,MD19,3.752536,11.558331,0,NLY,4.0,1.6,184.0,3.1,1,2610,0,0,0,0,3,0
CA,0,184.0,2,3500,0,0,0,0,0,0
CI,1, ,0.0,23.0,0,0,0,0,0,0,0,0
CF,D053W,3.957575,11.862794,0,NLY,53.0,23.0,53.0,16.0,2,5800,0,0,0,0,0,1
CF,ULTEP,3.956722,11.749444,1,NLY,40.0,18.0,220.0,5.0,1,5800,0,0,0,0,0,0

APPTR,I19-Y,19,NASPA
IF,NASPA,4.005708,11.704569, ,0.0,0.0,2,5800,0,1,230,0,1,0
TF,GAPSU,4.023136,11.606019,0,YA,0.0,0.0,0.0,0.0,2,5800,0,1,230,0,1,0

APPTR,I19-Y,19,TIVEB
IF,TIVEB,4.052153,11.441764, ,0.0,0.0,2,5800,0,1,230,0,1,0
TF,GAPSU,4.023136,11.606019,0,YA,0.0,0.0,0.0,0.0,2,5800,0,1,230,0,1,0

FINAL,I19-Y,19,I,3
IF,GAPSU,4.023136,11.606019,YA,10.0,19.3,2,5800,0,1,230,0,1,0
CF,YS503,3.845186,11.574836,0,YA,10.0,8.5,190.0,10.8,1,4400,0,0,0,0,2,0
CF,RW19,3.737703,11.556008,0,YA,10.0,2.0,190.0,6.5,1,2325,0,0,0,0,3,1
CF,YS504,3.655225,11.541561,0,NLY,192.0,4.3,190.0,5.0,0,0,0,1,230,0,0,1
DF,NASPA,4.005708,11.704569,1, ,0.0,0.0,2,5800,0,1,230,0,0,0

APPTR,I19-Z,19,ERMES
IF,ERMES,3.849278,11.282694, ,0.0,0.0,2,5800,0,1,230,0,1,0
AF,D003R,4.026861,11.572183,2,NLY,3.0,18.0,294.0,2,5800,0,0,0,0,0,0
VI,0,YA,0.0,160.0,0,0,0,0,0,0,0,0

APPTR,I19-Z,19,ULTEP
IF,ULTEP,3.956722,11.749444, ,0.0,0.0,2,5800,0,1,230,0,1,0
AF,D016R,4.015592,11.639217,1,NLY,16.0,18.0,40.0,2,5800,0,0,0,0,0,0
VI,0,YA,0.0,220.0,0,0,0,0,0,0,0,0

FINAL,I19-Z,19,I,3
IF,GAPSU,4.023136,11.606019,YA,10.0,19.3,2,5800,0,1,230,0,1,0
CF,FI19,3.844981,11.574806,0,YA,10.0,8.5,190.0,10.8,1,4400,0,0,0,0,2,0
CF,RW19,3.737703,11.556008,0,YA,10.0,2.0,190.0,6.5,1,2325,0,0,0,0,3,0
FA,RW19,3.737703,11.556008,0,NLY,0.0,0.0,190.0,2,3500,0,0,0,0,0,0
CI,1, ,0.0,23.0,0,0,0,0,0,0,0,0
CF,D053W,3.957575,11.862794,0,NLY,53.0,23.0,53.0,16.0,2,5800,0,0,0,0,0,1
CF,ULTEP,3.956722,11.749444,1,NLY,40.0,18.0,220.0,5.0,1,5800,0,0,0,0,0,0

APPTR,R01,01,MOKPI
IF,MOKPI,3.566511,11.356778, ,0.0,0.0,2,5600,0,1,230,0,1,0
TF,SEMOV,3.537508,11.520947,0, ,0.0,0.0,0.0,0.0,2,4600,0,1,230,0,1,0

APPTR,R01,01,SEMOV
HF,SEMOV,3.537508,11.520947,1, ,0.0,0.0,10.0,04.3,2,4600,0,1,230,0,1,0,0

APPTR,R01,01,TEDSO
IF,TEDSO,3.520092,11.619442, ,0.0,0.0,2,4600,0,1,230,0,1,0
TF,SEMOV,3.537508,11.520947,0, ,0.0,0.0,0.0,0.0,2,4600,0,1,230,0,1,0

FINAL,R01,01,R,3
IF,SEMOV,3.537508,11.520947, ,0.0,0.0,2,4600,0,1,230,0,0,0
TF,YS501,3.619983,11.535389,0, ,0.0,0.0,10.0,5.0,1,4000,0,0,0,0,2,0
TF,RW01,3.707425,11.550706,0, ,0.0,0.0,10.0,5.3,1,2311,0,0,0,0,3,1
CF,YS502,3.789894,11.565150,0,NLY,7.7,3.9,10.0,5.0,0,0,0,1,230,0,0,1
DF,TEDSO,3.520092,11.619442,2, ,0.0,0.0,2,4600,0,1,230,0,0,0

APPTR,R19,19,NASPA
IF,NASPA,4.005708,11.704569, ,0.0,0.0,2,5800,0,1,230,0,1,0
TF,GAPSU,4.023136,11.606019,0, ,0.0,0.0,0.0,0.0,2,5800,0,1,230,0,1,0

APPTR,R19,19,TIVEB
IF,TIVEB,4.052153,11.441764, ,0.0,0.0,2,5800,0,1,230,0,1,0
TF,GAPSU,4.023136,11.606019,0, ,0.0,0.0,0.0,0.0,2,5800,0,1,230,0,1,0

FINAL,R19,19,R,3
IF,GAPSU,4.023136,11.606019, ,0.0,0.0,2,5800,0,1,230,0,1,0
TF,YS503,3.845186,11.574836,0, ,0.0,0.0,190.0,10.8,1,4400,0,0,0,0,2,0
TF,RW19,3.737703,11.556008,0, ,0.0,0.0,190.0,6.5,1,2325,0,0,0,0,3,1
CF,YS504,3.655225,11.541561,0,NLY,192.0,4.3,190.0,5.0,0,0,0,1,230,0,0,1
DF,NASPA,4.005708,11.704569,1, ,0.0,0.0,2,5800,0,1,230,0,0,0

