APPTR,N13,13,DO1
IF,DO,-12.346383,49.289461, ,0.0,0.0,2,3000,0,0,0,0,0,0
CF,D286G,-12.332075,49.171158,0,DO,286.0,7.0,286.0,7.0,2,2300,0,0,0,0,0,1
CF,FN13,-12.294914,49.205719,2,DO,311.0,5.8,131.0,1.0,2,2300,0,0,0,0,0,0

APPTR,N13,13,DO2
IF,DO,-12.346383,49.289461, ,0.0,0.0,2,3000,0,0,0,0,0,0
CF,D296F,-12.317975,49.195022,0,DO,296.0,5.8,296.0,5.8,2,2300,0,0,0,0,0,1
CF,FN13,-12.294914,49.205719,2,DO,311.0,5.8,131.0,1.0,2,2300,0,0,0,0,0,0

FINAL,N13,13,N,2
IF,FN13,-12.294914,49.205719,DO,0.0,0.0,2,2300,0,0,0,0,2,0
CF,RW13,-12.345628,49.285925,0,DO,0.0,0.0,131.0,5.6,1,359,0,0,0,0,3,0
CF,DO,-12.346383,49.289461,0,DO,0.0,0.0,131.0,0.2,0,0,0,0,0,0,0,1
CA,0,131.0,2,780,0,0,0,0,0,0
DF,DO,-12.346383,49.289461,1, ,0.0,0.0,1,3000,0,0,0,0,0,0

APPTR,R13,13,DURBO
IF,DURBO,-12.138572,49.154364, ,0.0,0.0,2,4000,0,1,230,0,1,0
TF,ETUDO,-12.222056,49.097692,0, ,0.0,0.0,0.0,0.0,2,4000,0,1,230,0,1,0

APPTR,R13,13,ETUDO
HF,ETUDO,-12.222056,49.097692,2, ,0.0,0.0,133.0,04.3,2,4000,0,1,230,0,1,0,0

APPTR,R13,13,NETUS
IF,NETUS,-12.305708,49.041042, ,0.0,0.0,2,6000,0,1,230,0,1,0
TF,ETUDO,-12.222056,49.097692,0, ,0.0,0.0,0.0,0.0,2,4000,0,1,230,0,1,0

FINAL,R13,13,R,3
IF,ETUDO,-12.222056,49.097692, ,0.0,0.0,2,4000,0,1,230,0,0,0
TF,NA502,-12.268547,49.168467,0, ,0.0,0.0,133.0,5.0,1,3000,0,1,230,0,2,0
TF,RW13,-12.345628,49.285925,0, ,0.0,0.0,133.0,8.3,1,359,0,0,0,0,3,1
TF,NA504,-12.373494,49.328428,0, ,0.0,0.0,0.0,0.0,0,0,0,0,0,0,0,1
DF,DURBO,-12.138572,49.154364,1, ,0.0,0.0,2,4000,0,1,230,0,0,0

