APPTR,R14,14,DUVTA
IF,DUVTA,-15.313644,49.380836, ,0.0,0.0,2,6200,0,1,230,0,1,0
TF,UMTAS,-15.237408,49.448172,0, ,0.0,0.0,0.0,0.0,2,5000,0,1,230,0,1,0

APPTR,R14,14,EXEPI
IF,EXEPI,-15.161150,49.515461, ,0.0,0.0,2,6200,0,1,230,0,1,0
TF,UMTAS,-15.237408,49.448172,0, ,0.0,0.0,0.0,0.0,2,5000,0,1,230,0,1,0

FINAL,R14,14,R,3
IF,UMTAS,-15.237408,49.448172, ,0.0,0.0,2,5000,0,1,230,0,1,0
TF,NR501,-15.302775,49.526706,0, ,0.0,0.0,143.0,6.0,1,3900,0,0,0,0,2,0
TF,RW14,-15.433961,49.684567,0, ,0.0,0.0,143.0,12.1,1,63,0,0,0,0,3,1
TF,NR502,-15.488367,49.750131,0, ,0.0,0.0,0.0,0.0,0,0,0,0,0,0,0,1
DF,EXEPI,-15.161150,49.515461,1, ,0.0,0.0,2,6200,0,1,230,0,0,0

APPTR,R32,32,GADKU
IF,GADKU,-15.584558,50.025764, ,0.0,0.0,2,5700,0,1,230,0,1,0
TF,NETAP,-15.660906,49.958447,0, ,0.0,0.0,0.0,0.0,2,4800,0,1,230,0,1,0

APPTR,R32,32,IBSAG
IF,IBSAG,-15.737231,49.891083, ,0.0,0.0,2,5700,0,1,230,0,1,0
TF,NETAP,-15.660906,49.958447,0, ,0.0,0.0,0.0,0.0,2,4800,0,1,230,0,1,0

FINAL,R32,32,R,3
IF,NETAP,-15.660906,49.958447, ,0.0,0.0,2,4800,0,1,230,0,1,0
TF,NR503,-15.552203,49.827136,0, ,0.0,0.0,323.0,10.0,1,3300,0,0,0,0,2,0
TF,RW32,-15.441581,49.693744,0, ,0.0,0.0,323.0,10.2,1,62,0,0,0,0,3,1
TF,NR504,-15.408931,49.654419,0, ,0.0,0.0,0.0,0.0,0,0,0,0,0,0,0,1
DF,IBSAG,-15.737231,49.891083,1, ,0.0,0.0,2,5700,0,1,230,0,0,0

