SID,AGRU1N,34,5
DF,OL614,0.516028,9.384917,0, ,0.0,0.0,2,440,0,0,0,0,0,1
DF,OL604,0.474833,9.268972,1, ,0.0,0.0,0,0,0,0,0,0,0,0
TF,AGRUB,0.430278,8.083333,0, ,0.0,0.0,0.0,0.0,0,0,0,0,0,0,0,0

SID,AGRU1S,16,5
CA,0,155.0,2,500,0,1,210,0,0,0
CF,OL702,0.332811,9.288181,2,LV,218.9,11.1,245.0,8.0,3,6000,0,1,250,0,0,0
TF,AGRUB,0.430278,8.083333,0, ,0.0,0.0,0.0,0.0,0,0,0,0,0,0,0,0

SID,AGSI1S,16,5
CA,0,155.0,2,500,0,1,210,0,0,0
CF,OL702,0.332811,9.288181,2,LV,218.9,11.1,245.0,8.0,3,6000,0,1,250,0,0,0
TF,OL724,0.188639,9.149781,0, ,0.0,0.0,0.0,0.0,0,0,0,0,0,0,0,0
TF,AGSIM,-0.140000,7.944444,0, ,0.0,0.0,0.0,0.0,0,0,0,0,0,0,0,0

SID,APTA1N,34,5
DF,OL614,0.516028,9.384917,0, ,0.0,0.0,2,440,0,0,0,0,0,1
DF,OL609,0.389500,9.532083,2, ,0.0,0.0,0,0,0,0,0,0,0,1
VI,0, ,0.0,155.0,0,0,0,0,0,0,0,0
IF,LV,0.479847,9.401983, ,0.0,0.0,0,0,0,0,0,0,0,0
TF,APTAL,-0.359147,10.439728,0, ,0.0,0.0,0.0,0.0,0,0,0,0,0,0,0,0

SID,ARAS2N,34,5
DF,OL614,0.516028,9.384917,0, ,0.0,0.0,2,440,0,0,0,0,0,1
DF,OL613,0.605250,9.485056,2, ,0.0,0.0,0,0,0,0,0,0,0,0
TF,ARASI,1.800661,10.277372,0, ,0.0,0.0,0.0,0.0,0,0,0,0,0,0,0,0

SID,ARAS3S,16,5
CA,0,155.0,2,500,0,1,210,0,0,0
CF,OL708,0.483661,9.596711,1,LV,89.9,11.7,65.0,9.0,3,6000,0,1,250,0,0,0
TF,OL712,0.689253,9.703183,0, ,0.0,0.0,0.0,0.0,2,12000,0,0,0,0,0,0
TF,ARASI,1.800661,10.277372,0, ,0.0,0.0,0.0,0.0,0,0,0,0,0,0,0,0

SID,BATA2N,34,5
DF,OL614,0.516028,9.384917,0, ,0.0,0.0,2,440,0,0,0,0,0,1
DF,OL612,0.624917,9.442667,0, ,0.0,0.0,0,0,0,0,0,0,0,0
TF,APOPA,1.583333,9.711667,0, ,0.0,0.0,0.0,0.0,0,0,0,0,0,0,0,0
TF,BTA,1.902472,9.808925,0, ,0.0,0.0,0.0,0.0,0,0,0,0,0,0,0,0

SID,BIPI1S,16,5
CA,0,155.0,2,500,0,1,210,0,0,0
CF,OL702,0.332811,9.288181,2,LV,218.9,11.1,245.0,8.0,3,6000,0,1,250,0,0,0
TF,OL703,0.481242,9.213569,0, ,0.0,0.0,0.0,0.0,2,10000,0,0,0,0,0,0
TF,OL704,0.641814,9.154564,0, ,0.0,0.0,0.0,0.0,2,11000,0,0,0,0,0,0
TF,OL706,0.978639,9.031242,0, ,0.0,0.0,0.0,0.0,0,0,0,0,0,0,0,0
TF,OL707,2.586314,7.478447,0, ,0.0,0.0,0.0,0.0,0,0,0,0,0,0,0,0
TF,BIPIV,3.175806,6.782600,0, ,0.0,0.0,0.0,0.0,0,0,0,0,0,0,0,0

SID,BOVG1N,34,5
DF,OL614,0.516028,9.384917,0, ,0.0,0.0,2,440,0,0,0,0,0,1
DF,OL607,0.535556,9.299500,0, ,0.0,0.0,0,0,0,0,0,0,0,0
TF,BOVGA,1.266111,8.083333,0, ,0.0,0.0,0.0,0.0,0,0,0,0,0,0,0,0

SID,BOVG1S,16,5
CA,0,155.0,2,500,0,1,210,0,0,0
CF,OL702,0.332811,9.288181,2,LV,218.9,11.1,245.0,8.0,3,6000,0,1,250,0,0,0
TF,OL703,0.481242,9.213569,0, ,0.0,0.0,0.0,0.0,2,10000,0,0,0,0,0,0
TF,OL728,0.733958,8.805422,0, ,0.0,0.0,0.0,0.0,0,0,0,0,0,0,0,0
TF,BOVGA,1.266111,8.083333,0, ,0.0,0.0,0.0,0.0,0,0,0,0,0,0,0,0

SID,BTA3S,16,5
CA,0,155.0,2,500,0,1,210,0,0,0
CF,OL708,0.483661,9.596711,1,LV,89.9,11.7,65.0,9.0,3,6000,0,1,250,0,0,0
TF,OL709,0.674392,9.625267,0, ,0.0,0.0,0.0,0.0,2,12000,0,0,0,0,0,0
TF,OL711,0.862097,9.653314,0, ,0.0,0.0,0.0,0.0,2,15000,0,0,0,0,0,0
TF,BTA,1.902472,9.808925,0, ,0.0,0.0,0.0,0.0,0,0,0,0,0,0,0,0

SID,GULE1N,34,5
DF,OL614,0.516028,9.384917,0, ,0.0,0.0,2,440,0,0,0,0,0,1
DF,OL606,0.519861,9.292528,0, ,0.0,0.0,0,0,0,0,0,0,0,0
TF,GULEP,0.962222,8.083333,0, ,0.0,0.0,0.0,0.0,0,0,0,0,0,0,0,0

SID,GULE2S,16,5
CA,0,155.0,2,500,0,1,210,0,0,0
CF,OL702,0.332811,9.288181,2,LV,218.9,11.1,245.0,8.0,3,6000,0,1,250,0,0,0
TF,OL703,0.481242,9.213569,0, ,0.0,0.0,0.0,0.0,2,10000,0,0,0,0,0,0
TF,OL728,0.733958,8.805422,0, ,0.0,0.0,0.0,0.0,0,0,0,0,0,0,0,0
TF,GULEP,0.962222,8.083333,0, ,0.0,0.0,0.0,0.0,0,0,0,0,0,0,0,0

SID,ILDA1S,16,5
CA,0,155.0,2,500,0,1,210,0,0,0
CF,OL702,0.332811,9.288181,2,LV,218.9,11.1,245.0,8.0,3,6000,0,1,250,0,0,0
TF,OL724,0.188639,9.149781,0, ,0.0,0.0,0.0,0.0,0,0,0,0,0,0,0,0
TF,ILDAN,-0.591797,7.876775,0, ,0.0,0.0,0.0,0.0,0,0,0,0,0,0,0,0

SID,MEGO1N,34,5
DF,OL614,0.516028,9.384917,0, ,0.0,0.0,2,440,0,0,0,0,0,1
DF,OL602,0.313000,9.416472,1, ,0.0,0.0,0,0,0,0,0,0,0,1
CI,0, ,0.0,135.0,0,0,0,0,0,0,0,0
IF,LV,0.479847,9.401983, ,0.0,0.0,0,0,0,0,0,0,0,0
TF,MEGOR,-0.758889,9.909444,0, ,0.0,0.0,0.0,0.0,0,0,0,0,0,0,0,0

SID,NEBE1S,16,5
CA,0,155.0,2,500,0,1,210,0,0,0
CF,OL708,0.483661,9.596711,1,LV,89.9,11.7,65.0,9.0,3,6000,0,1,250,0,0,0
TF,OL716,0.491889,9.743597,0, ,0.0,0.0,0.0,0.0,0,0,0,0,0,0,0,0
TF,OL717,0.592861,11.558694,0, ,0.0,0.0,0.0,0.0,0,0,0,0,0,0,0,0
TF,NEBEX,0.515458,12.024675,0, ,0.0,0.0,0.0,0.0,0,0,0,0,0,0,0,0

SID,ONKA1S,16,5
CA,0,155.0,2,500,0,1,210,0,0,0
CF,OL708,0.483661,9.596711,1,LV,89.9,11.7,65.0,9.0,3,6000,0,1,250,0,0,0
TF,OL713,0.533500,9.736622,0, ,0.0,0.0,0.0,0.0,0,0,0,0,0,0,0,0
TF,OL714,1.027447,11.124031,0, ,0.0,0.0,0.0,0.0,0,0,0,0,0,0,0,0
TF,ONKAR,1.267778,11.532222,0, ,0.0,0.0,0.0,0.0,0,0,0,0,0,0,0,0

SID,PG1S,16,5
CA,0,155.0,2,500,0,1,210,0,0,0
CF,OL702,0.332811,9.288181,2,LV,218.9,11.1,245.0,8.0,3,6000,0,1,250,0,0,0
TF,OL724,0.188639,9.149781,0, ,0.0,0.0,0.0,0.0,0,0,0,0,0,0,0,0
TF,OL726,-0.097050,8.994472,0, ,0.0,0.0,0.0,0.0,0,0,0,0,0,0,0,0
TF,PG,-0.728778,8.747472,0, ,0.0,0.0,0.0,0.0,0,0,0,0,0,0,0,0

SID,PILV1S,16,5
CA,0,155.0,2,500,0,1,210,0,0,0
CF,OL702,0.332811,9.288181,2,LV,218.9,11.1,245.0,8.0,3,6000,0,1,250,0,0,0
TF,OL721,0.142222,9.420814,1, ,0.0,0.0,0.0,0.0,0,0,0,0,0,0,0,0
TF,OL722,-0.785772,9.846769,0, ,0.0,0.0,0.0,0.0,0,0,0,0,0,0,0,0
TF,OL723,-1.244414,10.059761,0, ,0.0,0.0,0.0,0.0,0,0,0,0,0,0,0,0
TF,PILVI,-1.842764,10.353456,0, ,0.0,0.0,0.0,0.0,0,0,0,0,0,0,0,0

SID,PONO1S,16,5
CA,0,155.0,2,500,0,1,210,0,0,0
CF,OL708,0.483661,9.596711,1,LV,89.9,11.7,65.0,9.0,3,6000,0,1,250,0,0,0
TF,OL718,0.272611,9.845164,0, ,0.0,0.0,0.0,0.0,3,11000,0,0,0,0,0,0
TF,OL719,-0.658100,10.942444,0, ,0.0,0.0,0.0,0.0,0,0,0,0,0,0,0,0
TF,PONOT,-1.093056,11.347778,0, ,0.0,0.0,0.0,0.0,0,0,0,0,0,0,0,0

SID,TAPI1S,16,5
CA,0,155.0,2,500,0,1,210,0,0,0
CF,OL702,0.332811,9.288181,2,LV,218.9,11.1,245.0,8.0,3,6000,0,1,250,0,0,0
TF,OL721,0.142222,9.420814,1, ,0.0,0.0,0.0,0.0,0,0,0,0,0,0,0,0
TF,OL722,-0.785772,9.846769,0, ,0.0,0.0,0.0,0.0,0,0,0,0,0,0,0,0
TF,OL723,-1.244414,10.059761,0, ,0.0,0.0,0.0,0.0,0,0,0,0,0,0,0,0
TF,TAPIL,-1.799167,10.452500,0, ,0.0,0.0,0.0,0.0,0,0,0,0,0,0,0,0

SID,TEMK2N,34,5
DF,OL614,0.516028,9.384917,0, ,0.0,0.0,2,440,0,0,0,0,0,1
DF,OL611,0.318083,9.314389,1, ,0.0,0.0,0,0,0,0,0,0,0,0
TF,TEMKI,-0.140556,9.066111,0, ,0.0,0.0,0.0,0.0,0,0,0,0,0,0,0,0

SID,TENK1N,34,5
DF,OL614,0.516028,9.384917,0, ,0.0,0.0,2,440,0,0,0,0,0,1
DF,OL602,0.313000,9.416472,1, ,0.0,0.0,0,0,0,0,0,0,0,1
CI,0, ,0.0,135.0,0,0,0,0,0,0,0,0
IF,LV,0.479847,9.401983, ,0.0,0.0,0,0,0,0,0,0,0,0
TF,TENKI,-0.735589,9.962208,0, ,0.0,0.0,0.0,0.0,0,0,0,0,0,0,0,0

SID,USMO1N,34,5
DF,OL614,0.516028,9.384917,0, ,0.0,0.0,2,440,0,0,0,0,0,1
DF,OL608,0.563778,9.320667,0, ,0.0,0.0,0,0,0,0,0,0,0,0
TF,MOGSI,1.199422,8.704781,0, ,0.0,0.0,0.0,0.0,0,0,0,0,0,0,0,0
TF,USMOL,1.920525,8.005569,0, ,0.0,0.0,0.0,0.0,0,0,0,0,0,0,0,0

SID,VORE1S,16,5
CA,0,155.0,2,500,0,1,210,0,0,0
CF,OL702,0.332811,9.288181,2,LV,218.9,11.1,245.0,8.0,3,6000,0,1,250,0,0,0
TF,OL724,0.188639,9.149781,0, ,0.0,0.0,0.0,0.0,0,0,0,0,0,0,0,0
TF,OL727,-0.329425,8.640022,0, ,0.0,0.0,0.0,0.0,0,0,0,0,0,0,0,0
TF,VORET,-1.063333,8.154722,0, ,0.0,0.0,0.0,0.0,0,0,0,0,0,0,0,0

SID,XULE1S,16,5
CA,0,155.0,2,500,0,1,210,0,0,0
CF,OL702,0.332811,9.288181,2,LV,218.9,11.1,245.0,8.0,3,6000,0,1,250,0,0,0
TF,OL724,0.188639,9.149781,0, ,0.0,0.0,0.0,0.0,0,0,0,0,0,0,0,0
TF,OL727,-0.329425,8.640022,0, ,0.0,0.0,0.0,0.0,0,0,0,0,0,0,0,0
TF,XULED,-0.759233,8.005500,0, ,0.0,0.0,0.0,0.0,0,0,0,0,0,0,0,0

STAR,AGRU2R,16,5
IF,AGRUB,0.430278,8.083333, ,0.0,0.0,0,0,0,0,0,0,0,0
TF,OL436,0.582319,8.832172,0, ,0.0,0.0,0.0,0.0,0,0,0,0,0,0,0,0
TF,OL409,0.599211,9.098806,0, ,0.0,0.0,0.0,0.0,4,9000,4000,0,0,0,0,0
TF,RATOS,0.601506,9.232136,0, ,0.0,0.0,0.0,0.0,2,2000,0,1,230,0,0,0

STAR,AGSI2R,16,5
IF,AGSIM,-0.140000,7.944444, ,0.0,0.0,0,0,0,0,0,0,0,0
TF,OL434,0.362489,8.910689,0, ,0.0,0.0,0.0,0.0,0,0,0,0,0,0,0,0
TF,OL433,0.480711,9.072617,0, ,0.0,0.0,0.0,0.0,4,9000,4000,0,0,0,0,0
TF,RATOS,0.601506,9.232136,0, ,0.0,0.0,0.0,0.0,2,2000,0,1,230,0,0,0

STAR,AGTE1A,16,2
IF,APOPA,1.583333,9.711667, ,0.0,0.0,0,0,0,0,0,0,0,0
TF,AGTEN,0.865417,9.510139,0, ,0.0,0.0,0.0,0.0,0,0,0,0,0,0,0,0
TF,D017M,0.689375,9.460750,0, ,0.0,0.0,0.0,0.0,0,0,0,0,0,0,0,0
CI,0, ,0.0,197.0,0,0,0,0,0,0,0,0
AF,ARDAN,0.590722,9.548139,2,LV,54.0,11.0,17.0,2,2000,0,0,0,0,0,0

STAR,AGTE1B,16,2
IF,APOPA,1.583333,9.711667, ,0.0,0.0,0,0,0,0,0,0,0,0
TF,AGTEN,0.865417,9.510139,0, ,0.0,0.0,0.0,0.0,0,0,0,0,0,0,0,0
TF,D017M,0.689375,9.460750,0, ,0.0,0.0,0.0,0.0,0,0,0,0,0,0,0,0
CI,0, ,0.0,197.0,0,0,0,0,0,0,0,0
AF,BIGUN,0.645500,9.321889,1,LV,335.1,11.0,17.0,2,2000,0,0,0,0,0,0

STAR,ARAS2L,16,5
IF,ARASI,1.800661,10.277372, ,0.0,0.0,0,0,0,0,0,0,0,0
TF,OL414,1.227581,9.826894,0, ,0.0,0.0,0.0,0.0,3,14000,0,0,0,0,0,0
TF,OL413,1.063903,9.697258,0, ,0.0,0.0,0.0,0.0,3,11000,0,0,0,0,0,0
TF,LILAT,0.689506,9.411636,0, ,0.0,0.0,0.0,0.0,2,2000,0,1,230,0,0,0

STAR,BIKE1A,16,2
IF,ARDUM,0.885833,10.499444, ,0.0,0.0,0,0,0,0,0,0,0,0
TF,BIKET,0.624889,9.794000,0, ,0.0,0.0,0.0,0.0,0,0,0,0,0,0,0,0
TF,D071M,0.554953,9.604981,0, ,0.0,0.0,0.0,0.0,0,0,0,0,0,0,0,0
CI,0, ,0.0,251.0,0,0,0,0,0,0,0,0
AF,ARDAN,0.590722,9.548139,1,LV,54.0,11.0,71.0,2,2000,0,0,0,0,0,0

STAR,BIPI2B,16,5
IF,BIPIV,3.175806,6.782600, ,0.0,0.0,0,0,0,0,0,0,0,0
TF,OL426,2.469225,7.359397,0, ,0.0,0.0,0.0,0.0,0,0,0,0,0,0,0,0
TF,OL424,1.862686,7.946331,0, ,0.0,0.0,0.0,0.0,2,27000,0,0,0,0,0,0
TF,OL423,0.841933,8.953058,0, ,0.0,0.0,0.0,0.0,4,10000,4000,0,0,0,0,0
TF,OL437,0.680328,9.256431,0, ,0.0,0.0,0.0,0.0,0,0,0,0,0,0,0,0
TF,BIGUN,0.645500,9.321889,0, ,0.0,0.0,0.0,0.0,2,2000,0,1,230,0,0,0

STAR,BOVG2B,16,5
IF,BOVGA,1.266111,8.083333, ,0.0,0.0,0,0,0,0,0,0,0,0
TF,OL423,0.841933,8.953058,0, ,0.0,0.0,0.0,0.0,4,10000,4000,0,0,0,0,0
TF,OL437,0.680328,9.256431,0, ,0.0,0.0,0.0,0.0,0,0,0,0,0,0,0,0
TF,BIGUN,0.645500,9.321889,0, ,0.0,0.0,0.0,0.0,2,2000,0,1,230,0,0,0

STAR,BTA2B,16,5
IF,BTA,1.902472,9.808925, ,0.0,0.0,2,21000,0,0,0,0,0,0
TF,OL411,0.810119,9.321747,0, ,0.0,0.0,0.0,0.0,0,0,0,0,0,0,0,0
TF,BIGUN,0.645500,9.321889,0, ,0.0,0.0,0.0,0.0,2,2000,0,1,230,0,0,0

STAR,DITK1A,16,2
IF,NAVTO,-0.289228,10.353256, ,0.0,0.0,0,0,0,0,0,0,0,0
TF,DITKA,0.204278,9.742861,0, ,0.0,0.0,0.0,0.0,0,0,0,0,0,0,0,0
TF,OL401,0.323111,9.595833,0, ,0.0,0.0,0.0,0.0,0,0,0,0,0,0,0,0
TF,OL402,0.401972,9.567833,0, ,0.0,0.0,0.0,0.0,2,5000,0,0,0,0,0,0
AF,ARDAN,0.590722,9.548139,1,LV,54.0,11.0,116.0,2,2000,0,0,0,0,0,0

STAR,DITK1V,16,2
IF,NAVTO,-0.289228,10.353256, ,0.0,0.0,0,0,0,0,0,0,0,0
TF,DITKA,0.204278,9.742861,0, ,0.0,0.0,0.0,0.0,0,0,0,0,0,0,0,0
TF,OL401,0.323111,9.595833,0, ,0.0,0.0,0.0,0.0,0,0,0,0,0,0,0,0
TF,OL402,0.401972,9.567833,0, ,0.0,0.0,0.0,0.0,2,5000,0,0,0,0,0,0
TF,LV,0.479847,9.401983,0, ,0.0,0.0,0.0,0.0,0,0,0,0,0,0,0,0

STAR,EBRA1D,16,2
IF,TEMLA,-0.621383,9.852917, ,0.0,0.0,0,0,0,0,0,0,0,0
TF,EBRAS,0.070778,9.569528,0, ,0.0,0.0,0.0,0.0,0,0,0,0,0,0,0,0
TF,OL404,0.245278,9.498056,0, ,0.0,0.0,0.0,0.0,0,0,0,0,0,0,0,0
TF,OL406,0.298417,9.433750,0, ,0.0,0.0,0.0,0.0,2,5000,0,0,0,0,0,0
AF,DEGIL,0.473083,9.219083,2,LV,268.9,11.0,171.0,2,2000,0,0,0,0,0,0

STAR,EBRA1V,16,2
IF,TEMLA,-0.621383,9.852917, ,0.0,0.0,0,0,0,0,0,0,0,0
TF,EBRAS,0.070778,9.569528,0, ,0.0,0.0,0.0,0.0,0,0,0,0,0,0,0,0
TF,OL404,0.245278,9.498056,0, ,0.0,0.0,0.0,0.0,0,0,0,0,0,0,0,0
TF,OL406,0.298417,9.433750,0, ,0.0,0.0,0.0,0.0,2,5000,0,0,0,0,0,0
TF,LV,0.479847,9.401983,0, ,0.0,0.0,0.0,0.0,0,0,0,0,0,0,0,0

STAR,GAKO1D,16,2
IF,VORET,-1.063333,8.154722, ,0.0,0.0,0,0,0,0,0,0,0,0
TF,GAKON,0.147694,9.133556,0, ,0.0,0.0,0.0,0.0,0,0,0,0,0,0,0,0
TF,D220M,0.310933,9.265472,0, ,0.0,0.0,0.0,0.0,0,0,0,0,0,0,0,0
CI,0, ,0.0,40.0,0,0,0,0,0,0,0,0
AF,DEGIL,0.473083,9.219083,2,LV,268.9,11.0,220.0,2,2000,0,0,0,0,0,0

STAR,GULE2R,16,5
IF,GULEP,0.962222,8.083333, ,0.0,0.0,0,0,0,0,0,0,0,0
TF,OL436,0.582319,8.832172,0, ,0.0,0.0,0.0,0.0,0,0,0,0,0,0,0,0
TF,OL409,0.599211,9.098806,0, ,0.0,0.0,0.0,0.0,4,9000,4000,0,0,0,0,0
TF,RATOS,0.601506,9.232136,0, ,0.0,0.0,0.0,0.0,2,2000,0,1,230,0,0,0

STAR,IKRU1D,16,2
IF,ILDAN,-0.591797,7.876775, ,0.0,0.0,0,0,0,0,0,0,0,0
TF,IKRUT,0.238472,9.058417,0, ,0.0,0.0,0.0,0.0,0,0,0,0,0,0,0,0
TF,D236M,0.355228,9.224603,0, ,0.0,0.0,0.0,0.0,0,0,0,0,0,0,0,0
CI,0, ,0.0,56.0,0,0,0,0,0,0,0,0
AF,DEGIL,0.473083,9.219083,2,LV,268.9,11.0,236.0,2,2000,0,0,0,0,0,0

STAR,ILDA2R,16,5
IF,ILDAN,-0.591797,7.876775, ,0.0,0.0,0,0,0,0,0,0,0,0
TF,OL434,0.362489,8.910689,0, ,0.0,0.0,0.0,0.0,0,0,0,0,0,0,0,0
TF,OL433,0.480711,9.072617,0, ,0.0,0.0,0.0,0.0,4,9000,4000,0,0,0,0,0
TF,RATOS,0.601506,9.232136,0, ,0.0,0.0,0.0,0.0,2,2000,0,1,230,0,0,0

STAR,KOLA1D,16,2
IF,AGRUB,0.430278,8.083333, ,0.0,0.0,0,0,0,0,0,0,0,0
TF,KOLAS,0.464583,8.996444,0, ,0.0,0.0,0.0,0.0,1,4000,0,0,0,0,0,0
TF,DEGIL,0.473083,9.219083,0, ,0.0,0.0,0.0,0.0,2,2000,0,0,0,0,0,0

STAR,LUBR1B,16,2
IF,USKAT,1.080911,8.394236, ,0.0,0.0,0,0,0,0,0,0,0,0
TF,LUBRI,0.669528,9.053111,0, ,0.0,0.0,0.0,0.0,0,0,0,0,0,0,0,0
TF,D299M,0.583314,9.211669,0, ,0.0,0.0,0.0,0.0,0,0,0,0,0,0,0,0
CI,0, ,0.0,119.0,0,0,0,0,0,0,0,0
AF,BIGUN,0.645500,9.321889,2,LV,335.1,11.0,299.0,2,2000,0,0,0,0,0,0

STAR,LUBR1D,16,2
IF,USKAT,1.080911,8.394236, ,0.0,0.0,0,0,0,0,0,0,0,0
TF,LUBRI,0.669528,9.053111,0, ,0.0,0.0,0.0,0.0,0,0,0,0,0,0,0,0
TF,D299M,0.583314,9.211669,0, ,0.0,0.0,0.0,0.0,0,0,0,0,0,0,0,0
CI,0, ,0.0,119.0,0,0,0,0,0,0,0,0
AF,DEGIL,0.473083,9.219083,1,LV,268.9,11.0,299.0,2,2000,0,0,0,0,0,0

STAR,MERI1B,16,2
IF,MOGSI,1.199422,8.704781, ,0.0,0.0,0,0,0,0,0,0,0,0
TF,MERIG,0.763389,9.127306,0, ,0.0,0.0,0.0,0.0,0,0,0,0,0,0,0,0
TF,D317M,0.635725,9.250969,0, ,0.0,0.0,0.0,0.0,0,0,0,0,0,0,0,0
CI,0, ,0.0,137.0,0,0,0,0,0,0,0,0
AF,BIGUN,0.645500,9.321889,2,LV,335.1,11.0,317.0,2,2000,0,0,0,0,0,0

STAR,MERI1D,16,2
IF,MOGSI,1.199422,8.704781, ,0.0,0.0,0,0,0,0,0,0,0,0
TF,MERIG,0.763389,9.127306,0, ,0.0,0.0,0.0,0.0,0,0,0,0,0,0,0,0
TF,D317M,0.635725,9.250969,0, ,0.0,0.0,0.0,0.0,0,0,0,0,0,0,0,0
CI,0, ,0.0,137.0,0,0,0,0,0,0,0,0
AF,DEGIL,0.473083,9.219083,1,LV,268.9,11.0,317.0,2,2000,0,0,0,0,0,0

STAR,NEBE2L,16,5
IF,NEBEX,0.515458,12.024675, ,0.0,0.0,0,0,0,0,0,0,0,0
TF,OL422,0.425500,11.559436,0, ,0.0,0.0,0.0,0.0,0,0,0,0,0,0,0,0
TF,OL421,0.386125,10.598561,0, ,0.0,0.0,0.0,0.0,0,0,0,0,0,0,0,0
TF,OL419,0.364497,10.071214,0, ,0.0,0.0,0.0,0.0,0,0,0,0,0,0,0,0
TF,OL441,0.343753,9.568908,0, ,0.0,0.0,0.0,0.0,2,12000,0,0,0,0,0,0
TF,OL438,0.489483,9.494622,0, ,0.0,0.0,0.0,0.0,2,7000,0,0,0,0,0,0
TF,LILAT,0.689506,9.411636,0, ,0.0,0.0,0.0,0.0,2,2000,0,1,230,0,0,0

STAR,ONAN1B,16,2
IF,GULEP,0.962222,8.083333, ,0.0,0.0,0,0,0,0,0,0,0,0
TF,ONANO,0.616944,9.027333,0, ,0.0,0.0,0.0,0.0,0,0,0,0,0,0,0,0
TF,D291M,0.554231,9.198700,0, ,0.0,0.0,0.0,0.0,0,0,0,0,0,0,0,0
CI,0, ,0.0,111.0,0,0,0,0,0,0,0,0
AF,BIGUN,0.645500,9.321889,2,LV,335.1,11.0,291.0,2,2000,0,0,0,0,0,0

STAR,ONAN1D,16,2
IF,GULEP,0.962222,8.083333, ,0.0,0.0,0,0,0,0,0,0,0,0
TF,ONANO,0.616944,9.027333,0, ,0.0,0.0,0.0,0.0,0,0,0,0,0,0,0,0
TF,D291M,0.554231,9.198700,0, ,0.0,0.0,0.0,0.0,0,0,0,0,0,0,0,0
CI,0, ,0.0,111.0,0,0,0,0,0,0,0,0
AF,DEGIL,0.473083,9.219083,1,LV,268.9,11.0,291.0,2,2000,0,0,0,0,0,0

STAR,ONKA2L,16,5
IF,ONKAR,1.267778,11.532222, ,0.0,0.0,0,0,0,0,0,0,0,0
TF,OL418,1.184761,11.066939,0, ,0.0,0.0,0.0,0.0,0,0,0,0,0,0,0,0
TF,OL417,1.001889,10.459358,0, ,0.0,0.0,0.0,0.0,2,15000,0,0,0,0,0,0
TF,OL416,0.833561,9.899486,0, ,0.0,0.0,0.0,0.0,4,11000,4000,0,0,0,0,0
TF,LILAT,0.689506,9.411636,0, ,0.0,0.0,0.0,0.0,2,2000,0,1,230,0,0,0

STAR,PG2R,16,5
IF,PG,-0.728778,8.747472, ,0.0,0.0,0,0,0,0,0,0,0,0
TF,OL408,-0.181244,9.138728,0, ,0.0,0.0,0.0,0.0,0,0,0,0,0,0,0,0
TF,OL407,0.155619,9.322167,0, ,0.0,0.0,0.0,0.0,0,0,0,0,0,0,0,0
TF,OL439,0.294414,9.399586,0, ,0.0,0.0,0.0,0.0,0,0,0,0,0,0,0,0
TF,OL442,0.440533,9.328653,0, ,0.0,0.0,0.0,0.0,2,7000,0,0,0,0,0,0
TF,RATOS,0.601506,9.232136,0, ,0.0,0.0,0.0,0.0,2,2000,0,1,230,0,0,0

STAR,PILV2L,16,5
IF,PILVI,-1.842764,10.353456, ,0.0,0.0,0,0,0,0,0,0,0,0
TF,OL432,-1.177386,10.211469,0, ,0.0,0.0,0.0,0.0,0,0,0,0,0,0,0,0
TF,OL431,-0.120933,9.747094,0, ,0.0,0.0,0.0,0.0,0,0,0,0,0,0,0,0
TF,OL441,0.343753,9.568908,0, ,0.0,0.0,0.0,0.0,2,12000,0,0,0,0,0,0
TF,OL438,0.489483,9.494622,0, ,0.0,0.0,0.0,0.0,2,7000,0,0,0,0,0,0
TF,LILAT,0.689506,9.411636,0, ,0.0,0.0,0.0,0.0,2,2000,0,1,230,0,0,0

STAR,POGM1D,16,2
IF,AGSIM,-0.140000,7.944444, ,0.0,0.0,0,0,0,0,0,0,0,0
TF,POGMA,0.317667,9.020611,0, ,0.0,0.0,0.0,0.0,0,0,0,0,0,0,0,0
TF,D248M,0.395111,9.202728,0, ,0.0,0.0,0.0,0.0,0,0,0,0,0,0,0,0
CI,0, ,0.0,68.0,0,0,0,0,0,0,0,0
AF,DEGIL,0.473083,9.219083,2,LV,268.9,11.0,248.0,2,2000,0,0,0,0,0,0

STAR,PONO2L,16,5
IF,PONOT,-1.093056,11.347778, ,0.0,0.0,0,0,0,0,0,0,0,0
TF,OL429,-0.788572,10.838117,0, ,0.0,0.0,0.0,0.0,0,0,0,0,0,0,0,0
TF,OL428,-0.355775,10.301275,0, ,0.0,0.0,0.0,0.0,2,15000,0,0,0,0,0,0
TF,OL427,-0.016692,9.881431,0, ,0.0,0.0,0.0,0.0,0,0,0,0,0,0,0,0
TF,OL441,0.343753,9.568908,0, ,0.0,0.0,0.0,0.0,2,12000,0,0,0,0,0,0
TF,OL438,0.489483,9.494622,0, ,0.0,0.0,0.0,0.0,2,7000,0,0,0,0,0,0
TF,LILAT,0.689506,9.411636,0, ,0.0,0.0,0.0,0.0,2,2000,0,1,230,0,0,0

STAR,RALE1D,16,2
IF,XULED,-0.759233,8.005500, ,0.0,0.0,0,0,0,0,0,0,0,0
TF,RALER,0.199222,9.085694,0, ,0.0,0.0,0.0,0.0,0,0,0,0,0,0,0,0
TF,D230M,0.335869,9.239706,0, ,0.0,0.0,0.0,0.0,0,0,0,0,0,0,0,0
CI,0, ,0.0,50.0,0,0,0,0,0,0,0,0
AF,DEGIL,0.473083,9.219083,2,LV,268.9,11.0,230.0,2,2000,0,0,0,0,0,0

STAR,SEPA1D,16,2
IF,TEMKI,-0.140556,9.066111, ,0.0,0.0,0,0,0,0,0,0,0,0
TF,SEPAS,0.100222,9.196556,0, ,0.0,0.0,0.0,0.0,0,0,0,0,0,0,0,0
TF,D210M,0.288625,9.298503,0, ,0.0,0.0,0.0,0.0,0,0,0,0,0,0,0,0
CI,0, ,0.0,30.0,0,0,0,0,0,0,0,0
AF,DEGIL,0.473083,9.219083,2,LV,268.9,11.0,210.0,2,2000,0,0,0,0,0,0

STAR,SEPA1V,16,2
IF,TEMKI,-0.140556,9.066111, ,0.0,0.0,0,0,0,0,0,0,0,0
TF,SEPAS,0.100222,9.196556,0, ,0.0,0.0,0.0,0.0,0,0,0,0,0,0,0,0
TF,LV,0.479847,9.401983,0, ,0.0,0.0,0.0,0.0,0,0,0,0,0,0,0,0

STAR,TAPI2L,16,5
IF,TAPIL,-1.799167,10.452500, ,0.0,0.0,0,0,0,0,0,0,0,0
TF,OL432,-1.177386,10.211469,0, ,0.0,0.0,0.0,0.0,0,0,0,0,0,0,0,0
TF,OL431,-0.120933,9.747094,0, ,0.0,0.0,0.0,0.0,0,0,0,0,0,0,0,0
TF,OL441,0.343753,9.568908,0, ,0.0,0.0,0.0,0.0,2,12000,0,0,0,0,0,0
TF,OL438,0.489483,9.494622,0, ,0.0,0.0,0.0,0.0,2,7000,0,0,0,0,0,0
TF,LILAT,0.689506,9.411636,0, ,0.0,0.0,0.0,0.0,2,2000,0,1,230,0,0,0

STAR,TASO1D,16,2
IF,ETSOT,-0.592644,9.896211, ,0.0,0.0,0,0,0,0,0,0,0,0
TF,TASOK,0.078444,9.587000,0, ,0.0,0.0,0.0,0.0,0,0,0,0,0,0,0,0
TF,OL403,0.255694,9.505306,0, ,0.0,0.0,0.0,0.0,0,0,0,0,0,0,0,0
TF,OL406,0.298417,9.433750,0, ,0.0,0.0,0.0,0.0,2,5000,0,0,0,0,0,0
AF,DEGIL,0.473083,9.219083,2,LV,268.9,11.0,171.0,2,2000,0,0,0,0,0,0

STAR,TASO1V,16,2
IF,ETSOT,-0.592644,9.896211, ,0.0,0.0,0,0,0,0,0,0,0,0
TF,TASOK,0.078444,9.587000,0, ,0.0,0.0,0.0,0.0,0,0,0,0,0,0,0,0
TF,OL403,0.255694,9.505306,0, ,0.0,0.0,0.0,0.0,0,0,0,0,0,0,0,0
TF,OL406,0.298417,9.433750,0, ,0.0,0.0,0.0,0.0,2,5000,0,0,0,0,0,0
TF,LV,0.479847,9.401983,0, ,0.0,0.0,0.0,0.0,0,0,0,0,0,0,0,0

STAR,UBOL1A,16,2
IF,ODOVA,0.496158,10.594094, ,0.0,0.0,0,0,0,0,0,0,0,0
TF,UBOLA,0.485694,9.827389,0, ,0.0,0.0,0.0,0.0,0,0,0,0,0,0,0,0
TF,D090M,0.482814,9.618239,0, ,0.0,0.0,0.0,0.0,0,0,0,0,0,0,0,0
CI,0, ,0.0,270.0,0,0,0,0,0,0,0,0
AF,ARDAN,0.590722,9.548139,1,LV,54.0,11.0,90.0,2,2000,0,0,0,0,0,0

STAR,VABE1A,16,2
IF,ARASI,1.800661,10.277372, ,0.0,0.0,0,0,0,0,0,0,0,0
TF,VABEG,0.817778,9.625861,0, ,0.0,0.0,0.0,0.0,0,0,0,0,0,0,0,0
TF,D035M,0.660981,9.521978,0, ,0.0,0.0,0.0,0.0,0,0,0,0,0,0,0,0
CI,0, ,0.0,215.0,0,0,0,0,0,0,0,0
AF,ARDAN,0.590722,9.548139,2,LV,54.0,11.0,35.0,2,2000,0,0,0,0,0,0

STAR,VABE1B,16,2
IF,ARASI,1.800661,10.277372, ,0.0,0.0,0,0,0,0,0,0,0,0
TF,VABEG,0.817778,9.625861,0, ,0.0,0.0,0.0,0.0,0,0,0,0,0,0,0,0
TF,D035M,0.660981,9.521978,0, ,0.0,0.0,0.0,0.0,0,0,0,0,0,0,0,0
CI,0, ,0.0,215.0,0,0,0,0,0,0,0,0
AF,BIGUN,0.645500,9.321889,1,LV,335.1,11.0,35.0,2,2000,0,0,0,0,0,0

STAR,VORE2R,16,5
IF,VORET,-1.063333,8.154722, ,0.0,0.0,0,0,0,0,0,0,0,0
TF,OL407,0.155619,9.322167,0, ,0.0,0.0,0.0,0.0,0,0,0,0,0,0,0,0
TF,OL439,0.294414,9.399586,0, ,0.0,0.0,0.0,0.0,0,0,0,0,0,0,0,0
TF,OL442,0.440533,9.328653,0, ,0.0,0.0,0.0,0.0,2,7000,0,0,0,0,0,0
TF,RATOS,0.601506,9.232136,0, ,0.0,0.0,0.0,0.0,2,2000,0,1,230,0,0,0

STAR,XULE2R,16,5
IF,XULED,-0.759233,8.005500, ,0.0,0.0,0,0,0,0,0,0,0,0
TF,OL434,0.362489,8.910689,0, ,0.0,0.0,0.0,0.0,0,0,0,0,0,0,0,0
TF,OL433,0.480711,9.072617,0, ,0.0,0.0,0.0,0.0,4,9000,4000,0,0,0,0,0
TF,RATOS,0.601506,9.232136,0, ,0.0,0.0,0.0,0.0,2,2000,0,1,230,0,0,0

APPTR,D16-Z,16,ARDAN
IF,ARDAN,0.590722,9.548139, ,0.0,0.0,2,2000,0,0,0,0,1,0
AF,BIGUN,0.645500,9.321889,1,LV,335.1,11.0,54.0,2,2000,0,0,0,0,1,0

APPTR,D16-Z,16,DEGIL
IF,DEGIL,0.473083,9.219083, ,0.0,0.0,2,2000,0,0,0,0,1,0
AF,BIGUN,0.645500,9.321889,2,LV,335.1,11.0,269.0,2,2000,0,0,0,0,1,0

FINAL,D16-Z,16,D,4
IF,BIGUN,0.645500,9.321889,LV,335.1,11.0,2,2000,0,0,0,0,1,0
CF,FD16Z,0.561136,9.362597,0,LV,335.0,5.4,155.0,5.6,2,2000,0,0,0,0,2,0
CF,30VOR,0.525008,9.380103,0,LV,335.0,3.0,155.0,2.4,2,1230,0,0,0,0,0,0
CF,LV,0.479847,9.401983,0,LV,0.0,0.0,155.0,3.0,1,269,0,0,0,0,3,0
CA,0,155.0,2,600,0,0,0,0,0,0
CI,2, ,0.0,314.0,0,0,0,0,0,0,0,0
CF,DEGIL,0.473083,9.219083,0,LV,268.9,11.0,269.0,6.0,1,2000,0,1,210,0,0,0

APPTR,I16-V,16,LILAT
IF,LILAT,0.689506,9.411636, ,0.0,0.0,2,2000,0,1,230,0,1,0
TF,BIGUN,0.645500,9.321889,0,LB,0.0,0.0,0.0,0.0,2,2000,0,1,230,0,1,0

APPTR,I16-V,16,RATOS
IF,RATOS,0.601506,9.232136, ,0.0,0.0,2,2000,0,1,230,0,1,0
TF,BIGUN,0.645500,9.321889,0,LB,0.0,0.0,0.0,0.0,2,2000,0,1,230,0,1,0

FINAL,I16-V,16,I,3
IF,BIGUN,0.645500,9.321889,LB,335.1,13.4,2,2000,0,1,230,0,1,0
CF,OL501,0.561778,9.362361,0,LB,335.1,7.8,155.0,5.6,1,2000,0,0,0,0,2,0
CF,RW16,0.470814,9.406350,0,LB,335.1,1.8,155.0,6.0,1,78,0,0,0,0,3,1
CA,0,155.0,2,600,0,0,0,0,0,0
DF,RATOS,0.601506,9.232136,2, ,0.0,0.0,2,2000,0,1,210,0,0,0

APPTR,I16-X,16,LV1
IF,LV,0.479847,9.401983, ,0.0,0.0,2,5000,0,0,0,0,0,0
FC,LV,0.479847,9.401983,0,LV,0.0,0.0,352.0,10.5,2,2000,0,0,0,0,0,1
CF,CI16,0.591756,9.347911,1,LB,335.1,9.8,155.0,3.0,2,2000,0,0,0,0,0,0

APPTR,I16-X,16,LV2
IF,LV,0.479847,9.401983, ,0.0,0.0,2,5000,0,0,0,0,0,0
FC,LV,0.479847,9.401983,0,LV,0.0,0.0,344.0,9.3,2,2000,0,0,0,0,0,1
CF,CI16,0.591756,9.347911,1,LB,335.1,9.8,155.0,2.0,2,2000,0,0,0,0,0,0

FINAL,I16-X,16,I,3
IF,CI16,0.591756,9.347911,LB,335.1,9.8,2,2000,0,0,0,0,0,0
CF,FI16,0.561631,9.362467,0,LB,335.1,7.8,155.0,2.0,1,2000,0,0,0,0,2,0
CF,RW16,0.470814,9.406350,0,LB,335.1,1.8,155.0,6.0,1,78,0,0,0,0,3,0
CA,0,155.0,2,600,0,0,0,0,0,0
DF,LV,0.479847,9.401983,2, ,0.0,0.0,1,5000,0,1,210,0,0,0

FINAL,I16-Y,16,I,3
IF,CI16,0.591756,9.347911,LB,335.1,9.8,2,2000,0,0,0,0,0,0
CF,FI16,0.561631,9.362467,0,LB,335.1,7.8,155.0,2.0,1,2000,0,0,0,0,2,0
CF,RW16,0.470814,9.406350,0,LB,335.1,1.8,155.0,6.0,1,78,0,0,0,0,3,0
CA,0,155.0,2,600,0,0,0,0,0,0
CI,2, ,0.0,338.0,0,0,0,0,0,0,0,0
CF,LN,0.535750,9.374861,0,LV,335.0,3.7,25.0,6.0,1,2400,0,1,210,0,0,0

APPTR,I16-Z,16,ARDAN
IF,ARDAN,0.590722,9.548139, ,0.0,0.0,2,2000,0,0,0,0,1,0
AF,D347K,0.658614,9.357706,1,LV,347.0,11.0,54.0,2,2000,0,0,0,0,0,0
VI,0,LB,0.0,185.0,0,0,0,0,0,0,0,0

APPTR,I16-Z,16,DEGIL
IF,DEGIL,0.473083,9.219083, ,0.0,0.0,2,2000,0,0,0,0,1,0
AF,D324K,0.626986,9.291839,2,LV,324.0,11.0,269.0,2,2000,0,0,0,0,0,0
VI,0,LB,0.0,125.0,0,0,0,0,0,0,0,0

FINAL,I16-Z,16,I,3
IF,BIGUN,0.645500,9.321889,LB,335.1,13.4,2,2000,0,0,0,0,1,0
CF,FI16,0.561631,9.362467,0,LB,335.1,7.8,155.0,5.6,1,2000,0,0,0,0,2,0
CF,RW16,0.470814,9.406350,0,LB,335.1,1.8,155.0,6.0,1,78,0,0,0,0,3,0
CA,0,155.0,2,600,0,0,0,0,0,0
CI,2, ,0.0,314.0,0,0,0,0,0,0,0,0
CF,DEGIL,0.473083,9.219083,0,LV,268.9,11.0,269.0,6.0,1,2000,0,1,210,0,0,0

APPTR,N16,16,LN1
IF,LN,0.535750,9.374861, ,0.0,0.0,2,2400,0,0,0,0,1,0
HF,LN,0.535750,9.374861,1, ,0.0,0.0,155.0,04.3,2,1500,0,0,0,0,0,0,0

APPTR,N16,16,LN2
IF,LN,0.535750,9.374861, ,0.0,0.0,2,2400,0,0,0,0,1,0
HF,LN,0.535750,9.374861,1, ,0.0,0.0,155.0,04.3,2,1500,0,0,0,0,0,0,0

FINAL,N16,16,N,2
IF,LN,0.535750,9.374861,LN,0.0,0.0,2,1500,0,0,0,0,2,0
CF,RW16,0.470814,9.406350,0,LN,0.0,0.0,155.0,4.3,1,78,0,0,0,0,3,0
CA,0,155.0,2,630,0,0,0,0,0,0
CI,2, ,0.0,338.0,0,0,0,0,0,0,0,0
CF,LN,0.535750,9.374861,0,LV,335.0,3.7,25.0,6.0,1,2400,0,1,185,0,0,0

APPTR,R16,16,LILAT
IF,LILAT,0.689506,9.411636, ,0.0,0.0,2,2000,0,1,230,0,1,0
TF,BIGUN,0.645500,9.321889,0, ,0.0,0.0,0.0,0.0,2,2000,0,1,230,0,1,0

APPTR,R16,16,RATOS
IF,RATOS,0.601506,9.232136, ,0.0,0.0,2,2000,0,1,230,0,1,0
TF,BIGUN,0.645500,9.321889,0, ,0.0,0.0,0.0,0.0,2,2000,0,1,230,0,1,0

FINAL,R16,16,R,3
IF,BIGUN,0.645500,9.321889, ,0.0,0.0,2,2000,0,1,230,0,1,0
TF,OL501,0.561778,9.362361,0, ,0.0,0.0,155.0,5.6,1,2000,0,0,0,0,2,0
TF,RW16,0.470814,9.406350,0, ,0.0,0.0,155.0,6.0,1,78,0,0,0,0,3,1
CA,0,155.0,2,600,0,0,0,0,0,0
DF,RATOS,0.601506,9.232136,2, ,0.0,0.0,2,2000,0,0,0,0,0,0

FINAL,S16-X,16,D,2
IF,FS16X,0.561681,9.362333,LV,335.0,5.4,2,2000,0,0,0,0,2,0
CF,LV,0.479847,9.401983,0,LV,0.0,0.0,155.0,5.4,1,269,0,0,0,0,3,0
CA,0,155.0,2,600,0,0,0,0,0,0
DF,LV,0.479847,9.401983,2, ,0.0,0.0,1,5000,0,0,0,0,0,0

