APPTR,D15-Z,15,DIPNI
IF,DIPNI,-1.668261,13.228067, ,0.0,0.0,2,4000,0,1,230,0,1,0
AF,MELIB,-1.510231,13.280625,2,FRV,312.0,13.0,267.0,2,4000,0,1,230,0,1,0

APPTR,D15-Z,15,MELIB
HF,MELIB,-1.510231,13.280625,1, ,0.0,0.0,132.0,05,2,4000,0,1,230,0,1,0,0

APPTR,D15-Z,15,OVREL
IF,OVREL,-1.443783,13.503542, ,0.0,0.0,2,4000,0,1,230,0,0,0
AF,MELIB,-1.510231,13.280625,1,FRV,312.0,13.0,17.0,2,4000,0,1,230,0,1,0

FINAL,D15-Z,15,D,3
IF,MELIB,-1.510231,13.280625,FRV,312.0,13.0,2,4000,0,1,230,0,0,0
CF,FD15Z,-1.572864,13.352222,0,FRV,312.0,7.3,132.0,5.7,2,3500,0,0,0,0,2,0
CF,MD15Z,-1.633303,13.421306,0,FRV,312.0,1.8,132.0,5.5,1,1755,0,0,0,0,3,0
CA,0,132.0,2,3100,0,0,0,0,0,0
CI,1, ,0.0,297.0,0,0,0,0,0,0,0,0
CF,D327R,-1.403136,13.276408,0,FRV,327.0,18.0,327.0,12.0,1,4000,0,0,0,0,0,1
CF,MELIB,-1.510231,13.280625,1,FRV,312.0,13.0,132.0,5.0,0,0,0,0,0,0,0,0

APPTR,D33-Z,33,LISAX
HF,LISAX,-1.854964,13.524969,2, ,0.0,0.0,339.0,05,2,4000,0,1,230,0,1,0,0

APPTR,D33-Z,33,ONLIX
IF,ONLIX,-1.835689,13.326056, ,0.0,0.0,2,4000,0,1,230,0,1,0
AF,LISAX,-1.854964,13.524969,1,FRV,159.0,13.0,214.0,2,4000,0,1,230,0,1,0

APPTR,D33-Z,33,TEBIM
IF,TEBIM,-1.702053,13.654736, ,0.0,0.0,2,4000,0,1,230,0,1,0
AF,LISAX,-1.854964,13.524969,2,FRV,159.0,13.0,104.0,2,4000,0,1,230,0,1,0

FINAL,D33-Z,33,D,4
IF,LISAX,-1.854964,13.524969,FRV,159.0,13.0,2,4000,0,1,230,0,0,0
CF,FD33Z,-1.766444,13.489433,0,FRV,159.0,7.3,339.0,5.7,2,3500,0,0,0,0,2,0
CF,36VOR,-1.708989,13.466361,0,FRV,159.0,3.6,339.0,3.7,2,2340,0,0,0,0,0,0
CF,MD33Z,-1.677928,13.453892,0,FRV,159.0,1.6,339.0,2.0,1,1703,0,0,0,0,3,0
CA,0,339.0,2,3100,0,0,0,0,0,0
CI,2, ,0.0,174.0,0,0,0,0,0,0,0,0
CF,D144R,-1.893847,13.624236,0,FRV,144.0,18.0,144.0,12.0,1,4000,0,0,0,0,0,1
CF,LISAX,-1.854964,13.524969,2,FRV,159.0,13.0,339.0,5.0,0,0,0,0,0,0,0,0

APPTR,I15-Y,15,DEKER
HF,DEKER,-1.483258,13.311097,1, ,0.0,0.0,145.0,04.3,2,4000,0,1,230,0,1,0,0

APPTR,I15-Y,15,LUMPA
IF,LUMPA,-1.542625,13.230528, ,0.0,0.0,2,4000,0,1,230,0,1,0
TF,DEKER,-1.483258,13.311097,0,FRA,0.0,0.0,0.0,0.0,2,4000,0,1,230,0,1,0

APPTR,I15-Y,15,NELGA
IF,NELGA,-1.423242,13.391186, ,0.0,0.0,2,4000,0,1,230,0,1,0
TF,DEKER,-1.483258,13.311097,0,FRA,0.0,0.0,0.0,0.0,2,4000,0,1,230,0,1,0

FINAL,I15-Y,15,I,3
IF,DEKER,-1.483258,13.311097,FRA,324.6,13.8,2,4000,0,1,230,0,0,0
CF,ON501,-1.559736,13.367208,0,FRA,324.6,8.1,145.0,5.7,1,3500,0,0,0,0,2,0
CF,RW15,-1.644942,13.429728,0,FRA,324.6,1.8,145.0,6.3,1,1486,0,0,0,0,3,0
CF,ON502,-1.712308,13.479164,0,FRV,150.1,4.1,145.0,5.0,0,0,0,1,230,0,0,1
DF,NELGA,-1.423242,13.391186,1, ,0.0,0.0,2,4000,0,1,230,0,0,0

APPTR,I15-Z,15,DEKER
HF,DEKER,-1.483258,13.311097,1, ,0.0,0.0,145.0,05,2,4000,0,1,230,0,1,0,0

APPTR,I15-Z,15,DIPNI
IF,DIPNI,-1.668261,13.228067, ,0.0,0.0,2,4000,0,1,230,0,1,0
AF,D313M,-1.507381,13.283133,2,FRV,313.0,13.0,267.0,2,4000,0,0,0,0,0,0
VI,0,FRA,0.0,115.0,0,0,0,0,0,0,0,0

APPTR,I15-Z,15,OVREL
IF,OVREL,-1.443783,13.503542, ,0.0,0.0,2,4000,0,1,230,0,1,0
AF,D333M,-1.460831,13.342344,1,FRV,333.0,13.0,17.0,2,4000,0,0,0,0,0,0
VI,0,FRA,0.0,175.0,0,0,0,0,0,0,0,0

FINAL,I15-Z,15,I,3
IF,DEKER,-1.483258,13.311097,FRA,324.6,13.8,2,4000,0,1,230,0,0,0
CF,FI15Z,-1.559497,13.367031,0,FRA,324.6,8.1,145.0,5.7,1,3500,0,0,0,0,2,0
CF,RW15,-1.644942,13.429728,0,FRA,324.6,1.8,145.0,6.3,1,1486,0,0,0,0,3,0
FA,RW15,-1.644942,13.429728,0,FRV,0.0,0.0,145.0,2,3100,0,0,0,0,0,0
CI,1, ,0.0,308.0,0,0,0,0,0,0,0,0
CF,D338R,-1.375564,13.326872,0,FRV,338.0,18.0,338.0,14.0,1,4000,0,0,0,0,0,1
CF,DEKER,-1.483258,13.311097,1,FRV,322.8,12.9,145.0,5.0,0,0,0,0,0,0,0,0

APPTR,R15,15,DEKER
HF,DEKER,-1.483258,13.311097,1, ,0.0,0.0,145.0,04.3,2,4000,0,1,230,0,1,0,0

APPTR,R15,15,LUMPA
IF,LUMPA,-1.542625,13.230528, ,0.0,0.0,2,4000,0,1,230,0,1,0
TF,DEKER,-1.483258,13.311097,0, ,0.0,0.0,0.0,0.0,2,4000,0,1,230,0,1,0

APPTR,R15,15,NELGA
IF,NELGA,-1.423242,13.391186, ,0.0,0.0,2,4000,0,1,230,0,1,0
TF,DEKER,-1.483258,13.311097,0, ,0.0,0.0,0.0,0.0,2,4000,0,1,230,0,1,0

FINAL,R15,15,R,3
IF,DEKER,-1.483258,13.311097, ,0.0,0.0,2,4000,0,1,230,0,0,0
TF,ON501,-1.559736,13.367208,0, ,0.0,0.0,145.0,5.7,1,3500,0,0,0,0,2,0
TF,RW15,-1.644942,13.429728,0, ,0.0,0.0,145.0,6.3,1,1486,0,0,0,0,3,1
CF,ON502,-1.712308,13.479164,0,FRV,150.1,4.1,145.0,5.0,0,0,0,1,230,0,0,1
DF,NELGA,-1.423242,13.391186,1, ,0.0,0.0,2,4000,0,1,230,0,0,0

APPTR,R33,33,NUTEK
IF,NUTEK,-1.769439,13.645247, ,0.0,0.0,2,3500,0,1,230,0,1,0
TF,PIPMO,-1.829025,13.564825,0, ,0.0,0.0,0.0,0.0,2,3500,0,1,230,0,1,0

APPTR,R33,33,PIPMO
HF,PIPMO,-1.829025,13.564825,2, ,0.0,0.0,325.0,04.3,2,3500,0,1,230,0,1,0,0

APPTR,R33,33,RASEB
IF,RASEB,-1.888842,13.484572, ,0.0,0.0,2,3500,0,1,230,0,1,0
TF,PIPMO,-1.829025,13.564825,0, ,0.0,0.0,0.0,0.0,2,3500,0,1,230,0,1,0

FINAL,R33,33,R,3
IF,PIPMO,-1.829025,13.564825, ,0.0,0.0,2,3500,0,1,230,0,0,0
TF,ON503,-1.753694,13.509536,0, ,0.0,0.0,325.0,5.6,1,3500,0,0,0,0,2,0
TF,RW33,-1.667347,13.446169,0, ,0.0,0.0,325.0,6.4,1,1459,0,0,0,0,3,1
CF,ON504,-1.599981,13.396736,0,FRV,319.2,4.3,325.0,5.0,0,0,0,1,230,0,0,1
DF,NUTEK,-1.769439,13.645247,2, ,0.0,0.0,2,3500,0,1,230,0,0,0

APPTR,S15-Y,15,FRV1
IF,FRV,-1.653083,13.443917, ,0.0,0.0,2,4000,0,0,0,0,1,0
FC,FRV,-1.653083,13.443917,0,FRV,0.0,0.0,338.0,7.0,2,3500,0,0,0,0,0,1
CF,FS15Y,-1.576161,13.355989,1,FRV,312.0,7.0,132.0,1.0,2,3500,0,0,0,0,0,0

APPTR,S15-Y,15,FRV2
IF,FRV,-1.653083,13.443917, ,0.0,0.0,2,4000,0,0,0,0,1,0
FC,FRV,-1.653083,13.443917,0,FRV,0.0,0.0,324.0,7.0,2,3500,0,0,0,0,0,1
CF,FS15Y,-1.576161,13.355989,1,FRV,312.0,7.0,132.0,1.0,2,3500,0,0,0,0,0,0

FINAL,S15-Y,15,D,3
IF,FS15Y,-1.576161,13.355989,FRV,312.0,7.0,2,3500,0,0,0,0,2,0
CF,ES15Y,-1.642508,13.431828,0,FRV,312.0,1.0,132.0,6.0,1,1486,0,0,0,0,0,1
CF,FRV,-1.653083,13.443917,0,FRV,0.0,0.0,132.0,1.0,2,1850,0,0,0,0,3,1
FA,FRV,-1.653083,13.443917,0,FRV,0.0,0.0,132.0,2,3100,0,0,0,0,0,0
DF,FRV,-1.653083,13.443917,1, ,0.0,0.0,1,4000,0,1,230,0,0,0

APPTR,S33-Y,33,FRV1
IF,FRV,-1.653083,13.443917, ,0.0,0.0,2,4000,0,0,0,0,1,0
FC,FRV,-1.653083,13.443917,0,FRV,0.0,0.0,133.0,7.0,2,3500,0,0,0,0,0,1
CF,FS33Y,-1.761786,13.487561,2,FRV,159.0,7.0,339.0,1.0,2,3500,0,0,0,0,0,0

APPTR,S33-Y,33,FRV2
IF,FRV,-1.653083,13.443917, ,0.0,0.0,2,4000,0,0,0,0,1,0
FC,FRV,-1.653083,13.443917,0,FRV,0.0,0.0,147.0,7.0,2,3500,0,0,0,0,0,1
CF,FS33Y,-1.761786,13.487561,2,FRV,159.0,7.0,339.0,1.0,2,3500,0,0,0,0,0,0

FINAL,S33-Y,33,D,3
IF,FS33Y,-1.761786,13.487561,FRV,159.0,7.0,2,3500,0,0,0,0,2,0
CF,ES33Y,-1.666131,13.449156,0,FRV,159.0,0.8,339.0,6.2,1,1459,0,0,0,0,0,1
CF,FRV,-1.653083,13.443917,0,FRV,0.0,0.0,339.0,0.8,2,1850,0,0,0,0,3,1
FA,FRV,-1.653083,13.443917,0,FRV,0.0,0.0,339.0,2,3100,0,0,0,0,0,0
DF,FRV,-1.653083,13.443917,2, ,0.0,0.0,1,4000,0,1,230,0,0,0

