SID,AGRU1C,11,5
CF,ST420,0.356500,6.802139,0,STM,106.4,5.3,105.0,5.0,0,0,0,1,265,0,0,0
TF,AGRUB,0.430278,8.083333,0, ,0.0,0.0,0.0,0.0,0,0,0,0,0,0,0,0

SID,AGRU1D,29,5
CF,ST410,0.399861,6.622000,0,STM,284.6,5.9,285.0,5.0,0,0,0,1,265,0,0,0
TF,ST411,0.595333,6.668417,0, ,0.0,0.0,0.0,0.0,2,8000,0,0,0,0,0,0
TF,ST412,0.535444,6.917194,0, ,0.0,0.0,0.0,0.0,3,9000,0,0,0,0,0,0
TF,ST413,0.484806,7.127556,0, ,0.0,0.0,0.0,0.0,0,0,0,0,0,0,0,0
TF,AGRUB,0.430278,8.083333,0, ,0.0,0.0,0.0,0.0,0,0,0,0,0,0,0,0

SID,MOPI1C,11,5
CF,ST420,0.356500,6.802139,0,STM,106.4,5.3,105.0,5.0,0,0,0,1,265,0,0,0
TF,ST421,0.551972,6.848556,0, ,0.0,0.0,0.0,0.0,0,0,0,0,0,0,0,0
TF,MOPIX,1.018972,6.906250,0, ,0.0,0.0,0.0,0.0,0,0,0,0,0,0,0,0

SID,MOPI1C,PR,6
IF,MOPIX,1.018972,6.906250, ,0.0,0.0,0,0,0,0,0,0,0,0
TF,PR,1.665997,7.412358,0, ,0.0,0.0,0.0,0.0,0,0,0,0,0,0,0,0

SID,MOPI1C,RITIL,6
IF,MOPIX,1.018972,6.906250, ,0.0,0.0,0,0,0,0,0,0,0,0
TF,RITIL,2.234167,7.765278,0, ,0.0,0.0,0.0,0.0,0,0,0,0,0,0,0,0

SID,MOPI1D,29,5
CF,ST410,0.399861,6.622000,0,STM,284.6,5.9,285.0,5.0,0,0,0,1,265,0,0,0
TF,ST411,0.595333,6.668417,0, ,0.0,0.0,0.0,0.0,2,8000,0,0,0,0,0,0
TF,MOPIX,1.018972,6.906250,0, ,0.0,0.0,0.0,0.0,0,0,0,0,0,0,0,0

SID,MOPI1D,PR,6
IF,MOPIX,1.018972,6.906250, ,0.0,0.0,0,0,0,0,0,0,0,0
TF,PR,1.665997,7.412358,0, ,0.0,0.0,0.0,0.0,0,0,0,0,0,0,0,0

SID,MOPI1D,RITIL,6
IF,MOPIX,1.018972,6.906250, ,0.0,0.0,0,0,0,0,0,0,0,0
TF,RITIL,2.234167,7.765278,0, ,0.0,0.0,0.0,0.0,0,0,0,0,0,0,0,0

SID,ONLE1C,11,5
CF,ST420,0.356500,6.802139,0,STM,106.4,5.3,105.0,5.0,0,0,0,1,265,0,0,0
TF,ONLEN,-1.720000,8.196667,0, ,0.0,0.0,0.0,0.0,0,0,0,0,0,0,0,0

SID,ONLE1D,29,5
CF,ST410,0.399861,6.622000,0,STM,284.6,5.9,285.0,5.0,0,0,0,0,0,0,0,0
TF,ST411,0.595333,6.668417,0, ,0.0,0.0,0.0,0.0,2,8000,0,0,0,0,0,0
TF,ST412,0.535444,6.917194,0, ,0.0,0.0,0.0,0.0,3,9000,0,0,0,0,0,0
TF,ST413,0.484806,7.127556,0, ,0.0,0.0,0.0,0.0,0,0,0,0,0,0,0,0
TF,ST414,0.351750,7.143139,0, ,0.0,0.0,0.0,0.0,3,10000,0,0,0,0,0,0
TF,ST415,0.090889,7.173694,0, ,0.0,0.0,0.0,0.0,0,0,0,0,0,0,0,0
TF,ONLEN,-1.720000,8.196667,0, ,0.0,0.0,0.0,0.0,0,0,0,0,0,0,0,0

SID,POME1C,11,5
CF,ST420,0.356500,6.802139,0,STM,106.4,5.3,105.0,5.0,0,0,0,1,265,0,0,0
TF,ST421,0.551972,6.848556,0, ,0.0,0.0,0.0,0.0,0,0,0,0,0,0,0,0
TF,POMEX,0.830111,6.220778,0, ,0.0,0.0,0.0,0.0,0,0,0,0,0,0,0,0

SID,POME1C,GAPAK,6
IF,POMEX,0.830111,6.220778, ,0.0,0.0,0,0,0,0,0,0,0,0
TF,GAPAK,0.940556,5.508889,0, ,0.0,0.0,0.0,0.0,0,0,0,0,0,0,0,0

SID,POME1C,INOSA,6
IF,POMEX,0.830111,6.220778, ,0.0,0.0,0,0,0,0,0,0,0,0
TF,INOSA,1.719100,6.005028,0, ,0.0,0.0,0.0,0.0,0,0,0,0,0,0,0,0

SID,POME1D,29,5
CF,ST410,0.399861,6.622000,0,STM,284.6,5.9,285.0,5.0,0,0,0,1,265,0,0,0
TF,ST411,0.595333,6.668417,0, ,0.0,0.0,0.0,0.0,2,8000,0,0,0,0,0,0
TF,POMEX,0.830111,6.220778,0, ,0.0,0.0,0.0,0.0,0,0,0,0,0,0,0,0

SID,POME1D,GAPAK,6
IF,POMEX,0.830111,6.220778, ,0.0,0.0,0,0,0,0,0,0,0,0
TF,GAPAK,0.940556,5.508889,0, ,0.0,0.0,0.0,0.0,0,0,0,0,0,0,0,0

SID,POME1D,INOSA,6
IF,POMEX,0.830111,6.220778, ,0.0,0.0,0,0,0,0,0,0,0,0
TF,INOSA,1.719100,6.005028,0, ,0.0,0.0,0.0,0.0,0,0,0,0,0,0,0,0

STAR,GALS1A,PR,4
IF,PR,1.665997,7.412358, ,0.0,0.0,0,0,0,0,0,0,0,0
TF,GALSA,0.950444,7.058083,0, ,0.0,0.0,0.0,0.0,0,0,0,0,0,0,0,0

STAR,GALS1A,RITIL,4
IF,RITIL,2.234167,7.765278, ,0.0,0.0,0,0,0,0,0,0,0,0
TF,GALSA,0.950444,7.058083,0, ,0.0,0.0,0.0,0.0,0,0,0,0,0,0,0,0

STAR,GALS1A,29,5
IF,GALSA,0.950444,7.058083, ,0.0,0.0,0,0,0,0,0,0,0,0
TF,ST611,0.590972,6.972694,0, ,0.0,0.0,0.0,0.0,3,8000,0,0,0,0,0,0
TF,PODSU,0.428083,6.934028,0, ,0.0,0.0,0.0,0.0,2,2500,0,1,230,0,0,0

STAR,KIMK1A,GAPAK,4
IF,GAPAK,0.940556,5.508889, ,0.0,0.0,0,0,0,0,0,0,0,0
TF,KIMKI,0.693306,6.124778,0, ,0.0,0.0,0.0,0.0,0,0,0,0,0,0,0,0

STAR,KIMK1A,INOSA,4
IF,INOSA,1.719100,6.005028, ,0.0,0.0,0,0,0,0,0,0,0,0
TF,KIMKI,0.693306,6.124778,0, ,0.0,0.0,0.0,0.0,0,0,0,0,0,0,0,0

STAR,KIMK1A,29,5
IF,KIMKI,0.693306,6.124778, ,0.0,0.0,0,0,0,0,0,0,0,0
TF,ST610,0.486306,6.692083,0, ,0.0,0.0,0.0,0.0,2,9000,0,0,0,0,0,0
TF,PODSU,0.428083,6.934028,0, ,0.0,0.0,0.0,0.0,2,2500,0,1,230,0,0,0

STAR,MOSI1A,AGRUB,4
IF,AGRUB,0.430278,8.083333, ,0.0,0.0,0,0,0,0,0,0,0,0
TF,MOSIM,0.222389,7.359306,0, ,0.0,0.0,0.0,0.0,0,0,0,0,0,0,0,0

STAR,MOSI1A,ONLEN,4
IF,ONLEN,-1.720000,8.196667, ,0.0,0.0,0,0,0,0,0,0,0,0
TF,MOSIM,0.222389,7.359306,0, ,0.0,0.0,0.0,0.0,0,0,0,0,0,0,0,0

STAR,MOSI1A,29,5
IF,MOSIM,0.222389,7.359306, ,0.0,0.0,0,0,0,0,0,0,0,0
TF,ST612,0.261333,7.197500,0, ,0.0,0.0,0.0,0.0,3,9000,0,0,0,0,0,0
TF,TUPEB,0.306972,7.007889,0, ,0.0,0.0,0.0,0.0,2,2500,0,1,230,0,0,0

APPTR,D29,29,TELKO
IF,TELKO,0.484953,6.886369, ,0.0,0.0,2,2500,0,0,0,0,1,0
AF,LISUP,0.330333,6.910806,2,STM,105.9,12.0,60.0,2,2500,0,0,0,0,1,0

FINAL,D29,29,D,3
IF,LISUP,0.330333,6.910806,STM,105.9,12.0,2,2500,0,0,0,0,1,0
CF,FD29,0.352514,6.820372,0,STM,106.0,6.4,286.0,5.6,2,2000,0,0,0,0,2,0
CF,MD29,0.376419,6.725128,0,STM,106.0,0.5,286.0,5.9,1,136,0,0,0,0,3,0
CA,0,286.0,2,440,0,0,0,0,0,0
CI,2, ,0.0,105.0,0,0,0,0,0,0,0,0
CF,TELKO,0.484953,6.886369,0,STM,60.0,12.0,60.0,8.0,2,2500,0,0,0,0,0,0

APPTR,R29,29,EVDEK
IF,EVDEK,0.232611,6.887611, ,0.0,0.0,2,3800,0,1,230,0,1,0
TF,LISUP,0.330333,6.910806,0, ,0.0,0.0,0.0,0.0,2,2500,0,0,0,0,1,0

APPTR,R29,29,PODSU
IF,PODSU,0.428083,6.934028, ,0.0,0.0,2,2500,0,1,230,0,1,0
TF,LISUP,0.330333,6.910806,0, ,0.0,0.0,0.0,0.0,2,2500,0,0,0,0,1,0

APPTR,R29,29,TUPEB
IF,TUPEB,0.306972,7.007889, ,0.0,0.0,2,2500,0,1,230,0,1,0
TF,LISUP,0.330333,6.910806,0, ,0.0,0.0,0.0,0.0,2,2500,0,0,0,0,1,0

FINAL,R29,29,R,3
IF,LISUP,0.330333,6.910806, ,0.0,0.0,2,2500,0,0,0,0,0,0
TF,ST510,0.352306,6.819556,0, ,0.0,0.0,285.0,5.6,1,2000,0,0,0,0,2,0
TF,RW29,0.375958,6.721239,0, ,0.0,0.0,285.0,6.1,1,65,0,0,0,0,3,1
DF,PODSU,0.428083,6.934028,2, ,0.0,0.0,2,2500,0,1,230,0,0,0

