APPTR,R02,02,UTSUS
IF,UTSUS,-25.069042,33.658158, ,0.0,0.0,2,2000,0,1,220,0,1,0
TF,FN601,-25.070350,33.750008,0, ,0.0,0.0,0.0,0.0,2,2000,0,0,0,0,1,0

APPTR,R02,02,UVDOP
IF,UVDOP,-25.071661,33.841864, ,0.0,0.0,2,2000,0,1,220,0,1,0
TF,FN601,-25.070350,33.750008,0, ,0.0,0.0,0.0,0.0,2,2000,0,0,0,0,1,0

APPTR,R02,02,XADIK
IF,XADIK,-25.153661,33.748567, ,0.0,0.0,2,2000,0,1,220,0,1,0
TF,FN601,-25.070350,33.750008,0, ,0.0,0.0,0.0,0.0,2,2000,0,0,0,0,1,0

FINAL,R02,02,R,3
IF,FN601,-25.070350,33.750008, ,0.0,0.0,2,2000,0,0,0,0,0,0
TF,FN602,-24.987044,33.751456,0, ,0.0,0.0,20.0,5.0,2,2000,0,0,0,0,2,0
TF,RW02,-24.900994,33.752942,0, ,0.0,0.0,20.0,5.2,1,356,0,0,0,0,3,1
CA,0,20.0,2,1000,0,1,220,0,0,0
DF,UVDOP,-25.071661,33.841864,2, ,0.0,0.0,0,0,0,1,220,0,0,0
HM,UVDOP,-25.071661,33.841864,1, ,0.0,0.0,290.0,04.3,2,2000,0,1,220,0,0,0,0

APPTR,R20,20,ETNAR
IF,ETNAR,-24.716775,33.664244, ,0.0,0.0,2,2000,0,1,220,0,1,0
TF,FN701,-24.718094,33.756119,0, ,0.0,0.0,0.0,0.0,2,2000,0,0,0,0,1,0

APPTR,R20,20,OKRAL
IF,OKRAL,-24.634775,33.757567, ,0.0,0.0,2,2000,0,1,220,0,1,0
TF,FN701,-24.718094,33.756119,0, ,0.0,0.0,0.0,0.0,2,2000,0,0,0,0,1,0

APPTR,R20,20,UVMER
IF,UVMER,-24.719403,33.847964, ,0.0,0.0,2,2000,0,1,220,0,1,0
TF,FN701,-24.718094,33.756119,0, ,0.0,0.0,0.0,0.0,2,2000,0,0,0,0,1,0

FINAL,R20,20,R,3
IF,FN701,-24.718094,33.756119, ,0.0,0.0,2,2000,0,0,0,0,0,0
TF,FN702,-24.798272,33.754728,0, ,0.0,0.0,200.0,4.8,2,2000,0,0,0,0,2,0
TF,RW20,-24.884747,33.753233,0, ,0.0,0.0,200.0,5.2,1,348,0,0,0,0,3,1
CA,0,200.0,2,1000,0,1,220,0,0,0
DF,ETNAR,-24.716775,33.664244,2, ,0.0,0.0,0,0,0,1,220,0,0,0
HM,ETNAR,-24.716775,33.664244,1, ,0.0,0.0,110.0,04.3,2,2000,0,1,220,0,0,0,0

