APPTR,N04,04,MN
IF,MN,8.617769,16.072514, ,0.0,0.0,2,3900,0,0,0,0,0,0
FC,MN,8.617769,16.072514,0,TD,0.0,0.0,243.0,5.0,2,2900,0,0,0,0,0,1
CF,FN04,8.566119,16.008442,1,TD,222.1,6.7,49.0,1.0,2,2900,0,0,0,0,0,0

FINAL,N04,04,N,3
IF,FN04,8.566119,16.008442,MN,0.0,0.0,2,2900,0,0,0,0,2,0
CF,EN04,8.614972,16.069042,0,MN,0.0,0.0,49.0,4.6,1,1424,0,0,0,0,0,1
CF,MN,8.617769,16.072514,0,MN,0.0,0.0,49.0,0.3,2,1820,0,0,0,0,3,1
CA,0,49.0,2,2900,0,0,0,0,0,0
DF,MN,8.617769,16.072514,2, ,0.0,0.0,0,0,0,0,0,0,0,0

APPTR,N22,22,MN
IF,MN,8.617769,16.072514, ,0.0,0.0,2,3900,0,0,0,0,0,0
FC,MN,8.617769,16.072514,0,TD,0.0,0.0,37.0,7.0,2,2900,0,0,0,0,0,1
CF,FN22,8.706689,16.118050,1,TD,25.2,4.0,205.0,2.0,2,2900,0,0,0,0,0,0

FINAL,N22,22,N,2
IF,FN22,8.706689,16.118050,MN,0.0,0.0,2,2900,0,0,0,0,2,0
CF,RW22,8.640064,16.082339,0,MN,0.0,0.0,205.0,4.5,1,1464,0,0,0,0,3,0
CF,MN,8.617769,16.072514,0,TD,204.6,2.0,205.0,1.5,0,0,0,0,0,0,0,1
CA,0,205.0,2,2900,0,0,0,0,0,0
DF,MN,8.617769,16.072514,1, ,0.0,0.0,0,0,0,0,0,0,0,0

