APPTR,D12,12,VFA
PI,VFA,-18.090036,25.814333,2,VFA,255.0,8.3,300,5.0,2,5000,0,1,220,0,1,0

FINAL,D12,12,D,3
IF,FA008,-18.044239,25.695939,VFA,300.0,7.3,2,5000,0,1,220,0,0,0
CF,FA007,-18.063069,25.744586,0,VFA,300.0,4.3,120.0,3.0,2,5000,0,0,0,0,2,0
CF,MA12,-18.090808,25.818058,0,VFA,110.2,0.2,120.0,4.6,1,3550,0,0,0,0,3,0
FD,MA12,-18.090808,25.818058,0,VFA,110.2,5.0,120.0,5.0,2,5000,0,0,0,0,0,0
DF,VFA,-18.090036,25.814333,2, ,0.0,0.0,1,5000,0,1,220,0,0,0
HM,VFA,-18.090036,25.814333,2, ,0.0,0.0,120.0,04.3,2,5000,0,1,220,0,0,0,0

FINAL,D30,30,D,3
IF,FA005,-18.144442,25.979814,VFA,117.0,10.0,2,5000,0,1,220,0,0,0
CF,FA004,-18.128133,25.930158,0,VFA,117.0,7.0,297.0,3.0,2,5000,0,0,0,0,2,0
CF,MA30,-18.103194,25.853556,0,VFA,117.3,2.4,297.0,4.6,1,3522,0,0,0,0,3,0
FD,MA30,-18.103194,25.853556,0,VFA,117.3,6.0,297.0,6.0,2,5000,0,0,0,0,0,0
DF,VFA,-18.090036,25.814333,1, ,0.0,0.0,1,5000,0,1,220,0,0,0
HM,VFA,-18.090036,25.814333,1, ,0.0,0.0,297.0,04.3,2,5000,0,1,220,0,0,0,0

APPTR,I12,12,VFA
PI,VFA,-18.090036,25.814333,2,VFA,253.0,8.3,298,5.0,2,5000,0,1,220,0,1,0

FINAL,I12,12,I,3
IF,FA003,-18.047453,25.693978,IFA,298.0,9.9,2,5000,0,0,0,0,0,0
CF,FA002,-18.064692,25.743267,0,IFA,298.0,6.9,118.0,3.0,1,5000,0,1,220,0,2,0
CF,RW12,-18.090808,25.818058,0,IFA,298.0,2.3,118.0,4.6,1,3550,0,1,220,0,3,0
FD,RW12,-18.090808,25.818058,0,VFA,110.2,5.0,118.0,5.0,2,5000,0,0,0,0,0,0
DF,VFA,-18.090036,25.814333,2, ,0.0,0.0,2,5000,0,1,220,0,0,0
HM,VFA,-18.090036,25.814333,2, ,0.0,0.0,118.0,04.3,2,5000,0,1,220,0,0,0,0

