APPTR,D14-Z,14,ILBAN
IF,ILBAN,13.327506,-16.860361, ,0.0,0.0,2,1900,0,0,0,0,1,0
AF,TAPUB,13.477600,-16.803161,2,BJ,320.0,12.0,273.0,2,1900,0,0,0,0,1,0

APPTR,D14-Z,14,UDAGO
IF,UDAGO,13.538947,-16.651928, ,0.0,0.0,2,1900,0,0,0,0,1,0
AF,TAPUB,13.477600,-16.803161,1,BJ,320.0,12.0,7.0,2,1900,0,0,0,0,1,0

FINAL,D14-Z,14,D,3
IF,TAPUB,13.477600,-16.803161,BJ,320.0,12.0,2,1900,0,0,0,0,1,0
CF,FD14,13.411347,-16.733006,0,BJ,320.0,6.3,140.0,5.7,2,1900,0,0,0,0,2,0
CF,RW14,13.348456,-16.664869,0,BJ,324.5,0.8,140.0,5.5,1,137,0,0,0,0,3,0
CA,0,140.0,2,1300,0,0,0,0,0,0
DF,BJ,13.338100,-16.655511,1, ,0.0,0.0,0,0,0,0,0,0,0,0
CF,ILBAN,13.327506,-16.860361,0,BJ,273.0,12.0,273.0,12.0,2,1900,0,1,230,0,0,0
HM,ILBAN,13.327506,-16.860361,2, ,0.0,0.0,93.0,04.3,2,1900,0,1,230,0,0,0,0

APPTR,D32-Z,32,ERSOP
IF,ERSOP,13.372903,-16.453461, ,0.0,0.0,2,1900,0,0,0,0,1,0
AF,APUVA,13.214375,-16.493942,2,BJ,134.0,12.0,86.0,2,1900,0,0,0,0,1,0

APPTR,D32-Z,32,SOGLI
IF,SOGLI,13.140269,-16.691106, ,0.0,0.0,2,1900,0,0,0,0,1,0
AF,APUVA,13.214375,-16.493942,1,BJ,134.0,12.0,196.0,2,1900,0,0,0,0,1,0

FINAL,D32-Z,32,D,3
IF,APUVA,13.214375,-16.493942,BJ,134.0,12.0,2,1900,0,0,0,0,1,0
CF,FD32,13.269031,-16.565278,0,BJ,134.0,6.7,314.0,5.3,2,1900,0,0,0,0,2,0
CF,RW32,13.327269,-16.639642,0,BJ,130.9,1.1,314.0,5.6,1,123,0,0,0,0,3,0
CF,D314E,13.389622,-16.722881,0,BJ,314.0,5.0,314.0,6.1,0,0,0,0,0,0,0,1
CI,1, ,0.0,151.0,0,0,0,0,0,0,0,0
CF,SOGLI,13.140269,-16.691106,0,BJ,196.0,12.0,196.0,6.0,2,1900,0,1,230,0,0,0
HM,SOGLI,13.140269,-16.691106,1, ,0.0,0.0,16.0,05,2,1900,0,1,230,0,0,0,0

APPTR,I32-X,32,NUVES
IF,NUVES,13.132558,-16.565433, ,0.0,0.0,2,1900,0,1,230,0,1,0
TF,GUPAK,13.208772,-16.498669,0,IYM,0.0,0.0,0.0,0.0,2,1900,0,1,230,0,1,0

APPTR,I32-X,32,VOKSI
IF,VOKSI,13.284967,-16.431867, ,0.0,0.0,2,1900,0,1,230,0,1,0
TF,GUPAK,13.208772,-16.498669,0,IYM,0.0,0.0,0.0,0.0,2,1900,0,1,230,0,1,0

FINAL,I32-X,32,I,3
IF,GUPAK,13.208772,-16.498669,IYM,136.6,13.0,2,1900,0,1,230,0,1,0
CF,YD520,13.266444,-16.567250,0,IYM,136.7,7.7,317.0,5.3,1,1900,0,0,0,0,2,0
CF,RW32,13.327269,-16.639642,0,IYM,136.8,2.1,317.0,5.6,1,123,0,0,0,0,3,0
CF,YD521,13.381750,-16.704528,0,BJ,318.3,3.9,317.0,5.0,0,0,0,0,0,0,0,1
DF,YD522,13.247361,-16.773972,1, ,0.0,0.0,0,0,0,0,0,0,0,0
TF,NUVES,13.132558,-16.565433,0, ,0.0,0.0,0.0,0.0,1,1900,0,1,230,0,0,0
HM,NUVES,13.132558,-16.565433,2, ,0.0,0.0,125.0,04.3,2,1900,0,1,230,0,0,0,0

APPTR,I32-Y,32,BJ1
FC,BJ,13.338100,-16.655511,0,BJ,0.0,0.0,116.0,8.8,2,1900,0,0,0,0,1,1
CF,CI32Y,13.263089,-16.563669,2,IYM,136.8,8.0,317.0,2.0,2,1900,0,0,0,0,0,0

APPTR,I32-Y,32,BJ2
FC,BJ,13.338100,-16.655511,0,BJ,0.0,0.0,124.0,7.0,2,1900,0,0,0,0,1,1
CF,CI32Y,13.263089,-16.563669,2,IYM,136.8,8.0,317.0,1.0,2,1900,0,0,0,0,0,0

FINAL,I32-Y,32,I,3
IF,CI32Y,13.263089,-16.563669,IYM,136.8,8.0,2,1900,0,0,0,0,0,0
CF,FI32,13.266369,-16.567553,0,IYM,136.8,7.7,317.0,0.3,1,1900,0,0,0,0,2,0
CF,RW32,13.327269,-16.639642,0,IYM,136.8,2.1,317.0,5.6,1,123,0,0,0,0,3,0
CF,D317E,13.394158,-16.718892,0,BJ,318.1,5.0,317.0,6.1,0,0,0,0,0,0,0,1
DF,BJ,13.338100,-16.655511,1, ,0.0,0.0,2,1900,0,1,230,0,0,0
HM,BJ,13.338100,-16.655511,1, ,0.0,0.0,116.0,04.3,2,1900,0,1,230,0,0,0,0

APPTR,I32-Z,32,ERSOP
IF,ERSOP,13.372903,-16.453461, ,0.0,0.0,2,1900,0,0,0,0,1,0
AF,D126L,13.237594,-16.477925,2,BJ,126.0,12.0,86.0,2,1900,0,0,0,0,0,0
VI,0,IYM,0.0,287.0,0,0,0,0,0,0,0,0

APPTR,I32-Z,32,SOGLI
IF,SOGLI,13.140269,-16.691106, ,0.0,0.0,2,1900,0,0,0,0,1,0
AF,D146L,13.184181,-16.523731,1,BJ,146.0,12.0,196.0,2,1900,0,0,0,0,0,0
VI,0,IYM,0.0,347.0,0,0,0,0,0,0,0,0

FINAL,I32-Z,32,I,3
IF,GUPAK,13.208772,-16.498669,IYM,136.6,13.0,2,1900,0,0,0,0,1,0
CF,FI32,13.266369,-16.567553,0,IYM,136.8,7.7,317.0,5.3,1,1900,0,0,0,0,2,0
CF,RW32,13.327269,-16.639642,0,IYM,136.8,2.1,317.0,5.6,1,123,0,0,0,0,3,0
CF,D317E,13.394158,-16.718892,0,BJ,318.1,5.0,317.0,6.1,0,0,0,0,0,0,0,1
CI,1, ,0.0,151.0,0,0,0,0,0,0,0,0
CF,SOGLI,13.140269,-16.691106,0,BJ,196.0,12.0,196.0,6.0,2,1900,0,1,230,0,0,0
HM,SOGLI,13.140269,-16.691106,1, ,0.0,0.0,16.0,05,2,1900,0,1,230,0,0,0,0

APPTR,R14,14,BORVU
IF,BORVU,13.546467,-16.743203, ,0.0,0.0,2,1900,0,1,230,0,1,0
TF,PIRKO,13.470192,-16.809981,0, ,0.0,0.0,0.0,0.0,2,1900,0,1,230,0,1,0

APPTR,R14,14,KOREM
IF,KOREM,13.393900,-16.876717, ,0.0,0.0,2,1900,0,1,230,0,1,0
TF,PIRKO,13.470192,-16.809981,0, ,0.0,0.0,0.0,0.0,2,1900,0,1,230,0,1,0

FINAL,R14,14,R,3
IF,PIRKO,13.470192,-16.809981, ,0.0,0.0,2,1900,0,1,230,0,1,0
TF,YD510,13.408778,-16.736722,0, ,0.0,0.0,137.0,5.6,1,1900,0,0,0,0,2,0
TF,RW14,13.348456,-16.664869,0, ,0.0,0.0,137.0,5.5,1,137,0,0,0,0,3,1
CF,YD511,13.277611,-16.580528,0,BJ,135.5,5.7,137.0,6.5,0,0,0,0,0,0,0,1
DF,YD512,13.169583,-16.675056,2, ,0.0,0.0,0,0,0,1,210,0,0,0
TF,KOREM,13.393900,-16.876717,0, ,0.0,0.0,0.0,0.0,2,1900,0,1,230,0,0,0
HM,KOREM,13.393900,-16.876717,2, ,0.0,0.0,115.0,04.3,2,1900,0,1,230,0,0,0,0

APPTR,R32,32,NUVES
IF,NUVES,13.132558,-16.565433, ,0.0,0.0,2,1900,0,1,230,0,1,0
TF,GUPAK,13.208772,-16.498669,0, ,0.0,0.0,0.0,0.0,2,1900,0,1,230,0,1,0

APPTR,R32,32,VOKSI
IF,VOKSI,13.284967,-16.431867, ,0.0,0.0,2,1900,0,1,230,0,1,0
TF,GUPAK,13.208772,-16.498669,0, ,0.0,0.0,0.0,0.0,2,1900,0,1,230,0,1,0

FINAL,R32,32,R,3
IF,GUPAK,13.208772,-16.498669, ,0.0,0.0,2,1900,0,1,230,0,1,0
TF,YD520,13.266444,-16.567250,0, ,0.0,0.0,317.0,5.3,1,1900,0,0,0,0,2,0
TF,RW32,13.327269,-16.639642,0, ,0.0,0.0,317.0,5.6,1,123,0,0,0,0,3,1
CF,YD521,13.381750,-16.704528,0,BJ,318.3,3.9,317.0,5.0,0,0,0,0,0,0,0,1
DF,YD522,13.247361,-16.773972,1, ,0.0,0.0,0,0,0,0,0,0,0,0
TF,NUVES,13.132558,-16.565433,0, ,0.0,0.0,0.0,0.0,2,1900,0,1,230,0,0,0
HM,NUVES,13.132558,-16.565433,2, ,0.0,0.0,125.0,04.3,2,1900,0,1,230,0,0,0,0

APPTR,S14-Y,14,BJ1
FC,BJ,13.338100,-16.655511,0,BJ,0.0,0.0,345.0,7.0,2,1900,0,0,0,0,0,1
CF,FD14,13.411347,-16.733006,1,BJ,320.0,6.3,140.0,1.0,2,1900,0,0,0,0,0,0

APPTR,S14-Y,14,BJ2
FC,BJ,13.338100,-16.655511,0,BJ,0.0,0.0,332.0,7.0,2,1900,0,0,0,0,0,1
CF,FD14,13.411347,-16.733006,1,BJ,320.0,6.3,140.0,1.0,2,1900,0,0,0,0,0,0

FINAL,S14-Y,14,D,2
IF,FD14,13.411347,-16.733006,BJ,320.0,6.3,2,1900,0,0,0,0,2,0
CF,RW14,13.348456,-16.664869,0,BJ,324.5,0.8,140.0,5.5,1,137,0,0,0,0,3,0
CA,0,140.0,2,1300,0,0,0,0,0,0
DF,BJ,13.338100,-16.655511,1, ,0.0,0.0,2,1900,0,1,230,0,0,0
HM,BJ,13.338100,-16.655511,2, ,0.0,0.0,345.0,04.3,2,1900,0,1,230,0,0,0,0

APPTR,S32-Y,32,BJ1
FC,BJ,13.338100,-16.655511,0,BJ,0.0,0.0,114.0,8.8,2,1900,0,0,0,0,1,1
CF,FD32,13.269031,-16.565278,2,BJ,134.0,6.7,314.0,3.0,2,1900,0,0,0,0,0,0

APPTR,S32-Y,32,BJ2
FC,BJ,13.338100,-16.655511,0,BJ,0.0,0.0,122.0,7.0,2,1900,0,0,0,0,1,1
CF,FD32,13.269031,-16.565278,2,BJ,134.0,6.7,314.0,1.0,2,1900,0,0,0,0,0,0

FINAL,S32-Y,32,D,2
IF,FD32,13.269031,-16.565278,BJ,134.0,6.7,2,1900,0,0,0,0,2,0
CF,RW32,13.327269,-16.639642,0,BJ,130.9,1.1,314.0,5.6,1,123,0,0,0,0,3,0
CF,D314E,13.389622,-16.722881,0,BJ,314.0,5.0,314.0,6.1,0,0,0,0,0,0,0,1
DF,BJ,13.338100,-16.655511,1, ,0.0,0.0,2,1900,0,1,230,0,0,0
HM,BJ,13.338100,-16.655511,1, ,0.0,0.0,114.0,04.3,2,1900,0,1,230,0,0,0,0

