SID,NOZ1B,32R,5
CA,0,319.0,2,580,0,0,0,0,0,0
CF,AX211,30.976667,29.663056,0,NOZ,224.7,19.5,334.0,3.0,2,1000,0,0,0,0,0,0
TF,AX212,31.028333,29.806111,0, ,0.0,0.0,0.0,0.0,2,3500,0,0,0,0,0,0
TF,NOZ,31.187500,29.950833,0, ,0.0,0.0,0.0,0.0,1,6000,0,0,0,0,0,0

APPTR,I32R,32R,AX720
IF,AX720,30.801528,29.892028, ,0.0,0.0,2,2000,0,1,200,0,1,0
TF,AX721,30.762778,29.832056,0,IALX,0.0,0.0,0.0,0.0,1,2000,0,1,200,0,1,0

APPTR,I32R,32R,AX722
IF,AX722,31.091667,30.005833, ,0.0,0.0,2,4000,0,1,200,0,1,0
TF,AX720,30.801528,29.892028,0, ,0.0,0.0,0.0,0.0,2,2000,0,1,200,0,0,0
TF,AX721,30.762778,29.832056,0,IALX,0.0,0.0,0.0,0.0,1,2000,0,1,200,0,1,0

FINAL,I32R,32R,I,3
IF,AX721,30.762778,29.832056,IALX,137.9,12.7,1,2000,0,1,200,0,0,0
CF,FI32R,30.829361,29.773750,0,IALX,137.9,7.8,318.0,5.0,1,2000,0,0,0,0,2,0
CF,RW32R,30.905919,29.706567,0,IALX,137.9,2.0,318.0,5.8,1,184,0,0,0,0,3,0
CA,0,318.0,2,580,0,0,0,0,0,0
CA,0,8.0,2,2000,0,0,0,0,0,0

APPTR,R14L,14L,AX712
IF,AX712,31.127667,29.627333, ,0.0,0.0,2,2800,0,1,200,0,1,0
TF,AX715,31.079556,29.553667,0, ,0.0,0.0,0.0,0.0,2,2500,0,1,200,0,1,0

APPTR,R14L,14L,AX722
IF,AX722,31.091667,30.005833, ,0.0,0.0,2,4000,0,1,200,0,1,0
TF,AX712,31.127667,29.627333,0, ,0.0,0.0,0.0,0.0,2,2800,0,1,200,0,0,0
TF,AX715,31.079556,29.553667,0, ,0.0,0.0,0.0,0.0,2,2500,0,1,200,0,1,0

FINAL,R14L,14L,R,3
IF,AX715,31.079556,29.553667, ,0.0,0.0,2,2500,0,1,200,0,0,0
TF,AX716,31.026389,29.600583,0, ,0.0,0.0,138.0,4.0,1,2500,0,0,0,0,2,0
TF,RW14L,30.930367,29.685086,0, ,0.0,0.0,138.0,7.2,1,227,0,0,0,0,3,1
CA,0,138.0,2,2000,0,0,0,0,0,0

APPTR,R14R,14R,AX712
IF,AX712,31.127667,29.627333, ,0.0,0.0,2,2800,0,1,200,0,1,0
TF,AX713,31.078306,29.551750,0, ,0.0,0.0,0.0,0.0,2,2500,0,1,200,0,1,0

APPTR,R14R,14R,AX722
IF,AX722,31.091667,30.005833, ,0.0,0.0,2,4000,0,1,200,0,1,0
TF,AX712,31.127667,29.627333,0, ,0.0,0.0,0.0,0.0,2,2800,0,1,200,0,0,0
TF,AX713,31.078306,29.551750,0, ,0.0,0.0,0.0,0.0,2,2500,0,1,200,0,1,0

FINAL,R14R,14R,R,3
IF,AX713,31.078306,29.551750, ,0.0,0.0,2,2500,0,1,200,0,0,0
TF,AX714,31.025111,29.598667,0, ,0.0,0.0,138.0,4.0,1,2500,0,0,0,0,2,0
TF,RW14R,30.929106,29.683169,0, ,0.0,0.0,138.0,7.2,1,222,0,0,0,0,3,1
CA,0,138.0,2,2000,0,0,0,0,0,0

APPTR,R32L,32L,AX720
IF,AX720,30.801528,29.892028, ,0.0,0.0,2,2000,0,1,200,0,1,0
TF,AX613,30.761278,29.830306,0, ,0.0,0.0,0.0,0.0,1,2000,0,1,200,0,1,0

APPTR,R32L,32L,AX722
IF,AX722,31.091667,30.005833, ,0.0,0.0,2,4000,0,1,200,0,1,0
TF,AX720,30.801528,29.892028,0, ,0.0,0.0,0.0,0.0,2,2000,0,1,200,0,0,0
TF,AX613,30.761278,29.830306,0, ,0.0,0.0,0.0,0.0,1,2000,0,1,200,0,1,0

FINAL,R32L,32L,R,3
IF,AX613,30.761278,29.830306, ,0.0,0.0,1,2000,0,1,200,0,0,0
TF,AX614,30.827889,29.772000,0, ,0.0,0.0,318.0,5.0,1,2000,0,0,0,0,2,0
TF,RW32L,30.904664,29.704650,0, ,0.0,0.0,318.0,5.8,1,177,0,0,0,0,3,1
CA,0,8.0,2,2000,0,0,0,0,0,0

APPTR,R32R,32R,AX720
IF,AX720,30.801528,29.892028, ,0.0,0.0,2,2000,0,1,200,0,1,0
TF,AX721,30.762778,29.832056,0, ,0.0,0.0,0.0,0.0,1,2000,0,1,200,0,1,0

APPTR,R32R,32R,AX722
IF,AX722,31.091667,30.005833, ,0.0,0.0,2,4000,0,1,200,0,1,0
TF,AX720,30.801528,29.892028,0, ,0.0,0.0,0.0,0.0,2,2000,0,1,200,0,0,0
TF,AX721,30.762778,29.832056,0, ,0.0,0.0,0.0,0.0,1,2000,0,1,200,0,1,0

FINAL,R32R,32R,R,3
IF,AX721,30.762778,29.832056, ,0.0,0.0,1,2000,0,1,200,0,0,0
TF,AX723,30.829361,29.773750,0, ,0.0,0.0,318.0,5.0,1,2000,0,0,0,0,2,0
TF,RW32R,30.905919,29.706567,0, ,0.0,0.0,318.0,5.8,1,183,0,0,0,0,3,1
CA,0,8.0,2,2000,0,0,0,0,0,0

