APPTR,I36,36,A1
IF,A,30.091222,31.360944, ,0.0,0.0,1,4500,0,1,210,0,1,0
FD,A,30.091222,31.360944,0,MXR,102.4,11.0,160.0,11.0,2,2500,0,0,0,0,0,0
CF,CI36,29.907083,31.356417,2,IALZ,175.9,11.8,357.0,1.0,1,2500,0,0,0,0,1,0

APPTR,I36,36,A2
IF,A,30.091222,31.360944, ,0.0,0.0,1,4500,0,1,210,0,1,0
FD,A,30.091222,31.360944,0,MXR,102.4,11.0,168.0,11.0,2,2500,0,0,0,0,0,0
CF,CI36,29.907083,31.356417,2,IALZ,175.9,11.8,357.0,1.0,1,2500,0,0,0,0,1,0

FINAL,I36,36,I,3
IF,CI36,29.907083,31.356417,IALZ,175.9,11.8,1,2500,0,0,0,0,0,0
CF,FI36,29.998056,31.358056,0,IALZ,175.9,6.4,357.0,5.5,1,2500,0,0,0,0,2,0
CF,RW36,30.085044,31.359625,0,IALZ,176.0,1.2,357.0,5.2,1,343,0,0,0,0,3,0
CA,0,357.0,2,3000,0,1,210,0,0,0

APPTR,R18,18,AZ101
IF,AZ101,30.272817,31.209092, ,0.0,0.0,2,4500,0,0,0,0,1,0
TF,AZ102,30.270772,31.363050,0, ,0.0,0.0,0.0,0.0,2,2800,0,0,0,0,1,0

FINAL,R18,18,R,3
IF,AZ102,30.270772,31.363050, ,0.0,0.0,2,2800,0,0,0,0,0,0
TF,AZ103,30.187250,31.361514,0, ,0.0,0.0,176.0,5.0,1,1900,0,0,0,0,2,0
TF,RW18,30.101950,31.359950,0, ,0.0,0.0,176.0,5.1,1,274,0,0,0,0,3,1
TF,AZ105,29.990031,31.357900,0, ,0.0,0.0,0.0,0.0,2,2000,0,1,230,0,0,0

APPTR,R36,36,AZ001
IF,AZ001,29.920042,31.203167, ,0.0,0.0,2,4500,0,0,0,0,1,0
TF,AZ002,29.918000,31.356581,0, ,0.0,0.0,0.0,0.0,2,3500,0,0,0,0,1,0

FINAL,R36,36,R,3
IF,AZ002,29.918000,31.356581, ,0.0,0.0,2,3500,0,0,0,0,0,0
TF,AZ003,30.001528,31.358108,0, ,0.0,0.0,356.0,5.0,1,2100,0,0,0,0,2,0
TF,RW36,30.085044,31.359625,0, ,0.0,0.0,356.0,5.0,1,343,0,0,0,0,3,1
TF,AZ005,30.172914,31.361253,0, ,0.0,0.0,0.0,0.0,2,2000,0,1,230,0,0,0

