APPTR,D02,02,TBQ
IF,TBQ,31.857250,23.911975, ,0.0,0.0,2,3000,0,0,0,0,1,0
CF,CD02,31.696100,23.789617,0,TBQ,210.0,11.5,210.0,11.5,2,3000,0,0,0,0,0,0
FC,CD02,31.696100,23.789617,0,TBQ,0.0,0.0,255.0,4.4,0,0,0,0,0,0,0,1
CF,CD02,31.696100,23.789617,1,TBQ,210.0,11.5,30.0,5.0,2,3000,0,0,0,0,1,0

FINAL,D02,02,D,3
IF,CD02,31.696100,23.789617,TBQ,210.0,11.5,2,3000,0,0,0,0,0,0
CF,FD02,31.766178,23.842764,0,TBQ,210.0,6.5,30.0,5.0,2,2250,0,0,0,0,2,0
CF,MD02,31.822228,23.885339,0,TBQ,210.0,2.5,30.0,4.0,1,1038,0,0,0,0,3,0
CF,TBQ,31.857250,23.911975,0,TBQ,0.0,0.0,30.0,2.5,2,1039,0,0,0,0,0,0
FA,TBQ,31.857250,23.911975,0,TBQ,0.0,0.0,30.0,2,2000,0,0,0,0,0,0
DF,TBQ,31.857250,23.911975,1, ,0.0,0.0,1,3000,0,0,0,0,0,0
HM,TBQ,31.857250,23.911975,2, ,0.0,0.0,210.0,04.3,0,0,0,0,0,0,0,0,0

APPTR,D20,20,TBQ
IF,TBQ,31.857250,23.911975, ,0.0,0.0,2,3000,0,0,0,0,1,0
CF,CD20,32.047450,23.943358,0,TBQ,5.0,11.5,5.0,11.5,2,3000,0,0,0,0,0,0
FC,CD20,32.047450,23.943358,0,TBQ,0.0,0.0,320.0,4.4,0,0,0,0,0,0,0,1
CF,CD20,32.047450,23.943358,2,TBQ,5.0,11.5,185.0,5.0,2,3000,0,0,0,0,1,0

FINAL,D20,20,D,3
IF,CD20,32.047450,23.943358,TBQ,5.0,11.5,2,3000,0,0,0,0,0,0
CF,FD20,31.964756,23.929697,0,TBQ,5.0,6.5,185.0,5.0,2,2450,0,0,0,0,2,0
CF,MD20,31.890328,23.917422,0,TBQ,5.0,2.0,185.0,4.5,1,968,0,0,0,0,3,0
CF,TBQ,31.857250,23.911975,0,TBQ,0.0,0.0,185.0,2.0,0,0,0,0,0,0,0,0
FA,TBQ,31.857250,23.911975,0,TBQ,0.0,0.0,185.0,2,2000,0,0,0,0,0,0
DF,TBQ,31.857250,23.911975,2, ,0.0,0.0,1,3000,0,0,0,0,0,0
HM,TBQ,31.857250,23.911975,1, ,0.0,0.0,5.0,04.3,2,3000,0,0,0,0,0,0,0

