APPTR,R09,09,APDUB
IF,APDUB,-9.020164,33.073742, ,0.0,0.0,2,9500,0,1,220,0,1,0
TF,GW401,-8.919697,33.073881,0, ,0.0,0.0,0.0,0.0,2,7200,0,1,220,0,1,0

APPTR,R09,09,UDPAP
IF,UDPAP,-8.785736,33.074067, ,0.0,0.0,2,10500,0,1,220,0,1,0
TF,GW401,-8.919697,33.073881,0, ,0.0,0.0,0.0,0.0,2,7200,0,1,220,0,1,0

APPTR,R09,09,XAKVU
IF,XAKVU,-8.919544,32.972847, ,0.0,0.0,2,9000,0,1,220,0,1,0
TF,GW401,-8.919697,33.073881,0, ,0.0,0.0,0.0,0.0,2,7200,0,1,220,0,1,0

FINAL,R09,09,R,3
IF,GW401,-8.919697,33.073881, ,0.0,0.0,2,7200,0,1,220,0,0,0
TF,GW402,-8.919803,33.158078,0, ,0.0,0.0,92.0,5.0,2,6500,0,0,0,0,2,0
TF,RW09,-8.919903,33.259075,0, ,0.0,0.0,92.0,6.0,1,4398,0,0,0,0,3,1
CF,GW403,-8.919881,33.326519,0,DV,252.5,369.7,92.0,4.0,0,0,0,1,200,0,0,1
DF,GW404,-9.078797,33.305183,2, ,0.0,0.0,0,0,0,1,200,0,0,0
TF,XAKVU,-8.919544,32.972847,0, ,0.0,0.0,0.0,0.0,2,9500,0,1,220,0,0,0
HM,XAKVU,-8.919544,32.972847,2, ,0.0,0.0,92.0,04.3,2,9500,0,1,220,0,0,0,0

APPTR,R27,27,OKDOX
IF,OKDOX,-8.819569,33.525092, ,0.0,0.0,2,11500,0,1,220,0,1,0
TF,GW501,-8.920039,33.525075,0, ,0.0,0.0,0.0,0.0,2,9800,0,1,220,0,1,0

APPTR,R27,27,XADEV
IF,XADEV,-8.920039,33.626111, ,0.0,0.0,2,11500,0,1,220,0,1,0
TF,GW501,-8.920039,33.525075,0, ,0.0,0.0,0.0,0.0,2,9800,0,1,220,0,1,0

APPTR,R27,27,XAGRA
IF,XAGRA,-9.020508,33.525061, ,0.0,0.0,2,11500,0,1,220,0,1,0
TF,GW501,-8.920039,33.525075,0, ,0.0,0.0,0.0,0.0,2,9800,0,1,220,0,1,0

FINAL,R27,27,R,3
IF,GW501,-8.920039,33.525075, ,0.0,0.0,2,9800,0,1,220,0,0,0
TF,GW502,-8.920017,33.440867,0, ,0.0,0.0,272.0,5.0,2,8000,0,0,0,0,2,0
TF,RW27,-8.919928,33.289342,0, ,0.0,0.0,272.0,9.0,1,4463,0,0,0,0,3,1
CA,0,272.0,2,7000,0,1,220,0,0,0
DF,GW503,-9.078797,33.305183,1, ,0.0,0.0,0,0,0,1,220,0,0,0
TF,XAGRA,-9.020508,33.525061,0, ,0.0,0.0,0.0,0.0,2,11500,0,1,220,0,0,1
HM,XAGRA,-9.020508,33.525061,2, ,0.0,0.0,2.0,04.3,2,11500,0,1,220,0,0,0,0

