APPTR,R20,20,APGAM
IF,APGAM,-7.419944,35.704550, ,0.0,0.0,2,7600,0,1,200,0,1,0
TF,IR501,-7.441811,35.802797,0, ,0.0,0.0,0.0,0.0,2,7600,0,1,200,0,1,0

APPTR,R20,20,XORUN
IF,XORUN,-7.343742,35.824689, ,0.0,0.0,2,10500,0,1,200,0,1,0
TF,IR501,-7.441811,35.802797,0, ,0.0,0.0,0.0,0.0,2,7600,0,1,200,0,1,0

APPTR,R20,20,XOSED
IF,XOSED,-7.463656,35.901056, ,0.0,0.0,2,8600,0,1,200,0,1,0
TF,IR501,-7.441811,35.802797,0, ,0.0,0.0,0.0,0.0,2,7600,0,1,200,0,1,0

FINAL,R20,20,R,3
IF,IR501,-7.441811,35.802797, ,0.0,0.0,2,7600,0,1,200,0,0,0
TF,IR502,-7.531708,35.782722,0, ,0.0,0.0,195.0,5.5,2,7000,0,0,0,0,2,0
TF,IR503,-7.624800,35.761925,0, ,0.0,0.0,195.0,5.7,1,5188,0,0,0,0,3,1
DF,XOSED,-7.463656,35.901056,1, ,0.0,0.0,1,10500,0,1,200,0,0,0
HM,XOSED,-7.463656,35.901056,2, ,0.0,0.0,285.0,04.3,2,10500,0,1,200,0,0,0,0

