APPTR,R32-Z,32,BUSKS
HF,BUSKS,44.312106,-70.595453,2, ,0.0,0.0,323.0,05,2,4800,0,0,0,0,1,0,0

APPTR,R32-Z,32,JAREM
IF,JAREM,44.392578,-70.512719, ,0.0,0.0,0,0,0,0,0,0,1,0
TF,BUSKS,44.312106,-70.595453,0, ,0.0,0.0,0.0,0.0,2,4800,0,0,0,0,1,0

APPTR,R32-Z,32,MENRE
IF,MENRE,44.231569,-70.677961, ,0.0,0.0,0,0,0,0,0,0,1,0
TF,BUSKS,44.312106,-70.595453,0, ,0.0,0.0,0.0,0.0,2,4800,0,0,0,0,1,0

FINAL,R32-Z,32,R,4
IF,BUSKS,44.312106,-70.595453, ,0.0,0.0,2,4800,0,0,0,0,0,0
TF,CAXEN,44.371372,-70.707689,0, ,0.0,0.0,323.0,6.0,2,3000,0,0,0,0,2,0
TF,SKIHL,44.380658,-70.725314,0, ,0.0,0.0,323.0,0.9,2,2580,0,0,0,0,0,0
TF,IRANE,44.417131,-70.794644,0, ,0.0,0.0,323.0,3.7,1,930,0,0,0,0,3,1
CA,0,323.0,2,1074,0,0,0,0,0,0
DF,BUSKS,44.312106,-70.595453,1, ,0.0,0.0,2,4800,0,0,0,0,0,1
HM,BUSKS,44.312106,-70.595453,2, ,0.0,0.0,323.0,05,2,4800,0,0,0,0,0,0,0

