APPTR,R17-M,17,MAGKA
IF,MAGKA,29.622753,-100.246603, ,0.0,0.0,0,0,0,0,0,0,1,0
TF,RAYNI,29.621836,-100.112747,0, ,0.0,0.0,0.0,0.0,2,4000,0,1,200,0,1,0

APPTR,R17-M,17,OMAVY
IF,OMAVY,29.620786,-99.978897, ,0.0,0.0,0,0,0,0,0,0,1,0
TF,RAYNI,29.621836,-100.112747,0, ,0.0,0.0,0.0,0.0,2,4000,0,1,200,0,1,0

APPTR,R17-M,17,RAYNI
HF,RAYNI,29.621836,-100.112747,2, ,0.0,0.0,176.0,04,2,4000,0,1,200,0,1,0,0

FINAL,R17-M,17,R,5
IF,RAYNI,29.621836,-100.112747, ,0.0,0.0,2,4000,0,1,200,0,0,0
TF,WAXOD,29.580067,-100.113150,0, ,0.0,0.0,176.0,2.5,2,3700,0,0,0,0,0,0
TF,UMEME,29.538300,-100.113553,0, ,0.0,0.0,176.0,2.5,2,3000,0,0,0,0,2,0
TF,PAHTI,29.519844,-100.113731,0, ,0.0,0.0,176.0,1.1,2,2560,0,0,0,0,0,0
TF,RW17,29.469381,-100.114214,0, ,0.0,0.0,176.0,3.0,1,1357,0,0,0,0,3,1
CA,0,176.0,2,1705,0,0,0,0,0,0
DF,ZESNA,29.289997,-100.115931,0, ,0.0,0.0,2,4000,0,0,0,0,0,1
HM,ZESNA,29.289997,-100.115931,2, ,0.0,0.0,356.0,04,0,0,0,0,0,0,0,0,0

APPTR,R35-M,35,SCRAB
IF,SCRAB,29.288950,-99.982517, ,0.0,0.0,0,0,0,0,0,0,1,0
TF,ZESNA,29.289997,-100.115931,0, ,0.0,0.0,0.0,0.0,2,4000,0,1,200,0,1,0

APPTR,R35-M,35,YACUP
IF,YACUP,29.290911,-100.249350, ,0.0,0.0,0,0,0,0,0,0,1,0
TF,ZESNA,29.289997,-100.115931,0, ,0.0,0.0,0.0,0.0,2,4000,0,1,200,0,1,0

APPTR,R35-M,35,ZESNA
HF,ZESNA,29.289997,-100.115931,2, ,0.0,0.0,356.0,04,2,4000,0,1,200,0,1,0,0

FINAL,R35-M,35,R,3
IF,ZESNA,29.289997,-100.115931, ,0.0,0.0,2,4000,0,1,200,0,0,0
TF,VEEBE,29.373536,-100.115133,0, ,0.0,0.0,356.0,5.0,2,3000,0,0,0,0,2,0
TF,RW35,29.453583,-100.114364,0, ,0.0,0.0,356.0,4.8,1,1321,0,0,0,0,3,1
CA,0,356.0,2,1654,0,0,0,0,0,0
DF,RAYNI,29.621836,-100.112747,0, ,0.0,0.0,2,4000,0,0,0,0,0,1
HM,RAYNI,29.621836,-100.112747,2, ,0.0,0.0,176.0,04,2,4000,0,0,0,0,0,0,0

