APPTR,R03-A,03,RACON
HF,RACON,40.863936,-82.477167,2, ,0.0,0.0,279.0,04,2,2900,0,0,0,0,1,0,0

FINAL,R03-A,03,R,3
IF,RACON,40.863936,-82.477167, ,0.0,0.0,2,2900,0,0,0,0,0,0
TF,SODRR,40.868611,-82.591233,0, ,0.0,0.0,279.0,5.2,2,2600,0,0,0,0,2,0
TF,TIDPE,40.872825,-82.696497,0, ,0.0,0.0,279.0,4.8,1,1840,0,0,0,0,3,1
CA,0,279.0,2,1840,0,0,0,0,0,0
DF,ZISKI,40.885789,-82.809508,0, ,0.0,0.0,2,3000,0,0,0,0,0,1
HM,ZISKI,40.885789,-82.809508,2, ,0.0,0.0,99.0,04,2,3000,0,0,0,0,0,0,0

APPTR,R18-A,18,RACON
HF,RACON,40.863936,-82.477167,2, ,0.0,0.0,279.0,04,2,2900,0,0,0,0,1,0,0

FINAL,R18-A,18,R,3
IF,RACON,40.863936,-82.477167, ,0.0,0.0,2,2900,0,0,0,0,0,0
TF,SODRR,40.868611,-82.591233,0, ,0.0,0.0,279.0,5.2,2,2600,0,0,0,0,2,0
TF,TIDPE,40.872825,-82.696497,0, ,0.0,0.0,279.0,4.8,1,1840,0,0,0,0,3,1
CA,0,279.0,2,1840,0,0,0,0,0,0
DF,ZISKI,40.885789,-82.809508,0, ,0.0,0.0,2,3000,0,0,0,0,0,1
HM,ZISKI,40.885789,-82.809508,2, ,0.0,0.0,99.0,04,2,3000,0,0,0,0,0,0,0

APPTR,R21-A,21,RACON
HF,RACON,40.863936,-82.477167,2, ,0.0,0.0,279.0,04,2,2900,0,0,0,0,1,0,0

FINAL,R21-A,21,R,3
IF,RACON,40.863936,-82.477167, ,0.0,0.0,2,2900,0,0,0,0,0,0
TF,SODRR,40.868611,-82.591233,0, ,0.0,0.0,279.0,5.2,2,2600,0,0,0,0,2,0
TF,TIDPE,40.872825,-82.696497,0, ,0.0,0.0,279.0,4.8,1,1840,0,0,0,0,3,1
CA,0,279.0,2,1840,0,0,0,0,0,0
DF,ZISKI,40.885789,-82.809508,0, ,0.0,0.0,2,3000,0,0,0,0,0,1
HM,ZISKI,40.885789,-82.809508,2, ,0.0,0.0,99.0,04,2,3000,0,0,0,0,0,0,0

APPTR,R36-A,36,RACON
HF,RACON,40.863936,-82.477167,2, ,0.0,0.0,279.0,04,2,2900,0,0,0,0,1,0,0

FINAL,R36-A,36,R,3
IF,RACON,40.863936,-82.477167, ,0.0,0.0,2,2900,0,0,0,0,0,0
TF,SODRR,40.868611,-82.591233,0, ,0.0,0.0,279.0,5.2,2,2600,0,0,0,0,2,0
TF,TIDPE,40.872825,-82.696497,0, ,0.0,0.0,279.0,4.8,1,1840,0,0,0,0,3,1
CA,0,279.0,2,1840,0,0,0,0,0,0
DF,ZISKI,40.885789,-82.809508,0, ,0.0,0.0,2,3000,0,0,0,0,0,1
HM,ZISKI,40.885789,-82.809508,2, ,0.0,0.0,99.0,04,2,3000,0,0,0,0,0,0,0

