APPTR,R04,04,LIANG
HF,LIANG,40.643692,-83.104817,2, ,0.0,0.0,43.0,04,2,3000,0,0,0,0,1,0,0

APPTR,R04,04,MEEKS
IF,MEEKS,40.609311,-83.248061, ,0.0,0.0,0,0,0,0,0,0,1,0
TF,LIANG,40.643692,-83.104817,0, ,0.0,0.0,0.0,0.0,2,3000,0,0,0,0,1,0

FINAL,R04,04,R,4
IF,LIANG,40.643692,-83.104817, ,0.0,0.0,2,3000,0,0,0,0,0,0
TF,FEMLO,40.711419,-83.040919,0, ,0.0,0.0,43.0,5.0,2,2600,0,0,0,0,2,0
TF,TUMMY,40.754686,-83.000014,0, ,0.0,0.0,43.0,3.2,2,1580,0,0,0,0,0,0
TF,RW04,40.777700,-82.978231,0, ,0.0,0.0,43.0,1.7,1,1041,0,0,0,0,3,1
CA,0,43.0,2,1380,0,0,0,0,0,0
DF,VIZXO,40.979058,-82.786775,0, ,0.0,0.0,2,3000,0,0,0,0,0,1
HM,VIZXO,40.979058,-82.786775,2, ,0.0,0.0,223.0,04,0,0,0,0,0,0,0,0,0

APPTR,R22,22,MEEKS
IF,MEEKS,40.609311,-83.248061, ,0.0,0.0,0,0,0,0,0,0,0,0
TF,VIZXO,40.979058,-82.786775,0, ,0.0,0.0,0.0,0.0,2,3000,0,0,0,0,0,1
HF,VIZXO,40.979058,-82.786775,2, ,0.0,0.0,223.0,04,2,3000,0,0,0,0,1,0,0

FINAL,R22,22,R,4
IF,VIZXO,40.979058,-82.786775, ,0.0,0.0,2,3000,0,0,0,0,0,0
TF,IWWEY,40.852058,-82.907700,0, ,0.0,0.0,223.0,9.4,2,2600,0,0,0,0,2,0
TF,JIDXI,40.811469,-82.946225,0, ,0.0,0.0,223.0,3.0,2,1640,0,0,0,0,0,0
TF,RW22,40.785758,-82.970597,0, ,0.0,0.0,223.0,1.9,1,1039,0,0,0,0,3,1
CA,0,223.0,2,1380,0,0,0,0,0,0
DF,LIANG,40.643692,-83.104817,0, ,0.0,0.0,2,3000,0,0,0,0,0,1
HM,LIANG,40.643692,-83.104817,2, ,0.0,0.0,43.0,04,0,0,0,0,0,0,0,0,0

