APPTR,R17,17,BOTJO
HF,BOTJO,45.017375,-98.557047,2, ,0.0,0.0,166.0,04,2,3400,0,0,0,0,1,0,0

APPTR,R17,17,HUKLO
IF,HUKLO,45.006714,-98.687747, ,0.0,0.0,0,0,0,0,0,0,1,0
TF,BOTJO,45.017375,-98.557047,0, ,0.0,0.0,0.0,0.0,2,3400,0,0,0,0,1,0

APPTR,R17,17,PARRE
IF,PARRE,45.027889,-98.426297, ,0.0,0.0,0,0,0,0,0,0,1,0
TF,BOTJO,45.017375,-98.557047,0, ,0.0,0.0,0.0,0.0,2,3400,0,0,0,0,1,0

FINAL,R17,17,R,3
IF,BOTJO,45.017375,-98.557047, ,0.0,0.0,2,3400,0,0,0,0,0,0
TF,CORAX,44.947208,-98.545764,0, ,0.0,0.0,166.0,4.2,2,3000,0,0,0,0,2,0
TF,RW17,44.861336,-98.531992,0, ,0.0,0.0,166.0,5.2,1,1348,0,0,0,0,3,1
CA,0,166.0,2,1559,0,0,0,0,0,0
DF,LAVDE,44.695747,-98.505553,0, ,0.0,0.0,2,3400,0,0,0,0,0,1
HM,LAVDE,44.695747,-98.505553,2, ,0.0,0.0,347.0,04,0,0,0,0,0,0,0,0,0

APPTR,R35,35,BUNNN
IF,BUNNN,44.685144,-98.635542, ,0.0,0.0,0,0,0,0,0,0,1,0
TF,LAVDE,44.695747,-98.505553,0, ,0.0,0.0,0.0,0.0,2,3400,0,0,0,0,1,0

APPTR,R35,35,LAVDE
HF,LAVDE,44.695747,-98.505553,2, ,0.0,0.0,347.0,04,2,3400,0,0,0,0,1,0,0

APPTR,R35,35,ZOPAL
IF,ZOPAL,44.706206,-98.375519, ,0.0,0.0,0,0,0,0,0,0,1,0
TF,LAVDE,44.695747,-98.505553,0, ,0.0,0.0,0.0,0.0,2,3400,0,0,0,0,1,0

FINAL,R35,35,R,3
IF,LAVDE,44.695747,-98.505553, ,0.0,0.0,2,3400,0,0,0,0,0,0
TF,JADUK,44.770875,-98.517531,0, ,0.0,0.0,347.0,4.5,2,2900,0,0,0,0,2,0
TF,RW35,44.851797,-98.530464,0, ,0.0,0.0,347.0,4.9,1,1344,0,0,0,0,3,1
CA,0,347.0,2,1558,0,0,0,0,0,0
DF,BOTJO,45.017375,-98.557047,0, ,0.0,0.0,2,3400,0,0,0,0,0,1
HM,BOTJO,45.017375,-98.557047,2, ,0.0,0.0,166.0,04,0,0,0,0,0,0,0,0,0

