APPTR,R14,14,PLZNT
IF,PLZNT,30.651017,-84.780439, ,0.0,0.0,0,0,0,0,0,0,1,0
TF,TRDLL,30.721347,-84.697808,0, ,0.0,0.0,0.0,0.0,2,2200,0,0,0,0,1,0

APPTR,R14,14,SLVVR
IF,SLVVR,30.791625,-84.615061, ,0.0,0.0,0,0,0,0,0,0,1,0
TF,TRDLL,30.721347,-84.697808,0, ,0.0,0.0,0.0,0.0,2,2200,0,0,0,0,1,0

APPTR,R14,14,TRDLL
HF,TRDLL,30.721347,-84.697808,2, ,0.0,0.0,140.0,04,2,2200,0,0,0,0,1,0,0

FINAL,R14,14,R,3
IF,TRDLL,30.721347,-84.697808, ,0.0,0.0,2,2200,0,0,0,0,0,0
TF,MTLOF,30.661611,-84.629825,0, ,0.0,0.0,140.0,5.0,2,1900,0,0,0,0,2,0
TF,RW14,30.600278,-84.560156,0, ,0.0,0.0,140.0,5.2,1,261,0,0,0,0,3,1
CA,0,140.0,2,800,0,0,0,0,0,0
DF,TRDLL,30.721347,-84.697808,1, ,0.0,0.0,2,3000,0,0,0,0,0,1
HM,TRDLL,30.721347,-84.697808,2, ,0.0,0.0,140.0,04,2,3000,0,0,0,0,0,0,0

APPTR,R32,32,SZW
HF,SZW,30.556228,-84.373942,2, ,0.0,0.0,276.0,04,2,2100,0,0,0,0,1,0,0

FINAL,R32,32,R,3
IF,SZW,30.556228,-84.373942, ,0.0,0.0,2,2100,0,0,0,0,0,0
TF,MIDWY,30.558175,-84.472172,0, ,0.0,0.0,276.0,5.1,2,1800,0,0,0,0,2,0
TF,TWLVE,30.589711,-84.548172,0, ,0.0,0.0,301.0,4.4,1,403,0,0,0,0,3,1
CA,0,301.0,2,800,0,0,0,0,0,0
DF,TRDLL,30.721347,-84.697808,0, ,0.0,0.0,2,3000,0,0,0,0,0,1
HM,TRDLL,30.721347,-84.697808,2, ,0.0,0.0,140.0,04,2,3000,0,0,0,0,0,0,0

