STAR,LUCIT3,COOKS,4
IF,COOKS,40.545231,-88.765158, ,0.0,0.0,1,17000,0,0,0,0,0,0
TF,DABOZ,40.663842,-88.502097,0, ,0.0,0.0,0.0,0.0,1,17000,0,0,0,0,0,0
TF,USTIS,40.762225,-88.296547,0, ,0.0,0.0,0.0,0.0,1,15000,0,0,0,0,0,0
TF,ROEPR,40.914364,-87.957431,0, ,0.0,0.0,0.0,0.0,4,13000,11000,0,0,0,0,0
TF,WYDIK,41.003589,-87.756769,0, ,0.0,0.0,0.0,0.0,4,11000,8000,0,0,0,0,0
TF,LUCIT,41.232342,-87.423722,0, ,0.0,0.0,0.0,0.0,1,4000,0,0,0,0,0,0

STAR,LUCIT3,EDENS,4
IF,EDENS,41.116392,-90.048528, ,0.0,0.0,0,0,0,0,0,0,0,0
TF,HERWK,41.188464,-88.498447,0, ,0.0,0.0,0.0,0.0,1,10000,0,0,0,0,0,0
TF,UJEAN,41.207264,-88.087153,0, ,0.0,0.0,0.0,0.0,1,10000,0,0,0,0,0,0
TF,LUCIT,41.232342,-87.423722,0, ,0.0,0.0,0.0,0.0,1,4000,0,0,0,0,0,0

STAR,LUCIT3,HERWK,4
IF,HERWK,41.188464,-88.498447, ,0.0,0.0,1,10000,0,0,0,0,0,0
TF,UJEAN,41.207264,-88.087153,0, ,0.0,0.0,0.0,0.0,1,10000,0,0,0,0,0,0
TF,LUCIT,41.232342,-87.423722,0, ,0.0,0.0,0.0,0.0,1,4000,0,0,0,0,0,0

STAR,LUCIT3,HLMIT,4
IF,HLMIT,40.647956,-87.110894, ,0.0,0.0,1,12000,0,0,0,0,0,0
TF,POSOC,40.808153,-87.199797,0, ,0.0,0.0,0.0,0.0,1,11000,0,0,0,0,0,0
TF,GRIDZ,40.966439,-87.282236,0, ,0.0,0.0,0.0,0.0,4,10000,8000,0,0,0,0,0
TF,LUCIT,41.232342,-87.423722,0, ,0.0,0.0,0.0,0.0,1,4000,0,0,0,0,0,0

STAR,LUCIT3,MACES,4
IF,MACES,40.003681,-86.722950, ,0.0,0.0,0,0,0,0,0,0,0,0
TF,KKOPA,40.180458,-86.833108,0, ,0.0,0.0,0.0,0.0,1,24000,0,0,0,0,0,0
TF,HLMIT,40.647956,-87.110894,0, ,0.0,0.0,0.0,0.0,1,12000,0,0,0,0,0,0
TF,POSOC,40.808153,-87.199797,0, ,0.0,0.0,0.0,0.0,1,11000,0,0,0,0,0,0
TF,GRIDZ,40.966439,-87.282236,0, ,0.0,0.0,0.0,0.0,4,10000,8000,0,0,0,0,0
TF,LUCIT,41.232342,-87.423722,0, ,0.0,0.0,0.0,0.0,1,4000,0,0,0,0,0,0

STAR,LUCIT3,SOHOW,4
IF,SOHOW,39.840381,-89.677064, ,0.0,0.0,0,0,0,0,0,0,0,0
TF,HAAYQ,40.286594,-89.214119,0, ,0.0,0.0,0.0,0.0,1,24000,0,0,0,0,0,0
TF,WUNTZ,40.425853,-89.071956,0, ,0.0,0.0,0.0,0.0,0,0,0,0,0,0,0,0
TF,COOKS,40.545231,-88.765158,0, ,0.0,0.0,0.0,0.0,1,17000,0,0,0,0,0,0
TF,DABOZ,40.663842,-88.502097,0, ,0.0,0.0,0.0,0.0,1,17000,0,0,0,0,0,0
TF,USTIS,40.762225,-88.296547,0, ,0.0,0.0,0.0,0.0,1,15000,0,0,0,0,0,0
TF,ROEPR,40.914364,-87.957431,0, ,0.0,0.0,0.0,0.0,4,13000,11000,0,0,0,0,0
TF,WYDIK,41.003589,-87.756769,0, ,0.0,0.0,0.0,0.0,4,11000,8000,0,0,0,0,0
TF,LUCIT,41.232342,-87.423722,0, ,0.0,0.0,0.0,0.0,1,4000,0,0,0,0,0,0

STAR,LUCIT3,ALL,5
IF,LUCIT,41.232342,-87.423722, ,0.0,0.0,1,4000,0,0,0,0,0,0
TF,YOGRT,41.400306,-87.418950,0, ,0.0,0.0,0.0,0.0,1,4000,0,0,0,0,0,1
FM,YOGRT,41.400306,-87.418950,0,GUS,0.0,0.0,39.0,0,0,0,0,0,0,0,0

STAR,PANGG7,ASHEN,4
IF,ASHEN,41.480492,-84.646750, ,0.0,0.0,0,0,0,0,0,0,0,0
TF,FNLYY,41.512322,-85.502867,0, ,0.0,0.0,0.0,0.0,1,24000,0,0,0,0,0,0
TF,BAGEL,41.515975,-85.613689,0, ,0.0,0.0,0.0,0.0,0,0,0,0,0,0,0,0
TF,PANGG,41.525008,-86.072331,0, ,0.0,0.0,0.0,0.0,0,0,0,0,0,0,0,0

STAR,PANGG7,BAGEL,4
IF,BAGEL,41.515975,-85.613689, ,0.0,0.0,0,0,0,0,0,0,0,0
TF,PANGG,41.525008,-86.072331,0, ,0.0,0.0,0.0,0.0,0,0,0,0,0,0,0,0

STAR,PANGG7,FWA,4
IF,FWA,40.979064,-85.188058, ,0.0,0.0,0,0,0,0,0,0,0,0
TF,MAKKI,41.444519,-85.556564,0, ,0.0,0.0,0.0,0.0,1,24000,0,0,0,0,0,0
TF,BAGEL,41.515975,-85.613689,0, ,0.0,0.0,0.0,0.0,0,0,0,0,0,0,0,0
TF,PANGG,41.525008,-86.072331,0, ,0.0,0.0,0.0,0.0,0,0,0,0,0,0,0,0

STAR,PANGG7,LLTCH,4
IF,LLTCH,42.062272,-84.765475, ,0.0,0.0,0,0,0,0,0,0,0,0
TF,BRTTN,41.570639,-85.529894,0, ,0.0,0.0,0.0,0.0,1,24000,0,0,0,0,0,0
TF,BAGEL,41.515975,-85.613689,0, ,0.0,0.0,0.0,0.0,0,0,0,0,0,0,0,0
TF,PANGG,41.525008,-86.072331,0, ,0.0,0.0,0.0,0.0,0,0,0,0,0,0,0,0

STAR,PANGG7,ALL,5
IF,PANGG,41.525008,-86.072331, ,0.0,0.0,0,0,0,0,0,0,0,0
TF,MEGGZ,41.523411,-86.395736,0, ,0.0,0.0,0.0,0.0,1,11000,0,0,0,0,0,0
TF,AWSUM,41.522150,-86.573153,0, ,0.0,0.0,0.0,0.0,1,10000,0,0,0,0,0,0
TF,IROCK,41.519092,-86.905197,0, ,0.0,0.0,0.0,0.0,0,0,0,0,0,0,0,0
TF,HALIE,41.516069,-87.158875,0, ,0.0,0.0,0.0,0.0,1,6000,0,0,0,0,0,0
TF,JOSSH,41.509953,-87.224931,0, ,0.0,0.0,0.0,0.0,1,6000,0,0,0,0,0,1
FM,JOSSH,41.509953,-87.224931,0,VIO,0.0,0.0,267.0,0,0,0,0,0,0,0,0

