APPTR,R10,10,IXULY
IF,IXULY,41.584039,-82.854650, ,0.0,0.0,0,0,0,1,110,0,1,0
TF,HAXAC,41.692047,-82.938689,0, ,0.0,0.0,0.0,0.0,2,2100,0,0,0,0,1,0

APPTR,R10,10,NIKGY
IF,NIKGY,41.749233,-82.984942, ,0.0,0.0,0,0,0,1,110,0,1,0
TF,HAXAC,41.692047,-82.938689,0, ,0.0,0.0,0.0,0.0,2,2100,0,0,0,0,1,0

FINAL,R10,10,R,3
IF,HAXAC,41.692047,-82.938689, ,0.0,0.0,2,2100,0,1,110,0,0,0
TF,EMIHO,41.692767,-82.871733,0, ,0.0,0.0,97.0,3.0,2,1600,0,1,70,0,2,0
TF,CEMKI,41.689453,-82.822992,0, ,0.0,0.0,103.0,2.2,1,1080,0,0,0,0,3,1
CA,0,103.0,2,1080,0,0,0,0,0,0
DF,AYHEB,41.506011,-82.828078,2, ,0.0,0.0,2,2300,0,1,70,0,0,1
HM,AYHEB,41.506011,-82.828078,2, ,0.0,0.0,97.0,04,0,0,0,1,90,0,0,0,0

