SID,SINGG1,22,2
VA,0,216.0,2,2300,0,0,0,0,0,0
DF,SINGG,47.991667,-119.000000,2, ,0.0,0.0,0,0,0,0,0,0,0,0

APPTR,R22-Y,22,SINGG
IF,SINGG,47.991667,-119.000000, ,0.0,0.0,0,0,0,0,0,0,0,0
TF,JEBPO,47.934747,-118.790486,0, ,0.0,0.0,0.0,0.0,2,5600,0,1,210,0,0,1
HF,JEBPO,47.934747,-118.790486,1, ,0.0,0.0,260.0,06,2,5600,0,0,0,0,1,0,0

FINAL,R22-Y,22,R,4
IF,JEBPO,47.934747,-118.790486, ,0.0,0.0,2,5600,0,1,210,0,0,0
TF,YIVUK,47.947764,-118.906119,0, ,0.0,0.0,265.0,4.7,2,4500,0,0,0,0,0,0
TF,HEBIL,47.954286,-118.964986,0, ,0.0,0.0,264.0,2.4,2,3800,0,0,0,0,2,0
TF,BECTO,47.930786,-119.066772,0, ,0.0,0.0,236.0,4.3,1,1853,0,0,0,0,3,1
CA,0,236.0,2,1993,0,0,0,0,0,0
DF,SCALK,47.884786,-119.264642,0, ,0.0,0.0,0,0,0,0,0,0,0,0
TF,KLSEY,48.013433,-119.559919,0, ,0.0,0.0,0.0,0.0,2,7700,0,1,210,0,0,1
HM,KLSEY,48.013433,-119.559919,2, ,0.0,0.0,78.0,06,2,7700,0,0,0,0,0,0,0

APPTR,R22-Z,22,SINGG
IF,SINGG,47.991667,-119.000000, ,0.0,0.0,0,0,0,0,0,0,0,0
TF,JEBPO,47.934747,-118.790486,0, ,0.0,0.0,0.0,0.0,2,5600,0,1,210,0,0,1
HF,JEBPO,47.934747,-118.790486,1, ,0.0,0.0,260.0,06,2,5600,0,0,0,0,1,0,0

FINAL,R22-Z,22,R,5
IF,JEBPO,47.934747,-118.790486, ,0.0,0.0,2,5600,0,1,210,0,0,0
TF,YIVUK,47.947764,-118.906119,0, ,0.0,0.0,265.0,4.7,2,4500,0,0,0,0,0,0
TF,HEBIL,47.954286,-118.964986,0, ,0.0,0.0,264.0,2.4,2,3800,0,0,0,0,2,0
TF,ZALUD,47.941964,-119.018414,0, ,0.0,0.0,236.0,2.3,2,2780,0,0,0,0,0,0
TF,BECTO,47.930786,-119.066772,0, ,0.0,0.0,236.0,2.1,1,1853,0,0,0,0,3,1
CA,0,236.0,2,1993,0,0,0,0,0,0
DF,SCALK,47.884786,-119.264642,0, ,0.0,0.0,0,0,0,0,0,0,0,0
TF,KLSEY,48.013433,-119.559919,0, ,0.0,0.0,0.0,0.0,2,7700,0,1,210,0,0,1
HM,KLSEY,48.013433,-119.559919,2, ,0.0,0.0,78.0,06,2,7700,0,0,0,0,0,0,0

