APPTR,R02,02,DRESS
HF,DRESS,41.518317,-72.886000,2, ,0.0,0.0,19.0,04,2,3000,0,0,0,0,1,0,0

APPTR,R02,02,MAD
IF,MAD,41.313861,-72.692203, ,0.0,0.0,0,0,0,0,0,0,1,0
TF,DRESS,41.518317,-72.886000,0, ,0.0,0.0,0.0,0.0,2,3000,0,0,0,0,1,0

FINAL,R02,02,R,5
IF,DRESS,41.518317,-72.886000, ,0.0,0.0,2,3000,0,0,0,0,0,0
TF,ZEPVI,41.576036,-72.878864,0, ,0.0,0.0,19.0,3.5,2,2000,0,0,0,0,0,0
TF,UTUBE,41.596678,-72.876261,0, ,0.0,0.0,19.0,1.2,2,1900,0,0,0,0,2,0
TF,JUBEB,41.652983,-72.869239,0, ,0.0,0.0,19.0,3.4,2,840,0,0,0,0,0,0
TF,RW02,41.684336,-72.865322,0, ,0.0,0.0,19.0,1.9,1,219,0,0,0,0,3,1
CA,0,19.0,2,1900,0,0,0,0,0,0
DF,BRISS,41.702600,-73.016708,1, ,0.0,0.0,2,3000,0,0,0,0,0,1
HM,BRISS,41.702600,-73.016708,1, ,0.0,0.0,57.0,04,0,0,0,0,0,0,0,0,0

APPTR,R20,20,HFD
IF,HFD,41.641106,-72.547417, ,0.0,0.0,0,0,0,0,0,0,0,0
TF,CADDE,41.851603,-72.844378,0, ,0.0,0.0,0.0,0.0,2,3300,0,0,0,0,0,1
HF,CADDE,41.851603,-72.844378,2, ,0.0,0.0,120.0,04,2,3300,0,0,0,0,1,0,0

FINAL,R20,20,R,4
IF,CADDE,41.851603,-72.844378, ,0.0,0.0,2,3300,0,0,0,0,0,0
TF,BOWGI,41.781997,-72.853100,0, ,0.0,0.0,199.0,4.2,2,2200,0,0,0,0,2,0
TF,THALN,41.722139,-72.860594,0, ,0.0,0.0,199.0,3.6,2,860,0,0,0,0,0,0
TF,RW20,41.694350,-72.864069,0, ,0.0,0.0,199.0,1.7,1,238,0,0,0,0,3,1
CA,0,199.0,2,580,0,0,0,0,0,0
DF,DRESS,41.518317,-72.886000,0, ,0.0,0.0,2,3000,0,0,0,0,0,1
HM,DRESS,41.518317,-72.886000,2, ,0.0,0.0,19.0,04,2,3000,0,0,0,0,0,0,0

