APPTR,R02,02,PIVIE
IF,PIVIE,33.701531,-94.857100, ,0.0,0.0,0,0,0,1,200,0,1,0
TF,RUVOC,33.734336,-94.948969,0, ,0.0,0.0,0.0,0.0,2,2500,0,1,180,0,1,0

APPTR,R02,02,RUVOC
HF,RUVOC,33.734336,-94.948969,2, ,0.0,0.0,20.0,04,2,2500,0,0,0,0,1,0,0

APPTR,R02,02,TIPUC
IF,TIPUC,33.767072,-95.040906, ,0.0,0.0,0,0,0,1,200,0,1,0
TF,RUVOC,33.734336,-94.948969,0, ,0.0,0.0,0.0,0.0,2,2500,0,1,180,0,1,0

FINAL,R02,02,R,4
IF,RUVOC,33.734336,-94.948969, ,0.0,0.0,2,2500,0,1,180,0,0,0
TF,WOSAT,33.826467,-94.901850,0, ,0.0,0.0,20.0,6.0,2,2100,0,0,0,0,2,0
TF,FANOD,33.878533,-94.875175,0, ,0.0,0.0,20.0,3.4,2,1020,0,0,0,0,0,0
TF,RW02,33.903042,-94.862606,0, ,0.0,0.0,20.0,1.6,1,512,0,0,0,0,3,1
CA,0,20.0,2,722,0,0,0,0,0,0
DF,ZUTEM,34.094419,-94.764153,0, ,0.0,0.0,2,3000,0,0,0,0,0,1
HM,ZUTEM,34.094419,-94.764153,2, ,0.0,0.0,200.0,04,0,0,0,0,0,0,0,0,0

APPTR,R20,20,WANIL
IF,WANIL,34.061469,-94.671975, ,0.0,0.0,0,0,0,1,200,0,1,0
TF,ZUTEM,34.094419,-94.764153,0, ,0.0,0.0,0.0,0.0,2,3000,0,1,180,0,1,0

APPTR,R20,20,YIDNU
IF,YIDNU,34.127300,-94.856406, ,0.0,0.0,0,0,0,1,200,0,1,0
TF,ZUTEM,34.094419,-94.764153,0, ,0.0,0.0,0.0,0.0,2,3000,0,1,180,0,1,0

APPTR,R20,20,ZUTEM
HF,ZUTEM,34.094419,-94.764153,2, ,0.0,0.0,200.0,04,2,3000,0,0,0,0,1,0,0

FINAL,R20,20,R,4
IF,ZUTEM,34.094419,-94.764153, ,0.0,0.0,2,3000,0,1,180,0,0,0
TF,WIRED,34.002369,-94.811569,0, ,0.0,0.0,200.0,6.0,2,2300,0,0,0,0,2,0
TF,GRECO,33.964781,-94.830900,0, ,0.0,0.0,200.0,2.5,2,1520,0,0,0,0,0,0
TF,RW20,33.915681,-94.856119,0, ,0.0,0.0,200.0,3.2,1,501,0,0,0,0,3,1
CA,0,200.0,2,713,0,0,0,0,0,0
DF,RUVOC,33.734336,-94.948969,0, ,0.0,0.0,2,2500,0,0,0,0,0,1
HM,RUVOC,33.734336,-94.948969,2, ,0.0,0.0,20.0,04,0,0,0,0,0,0,0,0,0

