APPTR,R01,01,CAGOD
IF,CAGOD,41.940872,-98.204122, ,0.0,0.0,0,0,0,0,0,0,1,0
TF,HEMED,41.922861,-98.095111,0, ,0.0,0.0,0.0,0.0,2,4400,0,0,0,0,1,0

APPTR,R01,01,HEMED
HF,HEMED,41.922861,-98.095111,2, ,0.0,0.0,8.0,05,2,4400,0,0,0,0,1,0,0

APPTR,R01,01,PLACA
IF,PLACA,41.904750,-97.986161, ,0.0,0.0,0,0,0,0,0,0,1,0
TF,HEMED,41.922861,-98.095111,0, ,0.0,0.0,0.0,0.0,2,4400,0,0,0,0,1,0

FINAL,R01,01,R,4
IF,HEMED,41.922861,-98.095111, ,0.0,0.0,2,4400,0,0,0,0,0,0
TF,FERUG,42.013900,-98.068017,0, ,0.0,0.0,8.0,5.6,2,3600,0,0,0,0,2,0
TF,OCOBO,42.070114,-98.051244,0, ,0.0,0.0,8.0,3.5,2,2500,0,0,0,0,0,0
TF,RW01,42.105156,-98.040775,0, ,0.0,0.0,8.0,2.2,1,1815,0,0,0,0,3,1
CA,0,8.0,2,1974,0,0,0,0,0,0
DF,MODPY,42.298958,-97.982667,0, ,0.0,0.0,2,4400,0,0,0,0,0,1
HM,MODPY,42.298958,-97.982667,2, ,0.0,0.0,188.0,05,2,4400,0,0,0,0,0,0,0

APPTR,R19,19,ENEYA
IF,ENEYA,42.280739,-97.873103, ,0.0,0.0,0,0,0,0,0,0,1,0
TF,MODPY,42.298958,-97.982667,0, ,0.0,0.0,0.0,0.0,2,4400,0,0,0,0,1,0

APPTR,R19,19,MODPY
HF,MODPY,42.298958,-97.982667,2, ,0.0,0.0,188.0,05,2,4400,0,0,0,0,1,0,0

APPTR,R19,19,PIVEE
IF,PIVEE,42.317072,-98.092294, ,0.0,0.0,0,0,0,0,0,0,1,0
TF,MODPY,42.298958,-97.982667,0, ,0.0,0.0,0.0,0.0,2,4400,0,0,0,0,1,0

FINAL,R19,19,R,4
IF,MODPY,42.298958,-97.982667, ,0.0,0.0,2,4400,0,0,0,0,0,0
TF,AMDIZ,42.195111,-98.013847,0, ,0.0,0.0,188.0,6.4,2,3600,0,0,0,0,2,0
TF,BIMPY,42.146947,-98.028275,0, ,0.0,0.0,188.0,3.0,2,2500,0,0,0,0,0,0
TF,RW19,42.115067,-98.037811,0, ,0.0,0.0,188.0,2.0,1,1771,0,0,0,0,3,1
CA,0,188.0,2,2174,0,0,0,0,0,0
DF,HEMED,41.922861,-98.095111,0, ,0.0,0.0,2,4400,0,0,0,0,0,1
HM,HEMED,41.922861,-98.095111,2, ,0.0,0.0,8.0,05,0,0,0,0,0,0,0,0,0

