APPTR,R11,11,PIGON
IF,PIGON,31.559328,-86.664217, ,0.0,0.0,0,0,0,0,0,0,1,0
TF,ZELAS,31.364083,-86.610336,0, ,0.0,0.0,0.0,0.0,2,2500,0,0,0,0,1,0

APPTR,R11,11,ROMEK
IF,ROMEK,31.185675,-86.671847, ,0.0,0.0,0,0,0,0,0,0,0,0
TF,ZELAS,31.364083,-86.610336,0, ,0.0,0.0,0.0,0.0,2,2500,0,0,0,0,0,1
HF,ZELAS,31.364083,-86.610336,2, ,0.0,0.0,109.0,04,2,2500,0,0,0,0,1,0,0

FINAL,R11,11,R,4
IF,ZELAS,31.364083,-86.610336, ,0.0,0.0,2,2500,0,0,0,0,0,0
TF,HIDAR,31.335461,-86.498044,0, ,0.0,0.0,109.0,6.0,2,2000,0,0,0,0,2,0
TF,YERUS,31.325042,-86.457367,0, ,0.0,0.0,109.0,2.2,2,1300,0,0,0,0,0,0
TF,RW11,31.310714,-86.401431,0, ,0.0,0.0,109.0,3.0,1,350,0,0,0,0,3,1
CA,0,109.0,2,615,0,0,0,0,0,0
DF,ALANE,31.253458,-86.179211,0, ,0.0,0.0,2,2000,0,0,0,0,0,1
HM,ALANE,31.253458,-86.179211,2, ,0.0,0.0,289.0,04,0,0,0,0,0,0,0,0,0

APPTR,R29,29,OZR
IF,OZR,31.268947,-85.726311, ,0.0,0.0,0,0,0,0,0,0,1,0
TF,ALANE,31.253458,-86.179211,0, ,0.0,0.0,0.0,0.0,2,2000,0,0,0,0,1,0

APPTR,R29,29,PIGON
IF,PIGON,31.559328,-86.664217, ,0.0,0.0,0,0,0,0,0,0,0,0
TF,ALANE,31.253458,-86.179211,0, ,0.0,0.0,0.0,0.0,2,2000,0,0,0,0,0,1
HF,ALANE,31.253458,-86.179211,2, ,0.0,0.0,289.0,04,2,2000,0,0,0,0,1,0,0

APPTR,R29,29,ROMEK
IF,ROMEK,31.185675,-86.671847, ,0.0,0.0,0,0,0,0,0,0,0,0
TF,ALANE,31.253458,-86.179211,0, ,0.0,0.0,0.0,0.0,2,2000,0,0,0,0,0,1
HF,ALANE,31.253458,-86.179211,2, ,0.0,0.0,289.0,04,2,2000,0,0,0,0,1,0,0

FINAL,R29,29,R,4
IF,ALANE,31.253458,-86.179211, ,0.0,0.0,2,2000,0,0,0,0,0,0
TF,JAZZU,31.287106,-86.309581,0, ,0.0,0.0,289.0,7.0,2,1600,0,0,0,0,2,0
TF,WEDIP,31.296411,-86.345753,0, ,0.0,0.0,289.0,1.9,2,980,0,0,0,0,0,0
TF,RW29,31.305989,-86.383025,0, ,0.0,0.0,289.0,2.0,1,345,0,0,0,0,3,1
CA,0,289.0,2,620,0,0,0,0,0,0
DF,ZELAS,31.364083,-86.610336,0, ,0.0,0.0,2,2500,0,0,0,0,0,1
HM,ZELAS,31.364083,-86.610336,2, ,0.0,0.0,109.0,04,0,0,0,0,0,0,0,0,0

