APPTR,R11,11,PUNGO
IF,PUNGO,35.610553,-76.450919, ,0.0,0.0,0,0,0,0,0,0,1,0
TF,FANDU,35.595497,-76.188414,0, ,0.0,0.0,0.0,0.0,2,2500,0,0,0,0,1,0

FINAL,R11,11,R,4
IF,FANDU,35.595497,-76.188414, ,0.0,0.0,2,2500,0,0,0,0,0,0
TF,LULUZ,35.578464,-76.068883,0, ,0.0,0.0,109.0,5.9,2,1700,0,0,0,0,2,0
TF,WINAS,35.567844,-75.995606,0, ,0.0,0.0,109.0,3.6,2,540,0,0,0,0,0,0
TF,RW11,35.563314,-75.964431,0, ,0.0,0.0,109.0,1.6,1,47,0,0,0,0,3,1
CA,0,109.0,2,500,0,0,0,0,0,0
DF,PUNGO,35.610553,-76.450919,2, ,0.0,0.0,2,3000,0,0,0,0,0,1
HM,PUNGO,35.610553,-76.450919,2, ,0.0,0.0,102.0,04,0,0,0,0,0,0,0,0,0

