APPTR,R18,18,GEGEE
HF,GEGEE,34.395339,-95.650653,2, ,0.0,0.0,178.0,04,2,3000,0,0,0,0,1,0,0

APPTR,R18,18,HAUNN
IF,HAUNN,34.395569,-95.549953, ,0.0,0.0,0,0,0,0,0,0,1,0
TF,GEGEE,34.395339,-95.650653,0, ,0.0,0.0,0.0,0.0,2,3000,0,0,0,0,1,0

APPTR,R18,18,TRYYB
IF,TRYYB,34.395028,-95.751356, ,0.0,0.0,0,0,0,0,0,0,1,0
TF,GEGEE,34.395339,-95.650653,0, ,0.0,0.0,0.0,0.0,2,3000,0,0,0,0,1,0

FINAL,R18,18,R,4
IF,GEGEE,34.395339,-95.650653, ,0.0,0.0,2,3000,0,0,0,0,0,0
TF,RUFYU,34.308356,-95.650314,0, ,0.0,0.0,178.0,5.2,2,2700,0,0,0,0,2,0
TF,SANCO,34.238108,-95.650039,0, ,0.0,0.0,178.0,4.2,2,1360,0,0,0,0,0,0
TF,RW18,34.199064,-95.649886,0, ,0.0,0.0,178.0,2.3,1,615,0,0,0,0,3,1
CA,0,178.0,2,977,0,0,0,0,0,0
DF,TIDSE,33.988958,-95.649067,0, ,0.0,0.0,2,3000,0,0,0,0,0,1
HM,TIDSE,33.988958,-95.649067,2, ,0.0,0.0,358.0,04,0,0,0,0,0,0,0,0,0

APPTR,R36,36,BUUKK
IF,BUUKK,33.988647,-95.749286, ,0.0,0.0,0,0,0,0,0,0,1,0
TF,TIDSE,33.988958,-95.649067,0, ,0.0,0.0,0.0,0.0,2,3000,0,0,0,0,1,0

APPTR,R36,36,DEEAR
IF,DEEAR,33.989189,-95.548847, ,0.0,0.0,0,0,0,0,0,0,1,0
TF,TIDSE,33.988958,-95.649067,0, ,0.0,0.0,0.0,0.0,2,3000,0,0,0,0,1,0

APPTR,R36,36,TIDSE
HF,TIDSE,33.988958,-95.649067,2, ,0.0,0.0,358.0,04,2,3000,0,0,0,0,1,0,0

FINAL,R36,36,R,4
IF,TIDSE,33.988958,-95.649067, ,0.0,0.0,2,3000,0,0,0,0,0,0
TF,MUGYA,34.089136,-95.649456,0, ,0.0,0.0,358.0,6.0,2,2500,0,0,0,0,2,0
TF,JKIID,34.155194,-95.649714,0, ,0.0,0.0,358.0,4.0,2,1240,0,0,0,0,0,0
TF,RW36,34.188072,-95.649842,0, ,0.0,0.0,358.0,2.0,1,613,0,0,0,0,3,1
CA,0,358.0,2,911,0,0,0,0,0,0
DF,GEGEE,34.395339,-95.650653,0, ,0.0,0.0,2,3000,0,0,0,0,0,1
HM,GEGEE,34.395339,-95.650653,2, ,0.0,0.0,178.0,04,0,0,0,0,0,0,0,0,0

