APPTR,R08,08,WETEN
HF,WETEN,41.152222,-104.431028,2, ,0.0,0.0,83.0,07,2,9300,0,0,0,0,1,0,0

FINAL,R08,08,R,4
IF,WETEN,41.152222,-104.431028, ,0.0,0.0,2,9300,0,0,0,0,0,0
TF,KOODE,41.152364,-104.276586,0, ,0.0,0.0,83.0,7.0,2,7100,0,0,0,0,2,0
TF,ZIDOK,41.152453,-104.189311,0, ,0.0,0.0,83.0,4.0,2,5840,0,0,0,0,0,0
TF,RW08,41.152475,-104.144433,0, ,0.0,0.0,83.0,2.0,1,5192,0,0,0,0,3,1
CA,0,83.0,2,5800,0,0,0,0,0,0
DF,SHOOP,40.881836,-104.267086,2, ,0.0,0.0,2,9300,0,0,0,0,0,1
HM,SHOOP,40.881836,-104.267086,2, ,0.0,0.0,292.0,07,2,9300,0,0,0,0,0,0,0

APPTR,R26,26,WYLMA
HF,WYLMA,41.152339,-103.857669,2, ,0.0,0.0,263.0,07,2,8200,0,0,0,0,1,0,0

FINAL,R26,26,R,4
IF,WYLMA,41.152339,-103.857669, ,0.0,0.0,2,8200,0,0,0,0,0,0
TF,TAYBL,41.152431,-104.012111,0, ,0.0,0.0,263.0,7.0,2,6800,0,0,0,0,2,0
TF,HARNU,41.152472,-104.082761,0, ,0.0,0.0,263.0,3.2,2,5780,0,0,0,0,0,0
TF,RW26,41.152478,-104.125086,0, ,0.0,0.0,263.0,1.9,1,5169,0,0,0,0,3,1
CA,0,263.0,2,5600,0,0,0,0,0,0
DF,SHOOP,40.881836,-104.267086,0, ,0.0,0.0,2,8500,0,0,0,0,0,1
HM,SHOOP,40.881836,-104.267086,2, ,0.0,0.0,199.0,07,0,0,0,0,0,0,0,0,0

