APPTR,R10-A,10,SODRR
HF,SODRR,40.868611,-82.591233,2, ,0.0,0.0,335.0,04,2,3000,0,0,0,0,1,0,0

FINAL,R10-A,10,R,3
IF,SODRR,40.868611,-82.591233, ,0.0,0.0,2,3000,0,0,0,0,0,0
TF,YUMAN,40.976106,-82.675261,0, ,0.0,0.0,335.0,7.5,2,3000,0,0,0,0,2,0
TF,MAJOJ,41.036694,-82.722944,0, ,0.0,0.0,335.0,4.2,1,1700,0,0,0,0,3,1
CA,0,335.0,2,1700,0,0,0,0,0,0
DF,SODRR,40.868611,-82.591233,2, ,0.0,0.0,2,3000,0,0,0,0,0,1
HM,SODRR,40.868611,-82.591233,2, ,0.0,0.0,335.0,04,0,0,0,0,0,0,0,0,0

APPTR,R28-A,28,SODRR
HF,SODRR,40.868611,-82.591233,2, ,0.0,0.0,335.0,04,2,3000,0,0,0,0,1,0,0

FINAL,R28-A,28,R,3
IF,SODRR,40.868611,-82.591233, ,0.0,0.0,2,3000,0,0,0,0,0,0
TF,YUMAN,40.976106,-82.675261,0, ,0.0,0.0,335.0,7.5,2,3000,0,0,0,0,2,0
TF,MAJOJ,41.036694,-82.722944,0, ,0.0,0.0,335.0,4.2,1,1700,0,0,0,0,3,1
CA,0,335.0,2,1700,0,0,0,0,0,0
DF,SODRR,40.868611,-82.591233,2, ,0.0,0.0,2,3000,0,0,0,0,0,1
HM,SODRR,40.868611,-82.591233,2, ,0.0,0.0,335.0,04,0,0,0,0,0,0,0,0,0

