APPTR,R15,15,JOLIB
HF,JOLIB,34.749075,-88.774783,2, ,0.0,0.0,147.0,04,2,2500,0,0,0,0,1,0,0

FINAL,R15,15,R,4
IF,JOLIB,34.749075,-88.774783, ,0.0,0.0,2,2500,0,0,0,0,0,0
TF,JUNFU,34.665450,-88.707531,0, ,0.0,0.0,147.0,6.0,2,2000,0,0,0,0,2,0
TF,HOGAB,34.629556,-88.678714,0, ,0.0,0.0,147.0,2.6,2,1160,0,0,0,0,0,0
TF,RW15,34.597603,-88.653086,0, ,0.0,0.0,147.0,2.3,1,447,0,0,0,0,3,1
CA,0,147.0,2,777,0,0,0,0,0,0
DF,MANIL,34.434111,-88.522361,0, ,0.0,0.0,2,2500,0,0,0,0,0,1
HM,MANIL,34.434111,-88.522361,2, ,0.0,0.0,328.0,04,0,0,0,0,0,0,0,0,0

APPTR,R33,33,MANIL
HF,MANIL,34.434111,-88.522361,2, ,0.0,0.0,328.0,04,2,2500,0,0,0,0,1,0,0

FINAL,R33,33,R,4
IF,MANIL,34.434111,-88.522361, ,0.0,0.0,2,2500,0,0,0,0,0,0
TF,DASWY,34.517303,-88.588800,0, ,0.0,0.0,328.0,6.0,2,2000,0,0,0,0,2,0
TF,JETEB,34.555525,-88.619381,0, ,0.0,0.0,328.0,2.8,2,1120,0,0,0,0,0,0
TF,RW33,34.586144,-88.643903,0, ,0.0,0.0,328.0,2.2,1,425,0,0,0,0,3,1
CA,0,328.0,2,679,0,0,0,0,0,0
DF,JOLIB,34.749075,-88.774783,0, ,0.0,0.0,2,2500,0,0,0,0,0,1
HM,JOLIB,34.749075,-88.774783,2, ,0.0,0.0,147.0,04,0,0,0,0,0,0,0,0,0

