APPTR,R13,13,SELIE
HF,SELIE,28.486886,-98.253108,2, ,0.0,0.0,133.0,04,2,2000,0,0,0,0,1,0,0

APPTR,R13,13,SLENA
IF,SLENA,28.543975,-98.196636, ,0.0,0.0,0,0,0,1,220,0,1,0
TF,SELIE,28.486886,-98.253108,0, ,0.0,0.0,0.0,0.0,2,2000,0,0,0,0,1,0

FINAL,R13,13,R,4
IF,SELIE,28.486886,-98.253108, ,0.0,0.0,2,2000,0,0,0,0,0,0
TF,DORKY,28.427414,-98.187583,0, ,0.0,0.0,133.0,5.0,2,1800,0,0,0,0,2,0
TF,HARTA,28.403350,-98.161083,0, ,0.0,0.0,133.0,2.0,2,1160,0,0,0,0,0,0
TF,RW13,28.366547,-98.120586,0, ,0.0,0.0,133.0,3.1,1,181,0,0,0,0,3,1
CA,0,133.0,2,700,0,0,0,0,0,0
DF,SLENA,28.543975,-98.196636,1, ,0.0,0.0,2,2000,0,0,0,0,0,1
HM,SLENA,28.543975,-98.196636,2, ,0.0,0.0,221.0,04,0,0,0,0,0,0,0,0,0

