APPTR,R13,13,CISPU
IF,CISPU,45.734394,-105.819725, ,0.0,0.0,0,0,0,0,0,0,0,0
TF,POCCI,45.945950,-104.849783,0, ,0.0,0.0,0.0,0.0,2,8000,0,0,0,0,1,0
TF,ELTRO,46.023586,-104.724922,0, ,0.0,0.0,0.0,0.0,2,7000,0,0,0,0,1,0

APPTR,R13,13,DIK
IF,DIK,46.860039,-102.773500, ,0.0,0.0,0,0,0,0,0,0,0,0
TF,HABAS,46.101083,-104.599714,0, ,0.0,0.0,0.0,0.0,2,8000,0,0,0,0,1,0
TF,ELTRO,46.023586,-104.724922,0, ,0.0,0.0,0.0,0.0,2,7000,0,0,0,0,1,0

APPTR,R13,13,ELTRO
HF,ELTRO,46.023586,-104.724922,2, ,0.0,0.0,130.0,07,2,7000,0,0,0,0,1,0,0

APPTR,R13,13,HITOS
IF,HITOS,44.658081,-105.604125, ,0.0,0.0,0,0,0,0,0,0,0,0
TF,POCCI,45.945950,-104.849783,0, ,0.0,0.0,0.0,0.0,2,8000,0,0,0,0,1,0
TF,ELTRO,46.023586,-104.724922,0, ,0.0,0.0,0.0,0.0,2,7000,0,0,0,0,1,0

FINAL,R13,13,R,3
IF,ELTRO,46.023586,-104.724922, ,0.0,0.0,2,7000,0,0,0,0,0,0
TF,DUPRE,45.942267,-104.621181,0, ,0.0,0.0,130.0,6.5,2,5100,0,0,0,0,2,0
TF,RW13,45.880381,-104.542514,0, ,0.0,0.0,130.0,5.0,1,3519,0,0,0,0,3,1
CA,0,130.0,2,3905,0,0,0,0,0,0
DF,DUWOP,45.730308,-104.352758,0, ,0.0,0.0,2,7000,0,0,0,0,0,1
HM,DUWOP,45.730308,-104.352758,2, ,0.0,0.0,311.0,07,2,7000,0,0,0,0,0,0,0

APPTR,R31,31,CISPU
IF,CISPU,45.734394,-105.819725, ,0.0,0.0,0,0,0,0,0,0,0,0
TF,POTTA,45.653075,-104.477481,0, ,0.0,0.0,0.0,0.0,2,8000,0,0,0,0,1,0
TF,DUWOP,45.730308,-104.352758,0, ,0.0,0.0,0.0,0.0,2,7000,0,0,0,0,1,0

APPTR,R31,31,DIK
IF,DIK,46.860039,-102.773500, ,0.0,0.0,0,0,0,0,0,0,0,0
TF,HAFNE,45.854144,-104.151592,0, ,0.0,0.0,0.0,0.0,2,8000,0,0,0,0,1,0
TF,DUWOP,45.730308,-104.352758,0, ,0.0,0.0,0.0,0.0,2,7000,0,0,0,0,1,0

APPTR,R31,31,DUWOP
HF,DUWOP,45.730308,-104.352758,2, ,0.0,0.0,311.0,07,2,7000,0,0,0,0,1,0,0

APPTR,R31,31,HITOS
IF,HITOS,44.658081,-105.604125, ,0.0,0.0,0,0,0,0,0,0,0,0
TF,POTTA,45.653075,-104.477481,0, ,0.0,0.0,0.0,0.0,2,8000,0,0,0,0,1,0
TF,DUWOP,45.730308,-104.352758,0, ,0.0,0.0,0.0,0.0,2,7000,0,0,0,0,1,0

FINAL,R31,31,R,4
IF,DUWOP,45.730308,-104.352758, ,0.0,0.0,2,7000,0,0,0,0,0,0
TF,HALIX,45.808331,-104.451233,0, ,0.0,0.0,311.0,6.3,2,5300,0,0,0,0,2,0
TF,CLADE,45.830367,-104.479117,0, ,0.0,0.0,311.0,1.8,2,4700,0,0,0,0,0,0
TF,RW31,45.872589,-104.532628,0, ,0.0,0.0,311.0,3.4,1,3550,0,0,0,0,3,1
CA,0,311.0,2,3900,0,0,0,0,0,0
DF,ELTRO,46.023586,-104.724922,0, ,0.0,0.0,2,7000,0,0,0,0,0,1
HM,ELTRO,46.023586,-104.724922,2, ,0.0,0.0,130.0,07,2,7000,0,0,0,0,0,0,0

