APPTR,R12,12,GGW
IF,GGW,48.215306,-106.625419, ,0.0,0.0,0,0,0,0,0,0,0,0
TF,NIJBU,48.831306,-105.731489,0, ,0.0,0.0,0.0,0.0,2,4500,0,0,0,0,1,0
TF,GEMPE,48.915453,-105.609189,0, ,0.0,0.0,0.0,0.0,2,4500,0,0,0,0,1,0

APPTR,R12,12,ISN
IF,ISN,48.253414,-103.750661, ,0.0,0.0,0,0,0,0,0,0,0,0
TF,ROGUU,48.715850,-105.549739,0, ,0.0,0.0,0.0,0.0,2,6000,0,0,0,0,0,0
TF,NIJBU,48.831306,-105.731489,0, ,0.0,0.0,0.0,0.0,2,4500,0,0,0,0,1,0
TF,GEMPE,48.915453,-105.609189,0, ,0.0,0.0,0.0,0.0,2,4500,0,0,0,0,1,0

FINAL,R12,12,R,4
IF,GEMPE,48.915453,-105.609189, ,0.0,0.0,2,4500,0,0,0,0,0,0
TF,DOGNE,48.857617,-105.517903,0, ,0.0,0.0,122.0,5.0,2,3700,0,0,0,0,2,0
TF,CATMO,48.838031,-105.487083,0, ,0.0,0.0,122.0,1.7,2,3160,0,0,0,0,0,0
TF,RW12,48.811556,-105.445481,0, ,0.0,0.0,122.0,2.3,1,2430,0,0,0,0,3,1
CA,0,122.0,2,2900,0,0,0,0,0,0
DF,NIJBU,48.831306,-105.731489,2, ,0.0,0.0,2,4500,0,0,0,0,0,1
HM,NIJBU,48.831306,-105.731489,2, ,0.0,0.0,32.0,05,0,0,0,0,0,0,0,0,0

