APPTR,R15,15,AREWE
IF,AREWE,46.220822,-99.300056, ,0.0,0.0,0,0,0,0,0,0,1,0
TF,COLDE,46.171469,-99.452228,0, ,0.0,0.0,0.0,0.0,2,4000,0,0,0,0,1,0

APPTR,R15,15,COLDE
HF,COLDE,46.171469,-99.452228,2, ,0.0,0.0,151.0,04,2,4000,0,0,0,0,1,0,0

APPTR,R15,15,YEPUS
IF,YEPUS,46.121914,-99.604131, ,0.0,0.0,0,0,0,0,0,0,1,0
TF,COLDE,46.171469,-99.452228,0, ,0.0,0.0,0.0,0.0,2,4000,0,0,0,0,1,0

FINAL,R15,15,R,4
IF,COLDE,46.171469,-99.452228, ,0.0,0.0,2,4000,0,0,0,0,0,0
TF,WOOLS,46.111103,-99.411597,0, ,0.0,0.0,151.0,4.0,2,3800,0,0,0,0,2,0
TF,UJXUY,46.059917,-99.377219,0, ,0.0,0.0,151.0,3.4,2,2720,0,0,0,0,0,0
TF,RW15,46.028578,-99.356206,0, ,0.0,0.0,151.0,2.1,1,2059,0,0,0,0,3,1
CA,0,151.0,2,2408,0,0,0,0,0,0
DF,PESSO,45.875486,-99.253944,0, ,0.0,0.0,2,4000,0,0,0,0,0,1
HM,PESSO,45.875486,-99.253944,2, ,0.0,0.0,331.0,04,0,0,0,0,0,0,0,0,0

APPTR,R33,33,PESSO
HF,PESSO,45.875486,-99.253944,2, ,0.0,0.0,331.0,04,2,4000,0,0,0,0,1,0,0

APPTR,R33,33,SORDE
IF,SORDE,45.826194,-99.405217, ,0.0,0.0,0,0,0,0,0,0,1,0
TF,PESSO,45.875486,-99.253944,0, ,0.0,0.0,0.0,0.0,2,4000,0,0,0,0,1,0

APPTR,R33,33,SUNIE
IF,SUNIE,45.924578,-99.102408, ,0.0,0.0,0,0,0,0,0,0,1,0
TF,PESSO,45.875486,-99.253944,0, ,0.0,0.0,0.0,0.0,2,4000,0,0,0,0,1,0

FINAL,R33,33,R,4
IF,PESSO,45.875486,-99.253944, ,0.0,0.0,2,4000,0,0,0,0,0,0
TF,HAXOR,45.935911,-99.294233,0, ,0.0,0.0,331.0,4.0,2,3800,0,0,0,0,2,0
TF,ZOQXO,45.987125,-99.328456,0, ,0.0,0.0,331.0,3.4,2,2720,0,0,0,0,0,0
TF,RW33,46.017733,-99.348944,0, ,0.0,0.0,331.0,2.0,1,2074,0,0,0,0,3,1
CA,0,331.0,2,2360,0,0,0,0,0,0
DF,COLDE,46.171469,-99.452228,0, ,0.0,0.0,2,4000,0,0,0,0,0,1
HM,COLDE,46.171469,-99.452228,2, ,0.0,0.0,151.0,04,0,0,0,0,0,0,0,0,0

