SID,BHAVN1,06,1
CA,0,58.0,2,410,0,0,0,0,0,0
VM,0,0,0,58.0,1,2000,0,0,0,0,0,0

SID,BHAVN1,11,1
CA,0,111.0,2,410,0,0,0,0,0,0
VM,0,0,0,111.0,1,2000,0,0,0,0,0,0

SID,BHAVN1,24,1
CA,0,238.0,2,410,0,0,0,0,0,0
VM,0,0,0,238.0,1,2000,0,0,0,0,0,0

SID,BHAVN1,29,1
CA,0,291.0,2,410,0,0,0,0,0,0
VM,0,0,0,291.0,1,2000,0,0,0,0,0,0

STAR,BDR1,ALB,1
IF,ALB,42.747281,-73.803183, ,0.0,0.0,0,0,0,0,0,0,0,0
TF,ATHOS,42.247081,-73.812100,0, ,0.0,0.0,0.0,0.0,0,0,0,0,0,0,0,0
TF,PWL,41.769772,-73.600553,0, ,0.0,0.0,0.0,0.0,0,0,0,0,0,0,0,0

STAR,BDR1,DNY,1
IF,DNY,42.178281,-74.956942, ,0.0,0.0,0,0,0,0,0,0,0,0
TF,PETER,42.205258,-74.530625,0, ,0.0,0.0,0.0,0.0,0,0,0,0,0,0,0,0
TF,CYPER,42.108992,-74.273756,0, ,0.0,0.0,0.0,0.0,0,0,0,0,0,0,0,0
TF,TRESA,41.880447,-73.818556,0, ,0.0,0.0,0.0,0.0,0,0,0,0,0,0,0,0
TF,PWL,41.769772,-73.600553,0, ,0.0,0.0,0.0,0.0,0,0,0,0,0,0,0,0

STAR,BDR1,RKA,1
IF,RKA,42.466331,-75.239228, ,0.0,0.0,0,0,0,0,0,0,0,0
TF,PETER,42.205258,-74.530625,0, ,0.0,0.0,0.0,0.0,0,0,0,0,0,0,0,0
TF,CYPER,42.108992,-74.273756,0, ,0.0,0.0,0.0,0.0,0,0,0,0,0,0,0,0
TF,TRESA,41.880447,-73.818556,0, ,0.0,0.0,0.0,0.0,0,0,0,0,0,0,0,0
TF,PWL,41.769772,-73.600553,0, ,0.0,0.0,0.0,0.0,0,0,0,0,0,0,0,0

STAR,BDR1,ALL,2
IF,PWL,41.769772,-73.600553, ,0.0,0.0,0,0,0,0,0,0,0,0
TF,LOVES,41.538789,-73.488094,0, ,0.0,0.0,0.0,0.0,0,0,0,0,0,0,0,0
TF,DENNA,41.233275,-73.193872,0, ,0.0,0.0,0.0,0.0,0,0,0,0,0,0,0,0

STAR,DENNA3,ALB,1
IF,ALB,42.747281,-73.803183, ,0.0,0.0,0,0,0,0,0,0,0,0
TF,ATHOS,42.247081,-73.812100,0, ,0.0,0.0,0.0,0.0,0,0,0,0,0,0,0,0
TF,PWL,41.769772,-73.600553,0, ,0.0,0.0,0.0,0.0,2,6000,0,0,0,0,0,0

STAR,DENNA3,DNY,1
IF,DNY,42.178281,-74.956942, ,0.0,0.0,0,0,0,0,0,0,0,0
TF,PETER,42.205258,-74.530625,0, ,0.0,0.0,0.0,0.0,3,17000,0,0,0,0,0,0
TF,ATHOS,42.247081,-73.812100,0, ,0.0,0.0,0.0,0.0,0,0,0,0,0,0,0,0
TF,PWL,41.769772,-73.600553,0, ,0.0,0.0,0.0,0.0,2,6000,0,0,0,0,0,0

STAR,DENNA3,RKA,1
IF,RKA,42.466331,-75.239228, ,0.0,0.0,0,0,0,0,0,0,0,0
TF,PETER,42.205258,-74.530625,0, ,0.0,0.0,0.0,0.0,3,17000,0,0,0,0,0,0
TF,ATHOS,42.247081,-73.812100,0, ,0.0,0.0,0.0,0.0,0,0,0,0,0,0,0,0
TF,PWL,41.769772,-73.600553,0, ,0.0,0.0,0.0,0.0,2,6000,0,0,0,0,0,0

STAR,DENNA3,ALL,2
IF,PWL,41.769772,-73.600553, ,0.0,0.0,0,0,0,0,0,0,0,0
TF,LOVES,41.538789,-73.488094,0, ,0.0,0.0,0.0,0.0,1,6000,0,0,0,0,0,0
TF,DENNA,41.233275,-73.193872,0, ,0.0,0.0,0.0,0.0,0,0,0,0,0,0,0,0

STAR,SARDI1,BRIGS,4
IF,BRIGS,39.523533,-74.138797, ,0.0,0.0,3,21000,0,0,0,0,0,0
TF,HARBO,39.607511,-74.007378,0, ,0.0,0.0,0.0,0.0,0,0,0,0,0,0,0,0
TF,DRIFT,39.814878,-73.680425,0, ,0.0,0.0,0.0,0.0,0,0,0,0,0,0,0,0
TF,MANTA,39.901947,-73.542119,0, ,0.0,0.0,0.0,0.0,0,0,0,0,0,0,0,0
TF,PLUME,40.118519,-73.285564,0, ,0.0,0.0,0.0,0.0,0,0,0,0,0,0,0,0
TF,SHERL,40.255708,-73.121739,0, ,0.0,0.0,0.0,0.0,0,0,0,0,0,0,0,0
TF,DUNEE,40.323439,-73.040572,0, ,0.0,0.0,0.0,0.0,0,0,0,0,0,0,0,0
TF,KOPPY,40.417656,-72.927356,0, ,0.0,0.0,0.0,0.0,0,0,0,0,0,0,0,0
TF,SARDI,40.524058,-72.798853,0, ,0.0,0.0,0.0,0.0,0,0,0,0,0,0,0,0

STAR,SARDI1,DUNEE,4
IF,DUNEE,40.323439,-73.040572, ,0.0,0.0,0,0,0,0,0,0,0,0
TF,KOPPY,40.417656,-72.927356,0, ,0.0,0.0,0.0,0.0,0,0,0,0,0,0,0,0
TF,SARDI,40.524058,-72.798853,0, ,0.0,0.0,0.0,0.0,0,0,0,0,0,0,0,0

STAR,SARDI1,KALDA,4
IF,KALDA,37.841961,-75.626483, ,0.0,0.0,0,0,0,0,0,0,0,0
TF,ZJAAY,38.052764,-75.442853,0, ,0.0,0.0,0.0,0.0,0,0,0,0,0,0,0,0
TF,BYSEL,38.250750,-75.281353,0, ,0.0,0.0,0.0,0.0,0,0,0,0,0,0,0,0
TF,RADDS,38.648556,-75.088467,0, ,0.0,0.0,0.0,0.0,0,0,0,0,0,0,0,0
TF,SHHAY,38.784467,-74.932061,0, ,0.0,0.0,0.0,0.0,0,0,0,0,0,0,0,0
TF,MAEVE,38.963908,-74.745700,0, ,0.0,0.0,0.0,0.0,0,0,0,0,0,0,0,0
TF,WAALK,39.141294,-74.559147,0, ,0.0,0.0,0.0,0.0,0,0,0,0,0,0,0,0
TF,JENGA,39.276669,-74.411619,0, ,0.0,0.0,0.0,0.0,0,0,0,0,0,0,0,0
TF,RAINN,39.452753,-74.217544,0, ,0.0,0.0,0.0,0.0,0,0,0,0,0,0,0,0
TF,BRIGS,39.523533,-74.138797,0, ,0.0,0.0,0.0,0.0,3,21000,0,0,0,0,0,0
TF,HARBO,39.607511,-74.007378,0, ,0.0,0.0,0.0,0.0,0,0,0,0,0,0,0,0
TF,DRIFT,39.814878,-73.680425,0, ,0.0,0.0,0.0,0.0,0,0,0,0,0,0,0,0
TF,MANTA,39.901947,-73.542119,0, ,0.0,0.0,0.0,0.0,0,0,0,0,0,0,0,0
TF,PLUME,40.118519,-73.285564,0, ,0.0,0.0,0.0,0.0,0,0,0,0,0,0,0,0
TF,SHERL,40.255708,-73.121739,0, ,0.0,0.0,0.0,0.0,0,0,0,0,0,0,0,0
TF,DUNEE,40.323439,-73.040572,0, ,0.0,0.0,0.0,0.0,0,0,0,0,0,0,0,0
TF,KOPPY,40.417656,-72.927356,0, ,0.0,0.0,0.0,0.0,0,0,0,0,0,0,0,0
TF,SARDI,40.524058,-72.798853,0, ,0.0,0.0,0.0,0.0,0,0,0,0,0,0,0,0

STAR,SARDI1,MAEVE,4
IF,MAEVE,38.963908,-74.745700, ,0.0,0.0,0,0,0,0,0,0,0,0
TF,WAALK,39.141294,-74.559147,0, ,0.0,0.0,0.0,0.0,0,0,0,0,0,0,0,0
TF,JENGA,39.276669,-74.411619,0, ,0.0,0.0,0.0,0.0,0,0,0,0,0,0,0,0
TF,RAINN,39.452753,-74.217544,0, ,0.0,0.0,0.0,0.0,0,0,0,0,0,0,0,0
TF,BRIGS,39.523533,-74.138797,0, ,0.0,0.0,0.0,0.0,3,21000,0,0,0,0,0,0
TF,HARBO,39.607511,-74.007378,0, ,0.0,0.0,0.0,0.0,0,0,0,0,0,0,0,0
TF,DRIFT,39.814878,-73.680425,0, ,0.0,0.0,0.0,0.0,0,0,0,0,0,0,0,0
TF,MANTA,39.901947,-73.542119,0, ,0.0,0.0,0.0,0.0,0,0,0,0,0,0,0,0
TF,PLUME,40.118519,-73.285564,0, ,0.0,0.0,0.0,0.0,0,0,0,0,0,0,0,0
TF,SHERL,40.255708,-73.121739,0, ,0.0,0.0,0.0,0.0,0,0,0,0,0,0,0,0
TF,DUNEE,40.323439,-73.040572,0, ,0.0,0.0,0.0,0.0,0,0,0,0,0,0,0,0
TF,KOPPY,40.417656,-72.927356,0, ,0.0,0.0,0.0,0.0,0,0,0,0,0,0,0,0
TF,SARDI,40.524058,-72.798853,0, ,0.0,0.0,0.0,0.0,0,0,0,0,0,0,0,0

STAR,SARDI1,RADDS,4
IF,RADDS,38.648556,-75.088467, ,0.0,0.0,0,0,0,0,0,0,0,0
TF,SHHAY,38.784467,-74.932061,0, ,0.0,0.0,0.0,0.0,0,0,0,0,0,0,0,0
TF,MAEVE,38.963908,-74.745700,0, ,0.0,0.0,0.0,0.0,0,0,0,0,0,0,0,0
TF,WAALK,39.141294,-74.559147,0, ,0.0,0.0,0.0,0.0,0,0,0,0,0,0,0,0
TF,JENGA,39.276669,-74.411619,0, ,0.0,0.0,0.0,0.0,0,0,0,0,0,0,0,0
TF,RAINN,39.452753,-74.217544,0, ,0.0,0.0,0.0,0.0,0,0,0,0,0,0,0,0
TF,BRIGS,39.523533,-74.138797,0, ,0.0,0.0,0.0,0.0,3,21000,0,0,0,0,0,0
TF,HARBO,39.607511,-74.007378,0, ,0.0,0.0,0.0,0.0,0,0,0,0,0,0,0,0
TF,DRIFT,39.814878,-73.680425,0, ,0.0,0.0,0.0,0.0,0,0,0,0,0,0,0,0
TF,MANTA,39.901947,-73.542119,0, ,0.0,0.0,0.0,0.0,0,0,0,0,0,0,0,0
TF,PLUME,40.118519,-73.285564,0, ,0.0,0.0,0.0,0.0,0,0,0,0,0,0,0,0
TF,SHERL,40.255708,-73.121739,0, ,0.0,0.0,0.0,0.0,0,0,0,0,0,0,0,0
TF,DUNEE,40.323439,-73.040572,0, ,0.0,0.0,0.0,0.0,0,0,0,0,0,0,0,0
TF,KOPPY,40.417656,-72.927356,0, ,0.0,0.0,0.0,0.0,0,0,0,0,0,0,0,0
TF,SARDI,40.524058,-72.798853,0, ,0.0,0.0,0.0,0.0,0,0,0,0,0,0,0,0

STAR,SARDI1,WAALK,4
IF,WAALK,39.141294,-74.559147, ,0.0,0.0,0,0,0,0,0,0,0,0
TF,JENGA,39.276669,-74.411619,0, ,0.0,0.0,0.0,0.0,0,0,0,0,0,0,0,0
TF,RAINN,39.452753,-74.217544,0, ,0.0,0.0,0.0,0.0,0,0,0,0,0,0,0,0
TF,BRIGS,39.523533,-74.138797,0, ,0.0,0.0,0.0,0.0,3,21000,0,0,0,0,0,0
TF,HARBO,39.607511,-74.007378,0, ,0.0,0.0,0.0,0.0,0,0,0,0,0,0,0,0
TF,DRIFT,39.814878,-73.680425,0, ,0.0,0.0,0.0,0.0,0,0,0,0,0,0,0,0
TF,MANTA,39.901947,-73.542119,0, ,0.0,0.0,0.0,0.0,0,0,0,0,0,0,0,0
TF,PLUME,40.118519,-73.285564,0, ,0.0,0.0,0.0,0.0,0,0,0,0,0,0,0,0
TF,SHERL,40.255708,-73.121739,0, ,0.0,0.0,0.0,0.0,0,0,0,0,0,0,0,0
TF,DUNEE,40.323439,-73.040572,0, ,0.0,0.0,0.0,0.0,0,0,0,0,0,0,0,0
TF,KOPPY,40.417656,-72.927356,0, ,0.0,0.0,0.0,0.0,0,0,0,0,0,0,0,0
TF,SARDI,40.524058,-72.798853,0, ,0.0,0.0,0.0,0.0,0,0,0,0,0,0,0,0

STAR,SARDI1,ALL,5
IF,SARDI,40.524058,-72.798853, ,0.0,0.0,0,0,0,0,0,0,0,0
TF,RICED,40.611969,-72.692183,0, ,0.0,0.0,0.0,0.0,0,0,0,0,0,0,0,0
TF,KEYED,41.014292,-72.692178,0, ,0.0,0.0,0.0,0.0,0,0,0,0,0,0,0,0
TF,LILKM,41.082128,-72.891161,0, ,0.0,0.0,0.0,0.0,0,0,0,0,0,0,0,1
FM,LILKM,41.082128,-72.891161,0,GON,0.0,0.0,308.0,0,0,0,0,0,0,0,0

APPTR,I06,06,CCC
IF,CCC,40.929619,-72.798858, ,0.0,0.0,0,0,0,0,0,0,0,0
TF,STANE,41.094750,-73.220136,0, ,0.0,0.0,0.0,0.0,2,1800,0,0,0,0,0,0
HF,STANE,41.094750,-73.220136,2, ,0.0,0.0,60.0,04.3,2,1800,0,0,0,0,1,0,0

FINAL,I06,06,I,3
IF,CFVFS,41.015325,-73.333161,IBDR,240.2,13.2,2,1800,0,0,0,0,0,0
CF,STANE,41.094750,-73.220136,0,IBDR,240.2,6.2,60.0,7.0,1,1800,0,0,0,0,2,0
CF,RW06,41.157042,-73.131953,0,IBDR,241.4,0.8,60.0,5.5,1,58,0,0,0,0,3,0
CA,0,60.0,2,500,0,0,0,0,0,0
VI,2, ,0.0,210.0,0,0,0,0,0,0,0,0
CF,STANE,41.094750,-73.220136,2,CCC,310.5,21.5,311.0,8.0,2,1800,0,0,0,0,0,0
HM,STANE,41.094750,-73.220136,2, ,0.0,0.0,60.0,04.3,2,1800,0,0,0,0,0,0,0

FINAL,R06,06,R,3
IF,DABVE,41.044789,-73.340164, ,0.0,0.0,2,2000,0,0,0,0,0,0
TF,STANE,41.094750,-73.220136,0, ,0.0,0.0,74.0,6.2,2,1800,0,0,0,0,2,0
TF,RW06,41.157042,-73.131953,0, ,0.0,0.0,60.0,5.5,1,58,0,0,0,0,3,1
CA,0,60.0,2,500,0,0,0,0,0,0
DF,BAYYS,41.289242,-72.971314,0, ,0.0,0.0,2,2700,0,0,0,0,0,1
HM,BAYYS,41.289242,-72.971314,2, ,0.0,0.0,235.0,04,2,2700,0,0,0,0,0,0,0

APPTR,R24,24,DWAIN
HF,DWAIN,41.299453,-72.959111,1, ,0.0,0.0,233.0,04,2,2600,0,0,0,0,1,0,0

FINAL,R24,24,R,4
IF,DWAIN,41.299453,-72.959111, ,0.0,0.0,2,2600,0,0,0,0,0,0
TF,MILUM,41.220658,-73.047678,0, ,0.0,0.0,233.0,6.2,2,1800,0,0,0,0,2,0
TF,WIMAK,41.183875,-73.096436,0, ,0.0,0.0,238.0,3.1,2,640,0,0,0,0,0,0
TF,RW24,41.165497,-73.120767,0, ,0.0,0.0,238.0,1.6,1,61,0,0,0,0,3,1
CA,0,238.0,2,500,0,0,0,0,0,0
DF,STANE,41.094750,-73.220136,0, ,0.0,0.0,2,1800,0,0,0,0,0,1
HM,STANE,41.094750,-73.220136,2, ,0.0,0.0,60.0,04,2,1800,0,0,0,0,0,0,0

APPTR,R29,29,CCC
IF,CCC,40.929619,-72.798858, ,0.0,0.0,0,0,0,0,0,0,1,0
TF,MADDG,41.143261,-72.915908,0, ,0.0,0.0,0.0,0.0,2,2000,0,0,0,0,1,0

APPTR,R29,29,MAD
IF,MAD,41.313861,-72.692203, ,0.0,0.0,0,0,0,0,0,0,1,0
TF,MADDG,41.143261,-72.915908,0, ,0.0,0.0,0.0,0.0,2,2000,0,0,0,0,1,0

FINAL,R29,29,R,3
IF,MADDG,41.143261,-72.915908, ,0.0,0.0,2,2000,0,0,0,0,0,0
TF,SETHE,41.154281,-73.020356,0, ,0.0,0.0,291.0,4.8,2,1500,0,0,0,0,2,0
TF,RW29,41.164594,-73.119147,0, ,0.0,0.0,291.0,4.5,1,56,0,0,0,0,3,1
CA,0,291.0,2,500,0,0,0,0,0,0
DF,ZONKO,41.089981,-73.265453,0, ,0.0,0.0,2,2000,0,0,0,0,0,1
HM,ZONKO,41.089981,-73.265453,2, ,0.0,0.0,64.0,04,0,0,0,0,0,0,0,0,0

