APPTR,R12,12,CUVUM
IF,CUVUM,28.569792,-97.899014, ,0.0,0.0,0,0,0,0,0,0,1,0
TF,NEYIB,28.490756,-97.959208,0, ,0.0,0.0,0.0,0.0,2,2100,0,0,0,0,1,0

APPTR,R12,12,NEYIB
HF,NEYIB,28.490756,-97.959208,2, ,0.0,0.0,127.0,04,2,2100,0,0,0,0,1,0,0

APPTR,R12,12,SLENA
IF,SLENA,28.543975,-98.196636, ,0.0,0.0,0,0,0,0,0,0,1,0
TF,NEYIB,28.490756,-97.959208,0, ,0.0,0.0,0.0,0.0,2,2100,0,0,0,0,1,0

APPTR,R12,12,ZAMLI
IF,ZAMLI,28.410039,-98.038211, ,0.0,0.0,0,0,0,0,0,0,1,0
TF,NEYIB,28.490756,-97.959208,0, ,0.0,0.0,0.0,0.0,2,2100,0,0,0,0,1,0

FINAL,R12,12,R,4
IF,NEYIB,28.490756,-97.959208, ,0.0,0.0,2,2100,0,0,0,0,0,0
TF,ECEPA,28.424122,-97.872231,0, ,0.0,0.0,127.0,6.1,2,2000,0,0,0,0,2,0
TF,TACDO,28.388381,-97.825589,0, ,0.0,0.0,127.0,3.3,2,960,0,0,0,0,0,0
TF,RW12,28.365969,-97.796372,0, ,0.0,0.0,127.0,2.1,1,308,0,0,0,0,3,1
CA,0,127.0,2,518,0,0,0,0,0,0
DF,JOSUK,28.232786,-97.623244,0, ,0.0,0.0,2,2000,0,0,0,0,0,1
HM,JOSUK,28.232786,-97.623244,2, ,0.0,0.0,307.0,04,0,0,0,0,0,0,0,0,0

APPTR,R30,30,JOSUK
HF,JOSUK,28.232786,-97.623244,2, ,0.0,0.0,307.0,04,2,2000,0,0,0,0,1,0,0

APPTR,R30,30,KATLE
IF,KATLE,28.131922,-97.722275, ,0.0,0.0,0,0,0,1,250,0,1,0
TF,JOSUK,28.232786,-97.623244,0, ,0.0,0.0,0.0,0.0,2,2000,0,0,0,0,1,0

APPTR,R30,30,LOKKI
IF,LOKKI,28.303606,-97.545761, ,0.0,0.0,0,0,0,1,250,0,1,0
TF,JOSUK,28.232786,-97.623244,0, ,0.0,0.0,0.0,0.0,2,2000,0,0,0,0,1,0

APPTR,R30,30,SINTO
IF,SINTO,28.089519,-97.661575, ,0.0,0.0,0,0,0,0,0,0,1,0
TF,JOSUK,28.232786,-97.623244,0, ,0.0,0.0,0.0,0.0,2,2000,0,0,0,0,1,0

FINAL,R30,30,R,3
IF,JOSUK,28.232786,-97.623244, ,0.0,0.0,2,2000,0,0,0,0,0,0
TF,GUVLY,28.298822,-97.708969,0, ,0.0,0.0,307.0,6.0,2,2000,0,0,0,0,2,0
TF,RW30,28.357764,-97.785681,0, ,0.0,0.0,307.0,5.4,1,287,0,0,0,0,3,1
CA,0,307.0,2,517,0,0,0,0,0,0
DF,NEYIB,28.490756,-97.959208,0, ,0.0,0.0,2,2100,0,0,0,0,0,1
HM,NEYIB,28.490756,-97.959208,2, ,0.0,0.0,127.0,04,0,0,0,0,0,0,0,0,0

