APPTR,R05,05,OCOQY
HF,OCOQY,34.112403,-86.413231,1, ,0.0,0.0,50.0,04,2,3700,0,0,0,0,1,0,0

FINAL,R05,05,R,3
IF,OCOQY,34.112403,-86.413231, ,0.0,0.0,2,3700,0,0,0,0,0,0
TF,FOYGU,34.169286,-86.336569,0, ,0.0,0.0,50.0,5.1,2,2600,0,0,0,0,2,0
TF,RW05,34.223525,-86.263308,0, ,0.0,0.0,50.0,4.9,1,1045,0,0,0,0,3,1
CA,0,50.0,2,1265,0,0,0,0,0,0
DF,DEZLY,34.357236,-86.082036,0, ,0.0,0.0,2,3700,0,0,0,0,0,1
HM,DEZLY,34.357236,-86.082036,2, ,0.0,0.0,230.0,04,2,3700,0,0,0,0,0,0,0

APPTR,R23,23,DEZLY
HF,DEZLY,34.357236,-86.082036,2, ,0.0,0.0,230.0,04,2,3700,0,0,0,0,1,0,0

FINAL,R23,23,R,4
IF,DEZLY,34.357236,-86.082036, ,0.0,0.0,2,3700,0,0,0,0,0,0
TF,MITNE,34.291333,-86.171497,0, ,0.0,0.0,230.0,6.0,2,2700,0,0,0,0,2,0
TF,YAKUB,34.255808,-86.219625,0, ,0.0,0.0,230.0,3.2,2,1680,0,0,0,0,0,0
TF,RW23,34.234694,-86.248203,0, ,0.0,0.0,230.0,1.9,1,1074,0,0,0,0,3,1
CA,0,230.0,2,1282,0,0,0,0,0,0
DF,OCOQY,34.112403,-86.413231,0, ,0.0,0.0,2,3700,0,0,0,0,0,1
HM,OCOQY,34.112403,-86.413231,1, ,0.0,0.0,50.0,04,2,3700,0,0,0,0,0,0,0

