SID,CHADM3,02L,4
VA,0,21.0,2,1000,0,0,0,0,0,0
VM,0,0,0,21.0,0,0,0,0,0,0,0,0
DF,OZCAR,36.200386,-86.075078,0, ,0.0,0.0,0,0,0,0,0,0,0,0

SID,CHADM3,02R,4
VA,0,21.0,2,1000,0,0,0,0,0,0
VM,0,0,0,21.0,0,0,0,0,0,0,0,0
DF,OZCAR,36.200386,-86.075078,0, ,0.0,0.0,0,0,0,0,0,0,0,0

SID,CHADM3,02C,4
VA,0,21.0,2,1000,0,0,0,0,0,0
VM,0,0,0,21.0,0,0,0,0,0,0,0,0
DF,OZCAR,36.200386,-86.075078,0, ,0.0,0.0,0,0,0,0,0,0,0,0

SID,CHADM3,13,4
VA,0,136.0,2,1000,0,0,0,0,0,0
VM,0,0,0,136.0,0,0,0,0,0,0,0,0
DF,OZCAR,36.200386,-86.075078,0, ,0.0,0.0,0,0,0,0,0,0,0,0

SID,CHADM3,20L,4
VA,0,201.0,2,1000,0,0,0,0,0,0
VM,0,0,0,201.0,0,0,0,0,0,0,0,0
DF,OZCAR,36.200386,-86.075078,0, ,0.0,0.0,0,0,0,0,0,0,0,0

SID,CHADM3,20R,4
VA,0,201.0,2,1000,0,0,0,0,0,0
VM,0,0,0,201.0,0,0,0,0,0,0,0,0
DF,OZCAR,36.200386,-86.075078,0, ,0.0,0.0,0,0,0,0,0,0,0,0

SID,CHADM3,20C,4
VA,0,201.0,2,1000,0,0,0,0,0,0
VM,0,0,0,201.0,0,0,0,0,0,0,0,0
DF,OZCAR,36.200386,-86.075078,0, ,0.0,0.0,0,0,0,0,0,0,0,0

SID,CHADM3,31,4
VA,0,316.0,2,1000,0,0,0,0,0,0
VM,0,0,0,316.0,0,0,0,0,0,0,0,0
DF,OZCAR,36.200386,-86.075078,0, ,0.0,0.0,0,0,0,0,0,0,0,0

SID,CHADM3,ALL,5
IF,OZCAR,36.200386,-86.075078, ,0.0,0.0,0,0,0,0,0,0,0,0
TF,CHADM,36.315281,-85.812089,0, ,0.0,0.0,0.0,0.0,0,0,0,0,0,0,0,0

SID,CHADM3,SWAPP,6
IF,CHADM,36.315281,-85.812089, ,0.0,0.0,0,0,0,0,0,0,0,0
TF,SWAPP,36.613828,-85.182233,0, ,0.0,0.0,0.0,0.0,0,0,0,0,0,0,0,0

SID,DANLS3,02L,4
VA,0,21.0,2,1000,0,0,0,0,0,0
VM,0,0,0,21.0,0,0,0,0,0,0,0,0
DF,BGDDY,36.099447,-87.217772,0, ,0.0,0.0,0,0,0,0,0,0,0,0

SID,DANLS3,02R,4
VA,0,21.0,2,1000,0,0,0,0,0,0
VM,0,0,0,21.0,0,0,0,0,0,0,0,0
DF,BGDDY,36.099447,-87.217772,0, ,0.0,0.0,0,0,0,0,0,0,0,0

SID,DANLS3,02C,4
VA,0,21.0,2,1000,0,0,0,0,0,0
VM,0,0,0,21.0,0,0,0,0,0,0,0,0
DF,BGDDY,36.099447,-87.217772,0, ,0.0,0.0,0,0,0,0,0,0,0,0

SID,DANLS3,13,4
VA,0,136.0,2,1000,0,0,0,0,0,0
VM,0,0,0,136.0,0,0,0,0,0,0,0,0
DF,BGDDY,36.099447,-87.217772,0, ,0.0,0.0,0,0,0,0,0,0,0,0

SID,DANLS3,20L,4
VA,0,201.0,2,1000,0,0,0,0,0,0
VM,0,0,0,201.0,0,0,0,0,0,0,0,0
DF,BGDDY,36.099447,-87.217772,0, ,0.0,0.0,0,0,0,0,0,0,0,0

SID,DANLS3,20R,4
VA,0,201.0,2,1000,0,0,0,0,0,0
VM,0,0,0,201.0,0,0,0,0,0,0,0,0
DF,BGDDY,36.099447,-87.217772,0, ,0.0,0.0,0,0,0,0,0,0,0,0

SID,DANLS3,20C,4
VA,0,201.0,2,1000,0,0,0,0,0,0
VM,0,0,0,201.0,0,0,0,0,0,0,0,0
DF,BGDDY,36.099447,-87.217772,0, ,0.0,0.0,0,0,0,0,0,0,0,0

SID,DANLS3,31,4
VA,0,316.0,2,1000,0,0,0,0,0,0
VM,0,0,0,316.0,0,0,0,0,0,0,0,0
DF,BGDDY,36.099447,-87.217772,0, ,0.0,0.0,0,0,0,0,0,0,0,0

SID,DANLS3,ALL,5
IF,BGDDY,36.099447,-87.217772, ,0.0,0.0,0,0,0,0,0,0,0,0
TF,DANLS,35.883681,-88.269183,0, ,0.0,0.0,0.0,0.0,0,0,0,0,0,0,0,0

SID,DANLS3,SPKER,6
IF,DANLS,35.883681,-88.269183, ,0.0,0.0,0,0,0,0,0,0,0,0
TF,SPKER,35.730625,-89.070228,0, ,0.0,0.0,0.0,0.0,0,0,0,0,0,0,0,0

SID,DRURY3,02L,4
VA,0,21.0,2,1000,0,0,0,0,0,0
VM,0,0,0,21.0,0,0,0,0,0,0,0,0
DF,GRCHN,35.789192,-87.047131,0, ,0.0,0.0,0,0,0,0,0,0,0,0

SID,DRURY3,02R,4
VA,0,21.0,2,1000,0,0,0,0,0,0
VM,0,0,0,21.0,0,0,0,0,0,0,0,0
DF,GRCHN,35.789192,-87.047131,0, ,0.0,0.0,0,0,0,0,0,0,0,0

SID,DRURY3,02C,4
VA,0,21.0,2,1000,0,0,0,0,0,0
VM,0,0,0,21.0,0,0,0,0,0,0,0,0
DF,GRCHN,35.789192,-87.047131,0, ,0.0,0.0,0,0,0,0,0,0,0,0

SID,DRURY3,13,4
VA,0,136.0,2,1000,0,0,0,0,0,0
VM,0,0,0,136.0,0,0,0,0,0,0,0,0
DF,GRCHN,35.789192,-87.047131,0, ,0.0,0.0,0,0,0,0,0,0,0,0

SID,DRURY3,20L,4
VA,0,201.0,2,1000,0,0,0,0,0,0
VM,0,0,0,201.0,0,0,0,0,0,0,0,0
DF,GRCHN,35.789192,-87.047131,0, ,0.0,0.0,0,0,0,0,0,0,0,0

SID,DRURY3,20R,4
VA,0,201.0,2,1000,0,0,0,0,0,0
VM,0,0,0,201.0,0,0,0,0,0,0,0,0
DF,GRCHN,35.789192,-87.047131,0, ,0.0,0.0,0,0,0,0,0,0,0,0

SID,DRURY3,20C,4
VA,0,201.0,2,1000,0,0,0,0,0,0
VM,0,0,0,201.0,0,0,0,0,0,0,0,0
DF,GRCHN,35.789192,-87.047131,0, ,0.0,0.0,0,0,0,0,0,0,0,0

SID,DRURY3,31,4
VA,0,316.0,2,1000,0,0,0,0,0,0
VM,0,0,0,316.0,0,0,0,0,0,0,0,0
DF,GRCHN,35.789192,-87.047131,0, ,0.0,0.0,0,0,0,0,0,0,0,0

SID,DRURY3,ALL,5
IF,GRCHN,35.789192,-87.047131, ,0.0,0.0,0,0,0,0,0,0,0,0
TF,DRURY,35.627933,-87.176358,0, ,0.0,0.0,0.0,0.0,0,0,0,0,0,0,0,0

SID,DRURY3,ACKEE,6
IF,DRURY,35.627933,-87.176358, ,0.0,0.0,0,0,0,0,0,0,0,0
TF,ACKEE,35.184433,-87.834233,0, ,0.0,0.0,0.0,0.0,0,0,0,0,0,0,0,0

SID,DRURY3,HAGIE,6
IF,DRURY,35.627933,-87.176358, ,0.0,0.0,0,0,0,0,0,0,0,0
TF,HAGIE,34.707186,-87.491600,0, ,0.0,0.0,0.0,0.0,0,0,0,0,0,0,0,0

SID,DRURY3,JALAR,6
IF,DRURY,35.627933,-87.176358, ,0.0,0.0,0,0,0,0,0,0,0,0
TF,JALAR,35.011858,-87.568714,0, ,0.0,0.0,0.0,0.0,0,0,0,0,0,0,0,0

SID,EVVAN3,02L,4
VA,0,21.0,2,1000,0,0,0,0,0,0
VM,0,0,0,21.0,0,0,0,0,0,0,0,0
DF,CHPPY,35.886164,-86.141550,0, ,0.0,0.0,0,0,0,0,0,0,0,0

SID,EVVAN3,02R,4
VA,0,21.0,2,1000,0,0,0,0,0,0
VM,0,0,0,21.0,0,0,0,0,0,0,0,0
DF,CHPPY,35.886164,-86.141550,0, ,0.0,0.0,0,0,0,0,0,0,0,0

SID,EVVAN3,02C,4
VA,0,21.0,2,1000,0,0,0,0,0,0
VM,0,0,0,21.0,0,0,0,0,0,0,0,0
DF,CHPPY,35.886164,-86.141550,0, ,0.0,0.0,0,0,0,0,0,0,0,0

SID,EVVAN3,13,4
VA,0,136.0,2,1000,0,0,0,0,0,0
VM,0,0,0,136.0,0,0,0,0,0,0,0,0
DF,CHPPY,35.886164,-86.141550,0, ,0.0,0.0,0,0,0,0,0,0,0,0

SID,EVVAN3,20L,4
VA,0,201.0,2,1000,0,0,0,0,0,0
VM,0,0,0,201.0,0,0,0,0,0,0,0,0
DF,CHPPY,35.886164,-86.141550,0, ,0.0,0.0,0,0,0,0,0,0,0,0

SID,EVVAN3,20R,4
VA,0,201.0,2,1000,0,0,0,0,0,0
VM,0,0,0,201.0,0,0,0,0,0,0,0,0
DF,CHPPY,35.886164,-86.141550,0, ,0.0,0.0,0,0,0,0,0,0,0,0

SID,EVVAN3,20C,4
VA,0,201.0,2,1000,0,0,0,0,0,0
VM,0,0,0,201.0,0,0,0,0,0,0,0,0
DF,CHPPY,35.886164,-86.141550,0, ,0.0,0.0,0,0,0,0,0,0,0,0

SID,EVVAN3,31,4
VA,0,316.0,2,1000,0,0,0,0,0,0
VM,0,0,0,316.0,0,0,0,0,0,0,0,0
DF,CHPPY,35.886164,-86.141550,0, ,0.0,0.0,0,0,0,0,0,0,0,0

SID,EVVAN3,ALL,5
IF,CHPPY,35.886164,-86.141550, ,0.0,0.0,0,0,0,0,0,0,0,0
TF,EVVAN,35.741742,-85.712989,0, ,0.0,0.0,0.0,0.0,0,0,0,0,0,0,0,0

SID,FLAME3,02L,4
VA,0,21.0,2,1000,0,0,0,0,0,0
VM,0,0,0,21.0,0,0,0,0,0,0,0,0
DF,COOGR,35.708483,-86.738003,0, ,0.0,0.0,0,0,0,0,0,0,0,0

SID,FLAME3,02R,4
VA,0,21.0,2,1000,0,0,0,0,0,0
VM,0,0,0,21.0,0,0,0,0,0,0,0,0
DF,COOGR,35.708483,-86.738003,0, ,0.0,0.0,0,0,0,0,0,0,0,0

SID,FLAME3,02C,4
VA,0,21.0,2,1000,0,0,0,0,0,0
VM,0,0,0,21.0,0,0,0,0,0,0,0,0
DF,COOGR,35.708483,-86.738003,0, ,0.0,0.0,0,0,0,0,0,0,0,0

SID,FLAME3,13,4
VA,0,136.0,2,1000,0,0,0,0,0,0
VM,0,0,0,136.0,0,0,0,0,0,0,0,0
DF,COOGR,35.708483,-86.738003,0, ,0.0,0.0,0,0,0,0,0,0,0,0

SID,FLAME3,20L,4
VA,0,201.0,2,1000,0,0,0,0,0,0
VM,0,0,0,201.0,0,0,0,0,0,0,0,0
DF,COOGR,35.708483,-86.738003,0, ,0.0,0.0,0,0,0,0,0,0,0,0

SID,FLAME3,20R,4
VA,0,201.0,2,1000,0,0,0,0,0,0
VM,0,0,0,201.0,0,0,0,0,0,0,0,0
DF,COOGR,35.708483,-86.738003,0, ,0.0,0.0,0,0,0,0,0,0,0,0

SID,FLAME3,20C,4
VA,0,201.0,2,1000,0,0,0,0,0,0
VM,0,0,0,201.0,0,0,0,0,0,0,0,0
DF,COOGR,35.708483,-86.738003,0, ,0.0,0.0,0,0,0,0,0,0,0,0

SID,FLAME3,31,4
VA,0,316.0,2,1000,0,0,0,0,0,0
VM,0,0,0,316.0,0,0,0,0,0,0,0,0
DF,COOGR,35.708483,-86.738003,0, ,0.0,0.0,0,0,0,0,0,0,0,0

SID,FLAME3,ALL,5
IF,COOGR,35.708483,-86.738003, ,0.0,0.0,0,0,0,0,0,0,0,0
TF,FLAME,35.547208,-86.775472,0, ,0.0,0.0,0.0,0.0,0,0,0,0,0,0,0,0

SID,FLAME3,GENDE,6
IF,FLAME,35.547208,-86.775472, ,0.0,0.0,0,0,0,0,0,0,0,0
TF,GENDE,34.806508,-86.824972,0, ,0.0,0.0,0.0,0.0,0,0,0,0,0,0,0,0

SID,GDOGG3,02L,4
VA,0,21.0,2,1000,0,0,0,0,0,0
VM,0,0,0,21.0,0,0,0,0,0,0,0,0
DF,KNNGG,36.591889,-86.734453,0, ,0.0,0.0,0,0,0,0,0,0,0,0

SID,GDOGG3,02R,4
VA,0,21.0,2,1000,0,0,0,0,0,0
VM,0,0,0,21.0,0,0,0,0,0,0,0,0
DF,KNNGG,36.591889,-86.734453,0, ,0.0,0.0,0,0,0,0,0,0,0,0

SID,GDOGG3,02C,4
VA,0,21.0,2,1000,0,0,0,0,0,0
VM,0,0,0,21.0,0,0,0,0,0,0,0,0
DF,KNNGG,36.591889,-86.734453,0, ,0.0,0.0,0,0,0,0,0,0,0,0

SID,GDOGG3,13,4
VA,0,136.0,2,1000,0,0,0,0,0,0
VM,0,0,0,136.0,0,0,0,0,0,0,0,0
DF,KNNGG,36.591889,-86.734453,0, ,0.0,0.0,0,0,0,0,0,0,0,0

SID,GDOGG3,20L,4
VA,0,201.0,2,1000,0,0,0,0,0,0
VM,0,0,0,201.0,0,0,0,0,0,0,0,0
DF,KNNGG,36.591889,-86.734453,0, ,0.0,0.0,0,0,0,0,0,0,0,0

SID,GDOGG3,20R,4
VA,0,201.0,2,1000,0,0,0,0,0,0
VM,0,0,0,201.0,0,0,0,0,0,0,0,0
DF,KNNGG,36.591889,-86.734453,0, ,0.0,0.0,0,0,0,0,0,0,0,0

SID,GDOGG3,20C,4
VA,0,201.0,2,1000,0,0,0,0,0,0
VM,0,0,0,201.0,0,0,0,0,0,0,0,0
DF,KNNGG,36.591889,-86.734453,0, ,0.0,0.0,0,0,0,0,0,0,0,0

SID,GDOGG3,31,4
VA,0,316.0,2,1000,0,0,0,0,0,0
VM,0,0,0,316.0,0,0,0,0,0,0,0,0
DF,KNNGG,36.591889,-86.734453,0, ,0.0,0.0,0,0,0,0,0,0,0,0

SID,GDOGG3,ALL,5
IF,KNNGG,36.591889,-86.734453, ,0.0,0.0,0,0,0,0,0,0,0,0
TF,GDOGG,36.758678,-86.741683,0, ,0.0,0.0,0.0,0.0,0,0,0,0,0,0,0,0

SID,GDOGG3,FAPER,6
IF,GDOGG,36.758678,-86.741683, ,0.0,0.0,0,0,0,0,0,0,0,0
TF,FAPER,37.349272,-86.790331,0, ,0.0,0.0,0.0,0.0,0,0,0,0,0,0,0,0

SID,HGGRD3,02L,4
VA,0,21.0,2,1000,0,0,0,0,0,0
VM,0,0,0,21.0,0,0,0,0,0,0,0,0
DF,MERRL,36.436314,-87.146064,0, ,0.0,0.0,0,0,0,0,0,0,0,0

SID,HGGRD3,02R,4
VA,0,21.0,2,1000,0,0,0,0,0,0
VM,0,0,0,21.0,0,0,0,0,0,0,0,0
DF,MERRL,36.436314,-87.146064,0, ,0.0,0.0,0,0,0,0,0,0,0,0

SID,HGGRD3,02C,4
VA,0,21.0,2,1000,0,0,0,0,0,0
VM,0,0,0,21.0,0,0,0,0,0,0,0,0
DF,MERRL,36.436314,-87.146064,0, ,0.0,0.0,0,0,0,0,0,0,0,0

SID,HGGRD3,13,4
VA,0,136.0,2,1000,0,0,0,0,0,0
VM,0,0,0,136.0,0,0,0,0,0,0,0,0
DF,MERRL,36.436314,-87.146064,0, ,0.0,0.0,0,0,0,0,0,0,0,0

SID,HGGRD3,20L,4
VA,0,201.0,2,1000,0,0,0,0,0,0
VM,0,0,0,201.0,0,0,0,0,0,0,0,0
DF,MERRL,36.436314,-87.146064,0, ,0.0,0.0,0,0,0,0,0,0,0,0

SID,HGGRD3,20R,4
VA,0,201.0,2,1000,0,0,0,0,0,0
VM,0,0,0,201.0,0,0,0,0,0,0,0,0
DF,MERRL,36.436314,-87.146064,0, ,0.0,0.0,0,0,0,0,0,0,0,0

SID,HGGRD3,20C,4
VA,0,201.0,2,1000,0,0,0,0,0,0
VM,0,0,0,201.0,0,0,0,0,0,0,0,0
DF,MERRL,36.436314,-87.146064,0, ,0.0,0.0,0,0,0,0,0,0,0,0

SID,HGGRD3,31,4
VA,0,316.0,2,1000,0,0,0,0,0,0
VM,0,0,0,316.0,0,0,0,0,0,0,0,0
DF,MERRL,36.436314,-87.146064,0, ,0.0,0.0,0,0,0,0,0,0,0,0

SID,HGGRD3,ALL,5
IF,MERRL,36.436314,-87.146064, ,0.0,0.0,0,0,0,0,0,0,0,0
TF,HGGRD,36.814531,-87.638553,0, ,0.0,0.0,0.0,0.0,0,0,0,0,0,0,0,0

SID,HGGRD3,TINGS,6
IF,HGGRD,36.814531,-87.638553, ,0.0,0.0,0,0,0,0,0,0,0,0
TF,TINGS,37.303019,-88.256194,0, ,0.0,0.0,0.0,0.0,0,0,0,0,0,0,0,0

SID,KRSTA3,02L,4
VA,0,21.0,2,1000,0,0,0,0,0,0
VM,0,0,0,21.0,0,0,0,0,0,0,0,0
DF,CERAH,36.580653,-86.473703,0, ,0.0,0.0,0,0,0,0,0,0,0,0

SID,KRSTA3,02R,4
VA,0,21.0,2,1000,0,0,0,0,0,0
VM,0,0,0,21.0,0,0,0,0,0,0,0,0
DF,CERAH,36.580653,-86.473703,0, ,0.0,0.0,0,0,0,0,0,0,0,0

SID,KRSTA3,02C,4
VA,0,21.0,2,1000,0,0,0,0,0,0
VM,0,0,0,21.0,0,0,0,0,0,0,0,0
DF,CERAH,36.580653,-86.473703,0, ,0.0,0.0,0,0,0,0,0,0,0,0

SID,KRSTA3,13,4
VA,0,136.0,2,1000,0,0,0,0,0,0
VM,0,0,0,136.0,0,0,0,0,0,0,0,0
DF,CERAH,36.580653,-86.473703,0, ,0.0,0.0,0,0,0,0,0,0,0,0

SID,KRSTA3,20L,4
VA,0,201.0,2,1000,0,0,0,0,0,0
VM,0,0,0,201.0,0,0,0,0,0,0,0,0
DF,CERAH,36.580653,-86.473703,0, ,0.0,0.0,0,0,0,0,0,0,0,0

SID,KRSTA3,20R,4
VA,0,201.0,2,1000,0,0,0,0,0,0
VM,0,0,0,201.0,0,0,0,0,0,0,0,0
DF,CERAH,36.580653,-86.473703,0, ,0.0,0.0,0,0,0,0,0,0,0,0

SID,KRSTA3,20C,4
VA,0,201.0,2,1000,0,0,0,0,0,0
VM,0,0,0,201.0,0,0,0,0,0,0,0,0
DF,CERAH,36.580653,-86.473703,0, ,0.0,0.0,0,0,0,0,0,0,0,0

SID,KRSTA3,31,4
VA,0,316.0,2,1000,0,0,0,0,0,0
VM,0,0,0,316.0,0,0,0,0,0,0,0,0
DF,CERAH,36.580653,-86.473703,0, ,0.0,0.0,0,0,0,0,0,0,0,0

SID,KRSTA3,ALL,5
IF,CERAH,36.580653,-86.473703, ,0.0,0.0,0,0,0,0,0,0,0,0
TF,KRSTA,36.726997,-86.398747,0, ,0.0,0.0,0.0,0.0,0,0,0,0,0,0,0,0

SID,KRSTA3,OLSIE,6
IF,KRSTA,36.726997,-86.398747, ,0.0,0.0,0,0,0,0,0,0,0,0
TF,OLSIE,37.240653,-86.142414,0, ,0.0,0.0,0.0,0.0,0,0,0,0,0,0,0,0

SID,NASHV7,02L,1
VA,0,21.0,2,1000,0,0,0,0,0,0
VM,0,0,0,21.0,0,0,0,0,0,0,0,0

SID,NASHV7,02R,1
VA,0,21.0,2,1000,0,0,0,0,0,0
VM,0,0,0,21.0,0,0,0,0,0,0,0,0

SID,NASHV7,02C,1
VA,0,21.0,2,1000,0,0,0,0,0,0
VM,0,0,0,21.0,0,0,0,0,0,0,0,0

SID,NASHV7,13,1
VA,0,136.0,2,1000,0,0,0,0,0,0
VM,0,0,0,136.0,0,0,0,0,0,0,0,0

SID,NASHV7,20L,1
VA,0,201.0,2,1000,0,0,0,0,0,0
VM,0,0,0,201.0,0,0,0,0,0,0,0,0

SID,NASHV7,20R,1
VA,0,201.0,2,1000,0,0,0,0,0,0
VM,0,0,0,201.0,0,0,0,0,0,0,0,0

SID,NASHV7,20C,1
VA,0,201.0,2,1000,0,0,0,0,0,0
VM,0,0,0,201.0,0,0,0,0,0,0,0,0

SID,NASHV7,31,1
VA,0,316.0,2,1000,0,0,0,0,0,0
VM,0,0,0,316.0,0,0,0,0,0,0,0,0

SID,PARDN3,02L,4
VA,0,21.0,2,1000,0,0,0,0,0,0
VM,0,0,0,21.0,0,0,0,0,0,0,0,0
DF,KELLO,36.271308,-87.225431,0, ,0.0,0.0,0,0,0,0,0,0,0,0

SID,PARDN3,02R,4
VA,0,21.0,2,1000,0,0,0,0,0,0
VM,0,0,0,21.0,0,0,0,0,0,0,0,0
DF,KELLO,36.271308,-87.225431,0, ,0.0,0.0,0,0,0,0,0,0,0,0

SID,PARDN3,02C,4
VA,0,21.0,2,1000,0,0,0,0,0,0
VM,0,0,0,21.0,0,0,0,0,0,0,0,0
DF,KELLO,36.271308,-87.225431,0, ,0.0,0.0,0,0,0,0,0,0,0,0

SID,PARDN3,13,4
VA,0,136.0,2,1000,0,0,0,0,0,0
VM,0,0,0,136.0,0,0,0,0,0,0,0,0
DF,KELLO,36.271308,-87.225431,0, ,0.0,0.0,0,0,0,0,0,0,0,0

SID,PARDN3,20L,4
VA,0,201.0,2,1000,0,0,0,0,0,0
VM,0,0,0,201.0,0,0,0,0,0,0,0,0
DF,KELLO,36.271308,-87.225431,0, ,0.0,0.0,0,0,0,0,0,0,0,0

SID,PARDN3,20R,4
VA,0,201.0,2,1000,0,0,0,0,0,0
VM,0,0,0,201.0,0,0,0,0,0,0,0,0
DF,KELLO,36.271308,-87.225431,0, ,0.0,0.0,0,0,0,0,0,0,0,0

SID,PARDN3,20C,4
VA,0,201.0,2,1000,0,0,0,0,0,0
VM,0,0,0,201.0,0,0,0,0,0,0,0,0
DF,KELLO,36.271308,-87.225431,0, ,0.0,0.0,0,0,0,0,0,0,0,0

SID,PARDN3,31,4
VA,0,316.0,2,1000,0,0,0,0,0,0
VM,0,0,0,316.0,0,0,0,0,0,0,0,0
DF,KELLO,36.271308,-87.225431,0, ,0.0,0.0,0,0,0,0,0,0,0,0

SID,PARDN3,ALL,5
IF,KELLO,36.271308,-87.225431, ,0.0,0.0,0,0,0,0,0,0,0,0
TF,PARDN,36.316050,-87.503539,0, ,0.0,0.0,0.0,0.0,0,0,0,0,0,0,0,0

SID,PARDN3,HODJS,6
IF,PARDN,36.316050,-87.503539, ,0.0,0.0,0,0,0,0,0,0,0,0
TF,HODJS,36.278525,-88.227378,0, ,0.0,0.0,0.0,0.0,0,0,0,0,0,0,0,0

SID,PARDN3,JJEFF,6
IF,PARDN,36.316050,-87.503539, ,0.0,0.0,0,0,0,0,0,0,0,0
TF,JJEFF,36.154936,-88.330914,0, ,0.0,0.0,0.0,0.0,0,0,0,0,0,0,0,0

SID,PARDN3,NAKIY,6
IF,PARDN,36.316050,-87.503539, ,0.0,0.0,0,0,0,0,0,0,0,0
TF,NAKIY,36.645803,-88.241833,0, ,0.0,0.0,0.0,0.0,0,0,0,0,0,0,0,0

SID,TAZMO3,02L,4
VA,0,21.0,2,1000,0,0,0,0,0,0
VM,0,0,0,21.0,0,0,0,0,0,0,0,0
DF,SAAMY,36.071311,-86.075467,0, ,0.0,0.0,0,0,0,0,0,0,0,0

SID,TAZMO3,02R,4
VA,0,21.0,2,1000,0,0,0,0,0,0
VM,0,0,0,21.0,0,0,0,0,0,0,0,0
DF,SAAMY,36.071311,-86.075467,0, ,0.0,0.0,0,0,0,0,0,0,0,0

SID,TAZMO3,02C,4
VA,0,21.0,2,1000,0,0,0,0,0,0
VM,0,0,0,21.0,0,0,0,0,0,0,0,0
DF,SAAMY,36.071311,-86.075467,0, ,0.0,0.0,0,0,0,0,0,0,0,0

SID,TAZMO3,13,4
VA,0,136.0,2,1000,0,0,0,0,0,0
VM,0,0,0,136.0,0,0,0,0,0,0,0,0
DF,SAAMY,36.071311,-86.075467,0, ,0.0,0.0,0,0,0,0,0,0,0,0

SID,TAZMO3,20L,4
VA,0,201.0,2,1000,0,0,0,0,0,0
VM,0,0,0,201.0,0,0,0,0,0,0,0,0
DF,SAAMY,36.071311,-86.075467,0, ,0.0,0.0,0,0,0,0,0,0,0,0

SID,TAZMO3,20R,4
VA,0,201.0,2,1000,0,0,0,0,0,0
VM,0,0,0,201.0,0,0,0,0,0,0,0,0
DF,SAAMY,36.071311,-86.075467,0, ,0.0,0.0,0,0,0,0,0,0,0,0

SID,TAZMO3,20C,4
VA,0,201.0,2,1000,0,0,0,0,0,0
VM,0,0,0,201.0,0,0,0,0,0,0,0,0
DF,SAAMY,36.071311,-86.075467,0, ,0.0,0.0,0,0,0,0,0,0,0,0

SID,TAZMO3,31,4
VA,0,316.0,2,1000,0,0,0,0,0,0
VM,0,0,0,316.0,0,0,0,0,0,0,0,0
DF,SAAMY,36.071311,-86.075467,0, ,0.0,0.0,0,0,0,0,0,0,0,0

SID,TAZMO3,ALL,5
IF,SAAMY,36.071311,-86.075467, ,0.0,0.0,0,0,0,0,0,0,0,0
TF,TAZMO,36.051200,-85.788747,0, ,0.0,0.0,0.0,0.0,0,0,0,0,0,0,0,0

SID,TAZMO3,BURME,6
IF,TAZMO,36.051200,-85.788747, ,0.0,0.0,0,0,0,0,0,0,0,0
TF,BURME,35.997664,-85.049092,0, ,0.0,0.0,0.0,0.0,0,0,0,0,0,0,0,0

SID,TIPPN3,02L,4
VA,0,21.0,2,1000,0,0,0,0,0,0
VM,0,0,0,21.0,0,0,0,0,0,0,0,0
DF,RORRY,35.714856,-86.459978,0, ,0.0,0.0,0,0,0,0,0,0,0,0

SID,TIPPN3,02R,4
VA,0,21.0,2,1000,0,0,0,0,0,0
VM,0,0,0,21.0,0,0,0,0,0,0,0,0
DF,RORRY,35.714856,-86.459978,0, ,0.0,0.0,0,0,0,0,0,0,0,0

SID,TIPPN3,02C,4
VA,0,21.0,2,1000,0,0,0,0,0,0
VM,0,0,0,21.0,0,0,0,0,0,0,0,0
DF,RORRY,35.714856,-86.459978,0, ,0.0,0.0,0,0,0,0,0,0,0,0

SID,TIPPN3,13,4
VA,0,136.0,2,1000,0,0,0,0,0,0
VM,0,0,0,136.0,0,0,0,0,0,0,0,0
DF,RORRY,35.714856,-86.459978,0, ,0.0,0.0,0,0,0,0,0,0,0,0

SID,TIPPN3,20L,4
VA,0,201.0,2,1000,0,0,0,0,0,0
VM,0,0,0,201.0,0,0,0,0,0,0,0,0
DF,RORRY,35.714856,-86.459978,0, ,0.0,0.0,0,0,0,0,0,0,0,0

SID,TIPPN3,20R,4
VA,0,201.0,2,1000,0,0,0,0,0,0
VM,0,0,0,201.0,0,0,0,0,0,0,0,0
DF,RORRY,35.714856,-86.459978,0, ,0.0,0.0,0,0,0,0,0,0,0,0

SID,TIPPN3,20C,4
VA,0,201.0,2,1000,0,0,0,0,0,0
VM,0,0,0,201.0,0,0,0,0,0,0,0,0
DF,RORRY,35.714856,-86.459978,0, ,0.0,0.0,0,0,0,0,0,0,0,0

SID,TIPPN3,31,4
VA,0,316.0,2,1000,0,0,0,0,0,0
VM,0,0,0,316.0,0,0,0,0,0,0,0,0
DF,RORRY,35.714856,-86.459978,0, ,0.0,0.0,0,0,0,0,0,0,0,0

SID,TIPPN3,ALL,5
IF,RORRY,35.714856,-86.459978, ,0.0,0.0,0,0,0,0,0,0,0,0
TF,TIPPN,35.385633,-86.392264,0, ,0.0,0.0,0.0,0.0,0,0,0,0,0,0,0,0

SID,TIPPN3,BRXTN,6
IF,TIPPN,35.385633,-86.392264, ,0.0,0.0,0,0,0,0,0,0,0,0
TF,BRXTN,35.019689,-86.193236,0, ,0.0,0.0,0.0,0.0,0,0,0,0,0,0,0,0

STAR,CHSNE3,KISTS,4
IF,KISTS,34.850569,-88.661694, ,0.0,0.0,0,0,0,0,0,0,0,0
TF,DIERK,35.069789,-88.428225,0, ,0.0,0.0,0.0,0.0,0,0,0,0,0,0,0,0
TF,BNTLE,35.356094,-88.120678,0, ,0.0,0.0,0.0,0.0,0,0,0,0,0,0,0,0
TF,KNEEY,35.762539,-87.678825,0, ,0.0,0.0,0.0,0.0,4,19000,15000,1,280,0,0,0
TF,CHSNE,35.825806,-87.475142,0, ,0.0,0.0,0.0,0.0,2,12000,0,0,0,0,0,0

STAR,CHSNE3,LOPPY,4
IF,LOPPY,35.700625,-88.814053, ,0.0,0.0,0,0,0,0,0,0,0,0
TF,HUGHE,35.756128,-88.179303,0, ,0.0,0.0,0.0,0.0,0,0,0,0,0,0,0,0
TF,KNEEY,35.762539,-87.678825,0, ,0.0,0.0,0.0,0.0,4,19000,15000,1,280,0,0,0
TF,CHSNE,35.825806,-87.475142,0, ,0.0,0.0,0.0,0.0,2,12000,0,0,0,0,0,0

STAR,CHSNE3,MEMFS,4
IF,MEMFS,35.015172,-89.983019, ,0.0,0.0,0,0,0,0,0,0,0,0
TF,TPOPS,35.450989,-88.660558,0, ,0.0,0.0,0.0,0.0,0,0,0,0,0,0,0,0
TF,WITOS,35.617847,-88.138306,0, ,0.0,0.0,0.0,0.0,0,0,0,0,0,0,0,0
TF,KNEEY,35.762539,-87.678825,0, ,0.0,0.0,0.0,0.0,4,19000,15000,1,280,0,0,0
TF,CHSNE,35.825806,-87.475142,0, ,0.0,0.0,0.0,0.0,2,12000,0,0,0,0,0,0

STAR,CHSNE3,02L,6
IF,CHSNE,35.825806,-87.475142, ,0.0,0.0,2,12000,0,0,0,0,0,0
TF,BAWLS,35.877425,-87.343514,0, ,0.0,0.0,0.0,0.0,3,10000,0,1,250,0,0,0
TF,MUUSC,35.831503,-87.062817,0, ,0.0,0.0,0.0,0.0,1,7000,0,1,210,0,0,1
FM,MUUSC,35.831503,-87.062817,0,LOZ,0.0,0.0,111.0,0,0,0,0,0,0,0,0

STAR,CHSNE3,02R,6
IF,CHSNE,35.825806,-87.475142, ,0.0,0.0,2,12000,0,0,0,0,0,0
TF,BAWLS,35.877425,-87.343514,0, ,0.0,0.0,0.0,0.0,3,10000,0,1,250,0,0,0
TF,MUUSC,35.831503,-87.062817,0, ,0.0,0.0,0.0,0.0,1,7000,0,1,210,0,0,1
FM,MUUSC,35.831503,-87.062817,0,LOZ,0.0,0.0,111.0,0,0,0,0,0,0,0,0

STAR,CHSNE3,02C,6
IF,CHSNE,35.825806,-87.475142, ,0.0,0.0,2,12000,0,0,0,0,0,0
TF,BAWLS,35.877425,-87.343514,0, ,0.0,0.0,0.0,0.0,3,10000,0,1,250,0,0,0
TF,MUUSC,35.831503,-87.062817,0, ,0.0,0.0,0.0,0.0,1,7000,0,1,210,0,0,1
FM,MUUSC,35.831503,-87.062817,0,LOZ,0.0,0.0,111.0,0,0,0,0,0,0,0,0

STAR,CHSNE3,13,6
IF,CHSNE,35.825806,-87.475142, ,0.0,0.0,2,12000,0,0,0,0,0,0
TF,CALYN,35.954797,-86.780728,0, ,0.0,0.0,0.0,0.0,1,8000,0,1,250,0,0,0
TF,BREDE,36.050519,-86.738672,0, ,0.0,0.0,0.0,0.0,0,0,0,0,0,0,0,0
TF,ALMEN,36.096075,-86.795728,0, ,0.0,0.0,0.0,0.0,1,8000,0,1,210,0,0,1
FM,ALMEN,36.096075,-86.795728,0,LOZ,0.0,0.0,316.0,0,0,0,0,0,0,0,0

STAR,CHSNE3,20L,6
IF,CHSNE,35.825806,-87.475142, ,0.0,0.0,2,12000,0,0,0,0,0,0
TF,WUGRL,36.015706,-86.932261,0, ,0.0,0.0,0.0,0.0,2,10000,0,1,250,0,0,0
TF,NBORO,36.054958,-86.818828,0, ,0.0,0.0,0.0,0.0,2,9000,0,1,230,0,0,0
TF,JOGLO,36.157433,-86.778853,0, ,0.0,0.0,0.0,0.0,1,8000,0,1,210,0,0,1
FM,JOGLO,36.157433,-86.778853,0,LOZ,0.0,0.0,21.0,0,0,0,0,0,0,0,0

STAR,CHSNE3,20R,6
IF,CHSNE,35.825806,-87.475142, ,0.0,0.0,2,12000,0,0,0,0,0,0
TF,WUGRL,36.015706,-86.932261,0, ,0.0,0.0,0.0,0.0,2,10000,0,1,250,0,0,0
TF,NBORO,36.054958,-86.818828,0, ,0.0,0.0,0.0,0.0,2,9000,0,1,230,0,0,0
TF,JOGLO,36.157433,-86.778853,0, ,0.0,0.0,0.0,0.0,1,8000,0,1,210,0,0,1
FM,JOGLO,36.157433,-86.778853,0,LOZ,0.0,0.0,21.0,0,0,0,0,0,0,0,0

STAR,CHSNE3,20C,6
IF,CHSNE,35.825806,-87.475142, ,0.0,0.0,2,12000,0,0,0,0,0,0
TF,WUGRL,36.015706,-86.932261,0, ,0.0,0.0,0.0,0.0,2,10000,0,1,250,0,0,0
TF,NBORO,36.054958,-86.818828,0, ,0.0,0.0,0.0,0.0,2,9000,0,1,230,0,0,0
TF,JOGLO,36.157433,-86.778853,0, ,0.0,0.0,0.0,0.0,1,8000,0,1,210,0,0,1
FM,JOGLO,36.157433,-86.778853,0,LOZ,0.0,0.0,21.0,0,0,0,0,0,0,0,0

STAR,CHSNE3,31,6
IF,CHSNE,35.825806,-87.475142, ,0.0,0.0,2,12000,0,0,0,0,0,0
TF,DUUGY,35.993756,-87.083533,0, ,0.0,0.0,0.0,0.0,2,10000,0,1,250,0,0,0
TF,BGSTR,36.094622,-86.841464,0, ,0.0,0.0,0.0,0.0,1,8000,0,1,250,0,0,0
TF,TRKTR,36.054458,-86.743178,0, ,0.0,0.0,0.0,0.0,1,8000,0,1,210,0,0,1
FM,TRKTR,36.054458,-86.743178,0,LOZ,0.0,0.0,136.0,0,0,0,0,0,0,0,0

STAR,PASLY5,CUTRR,4
IF,CUTRR,37.026581,-84.836881, ,0.0,0.0,0,0,0,0,0,0,0,0
TF,GROAT,36.749081,-85.404903,0, ,0.0,0.0,0.0,0.0,1,22000,0,0,0,0,0,0
TF,PASLY,36.565217,-85.794475,0, ,0.0,0.0,0.0,0.0,4,19000,15000,1,280,0,0,0

STAR,PASLY5,GROAT,4
IF,GROAT,36.749081,-85.404903, ,0.0,0.0,1,22000,0,0,0,0,0,0
TF,PASLY,36.565217,-85.794475,0, ,0.0,0.0,0.0,0.0,4,19000,15000,1,280,0,0,0

STAR,PASLY5,ALL,5
IF,PASLY,36.565217,-85.794475, ,0.0,0.0,4,19000,15000,1,280,0,0,0
TF,CARAP,36.480450,-85.972594,0, ,0.0,0.0,0.0,0.0,2,12000,0,0,0,0,0,0
TF,DAANG,36.446467,-86.043733,0, ,0.0,0.0,0.0,0.0,0,0,0,0,0,0,0,0

STAR,PASLY5,02L,6
IF,DAANG,36.446467,-86.043733, ,0.0,0.0,0,0,0,0,0,0,0,0
TF,KNTRY,36.269911,-86.410825,0, ,0.0,0.0,0.0,0.0,2,10000,0,1,250,0,0,0
TF,CLBTY,36.218519,-86.516928,0, ,0.0,0.0,0.0,0.0,2,9000,0,1,230,0,0,0
TF,ZODKA,36.105028,-86.562575,0, ,0.0,0.0,0.0,0.0,1,8000,0,1,210,0,0,1
FM,ZODKA,36.105028,-86.562575,0,LOZ,0.0,0.0,201.0,0,0,0,0,0,0,0,0

STAR,PASLY5,02R,6
IF,DAANG,36.446467,-86.043733, ,0.0,0.0,0,0,0,0,0,0,0,0
TF,KNTRY,36.269911,-86.410825,0, ,0.0,0.0,0.0,0.0,2,10000,0,1,250,0,0,0
TF,CLBTY,36.218519,-86.516928,0, ,0.0,0.0,0.0,0.0,2,9000,0,1,230,0,0,0
TF,ZODKA,36.105028,-86.562575,0, ,0.0,0.0,0.0,0.0,1,8000,0,1,210,0,0,1
FM,ZODKA,36.105028,-86.562575,0,LOZ,0.0,0.0,201.0,0,0,0,0,0,0,0,0

STAR,PASLY5,02C,6
IF,DAANG,36.446467,-86.043733, ,0.0,0.0,0,0,0,0,0,0,0,0
TF,KNTRY,36.269911,-86.410825,0, ,0.0,0.0,0.0,0.0,2,10000,0,1,250,0,0,0
TF,CLBTY,36.218519,-86.516928,0, ,0.0,0.0,0.0,0.0,2,9000,0,1,230,0,0,0
TF,ZODKA,36.105028,-86.562575,0, ,0.0,0.0,0.0,0.0,1,8000,0,1,210,0,0,1
FM,ZODKA,36.105028,-86.562575,0,LOZ,0.0,0.0,201.0,0,0,0,0,0,0,0,0

STAR,PASLY5,13,6
IF,DAANG,36.446467,-86.043733, ,0.0,0.0,0,0,0,0,0,0,0,0
TF,HEEHW,36.314483,-86.318883,0, ,0.0,0.0,0.0,0.0,2,10000,0,1,250,0,0,0
TF,BEJMN,36.179189,-86.598622,0, ,0.0,0.0,0.0,0.0,1,8000,0,1,210,0,0,0
TF,NOPOC,36.265244,-86.709689,0, ,0.0,0.0,0.0,0.0,1,8000,0,1,210,0,0,1
FM,NOPOC,36.265244,-86.709689,0,LOZ,0.0,0.0,317.0,0,0,0,0,0,0,0,0

STAR,PASLY5,20L,6
IF,DAANG,36.446467,-86.043733, ,0.0,0.0,0,0,0,0,0,0,0,0
TF,HRMTG,36.392325,-86.156731,0, ,0.0,0.0,0.0,0.0,0,0,0,0,0,0,0,0
TF,RDNEK,36.433642,-86.314353,0, ,0.0,0.0,0.0,0.0,1,6000,0,1,210,0,0,1
FM,RDNEK,36.433642,-86.314353,0,LOZ,0.0,0.0,291.0,0,0,0,0,0,0,0,0

STAR,PASLY5,20R,6
IF,DAANG,36.446467,-86.043733, ,0.0,0.0,0,0,0,0,0,0,0,0
TF,HRMTG,36.392325,-86.156731,0, ,0.0,0.0,0.0,0.0,0,0,0,0,0,0,0,0
TF,RDNEK,36.433642,-86.314353,0, ,0.0,0.0,0.0,0.0,1,6000,0,1,210,0,0,1
FM,RDNEK,36.433642,-86.314353,0,LOZ,0.0,0.0,291.0,0,0,0,0,0,0,0,0

STAR,PASLY5,20C,6
IF,DAANG,36.446467,-86.043733, ,0.0,0.0,0,0,0,0,0,0,0,0
TF,HRMTG,36.392325,-86.156731,0, ,0.0,0.0,0.0,0.0,0,0,0,0,0,0,0,0
TF,RDNEK,36.433642,-86.314353,0, ,0.0,0.0,0.0,0.0,1,6000,0,1,210,0,0,1
FM,RDNEK,36.433642,-86.314353,0,LOZ,0.0,0.0,291.0,0,0,0,0,0,0,0,0

STAR,PASLY5,31,6
IF,DAANG,36.446467,-86.043733, ,0.0,0.0,0,0,0,0,0,0,0,0
TF,PRNZS,36.315525,-86.458250,0, ,0.0,0.0,0.0,0.0,2,10000,0,1,250,0,0,0
TF,HATIB,36.256508,-86.539022,0, ,0.0,0.0,0.0,0.0,0,0,0,0,0,0,0,0
TF,RNDEE,36.173481,-86.560625,0, ,0.0,0.0,0.0,0.0,1,9000,0,1,210,0,0,0
TF,MCGRW,36.144886,-86.523156,0, ,0.0,0.0,0.0,0.0,1,9000,0,1,210,0,0,1
FM,MCGRW,36.144886,-86.523156,0,LOZ,0.0,0.0,136.0,0,0,0,0,0,0,0,0

STAR,RYYMN3,LOONE,4
IF,LOONE,37.737342,-86.755006, ,0.0,0.0,0,0,0,0,0,0,0,0
TF,ULTRA,37.356197,-87.078425,0, ,0.0,0.0,0.0,0.0,3,23000,0,0,0,0,0,0
TF,RYYMN,36.817811,-87.098414,0, ,0.0,0.0,0.0,0.0,4,19000,15000,1,280,0,0,0

STAR,RYYMN3,NMANN,4
IF,NMANN,37.491222,-89.391356, ,0.0,0.0,0,0,0,0,0,0,0,0
TF,SOKOL,37.319847,-88.367756,0, ,0.0,0.0,0.0,0.0,0,0,0,0,0,0,0,0
TF,RANTS,37.205961,-87.717536,0, ,0.0,0.0,0.0,0.0,2,24000,0,0,0,0,0,0
TF,RYYMN,36.817811,-87.098414,0, ,0.0,0.0,0.0,0.0,4,19000,15000,1,280,0,0,0

STAR,RYYMN3,RANTS,4
IF,RANTS,37.205961,-87.717536, ,0.0,0.0,2,24000,0,0,0,0,0,0
TF,RYYMN,36.817811,-87.098414,0, ,0.0,0.0,0.0,0.0,4,19000,15000,1,280,0,0,0

STAR,RYYMN3,SOKOL,4
IF,SOKOL,37.319847,-88.367756, ,0.0,0.0,0,0,0,0,0,0,0,0
TF,RANTS,37.205961,-87.717536,0, ,0.0,0.0,0.0,0.0,2,24000,0,0,0,0,0,0
TF,RYYMN,36.817811,-87.098414,0, ,0.0,0.0,0.0,0.0,4,19000,15000,1,280,0,0,0

STAR,RYYMN3,TONES,4
IF,TONES,37.995850,-87.420728, ,0.0,0.0,0,0,0,0,0,0,0,0
TF,ULTRA,37.356197,-87.078425,0, ,0.0,0.0,0.0,0.0,3,23000,0,0,0,0,0,0
TF,RYYMN,36.817811,-87.098414,0, ,0.0,0.0,0.0,0.0,4,19000,15000,1,280,0,0,0

STAR,RYYMN3,ULTRA,4
IF,ULTRA,37.356197,-87.078425, ,0.0,0.0,3,23000,0,0,0,0,0,0
TF,RYYMN,36.817811,-87.098414,0, ,0.0,0.0,0.0,0.0,4,19000,15000,1,280,0,0,0

STAR,RYYMN3,ALL,5
IF,RYYMN,36.817811,-87.098414, ,0.0,0.0,4,19000,15000,1,280,0,0,0
TF,PEKIE,36.668125,-87.006719,0, ,0.0,0.0,0.0,0.0,2,12000,0,0,0,0,0,0
TF,JONIL,36.608231,-86.970142,0, ,0.0,0.0,0.0,0.0,0,0,0,0,0,0,0,0

STAR,RYYMN3,02L,6
IF,JONIL,36.608231,-86.970142, ,0.0,0.0,0,0,0,0,0,0,0,0
TF,FFISK,36.331939,-86.802353,0, ,0.0,0.0,0.0,0.0,2,10000,0,1,250,0,0,0
TF,JNKNS,36.241981,-86.748011,0, ,0.0,0.0,0.0,0.0,2,9000,0,1,230,0,0,0
TF,WAMAR,36.130867,-86.789231,0, ,0.0,0.0,0.0,0.0,1,8000,0,1,210,0,0,1
FM,WAMAR,36.130867,-86.789231,0,LOZ,0.0,0.0,200.0,0,0,0,0,0,0,0,0

STAR,RYYMN3,02R,6
IF,JONIL,36.608231,-86.970142, ,0.0,0.0,0,0,0,0,0,0,0,0
TF,FFISK,36.331939,-86.802353,0, ,0.0,0.0,0.0,0.0,2,10000,0,1,250,0,0,0
TF,JNKNS,36.241981,-86.748011,0, ,0.0,0.0,0.0,0.0,2,9000,0,1,230,0,0,0
TF,WAMAR,36.130867,-86.789231,0, ,0.0,0.0,0.0,0.0,1,8000,0,1,210,0,0,1
FM,WAMAR,36.130867,-86.789231,0,LOZ,0.0,0.0,200.0,0,0,0,0,0,0,0,0

STAR,RYYMN3,02C,6
IF,JONIL,36.608231,-86.970142, ,0.0,0.0,0,0,0,0,0,0,0,0
TF,FFISK,36.331939,-86.802353,0, ,0.0,0.0,0.0,0.0,2,10000,0,1,250,0,0,0
TF,JNKNS,36.241981,-86.748011,0, ,0.0,0.0,0.0,0.0,2,9000,0,1,230,0,0,0
TF,WAMAR,36.130867,-86.789231,0, ,0.0,0.0,0.0,0.0,1,8000,0,1,210,0,0,1
FM,WAMAR,36.130867,-86.789231,0,LOZ,0.0,0.0,200.0,0,0,0,0,0,0,0,0

STAR,RYYMN3,13,6
IF,JONIL,36.608231,-86.970142, ,0.0,0.0,0,0,0,0,0,0,0,0
TF,WILEE,36.489894,-86.879447,0, ,0.0,0.0,0.0,0.0,1,9000,0,1,210,0,0,0
TF,DRUMZ,36.444111,-86.819294,0, ,0.0,0.0,0.0,0.0,1,9000,0,1,210,0,0,1
FM,DRUMZ,36.444111,-86.819294,0,LOZ,0.0,0.0,136.0,0,0,0,0,0,0,0,0

STAR,RYYMN3,20L,6
IF,JONIL,36.608231,-86.970142, ,0.0,0.0,0,0,0,0,0,0,0,0
TF,TURNT,36.548367,-86.757156,0, ,0.0,0.0,0.0,0.0,1,7000,0,1,210,0,0,1
FM,TURNT,36.548367,-86.757156,0,LOZ,0.0,0.0,111.0,0,0,0,0,0,0,0,0

STAR,RYYMN3,20R,6
IF,JONIL,36.608231,-86.970142, ,0.0,0.0,0,0,0,0,0,0,0,0
TF,TURNT,36.548367,-86.757156,0, ,0.0,0.0,0.0,0.0,1,7000,0,1,210,0,0,1
FM,TURNT,36.548367,-86.757156,0,LOZ,0.0,0.0,111.0,0,0,0,0,0,0,0,0

STAR,RYYMN3,20C,6
IF,JONIL,36.608231,-86.970142, ,0.0,0.0,0,0,0,0,0,0,0,0
TF,TURNT,36.548367,-86.757156,0, ,0.0,0.0,0.0,0.0,1,7000,0,1,210,0,0,1
FM,TURNT,36.548367,-86.757156,0,LOZ,0.0,0.0,111.0,0,0,0,0,0,0,0,0

STAR,RYYMN3,31,6
IF,JONIL,36.608231,-86.970142, ,0.0,0.0,0,0,0,0,0,0,0,0
TF,KLOSE,36.209244,-86.829811,0, ,0.0,0.0,0.0,0.0,2,10000,0,1,250,0,0,0
TF,NASHN,36.108983,-86.790731,0, ,0.0,0.0,0.0,0.0,2,9000,0,1,250,0,0,0
TF,FYYRE,36.054481,-86.742839,0, ,0.0,0.0,0.0,0.0,1,9000,0,1,210,0,0,1
FM,FYYRE,36.054481,-86.742839,0,LOZ,0.0,0.0,136.0,0,0,0,0,0,0,0,0

STAR,SWFFT3,EDDDY,4
IF,EDDDY,35.904814,-83.894922, ,0.0,0.0,0,0,0,0,0,0,0,0
TF,BAMMA,35.684783,-85.198742,0, ,0.0,0.0,0.0,0.0,1,20000,0,0,0,0,0,0
TF,SWFFT,35.552589,-85.910511,0, ,0.0,0.0,0.0,0.0,4,19000,15000,1,280,0,0,0

STAR,SWFFT3,JAGIR,4
IF,JAGIR,34.650419,-85.011522, ,0.0,0.0,0,0,0,0,0,0,0,0
TF,LENSE,35.159319,-85.406914,0, ,0.0,0.0,0.0,0.0,4,28000,24000,0,0,0,0,0
TF,SWFFT,35.552589,-85.910511,0, ,0.0,0.0,0.0,0.0,4,19000,15000,1,280,0,0,0

STAR,SWFFT3,RKMRT,4
IF,RKMRT,34.060203,-85.250731, ,0.0,0.0,0,0,0,0,0,0,0,0
TF,JAGIR,34.650419,-85.011522,0, ,0.0,0.0,0.0,0.0,0,0,0,0,0,0,0,0
TF,LENSE,35.159319,-85.406914,0, ,0.0,0.0,0.0,0.0,4,28000,24000,0,0,0,0,0
TF,SWFFT,35.552589,-85.910511,0, ,0.0,0.0,0.0,0.0,4,19000,15000,1,280,0,0,0

STAR,SWFFT3,THRSR,4
IF,THRSR,33.629239,-84.435100, ,0.0,0.0,0,0,0,0,0,0,0,0
TF,WESSN,33.973631,-84.596308,0, ,0.0,0.0,0.0,0.0,0,0,0,0,0,0,0,0
TF,JAGIR,34.650419,-85.011522,0, ,0.0,0.0,0.0,0.0,0,0,0,0,0,0,0,0
TF,LENSE,35.159319,-85.406914,0, ,0.0,0.0,0.0,0.0,4,28000,24000,0,0,0,0,0
TF,SWFFT,35.552589,-85.910511,0, ,0.0,0.0,0.0,0.0,4,19000,15000,1,280,0,0,0

STAR,SWFFT3,ALL,5
IF,SWFFT,35.552589,-85.910511, ,0.0,0.0,4,19000,15000,1,280,0,0,0
TF,HIMAT,35.665275,-86.061361,0, ,0.0,0.0,0.0,0.0,2,12000,0,0,0,0,0,0
TF,WEMAL,35.710364,-86.121839,0, ,0.0,0.0,0.0,0.0,0,0,0,0,0,0,0,0

STAR,SWFFT3,02L,6
IF,WEMAL,35.710364,-86.121839, ,0.0,0.0,0,0,0,0,0,0,0,0
TF,AMAND,35.698383,-86.549783,0, ,0.0,0.0,0.0,0.0,1,6000,0,1,210,0,0,1
FM,AMAND,35.698383,-86.549783,0,LOZ,0.0,0.0,291.0,0,0,0,0,0,0,0,0

STAR,SWFFT3,02R,6
IF,WEMAL,35.710364,-86.121839, ,0.0,0.0,0,0,0,0,0,0,0,0
TF,AMAND,35.698383,-86.549783,0, ,0.0,0.0,0.0,0.0,1,6000,0,1,210,0,0,1
FM,AMAND,35.698383,-86.549783,0,LOZ,0.0,0.0,291.0,0,0,0,0,0,0,0,0

STAR,SWFFT3,02C,6
IF,WEMAL,35.710364,-86.121839, ,0.0,0.0,0,0,0,0,0,0,0,0
TF,AMAND,35.698383,-86.549783,0, ,0.0,0.0,0.0,0.0,1,6000,0,1,210,0,0,1
FM,AMAND,35.698383,-86.549783,0,LOZ,0.0,0.0,291.0,0,0,0,0,0,0,0,0

STAR,SWFFT3,13,6
IF,WEMAL,35.710364,-86.121839, ,0.0,0.0,0,0,0,0,0,0,0,0
TF,BRITY,35.929372,-86.542122,0, ,0.0,0.0,0.0,0.0,2,10000,0,1,250,0,0,0
TF,BCHRD,35.986444,-86.652494,0, ,0.0,0.0,0.0,0.0,1,9000,0,1,250,0,0,0
TF,MEANN,36.058953,-86.749453,0, ,0.0,0.0,0.0,0.0,1,9000,0,1,210,0,0,1
FM,MEANN,36.058953,-86.749453,0,LOZ,0.0,0.0,316.0,0,0,0,0,0,0,0,0

STAR,SWFFT3,20L,6
IF,WEMAL,35.710364,-86.121839, ,0.0,0.0,0,0,0,0,0,0,0,0
TF,RYAAN,35.940000,-86.505531,0, ,0.0,0.0,0.0,0.0,2,10000,0,1,250,0,0,0
TF,DEENN,35.999103,-86.604981,0, ,0.0,0.0,0.0,0.0,2,9000,0,1,230,0,0,0
TF,SIPPO,36.101325,-86.564058,0, ,0.0,0.0,0.0,0.0,1,8000,0,1,210,0,0,1
FM,SIPPO,36.101325,-86.564058,0,LOZ,0.0,0.0,21.0,0,0,0,0,0,0,0,0

STAR,SWFFT3,20R,6
IF,WEMAL,35.710364,-86.121839, ,0.0,0.0,0,0,0,0,0,0,0,0
TF,RYAAN,35.940000,-86.505531,0, ,0.0,0.0,0.0,0.0,2,10000,0,1,250,0,0,0
TF,DEENN,35.999103,-86.604981,0, ,0.0,0.0,0.0,0.0,2,9000,0,1,230,0,0,0
TF,SIPPO,36.101325,-86.564058,0, ,0.0,0.0,0.0,0.0,1,8000,0,1,210,0,0,1
FM,SIPPO,36.101325,-86.564058,0,LOZ,0.0,0.0,21.0,0,0,0,0,0,0,0,0

STAR,SWFFT3,20C,6
IF,WEMAL,35.710364,-86.121839, ,0.0,0.0,0,0,0,0,0,0,0,0
TF,RYAAN,35.940000,-86.505531,0, ,0.0,0.0,0.0,0.0,2,10000,0,1,250,0,0,0
TF,DEENN,35.999103,-86.604981,0, ,0.0,0.0,0.0,0.0,2,9000,0,1,230,0,0,0
TF,SIPPO,36.101325,-86.564058,0, ,0.0,0.0,0.0,0.0,1,8000,0,1,210,0,0,1
FM,SIPPO,36.101325,-86.564058,0,LOZ,0.0,0.0,21.0,0,0,0,0,0,0,0,0

STAR,SWFFT3,31,6
IF,WEMAL,35.710364,-86.121839, ,0.0,0.0,0,0,0,0,0,0,0,0
TF,PFOWL,35.755325,-86.182256,0, ,0.0,0.0,0.0,0.0,2,10000,0,1,250,0,0,0
TF,HOTTE,35.928192,-86.117100,0, ,0.0,0.0,0.0,0.0,1,8000,0,1,230,0,0,0
TF,CHKKN,36.032981,-86.254297,0, ,0.0,0.0,0.0,0.0,1,8000,0,1,210,0,0,1
FM,CHKKN,36.032981,-86.254297,0,LOZ,0.0,0.0,316.0,0,0,0,0,0,0,0,0

APPTR,I02C,02C,LKBYN
IF,LKBYN,35.797114,-86.810164, ,0.0,0.0,0,0,0,0,0,0,1,0
TF,TRITT,35.870672,-86.780861,0, ,0.0,0.0,0.0,0.0,2,5000,0,0,0,0,0,0
TF,LRETA,35.934181,-86.755469,0, ,0.0,0.0,0.0,0.0,2,4000,0,0,0,0,1,0
CF,JCKSN,35.985039,-86.735206,0,IEZN,201.0,8.9,21.0,3.2,2,3000,0,0,0,0,0,0

APPTR,I02C,02C,LRETA
IF,LRETA,35.934181,-86.755469, ,0.0,0.0,2,4000,0,0,0,0,1,0
CF,JCKSN,35.985039,-86.735206,0,IEZN,201.0,8.9,21.0,3.2,2,3000,0,0,0,0,0,0

FINAL,I02C,02C,I,3
IF,JCKSN,35.985039,-86.735206,IEZN,201.0,8.9,2,3000,0,0,0,0,0,0
CF,GRRTH,36.010081,-86.725214,0,IEZN,201.0,7.3,21.0,1.6,1,2500,0,0,0,0,2,0
CF,RW02C,36.103331,-86.687961,0,IEZN,201.0,1.4,21.0,5.9,1,629,0,0,0,0,3,0
CA,0,21.0,2,1300,0,0,0,0,0,0
CF,TANDS,36.536933,-86.563514,0,BNA,15.8,24.7,16.0,25.0,2,4000,0,0,0,0,0,0
HM,TANDS,36.536933,-86.563514,1, ,0.0,0.0,196.0,04.3,0,0,0,0,0,0,0,0,0

APPTR,I02L,02L,DIFFE
IF,DIFFE,35.797486,-86.811506, ,0.0,0.0,0,0,0,0,0,0,1,0
TF,CRRAG,35.873014,-86.782108,0, ,0.0,0.0,0.0,0.0,2,5000,0,0,0,0,0,0
TF,FIDDS,35.933400,-86.758564,0, ,0.0,0.0,0.0,0.0,2,4000,0,0,0,0,1,0
CF,DIKNS,35.985578,-86.738186,0,IBNA,200.7,9.7,21.0,3.3,2,3000,0,0,0,0,0,0

APPTR,I02L,02L,FIDDS
IF,FIDDS,35.933400,-86.758564, ,0.0,0.0,2,4000,0,0,0,0,1,0
CF,DIKNS,35.985578,-86.738186,0,IBNA,200.7,9.7,21.0,3.3,2,3000,0,0,0,0,0,0

FINAL,I02L,02L,I,3
IF,DIKNS,35.985578,-86.738186,IBNA,200.7,9.7,2,3000,0,0,0,0,0,0
CF,DOBBS,36.025469,-86.722589,0,IBNA,200.7,7.2,21.0,2.5,1,2500,0,0,0,0,2,0
CF,RW02L,36.117675,-86.686475,0,IBNA,200.7,1.4,21.0,5.8,1,654,0,0,0,0,3,0
CA,0,21.0,2,1200,0,0,0,0,0,0
VI,1, ,0.0,240.0,0,0,0,0,0,0,0,0
CF,BEVEE,36.120531,-87.144336,0,BNA,269.6,22.4,270.0,16.0,2,4000,0,0,0,0,0,0
HM,BEVEE,36.120531,-87.144336,2, ,0.0,0.0,90.0,04.3,0,0,0,0,0,0,0,0,0

APPTR,I02R,02R,LOUDN
IF,LOUDN,35.928939,-86.741011, ,0.0,0.0,2,4000,0,0,0,0,1,0
CF,UNIVE,35.981519,-86.720056,0,IUQU,201.0,9.8,21.0,3.3,2,3000,0,0,0,0,0,0

APPTR,I02R,02R,SYI
IF,SYI,35.561975,-86.439150, ,0.0,0.0,2,6000,0,0,0,0,0,0
TF,JTURN,35.792928,-86.795092,0, ,0.0,0.0,0.0,0.0,2,6000,0,0,0,0,1,0
TF,ATKNS,35.866808,-86.765742,0, ,0.0,0.0,0.0,0.0,2,5000,0,0,0,0,0,0
TF,LOUDN,35.928939,-86.741011,0, ,0.0,0.0,0.0,0.0,2,4000,0,0,0,0,1,0
CF,UNIVE,35.981519,-86.720056,0,IUQU,201.0,9.8,21.0,3.3,2,3000,0,0,0,0,0,0

FINAL,I02R,02R,I,3
IF,UNIVE,35.981519,-86.720056,IUQU,201.0,9.8,2,3000,0,0,0,0,0,0
CF,SKAGS,36.020222,-86.704608,0,IUQU,201.0,7.3,21.0,2.4,1,2500,0,0,0,0,2,0
CF,RW02R,36.112714,-86.667642,0,IUQU,201.0,1.5,21.0,5.8,1,645,0,0,0,0,3,0
CA,0,21.0,2,1300,0,0,0,0,0,0
CF,LENON,36.282642,-86.199536,0,BNA,71.5,25.1,72.0,24.0,2,4000,0,0,0,0,0,0
HM,LENON,36.282642,-86.199536,2, ,0.0,0.0,252.0,04.3,0,0,0,0,0,0,0,0,0

APPTR,I20L,20L,MRNDA
IF,MRNDA,36.457558,-86.529008, ,0.0,0.0,2,6000,0,0,0,0,1,0
TF,REABA,36.370258,-86.564250,0, ,0.0,0.0,0.0,0.0,2,5000,0,0,0,0,0,0
TF,WAYLN,36.303631,-86.591022,0, ,0.0,0.0,0.0,0.0,2,4000,0,0,0,0,1,0
CF,CRAMR,36.253642,-86.611131,0,ISSX,21.0,9.2,201.0,3.2,2,3000,0,0,0,0,0,0

FINAL,I20L,20L,I,3
IF,CRAMR,36.253642,-86.611131,ISSX,21.0,9.2,2,3000,0,0,0,0,0,0
CF,JUUDD,36.203647,-86.631211,0,ISSX,21.0,6.0,201.0,3.2,1,2000,0,0,0,0,2,0
CF,RW20L,36.133614,-86.659278,0,ISSX,21.0,1.6,201.0,4.4,1,595,0,0,0,0,3,0
CA,0,201.0,2,1300,0,0,0,0,0,0
VI,1, ,0.0,40.0,0,0,0,0,0,0,0,0
CF,LENON,36.282642,-86.199536,0,BNA,71.5,25.1,72.0,16.0,2,4000,0,0,0,0,0,0
HM,LENON,36.282642,-86.199536,2, ,0.0,0.0,252.0,04.3,0,0,0,0,0,0,0,0,0

APPTR,I20R,20R,GUITR
IF,GUITR,36.460914,-86.551408, ,0.0,0.0,0,0,0,0,0,0,1,0
TF,PICKN,36.376333,-86.584722,0, ,0.0,0.0,0.0,0.0,2,5000,0,0,0,0,0,0
CF,HIKRY,36.308003,-86.611667,0,IVIY,20.6,12.2,201.0,4.3,2,4000,0,0,0,0,1,0

FINAL,I20R,20R,I,3
IF,HIKRY,36.308003,-86.611667,IVIY,20.6,12.2,2,4000,0,0,0,0,0,0
CF,OPERY,36.206958,-86.651422,0,IVIY,20.7,5.9,201.0,6.4,1,2000,0,0,0,0,2,0
CF,RW20R,36.137842,-86.678564,0,IVIY,20.7,1.5,201.0,4.3,1,616,0,0,0,0,3,0
CA,0,201.0,2,1200,0,0,0,0,0,0
VI,2, ,0.0,300.0,0,0,0,0,0,0,0,0
CF,BEVEE,36.120531,-87.144336,0,BNA,269.6,22.4,270.0,17.0,2,4000,0,0,0,0,0,0
HM,BEVEE,36.120531,-87.144336,2, ,0.0,0.0,90.0,04.3,0,0,0,0,0,0,0,0,0

APPTR,I31,31,LLYNN
IF,LLYNN,35.872144,-86.345217, ,0.0,0.0,0,0,0,0,0,0,1,0
TF,RIKTS,35.942219,-86.436011,0, ,0.0,0.0,0.0,0.0,2,5000,0,0,0,0,1,0
TF,ONUGE,35.982394,-86.488178,0,IPNO,0.0,0.0,0.0,0.0,2,4000,0,0,0,0,0,0

FINAL,I31,31,I,3
IF,ONUGE,35.982394,-86.488178,IPNO,136.3,13.9,2,4000,0,0,0,0,0,0
CF,HOLER,36.051011,-86.577489,0,IPNO,136.3,7.9,316.0,6.0,1,2600,0,0,0,0,2,0
CF,RW31,36.121892,-86.670003,0,IPNO,136.3,1.7,316.0,6.2,1,630,0,0,0,0,3,0
CA,0,316.0,2,1400,0,0,0,0,0,0
CF,BEVEE,36.120531,-87.144336,0,BNA,269.6,22.4,270.0,23.0,2,4000,0,0,0,0,0,0
HM,BEVEE,36.120531,-87.144336,2, ,0.0,0.0,90.0,04.3,0,0,0,0,0,0,0,0,0

APPTR,R02CY,02C,LKBYN
IF,LKBYN,35.797114,-86.810164, ,0.0,0.0,0,0,0,0,0,0,1,0
TF,TRITT,35.870672,-86.780861,0, ,0.0,0.0,0.0,0.0,2,5000,0,0,0,0,0,0
TF,LRETA,35.934181,-86.755469,0, ,0.0,0.0,0.0,0.0,2,4000,0,0,0,0,1,0

FINAL,R02CY,02C,R,5
IF,LRETA,35.934181,-86.755469, ,0.0,0.0,2,4000,0,0,0,0,0,0
TF,JCKSN,35.985039,-86.735206,0, ,0.0,0.0,21.0,3.2,2,3000,0,0,0,0,0,0
TF,GRRTH,36.010081,-86.725214,0, ,0.0,0.0,21.0,1.6,2,2500,0,0,0,0,2,0
TF,JOSRO,36.058878,-86.705728,0, ,0.0,0.0,21.0,3.1,2,1520,0,0,0,0,0,0
TF,RW02C,36.103331,-86.687961,0, ,0.0,0.0,21.0,2.8,1,629,0,0,0,0,3,1
CA,0,21.0,2,787,0,0,0,0,0,0
DF,TANDS,36.536933,-86.563514,0, ,0.0,0.0,2,4000,0,0,0,0,0,1
HM,TANDS,36.536933,-86.563514,1, ,0.0,0.0,197.0,04,0,0,0,0,0,0,0,0,0

APPTR,R02CZ,02C,AMAND
IF,AMAND,35.698383,-86.549783, ,0.0,0.0,1,6000,0,1,210,0,1,0
TF,JOVEE,35.736756,-86.696622,0, ,0.0,0.0,0.0,0.0,1,6000,0,0,0,0,0,0
RF,TRITT,35.870672,-86.780861,2,CFLDX,21.1,6.4,2,5000,0,0,0,0,0,0
TF,LRETA,35.934181,-86.755469,0, ,0.0,0.0,0.0,0.0,2,4000,0,0,0,0,1,0
TF,JCKSN,35.985039,-86.735206,0, ,0.0,0.0,0.0,0.0,2,3000,0,0,0,0,0,0
TF,GRRTH,36.010081,-86.725214,0, ,0.0,0.0,0.0,0.0,2,2500,0,0,0,0,0,0

APPTR,R02CZ,02C,LKBYN
IF,LKBYN,35.797114,-86.810164, ,0.0,0.0,2,6000,0,0,0,0,1,0
TF,TRITT,35.870672,-86.780861,0, ,0.0,0.0,0.0,0.0,2,5000,0,0,0,0,0,0
TF,LRETA,35.934181,-86.755469,0, ,0.0,0.0,0.0,0.0,2,4000,0,0,0,0,1,0
TF,JCKSN,35.985039,-86.735206,0, ,0.0,0.0,0.0,0.0,2,3000,0,0,0,0,0,0
TF,GRRTH,36.010081,-86.725214,0, ,0.0,0.0,0.0,0.0,2,2500,0,0,0,0,0,0

APPTR,R02CZ,02C,MUUSC
IF,MUUSC,35.831503,-87.062817, ,0.0,0.0,1,7000,0,1,210,0,1,0
TF,SITEE,35.801472,-86.946189,0, ,0.0,0.0,0.0,0.0,1,7000,0,0,0,0,0,0
RF,TRITT,35.870672,-86.780861,1,CFLCF,21.1,6.4,2,5000,0,0,0,0,0,0
TF,LRETA,35.934181,-86.755469,0, ,0.0,0.0,0.0,0.0,2,4000,0,0,0,0,1,0
TF,JCKSN,35.985039,-86.735206,0, ,0.0,0.0,0.0,0.0,2,3000,0,0,0,0,0,0
TF,GRRTH,36.010081,-86.725214,0, ,0.0,0.0,0.0,0.0,2,2500,0,0,0,0,0,0

APPTR,R02CZ,02C,WAMAR
IF,WAMAR,36.130867,-86.789231, ,0.0,0.0,1,8000,0,1,210,0,1,0
TF,ZAVEG,36.080658,-86.808847,0, ,0.0,0.0,0.0,0.0,2,6900,0,0,0,0,1,0
TF,MIGAN,36.011258,-86.835919,0, ,0.0,0.0,0.0,0.0,2,5500,0,0,0,0,0,0
RF,JCKSN,35.985039,-86.735206,1,CFLCT,21.1,2.6,2,3000,0,0,0,0,0,0
TF,GRRTH,36.010081,-86.725214,0, ,0.0,0.0,0.0,0.0,2,2500,0,0,0,0,0,0

APPTR,R02CZ,02C,ZODKA
IF,ZODKA,36.105028,-86.562575, ,0.0,0.0,1,8000,0,1,210,0,0,0
TF,HEBVA,36.025178,-86.594389,0, ,0.0,0.0,0.0,0.0,2,6900,0,0,0,0,1,0
TF,LNWOD,35.964394,-86.618561,0, ,0.0,0.0,0.0,0.0,2,5500,0,0,0,0,0,0
RF,RMSEY,35.930264,-86.700908,2,CFLFK,336.3,3.2,2,4300,0,0,0,0,0,0
RF,JCKSN,35.985039,-86.735206,2,CFLFB,21.1,2.6,2,3000,0,0,0,0,0,0
TF,GRRTH,36.010081,-86.725214,0, ,0.0,0.0,0.0,0.0,2,2500,0,0,0,0,0,0

FINAL,R02CZ,02C,R,2
IF,GRRTH,36.010081,-86.725214, ,0.0,0.0,2,2500,0,0,0,0,2,0
TF,RW02C,36.103331,-86.687961,0, ,0.0,0.0,21.0,5.9,1,629,0,0,0,0,3,1
CA,0,21.0,2,1300,0,0,0,0,0,0
DF,TANDS,36.536933,-86.563514,0, ,0.0,0.0,2,4000,0,0,0,0,0,1
HM,TANDS,36.536933,-86.563514,1, ,0.0,0.0,197.0,04,0,0,0,0,0,0,0,0,0

APPTR,R02LY,02L,DIFFE
IF,DIFFE,35.797486,-86.811506, ,0.0,0.0,0,0,0,0,0,0,1,0
TF,CRRAG,35.873014,-86.782108,0, ,0.0,0.0,0.0,0.0,2,5000,0,0,0,0,0,0
TF,FIDDS,35.933400,-86.758564,0, ,0.0,0.0,0.0,0.0,2,4000,0,0,0,0,1,0

FINAL,R02LY,02L,R,5
IF,FIDDS,35.933400,-86.758564, ,0.0,0.0,2,4000,0,0,0,0,0,0
TF,DIKNS,35.985578,-86.738186,0, ,0.0,0.0,21.0,3.3,2,3000,0,0,0,0,0,0
TF,DOBBS,36.025469,-86.722589,0, ,0.0,0.0,21.0,2.5,2,2500,0,0,0,0,2,0
TF,TEPEA,36.081094,-86.700814,0, ,0.0,0.0,21.0,3.5,2,1380,0,0,0,0,0,0
TF,RW02L,36.117675,-86.686475,0, ,0.0,0.0,21.0,2.3,1,654,0,0,0,0,3,1
CA,0,21.0,2,1100,0,0,0,0,0,0
DF,BEVEE,36.120531,-87.144336,1, ,0.0,0.0,2,4000,0,0,0,0,0,1
HM,BEVEE,36.120531,-87.144336,2, ,0.0,0.0,89.0,04,0,0,0,0,0,0,0,0,0

APPTR,R02LZ,02L,AMAND
IF,AMAND,35.698383,-86.549783, ,0.0,0.0,1,6000,0,1,210,0,1,0
TF,SYNEP,35.736442,-86.695419,0, ,0.0,0.0,0.0,0.0,1,6000,0,0,0,0,0,0
RF,CRRAG,35.873014,-86.782108,2,CFMBD,20.7,6.5,2,5000,0,0,0,0,0,0
TF,FIDDS,35.933400,-86.758564,0, ,0.0,0.0,0.0,0.0,2,4000,0,0,0,0,1,0
TF,DIKNS,35.985578,-86.738186,0, ,0.0,0.0,0.0,0.0,2,3000,0,0,0,0,0,0
TF,DOBBS,36.025469,-86.722589,0, ,0.0,0.0,0.0,0.0,2,2500,0,0,0,0,0,0

APPTR,R02LZ,02L,DIFFE
IF,DIFFE,35.797486,-86.811506, ,0.0,0.0,1,6000,0,0,0,0,1,0
TF,CRRAG,35.873014,-86.782108,0, ,0.0,0.0,0.0,0.0,2,5000,0,0,0,0,0,0
TF,FIDDS,35.933400,-86.758564,0, ,0.0,0.0,0.0,0.0,2,4000,0,0,0,0,1,0
TF,DIKNS,35.985578,-86.738186,0, ,0.0,0.0,0.0,0.0,2,3000,0,0,0,0,0,0
TF,DOBBS,36.025469,-86.722589,0, ,0.0,0.0,0.0,0.0,2,2500,0,0,0,0,0,0

APPTR,R02LZ,02L,MUUSC
IF,MUUSC,35.831503,-87.062817, ,0.0,0.0,1,7000,0,1,210,0,1,0
TF,BRDYY,35.802322,-86.949483,0, ,0.0,0.0,0.0,0.0,1,7000,0,0,0,0,0,0
RF,CRRAG,35.873014,-86.782108,1,CFMBC,20.7,6.5,2,5000,0,0,0,0,0,0
TF,FIDDS,35.933400,-86.758564,0, ,0.0,0.0,0.0,0.0,2,4000,0,0,0,0,1,0
TF,DIKNS,35.985578,-86.738186,0, ,0.0,0.0,0.0,0.0,2,3000,0,0,0,0,0,0
TF,DOBBS,36.025469,-86.722589,0, ,0.0,0.0,0.0,0.0,2,2500,0,0,0,0,0,0

APPTR,R02LZ,02L,WAMAR
IF,WAMAR,36.130867,-86.789231, ,0.0,0.0,1,8000,0,1,210,0,1,0
TF,ZAVEG,36.080658,-86.808847,0, ,0.0,0.0,0.0,0.0,2,6900,0,0,0,0,1,0
TF,SHELE,36.010808,-86.836094,0, ,0.0,0.0,0.0,0.0,2,5500,0,0,0,0,0,0
RF,DIKNS,35.985578,-86.738186,1,CFMBF,20.7,2.5,2,3000,0,0,0,0,0,0
TF,DOBBS,36.025469,-86.722589,0, ,0.0,0.0,0.0,0.0,2,2500,0,0,0,0,0,0

APPTR,R02LZ,02L,ZODKA
IF,ZODKA,36.105028,-86.562575, ,0.0,0.0,1,8000,0,1,210,0,1,0
TF,HEBVA,36.025178,-86.594389,0, ,0.0,0.0,0.0,0.0,2,6900,0,0,0,0,1,0
TF,MNGRL,35.948933,-86.624703,0, ,0.0,0.0,0.0,0.0,2,5500,0,0,0,0,0,0
RF,CHUKB,35.918269,-86.672344,2,CFMBG,324.8,2.7,2,4500,0,0,0,0,0,0
RF,DIKNS,35.985578,-86.738186,2,CFMBH,20.7,3.1,2,3000,0,0,0,0,0,0
TF,DOBBS,36.025469,-86.722589,0, ,0.0,0.0,0.0,0.0,2,2500,0,0,0,0,0,0

FINAL,R02LZ,02L,R,2
IF,DOBBS,36.025469,-86.722589, ,0.0,0.0,2,2500,0,0,0,0,2,0
TF,RW02L,36.117675,-86.686475,0, ,0.0,0.0,21.0,5.8,1,654,0,0,0,0,3,1
CA,0,21.0,2,1200,0,0,0,0,0,0
DF,BEVEE,36.120531,-87.144336,1, ,0.0,0.0,2,4000,0,0,0,0,0,1
HM,BEVEE,36.120531,-87.144336,2, ,0.0,0.0,89.0,04,0,0,0,0,0,0,0,0,0

APPTR,R02RY,02R,SYI
IF,SYI,35.561975,-86.439150, ,0.0,0.0,2,6000,0,0,0,0,0,0
TF,JTURN,35.792928,-86.795092,0, ,0.0,0.0,0.0,0.0,2,6000,0,0,0,0,1,0
TF,ATKNS,35.866808,-86.765742,0, ,0.0,0.0,0.0,0.0,2,5000,0,0,0,0,0,0
TF,LOUDN,35.928939,-86.741011,0, ,0.0,0.0,0.0,0.0,2,4000,0,0,0,0,1,0

FINAL,R02RY,02R,R,5
IF,LOUDN,35.928939,-86.741011, ,0.0,0.0,2,4000,0,0,0,0,0,0
TF,UNIVE,35.981519,-86.720056,0, ,0.0,0.0,21.0,3.3,2,3000,0,0,0,0,0,0
TF,SKAGS,36.020222,-86.704608,0, ,0.0,0.0,21.0,2.4,2,2500,0,0,0,0,2,0
TF,KOYER,36.065089,-86.686686,0, ,0.0,0.0,21.0,2.8,2,1600,0,0,0,0,0,0
TF,RW02R,36.112714,-86.667642,0, ,0.0,0.0,21.0,3.0,1,645,0,0,0,0,3,1
CA,0,21.0,2,1300,0,0,0,0,0,0
DF,LENON,36.282642,-86.199536,0, ,0.0,0.0,2,4000,0,0,0,0,0,1
HM,LENON,36.282642,-86.199536,2, ,0.0,0.0,252.0,04,0,0,0,0,0,0,0,0,0

APPTR,R02RZ,02R,AMAND
IF,AMAND,35.698383,-86.549783, ,0.0,0.0,1,6000,0,1,210,0,1,0
TF,CRULN,35.732761,-86.681306,0, ,0.0,0.0,0.0,0.0,1,6000,0,0,0,0,0,0
RF,ATKNS,35.866808,-86.765742,2,CFLFH,21.0,6.4,2,5000,0,0,0,0,0,0
TF,LOUDN,35.928939,-86.741011,0, ,0.0,0.0,0.0,0.0,2,4000,0,0,0,0,1,0
TF,UNIVE,35.981519,-86.720056,0, ,0.0,0.0,0.0,0.0,2,3000,0,0,0,0,0,0
TF,SKAGS,36.020222,-86.704608,0, ,0.0,0.0,0.0,0.0,2,2500,0,0,0,0,0,0

APPTR,R02RZ,02R,JTURN
IF,JTURN,35.792928,-86.795092, ,0.0,0.0,2,6000,0,0,0,0,1,0
TF,ATKNS,35.866808,-86.765742,0, ,0.0,0.0,0.0,0.0,2,5000,0,0,0,0,0,0
TF,LOUDN,35.928939,-86.741011,0, ,0.0,0.0,0.0,0.0,2,4000,0,0,0,0,1,0
TF,UNIVE,35.981519,-86.720056,0, ,0.0,0.0,0.0,0.0,2,3000,0,0,0,0,0,0
TF,SKAGS,36.020222,-86.704608,0, ,0.0,0.0,0.0,0.0,2,2500,0,0,0,0,0,0

APPTR,R02RZ,02R,MUUSC
IF,MUUSC,35.831503,-87.062817, ,0.0,0.0,1,7000,0,1,210,0,1,0
TF,MAKCR,35.797544,-86.930975,0, ,0.0,0.0,0.0,0.0,1,7000,0,0,0,0,0,0
RF,ATKNS,35.866808,-86.765742,1,CFLFD,21.0,6.4,2,5000,0,0,0,0,0,0
TF,LOUDN,35.928939,-86.741011,0, ,0.0,0.0,0.0,0.0,2,4000,0,0,0,0,1,0
TF,UNIVE,35.981519,-86.720056,0, ,0.0,0.0,0.0,0.0,2,3000,0,0,0,0,0,0
TF,SKAGS,36.020222,-86.704608,0, ,0.0,0.0,0.0,0.0,2,2500,0,0,0,0,0,0

APPTR,R02RZ,02R,WAMAR
IF,WAMAR,36.130867,-86.789231, ,0.0,0.0,1,8000,0,1,210,0,1,0
TF,ZAVEG,36.080658,-86.808847,0, ,0.0,0.0,0.0,0.0,2,6900,0,0,0,0,1,0
TF,JENAH,36.003136,-86.839083,0, ,0.0,0.0,0.0,0.0,2,5500,0,0,0,0,0,0
RF,CHUMM,35.955503,-86.820119,1,CFLFM,75.3,2.6,2,4500,0,0,0,0,0,0
RF,UNIVE,35.981519,-86.720056,1,CFLFL,21.1,3.2,2,3000,0,0,0,0,0,0
TF,SKAGS,36.020222,-86.704608,0, ,0.0,0.0,0.0,0.0,2,2500,0,0,0,0,0,0

APPTR,R02RZ,02R,ZODKA
IF,ZODKA,36.105028,-86.562575, ,0.0,0.0,1,8000,0,1,210,0,1,0
TF,HEBVA,36.025178,-86.594389,0, ,0.0,0.0,0.0,0.0,2,6900,0,0,0,0,1,0
TF,MLARY,35.955728,-86.622003,0, ,0.0,0.0,0.0,0.0,2,5500,0,0,0,0,0,0
RF,UNIVE,35.981519,-86.720056,2,CFLFJ,21.1,2.5,2,3000,0,0,0,0,0,0
TF,SKAGS,36.020222,-86.704608,0, ,0.0,0.0,0.0,0.0,2,2500,0,0,0,0,0,0

FINAL,R02RZ,02R,R,2
IF,SKAGS,36.020222,-86.704608, ,0.0,0.0,2,2500,0,0,0,0,2,0
TF,RW02R,36.112714,-86.667642,0, ,0.0,0.0,21.0,5.8,1,645,0,0,0,0,3,1
CA,0,21.0,2,1300,0,0,0,0,0,0
DF,LENON,36.282642,-86.199536,0, ,0.0,0.0,2,4000,0,0,0,0,0,1
HM,LENON,36.282642,-86.199536,2, ,0.0,0.0,252.0,04,0,0,0,0,0,0,0,0,0

APPTR,R13,13,BEVEE
IF,BEVEE,36.120531,-87.144336, ,0.0,0.0,0,0,0,0,0,0,1,0
TF,JARAS,36.311256,-86.918503,0, ,0.0,0.0,0.0,0.0,2,3100,0,0,0,0,0,0
TF,IDAGE,36.219850,-86.798317,0, ,0.0,0.0,0.0,0.0,2,2500,0,0,0,0,0,0

APPTR,R13,13,BNA
IF,BNA,36.136961,-86.684772, ,0.0,0.0,0,0,0,0,0,0,0,0
TF,JARAS,36.311256,-86.918503,0, ,0.0,0.0,0.0,0.0,2,3100,0,0,0,0,0,1
HF,JARAS,36.311256,-86.918503,2, ,0.0,0.0,136.0,04,2,3100,0,0,0,0,1,0,0
TF,IDAGE,36.219850,-86.798317,0, ,0.0,0.0,0.0,0.0,2,2500,0,0,0,0,0,0

APPTR,R13,13,TEACH
IF,TEACH,36.443567,-87.155197, ,0.0,0.0,0,0,0,0,0,0,1,0
TF,JARAS,36.311256,-86.918503,0, ,0.0,0.0,0.0,0.0,2,3100,0,0,0,0,0,0
TF,IDAGE,36.219850,-86.798317,0, ,0.0,0.0,0.0,0.0,2,2500,0,0,0,0,0,0

FINAL,R13,13,R,4
IF,IDAGE,36.219850,-86.798317, ,0.0,0.0,2,2500,0,0,0,0,0,0
TF,CEPAX,36.196528,-86.767725,0, ,0.0,0.0,136.0,2.0,2,2200,0,0,0,0,2,0
TF,HEVAT,36.176386,-86.741322,0, ,0.0,0.0,136.0,1.8,2,1600,0,0,0,0,0,0
TF,RW13,36.139769,-86.693383,0, ,0.0,0.0,136.0,3.2,1,598,0,0,0,0,3,1
DF,ONUGE,35.982394,-86.488178,0, ,0.0,0.0,2,3000,0,0,0,0,0,1
HM,ONUGE,35.982394,-86.488178,2, ,0.0,0.0,316.0,04,0,0,0,0,0,0,0,0,0

APPTR,R20C,20C,LENON
IF,LENON,36.282642,-86.199536, ,0.0,0.0,0,0,0,0,0,0,1,0
TF,CTHRN,36.289783,-86.613186,0, ,0.0,0.0,0.0,0.0,2,3000,0,0,0,0,1,0

APPTR,R20C,20C,TANDS
IF,TANDS,36.536933,-86.563514, ,0.0,0.0,0,0,0,0,0,0,1,0
TF,CTHRN,36.289783,-86.613186,0, ,0.0,0.0,0.0,0.0,2,3000,0,0,0,0,1,0

FINAL,R20C,20C,R,4
IF,CTHRN,36.289783,-86.613186, ,0.0,0.0,2,3000,0,0,0,0,0,0
TF,MNNKY,36.192931,-86.652075,0, ,0.0,0.0,201.0,6.1,2,2000,0,0,0,0,2,0
TF,XEFJY,36.157569,-86.666247,0, ,0.0,0.0,201.0,2.2,2,1280,0,0,0,0,0,0
TF,RW20C,36.124233,-86.679597,0, ,0.0,0.0,201.0,2.1,1,622,0,0,0,0,3,1
CA,0,201.0,2,960,0,0,0,0,0,0
DF,JASOP,35.914703,-86.763206,0, ,0.0,0.0,2,3000,0,0,0,0,0,1
HM,JASOP,35.914703,-86.763206,2, ,0.0,0.0,21.0,04,0,0,0,0,0,0,0,0,0

APPTR,R20LY,20L,MRNDA
IF,MRNDA,36.457558,-86.529008, ,0.0,0.0,2,6000,0,0,0,0,1,0
TF,REABA,36.370258,-86.564250,0, ,0.0,0.0,0.0,0.0,2,5000,0,0,0,0,0,0
TF,WAYLN,36.303631,-86.591022,0, ,0.0,0.0,0.0,0.0,2,4000,0,0,0,0,1,0

FINAL,R20LY,20L,R,5
IF,WAYLN,36.303631,-86.591022, ,0.0,0.0,2,4000,0,0,0,0,0,0
TF,CRAMR,36.253642,-86.611131,0, ,0.0,0.0,201.0,3.2,2,3000,0,0,0,0,0,0
TF,JUUDD,36.203647,-86.631211,0, ,0.0,0.0,201.0,3.2,2,2000,0,0,0,0,2,0
TF,XIYRI,36.164769,-86.646797,0, ,0.0,0.0,201.0,2.5,2,1220,0,0,0,0,0,0
TF,RW20L,36.133614,-86.659278,0, ,0.0,0.0,201.0,2.0,1,595,0,0,0,0,3,1
CA,0,201.0,2,1300,0,0,0,0,0,0
DF,LENON,36.282642,-86.199536,1, ,0.0,0.0,2,4000,0,0,0,0,0,1
HM,LENON,36.282642,-86.199536,2, ,0.0,0.0,252.0,04,0,0,0,0,0,0,0,0,0

APPTR,R20LZ,20L,JOGLO
IF,JOGLO,36.157433,-86.778853, ,0.0,0.0,1,8000,0,1,210,0,1,0
TF,IDADE,36.217336,-86.755414,0, ,0.0,0.0,0.0,0.0,2,6800,0,0,0,0,1,0
TF,MASHE,36.286906,-86.728144,0, ,0.0,0.0,0.0,0.0,2,5500,0,0,0,0,0,0
RF,TOOTO,36.320178,-86.677992,2,CFLFS,144.3,2.9,2,4500,0,0,0,0,0,0
RF,CRAMR,36.253642,-86.611131,2,CFLFP,201.3,3.1,2,3000,0,0,0,0,0,0
TF,JUUDD,36.203647,-86.631211,0, ,0.0,0.0,0.0,0.0,2,2000,0,0,0,0,0,0

APPTR,R20LZ,20L,MRNDA
IF,MRNDA,36.457558,-86.529008, ,0.0,0.0,2,6000,0,0,0,0,1,0
TF,REABA,36.370258,-86.564250,0, ,0.0,0.0,0.0,0.0,2,5000,0,0,0,0,0,0
TF,WAYLN,36.303631,-86.591022,0, ,0.0,0.0,0.0,0.0,2,4000,0,0,0,0,1,0
TF,CRAMR,36.253642,-86.611131,0, ,0.0,0.0,0.0,0.0,2,3000,0,0,0,0,0,0
TF,JUUDD,36.203647,-86.631211,0, ,0.0,0.0,0.0,0.0,2,2000,0,0,0,0,0,0

APPTR,R20LZ,20L,RDNEK
IF,RDNEK,36.433642,-86.314353, ,0.0,0.0,1,6000,0,1,210,0,1,0
TF,BOEBO,36.449036,-86.373319,0, ,0.0,0.0,0.0,0.0,1,6000,0,0,0,0,0,0
RF,REABA,36.370258,-86.564250,1,CFLFQ,201.3,7.4,2,5000,0,0,0,0,0,0
TF,WAYLN,36.303631,-86.591022,0, ,0.0,0.0,0.0,0.0,2,4000,0,0,0,0,1,0
TF,CRAMR,36.253642,-86.611131,0, ,0.0,0.0,0.0,0.0,2,3000,0,0,0,0,0,0
TF,JUUDD,36.203647,-86.631211,0, ,0.0,0.0,0.0,0.0,2,2000,0,0,0,0,0,0

APPTR,R20LZ,20L,SIPPO
IF,SIPPO,36.101325,-86.564058, ,0.0,0.0,1,8000,0,1,210,0,1,0
TF,WOKAP,36.163272,-86.539158,0, ,0.0,0.0,0.0,0.0,2,6700,0,0,0,0,1,0
TF,PBISH,36.227772,-86.513189,0, ,0.0,0.0,0.0,0.0,2,5500,0,0,0,0,0,0
RF,CRAMR,36.253642,-86.611131,1,CFLFV,201.3,2.5,2,3000,0,0,0,0,0,0
TF,JUUDD,36.203647,-86.631211,0, ,0.0,0.0,0.0,0.0,2,2000,0,0,0,0,0,0

APPTR,R20LZ,20L,TURNT
IF,TURNT,36.548367,-86.757156, ,0.0,0.0,1,7000,0,1,210,0,1,0
TF,LICKK,36.523781,-86.661603,0, ,0.0,0.0,0.0,0.0,1,7000,0,0,0,0,0,0
RF,REABA,36.370258,-86.564250,2,CFLFT,201.3,7.3,2,5000,0,0,0,0,0,0
TF,WAYLN,36.303631,-86.591022,0, ,0.0,0.0,0.0,0.0,2,4000,0,0,0,0,1,0
TF,CRAMR,36.253642,-86.611131,0, ,0.0,0.0,0.0,0.0,2,3000,0,0,0,0,0,0
TF,JUUDD,36.203647,-86.631211,0, ,0.0,0.0,0.0,0.0,2,2000,0,0,0,0,0,0

FINAL,R20LZ,20L,R,2
IF,JUUDD,36.203647,-86.631211, ,0.0,0.0,2,2000,0,0,0,0,2,0
TF,RW20L,36.133614,-86.659278,0, ,0.0,0.0,201.0,4.4,1,595,0,0,0,0,3,1
CA,0,201.0,2,1300,0,0,0,0,0,0
DF,LENON,36.282642,-86.199536,1, ,0.0,0.0,2,4000,0,0,0,0,0,1
HM,LENON,36.282642,-86.199536,2, ,0.0,0.0,252.0,04,0,0,0,0,0,0,0,0,0

APPTR,R20RY,20R,GUITR
IF,GUITR,36.460914,-86.551408, ,0.0,0.0,0,0,0,0,0,0,1,0
TF,PICKN,36.376333,-86.584722,0, ,0.0,0.0,0.0,0.0,2,5000,0,0,0,0,0,0
TF,HIKRY,36.308003,-86.611667,0, ,0.0,0.0,0.0,0.0,2,4000,0,0,0,0,1,0

FINAL,R20RY,20R,R,5
IF,HIKRY,36.308003,-86.611667, ,0.0,0.0,2,4000,0,0,0,0,0,0
TF,AKUFF,36.257117,-86.631706,0, ,0.0,0.0,201.0,3.2,2,3000,0,0,0,0,0,0
TF,OPERY,36.206958,-86.651422,0, ,0.0,0.0,201.0,3.2,2,2000,0,0,0,0,2,0
TF,MARJG,36.165011,-86.667900,0, ,0.0,0.0,201.0,2.6,2,1160,0,0,0,0,0,0
TF,RW20R,36.137842,-86.678564,0, ,0.0,0.0,201.0,1.7,1,616,0,0,0,0,3,1
CA,0,201.0,2,1200,0,0,0,0,0,0
DF,BEVEE,36.120531,-87.144336,0, ,0.0,0.0,2,4000,0,0,0,0,0,1
HM,BEVEE,36.120531,-87.144336,2, ,0.0,0.0,89.0,04,0,0,0,0,0,0,0,0,0

APPTR,R20RZ,20R,GUITR
IF,GUITR,36.460914,-86.551408, ,0.0,0.0,1,6000,0,0,0,0,1,0
TF,PICKN,36.376333,-86.584722,0, ,0.0,0.0,0.0,0.0,2,5000,0,0,0,0,0,0
TF,HIKRY,36.308003,-86.611667,0, ,0.0,0.0,0.0,0.0,2,4000,0,0,0,0,1,0
TF,AKUFF,36.257117,-86.631706,0, ,0.0,0.0,0.0,0.0,2,3000,0,0,0,0,0,0
TF,OPERY,36.206958,-86.651422,0, ,0.0,0.0,0.0,0.0,2,2000,0,0,0,0,0,0

APPTR,R20RZ,20R,JOGLO
IF,JOGLO,36.157433,-86.778853, ,0.0,0.0,1,8000,0,1,210,0,1,0
TF,IDADE,36.217336,-86.755414,0, ,0.0,0.0,0.0,0.0,2,6800,0,0,0,0,1,0
TF,IICKS,36.282417,-86.729906,0, ,0.0,0.0,0.0,0.0,2,5500,0,0,0,0,0,0
RF,AKUFF,36.257117,-86.631706,2,CFLGT,200.9,2.5,2,3000,0,0,0,0,0,0
TF,OPERY,36.206958,-86.651422,0, ,0.0,0.0,0.0,0.0,2,2000,0,0,0,0,0,0

APPTR,R20RZ,20R,RDNEK
IF,RDNEK,36.433642,-86.314353, ,0.0,0.0,1,6000,0,1,210,0,1,0
TF,JAQQE,36.454878,-86.395733,0, ,0.0,0.0,0.0,0.0,1,6000,0,0,0,0,0,0
RF,PICKN,36.376333,-86.584722,1,CFLGF,201.0,7.3,2,5000,0,0,0,0,0,0
TF,HIKRY,36.308003,-86.611667,0, ,0.0,0.0,0.0,0.0,2,4000,0,0,0,0,1,0
TF,AKUFF,36.257117,-86.631706,0, ,0.0,0.0,0.0,0.0,2,3000,0,0,0,0,0,0
TF,OPERY,36.206958,-86.651422,0, ,0.0,0.0,0.0,0.0,2,2000,0,0,0,0,0,0

APPTR,R20RZ,20R,SIPPO
IF,SIPPO,36.101325,-86.564058, ,0.0,0.0,1,8000,0,1,210,0,1,0
TF,WOKAP,36.163272,-86.539158,0, ,0.0,0.0,0.0,0.0,2,6700,0,0,0,0,1,0
TF,POORR,36.235039,-86.510258,0, ,0.0,0.0,0.0,0.0,2,5900,0,0,0,0,0,0
RF,KLOPR,36.282342,-86.527494,1,CFLGC,256.7,2.6,2,4900,0,0,0,0,0,0
RF,AKUFF,36.257117,-86.631706,1,CFLGB,200.9,3.2,2,3000,0,0,0,0,0,0
TF,OPERY,36.206958,-86.651422,0, ,0.0,0.0,0.0,0.0,2,2000,0,0,0,0,0,0

APPTR,R20RZ,20R,TURNT
IF,TURNT,36.548367,-86.757156, ,0.0,0.0,1,7000,0,1,210,0,1,0
TF,FLMBE,36.529119,-86.682325,0, ,0.0,0.0,0.0,0.0,1,7000,0,0,0,0,0,0
RF,PICKN,36.376333,-86.584722,2,CFLGD,201.0,7.3,2,5000,0,0,0,0,0,0
TF,HIKRY,36.308003,-86.611667,0, ,0.0,0.0,0.0,0.0,2,4000,0,0,0,0,1,0
TF,AKUFF,36.257117,-86.631706,0, ,0.0,0.0,0.0,0.0,2,3000,0,0,0,0,0,0
TF,OPERY,36.206958,-86.651422,0, ,0.0,0.0,0.0,0.0,2,2000,0,0,0,0,0,0

FINAL,R20RZ,20R,R,2
IF,OPERY,36.206958,-86.651422, ,0.0,0.0,2,2000,0,0,0,0,2,0
TF,RW20R,36.137842,-86.678564,0, ,0.0,0.0,201.0,4.4,1,616,0,0,0,0,3,1
CA,0,201.0,2,1200,0,0,0,0,0,0
DF,BEVEE,36.120531,-87.144336,0, ,0.0,0.0,2,4000,0,0,0,0,0,1
HM,BEVEE,36.120531,-87.144336,2, ,0.0,0.0,89.0,04,0,0,0,0,0,0,0,0,0

APPTR,R31-Y,31,LLYNN
IF,LLYNN,35.872144,-86.345217, ,0.0,0.0,0,0,0,0,0,0,1,0
TF,RIKTS,35.942219,-86.436011,0, ,0.0,0.0,0.0,0.0,2,5000,0,0,0,0,1,0

FINAL,R31-Y,31,R,5
IF,RIKTS,35.942219,-86.436011, ,0.0,0.0,2,5000,0,0,0,0,0,0
TF,ONUGE,35.982394,-86.488178,0, ,0.0,0.0,316.0,3.5,2,4000,0,0,0,0,0,0
TF,HOLER,36.051011,-86.577489,0, ,0.0,0.0,316.0,6.0,2,2600,0,0,0,0,2,0
TF,HUMIN,36.101381,-86.643197,0, ,0.0,0.0,316.0,4.4,2,1200,0,0,0,0,0,0
TF,RW31,36.121892,-86.670003,0, ,0.0,0.0,316.0,1.8,1,630,0,0,0,0,3,1
CA,0,316.0,2,1400,0,0,0,0,0,0
DF,BEVEE,36.120531,-87.144336,0, ,0.0,0.0,2,4000,0,0,0,0,0,1
HM,BEVEE,36.120531,-87.144336,2, ,0.0,0.0,89.0,04,0,0,0,0,0,0,0,0,0

APPTR,R31-Z,31,LLYNN
IF,LLYNN,35.872144,-86.345217, ,0.0,0.0,2,6000,0,0,0,0,1,0
TF,RIKTS,35.942219,-86.436011,0, ,0.0,0.0,0.0,0.0,2,5000,0,0,0,0,1,0

FINAL,R31-Z,31,R,4
IF,RIKTS,35.942219,-86.436011, ,0.0,0.0,2,5000,0,0,0,0,0,0
TF,ONUGE,35.982394,-86.488178,0, ,0.0,0.0,316.0,3.5,2,4000,0,0,0,0,0,0
TF,HOLER,36.051011,-86.577489,0, ,0.0,0.0,316.0,6.0,2,2600,0,0,0,0,2,0
TF,RW31,36.121892,-86.670003,0, ,0.0,0.0,316.0,6.2,1,630,0,0,0,0,3,1
CA,0,316.0,2,1400,0,0,0,0,0,0
DF,BEVEE,36.120531,-87.144336,0, ,0.0,0.0,2,4000,0,0,0,0,0,1
HM,BEVEE,36.120531,-87.144336,2, ,0.0,0.0,89.0,04,0,0,0,0,0,0,0,0,0

