APPTR,L08,08,ARG
IF,ARG,36.110019,-90.953694, ,0.0,0.0,0,0,0,0,0,0,0,0
TF,NICIN,35.705344,-91.781514,0, ,0.0,0.0,0.0,0.0,2,3000,0,0,0,0,0,0
PI,NICIN,35.705344,-91.781514,2,DGD,214.0,10.0,259,5.0,2,3000,0,0,0,0,1,0

FINAL,L08,08,D,4
IF,CF08,35.687436,-91.902247,IBVX,258.8,13.1,2,3000,0,0,0,0,0,0
CF,NICIN,35.705344,-91.781514,0,IBVX,258.8,7.1,79.0,6.0,2,2400,0,0,0,0,2,0
CF,CUCAL,35.712250,-91.734719,0,IBVX,258.8,4.8,79.0,2.3,2,1660,0,0,0,0,0,0
CF,RW08,35.723069,-91.661131,0,IBVX,258.8,1.2,79.0,3.7,1,496,0,0,0,0,3,0
CA,0,79.0,2,2000,0,0,0,0,0,0
VI,0, ,0.0,20.0,0,0,0,0,0,0,0,0
CF,MUSSO,35.911617,-91.358200,0,ARG,235.0,23.0,55.0,11.0,2,3000,0,0,0,0,0,0
HM,MUSSO,35.911617,-91.358200,2, ,0.0,0.0,235.0,04.3,0,0,0,0,0,0,0,0,0

APPTR,R08,08,CISOG
IF,CISOG,35.794350,-91.924694, ,0.0,0.0,0,0,0,0,0,0,1,0
TF,FIKIX,35.687625,-91.900744,0, ,0.0,0.0,0.0,0.0,2,3000,0,0,0,0,1,0

APPTR,R08,08,FIKIX
HF,FIKIX,35.687625,-91.900744,2, ,0.0,0.0,79.0,04,2,3000,0,0,0,0,1,0,0

APPTR,R08,08,HEPLU
IF,HEPLU,35.580894,-91.876861, ,0.0,0.0,0,0,0,0,0,0,1,0
TF,FIKIX,35.687625,-91.900744,0, ,0.0,0.0,0.0,0.0,2,3000,0,0,0,0,1,0

FINAL,R08,08,R,4
IF,FIKIX,35.687625,-91.900744, ,0.0,0.0,2,3000,0,0,0,0,0,0
TF,NICIN,35.705344,-91.781514,0, ,0.0,0.0,79.0,5.9,2,2400,0,0,0,0,2,0
TF,CUCAL,35.712250,-91.734719,0, ,0.0,0.0,79.0,2.3,2,1660,0,0,0,0,0,0
TF,RW08,35.723069,-91.661131,0, ,0.0,0.0,79.0,3.7,1,496,0,0,0,0,3,1
CA,0,79.0,2,663,0,0,0,0,0,0
DF,NAPIC,35.760772,-91.402183,0, ,0.0,0.0,2,3000,0,0,0,0,0,1
HM,NAPIC,35.760772,-91.402183,2, ,0.0,0.0,259.0,04,0,0,0,0,0,0,0,0,0

APPTR,R26,26,ARG
IF,ARG,36.110019,-90.953694, ,0.0,0.0,0,0,0,0,0,0,1,0
TF,NAPIC,35.760772,-91.402183,0, ,0.0,0.0,0.0,0.0,2,3000,0,0,0,0,1,0

APPTR,R26,26,JEBEP
IF,JEBEP,35.627286,-91.373208, ,0.0,0.0,0,0,0,0,0,0,1,0
TF,NAPIC,35.760772,-91.402183,0, ,0.0,0.0,0.0,0.0,2,3000,0,0,0,0,1,0

APPTR,R26,26,NAPIC
HF,NAPIC,35.760772,-91.402183,2, ,0.0,0.0,259.0,04,2,3000,0,0,0,0,1,0,0

APPTR,R26,26,VILLO
IF,VILLO,36.174764,-91.607308, ,0.0,0.0,0,0,0,0,0,0,0,0
TF,HAXOD,35.842947,-91.420069,0, ,0.0,0.0,0.0,0.0,2,3000,0,0,0,0,1,0
TF,NAPIC,35.760772,-91.402183,0, ,0.0,0.0,0.0,0.0,2,3000,0,0,0,0,1,0

FINAL,R26,26,R,4
IF,NAPIC,35.760772,-91.402183, ,0.0,0.0,2,3000,0,0,0,0,0,0
TF,JIGER,35.743189,-91.523467,0, ,0.0,0.0,259.0,6.0,2,2400,0,0,0,0,2,0
TF,HUSAG,35.731594,-91.602950,0, ,0.0,0.0,259.0,3.9,2,1120,0,0,0,0,0,0
TF,RW26,35.725989,-91.641231,0, ,0.0,0.0,259.0,1.9,1,509,0,0,0,0,3,1
CA,0,259.0,2,865,0,0,0,0,0,0
DF,FIKIX,35.687625,-91.900744,0, ,0.0,0.0,2,3000,0,0,0,0,0,1
HM,FIKIX,35.687625,-91.900744,2, ,0.0,0.0,79.0,04,0,0,0,0,0,0,0,0,0

