APPTR,R09-A,09,DRNAA
IF,DRNAA,41.535581,-86.314072, ,0.0,0.0,0,0,0,0,0,0,1,0
TF,ENDOF,41.587219,-86.104492,0, ,0.0,0.0,0.0,0.0,2,3000,0,0,0,0,1,0

APPTR,R09-A,09,ENDOF
HF,ENDOF,41.587219,-86.104492,2, ,0.0,0.0,138.0,04,2,3000,0,0,0,0,1,0,0

APPTR,R09-A,09,FEVAX
IF,FEVAX,41.670633,-86.076283, ,0.0,0.0,0,0,0,0,0,0,1,0
TF,ENDOF,41.587219,-86.104492,0, ,0.0,0.0,0.0,0.0,2,3000,0,0,0,0,1,0

FINAL,R09-A,09,R,3
IF,ENDOF,41.587219,-86.104492, ,0.0,0.0,2,3000,0,0,0,0,0,0
TF,CPONE,41.525200,-86.030306,0, ,0.0,0.0,138.0,5.0,2,2600,0,0,0,0,2,0
TF,MAFDE,41.448297,-85.938592,0, ,0.0,0.0,138.0,6.2,1,1420,0,0,0,0,3,1
CA,0,138.0,2,1420,0,0,0,0,0,0
DF,ENDOF,41.587219,-86.104492,1, ,0.0,0.0,2,3000,0,0,0,0,0,1
HM,ENDOF,41.587219,-86.104492,2, ,0.0,0.0,138.0,04,0,0,0,0,0,0,0,0,0

APPTR,R27-A,27,DRNAA
IF,DRNAA,41.535581,-86.314072, ,0.0,0.0,0,0,0,0,0,0,1,0
TF,ENDOF,41.587219,-86.104492,0, ,0.0,0.0,0.0,0.0,2,3000,0,0,0,0,1,0

APPTR,R27-A,27,ENDOF
HF,ENDOF,41.587219,-86.104492,2, ,0.0,0.0,138.0,04,2,3000,0,0,0,0,1,0,0

APPTR,R27-A,27,FEVAX
IF,FEVAX,41.670633,-86.076283, ,0.0,0.0,0,0,0,0,0,0,1,0
TF,ENDOF,41.587219,-86.104492,0, ,0.0,0.0,0.0,0.0,2,3000,0,0,0,0,1,0

FINAL,R27-A,27,R,3
IF,ENDOF,41.587219,-86.104492, ,0.0,0.0,2,3000,0,0,0,0,0,0
TF,CPONE,41.525200,-86.030306,0, ,0.0,0.0,138.0,5.0,2,2600,0,0,0,0,2,0
TF,MAFDE,41.448297,-85.938592,0, ,0.0,0.0,138.0,6.2,1,1420,0,0,0,0,3,1
CA,0,138.0,2,1420,0,0,0,0,0,0
DF,ENDOF,41.587219,-86.104492,1, ,0.0,0.0,2,3000,0,0,0,0,0,1
HM,ENDOF,41.587219,-86.104492,2, ,0.0,0.0,138.0,04,0,0,0,0,0,0,0,0,0

