APPTR,R13,13,OWENA
IF,OWENA,41.344786,-89.193925, ,0.0,0.0,0,0,0,0,0,0,0,0
TF,ZEPEB,41.247092,-89.485506,0, ,0.0,0.0,0.0,0.0,2,2500,0,0,0,0,1,0
TF,YULUB,41.142044,-89.594378,0, ,0.0,0.0,0.0,0.0,2,2500,0,0,0,0,1,0

APPTR,R13,13,PIA
IF,PIA,40.680069,-89.792753, ,0.0,0.0,0,0,0,0,0,0,0,0
TF,WANLU,41.036894,-89.702903,0, ,0.0,0.0,0.0,0.0,2,2500,0,0,0,0,1,0
TF,YULUB,41.142044,-89.594378,0, ,0.0,0.0,0.0,0.0,2,2500,0,0,0,0,1,0

APPTR,R13,13,YULUB
HF,YULUB,41.142044,-89.594378,2, ,0.0,0.0,129.0,04,2,2500,0,0,0,0,1,0,0

FINAL,R13,13,R,4
IF,YULUB,41.142044,-89.594378, ,0.0,0.0,2,2500,0,0,0,0,0,0
TF,GUGBE,41.080339,-89.490142,0, ,0.0,0.0,129.0,6.0,2,2400,0,0,0,0,2,0
TF,XUVTY,41.042397,-89.426225,0, ,0.0,0.0,129.0,3.7,2,1220,0,0,0,0,0,0
TF,RW13,41.021800,-89.391583,0, ,0.0,0.0,129.0,2.0,1,589,0,0,0,0,3,1
CA,0,129.0,2,1000,0,0,0,0,0,0
DF,YULUB,41.142044,-89.594378,2, ,0.0,0.0,2,2500,0,0,0,0,0,1
HM,YULUB,41.142044,-89.594378,2, ,0.0,0.0,129.0,04,0,0,0,0,0,0,0,0,0

