APPTR,R15,15,PINEY
HF,PINEY,39.094900,-77.052803,1, ,0.0,0.0,149.0,04,2,2200,0,0,0,0,1,0,0

FINAL,R15,15,R,4
IF,PINEY,39.094900,-77.052803, ,0.0,0.0,2,2200,0,0,0,0,0,0
TF,BRNCH,39.032603,-76.981653,0, ,0.0,0.0,149.0,5.0,2,1800,0,0,0,0,2,0
TF,ZILEX,39.004458,-76.949519,0, ,0.0,0.0,149.0,2.3,2,840,0,0,0,0,0,0
TF,RW15,38.982378,-76.924336,0, ,0.0,0.0,149.0,1.8,1,87,0,0,0,0,3,1
CA,0,149.0,2,449,0,0,0,0,0,0
DF,JAXXS,38.875158,-76.802328,0, ,0.0,0.0,2,2100,0,0,0,0,0,1
HM,JAXXS,38.875158,-76.802328,2, ,0.0,0.0,329.0,04,0,0,0,0,0,0,0,0,0

FINAL,R33-B,33,R,3
IF,JAXXS,38.875158,-76.802328, ,0.0,0.0,2,2400,0,0,0,0,0,0
TF,ERECA,38.918797,-76.851969,0, ,0.0,0.0,329.0,3.5,2,1600,0,0,0,0,2,0
TF,RW33,38.977772,-76.919083,0, ,0.0,0.0,329.0,4.7,1,79,0,0,0,0,3,1
CA,0,329.0,2,448,0,0,0,0,0,0
DF,JAXXS,38.875158,-76.802328,2, ,0.0,0.0,2,2400,0,0,0,0,0,1
HM,JAXXS,38.875158,-76.802328,2, ,0.0,0.0,329.0,04,0,0,0,0,0,0,0,0,0

