SID,WATTR1,09,4
VA,0,89.0,2,791,0,0,0,0,0,0
DF,WATTR,48.139264,-122.941103,0, ,0.0,0.0,2,3000,0,0,0,0,0,0

SID,WATTR1,27,4
VA,0,269.0,2,791,0,0,0,0,0,0
DF,WATTR,48.139264,-122.941103,2, ,0.0,0.0,2,3000,0,0,0,0,0,0

SID,WATTR1,31,4
VA,0,312.0,2,791,0,0,0,0,0,0
DF,WATTR,48.139264,-122.941103,2, ,0.0,0.0,2,3000,0,0,0,0,0,0

APPTR,I09,09,JIGEB
IF,JIGEB,48.231719,-123.025469, ,0.0,0.0,0,0,0,0,0,0,0,0
TF,YUCSU,48.189114,-123.907122,0, ,0.0,0.0,0.0,0.0,2,4700,0,0,0,0,0,1
HF,YUCSU,48.189114,-123.907122,1, ,0.0,0.0,89.0,04.3,2,4700,0,0,0,0,1,0,0
TF,HUTUK,48.171117,-123.801669,0, ,0.0,0.0,0.0,0.0,2,3800,0,0,0,0,0,0
CF,OCUVI,48.162389,-123.750758,0,ICLM,268.6,11.1,89.0,2.1,2,3200,0,0,0,0,0,0

APPTR,I09,09,TOU
IF,TOU,48.299900,-124.627044, ,0.0,0.0,0,0,0,0,0,0,1,0
TF,YUCSU,48.189114,-123.907122,0, ,0.0,0.0,0.0,0.0,2,4700,0,0,0,0,0,0
TF,HUTUK,48.171117,-123.801669,0, ,0.0,0.0,0.0,0.0,2,3800,0,0,0,0,1,0
CF,OCUVI,48.162389,-123.750758,0,ICLM,268.6,11.1,89.0,2.1,2,3200,0,0,0,0,0,0

APPTR,I09,09,WATTR
IF,WATTR,48.139264,-122.941103, ,0.0,0.0,0,0,0,0,0,0,0,0
TF,YUCSU,48.189114,-123.907122,0, ,0.0,0.0,0.0,0.0,2,4700,0,0,0,0,0,1
HF,YUCSU,48.189114,-123.907122,1, ,0.0,0.0,89.0,04.3,2,4700,0,0,0,0,1,0,0
TF,HUTUK,48.171117,-123.801669,0, ,0.0,0.0,0.0,0.0,2,3800,0,0,0,0,0,0
CF,OCUVI,48.162389,-123.750758,0,ICLM,268.6,11.1,89.0,2.1,2,3200,0,0,0,0,0,0

FINAL,I09,09,I,3
IF,OCUVI,48.162389,-123.750758,ICLM,268.6,11.1,2,3200,0,0,0,0,0,0
CF,SESCO,48.146758,-123.659908,0,ICLM,268.6,7.3,89.0,3.8,1,2300,0,0,0,0,2,0
CF,RW09,48.121036,-123.511514,0,ICLM,268.6,1.2,89.0,6.2,1,338,0,0,0,0,3,0
CA,0,89.0,2,1000,0,0,0,0,0,0
VI,0, ,0.0,30.0,0,0,0,0,0,0,0,0
CF,JIGEB,48.231719,-123.025469,0,CVV,247.4,12.1,67.0,11.0,2,5400,0,0,0,0,0,0
HM,JIGEB,48.231719,-123.025469,2, ,0.0,0.0,67.0,04.3,2,5400,0,0,0,0,0,0,0

APPTR,R09,09,JIGEB
IF,JIGEB,48.231719,-123.025469, ,0.0,0.0,0,0,0,0,0,0,0,0
TF,YUCSU,48.189114,-123.907122,0, ,0.0,0.0,0.0,0.0,2,4700,0,0,0,0,0,1
HF,YUCSU,48.189114,-123.907122,1, ,0.0,0.0,88.0,05,2,4700,0,0,0,0,1,0,0

APPTR,R09,09,WATTR
IF,WATTR,48.139264,-122.941103, ,0.0,0.0,0,0,0,0,0,0,0,0
TF,YUCSU,48.189114,-123.907122,0, ,0.0,0.0,0.0,0.0,2,4700,0,0,0,0,0,1
HF,YUCSU,48.189114,-123.907122,1, ,0.0,0.0,88.0,05,2,4700,0,0,0,0,1,0,0

FINAL,R09,09,R,4
IF,YUCSU,48.189114,-123.907122, ,0.0,0.0,2,4700,0,0,0,0,0,0
TF,OCUVI,48.162389,-123.750758,0, ,0.0,0.0,88.0,6.5,2,3500,0,0,0,0,2,0
TF,LIGIY,48.145669,-123.653631,0, ,0.0,0.0,88.0,4.0,2,2200,0,0,0,0,0,0
TF,RW09,48.121036,-123.511514,0, ,0.0,0.0,88.0,5.9,1,338,0,0,0,0,3,1
CA,0,88.0,2,1000,0,0,0,0,0,0
DF,WATTR,48.139264,-122.941103,0, ,0.0,0.0,2,5400,0,0,0,0,0,1
HM,WATTR,48.139264,-122.941103,2, ,0.0,0.0,127.0,05,2,5400,0,0,0,0,0,0,0

APPTR,R27,27,JAWBN
IF,JAWBN,48.031739,-122.843239, ,0.0,0.0,0,0,0,0,0,0,1,0
TF,COBUX,48.081300,-123.133308,0, ,0.0,0.0,0.0,0.0,2,3700,0,0,0,0,1,0

APPTR,R27,27,WATTR
IF,WATTR,48.139264,-122.941103, ,0.0,0.0,0,0,0,0,0,0,1,0
TF,COBUX,48.081300,-123.133308,0, ,0.0,0.0,0.0,0.0,2,3700,0,0,0,0,1,0

FINAL,R27,27,R,4
IF,COBUX,48.081300,-123.133308, ,0.0,0.0,2,3700,0,0,0,0,0,0
TF,FAMUV,48.087350,-123.318953,0, ,0.0,0.0,257.0,7.5,2,3000,0,0,0,0,2,0
TF,SEBTY,48.102886,-123.407500,0, ,0.0,0.0,269.0,3.7,2,1620,0,0,0,0,0,0
TF,RW27,48.117592,-123.491731,0, ,0.0,0.0,269.0,3.5,1,331,0,0,0,0,3,1
CA,0,269.0,2,691,0,0,0,0,0,0
DF,MIDWI,48.185933,-123.650189,0, ,0.0,0.0,0,0,0,0,0,0,0,0
TF,YUCSU,48.189114,-123.907122,0, ,0.0,0.0,0.0,0.0,2,4000,0,0,0,0,0,1
HM,YUCSU,48.189114,-123.907122,1, ,0.0,0.0,75.0,04,0,0,0,0,0,0,0,0,0

