STAR,BANGZ2,ACORI,4
IF,ACORI,31.773156,-85.858197, ,0.0,0.0,0,0,0,0,0,0,0,0
TF,CABLO,30.774722,-84.840000,0, ,0.0,0.0,0.0,0.0,0,0,0,0,0,0,0,0
TF,THRTL,30.330553,-84.396964,0, ,0.0,0.0,0.0,0.0,0,0,0,0,0,0,0,0
TF,HEVVN,29.821975,-83.895247,0, ,0.0,0.0,0.0,0.0,0,0,0,0,0,0,0,0
TF,CLAMP,29.346067,-83.589336,0, ,0.0,0.0,0.0,0.0,0,0,0,0,0,0,0,0
TF,LALAA,28.976411,-83.464358,0, ,0.0,0.0,0.0,0.0,0,0,0,0,0,0,0,0
TF,CORRL,28.393622,-83.164325,0, ,0.0,0.0,0.0,0.0,2,8000,0,0,0,0,0,0
TF,BANGZ,28.279094,-83.107114,0, ,0.0,0.0,0.0,0.0,4,13000,7000,0,0,0,0,0

STAR,BANGZ2,BADDD,4
IF,BADDD,31.543800,-82.701483, ,0.0,0.0,0,0,0,0,0,0,0,0
TF,GPEEE,31.227892,-83.870856,0, ,0.0,0.0,0.0,0.0,0,0,0,0,0,0,0,0
TF,THRTL,30.330553,-84.396964,0, ,0.0,0.0,0.0,0.0,0,0,0,0,0,0,0,0
TF,HEVVN,29.821975,-83.895247,0, ,0.0,0.0,0.0,0.0,0,0,0,0,0,0,0,0
TF,CLAMP,29.346067,-83.589336,0, ,0.0,0.0,0.0,0.0,0,0,0,0,0,0,0,0
TF,LALAA,28.976411,-83.464358,0, ,0.0,0.0,0.0,0.0,0,0,0,0,0,0,0,0
TF,CORRL,28.393622,-83.164325,0, ,0.0,0.0,0.0,0.0,2,8000,0,0,0,0,0,0
TF,BANGZ,28.279094,-83.107114,0, ,0.0,0.0,0.0,0.0,4,13000,7000,0,0,0,0,0

STAR,BANGZ2,DEFUN,4
IF,DEFUN,30.814242,-86.131414, ,0.0,0.0,0,0,0,0,0,0,0,0
TF,CABLO,30.774722,-84.840000,0, ,0.0,0.0,0.0,0.0,0,0,0,0,0,0,0,0
TF,THRTL,30.330553,-84.396964,0, ,0.0,0.0,0.0,0.0,0,0,0,0,0,0,0,0
TF,HEVVN,29.821975,-83.895247,0, ,0.0,0.0,0.0,0.0,0,0,0,0,0,0,0,0
TF,CLAMP,29.346067,-83.589336,0, ,0.0,0.0,0.0,0.0,0,0,0,0,0,0,0,0
TF,LALAA,28.976411,-83.464358,0, ,0.0,0.0,0.0,0.0,0,0,0,0,0,0,0,0
TF,CORRL,28.393622,-83.164325,0, ,0.0,0.0,0.0,0.0,2,8000,0,0,0,0,0,0
TF,BANGZ,28.279094,-83.107114,0, ,0.0,0.0,0.0,0.0,4,13000,7000,0,0,0,0,0

STAR,BANGZ2,HEVVN,4
IF,HEVVN,29.821975,-83.895247, ,0.0,0.0,0,0,0,0,0,0,0,0
TF,CLAMP,29.346067,-83.589336,0, ,0.0,0.0,0.0,0.0,0,0,0,0,0,0,0,0
TF,LALAA,28.976411,-83.464358,0, ,0.0,0.0,0.0,0.0,0,0,0,0,0,0,0,0
TF,CORRL,28.393622,-83.164325,0, ,0.0,0.0,0.0,0.0,2,8000,0,0,0,0,0,0
TF,BANGZ,28.279094,-83.107114,0, ,0.0,0.0,0.0,0.0,4,13000,7000,0,0,0,0,0

STAR,BANGZ2,HONID,4
IF,HONID,31.647308,-84.395167, ,0.0,0.0,0,0,0,0,0,0,0,0
TF,THRTL,30.330553,-84.396964,0, ,0.0,0.0,0.0,0.0,0,0,0,0,0,0,0,0
TF,HEVVN,29.821975,-83.895247,0, ,0.0,0.0,0.0,0.0,0,0,0,0,0,0,0,0
TF,CLAMP,29.346067,-83.589336,0, ,0.0,0.0,0.0,0.0,0,0,0,0,0,0,0,0
TF,LALAA,28.976411,-83.464358,0, ,0.0,0.0,0.0,0.0,0,0,0,0,0,0,0,0
TF,CORRL,28.393622,-83.164325,0, ,0.0,0.0,0.0,0.0,2,8000,0,0,0,0,0,0
TF,BANGZ,28.279094,-83.107114,0, ,0.0,0.0,0.0,0.0,4,13000,7000,0,0,0,0,0

STAR,BANGZ2,ALL,5
IF,BANGZ,28.279094,-83.107114, ,0.0,0.0,4,13000,7000,0,0,0,0,0
TF,KIDLE,28.196336,-83.026272,0, ,0.0,0.0,0.0,0.0,0,0,0,0,0,0,0,0
TF,BOLTS,28.187758,-82.872539,0, ,0.0,0.0,0.0,0.0,2,3000,0,0,0,0,0,1
FM,BOLTS,28.187758,-82.872539,0,SRQ,0.0,0.0,90.0,0,0,0,0,0,0,0,0

STAR,BLFRG3,COREA,4
IF,COREA,26.635822,-81.214525, ,0.0,0.0,0,0,0,0,0,0,0,0
TF,BLFRG,27.082836,-81.838544,0, ,0.0,0.0,0.0,0.0,0,0,0,0,0,0,0,0

STAR,BLFRG3,FERAL,4
IF,FERAL,26.513156,-81.771039, ,0.0,0.0,0,0,0,0,0,0,0,0
TF,BLFRG,27.082836,-81.838544,0, ,0.0,0.0,0.0,0.0,0,0,0,0,0,0,0,0

STAR,BLFRG3,JAYMC,4
IF,JAYMC,26.980833,-81.368889, ,0.0,0.0,0,0,0,0,0,0,0,0
TF,BLFRG,27.082836,-81.838544,0, ,0.0,0.0,0.0,0.0,0,0,0,0,0,0,0,0

STAR,BLFRG3,OCTAL,4
IF,OCTAL,26.150533,-80.203222, ,0.0,0.0,0,0,0,0,0,0,0,0
TF,COREA,26.635822,-81.214525,0, ,0.0,0.0,0.0,0.0,0,0,0,0,0,0,0,0
TF,BLFRG,27.082836,-81.838544,0, ,0.0,0.0,0.0,0.0,0,0,0,0,0,0,0,0

STAR,BLFRG3,ALL,5
IF,BLFRG,27.082836,-81.838544, ,0.0,0.0,0,0,0,0,0,0,0,0
TF,COSAR,27.369028,-82.080961,0, ,0.0,0.0,0.0,0.0,0,0,0,0,0,0,0,0
TF,DSIDE,27.441683,-82.148506,0, ,0.0,0.0,0.0,0.0,0,0,0,0,0,0,0,0
TF,OXISE,27.535633,-82.250903,0, ,0.0,0.0,0.0,0.0,2,4000,0,0,0,0,0,1
FM,OXISE,27.535633,-82.250903,0,SRQ,0.0,0.0,285.0,0,0,0,0,0,0,0,0

STAR,DADES2,BAAMF,4
IF,BAAMF,30.670328,-82.317353, ,0.0,0.0,0,0,0,0,0,0,0,0
TF,CORYY,30.171081,-82.379536,0, ,0.0,0.0,0.0,0.0,0,0,0,0,0,0,0,0
TF,CAPOH,29.587661,-82.347100,0, ,0.0,0.0,0.0,0.0,0,0,0,0,0,0,0,0
TF,EDISN,29.404075,-82.336975,0, ,0.0,0.0,0.0,0.0,0,0,0,0,0,0,0,0
TF,OLENE,28.739794,-82.258014,0, ,0.0,0.0,0.0,0.0,0,0,0,0,0,0,0,0
TF,MARVI,28.639397,-82.256478,0, ,0.0,0.0,0.0,0.0,0,0,0,0,0,0,0,0
TF,KOKOH,28.526317,-82.254317,0, ,0.0,0.0,0.0,0.0,0,0,0,0,0,0,0,0
TF,DADES,28.362672,-82.252167,0, ,0.0,0.0,0.0,0.0,0,0,0,0,0,0,0,0

STAR,DADES2,BEAUX,4
IF,BEAUX,28.970197,-79.974775, ,0.0,0.0,0,0,0,0,0,0,0,0
TF,ZINGR,28.780061,-80.577378,0, ,0.0,0.0,0.0,0.0,2,10000,0,0,0,0,0,0
TF,WORAK,28.708092,-80.775322,0, ,0.0,0.0,0.0,0.0,0,0,0,0,0,0,0,0
TF,ZOPER,28.649275,-80.936292,0, ,0.0,0.0,0.0,0.0,0,0,0,0,0,0,0,0
TF,CAMKO,28.555792,-81.163358,0, ,0.0,0.0,0.0,0.0,0,0,0,0,0,0,0,0
TF,ROSTR,28.489144,-81.324439,0, ,0.0,0.0,0.0,0.0,0,0,0,0,0,0,0,0
TF,GUURR,28.360117,-81.933717,0, ,0.0,0.0,0.0,0.0,0,0,0,0,0,0,0,0
TF,DADES,28.362672,-82.252167,0, ,0.0,0.0,0.0,0.0,0,0,0,0,0,0,0,0

STAR,DADES2,EDISN,4
IF,EDISN,29.404075,-82.336975, ,0.0,0.0,0,0,0,0,0,0,0,0
TF,OLENE,28.739794,-82.258014,0, ,0.0,0.0,0.0,0.0,0,0,0,0,0,0,0,0
TF,MARVI,28.639397,-82.256478,0, ,0.0,0.0,0.0,0.0,0,0,0,0,0,0,0,0
TF,KOKOH,28.526317,-82.254317,0, ,0.0,0.0,0.0,0.0,0,0,0,0,0,0,0,0
TF,DADES,28.362672,-82.252167,0, ,0.0,0.0,0.0,0.0,0,0,0,0,0,0,0,0

STAR,DADES2,HIBAC,4
IF,HIBAC,29.094064,-79.567958, ,0.0,0.0,0,0,0,0,0,0,0,0
TF,BEAUX,28.970197,-79.974775,0, ,0.0,0.0,0.0,0.0,0,0,0,0,0,0,0,0
TF,ZINGR,28.780061,-80.577378,0, ,0.0,0.0,0.0,0.0,2,10000,0,0,0,0,0,0
TF,WORAK,28.708092,-80.775322,0, ,0.0,0.0,0.0,0.0,0,0,0,0,0,0,0,0
TF,ZOPER,28.649275,-80.936292,0, ,0.0,0.0,0.0,0.0,0,0,0,0,0,0,0,0
TF,CAMKO,28.555792,-81.163358,0, ,0.0,0.0,0.0,0.0,0,0,0,0,0,0,0,0
TF,ROSTR,28.489144,-81.324439,0, ,0.0,0.0,0.0,0.0,0,0,0,0,0,0,0,0
TF,GUURR,28.360117,-81.933717,0, ,0.0,0.0,0.0,0.0,0,0,0,0,0,0,0,0
TF,DADES,28.362672,-82.252167,0, ,0.0,0.0,0.0,0.0,0,0,0,0,0,0,0,0

STAR,DADES2,KRVUR,4
IF,KRVUR,30.742264,-82.941775, ,0.0,0.0,0,0,0,0,0,0,0,0
TF,CORYY,30.171081,-82.379536,0, ,0.0,0.0,0.0,0.0,0,0,0,0,0,0,0,0
TF,CAPOH,29.587661,-82.347100,0, ,0.0,0.0,0.0,0.0,0,0,0,0,0,0,0,0
TF,EDISN,29.404075,-82.336975,0, ,0.0,0.0,0.0,0.0,0,0,0,0,0,0,0,0
TF,OLENE,28.739794,-82.258014,0, ,0.0,0.0,0.0,0.0,0,0,0,0,0,0,0,0
TF,MARVI,28.639397,-82.256478,0, ,0.0,0.0,0.0,0.0,0,0,0,0,0,0,0,0
TF,KOKOH,28.526317,-82.254317,0, ,0.0,0.0,0.0,0.0,0,0,0,0,0,0,0,0
TF,DADES,28.362672,-82.252167,0, ,0.0,0.0,0.0,0.0,0,0,0,0,0,0,0,0

STAR,DADES2,NICCK,4
IF,NICCK,29.187911,-81.169489, ,0.0,0.0,0,0,0,0,0,0,0,0
TF,DRUDJ,28.713819,-81.118269,0, ,0.0,0.0,0.0,0.0,0,0,0,0,0,0,0,0
TF,ROSTR,28.489144,-81.324439,0, ,0.0,0.0,0.0,0.0,0,0,0,0,0,0,0,0
TF,GUURR,28.360117,-81.933717,0, ,0.0,0.0,0.0,0.0,0,0,0,0,0,0,0,0
TF,DADES,28.362672,-82.252167,0, ,0.0,0.0,0.0,0.0,0,0,0,0,0,0,0,0

STAR,DADES2,ALL,5
IF,DADES,28.362672,-82.252167, ,0.0,0.0,0,0,0,0,0,0,0,0
TF,GSPAR,28.304244,-82.252822,0, ,0.0,0.0,0.0,0.0,0,0,0,0,0,0,0,1
FM,GSPAR,28.304244,-82.252822,0,PIE,0.0,0.0,180.0,0,0,0,0,0,0,0,0

STAR,RAYZZ3,CHRGE,4
IF,CHRGE,27.812356,-84.832203, ,0.0,0.0,0,0,0,0,0,0,0,0
TF,DAAWG,27.854278,-83.915422,0, ,0.0,0.0,0.0,0.0,3,21000,0,0,0,0,0,0
TF,RAYZZ,27.913797,-83.168664,0, ,0.0,0.0,0.0,0.0,1,10000,0,0,0,0,0,0

STAR,RAYZZ3,CIGAR,4
IF,CIGAR,27.493503,-84.783197, ,0.0,0.0,0,0,0,0,0,0,0,0
TF,DAAWG,27.854278,-83.915422,0, ,0.0,0.0,0.0,0.0,3,21000,0,0,0,0,0,0
TF,RAYZZ,27.913797,-83.168664,0, ,0.0,0.0,0.0,0.0,1,10000,0,0,0,0,0,0

STAR,RAYZZ3,DAAWG,4
IF,DAAWG,27.854278,-83.915422, ,0.0,0.0,3,21000,0,0,0,0,0,0
TF,RAYZZ,27.913797,-83.168664,0, ,0.0,0.0,0.0,0.0,1,10000,0,0,0,0,0,0

STAR,RAYZZ3,ALL,5
IF,RAYZZ,27.913797,-83.168664, ,0.0,0.0,1,10000,0,0,0,0,0,0
TF,SHKRA,27.924908,-83.031553,0, ,0.0,0.0,0.0,0.0,0,0,0,0,0,0,0,1
FM,SHKRA,27.924908,-83.031553,0,PIE,0.0,0.0,90.0,0,0,0,0,0,0,0,0

