APPTR,R02,02,MELYE
HF,MELYE,34.078956,-86.925636,2, ,0.0,0.0,19.0,04,2,3200,0,0,0,0,1,0,0

FINAL,R02,02,R,4
IF,MELYE,34.078956,-86.925636, ,0.0,0.0,2,3200,0,0,0,0,0,0
TF,DOWDU,34.187933,-86.886850,0, ,0.0,0.0,19.0,6.8,2,2700,0,0,0,0,2,0
TF,CUSAG,34.222389,-86.874564,0, ,0.0,0.0,20.0,2.2,2,1900,0,0,0,0,0,0
TF,RW02,34.261458,-86.860622,0, ,0.0,0.0,20.0,2.4,1,993,0,0,0,0,3,1
CA,0,20.0,2,1370,0,0,0,0,0,0
DF,AMUXY,34.457597,-86.790400,0, ,0.0,0.0,2,2900,0,0,0,0,0,1
HM,AMUXY,34.457597,-86.790400,2, ,0.0,0.0,200.0,04,0,0,0,0,0,0,0,0,0

APPTR,R20,20,AMUXY
HF,AMUXY,34.457597,-86.790400,2, ,0.0,0.0,200.0,04,2,2900,0,0,0,0,1,0,0

FINAL,R20,20,R,4
IF,AMUXY,34.457597,-86.790400, ,0.0,0.0,2,2900,0,0,0,0,0,0
TF,FISRO,34.360406,-86.825250,0, ,0.0,0.0,200.0,6.1,2,2700,0,0,0,0,2,0
TF,ZEDNU,34.312156,-86.842508,0, ,0.0,0.0,200.0,3.0,2,1740,0,0,0,0,0,0
TF,RW20,34.275947,-86.855447,0, ,0.0,0.0,200.0,2.3,1,1020,0,0,0,0,3,1
CA,0,200.0,2,1220,0,0,0,0,0,0
DF,MELYE,34.078956,-86.925636,0, ,0.0,0.0,2,3200,0,0,0,0,0,1
HM,MELYE,34.078956,-86.925636,2, ,0.0,0.0,19.0,04,0,0,0,0,0,0,0,0,0

