APPTR,D11,11,ODI
IF,ODI,43.912331,-91.467517, ,0.0,0.0,0,0,0,0,0,0,1,0
TF,MAHIN,43.942311,-91.042181,0, ,0.0,0.0,0.0,0.0,2,2900,0,0,0,0,1,0

FINAL,D11,11,D,3
IF,MAHIN,43.942311,-91.042181,ODI,83.3,18.5,2,2900,0,0,0,0,0,0
CF,COMPT,43.952453,-90.892883,0,ODI,83.3,25.0,83.0,6.5,2,2900,0,0,0,0,2,0
CF,RW11,43.962239,-90.745997,0,ODI,83.3,31.4,83.0,6.4,1,864,0,0,0,0,3,0
CA,0,83.0,2,1240,0,0,0,0,0,0
VI,2, ,0.0,295.0,0,0,0,0,0,0,0,0
CF,ODI,43.912331,-91.467517,0,ODI,0.0,0.0,263.0,25.0,2,4000,0,0,0,0,0,0
HM,ODI,43.912331,-91.467517,2, ,0.0,0.0,83.0,04.3,0,0,0,0,0,0,0,0,0

APPTR,R11,11,BOOTY
IF,BOOTY,43.805400,-90.948747, ,0.0,0.0,0,0,0,0,0,0,0,0
TF,JADKU,43.885267,-91.147219,0, ,0.0,0.0,0.0,0.0,2,3000,0,0,0,0,1,0
TF,ESOKY,44.052292,-91.054264,0, ,0.0,0.0,0.0,0.0,2,3000,0,0,0,0,1,0

APPTR,R11,11,ODI
IF,ODI,43.912331,-91.467517, ,0.0,0.0,0,0,0,0,0,0,1,0
TF,ESOKY,44.052292,-91.054264,0, ,0.0,0.0,0.0,0.0,2,3000,0,0,0,0,1,0

FINAL,R11,11,R,4
IF,ESOKY,44.052292,-91.054264, ,0.0,0.0,2,3000,0,0,0,0,0,0
TF,EJIVY,44.002361,-90.882900,0, ,0.0,0.0,112.0,8.0,2,2900,0,0,0,0,2,0
TF,CEKUS,43.984197,-90.820836,0, ,0.0,0.0,112.0,2.9,2,1960,0,0,0,0,0,0
TF,RW11,43.962239,-90.745997,0, ,0.0,0.0,112.0,3.5,1,862,0,0,0,0,3,1
CA,0,112.0,2,1700,0,0,0,0,0,0
DF,FAPKO,43.709392,-90.493578,2, ,0.0,0.0,2,4000,0,0,0,0,0,1
HM,FAPKO,43.709392,-90.493578,2, ,0.0,0.0,107.0,04,0,0,0,0,0,0,0,0,0

APPTR,R29,29,FAPKO
IF,FAPKO,43.709392,-90.493578, ,0.0,0.0,0,0,0,0,0,0,1,0
TF,KOLGY,43.887119,-90.491592,0, ,0.0,0.0,0.0,0.0,2,3200,0,0,0,0,1,0

FINAL,R29,29,R,5
IF,KOLGY,43.887119,-90.491592, ,0.0,0.0,2,3200,0,0,0,0,0,0
TF,HUVEG,43.909875,-90.568378,0, ,0.0,0.0,292.0,3.6,2,3000,0,0,0,0,0,0
TF,BEJAY,43.925644,-90.621736,0, ,0.0,0.0,292.0,2.5,2,2500,0,0,0,0,2,0
TF,FASGO,43.940853,-90.673308,0, ,0.0,0.0,292.0,2.4,2,1720,0,0,0,0,0,0
TF,RW29,43.957825,-90.730994,0, ,0.0,0.0,292.0,2.7,1,871,0,0,0,0,3,1
CA,0,292.0,2,1239,0,0,0,0,0,0
DF,ESOKY,44.052292,-91.054264,0, ,0.0,0.0,2,4000,0,0,0,0,0,1
HM,ESOKY,44.052292,-91.054264,2, ,0.0,0.0,112.0,04,0,0,0,0,0,0,0,0,0

