APPTR,R04-A,04,COVEP
IF,COVEP,29.570661,-83.330422, ,0.0,0.0,0,0,0,0,0,0,1,0
TF,UGLUF,29.503689,-83.249800,0, ,0.0,0.0,0.0,0.0,2,2000,0,0,0,0,1,0

APPTR,R04-A,04,UGLUF
HF,UGLUF,29.503689,-83.249800,2, ,0.0,0.0,49.0,04,2,2000,0,0,0,0,1,0,0

APPTR,R04-A,04,ZOSDA
IF,ZOSDA,29.436664,-83.169283, ,0.0,0.0,0,0,0,0,0,0,1,0
TF,UGLUF,29.503689,-83.249800,0, ,0.0,0.0,0.0,0.0,2,2000,0,0,0,0,1,0

FINAL,R04-A,04,R,3
IF,UGLUF,29.503689,-83.249800, ,0.0,0.0,2,2000,0,0,0,0,0,0
TF,JEGIB,29.576814,-83.170253,0, ,0.0,0.0,49.0,6.0,2,1600,0,0,0,0,2,0
TF,RW04,29.634033,-83.107889,0, ,0.0,0.0,49.0,4.7,1,94,0,0,0,0,3,1
CA,0,49.0,2,442,0,0,0,0,0,0
DF,HULEL,29.774186,-82.954728,0, ,0.0,0.0,2,2000,0,0,0,0,0,1
HM,HULEL,29.774186,-82.954728,2, ,0.0,0.0,229.0,04,0,0,0,0,0,0,0,0,0

APPTR,R22-B,22,ALVIN
IF,ALVIN,30.150119,-83.070861, ,0.0,0.0,0,0,0,0,0,0,0,0
TF,ZOTRO,29.831872,-83.024008,0, ,0.0,0.0,0.0,0.0,2,2000,0,0,0,0,1,0
TF,HULEL,29.774186,-82.954728,0, ,0.0,0.0,0.0,0.0,2,2000,0,0,0,0,1,0

APPTR,R22-B,22,GNV
IF,GNV,29.692114,-82.272972, ,0.0,0.0,0,0,0,0,0,0,0,0
TF,NITDI,29.716464,-82.885528,0, ,0.0,0.0,0.0,0.0,2,2100,0,0,0,0,1,0
TF,HULEL,29.774186,-82.954728,0, ,0.0,0.0,0.0,0.0,2,2000,0,0,0,0,1,0

APPTR,R22-B,22,HULEL
HF,HULEL,29.774186,-82.954728,2, ,0.0,0.0,229.0,04,2,2000,0,0,0,0,1,0,0

FINAL,R22-B,22,R,3
IF,HULEL,29.774186,-82.954728, ,0.0,0.0,2,2000,0,0,0,0,0,0
TF,WIRET,29.700414,-83.035425,0, ,0.0,0.0,229.0,6.1,2,1600,0,0,0,0,2,0
TF,RW22,29.643997,-83.097019,0, ,0.0,0.0,229.0,4.7,1,95,0,0,0,0,3,1
CA,0,229.0,2,442,0,0,0,0,0,0
DF,UGLUF,29.503689,-83.249800,0, ,0.0,0.0,2,2000,0,0,0,0,0,1
HM,UGLUF,29.503689,-83.249800,2, ,0.0,0.0,49.0,04,0,0,0,0,0,0,0,0,0

APPTR,R31,31,OKBIE
HF,OKBIE,29.503283,-82.952706,2, ,0.0,0.0,319.0,04,2,2000,0,0,0,0,1,0,0

APPTR,R31,31,SNTFE
IF,SNTFE,29.587817,-82.860269, ,0.0,0.0,0,0,0,0,0,0,1,0
TF,OKBIE,29.503283,-82.952706,0, ,0.0,0.0,0.0,0.0,2,2000,0,0,0,0,1,0

APPTR,R31,31,WASET
IF,WASET,29.418686,-83.044989, ,0.0,0.0,0,0,0,0,0,0,1,0
TF,OKBIE,29.503283,-82.952706,0, ,0.0,0.0,0.0,0.0,2,2000,0,0,0,0,1,0

FINAL,R31,31,R,3
IF,OKBIE,29.503283,-82.952706, ,0.0,0.0,2,2000,0,0,0,0,0,0
TF,HAMVU,29.572953,-83.036156,0, ,0.0,0.0,319.0,6.0,2,1600,0,0,0,0,2,0
TF,RW31,29.627275,-83.101347,0, ,0.0,0.0,319.0,4.7,1,100,0,0,0,0,3,1
CA,0,319.0,2,292,0,0,0,0,0,0
DF,GRSSO,29.742464,-83.239947,0, ,0.0,0.0,2,2000,0,0,0,0,0,1
HM,GRSSO,29.742464,-83.239947,2, ,0.0,0.0,319.0,04,0,0,0,0,0,0,0,0,0

