SID,BNGLE5,09,4
VA,0,96.0,2,1400,0,0,0,0,0,0
DF,KINNG,39.045736,-84.485039,0, ,0.0,0.0,0,0,0,0,0,0,0,0
TF,LUBYI,39.266042,-84.412442,0, ,0.0,0.0,0.0,0.0,0,0,0,0,0,0,0,0
TF,BNGLE,39.550314,-84.408964,0, ,0.0,0.0,0.0,0.0,0,0,0,0,0,0,0,0

SID,BNGLE5,18C,4
VA,0,186.0,2,1400,0,0,0,0,0,0
DF,FLOEE,38.956700,-84.669056,0, ,0.0,0.0,0,0,0,0,0,0,0,0
TF,MIPIE,38.933503,-84.813558,0, ,0.0,0.0,0.0,0.0,0,0,0,0,0,0,0,0
TF,HERMM,38.979144,-84.880625,0, ,0.0,0.0,0.0,0.0,0,0,0,0,0,0,0,0
TF,AMMOT,39.197189,-84.873892,0, ,0.0,0.0,0.0,0.0,0,0,0,0,0,0,0,0
TF,BNGLE,39.550314,-84.408964,0, ,0.0,0.0,0.0,0.0,0,0,0,0,0,0,0,0

SID,BNGLE5,18L,4
VI,0, ,0.0,186.0,0,0,0,0,0,0,0,0
CF,LASNG,38.956992,-84.628903,0,APE,239.6,118.7,172.0,3.4,0,0,0,0,0,0,0,0
TF,CODKO,38.934708,-84.499828,0, ,0.0,0.0,0.0,0.0,0,0,0,0,0,0,0,0
TF,JBETH,38.998608,-84.438169,0, ,0.0,0.0,0.0,0.0,0,0,0,0,0,0,0,0
TF,FOPAS,39.084500,-84.412525,0, ,0.0,0.0,0.0,0.0,0,0,0,0,0,0,0,0
TF,LUBYI,39.266042,-84.412442,0, ,0.0,0.0,0.0,0.0,0,0,0,0,0,0,0,0
TF,BNGLE,39.550314,-84.408964,0, ,0.0,0.0,0.0,0.0,0,0,0,0,0,0,0,0

SID,BNGLE5,18R,4
VI,0, ,0.0,186.0,0,0,0,0,0,0,0,0
CF,FANSA,38.954206,-84.712558,0,APE,240.6,121.9,205.0,4.1,0,0,0,0,0,0,0,0
TF,MIPIE,38.933503,-84.813558,0, ,0.0,0.0,0.0,0.0,0,0,0,0,0,0,0,0
TF,HERMM,38.979144,-84.880625,0, ,0.0,0.0,0.0,0.0,0,0,0,0,0,0,0,0
TF,AMMOT,39.197189,-84.873892,0, ,0.0,0.0,0.0,0.0,0,0,0,0,0,0,0,0
TF,BNGLE,39.550314,-84.408964,0, ,0.0,0.0,0.0,0.0,0,0,0,0,0,0,0,0

SID,BNGLE5,27,4
VA,0,276.0,2,1400,0,0,0,0,0,0
DF,BONLE,39.045992,-84.859875,0, ,0.0,0.0,0,0,0,0,0,0,0,1
TF,MACOD,39.296797,-84.896228,0, ,0.0,0.0,0.0,0.0,0,0,0,0,0,0,0,0
TF,BNGLE,39.550314,-84.408964,0, ,0.0,0.0,0.0,0.0,0,0,0,0,0,0,0,0

SID,BNGLE5,36C,4
VI,0, ,0.0,6.0,0,0,0,0,0,0,0,0
CF,CIGMA,39.145003,-84.730225,0,APE,245.4,116.2,329.0,4.7,0,0,0,0,0,0,0,0
TF,DJOHN,39.202075,-84.715444,0, ,0.0,0.0,0.0,0.0,0,0,0,0,0,0,0,0
TF,BNGLE,39.550314,-84.408964,0, ,0.0,0.0,0.0,0.0,0,0,0,0,0,0,0,0

SID,BNGLE5,36L,4
VI,0, ,0.0,6.0,0,0,0,0,0,0,0,0
CF,CIGMA,39.145003,-84.730225,0,APE,245.4,116.2,333.0,4.0,0,0,0,0,0,0,0,0
TF,DJOHN,39.202075,-84.715444,0, ,0.0,0.0,0.0,0.0,0,0,0,0,0,0,0,0
TF,BNGLE,39.550314,-84.408964,0, ,0.0,0.0,0.0,0.0,0,0,0,0,0,0,0,0

SID,BNGLE5,36R,4
DF,HAGSS,39.156769,-84.646625,0, ,0.0,0.0,0,0,0,0,0,0,0,1
TF,BNGLE,39.550314,-84.408964,0, ,0.0,0.0,0.0,0.0,0,0,0,0,0,0,0,0

SID,BNGLE5,RIKLE,6
IF,BNGLE,39.550314,-84.408964, ,0.0,0.0,0,0,0,0,0,0,0,0
TF,RIKLE,39.830556,-84.121667,0, ,0.0,0.0,0.0,0.0,0,0,0,0,0,0,0,0

SID,BNGLE5,WWSHR,6
IF,BNGLE,39.550314,-84.408964, ,0.0,0.0,0,0,0,0,0,0,0,0
TF,RIKLE,39.830556,-84.121667,0, ,0.0,0.0,0.0,0.0,0,0,0,0,0,0,0,0
TF,WWSHR,41.342803,-82.051600,0, ,0.0,0.0,0.0,0.0,0,0,0,0,0,0,0,0

SID,CHCLL6,09,4
VA,0,96.0,2,1400,0,0,0,0,0,0
DF,KINNG,39.045736,-84.485039,0, ,0.0,0.0,0,0,0,0,0,0,0,0
TF,ORRON,38.895594,-84.485150,0, ,0.0,0.0,0.0,0.0,0,0,0,0,0,0,0,0
TF,CHCLL,38.480467,-84.978494,0, ,0.0,0.0,0.0,0.0,0,0,0,0,0,0,0,0

SID,CHCLL6,18C,4
VA,0,186.0,2,1400,0,0,0,0,0,0
DF,FLOEE,38.956700,-84.669056,0, ,0.0,0.0,0,0,0,0,0,0,0,0
TF,FEBLU,38.897700,-84.684725,0, ,0.0,0.0,0.0,0.0,0,0,0,0,0,0,0,0
TF,CHCLL,38.480467,-84.978494,0, ,0.0,0.0,0.0,0.0,0,0,0,0,0,0,0,0

SID,CHCLL6,18L,4
VI,0, ,0.0,186.0,0,0,0,0,0,0,0,0
CF,LASNG,38.956992,-84.628903,0,APE,239.6,118.7,172.0,3.4,0,0,0,0,0,0,0,0
TF,ZEGUL,38.828925,-84.585456,0, ,0.0,0.0,0.0,0.0,0,0,0,0,0,0,0,0
TF,CHCLL,38.480467,-84.978494,0, ,0.0,0.0,0.0,0.0,0,0,0,0,0,0,0,0

SID,CHCLL6,18R,4
VI,0, ,0.0,186.0,0,0,0,0,0,0,0,0
CF,FANSA,38.954206,-84.712558,0,APE,240.6,121.9,202.0,4.8,0,0,0,0,0,0,0,0
TF,CHCLL,38.480467,-84.978494,0, ,0.0,0.0,0.0,0.0,0,0,0,0,0,0,0,0

SID,CHCLL6,27,4
VA,0,276.0,2,1400,0,0,0,0,0,0
DF,BONLE,39.045992,-84.859875,0, ,0.0,0.0,0,0,0,0,0,0,0,1
TF,REKUE,38.803642,-84.877269,0, ,0.0,0.0,0.0,0.0,0,0,0,0,0,0,0,0
TF,CHCLL,38.480467,-84.978494,0, ,0.0,0.0,0.0,0.0,0,0,0,0,0,0,0,0

SID,CHCLL6,36C,4
VI,0, ,0.0,6.0,0,0,0,0,0,0,0,0
CF,HOBAL,39.168833,-84.757172,0,APE,246.3,116.5,327.0,6.6,0,0,0,0,0,0,0,0
TF,BOUMR,39.104911,-84.870531,0, ,0.0,0.0,0.0,0.0,0,0,0,0,0,0,0,0
TF,CULED,38.881878,-84.871667,0, ,0.0,0.0,0.0,0.0,0,0,0,0,0,0,0,0
TF,CHCLL,38.480467,-84.978494,0, ,0.0,0.0,0.0,0.0,0,0,0,0,0,0,0,0

SID,CHCLL6,36L,4
VI,0, ,0.0,6.0,0,0,0,0,0,0,0,0
CF,HOBAL,39.168833,-84.757172,0,APE,246.3,116.5,327.0,5.9,0,0,0,0,0,0,0,0
TF,BOUMR,39.104911,-84.870531,0, ,0.0,0.0,0.0,0.0,0,0,0,0,0,0,0,0
TF,CULED,38.881878,-84.871667,0, ,0.0,0.0,0.0,0.0,0,0,0,0,0,0,0,0
TF,CHCLL,38.480467,-84.978494,0, ,0.0,0.0,0.0,0.0,0,0,0,0,0,0,0,0

SID,CHCLL6,36R,4
VA,0,6.0,2,1400,0,0,0,0,0,0
DF,HAGSS,39.156769,-84.646625,0, ,0.0,0.0,0,0,0,0,0,0,0,0
TF,EVAME,39.223039,-84.727817,0, ,0.0,0.0,0.0,0.0,0,0,0,0,0,0,0,0
TF,CEMLA,39.221925,-84.816808,0, ,0.0,0.0,0.0,0.0,0,0,0,0,0,0,0,0
TF,FRTZY,39.102083,-84.919892,0, ,0.0,0.0,0.0,0.0,0,0,0,0,0,0,0,0
TF,CULED,38.881878,-84.871667,0, ,0.0,0.0,0.0,0.0,0,0,0,0,0,0,0,0
TF,CHCLL,38.480467,-84.978494,0, ,0.0,0.0,0.0,0.0,0,0,0,0,0,0,0,0

SID,CHCLL6,BUSYY,6
IF,CHCLL,38.480467,-84.978494, ,0.0,0.0,0,0,0,0,0,0,0,0
TF,BUSYY,38.085669,-85.435181,0, ,0.0,0.0,0.0,0.0,0,0,0,0,0,0,0,0

SID,CHCLL6,RAMRD,6
IF,CHCLL,38.480467,-84.978494, ,0.0,0.0,0,0,0,0,0,0,0,0
TF,BUSYY,38.085669,-85.435181,0, ,0.0,0.0,0.0,0.0,0,0,0,0,0,0,0,0
TF,SKAMR,37.798603,-85.895758,0, ,0.0,0.0,0.0,0.0,0,0,0,0,0,0,0,0
TF,RAMRD,36.928900,-86.443494,0, ,0.0,0.0,0.0,0.0,0,0,0,0,0,0,0,0

SID,CHCLL6,SKAMR,6
IF,CHCLL,38.480467,-84.978494, ,0.0,0.0,0,0,0,0,0,0,0,0
TF,BUSYY,38.085669,-85.435181,0, ,0.0,0.0,0.0,0.0,0,0,0,0,0,0,0,0
TF,SKAMR,37.798603,-85.895758,0, ,0.0,0.0,0.0,0.0,0,0,0,0,0,0,0,0

SID,CVG7,09,1
VA,0,96.0,2,1300,0,0,0,0,0,0
VM,0,0,0,96.0,0,0,0,0,0,0,0,0

SID,CVG7,18C,1
VA,0,186.0,2,1300,0,0,0,0,0,0
VM,0,0,0,186.0,0,0,0,0,0,0,0,0

SID,CVG7,18L,1
VA,0,186.0,2,1300,0,0,0,0,0,0
VM,0,0,0,165.0,0,0,0,0,0,0,0,0

SID,CVG7,18R,1
VA,0,186.0,2,1300,0,0,0,0,0,0
VM,0,0,0,200.0,0,0,0,0,0,0,0,0

SID,CVG7,27,1
VA,0,276.0,2,1300,0,0,0,0,0,0
VM,0,0,0,276.0,0,0,0,0,0,0,0,0

SID,CVG7,36C,1
VA,0,6.0,2,1300,0,0,0,0,0,0
VM,0,0,0,330.0,0,0,0,0,0,0,0,0

SID,CVG7,36L,1
VA,0,6.0,2,1300,0,0,0,0,0,0
VM,0,0,0,330.0,0,0,0,0,0,0,0,0

SID,CVG7,36R,1
VA,0,6.0,2,1300,0,0,0,0,0,0
VM,0,0,0,6.0,0,0,0,0,0,0,0,0

SID,GIPLE7,09,4
VA,0,96.0,2,1400,0,0,0,0,0,0
DF,KINNG,39.045736,-84.485039,0, ,0.0,0.0,0,0,0,0,0,0,0,0
TF,GIPLE,38.877989,-84.047158,0, ,0.0,0.0,0.0,0.0,0,0,0,0,0,0,0,0

SID,GIPLE7,18C,4
VA,0,186.0,2,1400,0,0,0,0,0,0
DF,FLOEE,38.956700,-84.669056,0, ,0.0,0.0,0,0,0,0,0,0,0,0
TF,CODKO,38.934708,-84.499828,0, ,0.0,0.0,0.0,0.0,0,0,0,0,0,0,0,0
TF,GIPLE,38.877989,-84.047158,0, ,0.0,0.0,0.0,0.0,0,0,0,0,0,0,0,0

SID,GIPLE7,18L,4
VI,0, ,0.0,186.0,0,0,0,0,0,0,0,0
CF,LASNG,38.956992,-84.628903,0,APE,239.6,118.7,171.0,3.3,0,0,0,0,0,0,0,0
TF,CODKO,38.934708,-84.499828,0, ,0.0,0.0,0.0,0.0,0,0,0,0,0,0,0,0
TF,GIPLE,38.877989,-84.047158,0, ,0.0,0.0,0.0,0.0,0,0,0,0,0,0,0,0

SID,GIPLE7,18R,4
VI,0, ,0.0,186.0,0,0,0,0,0,0,0,0
CF,FANSA,38.954206,-84.712558,0,APE,240.6,121.9,202.0,4.8,0,0,0,0,0,0,0,0
TF,HIPAS,38.880528,-84.661897,0, ,0.0,0.0,0.0,0.0,0,0,0,0,0,0,0,0
TF,GIPLE,38.877989,-84.047158,0, ,0.0,0.0,0.0,0.0,0,0,0,0,0,0,0,0

SID,GIPLE7,27,4
VA,0,276.0,2,1400,0,0,0,0,0,0
DF,BONLE,39.045992,-84.859875,0, ,0.0,0.0,0,0,0,0,0,0,0,1
TF,REKUE,38.803642,-84.877269,0, ,0.0,0.0,0.0,0.0,0,0,0,0,0,0,0,0
TF,WIMDI,38.701406,-84.778997,0, ,0.0,0.0,0.0,0.0,0,0,0,0,0,0,0,0
TF,GIPLE,38.877989,-84.047158,0, ,0.0,0.0,0.0,0.0,0,0,0,0,0,0,0,0

SID,GIPLE7,36C,4
VI,0, ,0.0,6.0,0,0,0,0,0,0,0,0
CF,RORFE,39.162592,-84.749644,0,APE,246.1,116.4,325.0,5.8,0,0,0,0,0,0,0,0
TF,SUVBE,39.233300,-84.652639,0, ,0.0,0.0,0.0,0.0,0,0,0,0,0,0,0,0
TF,HOMIX,39.162303,-84.459961,0, ,0.0,0.0,0.0,0.0,0,0,0,0,0,0,0,0
TF,GIPLE,38.877989,-84.047158,0, ,0.0,0.0,0.0,0.0,0,0,0,0,0,0,0,0

SID,GIPLE7,36L,4
VI,0, ,0.0,6.0,0,0,0,0,0,0,0,0
CF,RORFE,39.162592,-84.749644,0,APE,246.1,116.4,325.0,4.7,0,0,0,0,0,0,0,0
TF,SUVBE,39.233300,-84.652639,0, ,0.0,0.0,0.0,0.0,0,0,0,0,0,0,0,0
TF,HOMIX,39.162303,-84.459961,0, ,0.0,0.0,0.0,0.0,0,0,0,0,0,0,0,0
TF,GIPLE,38.877989,-84.047158,0, ,0.0,0.0,0.0,0.0,0,0,0,0,0,0,0,0

SID,GIPLE7,36R,4
VA,0,6.0,2,1400,0,0,0,0,0,0
DF,HAGSS,39.156769,-84.646625,0, ,0.0,0.0,0,0,0,0,0,0,0,0
TF,HOMIX,39.162303,-84.459961,0, ,0.0,0.0,0.0,0.0,0,0,0,0,0,0,0,0
TF,GIPLE,38.877989,-84.047158,0, ,0.0,0.0,0.0,0.0,0,0,0,0,0,0,0,0

SID,GIPLE7,HVQ,6
IF,GIPLE,38.877989,-84.047158, ,0.0,0.0,0,0,0,0,0,0,0,0
TF,HOBNO,38.812386,-83.742058,0, ,0.0,0.0,0.0,0.0,0,0,0,0,0,0,0,0
TF,RHOMM,38.764633,-83.522514,0, ,0.0,0.0,0.0,0.0,0,0,0,0,0,0,0,0
TF,JODUB,38.762508,-82.890950,0, ,0.0,0.0,0.0,0.0,0,0,0,0,0,0,0,0
TF,HVQ,38.349675,-81.769914,0, ,0.0,0.0,0.0,0.0,0,0,0,0,0,0,0,0

SID,GIPLE7,JODUB,6
IF,GIPLE,38.877989,-84.047158, ,0.0,0.0,0,0,0,0,0,0,0,0
TF,HOBNO,38.812386,-83.742058,0, ,0.0,0.0,0.0,0.0,0,0,0,0,0,0,0,0
TF,RHOMM,38.764633,-83.522514,0, ,0.0,0.0,0.0,0.0,0,0,0,0,0,0,0,0
TF,JODUB,38.762508,-82.890950,0, ,0.0,0.0,0.0,0.0,0,0,0,0,0,0,0,0

SID,GIPLE7,SITTR,6
IF,GIPLE,38.877989,-84.047158, ,0.0,0.0,0,0,0,0,0,0,0,0
TF,HOBNO,38.812386,-83.742058,0, ,0.0,0.0,0.0,0.0,0,0,0,0,0,0,0,0
TF,RHOMM,38.764633,-83.522514,0, ,0.0,0.0,0.0,0.0,0,0,0,0,0,0,0,0
TF,JODUB,38.762508,-82.890950,0, ,0.0,0.0,0.0,0.0,0,0,0,0,0,0,0,0
TF,SITTR,37.780314,-81.123250,0, ,0.0,0.0,0.0,0.0,0,0,0,0,0,0,0,0

SID,HAGOL5,09,4
VA,0,96.0,2,1400,0,0,0,0,0,0
DF,KINNG,39.045736,-84.485039,0, ,0.0,0.0,0,0,0,0,0,0,0,0
TF,HYANS,39.250708,-84.474914,0, ,0.0,0.0,0.0,0.0,0,0,0,0,0,0,0,0
TF,HAGOL,39.569308,-84.593550,0, ,0.0,0.0,0.0,0.0,0,0,0,0,0,0,0,0

SID,HAGOL5,18C,4
VA,0,186.0,2,1400,0,0,0,0,0,0
DF,FLOEE,38.956700,-84.669056,0, ,0.0,0.0,0,0,0,0,0,0,0,0
TF,MIPIE,38.933503,-84.813558,0, ,0.0,0.0,0.0,0.0,0,0,0,0,0,0,0,0
TF,HERMM,38.979144,-84.880625,0, ,0.0,0.0,0.0,0.0,0,0,0,0,0,0,0,0
TF,AMMOT,39.197189,-84.873892,0, ,0.0,0.0,0.0,0.0,0,0,0,0,0,0,0,0
TF,HAGOL,39.569308,-84.593550,0, ,0.0,0.0,0.0,0.0,0,0,0,0,0,0,0,0

SID,HAGOL5,18L,4
VI,0, ,0.0,186.0,0,0,0,0,0,0,0,0
CF,LASNG,38.956992,-84.628903,0,APE,239.6,118.7,171.0,3.3,0,0,0,0,0,0,0,0
TF,CODKO,38.934708,-84.499828,0, ,0.0,0.0,0.0,0.0,0,0,0,0,0,0,0,0
TF,JBETH,38.998608,-84.438169,0, ,0.0,0.0,0.0,0.0,0,0,0,0,0,0,0,0
TF,FOPAS,39.084500,-84.412525,0, ,0.0,0.0,0.0,0.0,0,0,0,0,0,0,0,0
TF,HYANS,39.250708,-84.474914,0, ,0.0,0.0,0.0,0.0,0,0,0,0,0,0,0,0
TF,HAGOL,39.569308,-84.593550,0, ,0.0,0.0,0.0,0.0,0,0,0,0,0,0,0,0

SID,HAGOL5,18R,4
VI,0, ,0.0,186.0,0,0,0,0,0,0,0,0
CF,FANSA,38.954206,-84.712558,0,APE,240.6,121.9,202.0,4.8,0,0,0,0,0,0,0,0
TF,MIPIE,38.933503,-84.813558,0, ,0.0,0.0,0.0,0.0,0,0,0,0,0,0,0,0
TF,HERMM,38.979144,-84.880625,0, ,0.0,0.0,0.0,0.0,0,0,0,0,0,0,0,0
TF,AMMOT,39.197189,-84.873892,0, ,0.0,0.0,0.0,0.0,0,0,0,0,0,0,0,0
TF,HAGOL,39.569308,-84.593550,0, ,0.0,0.0,0.0,0.0,0,0,0,0,0,0,0,0

SID,HAGOL5,27,4
VA,0,276.0,2,1400,0,0,0,0,0,0
DF,BONLE,39.045992,-84.859875,0, ,0.0,0.0,0,0,0,0,0,0,0,1
TF,MACOD,39.296797,-84.896228,0, ,0.0,0.0,0.0,0.0,0,0,0,0,0,0,0,0
TF,HAGOL,39.569308,-84.593550,0, ,0.0,0.0,0.0,0.0,0,0,0,0,0,0,0,0

SID,HAGOL5,36C,4
VI,0, ,0.0,6.0,0,0,0,0,0,0,0,0
CF,CIGMA,39.145003,-84.730225,0,APE,245.4,116.2,327.0,4.6,0,0,0,0,0,0,0,0
TF,DJOHN,39.202075,-84.715444,0, ,0.0,0.0,0.0,0.0,0,0,0,0,0,0,0,0
TF,HAGOL,39.569308,-84.593550,0, ,0.0,0.0,0.0,0.0,0,0,0,0,0,0,0,0

SID,HAGOL5,36L,4
VI,0, ,0.0,6.0,0,0,0,0,0,0,0,0
CF,CIGMA,39.145003,-84.730225,0,APE,245.4,116.2,327.0,3.5,0,0,0,0,0,0,0,0
TF,DJOHN,39.202075,-84.715444,0, ,0.0,0.0,0.0,0.0,0,0,0,0,0,0,0,0
TF,HAGOL,39.569308,-84.593550,0, ,0.0,0.0,0.0,0.0,0,0,0,0,0,0,0,0

SID,HAGOL5,36R,4
VA,0,6.0,2,1400,0,0,0,0,0,0
DF,HAGSS,39.156769,-84.646625,0, ,0.0,0.0,0,0,0,0,0,0,0,0
TF,HAGOL,39.569308,-84.593550,0, ,0.0,0.0,0.0,0.0,0,0,0,0,0,0,0,0

SID,HAGOL5,PLASH,6
IF,HAGOL,39.569308,-84.593550, ,0.0,0.0,0,0,0,0,0,0,0,0
TF,PLASH,40.016464,-84.397075,0, ,0.0,0.0,0.0,0.0,0,0,0,0,0,0,0,0

SID,HAGOL5,RINTE,6
IF,HAGOL,39.569308,-84.593550, ,0.0,0.0,0,0,0,0,0,0,0,0
TF,PLASH,40.016464,-84.397075,0, ,0.0,0.0,0.0,0.0,0,0,0,0,0,0,0,0
TF,RINTE,40.287808,-84.042919,0, ,0.0,0.0,0.0,0.0,0,0,0,0,0,0,0,0

SID,JBNCH6,09,4
VA,0,96.0,2,1400,0,0,0,0,0,0
DF,KINNG,39.045736,-84.485039,0, ,0.0,0.0,0,0,0,0,0,0,0,0
TF,HYANS,39.250708,-84.474914,0, ,0.0,0.0,0.0,0.0,0,0,0,0,0,0,0,0
TF,JBNCH,39.581347,-85.022586,0, ,0.0,0.0,0.0,0.0,0,0,0,0,0,0,0,0

SID,JBNCH6,18C,4
VA,0,186.0,2,1400,0,0,0,0,0,0
DF,FLOEE,38.956700,-84.669056,0, ,0.0,0.0,0,0,0,0,0,0,0,0
TF,MIPIE,38.933503,-84.813558,0, ,0.0,0.0,0.0,0.0,0,0,0,0,0,0,0,0
TF,HERMM,38.979144,-84.880625,0, ,0.0,0.0,0.0,0.0,0,0,0,0,0,0,0,0
TF,JBNCH,39.581347,-85.022586,0, ,0.0,0.0,0.0,0.0,0,0,0,0,0,0,0,0

SID,JBNCH6,18L,4
VI,0, ,0.0,186.0,0,0,0,0,0,0,0,0
CF,LASNG,38.956992,-84.628903,0,APE,239.6,118.7,171.0,3.3,0,0,0,0,0,0,0,0
TF,FEBLU,38.897700,-84.684725,0, ,0.0,0.0,0.0,0.0,0,0,0,0,0,0,0,0
TF,GUMRE,38.898294,-84.767781,0, ,0.0,0.0,0.0,0.0,0,0,0,0,0,0,0,0
TF,HERMM,38.979144,-84.880625,0, ,0.0,0.0,0.0,0.0,0,0,0,0,0,0,0,0
TF,JBNCH,39.581347,-85.022586,0, ,0.0,0.0,0.0,0.0,0,0,0,0,0,0,0,0

SID,JBNCH6,18R,4
VI,0, ,0.0,186.0,0,0,0,0,0,0,0,0
CF,FANSA,38.954206,-84.712558,0,APE,240.6,121.9,202.0,4.8,0,0,0,0,0,0,0,0
TF,MIPIE,38.933503,-84.813558,0, ,0.0,0.0,0.0,0.0,0,0,0,0,0,0,0,0
TF,HERMM,38.979144,-84.880625,0, ,0.0,0.0,0.0,0.0,0,0,0,0,0,0,0,0
TF,JBNCH,39.581347,-85.022586,0, ,0.0,0.0,0.0,0.0,0,0,0,0,0,0,0,0

SID,JBNCH6,27,4
VA,0,276.0,2,1400,0,0,0,0,0,0
DF,BONLE,39.045992,-84.859875,0, ,0.0,0.0,0,0,0,0,0,0,0,1
TF,JBNCH,39.581347,-85.022586,0, ,0.0,0.0,0.0,0.0,0,0,0,0,0,0,0,0

SID,JBNCH6,36C,4
VI,0, ,0.0,6.0,0,0,0,0,0,0,0,0
CF,CIGMA,39.145003,-84.730225,0,APE,245.4,116.2,329.0,4.0,0,0,0,0,0,0,0,0
TF,JBNCH,39.581347,-85.022586,0, ,0.0,0.0,0.0,0.0,0,0,0,0,0,0,0,0

SID,JBNCH6,36L,4
VI,0, ,0.0,6.0,0,0,0,0,0,0,0,0
CF,CIGMA,39.145003,-84.730225,0,APE,245.4,116.2,333.0,4.0,0,0,0,0,0,0,0,0
TF,JBNCH,39.581347,-85.022586,0, ,0.0,0.0,0.0,0.0,0,0,0,0,0,0,0,0

SID,JBNCH6,36R,4
VA,0,6.0,2,1400,0,0,0,0,0,0
DF,HAGSS,39.156769,-84.646625,0, ,0.0,0.0,0,0,0,0,0,0,0,0
TF,JBNCH,39.581347,-85.022586,0, ,0.0,0.0,0.0,0.0,0,0,0,0,0,0,0,0

SID,JBNCH6,BARKS,6
IF,JBNCH,39.581347,-85.022586, ,0.0,0.0,0,0,0,0,0,0,0,0
TF,SNKPT,40.237211,-85.394225,0, ,0.0,0.0,0.0,0.0,0,0,0,0,0,0,0,0
TF,BARKS,40.546131,-85.519436,0, ,0.0,0.0,0.0,0.0,0,0,0,0,0,0,0,0

SID,JBNCH6,SNKPT,6
IF,JBNCH,39.581347,-85.022586, ,0.0,0.0,0,0,0,0,0,0,0,0
TF,SNKPT,40.237211,-85.394225,0, ,0.0,0.0,0.0,0.0,0,0,0,0,0,0,0,0

SID,KENLN6,09,4
VA,0,96.0,2,1400,0,0,0,0,0,0
DF,KINNG,39.045736,-84.485039,0, ,0.0,0.0,0,0,0,0,0,0,0,0
TF,KADDI,38.882050,-84.438517,0, ,0.0,0.0,0.0,0.0,0,0,0,0,0,0,0,0
TF,KENLN,38.457500,-84.507778,0, ,0.0,0.0,0.0,0.0,0,0,0,0,0,0,0,0

SID,KENLN6,18C,4
VA,0,186.0,2,1400,0,0,0,0,0,0
DF,FLOEE,38.956700,-84.669056,0, ,0.0,0.0,0,0,0,0,0,0,0,0
TF,FEBLU,38.897700,-84.684725,0, ,0.0,0.0,0.0,0.0,0,0,0,0,0,0,0,0
TF,KENLN,38.457500,-84.507778,0, ,0.0,0.0,0.0,0.0,0,0,0,0,0,0,0,0

SID,KENLN6,18L,4
VI,0, ,0.0,186.0,0,0,0,0,0,0,0,0
CF,LASNG,38.956992,-84.628903,0,APE,239.6,118.7,172.0,3.4,0,0,0,0,0,0,0,0
TF,ZEGUL,38.828925,-84.585456,0, ,0.0,0.0,0.0,0.0,0,0,0,0,0,0,0,0
TF,HUNRU,38.729208,-84.596594,0, ,0.0,0.0,0.0,0.0,0,0,0,0,0,0,0,0
TF,KENLN,38.457500,-84.507778,0, ,0.0,0.0,0.0,0.0,0,0,0,0,0,0,0,0

SID,KENLN6,18R,4
VI,0, ,0.0,186.0,0,0,0,0,0,0,0,0
CF,FANSA,38.954206,-84.712558,0,APE,240.6,121.9,205.0,4.1,0,0,0,0,0,0,0,0
TF,KENLN,38.457500,-84.507778,0, ,0.0,0.0,0.0,0.0,0,0,0,0,0,0,0,0

SID,KENLN6,27,4
VA,0,276.0,2,1400,0,0,0,0,0,0
DF,BONLE,39.045992,-84.859875,0, ,0.0,0.0,0,0,0,0,0,0,0,1
TF,REKUE,38.803642,-84.877269,0, ,0.0,0.0,0.0,0.0,0,0,0,0,0,0,0,0
TF,KENLN,38.457500,-84.507778,0, ,0.0,0.0,0.0,0.0,0,0,0,0,0,0,0,0

SID,KENLN6,36C,4
VI,0, ,0.0,6.0,0,0,0,0,0,0,0,0
CF,HOBAL,39.168833,-84.757172,0,APE,246.3,116.5,327.0,6.6,0,0,0,0,0,0,0,0
TF,BOUMR,39.104911,-84.870531,0, ,0.0,0.0,0.0,0.0,0,0,0,0,0,0,0,0
TF,CULED,38.881878,-84.871667,0, ,0.0,0.0,0.0,0.0,0,0,0,0,0,0,0,0
TF,KENLN,38.457500,-84.507778,0, ,0.0,0.0,0.0,0.0,0,0,0,0,0,0,0,0

SID,KENLN6,36L,4
VI,0, ,0.0,6.0,0,0,0,0,0,0,0,0
CF,HOBAL,39.168833,-84.757172,0,APE,246.3,116.5,330.0,5.5,0,0,0,0,0,0,0,0
TF,BOUMR,39.104911,-84.870531,0, ,0.0,0.0,0.0,0.0,0,0,0,0,0,0,0,0
TF,CULED,38.881878,-84.871667,0, ,0.0,0.0,0.0,0.0,0,0,0,0,0,0,0,0
TF,KENLN,38.457500,-84.507778,0, ,0.0,0.0,0.0,0.0,0,0,0,0,0,0,0,0

SID,KENLN6,36R,4
VA,0,6.0,2,1400,0,0,0,0,0,0
DF,HAGSS,39.156769,-84.646625,0, ,0.0,0.0,0,0,0,0,0,0,0,0
TF,HOMIX,39.162303,-84.459961,0, ,0.0,0.0,0.0,0.0,0,0,0,0,0,0,0,0
TF,FOPAS,39.084500,-84.412525,0, ,0.0,0.0,0.0,0.0,0,0,0,0,0,0,0,0
TF,KADDI,38.882050,-84.438517,0, ,0.0,0.0,0.0,0.0,0,0,0,0,0,0,0,0
TF,KENLN,38.457500,-84.507778,0, ,0.0,0.0,0.0,0.0,0,0,0,0,0,0,0,0

SID,KENLN6,SHIPR,6
IF,KENLN,38.457500,-84.507778, ,0.0,0.0,0,0,0,0,0,0,0,0
TF,SHIPR,37.966642,-84.474581,0, ,0.0,0.0,0.0,0.0,0,0,0,0,0,0,0,0

SID,LOVEY8,09,4
VA,0,96.0,2,1400,0,0,0,0,0,0
DF,KINNG,39.045736,-84.485039,0, ,0.0,0.0,0,0,0,0,0,0,0,0
TF,LWREY,39.199733,-84.471653,0, ,0.0,0.0,0.0,0.0,0,0,0,0,0,0,0,0
TF,MATUP,39.224789,-84.608806,0, ,0.0,0.0,0.0,0.0,0,0,0,0,0,0,0,0
TF,RESAY,39.175328,-84.744753,0, ,0.0,0.0,0.0,0.0,2,5000,0,0,0,0,0,0
TF,SUNFR,39.115383,-84.908614,0, ,0.0,0.0,0.0,0.0,0,0,0,0,0,0,0,0
TF,MUMIE,39.071892,-85.031258,0, ,0.0,0.0,0.0,0.0,0,0,0,0,0,0,0,0

SID,LOVEY8,18C,4
VA,0,186.0,2,1400,0,0,0,0,0,0
DF,FLOEE,38.956700,-84.669056,0, ,0.0,0.0,0,0,0,0,0,0,0,0
TF,MIPIE,38.933503,-84.813558,0, ,0.0,0.0,0.0,0.0,0,0,0,0,0,0,0,0
TF,MUMIE,39.071892,-85.031258,0, ,0.0,0.0,0.0,0.0,0,0,0,0,0,0,0,0

SID,LOVEY8,18L,4
VI,0, ,0.0,186.0,0,0,0,0,0,0,0,0
CF,LASNG,38.956992,-84.628903,0,APE,239.6,118.7,171.0,3.3,0,0,0,0,0,0,0,0
TF,FEBLU,38.897700,-84.684725,0, ,0.0,0.0,0.0,0.0,0,0,0,0,0,0,0,0
TF,GUMRE,38.898294,-84.767781,0, ,0.0,0.0,0.0,0.0,0,0,0,0,0,0,0,0
TF,MUMIE,39.071892,-85.031258,0, ,0.0,0.0,0.0,0.0,0,0,0,0,0,0,0,0

SID,LOVEY8,18R,4
VI,0, ,0.0,186.0,0,0,0,0,0,0,0,0
CF,FANSA,38.954206,-84.712558,0,APE,240.6,121.9,205.0,4.1,0,0,0,0,0,0,0,0
TF,MIPIE,38.933503,-84.813558,0, ,0.0,0.0,0.0,0.0,0,0,0,0,0,0,0,0
TF,MUMIE,39.071892,-85.031258,0, ,0.0,0.0,0.0,0.0,0,0,0,0,0,0,0,0

SID,LOVEY8,27,4
VA,0,276.0,2,1400,0,0,0,0,0,0
DF,BONLE,39.045992,-84.859875,0, ,0.0,0.0,0,0,0,0,0,0,0,1
TF,NUZUM,39.046658,-84.949053,0, ,0.0,0.0,0.0,0.0,0,0,0,0,0,0,0,0
TF,MUMIE,39.071892,-85.031258,0, ,0.0,0.0,0.0,0.0,0,0,0,0,0,0,0,0

SID,LOVEY8,36C,4
VI,0, ,0.0,6.0,0,0,0,0,0,0,0,0
CF,HOBAL,39.168833,-84.757172,0,APE,246.3,116.5,327.0,6.6,0,0,0,0,0,0,0,0
TF,SUNFR,39.115383,-84.908614,0, ,0.0,0.0,0.0,0.0,0,0,0,0,0,0,0,0
TF,MUMIE,39.071892,-85.031258,0, ,0.0,0.0,0.0,0.0,0,0,0,0,0,0,0,0

SID,LOVEY8,36L,4
VI,0, ,0.0,6.0,0,0,0,0,0,0,0,0
CF,HOBAL,39.168833,-84.757172,0,APE,246.3,116.5,330.0,5.9,0,0,0,0,0,0,0,0
TF,SUNFR,39.115383,-84.908614,0, ,0.0,0.0,0.0,0.0,0,0,0,0,0,0,0,0
TF,MUMIE,39.071892,-85.031258,0, ,0.0,0.0,0.0,0.0,0,0,0,0,0,0,0,0

SID,LOVEY8,36R,4
VA,0,6.0,2,1400,0,0,0,0,0,0
DF,HAGSS,39.156769,-84.646625,0, ,0.0,0.0,0,0,0,0,0,0,0,0
TF,EVAME,39.223039,-84.727817,0, ,0.0,0.0,0.0,0.0,0,0,0,0,0,0,0,0
TF,CEMLA,39.221925,-84.816808,0, ,0.0,0.0,0.0,0.0,0,0,0,0,0,0,0,0
TF,SUNFR,39.115383,-84.908614,0, ,0.0,0.0,0.0,0.0,0,0,0,0,0,0,0,0
TF,MUMIE,39.071892,-85.031258,0, ,0.0,0.0,0.0,0.0,0,0,0,0,0,0,0,0

SID,LOVEY8,ALL,5
IF,MUMIE,39.071892,-85.031258, ,0.0,0.0,0,0,0,0,0,0,0,0
TF,LOVEY,39.213547,-85.408622,0, ,0.0,0.0,0.0,0.0,0,0,0,0,0,0,0,0

SID,LOVEY8,CADIZ,6
IF,LOVEY,39.213547,-85.408622, ,0.0,0.0,0,0,0,0,0,0,0,0
TF,ZABAL,39.535344,-85.918228,0, ,0.0,0.0,0.0,0.0,0,0,0,0,0,0,0,0
TF,MACES,40.003681,-86.722950,0, ,0.0,0.0,0.0,0.0,0,0,0,0,0,0,0,0
TF,BOLRR,40.556119,-87.069319,0, ,0.0,0.0,0.0,0.0,0,0,0,0,0,0,0,0
TF,CADIZ,41.167775,-87.387714,0, ,0.0,0.0,0.0,0.0,0,0,0,0,0,0,0,0

SID,LOVEY8,HELIS,6
IF,LOVEY,39.213547,-85.408622, ,0.0,0.0,0,0,0,0,0,0,0,0
TF,ZABAL,39.535344,-85.918228,0, ,0.0,0.0,0.0,0.0,0,0,0,0,0,0,0,0
TF,HISNA,39.584458,-87.348233,0, ,0.0,0.0,0.0,0.0,0,0,0,0,0,0,0,0
TF,HELIS,39.744703,-88.872447,0, ,0.0,0.0,0.0,0.0,0,0,0,0,0,0,0,0

SID,LOVEY8,MACES,6
IF,LOVEY,39.213547,-85.408622, ,0.0,0.0,0,0,0,0,0,0,0,0
TF,ZABAL,39.535344,-85.918228,0, ,0.0,0.0,0.0,0.0,0,0,0,0,0,0,0,0
TF,MACES,40.003681,-86.722950,0, ,0.0,0.0,0.0,0.0,0,0,0,0,0,0,0,0

SID,ROCKT3,09,4
VA,0,96.0,2,1400,0,0,0,0,0,0
DF,KINNG,39.045736,-84.485039,0, ,0.0,0.0,0,0,0,0,0,0,0,0
TF,CERPO,39.106944,-84.263889,0, ,0.0,0.0,0.0,0.0,0,0,0,0,0,0,0,0
TF,WADAL,39.191611,-83.968722,0, ,0.0,0.0,0.0,0.0,0,0,0,0,0,0,0,0

SID,ROCKT3,18C,4
VA,0,186.0,2,1400,0,0,0,0,0,0
DF,FLOEE,38.956700,-84.669056,0, ,0.0,0.0,0,0,0,0,0,0,0,0
TF,CODKO,38.934708,-84.499828,0, ,0.0,0.0,0.0,0.0,0,0,0,0,0,0,0,0
TF,SLUBY,39.043769,-84.193372,0, ,0.0,0.0,0.0,0.0,0,0,0,0,0,0,0,0
TF,MOIER,39.110850,-84.091442,0, ,0.0,0.0,0.0,0.0,0,0,0,0,0,0,0,0
TF,WADAL,39.191611,-83.968722,0, ,0.0,0.0,0.0,0.0,0,0,0,0,0,0,0,0

SID,ROCKT3,18L,4
VI,0, ,0.0,186.0,0,0,0,0,0,0,0,0
CF,LASNG,38.956992,-84.628903,0,APE,239.6,118.7,171.0,3.3,0,0,0,0,0,0,0,0
TF,CODKO,38.934708,-84.499828,0, ,0.0,0.0,0.0,0.0,0,0,0,0,0,0,0,0
TF,SLUBY,39.043769,-84.193372,0, ,0.0,0.0,0.0,0.0,0,0,0,0,0,0,0,0
TF,MOIER,39.110850,-84.091442,0, ,0.0,0.0,0.0,0.0,0,0,0,0,0,0,0,0
TF,WADAL,39.191611,-83.968722,0, ,0.0,0.0,0.0,0.0,0,0,0,0,0,0,0,0

SID,ROCKT3,18R,4
VI,0, ,0.0,186.0,0,0,0,0,0,0,0,0
CF,FANSA,38.954206,-84.712558,0,APE,240.6,121.9,205.0,4.1,0,0,0,0,0,0,0,0
TF,HIPAS,38.880528,-84.661897,0, ,0.0,0.0,0.0,0.0,0,0,0,0,0,0,0,0
TF,JABDU,38.880200,-84.567133,0, ,0.0,0.0,0.0,0.0,0,0,0,0,0,0,0,0
TF,SLUBY,39.043769,-84.193372,0, ,0.0,0.0,0.0,0.0,0,0,0,0,0,0,0,0
TF,MOIER,39.110850,-84.091442,0, ,0.0,0.0,0.0,0.0,0,0,0,0,0,0,0,0
TF,WADAL,39.191611,-83.968722,0, ,0.0,0.0,0.0,0.0,0,0,0,0,0,0,0,0

SID,ROCKT3,27,4
VA,0,276.0,2,1400,0,0,0,0,0,0
DF,BONLE,39.045992,-84.859875,0, ,0.0,0.0,0,0,0,0,0,0,0,1
TF,TIZRY,39.270239,-84.996267,0, ,0.0,0.0,0.0,0.0,0,0,0,0,0,0,0,0
TF,WANGA,39.340356,-84.834700,0, ,0.0,0.0,0.0,0.0,0,0,0,0,0,0,0,0
TF,WADAL,39.191611,-83.968722,0, ,0.0,0.0,0.0,0.0,0,0,0,0,0,0,0,0

SID,ROCKT3,36C,4
VI,0, ,0.0,6.0,0,0,0,0,0,0,0,0
CF,RORFE,39.162592,-84.749644,0,APE,246.1,116.4,327.0,6.1,0,0,0,0,0,0,0,0
TF,SUVBE,39.233300,-84.652639,0, ,0.0,0.0,0.0,0.0,0,0,0,0,0,0,0,0
TF,HOMIX,39.162303,-84.459961,0, ,0.0,0.0,0.0,0.0,0,0,0,0,0,0,0,0
TF,CERPO,39.106944,-84.263889,0, ,0.0,0.0,0.0,0.0,0,0,0,0,0,0,0,0
TF,WADAL,39.191611,-83.968722,0, ,0.0,0.0,0.0,0.0,0,0,0,0,0,0,0,0

SID,ROCKT3,36L,4
VI,0, ,0.0,6.0,0,0,0,0,0,0,0,0
CF,RORFE,39.162592,-84.749644,0,APE,246.1,116.4,331.0,5.4,0,0,0,0,0,0,0,0
TF,SUVBE,39.233300,-84.652639,0, ,0.0,0.0,0.0,0.0,0,0,0,0,0,0,0,0
TF,HOMIX,39.162303,-84.459961,0, ,0.0,0.0,0.0,0.0,0,0,0,0,0,0,0,0
TF,CERPO,39.106944,-84.263889,0, ,0.0,0.0,0.0,0.0,0,0,0,0,0,0,0,0
TF,WADAL,39.191611,-83.968722,0, ,0.0,0.0,0.0,0.0,0,0,0,0,0,0,0,0

SID,ROCKT3,36R,4
VA,0,6.0,2,1400,0,0,0,0,0,0
DF,HAGSS,39.156769,-84.646625,0, ,0.0,0.0,0,0,0,0,0,0,0,0
TF,HOMIX,39.162303,-84.459961,0, ,0.0,0.0,0.0,0.0,0,0,0,0,0,0,0,0
TF,CERPO,39.106944,-84.263889,0, ,0.0,0.0,0.0,0.0,0,0,0,0,0,0,0,0
TF,WADAL,39.191611,-83.968722,0, ,0.0,0.0,0.0,0.0,0,0,0,0,0,0,0,0

SID,ROCKT3,ALL,5
IF,WADAL,39.191611,-83.968722, ,0.0,0.0,0,0,0,0,0,0,0,0
TF,FARUM,39.332222,-83.599167,0, ,0.0,0.0,0.0,0.0,0,0,0,0,0,0,0,0
TF,CIVLO,39.496806,-83.160778,0, ,0.0,0.0,0.0,0.0,0,0,0,0,0,0,0,0
TF,ROCKT,39.607367,-82.870214,0, ,0.0,0.0,0.0,0.0,0,0,0,0,0,0,0,0

SID,ROCKT3,AHTIY,6
IF,ROCKT,39.607367,-82.870214, ,0.0,0.0,0,0,0,0,0,0,0,0
TF,CADRE,39.715906,-81.409981,0, ,0.0,0.0,0.0,0.0,0,0,0,0,0,0,0,0
TF,AHTIY,39.914403,-80.384786,0, ,0.0,0.0,0.0,0.0,0,0,0,0,0,0,0,0

SID,ROCKT3,ARRAY,6
IF,ROCKT,39.607367,-82.870214, ,0.0,0.0,0,0,0,0,0,0,0,0
TF,ARRAY,39.815500,-82.690422,0, ,0.0,0.0,0.0,0.0,0,0,0,0,0,0,0,0

SID,SILKS6,09,4
VA,0,96.0,2,1400,0,0,0,0,0,0
DF,KINNG,39.045736,-84.485039,0, ,0.0,0.0,0,0,0,0,0,0,0,0
TF,ORRON,38.895594,-84.485150,0, ,0.0,0.0,0.0,0.0,0,0,0,0,0,0,0,0
TF,SILKS,38.466736,-84.751611,0, ,0.0,0.0,0.0,0.0,0,0,0,0,0,0,0,0

SID,SILKS6,18C,4
VA,0,186.0,2,1400,0,0,0,0,0,0
DF,FLOEE,38.956700,-84.669056,0, ,0.0,0.0,0,0,0,0,0,0,0,0
TF,FEBLU,38.897700,-84.684725,0, ,0.0,0.0,0.0,0.0,0,0,0,0,0,0,0,0
TF,SILKS,38.466736,-84.751611,0, ,0.0,0.0,0.0,0.0,0,0,0,0,0,0,0,0

SID,SILKS6,18L,4
VI,0, ,0.0,186.0,0,0,0,0,0,0,0,0
CF,LASNG,38.956992,-84.628903,0,APE,239.6,118.7,171.0,3.3,0,0,0,0,0,0,0,0
TF,ZEGUL,38.828925,-84.585456,0, ,0.0,0.0,0.0,0.0,0,0,0,0,0,0,0,0
TF,SILKS,38.466736,-84.751611,0, ,0.0,0.0,0.0,0.0,0,0,0,0,0,0,0,0

SID,SILKS6,18R,4
VI,0, ,0.0,186.0,0,0,0,0,0,0,0,0
CF,FANSA,38.954206,-84.712558,0,APE,240.6,121.9,202.0,4.1,0,0,0,0,0,0,0,0
TF,SILKS,38.466736,-84.751611,0, ,0.0,0.0,0.0,0.0,0,0,0,0,0,0,0,0

SID,SILKS6,27,4
VA,0,276.0,2,1400,0,0,0,0,0,0
DF,BONLE,39.045992,-84.859875,0, ,0.0,0.0,0,0,0,0,0,0,0,1
TF,REKUE,38.803642,-84.877269,0, ,0.0,0.0,0.0,0.0,0,0,0,0,0,0,0,0
TF,SILKS,38.466736,-84.751611,0, ,0.0,0.0,0.0,0.0,0,0,0,0,0,0,0,0

SID,SILKS6,36C,4
VI,0, ,0.0,6.0,0,0,0,0,0,0,0,0
CF,HOBAL,39.168833,-84.757172,0,APE,246.3,116.5,327.0,6.6,0,0,0,0,0,0,0,0
TF,BOUMR,39.104911,-84.870531,0, ,0.0,0.0,0.0,0.0,0,0,0,0,0,0,0,0
TF,CULED,38.881878,-84.871667,0, ,0.0,0.0,0.0,0.0,0,0,0,0,0,0,0,0
TF,SILKS,38.466736,-84.751611,0, ,0.0,0.0,0.0,0.0,0,0,0,0,0,0,0,0

SID,SILKS6,36L,4
VI,0, ,0.0,6.0,0,0,0,0,0,0,0,0
CF,HOBAL,39.168833,-84.757172,0,APE,246.3,116.5,327.0,5.5,0,0,0,0,0,0,0,0
TF,BOUMR,39.104911,-84.870531,0, ,0.0,0.0,0.0,0.0,0,0,0,0,0,0,0,0
TF,CULED,38.881878,-84.871667,0, ,0.0,0.0,0.0,0.0,0,0,0,0,0,0,0,0
TF,SILKS,38.466736,-84.751611,0, ,0.0,0.0,0.0,0.0,0,0,0,0,0,0,0,0

SID,SILKS6,36R,4
VA,0,6.0,2,1400,0,0,0,0,0,0
DF,HAGSS,39.156769,-84.646625,0, ,0.0,0.0,0,0,0,0,0,0,0,0
TF,EVAME,39.223039,-84.727817,0, ,0.0,0.0,0.0,0.0,0,0,0,0,0,0,0,0
TF,CEMLA,39.221925,-84.816808,0, ,0.0,0.0,0.0,0.0,0,0,0,0,0,0,0,0
TF,FRTZY,39.102083,-84.919892,0, ,0.0,0.0,0.0,0.0,0,0,0,0,0,0,0,0
TF,CULED,38.881878,-84.871667,0, ,0.0,0.0,0.0,0.0,0,0,0,0,0,0,0,0
TF,SILKS,38.466736,-84.751611,0, ,0.0,0.0,0.0,0.0,0,0,0,0,0,0,0,0

SID,SILKS6,TRFWA,6
IF,SILKS,38.466736,-84.751611, ,0.0,0.0,0,0,0,0,0,0,0,0
TF,TRFWA,38.017222,-84.790556,0, ,0.0,0.0,0.0,0.0,0,0,0,0,0,0,0,0

STAR,CEGRM7,DELHI,4
IF,DELHI,41.933333,-87.786111, ,0.0,0.0,0,0,0,0,0,0,0,0
TF,CADIZ,41.167775,-87.387714,0, ,0.0,0.0,0.0,0.0,1,29000,0,0,0,0,0,0
TF,FATOX,40.801206,-87.195964,0, ,0.0,0.0,0.0,0.0,0,0,0,0,0,0,0,0
TF,BOLRR,40.556119,-87.069319,0, ,0.0,0.0,0.0,0.0,0,0,0,0,0,0,0,0
TF,TORIO,40.249086,-86.876036,0, ,0.0,0.0,0.0,0.0,0,0,0,0,0,0,0,0
TF,MACES,40.003681,-86.722950,0, ,0.0,0.0,0.0,0.0,1,23000,0,0,0,0,0,0
TF,CRYME,39.814058,-86.365550,0, ,0.0,0.0,0.0,0.0,0,0,0,0,0,0,0,0
TF,ARIVR,39.612258,-85.784558,0, ,0.0,0.0,0.0,0.0,2,14000,0,0,0,0,0,0
TF,CEGRM,39.518167,-85.485011,0, ,0.0,0.0,0.0,0.0,4,19000,11000,0,0,0,0,0

STAR,CEGRM7,ELANR,4
IF,ELANR,41.201667,-87.533333, ,0.0,0.0,0,0,0,0,0,0,0,0
TF,BOLRR,40.556119,-87.069319,0, ,0.0,0.0,0.0,0.0,0,0,0,0,0,0,0,0
TF,TORIO,40.249086,-86.876036,0, ,0.0,0.0,0.0,0.0,0,0,0,0,0,0,0,0
TF,MACES,40.003681,-86.722950,0, ,0.0,0.0,0.0,0.0,1,23000,0,0,0,0,0,0
TF,CRYME,39.814058,-86.365550,0, ,0.0,0.0,0.0,0.0,0,0,0,0,0,0,0,0
TF,ARIVR,39.612258,-85.784558,0, ,0.0,0.0,0.0,0.0,2,14000,0,0,0,0,0,0
TF,CEGRM,39.518167,-85.485011,0, ,0.0,0.0,0.0,0.0,4,19000,11000,0,0,0,0,0

STAR,CEGRM7,ZABNU,4
IF,ZABNU,41.546500,-88.318286, ,0.0,0.0,0,0,0,0,0,0,0,0
TF,CADIZ,41.167775,-87.387714,0, ,0.0,0.0,0.0,0.0,1,29000,0,0,0,0,0,0
TF,FATOX,40.801206,-87.195964,0, ,0.0,0.0,0.0,0.0,0,0,0,0,0,0,0,0
TF,BOLRR,40.556119,-87.069319,0, ,0.0,0.0,0.0,0.0,0,0,0,0,0,0,0,0
TF,TORIO,40.249086,-86.876036,0, ,0.0,0.0,0.0,0.0,0,0,0,0,0,0,0,0
TF,MACES,40.003681,-86.722950,0, ,0.0,0.0,0.0,0.0,1,23000,0,0,0,0,0,0
TF,CRYME,39.814058,-86.365550,0, ,0.0,0.0,0.0,0.0,0,0,0,0,0,0,0,0
TF,ARIVR,39.612258,-85.784558,0, ,0.0,0.0,0.0,0.0,2,14000,0,0,0,0,0,0
TF,CEGRM,39.518167,-85.485011,0, ,0.0,0.0,0.0,0.0,4,19000,11000,0,0,0,0,0

STAR,CEGRM7,ALL,5
IF,CEGRM,39.518167,-85.485011, ,0.0,0.0,4,19000,11000,0,0,0,0,0
TF,BCATT,39.469883,-85.397350,0, ,0.0,0.0,0.0,0.0,0,0,0,0,0,0,0,0
TF,EGONE,39.402075,-85.274644,0, ,0.0,0.0,0.0,0.0,0,0,0,0,0,0,0,0

STAR,CEGRM7,09,6
IF,EGONE,39.402075,-85.274644, ,0.0,0.0,0,0,0,0,0,0,0,0
TF,ACHOO,39.188811,-85.072164,0, ,0.0,0.0,0.0,0.0,1,8000,0,0,0,0,0,1
FM,ACHOO,39.188811,-85.072164,0,FWA,0.0,0.0,150.0,0,0,0,0,0,0,0,0

STAR,CEGRM7,18L,6
IF,EGONE,39.402075,-85.274644, ,0.0,0.0,0,0,0,0,0,0,0,0
TF,BYRAN,39.322289,-84.919322,0, ,0.0,0.0,0.0,0.0,1,8000,0,0,0,0,0,1
FM,BYRAN,39.322289,-84.919322,0,FWA,0.0,0.0,112.0,0,0,0,0,0,0,0,0

STAR,CEGRM7,18R,6
IF,EGONE,39.402075,-85.274644, ,0.0,0.0,0,0,0,0,0,0,0,0
TF,BYRAN,39.322289,-84.919322,0, ,0.0,0.0,0.0,0.0,1,8000,0,0,0,0,0,1
FM,BYRAN,39.322289,-84.919322,0,FWA,0.0,0.0,112.0,0,0,0,0,0,0,0,0

STAR,CEGRM7,18C,6
IF,EGONE,39.402075,-85.274644, ,0.0,0.0,0,0,0,0,0,0,0,0
TF,BYRAN,39.322289,-84.919322,0, ,0.0,0.0,0.0,0.0,1,8000,0,0,0,0,0,1
FM,BYRAN,39.322289,-84.919322,0,FWA,0.0,0.0,112.0,0,0,0,0,0,0,0,0

STAR,CEGRM7,27,6
IF,EGONE,39.402075,-85.274644, ,0.0,0.0,0,0,0,0,0,0,0,0
TF,FRING,39.163942,-84.843358,0, ,0.0,0.0,0.0,0.0,4,10000,8000,1,210,0,0,0
TF,BAMGE,39.135128,-84.790806,0, ,0.0,0.0,0.0,0.0,0,0,0,0,0,0,0,0
TF,COGDU,39.132908,-84.687839,0, ,0.0,0.0,0.0,0.0,0,0,0,0,0,0,0,0
TF,ZALED,39.132761,-84.623581,0, ,0.0,0.0,0.0,0.0,1,6000,0,1,210,0,0,1
FM,ZALED,39.132761,-84.623581,0,APE,0.0,0.0,96.0,0,0,0,0,0,0,0,0

STAR,CEGRM7,36L,6
IF,EGONE,39.402075,-85.274644, ,0.0,0.0,0,0,0,0,0,0,0,0
TF,FRING,39.163942,-84.843358,0, ,0.0,0.0,0.0,0.0,4,10000,8000,1,210,0,0,0
TF,BAMGE,39.135128,-84.790806,0, ,0.0,0.0,0.0,0.0,0,0,0,0,0,0,0,0
TF,BBURG,39.074900,-84.793192,0, ,0.0,0.0,0.0,0.0,0,0,0,0,0,0,0,0
TF,BRCAT,39.030914,-84.794850,0, ,0.0,0.0,0.0,0.0,1,6000,0,1,210,0,0,1
FM,BRCAT,39.030914,-84.794850,0,FWA,0.0,0.0,188.0,0,0,0,0,0,0,0,0

STAR,CEGRM7,36R,6
IF,EGONE,39.402075,-85.274644, ,0.0,0.0,0,0,0,0,0,0,0,0
TF,FRING,39.163942,-84.843358,0, ,0.0,0.0,0.0,0.0,4,10000,8000,1,210,0,0,0
TF,BAMGE,39.135128,-84.790806,0, ,0.0,0.0,0.0,0.0,0,0,0,0,0,0,0,0
TF,BBURG,39.074900,-84.793192,0, ,0.0,0.0,0.0,0.0,0,0,0,0,0,0,0,0
TF,BRCAT,39.030914,-84.794850,0, ,0.0,0.0,0.0,0.0,1,6000,0,1,210,0,0,1
FM,BRCAT,39.030914,-84.794850,0,FWA,0.0,0.0,188.0,0,0,0,0,0,0,0,0

STAR,CEGRM7,36C,6
IF,EGONE,39.402075,-85.274644, ,0.0,0.0,0,0,0,0,0,0,0,0
TF,FRING,39.163942,-84.843358,0, ,0.0,0.0,0.0,0.0,4,10000,8000,1,210,0,0,0
TF,BAMGE,39.135128,-84.790806,0, ,0.0,0.0,0.0,0.0,0,0,0,0,0,0,0,0
TF,BBURG,39.074900,-84.793192,0, ,0.0,0.0,0.0,0.0,0,0,0,0,0,0,0,0
TF,BRCAT,39.030914,-84.794850,0, ,0.0,0.0,0.0,0.0,1,6000,0,1,210,0,0,1
FM,BRCAT,39.030914,-84.794850,0,FWA,0.0,0.0,188.0,0,0,0,0,0,0,0,0

STAR,GAVNN7,COLNS,4
IF,COLNS,38.840411,-79.196836, ,0.0,0.0,0,0,0,0,0,0,0,0
TF,STEVY,38.819828,-80.119283,0, ,0.0,0.0,0.0,0.0,0,0,0,0,0,0,0,0
TF,FAIIR,38.792944,-81.011917,0, ,0.0,0.0,0.0,0.0,0,0,0,0,0,0,0,0
TF,JBIZZ,38.590025,-82.175542,0, ,0.0,0.0,0.0,0.0,2,24000,0,0,0,0,0,0
TF,BRROW,38.455547,-82.909044,0, ,0.0,0.0,0.0,0.0,0,0,0,0,0,0,0,0
TF,ICKEY,38.542419,-83.460314,0, ,0.0,0.0,0.0,0.0,0,0,0,0,0,0,0,0
TF,GAVNN,38.614714,-83.925336,0, ,0.0,0.0,0.0,0.0,3,17000,0,0,0,0,0,0

STAR,GAVNN7,FAIIR,4
IF,FAIIR,38.792944,-81.011917, ,0.0,0.0,0,0,0,0,0,0,0,0
TF,JBIZZ,38.590025,-82.175542,0, ,0.0,0.0,0.0,0.0,2,24000,0,0,0,0,0,0
TF,BRROW,38.455547,-82.909044,0, ,0.0,0.0,0.0,0.0,0,0,0,0,0,0,0,0
TF,ICKEY,38.542419,-83.460314,0, ,0.0,0.0,0.0,0.0,0,0,0,0,0,0,0,0
TF,GAVNN,38.614714,-83.925336,0, ,0.0,0.0,0.0,0.0,3,17000,0,0,0,0,0,0

STAR,GAVNN7,ALL,5
IF,GAVNN,38.614714,-83.925336, ,0.0,0.0,3,17000,0,0,0,0,0,0
TF,KNEDY,38.660939,-84.013497,0, ,0.0,0.0,0.0,0.0,0,0,0,0,0,0,0,0
TF,UDEYS,38.722675,-84.132186,0, ,0.0,0.0,0.0,0.0,2,9000,0,0,0,0,0,0

STAR,GAVNN7,09,6
IF,UDEYS,38.722675,-84.132186, ,0.0,0.0,2,9000,0,0,0,0,0,0
TF,JOTAR,38.786894,-84.256608,0, ,0.0,0.0,0.0,0.0,4,12000,9000,1,250,0,0,0
TF,KEYTO,38.905225,-84.486819,0, ,0.0,0.0,0.0,0.0,2,8000,0,1,210,0,0,0
TF,AAJAY,38.932656,-84.540406,0, ,0.0,0.0,0.0,0.0,0,0,0,0,0,0,0,0
TF,MAPUC,38.959467,-84.647864,0, ,0.0,0.0,0.0,0.0,0,0,0,0,0,0,0,0
TF,FLOTT,38.959683,-84.733331,0, ,0.0,0.0,0.0,0.0,1,6000,0,1,210,0,0,1
FM,FLOTT,38.959683,-84.733331,0,APE,0.0,0.0,276.0,0,0,0,0,0,0,0,0

STAR,GAVNN7,18L,6
IF,UDEYS,38.722675,-84.132186, ,0.0,0.0,2,9000,0,0,0,0,0,0
TF,JOTAR,38.786894,-84.256608,0, ,0.0,0.0,0.0,0.0,4,12000,9000,1,250,0,0,0
TF,KEYTO,38.905225,-84.486819,0, ,0.0,0.0,0.0,0.0,2,8000,0,1,210,0,0,0
TF,AAJAY,38.932656,-84.540406,0, ,0.0,0.0,0.0,0.0,0,0,0,0,0,0,0,0
TF,IGOCO,38.996039,-84.534747,0, ,0.0,0.0,0.0,0.0,0,0,0,0,0,0,0,0
TF,NXHAL,39.046086,-84.534511,0, ,0.0,0.0,0.0,0.0,1,6000,0,1,210,0,0,1
FM,NXHAL,39.046086,-84.534511,0,APE,0.0,0.0,6.0,0,0,0,0,0,0,0,0

STAR,GAVNN7,18R,6
IF,UDEYS,38.722675,-84.132186, ,0.0,0.0,2,9000,0,0,0,0,0,0
TF,JOTAR,38.786894,-84.256608,0, ,0.0,0.0,0.0,0.0,4,12000,9000,1,250,0,0,0
TF,KEYTO,38.905225,-84.486819,0, ,0.0,0.0,0.0,0.0,2,8000,0,1,210,0,0,0
TF,AAJAY,38.932656,-84.540406,0, ,0.0,0.0,0.0,0.0,0,0,0,0,0,0,0,0
TF,IGOCO,38.996039,-84.534747,0, ,0.0,0.0,0.0,0.0,0,0,0,0,0,0,0,0
TF,NXHAL,39.046086,-84.534511,0, ,0.0,0.0,0.0,0.0,1,6000,0,1,210,0,0,1
FM,NXHAL,39.046086,-84.534511,0,APE,0.0,0.0,6.0,0,0,0,0,0,0,0,0

STAR,GAVNN7,18C,6
IF,UDEYS,38.722675,-84.132186, ,0.0,0.0,2,9000,0,0,0,0,0,0
TF,JOTAR,38.786894,-84.256608,0, ,0.0,0.0,0.0,0.0,4,12000,9000,1,250,0,0,0
TF,KEYTO,38.905225,-84.486819,0, ,0.0,0.0,0.0,0.0,2,8000,0,1,210,0,0,0
TF,AAJAY,38.932656,-84.540406,0, ,0.0,0.0,0.0,0.0,0,0,0,0,0,0,0,0
TF,IGOCO,38.996039,-84.534747,0, ,0.0,0.0,0.0,0.0,0,0,0,0,0,0,0,0
TF,NXHAL,39.046086,-84.534511,0, ,0.0,0.0,0.0,0.0,1,6000,0,1,210,0,0,1
FM,NXHAL,39.046086,-84.534511,0,APE,0.0,0.0,6.0,0,0,0,0,0,0,0,0

STAR,GAVNN7,27,6
IF,UDEYS,38.722675,-84.132186, ,0.0,0.0,2,9000,0,0,0,0,0,0
TF,BREWZ,38.871344,-84.291744,0, ,0.0,0.0,0.0,0.0,1,8000,0,0,0,0,0,1
FM,BREWZ,38.871344,-84.291744,0,APE,0.0,0.0,326.0,0,0,0,0,0,0,0,0

STAR,GAVNN7,36L,6
IF,UDEYS,38.722675,-84.132186, ,0.0,0.0,2,9000,0,0,0,0,0,0
TF,DAWGY,38.722997,-84.406803,0, ,0.0,0.0,0.0,0.0,1,8000,0,0,0,0,0,1
FM,DAWGY,38.722997,-84.406803,0,APE,0.0,0.0,276.0,0,0,0,0,0,0,0,0

STAR,GAVNN7,36R,6
IF,UDEYS,38.722675,-84.132186, ,0.0,0.0,2,9000,0,0,0,0,0,0
TF,DAWGY,38.722997,-84.406803,0, ,0.0,0.0,0.0,0.0,1,8000,0,0,0,0,0,1
FM,DAWGY,38.722997,-84.406803,0,APE,0.0,0.0,276.0,0,0,0,0,0,0,0,0

STAR,GAVNN7,36C,6
IF,UDEYS,38.722675,-84.132186, ,0.0,0.0,2,9000,0,0,0,0,0,0
TF,DAWGY,38.722997,-84.406803,0, ,0.0,0.0,0.0,0.0,1,8000,0,0,0,0,0,1
FM,DAWGY,38.722997,-84.406803,0,APE,0.0,0.0,276.0,0,0,0,0,0,0,0,0

STAR,JAKIE6,ARTUR,4
IF,ARTUR,36.532872,-83.785364, ,0.0,0.0,0,0,0,0,0,0,0,0
TF,CHEDA,37.329892,-83.643925,0, ,0.0,0.0,0.0,0.0,0,0,0,0,0,0,0,0
TF,TRANQ,37.625400,-83.750653,0, ,0.0,0.0,0.0,0.0,0,0,0,0,0,0,0,0
TF,HRMBE,38.127483,-83.934042,0, ,0.0,0.0,0.0,0.0,4,21000,16000,0,0,0,0,0
TF,JAKIE,38.431989,-84.153044,0, ,0.0,0.0,0.0,0.0,2,14000,0,0,0,0,0,0

STAR,JAKIE6,CUBIM,4
IF,CUBIM,36.877042,-83.005825, ,0.0,0.0,0,0,0,0,0,0,0,0
TF,MELNZ,37.522061,-83.365892,0, ,0.0,0.0,0.0,0.0,0,0,0,0,0,0,0,0
TF,OYAYO,37.879453,-83.565397,0, ,0.0,0.0,0.0,0.0,0,0,0,0,0,0,0,0
TF,HRMBE,38.127483,-83.934042,0, ,0.0,0.0,0.0,0.0,4,21000,16000,0,0,0,0,0
TF,JAKIE,38.431989,-84.153044,0, ,0.0,0.0,0.0,0.0,2,14000,0,0,0,0,0,0

STAR,JAKIE6,DOLLI,4
IF,DOLLI,36.212083,-83.899467, ,0.0,0.0,0,0,0,0,0,0,0,0
TF,ARTUR,36.532872,-83.785364,0, ,0.0,0.0,0.0,0.0,0,0,0,0,0,0,0,0
TF,CHEDA,37.329892,-83.643925,0, ,0.0,0.0,0.0,0.0,0,0,0,0,0,0,0,0
TF,TRANQ,37.625400,-83.750653,0, ,0.0,0.0,0.0,0.0,0,0,0,0,0,0,0,0
TF,HRMBE,38.127483,-83.934042,0, ,0.0,0.0,0.0,0.0,4,21000,16000,0,0,0,0,0
TF,JAKIE,38.431989,-84.153044,0, ,0.0,0.0,0.0,0.0,2,14000,0,0,0,0,0,0

STAR,JAKIE6,VXV,4
IF,VXV,35.904839,-83.894719, ,0.0,0.0,0,0,0,0,0,0,0,0
TF,ARTUR,36.532872,-83.785364,0, ,0.0,0.0,0.0,0.0,0,0,0,0,0,0,0,0
TF,CHEDA,37.329892,-83.643925,0, ,0.0,0.0,0.0,0.0,0,0,0,0,0,0,0,0
TF,TRANQ,37.625400,-83.750653,0, ,0.0,0.0,0.0,0.0,0,0,0,0,0,0,0,0
TF,HRMBE,38.127483,-83.934042,0, ,0.0,0.0,0.0,0.0,4,21000,16000,0,0,0,0,0
TF,JAKIE,38.431989,-84.153044,0, ,0.0,0.0,0.0,0.0,2,14000,0,0,0,0,0,0

STAR,JAKIE6,ALL,5
IF,JAKIE,38.431989,-84.153044, ,0.0,0.0,2,14000,0,0,0,0,0,0
TF,NAVPE,38.551531,-84.239656,0, ,0.0,0.0,0.0,0.0,2,10000,0,0,0,0,0,0
TF,OPAVE,38.649194,-84.310606,0, ,0.0,0.0,0.0,0.0,4,12000,8000,0,0,0,0,0

STAR,JAKIE6,09,6
IF,OPAVE,38.649194,-84.310606, ,0.0,0.0,4,12000,8000,0,0,0,0,0
TF,REENY,38.890425,-84.506031,0, ,0.0,0.0,0.0,0.0,2,8000,0,1,210,0,0,0
TF,AAJAY,38.932656,-84.540406,0, ,0.0,0.0,0.0,0.0,0,0,0,0,0,0,0,0
TF,MAPUC,38.959467,-84.647864,0, ,0.0,0.0,0.0,0.0,0,0,0,0,0,0,0,0
TF,FLOTT,38.959683,-84.733331,0, ,0.0,0.0,0.0,0.0,1,6000,0,1,210,0,0,1
FM,FLOTT,38.959683,-84.733331,0,APE,0.0,0.0,276.0,0,0,0,0,0,0,0,0

STAR,JAKIE6,18C,6
IF,OPAVE,38.649194,-84.310606, ,0.0,0.0,4,12000,8000,0,0,0,0,0
TF,FIDEK,38.961428,-84.791303,0, ,0.0,0.0,0.0,0.0,2,8000,0,1,210,0,0,0
TF,UBEDE,39.045469,-84.795531,0, ,0.0,0.0,0.0,0.0,0,0,0,0,0,0,0,0
TF,LEWIN,39.095517,-84.795339,0, ,0.0,0.0,0.0,0.0,1,6000,0,1,210,0,0,1
FM,LEWIN,39.095517,-84.795339,0,APE,0.0,0.0,6.0,0,0,0,0,0,0,0,0

STAR,JAKIE6,18L,6
IF,OPAVE,38.649194,-84.310606, ,0.0,0.0,4,12000,8000,0,0,0,0,0
TF,REENY,38.890425,-84.506031,0, ,0.0,0.0,0.0,0.0,2,8000,0,1,210,0,0,0
TF,AAJAY,38.932656,-84.540406,0, ,0.0,0.0,0.0,0.0,0,0,0,0,0,0,0,0
TF,IGOCO,38.996039,-84.534747,0, ,0.0,0.0,0.0,0.0,0,0,0,0,0,0,0,0
TF,NXHAL,39.046086,-84.534511,0, ,0.0,0.0,0.0,0.0,1,6000,0,1,210,0,0,1
FM,NXHAL,39.046086,-84.534511,0,APE,0.0,0.0,6.0,0,0,0,0,0,0,0,0

STAR,JAKIE6,18R,6
IF,OPAVE,38.649194,-84.310606, ,0.0,0.0,4,12000,8000,0,0,0,0,0
TF,FIDEK,38.961428,-84.791303,0, ,0.0,0.0,0.0,0.0,2,8000,0,1,210,0,0,0
TF,UBEDE,39.045469,-84.795531,0, ,0.0,0.0,0.0,0.0,0,0,0,0,0,0,0,0
TF,LEWIN,39.095517,-84.795339,0, ,0.0,0.0,0.0,0.0,1,6000,0,1,210,0,0,1
FM,LEWIN,39.095517,-84.795339,0,APE,0.0,0.0,6.0,0,0,0,0,0,0,0,0

STAR,JAKIE6,27,6
IF,OPAVE,38.649194,-84.310606, ,0.0,0.0,4,12000,8000,0,0,0,0,0
TF,PIVBE,38.835253,-84.342086,0, ,0.0,0.0,0.0,0.0,1,7000,0,0,0,0,0,1
FM,PIVBE,38.835253,-84.342086,0,APE,0.0,0.0,358.0,0,0,0,0,0,0,0,0

STAR,JAKIE6,36L,6
IF,OPAVE,38.649194,-84.310606, ,0.0,0.0,4,12000,8000,0,0,0,0,0
TF,SPOOD,38.650250,-84.529861,0, ,0.0,0.0,0.0,0.0,1,8000,0,0,0,0,0,1
FM,SPOOD,38.650250,-84.529861,0,APE,0.0,0.0,280.0,0,0,0,0,0,0,0,0

STAR,JAKIE6,36R,6
IF,OPAVE,38.649194,-84.310606, ,0.0,0.0,4,12000,8000,0,0,0,0,0
TF,SPOOD,38.650250,-84.529861,0, ,0.0,0.0,0.0,0.0,1,8000,0,0,0,0,0,1
FM,SPOOD,38.650250,-84.529861,0,APE,0.0,0.0,280.0,0,0,0,0,0,0,0,0

STAR,JAKIE6,36C,6
IF,OPAVE,38.649194,-84.310606, ,0.0,0.0,4,12000,8000,0,0,0,0,0
TF,SPOOD,38.650250,-84.529861,0, ,0.0,0.0,0.0,0.0,1,8000,0,0,0,0,0,1
FM,SPOOD,38.650250,-84.529861,0,APE,0.0,0.0,280.0,0,0,0,0,0,0,0,0

STAR,SARGO4,DAAVE,4
IF,DAAVE,38.415631,-89.053111, ,0.0,0.0,0,0,0,0,0,0,0,0
TF,JDUNN,38.367797,-88.271111,0, ,0.0,0.0,0.0,0.0,0,0,0,0,0,0,0,0
TF,JRICO,38.259328,-86.708381,0, ,0.0,0.0,0.0,0.0,1,23000,0,0,0,0,0,0
TF,HEREE,38.348825,-86.203614,0, ,0.0,0.0,0.0,0.0,4,22000,21000,0,0,0,0,0
TF,THERE,38.571933,-85.689750,0, ,0.0,0.0,0.0,0.0,4,19000,15000,0,0,0,0,0
TF,SARGO,38.683625,-85.429467,0, ,0.0,0.0,0.0,0.0,2,14000,0,0,0,0,0,0

STAR,SARGO4,TERGE,4
IF,TERGE,37.928464,-87.762275, ,0.0,0.0,0,0,0,0,0,0,0,0
TF,JRICO,38.259328,-86.708381,0, ,0.0,0.0,0.0,0.0,1,23000,0,0,0,0,0,0
TF,HEREE,38.348825,-86.203614,0, ,0.0,0.0,0.0,0.0,4,22000,21000,0,0,0,0,0
TF,THERE,38.571933,-85.689750,0, ,0.0,0.0,0.0,0.0,4,19000,15000,0,0,0,0,0
TF,SARGO,38.683625,-85.429467,0, ,0.0,0.0,0.0,0.0,2,14000,0,0,0,0,0,0

STAR,SARGO4,ALL,5
IF,SARGO,38.683625,-85.429467, ,0.0,0.0,2,14000,0,0,0,0,0,0
TF,VANGE,38.787119,-85.250419,0, ,0.0,0.0,0.0,0.0,0,0,0,0,0,0,0,0

STAR,SARGO4,09,6
IF,VANGE,38.787119,-85.250419, ,0.0,0.0,0,0,0,0,0,0,0,0
TF,CALFS,38.904531,-85.101064,0, ,0.0,0.0,0.0,0.0,1,8000,0,0,0,0,0,1
FM,CALFS,38.904531,-85.101064,0,APE,0.0,0.0,51.0,0,0,0,0,0,0,0,0

STAR,SARGO4,18L,6
IF,VANGE,38.787119,-85.250419, ,0.0,0.0,0,0,0,0,0,0,0,0
TF,YEBUL,38.836167,-85.159956,0, ,0.0,0.0,0.0,0.0,3,13000,0,0,0,0,0,0
TF,EYURA,38.856536,-85.100331,0, ,0.0,0.0,0.0,0.0,3,12000,0,0,0,0,0,0
TF,AZONS,38.941572,-84.849697,0, ,0.0,0.0,0.0,0.0,2,8000,0,1,210,0,0,0
TF,FIDEK,38.961428,-84.791303,0, ,0.0,0.0,0.0,0.0,0,0,0,0,0,0,0,0
TF,UBEDE,39.045469,-84.795531,0, ,0.0,0.0,0.0,0.0,0,0,0,0,0,0,0,0
TF,LEWIN,39.095517,-84.795339,0, ,0.0,0.0,0.0,0.0,1,6000,0,1,210,0,0,1
FM,LEWIN,39.095517,-84.795339,0,APE,0.0,0.0,6.0,0,0,0,0,0,0,0,0

STAR,SARGO4,18R,6
IF,VANGE,38.787119,-85.250419, ,0.0,0.0,0,0,0,0,0,0,0,0
TF,YEBUL,38.836167,-85.159956,0, ,0.0,0.0,0.0,0.0,3,13000,0,0,0,0,0,0
TF,EYURA,38.856536,-85.100331,0, ,0.0,0.0,0.0,0.0,3,12000,0,0,0,0,0,0
TF,AZONS,38.941572,-84.849697,0, ,0.0,0.0,0.0,0.0,2,8000,0,1,210,0,0,0
TF,FIDEK,38.961428,-84.791303,0, ,0.0,0.0,0.0,0.0,0,0,0,0,0,0,0,0
TF,UBEDE,39.045469,-84.795531,0, ,0.0,0.0,0.0,0.0,0,0,0,0,0,0,0,0
TF,LEWIN,39.095517,-84.795339,0, ,0.0,0.0,0.0,0.0,1,6000,0,1,210,0,0,1
FM,LEWIN,39.095517,-84.795339,0,APE,0.0,0.0,6.0,0,0,0,0,0,0,0,0

STAR,SARGO4,18C,6
IF,VANGE,38.787119,-85.250419, ,0.0,0.0,0,0,0,0,0,0,0,0
TF,YEBUL,38.836167,-85.159956,0, ,0.0,0.0,0.0,0.0,3,13000,0,0,0,0,0,0
TF,EYURA,38.856536,-85.100331,0, ,0.0,0.0,0.0,0.0,3,12000,0,0,0,0,0,0
TF,AZONS,38.941572,-84.849697,0, ,0.0,0.0,0.0,0.0,2,8000,0,1,210,0,0,0
TF,FIDEK,38.961428,-84.791303,0, ,0.0,0.0,0.0,0.0,0,0,0,0,0,0,0,0
TF,UBEDE,39.045469,-84.795531,0, ,0.0,0.0,0.0,0.0,0,0,0,0,0,0,0,0
TF,LEWIN,39.095517,-84.795339,0, ,0.0,0.0,0.0,0.0,1,6000,0,1,210,0,0,1
FM,LEWIN,39.095517,-84.795339,0,APE,0.0,0.0,6.0,0,0,0,0,0,0,0,0

STAR,SARGO4,27,6
IF,VANGE,38.787119,-85.250419, ,0.0,0.0,0,0,0,0,0,0,0,0
TF,YEBUL,38.836167,-85.159956,0, ,0.0,0.0,0.0,0.0,3,13000,0,0,0,0,0,0
TF,EYURA,38.856536,-85.100331,0, ,0.0,0.0,0.0,0.0,3,12000,0,0,0,0,0,0
TF,AZONS,38.941572,-84.849697,0, ,0.0,0.0,0.0,0.0,2,8000,0,1,210,0,0,0
TF,FIDEK,38.961428,-84.791303,0, ,0.0,0.0,0.0,0.0,0,0,0,0,0,0,0,0
TF,CADPO,38.959689,-84.710497,0, ,0.0,0.0,0.0,0.0,0,0,0,0,0,0,0,0
TF,FIBSU,38.959500,-84.625031,0, ,0.0,0.0,0.0,0.0,1,6000,0,1,210,0,0,1
FM,FIBSU,38.959500,-84.625031,0,APE,0.0,0.0,96.0,0,0,0,0,0,0,0,0

STAR,SARGO4,36L,6
IF,VANGE,38.787119,-85.250419, ,0.0,0.0,0,0,0,0,0,0,0,0
TF,WAXIL,38.788864,-85.190350,0, ,0.0,0.0,0.0,0.0,3,13000,0,0,0,0,0,0
TF,FECTA,38.795022,-84.985297,0, ,0.0,0.0,0.0,0.0,1,8000,0,0,0,0,0,1
FM,FECTA,38.795022,-84.985297,0,APE,0.0,0.0,94.0,0,0,0,0,0,0,0,0

STAR,SARGO4,36R,6
IF,VANGE,38.787119,-85.250419, ,0.0,0.0,0,0,0,0,0,0,0,0
TF,WAXIL,38.788864,-85.190350,0, ,0.0,0.0,0.0,0.0,3,13000,0,0,0,0,0,0
TF,FECTA,38.795022,-84.985297,0, ,0.0,0.0,0.0,0.0,1,8000,0,0,0,0,0,1
FM,FECTA,38.795022,-84.985297,0,APE,0.0,0.0,94.0,0,0,0,0,0,0,0,0

STAR,SARGO4,36C,6
IF,VANGE,38.787119,-85.250419, ,0.0,0.0,0,0,0,0,0,0,0,0
TF,WAXIL,38.788864,-85.190350,0, ,0.0,0.0,0.0,0.0,3,13000,0,0,0,0,0,0
TF,FECTA,38.795022,-84.985297,0, ,0.0,0.0,0.0,0.0,1,8000,0,0,0,0,0,1
FM,FECTA,38.795022,-84.985297,0,APE,0.0,0.0,94.0,0,0,0,0,0,0,0,0

STAR,TIGRR4,SAVVI,4
IF,SAVVI,40.221169,-81.579325, ,0.0,0.0,0,0,0,0,0,0,0,0
TF,UKATS,40.134578,-82.620056,0, ,0.0,0.0,0.0,0.0,0,0,0,0,0,0,0,0
TF,BOWRR,39.966114,-83.032356,0, ,0.0,0.0,0.0,0.0,2,24000,0,0,0,0,0,0
TF,ORLEE,39.801667,-83.421750,0, ,0.0,0.0,0.0,0.0,3,23000,0,0,0,0,0,0
TF,HEDEE,39.637581,-83.805617,0, ,0.0,0.0,0.0,0.0,0,0,0,0,0,0,0,0
TF,JARSO,39.591739,-83.911681,0, ,0.0,0.0,0.0,0.0,0,0,0,0,0,0,0,0
TF,TIGRR,39.473308,-84.076983,0, ,0.0,0.0,0.0,0.0,2,14000,0,0,0,0,0,0

STAR,TIGRR4,UKATS,4
IF,UKATS,40.134578,-82.620056, ,0.0,0.0,0,0,0,0,0,0,0,0
TF,BOWRR,39.966114,-83.032356,0, ,0.0,0.0,0.0,0.0,2,24000,0,0,0,0,0,0
TF,ORLEE,39.801667,-83.421750,0, ,0.0,0.0,0.0,0.0,3,23000,0,0,0,0,0,0
TF,HEDEE,39.637581,-83.805617,0, ,0.0,0.0,0.0,0.0,0,0,0,0,0,0,0,0
TF,JARSO,39.591739,-83.911681,0, ,0.0,0.0,0.0,0.0,0,0,0,0,0,0,0,0
TF,TIGRR,39.473308,-84.076983,0, ,0.0,0.0,0.0,0.0,2,14000,0,0,0,0,0,0

STAR,TIGRR4,ALL,5
IF,TIGRR,39.473308,-84.076983, ,0.0,0.0,2,14000,0,0,0,0,0,0
TF,CHARZ,39.392806,-84.187539,0, ,0.0,0.0,0.0,0.0,0,0,0,0,0,0,0,0
TF,ETROY,39.355925,-84.244578,0, ,0.0,0.0,0.0,0.0,4,11000,9000,0,0,0,0,0

STAR,TIGRR4,09,6
IF,ETROY,39.355925,-84.244578, ,0.0,0.0,4,11000,9000,0,0,0,0,0
TF,BACAS,39.164164,-84.539569,0, ,0.0,0.0,0.0,0.0,4,10000,8000,1,210,0,0,0
TF,GUUTH,39.132228,-84.625006,0, ,0.0,0.0,0.0,0.0,0,0,0,0,0,0,0,0
TF,IDULE,39.132553,-84.732100,0, ,0.0,0.0,0.0,0.0,1,6000,0,1,210,0,0,1
FM,IDULE,39.132553,-84.732100,0,FWA,0.0,0.0,276.0,0,0,0,0,0,0,0,0

STAR,TIGRR4,18L,6
IF,ETROY,39.355925,-84.244578, ,0.0,0.0,4,11000,9000,0,0,0,0,0
TF,CRSLY,39.330961,-84.424322,0, ,0.0,0.0,0.0,0.0,1,8000,0,0,0,0,0,1
FM,CRSLY,39.330961,-84.424322,0,APE,0.0,0.0,266.0,0,0,0,0,0,0,0,0

STAR,TIGRR4,18R,6
IF,ETROY,39.355925,-84.244578, ,0.0,0.0,4,11000,9000,0,0,0,0,0
TF,CRSLY,39.330961,-84.424322,0, ,0.0,0.0,0.0,0.0,1,8000,0,0,0,0,0,1
FM,CRSLY,39.330961,-84.424322,0,APE,0.0,0.0,266.0,0,0,0,0,0,0,0,0

STAR,TIGRR4,18C,6
IF,ETROY,39.355925,-84.244578, ,0.0,0.0,4,11000,9000,0,0,0,0,0
TF,CRSLY,39.330961,-84.424322,0, ,0.0,0.0,0.0,0.0,1,8000,0,0,0,0,0,1
FM,CRSLY,39.330961,-84.424322,0,APE,0.0,0.0,266.0,0,0,0,0,0,0,0,0

STAR,TIGRR4,27,6
IF,ETROY,39.355925,-84.244578, ,0.0,0.0,4,11000,9000,0,0,0,0,0
TF,YEYUP,39.222347,-84.282714,0, ,0.0,0.0,0.0,0.0,1,8000,0,0,0,0,0,1
FM,YEYUP,39.222347,-84.282714,0,APE,0.0,0.0,199.0,0,0,0,0,0,0,0,0

STAR,TIGRR4,36L,6
IF,ETROY,39.355925,-84.244578, ,0.0,0.0,4,11000,9000,0,0,0,0,0
TF,BACAS,39.164164,-84.539569,0, ,0.0,0.0,0.0,0.0,4,10000,8000,1,210,0,0,0
TF,JANEG,39.054639,-84.534569,0, ,0.0,0.0,0.0,0.0,0,0,0,0,0,0,0,0
TF,RUPPP,39.004592,-84.534806,0, ,0.0,0.0,0.0,0.0,1,6000,0,1,210,0,0,1
FM,RUPPP,39.004592,-84.534806,0,APE,0.0,0.0,186.0,0,0,0,0,0,0,0,0

STAR,TIGRR4,36R,6
IF,ETROY,39.355925,-84.244578, ,0.0,0.0,4,11000,9000,0,0,0,0,0
TF,BACAS,39.164164,-84.539569,0, ,0.0,0.0,0.0,0.0,4,10000,8000,1,210,0,0,0
TF,JANEG,39.054639,-84.534569,0, ,0.0,0.0,0.0,0.0,0,0,0,0,0,0,0,0
TF,RUPPP,39.004592,-84.534806,0, ,0.0,0.0,0.0,0.0,1,6000,0,1,210,0,0,1
FM,RUPPP,39.004592,-84.534806,0,APE,0.0,0.0,186.0,0,0,0,0,0,0,0,0

STAR,TIGRR4,36C,6
IF,ETROY,39.355925,-84.244578, ,0.0,0.0,4,11000,9000,0,0,0,0,0
TF,BACAS,39.164164,-84.539569,0, ,0.0,0.0,0.0,0.0,4,10000,8000,1,210,0,0,0
TF,JANEG,39.054639,-84.534569,0, ,0.0,0.0,0.0,0.0,0,0,0,0,0,0,0,0
TF,RUPPP,39.004592,-84.534806,0, ,0.0,0.0,0.0,0.0,1,6000,0,1,210,0,0,1
FM,RUPPP,39.004592,-84.534806,0,APE,0.0,0.0,186.0,0,0,0,0,0,0,0,0

APPTR,I09,09,ACHOO
IF,ACHOO,39.188811,-85.072164, ,0.0,0.0,1,8000,0,0,0,0,1,0
TF,ROSSE,39.091342,-84.933261,0, ,0.0,0.0,0.0,0.0,2,4100,0,0,0,0,0,0
TF,SEMSE,39.046617,-84.869733,0,IURN,0.0,0.0,0.0,0.0,2,3500,0,0,0,0,1,0

APPTR,I09,09,AIREE
IF,AIREE,38.959903,-84.869836, ,0.0,0.0,0,0,0,1,210,0,1,0
TF,SEMSE,39.046617,-84.869733,0,IURN,0.0,0.0,0.0,0.0,2,3500,0,0,0,0,1,0

APPTR,I09,09,BABGE
IF,BABGE,39.155672,-85.134092, ,0.0,0.0,1,8000,0,0,0,0,1,0
TF,MENZY,39.077900,-84.945336,0, ,0.0,0.0,0.0,0.0,2,4100,0,0,0,0,0,0
TF,SEMSE,39.046617,-84.869733,0,IURN,0.0,0.0,0.0,0.0,2,3500,0,0,0,0,1,0

APPTR,I09,09,CALFS
IF,CALFS,38.904531,-85.101064, ,0.0,0.0,1,8000,0,0,0,0,1,0
TF,JOCCO,39.005400,-84.937011,0, ,0.0,0.0,0.0,0.0,2,4100,0,0,0,0,0,0
TF,SEMSE,39.046617,-84.869733,0,IURN,0.0,0.0,0.0,0.0,2,3500,0,0,0,0,1,0

APPTR,I09,09,CINSI
IF,CINSI,39.132733,-84.869633, ,0.0,0.0,0,0,0,1,210,0,1,0
TF,SEMSE,39.046617,-84.869733,0,IURN,0.0,0.0,0.0,0.0,2,3500,0,0,0,0,1,0

APPTR,I09,09,FLOTT
IF,FLOTT,38.959683,-84.733331, ,0.0,0.0,1,6000,0,1,210,0,1,0
TF,AIREE,38.959903,-84.869836,0, ,0.0,0.0,0.0,0.0,2,4500,0,1,210,0,0,0
TF,SEMSE,39.046617,-84.869733,0,IURN,0.0,0.0,0.0,0.0,2,3500,0,0,0,0,1,0

APPTR,I09,09,IDULE
IF,IDULE,39.132553,-84.732100, ,0.0,0.0,1,6000,0,1,210,0,1,0
TF,CINSI,39.132733,-84.869633,0, ,0.0,0.0,0.0,0.0,2,4500,0,1,210,0,0,0
TF,SEMSE,39.046617,-84.869733,0,IURN,0.0,0.0,0.0,0.0,2,3500,0,0,0,0,1,0

APPTR,I09,09,JADOP
IF,JADOP,39.046675,-84.971994, ,0.0,0.0,2,5000,0,0,0,0,1,0
CF,SEMSE,39.046617,-84.869733,0,IURN,276.2,10.2,96.0,4.8,2,3500,0,0,0,0,1,0

FINAL,I09,09,I,3
IF,SEMSE,39.046617,-84.869733,IURN,276.2,10.2,2,3500,0,0,0,0,0,0
CF,KAVME,39.046547,-84.800208,0,IURN,276.2,7.0,96.0,3.3,1,2500,0,0,0,0,2,0
CF,RW09,39.046361,-84.695097,0,IURN,276.2,2.1,96.0,4.9,1,935,0,0,0,0,3,0
CA,0,96.0,2,2000,0,0,0,0,0,0
DF,FLM,38.649442,-84.310603,0, ,0.0,0.0,2,3000,0,0,0,0,0,0
HM,FLM,38.649442,-84.310603,2, ,0.0,0.0,144.0,04.3,0,0,0,0,0,0,0,0,0

APPTR,I18C,18C,BYRAN
IF,BYRAN,39.322289,-84.919322, ,0.0,0.0,1,8000,0,0,0,0,1,0
TF,SERBE,39.264022,-84.764428,0, ,0.0,0.0,0.0,0.0,2,4700,0,0,0,0,0,0
TF,KLEPR,39.227572,-84.667944,0,ISIC,0.0,0.0,0.0,0.0,2,4000,0,0,0,0,1,0

APPTR,I18C,18C,CRSLY
IF,CRSLY,39.330961,-84.424322, ,0.0,0.0,1,8000,0,0,0,0,1,0
TF,WIMEV,39.267606,-84.573839,0, ,0.0,0.0,0.0,0.0,2,4700,0,0,0,0,0,0
TF,KLEPR,39.227572,-84.667944,0,ISIC,0.0,0.0,0.0,0.0,2,4000,0,0,0,0,1,0

APPTR,I18C,18C,JUPAL
IF,JUPAL,39.441069,-84.667086, ,0.0,0.0,1,8000,0,1,210,0,1,0
TF,LAMAH,39.387689,-84.667342,0, ,0.0,0.0,0.0,0.0,2,7000,0,0,0,0,0,0
TF,ANTRI,39.334311,-84.667597,0, ,0.0,0.0,0.0,0.0,2,6000,0,0,0,0,0,0
TF,DULEY,39.280953,-84.667725,0, ,0.0,0.0,0.0,0.0,2,5000,0,0,0,0,0,0
CF,KLEPR,39.227572,-84.667944,0,ISIC,6.2,11.7,186.0,3.2,2,4000,0,0,0,0,1,0

APPTR,I18C,18C,LEWIN
IF,LEWIN,39.095517,-84.795339, ,0.0,0.0,1,6000,0,1,210,0,1,0
TF,USUVE,39.227817,-84.794744,0, ,0.0,0.0,0.0,0.0,2,4500,0,0,0,0,0,0
TF,KLEPR,39.227572,-84.667944,0,ISIC,0.0,0.0,0.0,0.0,2,4000,0,0,0,0,1,0

APPTR,I18C,18C,NXHAL
IF,NXHAL,39.046086,-84.534511, ,0.0,0.0,1,6000,0,1,210,0,1,0
TF,DOSKE,39.227183,-84.533578,0, ,0.0,0.0,0.0,0.0,2,4500,0,0,0,0,0,0
TF,KLEPR,39.227572,-84.667944,0,ISIC,0.0,0.0,0.0,0.0,2,4000,0,0,0,0,1,0

FINAL,I18C,18C,I,3
IF,KLEPR,39.227572,-84.667944,ISIC,6.2,11.7,2,4000,0,0,0,0,0,0
CF,WUTVU,39.147000,-84.668278,0,ISIC,6.2,6.9,186.0,4.8,1,2500,0,0,0,0,2,0
CF,RW18C,39.064742,-84.668617,0,ISIC,6.2,2.0,186.0,4.9,1,930,0,0,0,0,3,0
CA,0,186.0,2,1300,0,0,0,0,0,0
DF,ZIRKE,38.767467,-84.648061,0, ,0.0,0.0,2,3000,0,0,0,0,0,1
HM,ZIRKE,38.767467,-84.648061,2, ,0.0,0.0,116.0,04,0,0,0,0,0,0,0,0,0

APPTR,I18L,18L,BYRAN
IF,BYRAN,39.322289,-84.919322, ,0.0,0.0,1,8000,0,0,0,0,1,0
TF,PIRSE,39.254178,-84.742008,0, ,0.0,0.0,0.0,0.0,2,4700,0,0,0,0,0,0
TF,BAIRE,39.217239,-84.645908,0,ICIZ,0.0,0.0,0.0,0.0,2,4000,0,1,210,0,1,0

APPTR,I18L,18L,CRSLY
IF,CRSLY,39.330961,-84.424322, ,0.0,0.0,1,8000,0,0,0,0,1,0
TF,NODGE,39.263250,-84.556444,0, ,0.0,0.0,0.0,0.0,2,4700,0,0,0,0,0,0
TF,BAIRE,39.217239,-84.645908,0,ICIZ,0.0,0.0,0.0,0.0,2,4000,0,1,210,0,1,0

APPTR,I18L,18L,LEWIN
IF,LEWIN,39.095517,-84.795339, ,0.0,0.0,1,6000,0,1,210,0,1,0
TF,PEPCO,39.217569,-84.795022,0, ,0.0,0.0,0.0,0.0,2,4500,0,0,0,0,0,0
TF,BAIRE,39.217239,-84.645908,0,ICIZ,0.0,0.0,0.0,0.0,2,4000,0,1,210,0,1,0

APPTR,I18L,18L,NXHAL
IF,NXHAL,39.046086,-84.534511, ,0.0,0.0,1,6000,0,1,210,0,1,0
TF,NEDDS,39.216861,-84.533625,0, ,0.0,0.0,0.0,0.0,2,4500,0,0,0,0,0,0
TF,BAIRE,39.217239,-84.645908,0,ICIZ,0.0,0.0,0.0,0.0,2,4000,0,1,210,0,1,0

APPTR,I18L,18L,SPUDR
IF,SPUDR,39.384553,-84.642617, ,0.0,0.0,2,7000,0,0,0,0,1,0
TF,PHILO,39.324003,-84.643503,0, ,0.0,0.0,0.0,0.0,2,6000,0,0,0,0,0,0
TF,CRISM,39.270825,-84.644367,0, ,0.0,0.0,0.0,0.0,2,5000,0,0,0,0,0,0
CF,BAIRE,39.217239,-84.645908,0,ICIZ,6.2,11.5,186.0,3.2,2,4000,0,1,210,0,1,0

FINAL,I18L,18L,I,3
IF,BAIRE,39.217239,-84.645908,ICIZ,6.2,11.5,2,4000,0,1,210,0,0,0
CF,FRAZE,39.137500,-84.646283,0,ICIZ,6.2,6.7,186.0,4.8,1,2500,0,0,0,0,2,0
CF,RW18L,39.055856,-84.646667,0,ICIZ,6.2,1.8,186.0,4.9,1,941,0,0,0,0,3,0
CA,0,186.0,2,1500,0,0,0,0,0,0
VI,0, ,0.0,120.0,0,0,0,0,0,0,0,0
CF,FLM,38.649442,-84.310603,0,FLM,0.0,0.0,159.0,21.0,2,3000,0,0,0,0,0,0
HM,FLM,38.649442,-84.310603,1, ,0.0,0.0,315.0,04.3,0,0,0,0,0,0,0,0,0

APPTR,I18R,18R,BYRAN
IF,BYRAN,39.322289,-84.919322, ,0.0,0.0,1,8000,0,0,0,0,1,0
TF,BOTHS,39.272447,-84.780439,0, ,0.0,0.0,0.0,0.0,2,4700,0,0,0,0,0,0
TF,OPHUS,39.237375,-84.683103,0,ICJN,0.0,0.0,0.0,0.0,2,4000,0,1,210,0,1,0

APPTR,I18R,18R,CRSLY
IF,CRSLY,39.330961,-84.424322, ,0.0,0.0,1,8000,0,0,0,0,1,0
TF,KONEC,39.272633,-84.585878,0, ,0.0,0.0,0.0,0.0,2,4700,0,0,0,0,0,0
TF,OPHUS,39.237375,-84.683103,0,ICJN,0.0,0.0,0.0,0.0,2,4000,0,1,210,0,1,0

APPTR,I18R,18R,FIBMO
IF,FIBMO,39.236933,-84.533528, ,0.0,0.0,0,0,0,1,210,0,1,0
TF,OPHUS,39.237375,-84.683103,0,ICJN,0.0,0.0,0.0,0.0,2,4000,0,1,210,0,1,0

APPTR,I18R,18R,GOSEC
IF,GOSEC,39.237572,-84.794992, ,0.0,0.0,0,0,0,1,210,0,1,0
TF,OPHUS,39.237375,-84.683103,0,ICJN,0.0,0.0,0.0,0.0,2,4000,0,1,210,0,1,0

APPTR,I18R,18R,LEWIN
IF,LEWIN,39.095517,-84.795339, ,0.0,0.0,1,6000,0,1,210,0,1,0
TF,GOSEC,39.237572,-84.794992,0, ,0.0,0.0,0.0,0.0,2,4500,0,1,210,0,0,0
TF,OPHUS,39.237375,-84.683103,0,ICJN,0.0,0.0,0.0,0.0,2,4000,0,1,210,0,1,0

APPTR,I18R,18R,NXHAL
IF,NXHAL,39.046086,-84.534511, ,0.0,0.0,1,6000,0,1,210,0,1,0
TF,FIBMO,39.236933,-84.533528,0, ,0.0,0.0,0.0,0.0,2,4500,0,1,210,0,0,0
TF,OPHUS,39.237375,-84.683103,0,ICJN,0.0,0.0,0.0,0.0,2,4000,0,1,210,0,1,0

APPTR,I18R,18R,WALBY
IF,WALBY,39.394078,-84.682506, ,0.0,0.0,2,7000,0,1,210,0,1,0
TF,VEWIR,39.340697,-84.682708,0, ,0.0,0.0,0.0,0.0,2,6000,0,0,0,0,0,0
TF,DRAEK,39.287317,-84.682914,0, ,0.0,0.0,0.0,0.0,2,5000,0,0,0,0,0,0
CF,OPHUS,39.237375,-84.683103,0,ICJN,6.2,11.5,186.0,3.0,2,4000,0,1,210,0,1,0

FINAL,I18R,18R,I,3
IF,OPHUS,39.237375,-84.683103,ICJN,6.2,11.5,2,4000,0,1,210,0,0,0
CF,KRTHY,39.153500,-84.683422,0,ICJN,6.2,6.5,186.0,5.0,1,2500,0,0,0,0,2,0
CF,RW18R,39.070881,-84.683739,0,ICJN,6.2,1.6,186.0,5.0,1,923,0,0,0,0,3,0
CA,0,186.0,2,1300,0,0,0,0,0,0
VI,0, ,0.0,270.0,0,0,0,0,0,0,0,0
CF,JADRO,39.106828,-85.025269,0,FLM,313.5,43.3,314.0,9.0,2,4000,0,0,0,0,0,0
HM,JADRO,39.106828,-85.025269,2, ,0.0,0.0,314.0,04.3,0,0,0,0,0,0,0,0,0

APPTR,I27,27,BREWZ
IF,BREWZ,38.871344,-84.291744, ,0.0,0.0,1,8000,0,0,0,0,1,0
TF,HATON,38.980492,-84.403208,0, ,0.0,0.0,0.0,0.0,2,4200,0,0,0,0,0,0
TF,BLOCK,39.045647,-84.469961,0,IJDP,0.0,0.0,0.0,0.0,2,3500,0,1,210,0,1,0

APPTR,I27,27,FIBSU
IF,FIBSU,38.959500,-84.625031, ,0.0,0.0,1,6000,0,1,210,0,1,0
TF,ZEPLN,38.959036,-84.470550,0, ,0.0,0.0,0.0,0.0,2,4500,0,1,210,0,0,0
TF,BLOCK,39.045647,-84.469961,0,IJDP,0.0,0.0,0.0,0.0,2,3500,0,1,210,0,1,0

APPTR,I27,27,KAYDE
IF,KAYDE,39.044969,-84.327275, ,0.0,0.0,2,5000,0,1,210,0,1,0
TF,CIPVO,39.045339,-84.400222,0, ,0.0,0.0,0.0,0.0,2,4000,0,0,0,0,0,0
CF,BLOCK,39.045647,-84.469961,0,IJDP,96.2,10.7,276.0,3.3,2,3500,0,1,210,0,1,0

APPTR,I27,27,YEYUP
IF,YEYUP,39.222347,-84.282714, ,0.0,0.0,1,8000,0,0,0,0,1,0
TF,NEWVY,39.110014,-84.401900,0, ,0.0,0.0,0.0,0.0,2,4200,0,0,0,0,0,0
TF,BLOCK,39.045647,-84.469961,0,IJDP,0.0,0.0,0.0,0.0,2,3500,0,1,210,0,1,0

APPTR,I27,27,ZALED
IF,ZALED,39.132761,-84.623581, ,0.0,0.0,1,6000,0,1,210,0,1,0
TF,JOSLI,39.132219,-84.469372,0, ,0.0,0.0,0.0,0.0,2,4500,0,1,210,0,0,0
TF,BLOCK,39.045647,-84.469961,0,IJDP,0.0,0.0,0.0,0.0,2,3500,0,1,210,0,1,0

FINAL,I27,27,I,3
IF,BLOCK,39.045647,-84.469961,IJDP,96.2,10.7,2,3500,0,1,210,0,0,0
CF,SOAND,39.045942,-84.547406,0,IJDP,96.2,7.1,276.0,3.6,1,2500,0,0,0,0,2,0
CF,RW27,39.046261,-84.652844,0,IJDP,96.2,2.1,276.0,4.9,1,930,0,0,0,0,3,0
CA,0,276.0,2,2000,0,0,0,0,0,0
DF,FLM,38.649442,-84.310603,1, ,0.0,0.0,2,3000,0,0,0,0,0,0
HM,FLM,38.649442,-84.310603,2, ,0.0,0.0,144.0,04.3,0,0,0,0,0,0,0,0,0

APPTR,I36C,36C,ALLIE
IF,ALLIE,38.659386,-84.670175, ,0.0,0.0,2,7000,0,1,210,0,1,0
TF,CRITR,38.712772,-84.669975,0, ,0.0,0.0,0.0,0.0,2,6000,0,0,0,0,0,0
TF,PUPPT,38.766158,-84.669775,0, ,0.0,0.0,0.0,0.0,2,5000,0,0,0,0,0,0
TF,UMPTA,38.815578,-84.669619,0, ,0.0,0.0,0.0,0.0,2,4000,0,0,0,0,0,0
CF,CIMRU,38.872633,-84.669458,0,ICVG,186.2,11.7,6.0,3.4,2,3000,0,1,210,0,1,0

APPTR,I36C,36C,BRCAT
IF,BRCAT,39.030914,-84.794850, ,0.0,0.0,1,6000,0,1,210,0,1,0
TF,LEKLE,38.872922,-84.795308,0, ,0.0,0.0,0.0,0.0,2,4500,0,1,210,0,0,0
TF,CIMRU,38.872633,-84.669458,0,ICVG,0.0,0.0,0.0,0.0,2,3000,0,1,210,0,1,0

APPTR,I36C,36C,DAWGY
IF,DAWGY,38.722997,-84.406803, ,0.0,0.0,1,8000,0,0,0,0,1,0
TF,SWINK,38.823606,-84.583161,0, ,0.0,0.0,0.0,0.0,2,3600,0,0,0,0,0,0
TF,CIMRU,38.872633,-84.669458,0,ICVG,0.0,0.0,0.0,0.0,2,3000,0,1,210,0,1,0

APPTR,I36C,36C,FECTA
IF,FECTA,38.795022,-84.985297, ,0.0,0.0,1,8000,0,0,0,0,1,0
TF,FOBEX,38.847725,-84.771278,0, ,0.0,0.0,0.0,0.0,2,3600,0,0,0,0,0,0
TF,CIMRU,38.872633,-84.669458,0,ICVG,0.0,0.0,0.0,0.0,2,3000,0,1,210,0,1,0

APPTR,I36C,36C,RUPPP
IF,RUPPP,39.004592,-84.534806, ,0.0,0.0,1,6000,0,1,210,0,1,0
TF,GRAPT,38.872169,-84.535781,0, ,0.0,0.0,0.0,0.0,2,4500,0,1,210,0,0,0
TF,CIMRU,38.872633,-84.669458,0,ICVG,0.0,0.0,0.0,0.0,2,3000,0,1,210,0,1,0

APPTR,I36C,36C,SPOOD
IF,SPOOD,38.650250,-84.529861, ,0.0,0.0,1,8000,0,0,0,0,1,0
TF,KURGE,38.797792,-84.622369,0, ,0.0,0.0,0.0,0.0,2,3600,0,0,0,0,0,0
TF,CIMRU,38.872633,-84.669458,0,ICVG,0.0,0.0,0.0,0.0,2,3000,0,1,210,0,1,0

FINAL,I36C,36C,I,3
IF,CIMRU,38.872633,-84.669458,ICVG,186.2,11.7,2,3000,0,1,210,0,0,0
CF,JITEV,38.950367,-84.669089,0,ICVG,186.2,7.0,6.0,4.7,1,2500,0,0,0,0,2,0
CF,RW36C,39.034544,-84.668742,0,ICVG,186.2,2.0,6.0,5.1,1,893,0,0,0,0,3,0
CA,0,6.0,2,1050,0,0,0,0,0,0
DF,DULEY,39.280953,-84.667725,0, ,0.0,0.0,2,4000,0,0,0,0,0,1
HM,DULEY,39.280953,-84.667725,2, ,0.0,0.0,160.0,04,2,4000,0,0,0,0,0,0,0

APPTR,I36L,36L,BRCAT
IF,BRCAT,39.030914,-84.794850, ,0.0,0.0,1,6000,0,1,210,0,1,0
TF,EXAMS,38.885864,-84.795175,0, ,0.0,0.0,0.0,0.0,2,4500,0,1,210,0,0,0
TF,BEPEE,38.885669,-84.684444,0,IVAC,0.0,0.0,0.0,0.0,2,4000,0,1,210,0,1,0

APPTR,I36L,36L,DAWGY
IF,DAWGY,38.722997,-84.406803, ,0.0,0.0,1,8000,0,0,0,0,1,0
TF,STADM,38.845733,-84.616061,0, ,0.0,0.0,0.0,0.0,2,4600,0,0,0,0,0,0
TF,BEPEE,38.885669,-84.684444,0,IVAC,0.0,0.0,0.0,0.0,2,4000,0,1,210,0,1,0

APPTR,I36L,36L,FECTA
IF,FECTA,38.795022,-84.985297, ,0.0,0.0,1,8000,0,0,0,0,1,0
TF,CHEKO,38.861756,-84.764139,0, ,0.0,0.0,0.0,0.0,2,4600,0,0,0,0,0,0
TF,BEPEE,38.885669,-84.684444,0,IVAC,0.0,0.0,0.0,0.0,2,4000,0,1,210,0,1,0

APPTR,I36L,36L,RUPPP
IF,RUPPP,39.004592,-84.534806, ,0.0,0.0,1,6000,0,1,210,0,1,0
TF,VUCUN,38.885231,-84.535994,0, ,0.0,0.0,0.0,0.0,2,4500,0,1,210,0,0,0
TF,BEPEE,38.885669,-84.684444,0,IVAC,0.0,0.0,0.0,0.0,2,4000,0,1,210,0,1,0

APPTR,I36L,36L,SPOOD
IF,SPOOD,38.650250,-84.529861, ,0.0,0.0,1,8000,0,0,0,0,1,0
TF,SHULN,38.826339,-84.645378,0, ,0.0,0.0,0.0,0.0,2,4600,0,0,0,0,0,0
TF,BEPEE,38.885669,-84.684444,0,IVAC,0.0,0.0,0.0,0.0,2,4000,0,1,210,0,1,0

APPTR,I36L,36L,TMORE
IF,TMORE,38.726550,-84.685042, ,0.0,0.0,2,7000,0,1,210,0,1,0
TF,WALVU,38.779933,-84.684842,0, ,0.0,0.0,0.0,0.0,2,6000,0,0,0,0,0,0
TF,BRTCL,38.833319,-84.684639,0, ,0.0,0.0,0.0,0.0,2,5000,0,0,0,0,0,0
CF,BEPEE,38.885669,-84.684444,0,IVAC,186.2,11.3,6.0,3.1,2,4000,0,1,210,0,1,0

FINAL,I36L,36L,I,3
IF,BEPEE,38.885669,-84.684444,IVAC,186.2,11.3,2,4000,0,1,210,0,0,0
CF,ROPRR,38.966550,-84.684136,0,IVAC,186.2,6.4,6.0,4.9,1,2500,0,0,0,0,2,0
CF,RW36L,39.048917,-84.683822,0,IVAC,186.2,1.5,6.0,4.9,1,928,0,0,0,0,3,0
CA,0,6.0,2,1300,0,0,0,0,0,0
VI,1, ,0.0,260.0,0,0,0,0,0,0,0,0
CF,JADRO,39.106828,-85.025269,0,FLM,313.5,43.3,314.0,5.0,2,4000,0,0,0,0,0,0
HM,JADRO,39.106828,-85.025269,2, ,0.0,0.0,314.0,04.3,0,0,0,0,0,0,0,0,0

APPTR,I36R,36R,BRCAT
IF,BRCAT,39.030914,-84.794850, ,0.0,0.0,1,6000,0,1,210,0,1,0
TF,ZAMKU,38.868228,-84.795286,0, ,0.0,0.0,0.0,0.0,2,4500,0,1,210,0,0,0
TF,LAPER,38.867908,-84.647547,0,IEEI,0.0,0.0,0.0,0.0,2,4000,0,1,210,0,1,0

APPTR,I36R,36R,DAWGY
IF,DAWGY,38.722997,-84.406803, ,0.0,0.0,1,8000,0,0,0,0,1,0
TF,JOBUR,38.827275,-84.579831,0, ,0.0,0.0,0.0,0.0,2,4600,0,0,0,0,0,0
TF,LAPER,38.867908,-84.647547,0,IEEI,0.0,0.0,0.0,0.0,2,4000,0,1,210,0,1,0

APPTR,I36R,36R,FECTA
IF,FECTA,38.795022,-84.985297, ,0.0,0.0,1,8000,0,0,0,0,1,0
TF,MAGTV,38.850250,-84.729853,0, ,0.0,0.0,0.0,0.0,2,4600,0,0,0,0,0,0
TF,LAPER,38.867908,-84.647547,0,IEEI,0.0,0.0,0.0,0.0,2,4000,0,1,210,0,1,0

APPTR,I36R,36R,KYKAT
IF,KYKAT,38.707753,-84.648197, ,0.0,0.0,2,7000,0,1,210,0,1,0
TF,SNPPR,38.761139,-84.647997,0, ,0.0,0.0,0.0,0.0,2,6000,0,0,0,0,0,0
TF,NUYLI,38.814525,-84.647797,0, ,0.0,0.0,0.0,0.0,2,5000,0,0,0,0,0,0
CF,LAPER,38.867908,-84.647547,0,IEEI,186.2,11.4,6.0,3.2,2,4000,0,1,210,0,1,0

APPTR,I36R,36R,RUPPP
IF,RUPPP,39.004592,-84.534806, ,0.0,0.0,1,6000,0,1,210,0,1,0
TF,WUGVO,38.867533,-84.535814,0, ,0.0,0.0,0.0,0.0,2,4500,0,1,210,0,0,0
TF,LAPER,38.867908,-84.647547,0,IEEI,0.0,0.0,0.0,0.0,2,4000,0,1,210,0,1,0

APPTR,I36R,36R,SPOOD
IF,SPOOD,38.650250,-84.529861, ,0.0,0.0,1,8000,0,0,0,0,1,0
TF,BASJA,38.806469,-84.614247,0, ,0.0,0.0,0.0,0.0,2,4600,0,0,0,0,0,0
TF,LAPER,38.867908,-84.647547,0,IEEI,0.0,0.0,0.0,0.0,2,4000,0,1,210,0,1,0

FINAL,I36R,36R,I,3
IF,LAPER,38.867908,-84.647547,IEEI,186.2,11.4,2,4000,0,1,210,0,0,0
CF,TROYF,38.947278,-84.647175,0,IEEI,186.2,6.7,6.0,4.8,1,2500,0,0,0,0,2,0
CF,RW36R,39.028400,-84.646794,0,IEEI,186.2,1.8,6.0,4.9,1,951,0,0,0,0,3,0
CA,0,6.0,2,1500,0,0,0,0,0,0
DF,FLM,38.649442,-84.310603,2, ,0.0,0.0,2,4000,0,0,0,0,0,0
HM,FLM,38.649442,-84.310603,1, ,0.0,0.0,315.0,04.3,0,0,0,0,0,0,0,0,0

APPTR,R09-Y,09,ACHOO
IF,ACHOO,39.188811,-85.072164, ,0.0,0.0,1,8000,0,0,0,0,1,0
TF,ROSSE,39.091342,-84.933261,0, ,0.0,0.0,0.0,0.0,2,4100,0,0,0,0,0,0
TF,SEMSE,39.046617,-84.869733,0, ,0.0,0.0,0.0,0.0,2,3500,0,0,0,0,1,0

APPTR,R09-Y,09,AIREE
IF,AIREE,38.959903,-84.869836, ,0.0,0.0,0,0,0,1,210,0,1,0
TF,SEMSE,39.046617,-84.869733,0, ,0.0,0.0,0.0,0.0,2,3500,0,0,0,0,1,0

APPTR,R09-Y,09,BABGE
IF,BABGE,39.155672,-85.134092, ,0.0,0.0,1,8000,0,0,0,0,1,0
TF,MENZY,39.077900,-84.945336,0, ,0.0,0.0,0.0,0.0,2,4100,0,0,0,0,0,0
TF,SEMSE,39.046617,-84.869733,0, ,0.0,0.0,0.0,0.0,2,3500,0,0,0,0,1,0

APPTR,R09-Y,09,CALFS
IF,CALFS,38.904531,-85.101064, ,0.0,0.0,1,8000,0,0,0,0,1,0
TF,JOCCO,39.005400,-84.937011,0, ,0.0,0.0,0.0,0.0,2,4100,0,0,0,0,0,0
TF,SEMSE,39.046617,-84.869733,0, ,0.0,0.0,0.0,0.0,2,3500,0,0,0,0,1,0

APPTR,R09-Y,09,CINSI
IF,CINSI,39.132733,-84.869633, ,0.0,0.0,0,0,0,1,210,0,1,0
TF,SEMSE,39.046617,-84.869733,0, ,0.0,0.0,0.0,0.0,2,3500,0,0,0,0,1,0

APPTR,R09-Y,09,FLOTT
IF,FLOTT,38.959683,-84.733331, ,0.0,0.0,1,6000,0,1,210,0,1,0
TF,AIREE,38.959903,-84.869836,0, ,0.0,0.0,0.0,0.0,2,4500,0,1,210,0,0,0
TF,SEMSE,39.046617,-84.869733,0, ,0.0,0.0,0.0,0.0,2,3500,0,0,0,0,1,0

APPTR,R09-Y,09,IDULE
IF,IDULE,39.132553,-84.732100, ,0.0,0.0,1,6000,0,1,210,0,1,0
TF,CINSI,39.132733,-84.869633,0, ,0.0,0.0,0.0,0.0,2,4500,0,1,210,0,0,0
TF,SEMSE,39.046617,-84.869733,0, ,0.0,0.0,0.0,0.0,2,3500,0,0,0,0,1,0

APPTR,R09-Y,09,JADOP
IF,JADOP,39.046675,-84.971994, ,0.0,0.0,0,0,0,0,0,0,1,0
TF,SEMSE,39.046617,-84.869733,0, ,0.0,0.0,0.0,0.0,2,3500,0,0,0,0,1,0

FINAL,R09-Y,09,R,4
IF,SEMSE,39.046617,-84.869733, ,0.0,0.0,2,3500,0,0,0,0,0,0
TF,KAVME,39.046547,-84.800208,0, ,0.0,0.0,96.0,3.3,2,2500,0,0,0,0,2,0
TF,TOENE,39.046464,-84.746469,0, ,0.0,0.0,96.0,2.5,2,1700,0,0,0,0,0,0
TF,RW09,39.046361,-84.695097,0, ,0.0,0.0,96.0,2.4,1,935,0,0,0,0,3,1
CA,0,96.0,2,1083,0,0,0,0,0,0
DF,BLOCK,39.045647,-84.469961,0, ,0.0,0.0,0,0,0,0,0,0,0,0
TF,CALIF,38.933881,-84.310631,0, ,0.0,0.0,0.0,0.0,2,3000,0,0,0,0,0,1
HM,CALIF,38.933881,-84.310631,2, ,0.0,0.0,291.0,04,0,0,0,0,0,0,0,0,0

APPTR,R09-Z,09,ACHOO
IF,ACHOO,39.188811,-85.072164, ,0.0,0.0,1,8000,0,0,0,0,1,0
TF,SEMSE,39.046617,-84.869733,0, ,0.0,0.0,0.0,0.0,2,3500,0,0,0,0,1,0
TF,KAVME,39.046547,-84.800208,0, ,0.0,0.0,0.0,0.0,2,2500,0,0,0,0,0,0

APPTR,R09-Z,09,BABGE
IF,BABGE,39.155672,-85.134092, ,0.0,0.0,1,8000,0,0,0,0,1,0
TF,SEMSE,39.046617,-84.869733,0, ,0.0,0.0,0.0,0.0,2,3500,0,0,0,0,1,0
TF,KAVME,39.046547,-84.800208,0, ,0.0,0.0,0.0,0.0,2,2500,0,0,0,0,0,0

APPTR,R09-Z,09,CALFS
IF,CALFS,38.904531,-85.101064, ,0.0,0.0,1,8000,0,0,0,0,1,0
TF,SEMSE,39.046617,-84.869733,0, ,0.0,0.0,0.0,0.0,2,3500,0,0,0,0,1,0
TF,KAVME,39.046547,-84.800208,0, ,0.0,0.0,0.0,0.0,2,2500,0,0,0,0,0,0

APPTR,R09-Z,09,FLOTT
IF,FLOTT,38.959683,-84.733331, ,0.0,0.0,1,6000,0,1,210,0,1,0
TF,GEHDI,38.959811,-84.800422,0, ,0.0,0.0,0.0,0.0,2,5000,0,0,0,0,0,0
RF,KAVME,39.046547,-84.800208,2,CFFZH,37.1,2.6,2,2500,0,0,0,0,0,0

APPTR,R09-Z,09,IDULE
IF,IDULE,39.132553,-84.732100, ,0.0,0.0,1,6000,0,1,210,0,1,0
TF,HAPON,39.133303,-84.799331,0, ,0.0,0.0,0.0,0.0,2,5000,0,0,0,0,0,0
RF,KAVME,39.046547,-84.800208,1,CFFZF,275.6,2.6,2,2500,0,0,0,0,0,0

APPTR,R09-Z,09,JADOP
IF,JADOP,39.046675,-84.971994, ,0.0,0.0,0,0,0,0,0,0,1,0
TF,SEMSE,39.046617,-84.869733,0, ,0.0,0.0,0.0,0.0,2,3500,0,0,0,0,1,0
TF,KAVME,39.046547,-84.800208,0, ,0.0,0.0,0.0,0.0,2,2500,0,0,0,0,0,0

FINAL,R09-Z,09,R,2
IF,KAVME,39.046547,-84.800208, ,0.0,0.0,2,2500,0,0,0,0,2,0
TF,RW09,39.046361,-84.695097,0, ,0.0,0.0,96.0,4.9,1,935,0,0,0,0,3,1
CA,0,96.0,2,1205,0,0,0,0,0,0
DF,BLOCK,39.045647,-84.469961,0, ,0.0,0.0,0,0,0,0,0,0,0,0
TF,CALIF,38.933881,-84.310631,0, ,0.0,0.0,0.0,0.0,2,3000,0,0,0,0,0,1
HM,CALIF,38.933881,-84.310631,2, ,0.0,0.0,291.0,04,0,0,0,0,0,0,0,0,0

APPTR,R18CY,18C,BYRAN
IF,BYRAN,39.322289,-84.919322, ,0.0,0.0,1,8000,0,0,0,0,1,0
TF,SERBE,39.264022,-84.764428,0, ,0.0,0.0,0.0,0.0,2,4700,0,0,0,0,0,0
TF,KLEPR,39.227572,-84.667944,0, ,0.0,0.0,0.0,0.0,2,4000,0,0,0,0,1,0

APPTR,R18CY,18C,CRSLY
IF,CRSLY,39.330961,-84.424322, ,0.0,0.0,1,8000,0,0,0,0,1,0
TF,WIMEV,39.267606,-84.573839,0, ,0.0,0.0,0.0,0.0,2,4700,0,0,0,0,0,0
TF,KLEPR,39.227572,-84.667944,0, ,0.0,0.0,0.0,0.0,2,4000,0,0,0,0,1,0

APPTR,R18CY,18C,JUPAL
IF,JUPAL,39.441069,-84.667086, ,0.0,0.0,1,8000,0,1,210,0,1,0
TF,LAMAH,39.387689,-84.667342,0, ,0.0,0.0,0.0,0.0,2,7000,0,0,0,0,0,0
TF,ANTRI,39.334311,-84.667597,0, ,0.0,0.0,0.0,0.0,2,6000,0,0,0,0,0,0
TF,DULEY,39.280953,-84.667725,0, ,0.0,0.0,0.0,0.0,2,5000,0,0,0,0,0,0
TF,KLEPR,39.227572,-84.667944,0, ,0.0,0.0,0.0,0.0,2,4000,0,0,0,0,1,0

APPTR,R18CY,18C,LEWIN
IF,LEWIN,39.095517,-84.795339, ,0.0,0.0,1,6000,0,1,210,0,1,0
TF,USUVE,39.227817,-84.794744,0, ,0.0,0.0,0.0,0.0,2,4500,0,0,0,0,0,0
TF,KLEPR,39.227572,-84.667944,0, ,0.0,0.0,0.0,0.0,2,4000,0,0,0,0,1,0

APPTR,R18CY,18C,NXHAL
IF,NXHAL,39.046086,-84.534511, ,0.0,0.0,1,6000,0,1,210,0,1,0
TF,DOSKE,39.227183,-84.533578,0, ,0.0,0.0,0.0,0.0,2,4500,0,0,0,0,0,0
TF,KLEPR,39.227572,-84.667944,0, ,0.0,0.0,0.0,0.0,2,4000,0,0,0,0,1,0

FINAL,R18CY,18C,R,4
IF,KLEPR,39.227572,-84.667944, ,0.0,0.0,2,4000,0,0,0,0,0,0
TF,WUTVU,39.147000,-84.668278,0, ,0.0,0.0,186.0,4.8,2,2500,0,0,0,0,2,0
TF,FIMAN,39.098436,-84.668483,0, ,0.0,0.0,186.0,2.9,2,1560,0,0,0,0,0,0
TF,RW18C,39.064742,-84.668617,0, ,0.0,0.0,186.0,2.0,1,930,0,0,0,0,3,1
CA,0,186.0,2,1300,0,0,0,0,0,0
DF,ZIRKE,38.767467,-84.648061,0, ,0.0,0.0,2,3000,0,0,0,0,0,1
HM,ZIRKE,38.767467,-84.648061,2, ,0.0,0.0,176.0,04,0,0,0,0,0,0,0,0,0

APPTR,R18CZ,18C,BYRAN
IF,BYRAN,39.322289,-84.919322, ,0.0,0.0,1,8000,0,0,0,0,1,0
TF,KLEPR,39.227572,-84.667944,0, ,0.0,0.0,0.0,0.0,2,4000,0,0,0,0,1,0
TF,WUTVU,39.147000,-84.668278,0, ,0.0,0.0,0.0,0.0,2,2500,0,0,0,0,0,0

APPTR,R18CZ,18C,CRSLY
IF,CRSLY,39.330961,-84.424322, ,0.0,0.0,1,8000,0,0,0,0,1,0
TF,KLEPR,39.227572,-84.667944,0, ,0.0,0.0,0.0,0.0,2,4000,0,0,0,0,1,0
TF,WUTVU,39.147000,-84.668278,0, ,0.0,0.0,0.0,0.0,2,2500,0,0,0,0,0,0

APPTR,R18CZ,18C,JUPAL
IF,JUPAL,39.441069,-84.667086, ,0.0,0.0,2,8000,0,1,210,0,1,0
TF,LAMAH,39.387689,-84.667342,0, ,0.0,0.0,0.0,0.0,2,7000,0,0,0,0,0,0
TF,ANTRI,39.334311,-84.667597,0, ,0.0,0.0,0.0,0.0,2,6000,0,0,0,0,0,0
TF,DULEY,39.280953,-84.667725,0, ,0.0,0.0,0.0,0.0,2,5000,0,0,0,0,0,0
TF,KLEPR,39.227572,-84.667944,0, ,0.0,0.0,0.0,0.0,2,4000,0,0,0,0,1,0
TF,WUTVU,39.147000,-84.668278,0, ,0.0,0.0,0.0,0.0,2,2500,0,0,0,0,0,0

APPTR,R18CZ,18C,LEWIN
IF,LEWIN,39.095517,-84.795339, ,0.0,0.0,1,6000,0,1,210,0,1,0
TF,JEKEL,39.147331,-84.795106,0, ,0.0,0.0,0.0,0.0,2,5400,0,0,0,0,0,0
RF,WUTVU,39.147000,-84.668278,2,CFLWT,139.7,3.0,2,2500,0,0,0,0,0,0

APPTR,R18CZ,18C,NXHAL
IF,NXHAL,39.046086,-84.534511, ,0.0,0.0,1,6000,0,1,210,0,1,0
TF,LTYER,39.137147,-84.534042,0, ,0.0,0.0,0.0,0.0,2,5300,0,0,0,0,0,0
RF,MOUSY,39.181039,-84.589986,1,CFMHS,275.7,2.6,2,4000,0,0,0,0,0,0
TF,KETLE,39.181133,-84.624147,0, ,0.0,0.0,0.0,0.0,2,3500,0,0,0,0,0,0
RF,WUTVU,39.147000,-84.668278,1,CFTRD,365.5,2.1,2,2500,0,0,0,0,0,0

FINAL,R18CZ,18C,R,2
IF,WUTVU,39.147000,-84.668278, ,0.0,0.0,2,2500,0,0,0,0,2,0
TF,RW18C,39.064742,-84.668617,0, ,0.0,0.0,186.0,4.9,1,930,0,0,0,0,3,1
CA,0,186.0,2,1190,0,0,0,0,0,0
DF,JITEV,38.950367,-84.669089,0, ,0.0,0.0,0,0,0,0,0,0,0,0
TF,ZIRKE,38.767467,-84.648061,0, ,0.0,0.0,0.0,0.0,2,3000,0,0,0,0,0,1
HM,ZIRKE,38.767467,-84.648061,2, ,0.0,0.0,176.0,04,0,0,0,0,0,0,0,0,0

APPTR,R18LY,18L,BYRAN
IF,BYRAN,39.322289,-84.919322, ,0.0,0.0,1,8000,0,0,0,0,1,0
TF,PIRSE,39.254178,-84.742008,0, ,0.0,0.0,0.0,0.0,2,4700,0,0,0,0,0,0
TF,BAIRE,39.217239,-84.645908,0, ,0.0,0.0,0.0,0.0,2,4000,0,1,210,0,1,0

APPTR,R18LY,18L,CRSLY
IF,CRSLY,39.330961,-84.424322, ,0.0,0.0,1,8000,0,0,0,0,1,0
TF,NODGE,39.263250,-84.556444,0, ,0.0,0.0,0.0,0.0,2,4700,0,0,0,0,0,0
TF,BAIRE,39.217239,-84.645908,0, ,0.0,0.0,0.0,0.0,2,4000,0,1,210,0,1,0

APPTR,R18LY,18L,LEWIN
IF,LEWIN,39.095517,-84.795339, ,0.0,0.0,1,6000,0,1,210,0,1,0
TF,PEPCO,39.217569,-84.795022,0, ,0.0,0.0,0.0,0.0,2,4500,0,0,0,0,0,0
TF,BAIRE,39.217239,-84.645908,0, ,0.0,0.0,0.0,0.0,2,4000,0,1,210,0,1,0

APPTR,R18LY,18L,NXHAL
IF,NXHAL,39.046086,-84.534511, ,0.0,0.0,1,6000,0,1,210,0,1,0
TF,NEDDS,39.216861,-84.533625,0, ,0.0,0.0,0.0,0.0,2,4500,0,0,0,0,0,0
TF,BAIRE,39.217239,-84.645908,0, ,0.0,0.0,0.0,0.0,2,4000,0,1,210,0,1,0

APPTR,R18LY,18L,SPUDR
IF,SPUDR,39.384553,-84.642617, ,0.0,0.0,2,7000,0,0,0,0,1,0
TF,PHILO,39.324003,-84.643503,0, ,0.0,0.0,0.0,0.0,2,6000,0,0,0,0,0,0
TF,CRISM,39.270825,-84.644367,0, ,0.0,0.0,0.0,0.0,2,5000,0,0,0,0,0,0
TF,BAIRE,39.217239,-84.645908,0, ,0.0,0.0,0.0,0.0,2,4000,0,1,210,0,1,0

FINAL,R18LY,18L,R,3
IF,BAIRE,39.217239,-84.645908, ,0.0,0.0,2,4000,0,1,210,0,0,0
TF,FRAZE,39.137500,-84.646283,0, ,0.0,0.0,186.0,4.8,2,2500,0,0,0,0,2,0
TF,RW18L,39.055856,-84.646667,0, ,0.0,0.0,186.0,4.9,1,941,0,0,0,0,3,1
CA,0,186.0,2,1089,0,0,0,0,0,0
DF,LAPER,38.867908,-84.647547,0, ,0.0,0.0,0,0,0,0,0,0,0,0
TF,FLM,38.649442,-84.310603,0, ,0.0,0.0,0.0,0.0,2,3000,0,0,0,0,0,1
HM,FLM,38.649442,-84.310603,1, ,0.0,0.0,317.0,04,0,0,0,0,0,0,0,0,0

APPTR,R18LZ,18L,BYRAN
IF,BYRAN,39.322289,-84.919322, ,0.0,0.0,1,8000,0,0,0,0,1,0
TF,BAIRE,39.217239,-84.645908,0, ,0.0,0.0,0.0,0.0,2,4000,0,0,0,0,1,0
TF,FRAZE,39.137500,-84.646283,0, ,0.0,0.0,0.0,0.0,2,2500,0,0,0,0,0,0

APPTR,R18LZ,18L,CRSLY
IF,CRSLY,39.330961,-84.424322, ,0.0,0.0,1,8000,0,0,0,0,1,0
TF,BAIRE,39.217239,-84.645908,0, ,0.0,0.0,0.0,0.0,2,4000,0,0,0,0,1,0
TF,FRAZE,39.137500,-84.646283,0, ,0.0,0.0,0.0,0.0,2,2500,0,0,0,0,0,0

APPTR,R18LZ,18L,LEWIN
IF,LEWIN,39.095517,-84.795339, ,0.0,0.0,1,6000,0,1,210,0,1,0
TF,OCONO,39.148019,-84.795703,0, ,0.0,0.0,0.0,0.0,2,5000,0,0,0,0,0,0
RF,POKKS,39.191950,-84.739369,2,CFRWR,95.7,2.6,2,4400,0,0,0,0,0,0
TF,QUELL,39.191883,-84.715625,0, ,0.0,0.0,0.0,0.0,2,4100,0,0,0,0,0,0
RF,FRAZE,39.137500,-84.646283,2,CFPCP,142.0,3.3,2,2500,0,0,0,0,0,0

APPTR,R18LZ,18L,NXHAL
IF,NXHAL,39.046086,-84.534511, ,0.0,0.0,1,6000,0,1,210,0,1,0
TF,NABRS,39.137169,-84.534039,0, ,0.0,0.0,0.0,0.0,2,5100,0,0,0,0,0,0
RF,FRAZE,39.137500,-84.646283,1,CFMGM,6.2,2.6,2,2500,0,0,0,0,0,0

APPTR,R18LZ,18L,SPUDR
IF,SPUDR,39.384553,-84.642617, ,0.0,0.0,2,7000,0,0,0,0,1,0
TF,PHILO,39.324003,-84.643503,0, ,0.0,0.0,0.0,0.0,2,6000,0,0,0,0,0,0
TF,CRISM,39.270825,-84.644367,0, ,0.0,0.0,0.0,0.0,2,5000,0,0,0,0,0,0
TF,BAIRE,39.217239,-84.645908,0, ,0.0,0.0,0.0,0.0,2,4000,0,0,0,0,1,0
TF,FRAZE,39.137500,-84.646283,0, ,0.0,0.0,0.0,0.0,2,2500,0,0,0,0,0,0

FINAL,R18LZ,18L,R,2
IF,FRAZE,39.137500,-84.646283, ,0.0,0.0,2,2500,0,0,0,0,2,0
TF,RW18L,39.055856,-84.646667,0, ,0.0,0.0,186.0,4.9,1,941,0,0,0,0,3,1
CA,0,186.0,2,1240,0,0,0,0,0,0
DF,LAPER,38.867908,-84.647547,0, ,0.0,0.0,0,0,0,0,0,0,0,0
TF,FLM,38.649442,-84.310603,0, ,0.0,0.0,0.0,0.0,2,3000,0,0,0,0,0,1
HM,FLM,38.649442,-84.310603,1, ,0.0,0.0,317.0,04,0,0,0,0,0,0,0,0,0

APPTR,R18RY,18R,BYRAN
IF,BYRAN,39.322289,-84.919322, ,0.0,0.0,1,8000,0,0,0,0,1,0
TF,BOTHS,39.272447,-84.780439,0, ,0.0,0.0,0.0,0.0,2,4700,0,0,0,0,0,0
TF,OPHUS,39.237375,-84.683103,0, ,0.0,0.0,0.0,0.0,2,4000,0,1,210,0,1,0

APPTR,R18RY,18R,CRSLY
IF,CRSLY,39.330961,-84.424322, ,0.0,0.0,1,8000,0,0,0,0,1,0
TF,KONEC,39.272633,-84.585878,0, ,0.0,0.0,0.0,0.0,2,4700,0,0,0,0,0,0
TF,OPHUS,39.237375,-84.683103,0, ,0.0,0.0,0.0,0.0,2,4000,0,1,210,0,1,0

APPTR,R18RY,18R,FIBMO
IF,FIBMO,39.236933,-84.533528, ,0.0,0.0,0,0,0,1,210,0,1,0
TF,OPHUS,39.237375,-84.683103,0, ,0.0,0.0,0.0,0.0,2,4000,0,1,210,0,1,0

APPTR,R18RY,18R,GOSEC
IF,GOSEC,39.237572,-84.794992, ,0.0,0.0,0,0,0,1,210,0,1,0
TF,OPHUS,39.237375,-84.683103,0, ,0.0,0.0,0.0,0.0,2,4000,0,1,210,0,1,0

APPTR,R18RY,18R,LEWIN
IF,LEWIN,39.095517,-84.795339, ,0.0,0.0,1,6000,0,1,210,0,1,0
TF,GOSEC,39.237572,-84.794992,0, ,0.0,0.0,0.0,0.0,2,4500,0,1,210,0,0,0
TF,OPHUS,39.237375,-84.683103,0, ,0.0,0.0,0.0,0.0,2,4000,0,1,210,0,1,0

APPTR,R18RY,18R,NXHAL
IF,NXHAL,39.046086,-84.534511, ,0.0,0.0,1,6000,0,1,210,0,1,0
TF,FIBMO,39.236933,-84.533528,0, ,0.0,0.0,0.0,0.0,2,4500,0,1,210,0,0,0
TF,OPHUS,39.237375,-84.683103,0, ,0.0,0.0,0.0,0.0,2,4000,0,1,210,0,1,0

APPTR,R18RY,18R,WALBY
IF,WALBY,39.394078,-84.682506, ,0.0,0.0,2,7000,0,1,210,0,1,0
TF,VEWIR,39.340697,-84.682708,0, ,0.0,0.0,0.0,0.0,2,6000,0,0,0,0,0,0
TF,DRAEK,39.287317,-84.682914,0, ,0.0,0.0,0.0,0.0,2,5000,0,0,0,0,0,0
TF,OPHUS,39.237375,-84.683103,0, ,0.0,0.0,0.0,0.0,2,4000,0,1,210,0,1,0

FINAL,R18RY,18R,R,3
IF,OPHUS,39.237375,-84.683103, ,0.0,0.0,2,4000,0,1,210,0,0,0
TF,KRTHY,39.153500,-84.683422,0, ,0.0,0.0,186.0,5.0,2,2500,0,0,0,0,2,0
TF,RW18R,39.070881,-84.683739,0, ,0.0,0.0,186.0,5.0,1,923,0,0,0,0,3,1
CA,0,186.0,2,1068,0,0,0,0,0,0
DF,BEPEE,38.885669,-84.684444,0, ,0.0,0.0,0,0,0,0,0,0,0,0
TF,AVIEW,38.848283,-85.072786,0, ,0.0,0.0,0.0,0.0,2,3000,0,0,0,0,0,1
HM,AVIEW,38.848283,-85.072786,2, ,0.0,0.0,246.0,04,0,0,0,0,0,0,0,0,0

APPTR,R18RZ,18R,BYRAN
IF,BYRAN,39.322289,-84.919322, ,0.0,0.0,1,8000,0,0,0,0,1,0
TF,OPHUS,39.237375,-84.683103,0, ,0.0,0.0,0.0,0.0,2,4000,0,0,0,0,1,0
TF,BRITL,39.181492,-84.683317,0, ,0.0,0.0,0.0,0.0,2,3000,0,0,0,0,0,0
TF,KRTHY,39.153500,-84.683422,0, ,0.0,0.0,0.0,0.0,2,2500,0,0,0,0,0,0

APPTR,R18RZ,18R,CRSLY
IF,CRSLY,39.330961,-84.424322, ,0.0,0.0,1,8000,0,0,0,0,1,0
TF,OPHUS,39.237375,-84.683103,0, ,0.0,0.0,0.0,0.0,2,4000,0,0,0,0,1,0
TF,BRITL,39.181492,-84.683317,0, ,0.0,0.0,0.0,0.0,2,3000,0,0,0,0,0,0
TF,KRTHY,39.153500,-84.683422,0, ,0.0,0.0,0.0,0.0,2,2500,0,0,0,0,0,0

APPTR,R18RZ,18R,LEWIN
IF,LEWIN,39.095517,-84.795339, ,0.0,0.0,1,6000,0,1,210,0,1,0
TF,RANGL,39.153394,-84.795742,0, ,0.0,0.0,0.0,0.0,2,5000,0,0,0,0,0,0
RF,KRTHY,39.153500,-84.683422,2,CFNSN,138.4,2.6,2,2500,0,0,0,0,0,0

APPTR,R18RZ,18R,NXHAL
IF,NXHAL,39.046086,-84.534511, ,0.0,0.0,1,6000,0,1,210,0,1,0
TF,TARZI,39.142481,-84.534014,0, ,0.0,0.0,0.0,0.0,2,5500,0,0,0,0,0,0
RF,SONNS,39.186342,-84.589814,1,CFSBS,275.9,2.6,2,4200,0,0,0,0,0,0
TF,UHUGO,39.186556,-84.640617,0, ,0.0,0.0,0.0,0.0,2,3400,0,1,200,0,0,0
RF,KRTHY,39.153500,-84.683422,1,CFTXT,5.7,2.0,2,2500,0,0,0,0,0,0

APPTR,R18RZ,18R,WALBY
IF,WALBY,39.394078,-84.682506, ,0.0,0.0,2,7000,0,1,210,0,1,0
TF,VEWIR,39.340697,-84.682708,0, ,0.0,0.0,0.0,0.0,2,6000,0,0,0,0,0,0
TF,DRAEK,39.287317,-84.682914,0, ,0.0,0.0,0.0,0.0,2,5000,0,0,0,0,0,0
TF,OPHUS,39.237375,-84.683103,0, ,0.0,0.0,0.0,0.0,2,4000,0,0,0,0,1,0
TF,BRITL,39.181492,-84.683317,0, ,0.0,0.0,0.0,0.0,2,3000,0,0,0,0,0,0
TF,KRTHY,39.153500,-84.683422,0, ,0.0,0.0,0.0,0.0,2,2500,0,0,0,0,0,0

FINAL,R18RZ,18R,R,2
IF,KRTHY,39.153500,-84.683422, ,0.0,0.0,2,2500,0,0,0,0,2,0
TF,RW18R,39.070881,-84.683739,0, ,0.0,0.0,186.0,5.0,1,923,0,0,0,0,3,1
CA,0,186.0,2,1238,0,0,0,0,0,0
DF,BEPEE,38.885669,-84.684444,0, ,0.0,0.0,0,0,0,0,0,0,0,0
TF,AVIEW,38.848283,-85.072786,0, ,0.0,0.0,0.0,0.0,2,3000,0,0,0,0,0,1
HM,AVIEW,38.848283,-85.072786,2, ,0.0,0.0,246.0,04,0,0,0,0,0,0,0,0,0

APPTR,R27-Y,27,BREWZ
IF,BREWZ,38.871344,-84.291744, ,0.0,0.0,1,8000,0,0,0,0,1,0
TF,HATON,38.980492,-84.403208,0, ,0.0,0.0,0.0,0.0,2,4200,0,0,0,0,0,0
TF,BLOCK,39.045647,-84.469961,0, ,0.0,0.0,0.0,0.0,2,3500,0,1,210,0,1,0

APPTR,R27-Y,27,FIBSU
IF,FIBSU,38.959500,-84.625031, ,0.0,0.0,1,6000,0,1,210,0,1,0
TF,ZEPLN,38.959036,-84.470550,0, ,0.0,0.0,0.0,0.0,2,4500,0,1,210,0,0,0
TF,BLOCK,39.045647,-84.469961,0, ,0.0,0.0,0.0,0.0,2,3500,0,1,210,0,1,0

APPTR,R27-Y,27,KAYDE
IF,KAYDE,39.044969,-84.327275, ,0.0,0.0,2,5000,0,1,210,0,1,0
TF,CIPVO,39.045339,-84.400222,0, ,0.0,0.0,0.0,0.0,2,4000,0,0,0,0,0,0
TF,BLOCK,39.045647,-84.469961,0, ,0.0,0.0,0.0,0.0,2,3500,0,1,210,0,1,0

APPTR,R27-Y,27,YEYUP
IF,YEYUP,39.222347,-84.282714, ,0.0,0.0,1,8000,0,0,0,0,1,0
TF,NEWVY,39.110014,-84.401900,0, ,0.0,0.0,0.0,0.0,2,4200,0,0,0,0,0,0
TF,BLOCK,39.045647,-84.469961,0, ,0.0,0.0,0.0,0.0,2,3500,0,1,210,0,1,0

APPTR,R27-Y,27,ZALED
IF,ZALED,39.132761,-84.623581, ,0.0,0.0,1,6000,0,1,210,0,1,0
TF,JOSLI,39.132219,-84.469372,0, ,0.0,0.0,0.0,0.0,2,4500,0,1,210,0,0,0
TF,BLOCK,39.045647,-84.469961,0, ,0.0,0.0,0.0,0.0,2,3500,0,1,210,0,1,0

FINAL,R27-Y,27,R,3
IF,BLOCK,39.045647,-84.469961, ,0.0,0.0,2,3500,0,1,210,0,0,0
TF,SOAND,39.045942,-84.547406,0, ,0.0,0.0,276.0,3.6,2,2500,0,0,0,0,2,0
TF,RW27,39.046261,-84.652844,0, ,0.0,0.0,276.0,4.9,1,930,0,0,0,0,3,1
CA,0,276.0,2,1075,0,0,0,0,0,0
DF,SEMSE,39.046617,-84.869733,0, ,0.0,0.0,0,0,0,0,0,0,0,0
TF,AVIEW,38.848283,-85.072786,0, ,0.0,0.0,0.0,0.0,2,3000,0,0,0,0,0,1
HM,AVIEW,38.848283,-85.072786,2, ,0.0,0.0,246.0,04,0,0,0,0,0,0,0,0,0

APPTR,R27-Z,27,BREWZ
IF,BREWZ,38.871344,-84.291744, ,0.0,0.0,1,8000,0,0,0,0,1,0
TF,BLOCK,39.045647,-84.469961,0, ,0.0,0.0,0.0,0.0,2,3500,0,1,210,0,1,0
TF,SOAND,39.045942,-84.547406,0, ,0.0,0.0,0.0,0.0,2,2500,0,0,0,0,0,0

APPTR,R27-Z,27,FIBSU
IF,FIBSU,38.959500,-84.625031, ,0.0,0.0,1,6000,0,1,210,0,1,0
TF,EMUNE,38.959194,-84.547958,0, ,0.0,0.0,0.0,0.0,2,5000,0,0,0,0,0,0
RF,DRATE,39.012842,-84.493644,1,CFTRB,313.9,2.6,2,3500,0,0,0,0,0,0
RF,SOAND,39.045942,-84.547406,1,CFTRB,95.8,2.6,2,2500,0,0,0,0,0,0

APPTR,R27-Z,27,KAYDE
IF,KAYDE,39.044969,-84.327275, ,0.0,0.0,0,0,0,1,210,0,1,0
TF,CIPVO,39.045339,-84.400222,0, ,0.0,0.0,0.0,0.0,2,4000,0,0,0,0,0,0
TF,BLOCK,39.045647,-84.469961,0, ,0.0,0.0,0.0,0.0,2,3500,0,1,210,0,1,0
TF,SOAND,39.045942,-84.547406,0, ,0.0,0.0,0.0,0.0,2,2500,0,0,0,0,0,0

APPTR,R27-Z,27,YEYUP
IF,YEYUP,39.222347,-84.282714, ,0.0,0.0,1,8000,0,0,0,0,1,0
TF,BLOCK,39.045647,-84.469961,0, ,0.0,0.0,0.0,0.0,2,3500,0,1,210,0,1,0
TF,SOAND,39.045942,-84.547406,0, ,0.0,0.0,0.0,0.0,2,2500,0,0,0,0,0,0

APPTR,R27-Z,27,ZALED
IF,ZALED,39.132761,-84.623581, ,0.0,0.0,1,6000,0,1,210,0,1,0
TF,ANSIN,39.132689,-84.547067,0, ,0.0,0.0,0.0,0.0,2,5100,0,0,0,0,0,0
RF,CARPI,39.078642,-84.493219,2,CFFWJ,237.7,2.6,2,3500,0,0,0,0,0,0
RF,SOAND,39.045942,-84.547406,2,CFFWJ,365.5,2.6,2,2500,0,0,0,0,0,0

FINAL,R27-Z,27,R,2
IF,SOAND,39.045942,-84.547406, ,0.0,0.0,2,2500,0,0,0,0,2,0
TF,RW27,39.046261,-84.652844,0, ,0.0,0.0,276.0,4.9,1,930,0,0,0,0,3,1
CA,0,276.0,2,1244,0,0,0,0,0,0
DF,SEMSE,39.046617,-84.869733,0, ,0.0,0.0,0,0,0,0,0,0,0,0
TF,AVIEW,38.848283,-85.072786,0, ,0.0,0.0,0.0,0.0,2,3000,0,0,0,0,0,1
HM,AVIEW,38.848283,-85.072786,2, ,0.0,0.0,246.0,04,0,0,0,0,0,0,0,0,0

APPTR,R36CY,36C,ALLIE
IF,ALLIE,38.659386,-84.670175, ,0.0,0.0,2,7000,0,1,210,0,1,0
TF,CRITR,38.712772,-84.669975,0, ,0.0,0.0,0.0,0.0,2,6000,0,0,0,0,0,0
TF,PUPPT,38.766158,-84.669775,0, ,0.0,0.0,0.0,0.0,2,5000,0,0,0,0,0,0
TF,UMPTA,38.815578,-84.669619,0, ,0.0,0.0,0.0,0.0,2,4000,0,0,0,0,0,0
TF,CIMRU,38.872633,-84.669458,0, ,0.0,0.0,0.0,0.0,2,3000,0,1,210,0,1,0

APPTR,R36CY,36C,BRCAT
IF,BRCAT,39.030914,-84.794850, ,0.0,0.0,1,6000,0,1,210,0,1,0
TF,LEKLE,38.872922,-84.795308,0, ,0.0,0.0,0.0,0.0,2,4500,0,1,210,0,0,0
TF,CIMRU,38.872633,-84.669458,0, ,0.0,0.0,0.0,0.0,2,3000,0,1,210,0,1,0

APPTR,R36CY,36C,DAWGY
IF,DAWGY,38.722997,-84.406803, ,0.0,0.0,1,8000,0,0,0,0,1,0
TF,SWINK,38.823606,-84.583161,0, ,0.0,0.0,0.0,0.0,2,3600,0,0,0,0,0,0
TF,CIMRU,38.872633,-84.669458,0, ,0.0,0.0,0.0,0.0,2,3000,0,1,210,0,1,0

APPTR,R36CY,36C,FECTA
IF,FECTA,38.795022,-84.985297, ,0.0,0.0,1,8000,0,0,0,0,1,0
TF,FOBEX,38.847725,-84.771278,0, ,0.0,0.0,0.0,0.0,2,3600,0,0,0,0,0,0
TF,CIMRU,38.872633,-84.669458,0, ,0.0,0.0,0.0,0.0,2,3000,0,1,210,0,1,0

APPTR,R36CY,36C,RUPPP
IF,RUPPP,39.004592,-84.534806, ,0.0,0.0,1,6000,0,1,210,0,1,0
TF,GRAPT,38.872169,-84.535781,0, ,0.0,0.0,0.0,0.0,2,4500,0,1,210,0,0,0
TF,CIMRU,38.872633,-84.669458,0, ,0.0,0.0,0.0,0.0,2,3000,0,1,210,0,1,0

APPTR,R36CY,36C,SPOOD
IF,SPOOD,38.650250,-84.529861, ,0.0,0.0,1,8000,0,0,0,0,1,0
TF,KURGE,38.797792,-84.622369,0, ,0.0,0.0,0.0,0.0,2,3600,0,0,0,0,0,0
TF,CIMRU,38.872633,-84.669458,0, ,0.0,0.0,0.0,0.0,2,3000,0,1,210,0,1,0

FINAL,R36CY,36C,R,4
IF,CIMRU,38.872633,-84.669458, ,0.0,0.0,2,3000,0,1,210,0,0,0
TF,JITEV,38.950367,-84.669089,0, ,0.0,0.0,6.0,4.7,2,2500,0,0,0,0,2,0
TF,TABBO,39.010083,-84.668842,0, ,0.0,0.0,6.0,3.6,2,1360,0,0,0,0,0,0
TF,RW36C,39.034544,-84.668742,0, ,0.0,0.0,6.0,1.5,1,893,0,0,0,0,3,1
CA,0,6.0,2,1050,0,0,0,0,0,0
DF,LOGOZ,39.140800,-84.668311,0, ,0.0,0.0,0,0,0,0,0,0,0,0
TF,NEATS,39.314603,-84.662942,0, ,0.0,0.0,0.0,0.0,2,3000,0,0,0,0,0,1
HM,NEATS,39.314603,-84.662942,2, ,0.0,0.0,12.0,04,0,0,0,0,0,0,0,0,0

APPTR,R36CZ,36C,ALLIE
IF,ALLIE,38.659386,-84.670175, ,0.0,0.0,2,7000,0,1,210,0,1,0
TF,CRITR,38.712772,-84.669975,0, ,0.0,0.0,0.0,0.0,2,6000,0,0,0,0,0,0
TF,PUPPT,38.766158,-84.669775,0, ,0.0,0.0,0.0,0.0,2,5000,0,0,0,0,0,0
TF,UMPTA,38.815578,-84.669619,0, ,0.0,0.0,0.0,0.0,2,4000,0,0,0,0,0,0
TF,CIMRU,38.872633,-84.669458,0, ,0.0,0.0,0.0,0.0,2,3000,0,1,210,0,1,0
TF,JITEV,38.950367,-84.669089,0, ,0.0,0.0,0.0,0.0,2,2500,0,0,0,0,0,0

APPTR,R36CZ,36C,BRCAT
IF,BRCAT,39.030914,-84.794850, ,0.0,0.0,1,6000,0,1,210,0,1,0
TF,GODAR,38.951164,-84.796192,0, ,0.0,0.0,0.0,0.0,2,5000,0,0,0,0,0,0
RF,HOBDA,38.906186,-84.704056,1,CFFWR,36.9,3.0,2,3500,0,1,210,0,0,0
RF,JITEV,38.950367,-84.669089,1,CFFWN,143.3,3.0,2,2500,0,0,0,0,0,0

APPTR,R36CZ,36C,DAWGY
IF,DAWGY,38.722997,-84.406803, ,0.0,0.0,1,8000,0,0,0,0,1,0
TF,MAHNO,38.809208,-84.515231,0, ,0.0,0.0,0.0,0.0,2,6000,0,0,0,0,1,0
TF,IFAYY,38.917358,-84.651806,0, ,0.0,0.0,0.0,0.0,2,3100,0,1,210,0,0,0
RF,JITEV,38.950367,-84.669089,2,CFFWZ,243.2,2.8,2,2500,0,0,0,0,0,0

APPTR,R36CZ,36C,FECTA
IF,FECTA,38.795022,-84.985297, ,0.0,0.0,1,8000,0,0,0,0,1,0
TF,NAPLE,38.847117,-84.853819,0, ,0.0,0.0,0.0,0.0,2,6000,0,0,0,0,1,0
TF,HOBDA,38.906186,-84.704056,0, ,0.0,0.0,0.0,0.0,2,3500,0,1,210,0,0,0
RF,JITEV,38.950367,-84.669089,1,CFFWN,67.8,3.0,2,2500,0,0,0,0,0,0

APPTR,R36CZ,36C,RUPPP
IF,RUPPP,39.004592,-84.534806, ,0.0,0.0,1,6000,0,1,210,0,1,0
TF,LINOL,38.946872,-84.535231,0, ,0.0,0.0,0.0,0.0,2,5000,0,0,0,0,0,0
RF,KEGSE,38.903394,-84.591450,2,CFFXH,275.5,2.6,2,4000,0,0,0,0,0,0
TF,JOLER,38.903447,-84.609383,0, ,0.0,0.0,0.0,0.0,2,3900,0,0,0,0,0,0
RF,IFAYY,38.917358,-84.651806,2,CFFXG,343.2,2.8,2,3100,0,1,210,0,0,0
RF,JITEV,38.950367,-84.669089,2,CFFWZ,165.4,2.8,2,2500,0,0,0,0,0,0

APPTR,R36CZ,36C,SPOOD
IF,SPOOD,38.650250,-84.529861, ,0.0,0.0,1,8000,0,0,0,0,1,0
TF,KURGE,38.797792,-84.622369,0, ,0.0,0.0,0.0,0.0,2,3600,0,0,0,0,0,0
TF,CIMRU,38.872633,-84.669458,0, ,0.0,0.0,0.0,0.0,2,3000,0,1,210,0,1,0
TF,JITEV,38.950367,-84.669089,0, ,0.0,0.0,0.0,0.0,2,2500,0,0,0,0,0,0

FINAL,R36CZ,36C,R,2
IF,JITEV,38.950367,-84.669089, ,0.0,0.0,2,2500,0,0,0,0,2,0
TF,RW36C,39.034544,-84.668742,0, ,0.0,0.0,6.0,5.1,1,893,0,0,0,0,3,1
CA,0,6.0,2,1296,0,0,0,0,0,0
DF,LOGOZ,39.140800,-84.668311,0, ,0.0,0.0,0,0,0,0,0,0,0,0
TF,NEATS,39.314603,-84.662942,0, ,0.0,0.0,0.0,0.0,2,3000,0,0,0,0,0,1
HM,NEATS,39.314603,-84.662942,2, ,0.0,0.0,12.0,04,0,0,0,0,0,0,0,0,0

APPTR,R36LY,36L,BRCAT
IF,BRCAT,39.030914,-84.794850, ,0.0,0.0,1,6000,0,1,210,0,1,0
TF,EXAMS,38.885864,-84.795175,0, ,0.0,0.0,0.0,0.0,2,4500,0,1,210,0,0,0
TF,BEPEE,38.885669,-84.684444,0, ,0.0,0.0,0.0,0.0,2,4000,0,1,210,0,1,0

APPTR,R36LY,36L,DAWGY
IF,DAWGY,38.722997,-84.406803, ,0.0,0.0,1,8000,0,0,0,0,1,0
TF,STADM,38.845733,-84.616061,0, ,0.0,0.0,0.0,0.0,2,4600,0,0,0,0,0,0
TF,BEPEE,38.885669,-84.684444,0, ,0.0,0.0,0.0,0.0,2,4000,0,1,210,0,1,0

APPTR,R36LY,36L,FECTA
IF,FECTA,38.795022,-84.985297, ,0.0,0.0,1,8000,0,0,0,0,1,0
TF,CHEKO,38.861756,-84.764139,0, ,0.0,0.0,0.0,0.0,2,4600,0,0,0,0,0,0
TF,BEPEE,38.885669,-84.684444,0, ,0.0,0.0,0.0,0.0,2,4000,0,1,210,0,1,0

APPTR,R36LY,36L,RUPPP
IF,RUPPP,39.004592,-84.534806, ,0.0,0.0,1,6000,0,1,210,0,1,0
TF,VUCUN,38.885231,-84.535994,0, ,0.0,0.0,0.0,0.0,2,4500,0,1,210,0,0,0
TF,BEPEE,38.885669,-84.684444,0, ,0.0,0.0,0.0,0.0,2,4000,0,1,210,0,1,0

APPTR,R36LY,36L,SPOOD
IF,SPOOD,38.650250,-84.529861, ,0.0,0.0,1,8000,0,0,0,0,1,0
TF,SHULN,38.826339,-84.645378,0, ,0.0,0.0,0.0,0.0,2,4600,0,0,0,0,0,0
TF,BEPEE,38.885669,-84.684444,0, ,0.0,0.0,0.0,0.0,2,4000,0,1,210,0,1,0

APPTR,R36LY,36L,TMORE
IF,TMORE,38.726550,-84.685042, ,0.0,0.0,2,7000,0,1,210,0,1,0
TF,WALVU,38.779933,-84.684842,0, ,0.0,0.0,0.0,0.0,2,6000,0,0,0,0,0,0
TF,BRTCL,38.833319,-84.684639,0, ,0.0,0.0,0.0,0.0,2,5000,0,0,0,0,0,0
TF,BEPEE,38.885669,-84.684444,0, ,0.0,0.0,0.0,0.0,2,4000,0,1,210,0,1,0

FINAL,R36LY,36L,R,4
IF,BEPEE,38.885669,-84.684444, ,0.0,0.0,2,4000,0,1,210,0,0,0
TF,ROPRR,38.966550,-84.684136,0, ,0.0,0.0,6.0,4.9,2,2500,0,0,0,0,2,0
TF,JIMUR,39.021561,-84.683925,0, ,0.0,0.0,6.0,3.3,2,1440,0,0,0,0,0,0
TF,RW36L,39.048917,-84.683822,0, ,0.0,0.0,6.0,1.6,1,928,0,0,0,0,3,1
CA,0,6.0,2,1073,0,0,0,0,0,0
DF,KRTHY,39.153500,-84.683422,0, ,0.0,0.0,0,0,0,0,0,0,0,0
TF,BATHY,39.396728,-84.922061,0, ,0.0,0.0,0.0,0.0,2,3000,0,0,0,0,0,1
HM,BATHY,39.396728,-84.922061,2, ,0.0,0.0,340.0,04,0,0,0,0,0,0,0,0,0

APPTR,R36LZ,36L,BRCAT
IF,BRCAT,39.030914,-84.794850, ,0.0,0.0,1,6000,0,1,210,0,1,0
TF,OHMAN,38.979019,-84.795750,0, ,0.0,0.0,0.0,0.0,2,5000,0,0,0,0,0,0
RF,PRODD,38.939261,-84.703106,1,CFFXP,33.7,2.8,2,3100,0,1,185,0,0,0
RF,ROPRR,38.966550,-84.684136,1,CFFXJ,143.7,2.0,2,2500,0,0,0,0,0,0

APPTR,R36LZ,36L,DAWGY
IF,DAWGY,38.722997,-84.406803, ,0.0,0.0,1,8000,0,0,0,0,1,0
TF,WAMPU,38.826556,-84.536642,0, ,0.0,0.0,0.0,0.0,2,6000,0,0,0,0,1,0
TF,RCHRD,38.929122,-84.664689,0, ,0.0,0.0,0.0,0.0,2,3200,0,0,0,0,0,0
RF,ROPRR,38.966550,-84.684136,2,CFFXQ,239.2,3.2,2,2500,0,0,0,0,0,0

APPTR,R36LZ,36L,FECTA
IF,FECTA,38.795022,-84.985297, ,0.0,0.0,1,8000,0,0,0,0,1,0
TF,VANDR,38.855258,-84.867161,0, ,0.0,0.0,0.0,0.0,2,6000,0,0,0,0,1,0
TF,PRODD,38.939261,-84.703106,0, ,0.0,0.0,0.0,0.0,2,3100,0,1,185,0,0,0
RF,ROPRR,38.966550,-84.684136,1,CFFXJ,77.1,2.0,2,2500,0,0,0,0,0,0

APPTR,R36LZ,36L,RUPPP
IF,RUPPP,39.004592,-84.534806, ,0.0,0.0,1,6000,0,1,210,0,1,0
TF,TAVOE,38.946233,-84.535433,0, ,0.0,0.0,0.0,0.0,2,5600,0,1,200,0,0,0
RF,SPAIT,38.903417,-84.597108,2,CFFXS,301.4,2.6,2,4300,0,0,0,0,0,0
RF,RCHRD,38.929122,-84.664689,2,CFFXR,343.3,5.2,2,3200,0,0,0,0,0,0
RF,ROPRR,38.966550,-84.684136,2,CFFXQ,164.5,3.2,2,2500,0,0,0,0,0,0

APPTR,R36LZ,36L,SPOOD
IF,SPOOD,38.650250,-84.529861, ,0.0,0.0,1,8000,0,0,0,0,1,0
TF,SHULN,38.826339,-84.645378,0, ,0.0,0.0,0.0,0.0,2,4600,0,0,0,0,0,0
TF,BEPEE,38.885669,-84.684444,0, ,0.0,0.0,0.0,0.0,2,4000,0,1,210,0,1,0
TF,ROPRR,38.966550,-84.684136,0, ,0.0,0.0,0.0,0.0,2,2500,0,0,0,0,0,0

APPTR,R36LZ,36L,TMORE
IF,TMORE,38.726550,-84.685042, ,0.0,0.0,2,7000,0,1,210,0,1,0
TF,WALVU,38.779933,-84.684842,0, ,0.0,0.0,0.0,0.0,2,6000,0,0,0,0,0,0
TF,BRTCL,38.833319,-84.684639,0, ,0.0,0.0,0.0,0.0,2,5000,0,0,0,0,0,0
TF,BEPEE,38.885669,-84.684444,0, ,0.0,0.0,0.0,0.0,2,4000,0,1,210,0,1,0
TF,ROPRR,38.966550,-84.684136,0, ,0.0,0.0,0.0,0.0,2,2500,0,0,0,0,0,0

FINAL,R36LZ,36L,R,2
IF,ROPRR,38.966550,-84.684136, ,0.0,0.0,2,2500,0,0,0,0,2,0
TF,RW36L,39.048917,-84.683822,0, ,0.0,0.0,6.0,4.9,1,928,0,0,0,0,3,1
CA,0,6.0,2,1205,0,0,0,0,0,0
DF,KRTHY,39.153500,-84.683422,0, ,0.0,0.0,0,0,0,0,0,0,0,0
TF,BATHY,39.396728,-84.922061,0, ,0.0,0.0,0.0,0.0,2,3000,0,0,0,0,0,1
HM,BATHY,39.396728,-84.922061,2, ,0.0,0.0,340.0,04,0,0,0,0,0,0,0,0,0

APPTR,R36RY,36R,BRCAT
IF,BRCAT,39.030914,-84.794850, ,0.0,0.0,1,6000,0,1,210,0,1,0
TF,ZAMKU,38.868228,-84.795286,0, ,0.0,0.0,0.0,0.0,2,4500,0,1,210,0,0,0
TF,LAPER,38.867908,-84.647547,0, ,0.0,0.0,0.0,0.0,2,4000,0,1,210,0,1,0

APPTR,R36RY,36R,DAWGY
IF,DAWGY,38.722997,-84.406803, ,0.0,0.0,1,8000,0,0,0,0,1,0
TF,JOBUR,38.827275,-84.579831,0, ,0.0,0.0,0.0,0.0,2,4600,0,0,0,0,0,0
TF,LAPER,38.867908,-84.647547,0, ,0.0,0.0,0.0,0.0,2,4000,0,1,210,0,1,0

APPTR,R36RY,36R,FECTA
IF,FECTA,38.795022,-84.985297, ,0.0,0.0,1,8000,0,0,0,0,1,0
TF,MAGTV,38.850250,-84.729853,0, ,0.0,0.0,0.0,0.0,2,4600,0,0,0,0,0,0
TF,LAPER,38.867908,-84.647547,0, ,0.0,0.0,0.0,0.0,2,4000,0,1,210,0,1,0

APPTR,R36RY,36R,KYKAT
IF,KYKAT,38.707753,-84.648197, ,0.0,0.0,2,7000,0,1,210,0,1,0
TF,SNPPR,38.761139,-84.647997,0, ,0.0,0.0,0.0,0.0,2,6000,0,0,0,0,0,0
TF,NUYLI,38.814525,-84.647797,0, ,0.0,0.0,0.0,0.0,2,5000,0,0,0,0,0,0
TF,LAPER,38.867908,-84.647547,0, ,0.0,0.0,0.0,0.0,2,4000,0,1,210,0,1,0

APPTR,R36RY,36R,RUPPP
IF,RUPPP,39.004592,-84.534806, ,0.0,0.0,1,6000,0,1,210,0,1,0
TF,WUGVO,38.867533,-84.535814,0, ,0.0,0.0,0.0,0.0,2,4500,0,1,210,0,0,0
TF,LAPER,38.867908,-84.647547,0, ,0.0,0.0,0.0,0.0,2,4000,0,1,210,0,1,0

APPTR,R36RY,36R,SPOOD
IF,SPOOD,38.650250,-84.529861, ,0.0,0.0,1,8000,0,0,0,0,1,0
TF,BASJA,38.806469,-84.614247,0, ,0.0,0.0,0.0,0.0,2,4600,0,0,0,0,0,0
TF,LAPER,38.867908,-84.647547,0, ,0.0,0.0,0.0,0.0,2,4000,0,1,210,0,1,0

FINAL,R36RY,36R,R,4
IF,LAPER,38.867908,-84.647547, ,0.0,0.0,2,4000,0,1,210,0,0,0
TF,TROYF,38.947278,-84.647175,0, ,0.0,0.0,6.0,5.0,2,2500,0,0,0,0,2,0
TF,GENVE,39.005947,-84.646900,0, ,0.0,0.0,6.0,3.5,2,1380,0,0,0,0,0,0
TF,RW36R,39.028400,-84.646794,0, ,0.0,0.0,6.0,1.4,1,951,0,0,0,0,3,1
CA,0,6.0,2,1500,0,0,0,0,0,0
DF,FLM,38.649442,-84.310603,2, ,0.0,0.0,2,4000,0,0,0,0,0,1
HM,FLM,38.649442,-84.310603,1, ,0.0,0.0,317.0,04,0,0,0,0,0,0,0,0,0

APPTR,R36RZ,36R,BRCAT
IF,BRCAT,39.030914,-84.794850, ,0.0,0.0,1,6000,0,1,210,0,1,0
TF,YOTUL,38.977236,-84.795825,0, ,0.0,0.0,0.0,0.0,2,6000,0,0,0,0,0,0
RF,ZANUN,38.903722,-84.703350,1,CFFXZ,82.8,4.3,2,3800,0,0,0,0,0,0
RF,ALALE,38.907869,-84.679353,1,CFFXW,37.7,2.6,2,3400,0,1,210,0,0,0
RF,TROYF,38.947278,-84.647175,1,CFFXV,145.4,2.6,2,2500,0,0,0,0,0,0

APPTR,R36RZ,36R,DAWGY
IF,DAWGY,38.722997,-84.406803, ,0.0,0.0,1,8000,0,0,0,0,1,0
TF,DUKVE,38.802233,-84.491608,0, ,0.0,0.0,0.0,0.0,2,6000,0,0,0,0,1,0
TF,BIBWY,38.916925,-84.631675,0, ,0.0,0.0,0.0,0.0,2,3000,0,1,210,0,0,0
RF,TROYF,38.947278,-84.647175,2,CFFZC,245.4,2.6,2,2500,0,0,0,0,0,0

APPTR,R36RZ,36R,FECTA
IF,FECTA,38.795022,-84.985297, ,0.0,0.0,1,8000,0,0,0,0,1,0
TF,EFLOV,38.849822,-84.837119,0, ,0.0,0.0,0.0,0.0,2,6000,0,0,0,0,1,0
TF,ALALE,38.907869,-84.679353,0, ,0.0,0.0,0.0,0.0,2,3400,0,1,210,0,0,0
RF,TROYF,38.947278,-84.647175,1,CFFXV,185.5,2.6,2,2500,0,0,0,0,0,0

APPTR,R36RZ,36R,KYKAT
IF,KYKAT,38.707753,-84.648197, ,0.0,0.0,2,7000,0,1,210,0,1,0
TF,SNPPR,38.761139,-84.647997,0, ,0.0,0.0,0.0,0.0,2,6000,0,0,0,0,0,0
TF,NUYLI,38.814525,-84.647797,0, ,0.0,0.0,0.0,0.0,2,5000,0,0,0,0,0,0
TF,LAPER,38.867908,-84.647547,0, ,0.0,0.0,0.0,0.0,2,4000,0,1,210,0,1,0
TF,TROYF,38.947278,-84.647175,0, ,0.0,0.0,0.0,0.0,2,2500,0,0,0,0,0,0

APPTR,R36RZ,36R,RUPPP
IF,RUPPP,39.004592,-84.534806, ,0.0,0.0,1,6000,0,1,210,0,1,0
TF,LINOL,38.946872,-84.535231,0, ,0.0,0.0,0.0,0.0,2,4900,0,0,0,0,0,0
RF,BIBWY,38.916925,-84.631675,2,CFFZB,343.6,2.6,2,3000,0,1,210,0,0,0
RF,TROYF,38.947278,-84.647175,2,CFFZC,168.2,2.6,2,2500,0,0,0,0,0,0

APPTR,R36RZ,36R,SPOOD
IF,SPOOD,38.650250,-84.529861, ,0.0,0.0,1,8000,0,0,0,0,1,0
TF,BASJA,38.806469,-84.614247,0, ,0.0,0.0,0.0,0.0,2,4600,0,0,0,0,0,0
TF,LAPER,38.867908,-84.647547,0, ,0.0,0.0,0.0,0.0,2,4000,0,1,210,0,1,0
TF,TROYF,38.947278,-84.647175,0, ,0.0,0.0,0.0,0.0,2,2500,0,0,0,0,0,0

FINAL,R36RZ,36R,R,2
IF,TROYF,38.947278,-84.647175, ,0.0,0.0,2,2500,0,0,0,0,2,0
TF,RW36R,39.028400,-84.646794,0, ,0.0,0.0,6.0,4.9,1,951,0,0,0,0,3,1
CA,0,6.0,2,1242,0,0,0,0,0,0
DF,BAIRE,39.217239,-84.645908,0, ,0.0,0.0,0,0,0,0,0,0,0,0
TF,MOAKS,39.295189,-84.195919,0, ,0.0,0.0,0.0,0.0,2,3000,0,0,0,0,0,1
HM,MOAKS,39.295189,-84.195919,2, ,0.0,0.0,61.0,04,0,0,0,0,0,0,0,0,0

