APPTR,R03-A,03,FONIA
IF,FONIA,48.259742,-103.177094, ,0.0,0.0,0,0,0,0,0,0,0,0
TF,PRYME,48.779214,-103.591917,0, ,0.0,0.0,0.0,0.0,2,4500,0,0,0,0,1,0
TF,WHATR,48.867542,-103.592175,0, ,0.0,0.0,0.0,0.0,2,4500,0,0,0,0,1,0

APPTR,R03-A,03,ISN
IF,ISN,48.253414,-103.750661, ,0.0,0.0,0,0,0,0,0,0,0,0
TF,PRYME,48.779214,-103.591917,0, ,0.0,0.0,0.0,0.0,2,4500,0,0,0,0,1,0
TF,WHATR,48.867542,-103.592175,0, ,0.0,0.0,0.0,0.0,2,4500,0,0,0,0,1,0

APPTR,R03-A,03,WHATR
HF,WHATR,48.867542,-103.592175,2, ,0.0,0.0,53.0,05,2,4500,0,0,0,0,1,0,0

FINAL,R03-A,03,R,4
IF,WHATR,48.867542,-103.592175, ,0.0,0.0,2,4500,0,0,0,0,0,0
TF,SHEBB,48.928222,-103.430806,0, ,0.0,0.0,53.0,7.4,2,4000,0,0,0,0,2,0
TF,FLICS,48.928264,-103.387039,0, ,0.0,0.0,83.0,1.7,2,3460,0,0,0,0,0,0
TF,YEZHI,48.928300,-103.304439,0, ,0.0,0.0,83.0,3.3,1,2640,0,0,0,0,3,1
CA,0,83.0,2,2640,0,0,0,0,0,0
DF,WHATR,48.867542,-103.592175,2, ,0.0,0.0,2,4500,0,0,0,0,0,1
HM,WHATR,48.867542,-103.592175,2, ,0.0,0.0,53.0,05,0,0,0,0,0,0,0,0,0

APPTR,R13-A,13,FONIA
IF,FONIA,48.259742,-103.177094, ,0.0,0.0,0,0,0,0,0,0,0,0
TF,PRYME,48.779214,-103.591917,0, ,0.0,0.0,0.0,0.0,2,4500,0,0,0,0,1,0
TF,WHATR,48.867542,-103.592175,0, ,0.0,0.0,0.0,0.0,2,4500,0,0,0,0,1,0

APPTR,R13-A,13,ISN
IF,ISN,48.253414,-103.750661, ,0.0,0.0,0,0,0,0,0,0,0,0
TF,PRYME,48.779214,-103.591917,0, ,0.0,0.0,0.0,0.0,2,4500,0,0,0,0,1,0
TF,WHATR,48.867542,-103.592175,0, ,0.0,0.0,0.0,0.0,2,4500,0,0,0,0,1,0

APPTR,R13-A,13,WHATR
HF,WHATR,48.867542,-103.592175,2, ,0.0,0.0,53.0,05,2,4500,0,0,0,0,1,0,0

FINAL,R13-A,13,R,4
IF,WHATR,48.867542,-103.592175, ,0.0,0.0,2,4500,0,0,0,0,0,0
TF,SHEBB,48.928222,-103.430806,0, ,0.0,0.0,53.0,7.4,2,4000,0,0,0,0,2,0
TF,FLICS,48.928264,-103.387039,0, ,0.0,0.0,83.0,1.7,2,3460,0,0,0,0,0,0
TF,YEZHI,48.928300,-103.304439,0, ,0.0,0.0,83.0,3.3,1,2640,0,0,0,0,3,1
CA,0,83.0,2,2640,0,0,0,0,0,0
DF,WHATR,48.867542,-103.592175,2, ,0.0,0.0,2,4500,0,0,0,0,0,1
HM,WHATR,48.867542,-103.592175,2, ,0.0,0.0,53.0,05,0,0,0,0,0,0,0,0,0

APPTR,R21-A,21,FONIA
IF,FONIA,48.259742,-103.177094, ,0.0,0.0,0,0,0,0,0,0,0,0
TF,PRYME,48.779214,-103.591917,0, ,0.0,0.0,0.0,0.0,2,4500,0,0,0,0,1,0
TF,WHATR,48.867542,-103.592175,0, ,0.0,0.0,0.0,0.0,2,4500,0,0,0,0,1,0

APPTR,R21-A,21,ISN
IF,ISN,48.253414,-103.750661, ,0.0,0.0,0,0,0,0,0,0,0,0
TF,PRYME,48.779214,-103.591917,0, ,0.0,0.0,0.0,0.0,2,4500,0,0,0,0,1,0
TF,WHATR,48.867542,-103.592175,0, ,0.0,0.0,0.0,0.0,2,4500,0,0,0,0,1,0

APPTR,R21-A,21,WHATR
HF,WHATR,48.867542,-103.592175,2, ,0.0,0.0,53.0,05,2,4500,0,0,0,0,1,0,0

FINAL,R21-A,21,R,4
IF,WHATR,48.867542,-103.592175, ,0.0,0.0,2,4500,0,0,0,0,0,0
TF,SHEBB,48.928222,-103.430806,0, ,0.0,0.0,53.0,7.4,2,4000,0,0,0,0,2,0
TF,FLICS,48.928264,-103.387039,0, ,0.0,0.0,83.0,1.7,2,3460,0,0,0,0,0,0
TF,YEZHI,48.928300,-103.304439,0, ,0.0,0.0,83.0,3.3,1,2640,0,0,0,0,3,1
CA,0,83.0,2,2640,0,0,0,0,0,0
DF,WHATR,48.867542,-103.592175,2, ,0.0,0.0,2,4500,0,0,0,0,0,1
HM,WHATR,48.867542,-103.592175,2, ,0.0,0.0,53.0,05,0,0,0,0,0,0,0,0,0

APPTR,R31,31,FATRE
HF,FATRE,48.792961,-103.093019,2, ,0.0,0.0,308.0,05,2,4500,0,0,0,0,1,0,0

APPTR,R31,31,FONIA
IF,FONIA,48.259742,-103.177094, ,0.0,0.0,0,0,0,0,0,0,0,0
TF,JOXNI,48.716547,-103.208978,0, ,0.0,0.0,0.0,0.0,2,4500,0,0,0,0,1,0
TF,FATRE,48.792961,-103.093019,0, ,0.0,0.0,0.0,0.0,2,4500,0,0,0,0,1,0

APPTR,R31,31,ISN
IF,ISN,48.253414,-103.750661, ,0.0,0.0,0,0,0,0,0,0,0,0
TF,JOXNI,48.716547,-103.208978,0, ,0.0,0.0,0.0,0.0,2,4500,0,0,0,0,1,0
TF,FATRE,48.792961,-103.093019,0, ,0.0,0.0,0.0,0.0,2,4500,0,0,0,0,1,0

FINAL,R31,31,R,4
IF,FATRE,48.792961,-103.093019, ,0.0,0.0,2,4500,0,0,0,0,0,0
TF,BUVFY,48.869628,-103.208758,0, ,0.0,0.0,308.0,6.5,2,3500,0,0,0,0,2,0
TF,MINTE,48.902928,-103.259189,0, ,0.0,0.0,308.0,2.8,2,2600,0,0,0,0,0,0
TF,RW31,48.925431,-103.293331,0, ,0.0,0.0,308.0,1.9,1,1991,0,0,0,0,3,1
CA,0,308.0,2,2500,0,0,0,0,0,0
DF,FATRE,48.792961,-103.093019,1, ,0.0,0.0,2,4500,0,0,0,0,0,1
HM,FATRE,48.792961,-103.093019,2, ,0.0,0.0,308.0,05,0,0,0,0,0,0,0,0,0

APPTR,R31-A,31,FONIA
IF,FONIA,48.259742,-103.177094, ,0.0,0.0,0,0,0,0,0,0,0,0
TF,PRYME,48.779214,-103.591917,0, ,0.0,0.0,0.0,0.0,2,4500,0,0,0,0,1,0
TF,WHATR,48.867542,-103.592175,0, ,0.0,0.0,0.0,0.0,2,4500,0,0,0,0,1,0

APPTR,R31-A,31,ISN
IF,ISN,48.253414,-103.750661, ,0.0,0.0,0,0,0,0,0,0,0,0
TF,PRYME,48.779214,-103.591917,0, ,0.0,0.0,0.0,0.0,2,4500,0,0,0,0,1,0
TF,WHATR,48.867542,-103.592175,0, ,0.0,0.0,0.0,0.0,2,4500,0,0,0,0,1,0

APPTR,R31-A,31,WHATR
HF,WHATR,48.867542,-103.592175,2, ,0.0,0.0,53.0,05,2,4500,0,0,0,0,1,0,0

FINAL,R31-A,31,R,4
IF,WHATR,48.867542,-103.592175, ,0.0,0.0,2,4500,0,0,0,0,0,0
TF,SHEBB,48.928222,-103.430806,0, ,0.0,0.0,53.0,7.4,2,4000,0,0,0,0,2,0
TF,FLICS,48.928264,-103.387039,0, ,0.0,0.0,83.0,1.7,2,3460,0,0,0,0,0,0
TF,YEZHI,48.928300,-103.304439,0, ,0.0,0.0,83.0,3.3,1,2640,0,0,0,0,3,1
CA,0,83.0,2,2640,0,0,0,0,0,0
DF,WHATR,48.867542,-103.592175,2, ,0.0,0.0,2,4500,0,0,0,0,0,1
HM,WHATR,48.867542,-103.592175,2, ,0.0,0.0,53.0,05,0,0,0,0,0,0,0,0,0

