APPTR,R18,18,CELIL
IF,CELIL,38.889817,-87.001736, ,0.0,0.0,0,0,0,0,0,0,1,0
TF,UCFEX,38.889853,-87.129814,0, ,0.0,0.0,0.0,0.0,2,2600,0,1,230,0,1,0

APPTR,R18,18,OLBEE
IF,OLBEE,38.889747,-87.257889, ,0.0,0.0,0,0,0,0,0,0,1,0
TF,UCFEX,38.889853,-87.129814,0, ,0.0,0.0,0.0,0.0,2,2600,0,1,230,0,1,0

APPTR,R18,18,UCFEX
HF,UCFEX,38.889853,-87.129814,2, ,0.0,0.0,183.0,04,2,2600,0,1,230,0,1,0,0

FINAL,R18,18,R,4
IF,UCFEX,38.889853,-87.129814, ,0.0,0.0,2,2600,0,1,230,0,0,0
TF,OQCIR,38.791658,-87.129769,0, ,0.0,0.0,183.0,5.9,2,2100,0,0,0,0,2,0
TF,HERER,38.749286,-87.129750,0, ,0.0,0.0,183.0,2.5,2,1280,0,0,0,0,0,0
TF,RW18,38.707814,-87.129728,0, ,0.0,0.0,183.0,2.5,1,503,0,0,0,0,3,1
CA,0,183.0,2,750,0,0,0,0,0,0
DF,HOGLO,38.527242,-87.129692,0, ,0.0,0.0,2,2200,0,0,0,0,0,1
HM,HOGLO,38.527242,-87.129692,2, ,0.0,0.0,3.0,04,0,0,0,0,0,0,0,0,0

APPTR,R36,36,HOGLO
HF,HOGLO,38.527242,-87.129692,2, ,0.0,0.0,3.0,04,2,2400,0,0,0,0,1,0,0

APPTR,R36,36,MIZYU
IF,MIZYU,38.527175,-86.981022, ,0.0,0.0,0,0,0,0,0,0,1,0
TF,HOGLO,38.527242,-87.129692,0, ,0.0,0.0,0.0,0.0,2,2400,0,0,0,0,1,0

APPTR,R36,36,PEFEK
IF,PEFEK,38.527119,-87.278361, ,0.0,0.0,0,0,0,0,0,0,1,0
TF,HOGLO,38.527242,-87.129692,0, ,0.0,0.0,0.0,0.0,2,2400,0,0,0,0,1,0

FINAL,R36,36,R,3
IF,HOGLO,38.527242,-87.129692, ,0.0,0.0,2,2400,0,0,0,0,0,0
TF,FASOD,38.611539,-87.129717,0, ,0.0,0.0,3.0,5.1,2,2100,0,0,0,0,2,0
TF,RW36,38.694081,-87.129725,0, ,0.0,0.0,3.0,5.0,1,524,0,0,0,0,3,1
CA,0,3.0,2,852,0,0,0,0,0,0
DF,UCFEX,38.889853,-87.129814,0, ,0.0,0.0,2,2600,0,0,0,0,0,1
HM,UCFEX,38.889853,-87.129814,2, ,0.0,0.0,183.0,04,0,0,0,0,0,0,0,0,0

