APPTR,R13,13,FAXIB
HF,FAXIB,43.010911,-73.548972,2, ,0.0,0.0,132.0,04,2,4100,0,0,0,0,1,0,0

APPTR,R13,13,GADYE
IF,GADYE,43.113750,-73.473753, ,0.0,0.0,0,0,0,0,0,0,1,0
TF,FAXIB,43.010911,-73.548972,0, ,0.0,0.0,0.0,0.0,2,4100,0,0,0,0,1,0

APPTR,R13,13,JOTOV
IF,JOTOV,42.908022,-73.623942, ,0.0,0.0,0,0,0,0,0,0,1,0
TF,FAXIB,43.010911,-73.548972,0, ,0.0,0.0,0.0,0.0,2,4100,0,0,0,0,1,0

FINAL,R13,13,R,3
IF,FAXIB,43.010911,-73.548972, ,0.0,0.0,2,4100,0,0,0,0,0,0
TF,CIBTA,42.932517,-73.350275,0, ,0.0,0.0,132.0,9.9,2,2800,0,0,0,0,2,0
TF,RW13,42.893744,-73.252483,0, ,0.0,0.0,132.0,4.9,1,838,0,0,0,0,3,1
CA,0,132.0,2,1227,0,0,0,0,0,0
DF,FAXIB,43.010911,-73.548972,1, ,0.0,0.0,2,4100,0,1,210,0,0,1
HM,FAXIB,43.010911,-73.548972,2, ,0.0,0.0,132.0,04,0,0,0,0,0,0,0,0,0

