SID,LAMON4,04,4
VA,0,36.0,2,6757,0,0,0,0,0,0
DF,LAMON,43.959497,-111.249356,1, ,0.0,0.0,0,0,0,0,0,0,0,1
HA,LAMON,43.959497,-111.249356,2, ,0.0,0.0,88.0,08,2,13000,0,0,0,0,0,0,0

SID,LAMON4,22,4
VA,0,216.0,2,6757,0,0,0,0,0,0
DF,LAMON,43.959497,-111.249356,2, ,0.0,0.0,0,0,0,0,0,0,0,1
HA,LAMON,43.959497,-111.249356,2, ,0.0,0.0,88.0,08,2,13000,0,0,0,0,0,0,0

APPTR,R04,04,IDA
IF,IDA,43.519006,-112.063917, ,0.0,0.0,0,0,0,0,0,0,1,0
TF,RUDTO,43.433000,-111.354667,0, ,0.0,0.0,0.0,0.0,2,11400,0,0,0,0,1,0

APPTR,R04,04,LAMON
IF,LAMON,43.959497,-111.249356, ,0.0,0.0,0,0,0,0,0,0,0,0
TF,EYITA,43.633839,-111.627439,0, ,0.0,0.0,0.0,0.0,2,11400,0,0,0,0,0,0
TF,RUDTO,43.433000,-111.354667,0, ,0.0,0.0,0.0,0.0,2,11400,0,0,0,0,0,1
HF,RUDTO,43.433000,-111.354667,1, ,0.0,0.0,19.0,07,2,11400,0,0,0,0,1,0,0

APPTR,R04,04,OLNUE
IF,OLNUE,43.131958,-111.336072, ,0.0,0.0,0,0,0,0,0,0,1,0
TF,RUDTO,43.433000,-111.354667,0, ,0.0,0.0,0.0,0.0,2,11400,0,0,0,0,1,0

FINAL,R04,04,R,5
IF,RUDTO,43.433000,-111.354667, ,0.0,0.0,2,11400,0,0,0,0,0,0
TF,VICUP,43.581925,-111.229697,0, ,0.0,0.0,19.0,10.5,2,9900,0,0,0,0,0,0
TF,FIXOD,43.631686,-111.187781,0, ,0.0,0.0,19.0,3.5,2,9000,0,0,0,0,2,0
TF,JUSIR,43.710061,-111.130006,0, ,0.0,0.0,16.0,5.3,2,6740,0,0,0,0,0,0
TF,DIVVE,43.731356,-111.114281,0, ,0.0,0.0,16.0,1.5,1,6465,0,0,0,0,3,1
CA,0,16.0,2,7000,0,0,0,0,0,0
DF,LAMON,43.959497,-111.249356,0, ,0.0,0.0,2,10300,0,0,0,0,0,1
HM,LAMON,43.959497,-111.249356,2, ,0.0,0.0,88.0,07,2,10300,0,0,0,0,0,0,0

APPTR,R04-A,04,QUIRT
IF,QUIRT,43.868503,-110.609831, ,0.0,0.0,0,0,0,0,0,0,0,0
TF,SWINN,43.904333,-110.858456,0, ,0.0,0.0,0.0,0.0,2,13600,0,0,0,0,0,0
TF,HAMPA,43.926853,-111.016825,0, ,0.0,0.0,0.0,0.0,2,13200,0,0,0,0,0,0
TF,PIKEQ,43.944419,-111.141544,0, ,0.0,0.0,0.0,0.0,2,11000,0,0,0,0,0,1
HF,PIKEQ,43.944419,-111.141544,2, ,0.0,0.0,153.0,07,2,10000,0,0,0,0,1,0,0

APPTR,R04-A,04,SABAT
IF,SABAT,44.016586,-111.665289, ,0.0,0.0,0,0,0,0,0,0,1,0
TF,PIKEQ,43.944419,-111.141544,0, ,0.0,0.0,0.0,0.0,2,10000,0,0,0,0,1,0

FINAL,R04-A,04,R,3
IF,PIKEQ,43.944419,-111.141544, ,0.0,0.0,2,10000,0,0,0,0,0,0
TF,TIHQI,43.826894,-111.096778,0, ,0.0,0.0,153.0,7.3,2,8100,0,0,0,0,2,0
TF,DIGUQ,43.752258,-111.091708,0, ,0.0,0.0,165.0,4.5,1,7660,0,0,0,0,3,1
CA,0,165.0,2,7660,0,0,0,0,0,0
DF,TOGRE,43.792286,-111.255208,2, ,0.0,0.0,2,10000,0,1,185,0,0,0
TF,BRELD,43.874619,-111.225936,0, ,0.0,0.0,0.0,0.0,2,10000,0,0,0,0,0,0
TF,PIKEQ,43.944419,-111.141544,0, ,0.0,0.0,0.0,0.0,2,10000,0,0,0,0,0,1
HM,PIKEQ,43.944419,-111.141544,2, ,0.0,0.0,153.0,07,0,0,0,0,0,0,0,0,0

APPTR,R22-A,22,QUIRT
IF,QUIRT,43.868503,-110.609831, ,0.0,0.0,0,0,0,0,0,0,0,0
TF,SWINN,43.904333,-110.858456,0, ,0.0,0.0,0.0,0.0,2,13600,0,0,0,0,0,0
TF,HAMPA,43.926853,-111.016825,0, ,0.0,0.0,0.0,0.0,2,13200,0,0,0,0,0,0
TF,PIKEQ,43.944419,-111.141544,0, ,0.0,0.0,0.0,0.0,2,11000,0,0,0,0,0,1
HF,PIKEQ,43.944419,-111.141544,2, ,0.0,0.0,153.0,07,2,10000,0,0,0,0,1,0,0

APPTR,R22-A,22,SABAT
IF,SABAT,44.016586,-111.665289, ,0.0,0.0,0,0,0,0,0,0,1,0
TF,PIKEQ,43.944419,-111.141544,0, ,0.0,0.0,0.0,0.0,2,10000,0,0,0,0,1,0

FINAL,R22-A,22,R,3
IF,PIKEQ,43.944419,-111.141544, ,0.0,0.0,2,10000,0,0,0,0,0,0
TF,TIHQI,43.826894,-111.096778,0, ,0.0,0.0,153.0,7.3,2,8100,0,0,0,0,2,0
TF,DIGUQ,43.752258,-111.091708,0, ,0.0,0.0,165.0,4.5,1,7660,0,0,0,0,3,1
CA,0,165.0,2,7660,0,0,0,0,0,0
DF,TOGRE,43.792286,-111.255208,2, ,0.0,0.0,2,10000,0,1,185,0,0,0
TF,BRELD,43.874619,-111.225936,0, ,0.0,0.0,0.0,0.0,2,10000,0,0,0,0,0,0
TF,PIKEQ,43.944419,-111.141544,0, ,0.0,0.0,0.0,0.0,2,10000,0,0,0,0,0,1
HM,PIKEQ,43.944419,-111.141544,2, ,0.0,0.0,153.0,07,0,0,0,0,0,0,0,0,0

