APPTR,I04,04,SKPPY
HF,SKPPY,31.367639,-82.957211,2, ,0.0,0.0,43.0,04.3,2,2000,0,0,0,0,1,0,0

FINAL,I04,04,I,3
IF,SKPPY,31.367639,-82.957211,IDQH,223.3,8.9,2,2000,0,0,0,0,0,0
CF,EMDIH,31.407550,-82.921889,0,IDQH,223.3,5.9,43.0,3.0,1,1800,0,0,0,0,2,0
CF,RW04,31.470175,-82.866392,0,IDQH,223.3,1.2,43.0,4.7,1,301,0,0,0,0,3,0
CA,0,43.0,2,700,0,0,0,0,0,0
VI,0, ,0.0,116.0,0,0,0,0,0,0,0,0
CF,WERON,31.358736,-82.644344,0,AYS,319.8,7.0,140.0,10.0,2,3000,0,0,0,0,0,0
HM,WERON,31.358736,-82.644344,1, ,0.0,0.0,140.0,04.3,0,0,0,0,0,0,0,0,0

APPTR,R04,04,CNNRD
IF,CNNRD,31.374947,-83.097350, ,0.0,0.0,0,0,0,0,0,0,1,0
TF,OLHUP,31.314419,-83.004278,0, ,0.0,0.0,0.0,0.0,2,2000,0,0,0,0,1,0

APPTR,R04,04,LIIUU
IF,LIIUU,31.253825,-82.911325, ,0.0,0.0,0,0,0,0,0,0,1,0
TF,OLHUP,31.314419,-83.004278,0, ,0.0,0.0,0.0,0.0,2,2000,0,0,0,0,1,0

APPTR,R04,04,OLHUP
HF,OLHUP,31.314419,-83.004278,2, ,0.0,0.0,43.0,04,2,2000,0,0,0,0,1,0,0

FINAL,R04,04,R,4
IF,OLHUP,31.314419,-83.004278, ,0.0,0.0,2,2000,0,0,0,0,0,0
TF,EMDIH,31.407550,-82.921889,0, ,0.0,0.0,43.0,7.0,2,1800,0,0,0,0,2,0
TF,UNSEH,31.448897,-82.885258,0, ,0.0,0.0,43.0,3.1,2,800,0,0,0,0,0,0
TF,RW04,31.470175,-82.866392,0, ,0.0,0.0,43.0,1.6,1,301,0,0,0,0,3,1
CA,0,43.0,2,453,0,0,0,0,0,0
DF,PAJTO,31.641256,-82.714231,0, ,0.0,0.0,2,3000,0,0,0,0,0,1
HM,PAJTO,31.641256,-82.714231,2, ,0.0,0.0,223.0,04,2,3000,0,0,0,0,0,0,0

APPTR,R22,22,PAJTO
HF,PAJTO,31.641256,-82.714231,2, ,0.0,0.0,223.0,04,2,2000,0,0,0,0,1,0,0

FINAL,R22,22,R,4
IF,PAJTO,31.641256,-82.714231, ,0.0,0.0,2,2000,0,0,0,0,0,0
TF,IPWEF,31.550256,-82.795256,0, ,0.0,0.0,223.0,6.9,2,1900,0,0,0,0,2,0
TF,BOLSE,31.523181,-82.819325,0, ,0.0,0.0,223.0,2.0,2,1240,0,0,0,0,0,0
TF,RW22,31.483303,-82.854742,0, ,0.0,0.0,223.0,3.0,1,296,0,0,0,0,3,1
CA,0,223.0,2,1200,0,0,0,0,0,0
DF,PAJTO,31.641256,-82.714231,2, ,0.0,0.0,2,2000,0,0,0,0,0,1
HM,PAJTO,31.641256,-82.714231,2, ,0.0,0.0,223.0,04,0,0,0,0,0,0,0,0,0

