APPTR,R18,18,JUMUG
IF,JUMUG,37.521658,-97.223219, ,0.0,0.0,0,0,0,0,0,0,1,0
TF,TANUC,37.520439,-97.390814,0, ,0.0,0.0,0.0,0.0,2,3000,0,0,0,0,1,0

APPTR,R18,18,LITZZ
IF,LITZZ,37.518978,-97.558403, ,0.0,0.0,0,0,0,0,0,0,1,0
TF,TANUC,37.520439,-97.390814,0, ,0.0,0.0,0.0,0.0,2,3000,0,0,0,0,1,0

APPTR,R18,18,TANUC
HF,TANUC,37.520439,-97.390814,2, ,0.0,0.0,176.0,04,2,3000,0,0,0,0,1,0,0

FINAL,R18,18,R,4
IF,TANUC,37.520439,-97.390814, ,0.0,0.0,2,3000,0,0,0,0,0,0
TF,HUMUN,37.420197,-97.389553,0, ,0.0,0.0,176.0,6.0,2,3000,0,0,0,0,2,0
TF,UDEYE,37.362564,-97.388828,0, ,0.0,0.0,176.0,3.5,2,1900,0,0,0,0,0,0
TF,RW18,37.332136,-97.388444,0, ,0.0,0.0,176.0,1.8,1,1319,0,0,0,0,3,1
CA,0,176.0,2,1477,0,0,0,0,0,0
DF,GOLMN,37.129239,-97.385906,0, ,0.0,0.0,2,3000,0,0,0,0,0,1
HM,GOLMN,37.129239,-97.385906,2, ,0.0,0.0,356.0,04,0,0,0,0,0,0,0,0,0

APPTR,R36,36,GOLMN
HF,GOLMN,37.129239,-97.385906,2, ,0.0,0.0,356.0,04,2,3000,0,0,0,0,1,0,0

APPTR,R36,36,HOBYT
IF,HOBYT,37.127786,-97.552628, ,0.0,0.0,0,0,0,0,0,0,1,0
TF,GOLMN,37.129239,-97.385906,0, ,0.0,0.0,0.0,0.0,2,3000,0,0,0,0,1,0

APPTR,R36,36,TOLKN
IF,TOLKN,37.130456,-97.219181, ,0.0,0.0,0,0,0,0,0,0,1,0
TF,GOLMN,37.129239,-97.385906,0, ,0.0,0.0,0.0,0.0,2,3000,0,0,0,0,1,0

FINAL,R36,36,R,4
IF,GOLMN,37.129239,-97.385906, ,0.0,0.0,2,3000,0,0,0,0,0,0
TF,MYROO,37.229475,-97.387158,0, ,0.0,0.0,356.0,6.0,2,3000,0,0,0,0,2,0
TF,ARCAP,37.283964,-97.387842,0, ,0.0,0.0,356.0,3.3,2,1960,0,0,0,0,0,0
TF,RW36,37.317856,-97.388267,0, ,0.0,0.0,356.0,2.0,1,1313,0,0,0,0,3,1
CA,0,356.0,2,1527,0,0,0,0,0,0
DF,TANUC,37.520439,-97.390814,0, ,0.0,0.0,2,3000,0,0,0,0,0,1
HM,TANUC,37.520439,-97.390814,2, ,0.0,0.0,176.0,04,0,0,0,0,0,0,0,0,0

