APPTR,D09,09,GIJ
HF,GIJ,41.768611,-86.318453,2, ,0.0,0.0,102.0,04.3,2,2500,0,0,0,0,1,0,0

FINAL,D09,09,D,3
IF,GIJ,41.768611,-86.318453,GIJ,0.0,0.0,2,2500,0,0,0,0,0,0
CF,SALIM,41.738175,-86.127058,0,GIJ,101.9,8.8,102.0,8.8,2,2500,0,0,0,0,2,0
CF,RW09,41.720900,-86.019389,0,GIJ,101.9,13.7,102.0,5.0,1,819,0,0,0,0,3,0
CA,0,102.0,2,1180,0,0,0,0,0,0
CF,SKEAT,41.703861,-85.881625,0,GIJ,101.1,20.0,101.0,5.3,2,2500,0,0,0,0,0,0
HM,SKEAT,41.703861,-85.881625,2, ,0.0,0.0,281.0,04.3,0,0,0,0,0,0,0,0,0

APPTR,I27,27,AYUYI
HF,AYUYI,41.720964,-85.778517,2, ,0.0,0.0,274.0,04.3,2,2500,0,0,0,0,1,0,0

FINAL,I27,27,I,3
IF,AYUYI,41.720964,-85.778517,IOUP,93.9,11.0,2,2500,0,0,0,0,0,0
CF,RECKV,41.721686,-85.901989,0,IOUP,93.5,5.4,274.0,5.6,1,2177,0,0,0,0,2,0
CF,RW27,41.720933,-85.995581,0,IOUP,93.9,1.2,274.0,4.2,1,823,0,0,0,0,3,0
CA,0,274.0,2,1500,0,0,0,0,0,0
DF,JJANN,41.974736,-85.984139,2, ,0.0,0.0,2,4000,0,0,0,0,0,1
HM,JJANN,41.974736,-85.984139,2, ,0.0,0.0,153.0,04,0,0,0,0,0,0,0,0,0

APPTR,R09,09,DUYAV
IF,DUYAV,41.607903,-86.263503, ,0.0,0.0,0,0,0,0,0,0,1,0
TF,ELUYE,41.720289,-86.264211,0, ,0.0,0.0,0.0,0.0,2,2500,0,0,0,0,1,0

APPTR,R09,09,JJANN
IF,JJANN,41.974736,-85.984139, ,0.0,0.0,0,0,0,0,0,0,0,0
TF,FABKU,41.832672,-86.264919,0, ,0.0,0.0,0.0,0.0,2,4000,0,0,0,0,1,0
TF,ELUYE,41.720289,-86.264211,0, ,0.0,0.0,0.0,0.0,2,2500,0,0,0,0,1,0

FINAL,R09,09,R,3
IF,ELUYE,41.720289,-86.264211, ,0.0,0.0,2,2500,0,0,0,0,0,0
TF,GUKGE,41.720686,-86.130619,0, ,0.0,0.0,94.0,6.0,2,2400,0,0,0,0,2,0
TF,RW09,41.720900,-86.019389,0, ,0.0,0.0,94.0,5.0,1,808,0,0,0,0,3,1
CA,0,94.0,2,1500,0,0,0,0,0,0
DF,JJANN,41.974736,-85.984139,1, ,0.0,0.0,2,4000,0,0,0,0,0,1
HM,JJANN,41.974736,-85.984139,2, ,0.0,0.0,153.0,04,0,0,0,0,0,0,0,0,0

APPTR,R18,18,CEKMU
HF,CEKMU,41.903858,-86.027661,2, ,0.0,0.0,176.0,04,2,2500,0,0,0,0,1,0,0

APPTR,R18,18,GIJ
IF,GIJ,41.768611,-86.318453, ,0.0,0.0,0,0,0,0,0,0,0,0
TF,CUBOR,41.892103,-86.138136,0, ,0.0,0.0,0.0,0.0,2,2500,0,0,0,0,1,0
TF,CEKMU,41.903858,-86.027661,0, ,0.0,0.0,0.0,0.0,2,2500,0,0,0,0,1,0

APPTR,R18,18,VENTU
IF,VENTU,41.899708,-85.640903, ,0.0,0.0,0,0,0,0,0,0,0,0
TF,CIBIP,41.915508,-85.917147,0, ,0.0,0.0,0.0,0.0,2,2800,0,0,0,0,1,0
TF,CEKMU,41.903858,-86.027661,0, ,0.0,0.0,0.0,0.0,2,2500,0,0,0,0,1,0

FINAL,R18,18,R,3
IF,CEKMU,41.903858,-86.027661, ,0.0,0.0,2,2500,0,0,0,0,0,0
TF,CODVA,41.803292,-86.008597,0, ,0.0,0.0,176.0,6.1,2,2400,0,0,0,0,2,0
TF,RW18,41.722250,-85.993278,0, ,0.0,0.0,176.0,4.9,1,814,0,0,0,0,3,1
CA,0,176.0,2,1178,0,0,0,0,0,0
DF,BUCGA,41.525064,-85.956161,0, ,0.0,0.0,2,2500,0,0,0,0,0,1
HM,BUCGA,41.525064,-85.956161,2, ,0.0,0.0,356.0,04,0,0,0,0,0,0,0,0,0

APPTR,R27,27,DINYE
IF,DINYE,41.608975,-85.760214, ,0.0,0.0,0,0,0,0,0,0,1,0
TF,FEDIV,41.721003,-85.760108,0, ,0.0,0.0,0.0,0.0,2,2500,0,0,0,0,1,0

APPTR,R27,27,FEDIV
HF,FEDIV,41.721003,-85.760108,2, ,0.0,0.0,274.0,04,2,2500,0,0,0,0,1,0,0

APPTR,R27,27,VENTU
IF,VENTU,41.899708,-85.640903, ,0.0,0.0,0,0,0,0,0,0,0,0
TF,GECET,41.832886,-85.759953,0, ,0.0,0.0,0.0,0.0,2,2600,0,0,0,0,1,0
TF,FEDIV,41.721003,-85.760108,0, ,0.0,0.0,0.0,0.0,2,2500,0,0,0,0,1,0

FINAL,R27,27,R,3
IF,FEDIV,41.721003,-85.760108, ,0.0,0.0,2,2500,0,0,0,0,0,0
TF,COGNE,41.721022,-85.892328,0, ,0.0,0.0,274.0,5.9,2,2300,0,0,0,0,2,0
TF,RW27,41.720933,-85.995581,0, ,0.0,0.0,274.0,4.6,1,823,0,0,0,0,3,1
CA,0,274.0,2,1500,0,0,0,0,0,0
DF,JJANN,41.974736,-85.984139,2, ,0.0,0.0,2,4000,0,0,0,0,0,1
HM,JJANN,41.974736,-85.984139,2, ,0.0,0.0,153.0,04,0,0,0,0,0,0,0,0,0

APPTR,R36,36,BAGEL
IF,BAGEL,41.515975,-85.613689, ,0.0,0.0,0,0,0,0,0,0,0,0
TF,FIDNA,41.536658,-85.846283,0, ,0.0,0.0,0.0,0.0,2,2700,0,0,0,0,1,0
TF,BUCGA,41.525064,-85.956161,0, ,0.0,0.0,0.0,0.0,2,2500,0,0,0,0,1,0

APPTR,R36,36,BUCGA
HF,BUCGA,41.525064,-85.956161,2, ,0.0,0.0,356.0,04,2,2500,0,0,0,0,1,0,0

APPTR,R36,36,GIJ
IF,GIJ,41.768611,-86.318453, ,0.0,0.0,0,0,0,0,0,0,0,0
TF,DACAC,41.513364,-86.066000,0, ,0.0,0.0,0.0,0.0,2,3000,0,0,0,0,1,0
TF,BUCGA,41.525064,-85.956161,0, ,0.0,0.0,0.0,0.0,2,2500,0,0,0,0,1,0

APPTR,R36,36,NOMES
IF,NOMES,41.522725,-86.501267, ,0.0,0.0,0,0,0,0,0,0,0,0
TF,DACAC,41.513364,-86.066000,0, ,0.0,0.0,0.0,0.0,2,2600,0,0,0,0,1,0
TF,BUCGA,41.525064,-85.956161,0, ,0.0,0.0,0.0,0.0,2,2500,0,0,0,0,1,0

FINAL,R36,36,R,4
IF,BUCGA,41.525064,-85.956161, ,0.0,0.0,2,2500,0,0,0,0,0,0
TF,AYERU,41.625503,-85.975039,0, ,0.0,0.0,356.0,6.1,2,2500,0,0,0,0,2,0
TF,ECEBI,41.668458,-85.983131,0, ,0.0,0.0,356.0,2.6,2,1660,0,0,0,0,0,0
TF,RW36,41.711386,-85.991222,0, ,0.0,0.0,356.0,2.6,1,818,0,0,0,0,3,1
CA,0,356.0,2,1178,0,0,0,0,0,0
DF,CEKMU,41.903858,-86.027661,0, ,0.0,0.0,2,2500,0,0,0,0,0,1
HM,CEKMU,41.903858,-86.027661,2, ,0.0,0.0,176.0,04,0,0,0,0,0,0,0,0,0

