APPTR,D04,04,ELD
IF,ELD,33.256153,-92.743947, ,0.0,0.0,0,0,0,0,0,0,0,0
CF,CHIPP,33.181386,-92.875642,0,ELD,229.0,8.0,229.0,8.0,2,2000,0,0,0,0,0,0
PI,CHIPP,33.181386,-92.875642,2,ELD,184.0,10.0,229,5.0,2,2000,0,0,0,0,1,0
CF,CHIPP,33.181386,-92.875642,0,ELD,229.0,8.0,49.0,8.0,2,1400,0,0,0,0,0,0

APPTR,D04,04,IYLAL
IF,IYLAL,33.074356,-92.569181, ,0.0,0.0,0,0,0,0,0,0,1,0
AF,DRANE,33.125217,-92.974269,2,ELD,229.0,14.0,134.0,2,2000,0,0,0,0,0,0
CF,CHIPP,33.181386,-92.875642,0,ELD,229.0,8.0,49.0,6.0,2,1400,0,0,0,0,0,0

FINAL,D04,04,D,2
IF,CHIPP,33.181386,-92.875642,ELD,229.0,8.0,2,1400,0,0,0,0,2,0
CF,RW04,33.213942,-92.818764,0,ELD,229.1,4.5,49.0,3.5,1,308,0,0,0,0,3,0
CA,0,49.0,2,677,0,0,0,0,0,0
DF,ELD,33.256153,-92.743947,0, ,0.0,0.0,2,2000,0,0,0,0,0,0
HM,ELD,33.256153,-92.743947,2, ,0.0,0.0,232.0,04.3,0,0,0,0,0,0,0,0,0

APPTR,I22,22,ELD
IF,ELD,33.256153,-92.743947, ,0.0,0.0,0,0,0,0,0,0,0,0
TF,EL,33.286069,-92.728150,0, ,0.0,0.0,0.0,0.0,2,2000,0,0,0,0,0,0
PI,EL,33.286069,-92.728150,2,ELD,358.0,10.0,043,5.0,2,2000,0,0,0,0,1,0

FINAL,I22,22,I,3
IF,BXCMB,33.356419,-92.643281,IELD,42.9,12.4,2,2000,0,0,0,0,0,0
CF,EL,33.286069,-92.728150,0,IELD,43.5,6.5,223.0,6.0,1,1988,0,0,0,0,2,0
CF,RW22,33.226558,-92.803258,0,IELD,42.9,1.3,223.0,5.2,1,309,0,0,0,0,3,0
CA,0,223.0,2,1200,0,0,0,0,0,0
DF,EL,33.286069,-92.728150,2, ,0.0,0.0,2,2000,0,0,0,0,0,0
HM,EL,33.286069,-92.728150,2, ,0.0,0.0,223.0,04.3,0,0,0,0,0,0,0,0,0

APPTR,R04,04,ELD
IF,ELD,33.256153,-92.743947, ,0.0,0.0,0,0,0,0,0,0,0,0
TF,ZUSUK,33.090450,-92.970144,0, ,0.0,0.0,0.0,0.0,2,2000,0,0,0,0,0,0
HF,ZUSUK,33.090450,-92.970144,2, ,0.0,0.0,43.0,04,2,2000,0,0,0,0,1,0,0

APPTR,R04,04,FLESH
IF,FLESH,32.725139,-92.233858, ,0.0,0.0,0,0,0,0,0,0,0,0
TF,SIKVE,33.030533,-92.901089,0, ,0.0,0.0,0.0,0.0,2,2000,0,0,0,0,1,0
TF,ZUSUK,33.090450,-92.970144,0, ,0.0,0.0,0.0,0.0,2,2000,0,0,0,0,1,0

APPTR,R04,04,WARLO
IF,WARLO,33.540325,-93.049886, ,0.0,0.0,0,0,0,0,0,0,0,0
TF,PICOD,33.150328,-93.039292,0, ,0.0,0.0,0.0,0.0,2,2000,0,0,0,0,1,0
TF,ZUSUK,33.090450,-92.970144,0, ,0.0,0.0,0.0,0.0,2,2000,0,0,0,0,1,0

FINAL,R04,04,R,3
IF,ZUSUK,33.090450,-92.970144, ,0.0,0.0,2,2000,0,0,0,0,0,0
TF,WOSDO,33.160225,-92.884692,0, ,0.0,0.0,43.0,6.0,2,1800,0,0,0,0,2,0
TF,RW04,33.213942,-92.818764,0, ,0.0,0.0,43.0,4.6,1,308,0,0,0,0,3,1
CA,0,43.0,2,677,0,0,0,0,0,0
DF,UMUDY,33.356881,-92.642714,0, ,0.0,0.0,2,2000,0,0,0,0,0,1
HM,UMUDY,33.356881,-92.642714,2, ,0.0,0.0,223.0,04,0,0,0,0,0,0,0,0,0

APPTR,R04-A,04,HOKED
IF,HOKED,33.019067,-92.793836, ,0.0,0.0,0,0,0,1,210,0,1,0
TF,PIPME,33.052033,-92.713664,0, ,0.0,0.0,0.0,0.0,2,2300,0,0,0,0,1,0

APPTR,R04-A,04,PUJAH
IF,PUJAH,33.084950,-92.633436, ,0.0,0.0,0,0,0,1,210,0,1,0
TF,PIPME,33.052033,-92.713664,0, ,0.0,0.0,0.0,0.0,2,2300,0,0,0,0,1,0

FINAL,R04-A,04,R,3
IF,PIPME,33.052033,-92.713664, ,0.0,0.0,2,2300,0,0,0,0,0,0
TF,ZUTSO,33.142097,-92.765819,0, ,0.0,0.0,331.0,6.0,2,2300,0,0,0,0,2,0
TF,HAGGY,33.216578,-92.809042,0, ,0.0,0.0,331.0,5.0,1,920,0,0,0,0,3,1
CA,0,331.0,2,920,0,0,0,0,0,0
DF,HOKED,33.019067,-92.793836,1, ,0.0,0.0,2,2300,0,1,210,0,0,1
HM,HOKED,33.019067,-92.793836,2, ,0.0,0.0,61.0,04,0,0,0,0,0,0,0,0,0

APPTR,R13-A,13,HOKED
IF,HOKED,33.019067,-92.793836, ,0.0,0.0,0,0,0,1,210,0,1,0
TF,PIPME,33.052033,-92.713664,0, ,0.0,0.0,0.0,0.0,2,2300,0,0,0,0,1,0

APPTR,R13-A,13,PUJAH
IF,PUJAH,33.084950,-92.633436, ,0.0,0.0,0,0,0,1,210,0,1,0
TF,PIPME,33.052033,-92.713664,0, ,0.0,0.0,0.0,0.0,2,2300,0,0,0,0,1,0

FINAL,R13-A,13,R,3
IF,PIPME,33.052033,-92.713664, ,0.0,0.0,2,2300,0,0,0,0,0,0
TF,ZUTSO,33.142097,-92.765819,0, ,0.0,0.0,331.0,6.0,2,2300,0,0,0,0,2,0
TF,HAGGY,33.216578,-92.809042,0, ,0.0,0.0,331.0,5.0,1,920,0,0,0,0,3,1
CA,0,331.0,2,920,0,0,0,0,0,0
DF,HOKED,33.019067,-92.793836,1, ,0.0,0.0,2,2300,0,1,210,0,0,1
HM,HOKED,33.019067,-92.793836,2, ,0.0,0.0,61.0,04,0,0,0,0,0,0,0,0,0

APPTR,R22,22,ELD
IF,ELD,33.256153,-92.743947, ,0.0,0.0,0,0,0,0,0,0,0,0
TF,UMUDY,33.356881,-92.642714,0, ,0.0,0.0,0.0,0.0,2,2000,0,0,0,0,0,0
HF,UMUDY,33.356881,-92.642714,2, ,0.0,0.0,223.0,04,2,2000,0,0,0,0,1,0,0

APPTR,R22,22,FLESH
IF,FLESH,32.725139,-92.233858, ,0.0,0.0,0,0,0,0,0,0,0,0
TF,KEBEC,33.296783,-92.573675,0, ,0.0,0.0,0.0,0.0,2,2000,0,0,0,0,1,0
TF,UMUDY,33.356881,-92.642714,0, ,0.0,0.0,0.0,0.0,2,2000,0,0,0,0,1,0

APPTR,R22,22,HAMPT
IF,HAMPT,33.550947,-92.503017, ,0.0,0.0,0,0,0,0,0,0,1,0
TF,UMUDY,33.356881,-92.642714,0, ,0.0,0.0,0.0,0.0,2,2000,0,0,0,0,1,0

APPTR,R22,22,LOCUS
IF,LOCUS,33.548669,-92.629611, ,0.0,0.0,0,0,0,0,0,0,0,0
TF,NALRE,33.416939,-92.711847,0, ,0.0,0.0,0.0,0.0,2,2000,0,0,0,0,1,0
TF,UMUDY,33.356881,-92.642714,0, ,0.0,0.0,0.0,0.0,2,2000,0,0,0,0,1,0

FINAL,R22,22,R,3
IF,UMUDY,33.356881,-92.642714, ,0.0,0.0,2,2000,0,0,0,0,0,0
TF,ODIRY,33.287275,-92.728550,0, ,0.0,0.0,223.0,6.0,2,2000,0,0,0,0,2,0
TF,RW22,33.226558,-92.803258,0, ,0.0,0.0,223.0,5.2,1,309,0,0,0,0,3,1
CA,0,223.0,2,602,0,0,0,0,0,0
DF,ZUSUK,33.090450,-92.970144,0, ,0.0,0.0,2,2000,0,0,0,0,0,1
HM,ZUSUK,33.090450,-92.970144,2, ,0.0,0.0,43.0,04,0,0,0,0,0,0,0,0,0

APPTR,R22-A,22,HOKED
IF,HOKED,33.019067,-92.793836, ,0.0,0.0,0,0,0,1,210,0,1,0
TF,PIPME,33.052033,-92.713664,0, ,0.0,0.0,0.0,0.0,2,2300,0,0,0,0,1,0

APPTR,R22-A,22,PUJAH
IF,PUJAH,33.084950,-92.633436, ,0.0,0.0,0,0,0,1,210,0,1,0
TF,PIPME,33.052033,-92.713664,0, ,0.0,0.0,0.0,0.0,2,2300,0,0,0,0,1,0

FINAL,R22-A,22,R,3
IF,PIPME,33.052033,-92.713664, ,0.0,0.0,2,2300,0,0,0,0,0,0
TF,ZUTSO,33.142097,-92.765819,0, ,0.0,0.0,331.0,6.0,2,2300,0,0,0,0,2,0
TF,HAGGY,33.216578,-92.809042,0, ,0.0,0.0,331.0,5.0,1,920,0,0,0,0,3,1
CA,0,331.0,2,920,0,0,0,0,0,0
DF,HOKED,33.019067,-92.793836,1, ,0.0,0.0,2,2300,0,1,210,0,0,1
HM,HOKED,33.019067,-92.793836,2, ,0.0,0.0,61.0,04,0,0,0,0,0,0,0,0,0

APPTR,R31-A,31,HOKED
IF,HOKED,33.019067,-92.793836, ,0.0,0.0,0,0,0,1,210,0,1,0
TF,PIPME,33.052033,-92.713664,0, ,0.0,0.0,0.0,0.0,2,2300,0,0,0,0,1,0

APPTR,R31-A,31,PUJAH
IF,PUJAH,33.084950,-92.633436, ,0.0,0.0,0,0,0,1,210,0,1,0
TF,PIPME,33.052033,-92.713664,0, ,0.0,0.0,0.0,0.0,2,2300,0,0,0,0,1,0

FINAL,R31-A,31,R,3
IF,PIPME,33.052033,-92.713664, ,0.0,0.0,2,2300,0,0,0,0,0,0
TF,ZUTSO,33.142097,-92.765819,0, ,0.0,0.0,331.0,6.0,2,2300,0,0,0,0,2,0
TF,HAGGY,33.216578,-92.809042,0, ,0.0,0.0,331.0,5.0,1,920,0,0,0,0,3,1
CA,0,331.0,2,920,0,0,0,0,0,0
DF,HOKED,33.019067,-92.793836,1, ,0.0,0.0,2,2300,0,1,210,0,0,1
HM,HOKED,33.019067,-92.793836,2, ,0.0,0.0,61.0,04,0,0,0,0,0,0,0,0,0

