APPTR,R10,10,FLIVR
IF,FLIVR,35.167833,-79.173647, ,0.0,0.0,2,2100,0,0,0,0,1,0
TF,SUCOV,35.124508,-79.063808,0, ,0.0,0.0,0.0,0.0,2,2000,0,0,0,0,1,0

APPTR,R10,10,HOMFY
IF,HOMFY,35.079042,-79.234050, ,0.0,0.0,2,2100,0,0,0,0,1,0
TF,SUCOV,35.124508,-79.063808,0, ,0.0,0.0,0.0,0.0,2,2000,0,0,0,0,1,0

FINAL,R10,10,R,4
IF,SUCOV,35.124508,-79.063808, ,0.0,0.0,2,2000,0,1,90,0,0,0
TF,TOSUY,35.128117,-79.003011,0, ,0.0,0.0,95.0,3.0,2,1500,0,0,0,0,2,0
TF,WUPAD,35.129789,-78.974647,0, ,0.0,0.0,95.0,1.4,2,900,0,0,0,0,0,0
TF,RW10,35.131694,-78.942217,0, ,0.0,0.0,95.0,1.6,1,280,0,0,0,0,3,1
CA,0,95.0,2,643,0,0,0,0,0,0
DF,DORBY,35.138781,-78.819311,0, ,0.0,0.0,2,2100,0,1,90,0,0,1
HM,DORBY,35.138781,-78.819311,2, ,0.0,0.0,275.0,04,3,6000,0,1,175,0,0,0,0

APPTR,R28,28,DENIL
IF,DENIL,35.334883,-78.839189, ,0.0,0.0,2,2100,0,0,0,0,0,0
TF,AXILE,35.146347,-78.685497,0, ,0.0,0.0,0.0,0.0,2,2100,0,0,0,0,0,1
HF,AXILE,35.146347,-78.685497,2, ,0.0,0.0,275.0,04,2,2100,0,1,175,0,1,0,0

APPTR,R28,28,FAY
IF,FAY,34.985550,-78.875064, ,0.0,0.0,2,2100,0,0,0,0,0,0
TF,AXILE,35.146347,-78.685497,0, ,0.0,0.0,0.0,0.0,2,2100,0,0,0,0,0,1
HF,AXILE,35.146347,-78.685497,2, ,0.0,0.0,275.0,04,2,2100,0,1,175,0,1,0,0

APPTR,R28,28,ROZBO
IF,ROZBO,34.956606,-78.627006, ,0.0,0.0,2,2100,0,0,0,0,1,0
TF,AXILE,35.146347,-78.685497,0, ,0.0,0.0,0.0,0.0,2,2100,0,0,0,0,1,0

FINAL,R28,28,R,3
IF,AXILE,35.146347,-78.685497, ,0.0,0.0,1,2100,0,1,90,0,0,0
TF,DORBY,35.138781,-78.819311,0, ,0.0,0.0,275.0,6.6,2,2000,0,0,0,0,2,0
TF,RW28,35.132497,-78.928475,0, ,0.0,0.0,275.0,5.4,1,259,0,0,0,0,3,1
CA,0,275.0,2,700,0,0,0,0,0,0
DF,AXILE,35.146347,-78.685497,1, ,0.0,0.0,2,2100,0,1,90,0,0,1
HM,AXILE,35.146347,-78.685497,2, ,0.0,0.0,275.0,04,3,6000,0,1,175,0,0,0,0

