STAR,MARQO3,ZOOSS,4
IF,ZOOSS,30.535178,-83.517050, ,0.0,0.0,1,24000,0,0,0,0,0,0
TF,WALOP,30.522778,-83.108333,0, ,0.0,0.0,0.0,0.0,0,0,0,0,0,0,0,0
TF,CAMJO,30.508889,-82.686389,0, ,0.0,0.0,0.0,0.0,0,0,0,0,0,0,0,0
TF,MARQO,30.514881,-82.546006,0, ,0.0,0.0,0.0,0.0,0,0,0,0,0,0,0,0

STAR,MARQO3,ALL,5
IF,MARQO,30.514881,-82.546006, ,0.0,0.0,0,0,0,0,0,0,0,0
TF,COROE,30.522858,-82.353269,0, ,0.0,0.0,0.0,0.0,3,11000,0,0,0,0,0,0
TF,GWIIZ,30.564194,-81.870194,0, ,0.0,0.0,0.0,0.0,0,0,0,0,0,0,0,0
TF,EGAGE,30.578550,-81.697233,0, ,0.0,0.0,0.0,0.0,1,4000,0,1,210,0,0,1
FM,EGAGE,30.578550,-81.697233,0,SGJ,0.0,0.0,77.0,0,0,0,0,0,0,0,0

STAR,QUBEN2,HAINY,4
IF,HAINY,28.984722,-81.364167, ,0.0,0.0,2,24000,0,0,0,0,0,0
TF,MISCL,29.274167,-81.383889,0, ,0.0,0.0,0.0,0.0,0,0,0,0,0,0,0,0
TF,MEAAT,29.558889,-81.403056,0, ,0.0,0.0,0.0,0.0,0,0,0,0,0,0,0,0
TF,BASSS,29.680611,-81.545633,0, ,0.0,0.0,0.0,0.0,0,0,0,0,0,0,0,0
TF,POGIE,29.769731,-81.648594,0, ,0.0,0.0,0.0,0.0,1,13000,0,0,0,0,0,0

STAR,QUBEN2,MEAAT,4
IF,MEAAT,29.558889,-81.403056, ,0.0,0.0,0,0,0,0,0,0,0,0
TF,BASSS,29.680611,-81.545633,0, ,0.0,0.0,0.0,0.0,0,0,0,0,0,0,0,0
TF,POGIE,29.769731,-81.648594,0, ,0.0,0.0,0.0,0.0,1,13000,0,0,0,0,0,0

STAR,QUBEN2,ALL,5
IF,POGIE,29.769731,-81.648594, ,0.0,0.0,1,13000,0,0,0,0,0,0
TF,QUBEN,29.936289,-81.663611,0, ,0.0,0.0,0.0,0.0,0,0,0,0,0,0,0,1
FM,QUBEN,29.936289,-81.663611,0,SGJ,0.0,0.0,360.0,0,0,0,0,0,0,0,0

STAR,TEBOW2,HILIS,4
IF,HILIS,29.676483,-82.279819, ,0.0,0.0,0,0,0,0,0,0,0,0
TF,FABES,29.853111,-82.202314,0, ,0.0,0.0,0.0,0.0,0,0,0,0,0,0,0,0
TF,MCFIE,29.992189,-82.129953,0, ,0.0,0.0,0.0,0.0,1,12000,0,0,0,0,0,0

STAR,TEBOW2,ALL,5
IF,MCFIE,29.992189,-82.129953, ,0.0,0.0,1,12000,0,0,0,0,0,0
TF,TEBOW,30.096092,-82.075750,0, ,0.0,0.0,0.0,0.0,0,0,0,0,0,0,0,1
FM,TEBOW,30.096092,-82.075750,0,SGJ,0.0,0.0,46.0,0,0,0,0,0,0,0,0

APPTR,R04,04,WILNA
HF,WILNA,30.434903,-81.606769,2, ,0.0,0.0,41.0,04,2,2100,0,0,0,0,1,0,0

FINAL,R04,04,R,4
IF,WILNA,30.434903,-81.606769, ,0.0,0.0,2,2100,0,0,0,0,0,0
TF,SHOAT,30.530519,-81.527889,0, ,0.0,0.0,41.0,7.0,2,1800,0,0,0,0,2,0
TF,DENOO,30.569783,-81.495467,0, ,0.0,0.0,41.0,2.9,2,880,0,0,0,0,0,0
TF,RW04,30.604794,-81.466525,0, ,0.0,0.0,41.0,2.6,1,59,0,0,0,0,3,1
CA,0,41.0,2,265,0,0,0,0,0,0
DF,EZDAW,30.785394,-81.316831,0, ,0.0,0.0,2,2000,0,0,0,0,0,1
HM,EZDAW,30.785394,-81.316831,2, ,0.0,0.0,221.0,04,0,0,0,0,0,0,0,0,0

APPTR,R13,13,ACAPU
HF,ACAPU,30.735886,-81.664967,2, ,0.0,0.0,130.0,04,2,3000,0,0,0,0,1,0,0

APPTR,R13,13,HUPAR
IF,HUPAR,30.817478,-81.597550, ,0.0,0.0,0,0,0,1,210,0,1,0
TF,ACAPU,30.735886,-81.664967,0, ,0.0,0.0,0.0,0.0,2,3000,0,0,0,0,1,0

APPTR,R13,13,JOBUK
IF,JOBUK,30.654258,-81.732275, ,0.0,0.0,0,0,0,1,210,0,1,0
TF,ACAPU,30.735886,-81.664967,0, ,0.0,0.0,0.0,0.0,2,3000,0,0,0,0,1,0

FINAL,R13,13,R,4
IF,ACAPU,30.735886,-81.664967, ,0.0,0.0,2,3000,0,0,0,0,0,0
TF,ZIGOL,30.673656,-81.564056,0, ,0.0,0.0,130.0,6.4,2,2000,0,0,0,0,2,0
TF,HIROP,30.645608,-81.518664,0, ,0.0,0.0,131.0,2.9,2,1080,0,0,0,0,0,0
TF,RW13,30.614508,-81.468386,0, ,0.0,0.0,131.0,3.2,1,61,0,0,0,0,3,1
CA,0,131.0,2,500,0,0,0,0,0,0
DF,ACAPU,30.735886,-81.664967,1, ,0.0,0.0,2,3000,0,0,0,0,0,1
HM,ACAPU,30.735886,-81.664967,2, ,0.0,0.0,130.0,04,2,3000,0,0,0,0,0,0,0

APPTR,R22,22,EZDAW
HF,EZDAW,30.785394,-81.316831,2, ,0.0,0.0,221.0,04,2,2000,0,0,0,0,1,0,0

APPTR,R22,22,HEVIP
IF,HEVIP,30.726958,-81.222539, ,0.0,0.0,0,0,0,0,0,0,1,0
TF,EZDAW,30.785394,-81.316831,0, ,0.0,0.0,0.0,0.0,2,2000,0,0,0,0,1,0

APPTR,R22,22,IFWOC
IF,IFWOC,30.843764,-81.411236, ,0.0,0.0,0,0,0,0,0,0,1,0
TF,EZDAW,30.785394,-81.316831,0, ,0.0,0.0,0.0,0.0,2,2000,0,0,0,0,1,0

FINAL,R22,22,R,4
IF,EZDAW,30.785394,-81.316831, ,0.0,0.0,2,2000,0,0,0,0,0,0
TF,CUGTO,30.695122,-81.391717,0, ,0.0,0.0,221.0,6.7,2,2000,0,0,0,0,2,0
TF,FIVBA,30.657772,-81.422672,0, ,0.0,0.0,221.0,2.8,2,1080,0,0,0,0,0,0
TF,RW22,30.615664,-81.457533,0, ,0.0,0.0,221.0,3.1,1,75,0,0,0,0,3,1
CA,0,221.0,2,600,0,0,0,0,0,0
DF,EZDAW,30.785394,-81.316831,1, ,0.0,0.0,2,2000,0,0,0,0,0,1
HM,EZDAW,30.785394,-81.316831,2, ,0.0,0.0,221.0,04,0,0,0,0,0,0,0,0,0

