STAR,NELIE4,ALB,4
IF,ALB,42.747281,-73.803183, ,0.0,0.0,0,0,0,0,0,0,0,0
TF,SHIGY,42.399431,-73.316939,0, ,0.0,0.0,0.0,0.0,0,0,0,0,0,0,0,0
TF,TOMES,42.145353,-72.967067,0, ,0.0,0.0,0.0,0.0,0,0,0,0,0,0,0,0
TF,NELIE,41.941011,-72.688578,0, ,0.0,0.0,0.0,0.0,0,0,0,0,0,0,0,0

STAR,NELIE4,ARRKK,4
IF,ARRKK,42.063478,-75.316781, ,0.0,0.0,0,0,0,0,0,0,0,0
TF,SCARS,42.315750,-74.829819,0, ,0.0,0.0,0.0,0.0,0,0,0,0,0,0,0,0
TF,FOXXX,42.343642,-74.291964,0, ,0.0,0.0,0.0,0.0,0,0,0,0,0,0,0,0
TF,GOOBY,42.393428,-73.429339,0, ,0.0,0.0,0.0,0.0,0,0,0,0,0,0,0,0
TF,SHIGY,42.399431,-73.316939,0, ,0.0,0.0,0.0,0.0,0,0,0,0,0,0,0,0
TF,TOMES,42.145353,-72.967067,0, ,0.0,0.0,0.0,0.0,0,0,0,0,0,0,0,0
TF,NELIE,41.941011,-72.688578,0, ,0.0,0.0,0.0,0.0,0,0,0,0,0,0,0,0

STAR,NELIE4,MEMMS,4
IF,MEMMS,42.516586,-76.304286, ,0.0,0.0,0,0,0,0,0,0,0,0
TF,SCARS,42.315750,-74.829819,0, ,0.0,0.0,0.0,0.0,0,0,0,0,0,0,0,0
TF,FOXXX,42.343642,-74.291964,0, ,0.0,0.0,0.0,0.0,0,0,0,0,0,0,0,0
TF,GOOBY,42.393428,-73.429339,0, ,0.0,0.0,0.0,0.0,0,0,0,0,0,0,0,0
TF,SHIGY,42.399431,-73.316939,0, ,0.0,0.0,0.0,0.0,0,0,0,0,0,0,0,0
TF,TOMES,42.145353,-72.967067,0, ,0.0,0.0,0.0,0.0,0,0,0,0,0,0,0,0
TF,NELIE,41.941011,-72.688578,0, ,0.0,0.0,0.0,0.0,0,0,0,0,0,0,0,0

STAR,NELIE4,ALL,5
IF,NELIE,41.941011,-72.688578, ,0.0,0.0,0,0,0,0,0,0,0,0
TF,WIPOR,41.656408,-72.177131,0, ,0.0,0.0,0.0,0.0,0,0,0,0,0,0,0,0
TF,YANTC,41.556336,-71.999153,0, ,0.0,0.0,0.0,0.0,0,0,0,0,0,0,0,0
TF,WANDI,41.376047,-72.133842,0, ,0.0,0.0,0.0,0.0,0,0,0,0,0,0,0,0
TF,CCC,40.929619,-72.798858,0, ,0.0,0.0,0.0,0.0,0,0,0,0,0,0,0,1
VM,40.843619,-72.631811,0,254.0,0,0,0,0,0,0,0,0

STAR,SARDI1,BRIGS,4
IF,BRIGS,39.523533,-74.138797, ,0.0,0.0,3,21000,0,0,0,0,0,0
TF,HARBO,39.607511,-74.007378,0, ,0.0,0.0,0.0,0.0,0,0,0,0,0,0,0,0
TF,DRIFT,39.814878,-73.680425,0, ,0.0,0.0,0.0,0.0,0,0,0,0,0,0,0,0
TF,MANTA,39.901947,-73.542119,0, ,0.0,0.0,0.0,0.0,0,0,0,0,0,0,0,0
TF,PLUME,40.118519,-73.285564,0, ,0.0,0.0,0.0,0.0,0,0,0,0,0,0,0,0
TF,SHERL,40.255708,-73.121739,0, ,0.0,0.0,0.0,0.0,0,0,0,0,0,0,0,0
TF,DUNEE,40.323439,-73.040572,0, ,0.0,0.0,0.0,0.0,0,0,0,0,0,0,0,0
TF,KOPPY,40.417656,-72.927356,0, ,0.0,0.0,0.0,0.0,0,0,0,0,0,0,0,0
TF,SARDI,40.524058,-72.798853,0, ,0.0,0.0,0.0,0.0,0,0,0,0,0,0,0,0

STAR,SARDI1,DUNEE,4
IF,DUNEE,40.323439,-73.040572, ,0.0,0.0,0,0,0,0,0,0,0,0
TF,KOPPY,40.417656,-72.927356,0, ,0.0,0.0,0.0,0.0,0,0,0,0,0,0,0,0
TF,SARDI,40.524058,-72.798853,0, ,0.0,0.0,0.0,0.0,0,0,0,0,0,0,0,0

STAR,SARDI1,KALDA,4
IF,KALDA,37.841961,-75.626483, ,0.0,0.0,0,0,0,0,0,0,0,0
TF,ZJAAY,38.052764,-75.442853,0, ,0.0,0.0,0.0,0.0,0,0,0,0,0,0,0,0
TF,BYSEL,38.250750,-75.281353,0, ,0.0,0.0,0.0,0.0,0,0,0,0,0,0,0,0
TF,RADDS,38.648556,-75.088467,0, ,0.0,0.0,0.0,0.0,0,0,0,0,0,0,0,0
TF,SHHAY,38.784467,-74.932061,0, ,0.0,0.0,0.0,0.0,0,0,0,0,0,0,0,0
TF,MAEVE,38.963908,-74.745700,0, ,0.0,0.0,0.0,0.0,0,0,0,0,0,0,0,0
TF,WAALK,39.141294,-74.559147,0, ,0.0,0.0,0.0,0.0,0,0,0,0,0,0,0,0
TF,JENGA,39.276669,-74.411619,0, ,0.0,0.0,0.0,0.0,0,0,0,0,0,0,0,0
TF,RAINN,39.452753,-74.217544,0, ,0.0,0.0,0.0,0.0,0,0,0,0,0,0,0,0
TF,BRIGS,39.523533,-74.138797,0, ,0.0,0.0,0.0,0.0,3,21000,0,0,0,0,0,0
TF,HARBO,39.607511,-74.007378,0, ,0.0,0.0,0.0,0.0,0,0,0,0,0,0,0,0
TF,DRIFT,39.814878,-73.680425,0, ,0.0,0.0,0.0,0.0,0,0,0,0,0,0,0,0
TF,MANTA,39.901947,-73.542119,0, ,0.0,0.0,0.0,0.0,0,0,0,0,0,0,0,0
TF,PLUME,40.118519,-73.285564,0, ,0.0,0.0,0.0,0.0,0,0,0,0,0,0,0,0
TF,SHERL,40.255708,-73.121739,0, ,0.0,0.0,0.0,0.0,0,0,0,0,0,0,0,0
TF,DUNEE,40.323439,-73.040572,0, ,0.0,0.0,0.0,0.0,0,0,0,0,0,0,0,0
TF,KOPPY,40.417656,-72.927356,0, ,0.0,0.0,0.0,0.0,0,0,0,0,0,0,0,0
TF,SARDI,40.524058,-72.798853,0, ,0.0,0.0,0.0,0.0,0,0,0,0,0,0,0,0

STAR,SARDI1,MAEVE,4
IF,MAEVE,38.963908,-74.745700, ,0.0,0.0,0,0,0,0,0,0,0,0
TF,WAALK,39.141294,-74.559147,0, ,0.0,0.0,0.0,0.0,0,0,0,0,0,0,0,0
TF,JENGA,39.276669,-74.411619,0, ,0.0,0.0,0.0,0.0,0,0,0,0,0,0,0,0
TF,RAINN,39.452753,-74.217544,0, ,0.0,0.0,0.0,0.0,0,0,0,0,0,0,0,0
TF,BRIGS,39.523533,-74.138797,0, ,0.0,0.0,0.0,0.0,3,21000,0,0,0,0,0,0
TF,HARBO,39.607511,-74.007378,0, ,0.0,0.0,0.0,0.0,0,0,0,0,0,0,0,0
TF,DRIFT,39.814878,-73.680425,0, ,0.0,0.0,0.0,0.0,0,0,0,0,0,0,0,0
TF,MANTA,39.901947,-73.542119,0, ,0.0,0.0,0.0,0.0,0,0,0,0,0,0,0,0
TF,PLUME,40.118519,-73.285564,0, ,0.0,0.0,0.0,0.0,0,0,0,0,0,0,0,0
TF,SHERL,40.255708,-73.121739,0, ,0.0,0.0,0.0,0.0,0,0,0,0,0,0,0,0
TF,DUNEE,40.323439,-73.040572,0, ,0.0,0.0,0.0,0.0,0,0,0,0,0,0,0,0
TF,KOPPY,40.417656,-72.927356,0, ,0.0,0.0,0.0,0.0,0,0,0,0,0,0,0,0
TF,SARDI,40.524058,-72.798853,0, ,0.0,0.0,0.0,0.0,0,0,0,0,0,0,0,0

STAR,SARDI1,RADDS,4
IF,RADDS,38.648556,-75.088467, ,0.0,0.0,0,0,0,0,0,0,0,0
TF,SHHAY,38.784467,-74.932061,0, ,0.0,0.0,0.0,0.0,0,0,0,0,0,0,0,0
TF,MAEVE,38.963908,-74.745700,0, ,0.0,0.0,0.0,0.0,0,0,0,0,0,0,0,0
TF,WAALK,39.141294,-74.559147,0, ,0.0,0.0,0.0,0.0,0,0,0,0,0,0,0,0
TF,JENGA,39.276669,-74.411619,0, ,0.0,0.0,0.0,0.0,0,0,0,0,0,0,0,0
TF,RAINN,39.452753,-74.217544,0, ,0.0,0.0,0.0,0.0,0,0,0,0,0,0,0,0
TF,BRIGS,39.523533,-74.138797,0, ,0.0,0.0,0.0,0.0,3,21000,0,0,0,0,0,0
TF,HARBO,39.607511,-74.007378,0, ,0.0,0.0,0.0,0.0,0,0,0,0,0,0,0,0
TF,DRIFT,39.814878,-73.680425,0, ,0.0,0.0,0.0,0.0,0,0,0,0,0,0,0,0
TF,MANTA,39.901947,-73.542119,0, ,0.0,0.0,0.0,0.0,0,0,0,0,0,0,0,0
TF,PLUME,40.118519,-73.285564,0, ,0.0,0.0,0.0,0.0,0,0,0,0,0,0,0,0
TF,SHERL,40.255708,-73.121739,0, ,0.0,0.0,0.0,0.0,0,0,0,0,0,0,0,0
TF,DUNEE,40.323439,-73.040572,0, ,0.0,0.0,0.0,0.0,0,0,0,0,0,0,0,0
TF,KOPPY,40.417656,-72.927356,0, ,0.0,0.0,0.0,0.0,0,0,0,0,0,0,0,0
TF,SARDI,40.524058,-72.798853,0, ,0.0,0.0,0.0,0.0,0,0,0,0,0,0,0,0

STAR,SARDI1,WAALK,4
IF,WAALK,39.141294,-74.559147, ,0.0,0.0,0,0,0,0,0,0,0,0
TF,JENGA,39.276669,-74.411619,0, ,0.0,0.0,0.0,0.0,0,0,0,0,0,0,0,0
TF,RAINN,39.452753,-74.217544,0, ,0.0,0.0,0.0,0.0,0,0,0,0,0,0,0,0
TF,BRIGS,39.523533,-74.138797,0, ,0.0,0.0,0.0,0.0,3,21000,0,0,0,0,0,0
TF,HARBO,39.607511,-74.007378,0, ,0.0,0.0,0.0,0.0,0,0,0,0,0,0,0,0
TF,DRIFT,39.814878,-73.680425,0, ,0.0,0.0,0.0,0.0,0,0,0,0,0,0,0,0
TF,MANTA,39.901947,-73.542119,0, ,0.0,0.0,0.0,0.0,0,0,0,0,0,0,0,0
TF,PLUME,40.118519,-73.285564,0, ,0.0,0.0,0.0,0.0,0,0,0,0,0,0,0,0
TF,SHERL,40.255708,-73.121739,0, ,0.0,0.0,0.0,0.0,0,0,0,0,0,0,0,0
TF,DUNEE,40.323439,-73.040572,0, ,0.0,0.0,0.0,0.0,0,0,0,0,0,0,0,0
TF,KOPPY,40.417656,-72.927356,0, ,0.0,0.0,0.0,0.0,0,0,0,0,0,0,0,0
TF,SARDI,40.524058,-72.798853,0, ,0.0,0.0,0.0,0.0,0,0,0,0,0,0,0,0

STAR,SARDI1,ALL,5
IF,SARDI,40.524058,-72.798853, ,0.0,0.0,0,0,0,0,0,0,0,0
TF,RICED,40.611969,-72.692183,0, ,0.0,0.0,0.0,0.0,0,0,0,0,0,0,0,0
TF,BEADS,40.734586,-72.542836,0, ,0.0,0.0,0.0,0.0,0,0,0,0,0,0,0,1
FM,BEADS,40.734586,-72.542836,0,GON,0.0,0.0,57.0,0,0,0,0,0,0,0,0

APPTR,I24,24,ORCHA
IF,ORCHA,40.915406,-72.312122, ,0.0,0.0,0,0,0,0,0,0,1,0
TF,MATTY,40.973097,-72.473378,0,IFOK,0.0,0.0,0.0,0.0,2,2700,0,0,0,0,1,0

FINAL,I24,24,I,3
IF,MATTY,40.973097,-72.473378,IFOK,55.5,11.3,2,2700,0,0,0,0,0,0
CF,SPREE,40.907453,-72.552956,0,IFOK,55.5,6.0,236.0,5.4,1,1500,0,0,0,0,2,0
CF,RW24,40.854453,-72.617028,0,IFOK,55.5,1.7,236.0,4.3,1,126,0,0,0,0,3,0
CA,0,236.0,2,880,0,0,0,0,0,0
DF,CCC,40.929619,-72.798858,2, ,0.0,0.0,2,2000,0,0,0,0,0,0
HM,CCC,40.929619,-72.798858,1, ,0.0,0.0,265.0,04.3,0,0,0,0,0,0,0,0,0

APPTR,R06,06,ORCHA
IF,ORCHA,40.915406,-72.312122, ,0.0,0.0,0,0,0,0,0,0,0,0
TF,ZATBO,40.700872,-72.801858,0, ,0.0,0.0,0.0,0.0,2,2600,0,0,0,0,0,1
HF,ZATBO,40.700872,-72.801858,2, ,0.0,0.0,55.0,04,2,2600,0,0,0,0,1,0,0

APPTR,R06,06,SARDI
IF,SARDI,40.524058,-72.798853, ,0.0,0.0,0,0,0,0,0,0,1,0
TF,ZATBO,40.700872,-72.801858,0, ,0.0,0.0,0.0,0.0,2,2600,0,0,0,0,1,0

FINAL,R06,06,R,4
IF,ZATBO,40.700872,-72.801858, ,0.0,0.0,2,2600,0,0,0,0,0,0
TF,TAZZY,40.774964,-72.712856,0, ,0.0,0.0,55.0,6.0,2,1700,0,0,0,0,2,0
TF,CILVA,40.805497,-72.676086,0, ,0.0,0.0,55.0,2.5,2,880,0,0,0,0,0,0
TF,RW06,40.836239,-72.639014,0, ,0.0,0.0,55.0,2.5,1,114,0,0,0,0,3,1
CA,0,55.0,2,420,0,0,0,0,0,0
DF,MATTY,40.973097,-72.473378,0, ,0.0,0.0,2,2000,0,0,0,0,0,1
HM,MATTY,40.973097,-72.473378,2, ,0.0,0.0,236.0,05,0,0,0,0,0,0,0,0,0

APPTR,R15,15,WALSO
IF,WALSO,40.878833,-72.887231, ,0.0,0.0,0,0,0,0,0,0,1,0
TF,SPLAN,40.955233,-72.795386,0, ,0.0,0.0,0.0,0.0,2,1800,0,0,0,0,1,0

APPTR,R15,15,ZENNO
IF,ZENNO,41.031561,-72.703333, ,0.0,0.0,0,0,0,0,0,0,1,0
TF,SPLAN,40.955233,-72.795386,0, ,0.0,0.0,0.0,0.0,2,1800,0,0,0,0,1,0

FINAL,R15,15,R,4
IF,SPLAN,40.955233,-72.795386, ,0.0,0.0,2,1800,0,0,0,0,0,0
TF,DHAWK,40.902928,-72.719900,0, ,0.0,0.0,145.0,4.7,2,1700,0,0,0,0,2,0
TF,TORUC,40.868992,-72.671028,0, ,0.0,0.0,145.0,3.0,2,740,0,0,0,0,0,0
TF,RW15,40.847169,-72.639642,0, ,0.0,0.0,145.0,1.9,1,123,0,0,0,0,3,1
CA,0,145.0,2,500,0,0,0,0,0,0
DF,CCC,40.929619,-72.798858,2, ,0.0,0.0,2,2000,0,0,0,0,0,1
HM,CCC,40.929619,-72.798858,1, ,0.0,0.0,266.0,04,0,0,0,0,0,0,0,0,0

APPTR,R24,24,CREAM
IF,CREAM,41.148847,-72.521756, ,0.0,0.0,0,0,0,0,0,0,0,0
TF,CIBNI,41.054539,-72.529172,0, ,0.0,0.0,0.0,0.0,2,2000,0,0,0,0,1,0
TF,MATTY,40.973097,-72.473378,0, ,0.0,0.0,0.0,0.0,2,2000,0,0,0,0,1,0

APPTR,R24,24,MATTY
HF,MATTY,40.973097,-72.473378,2, ,0.0,0.0,236.0,05,2,2000,0,0,0,0,1,0,0

APPTR,R24,24,ORCHA
IF,ORCHA,40.915406,-72.312122, ,0.0,0.0,0,0,0,0,0,0,1,0
TF,MATTY,40.973097,-72.473378,0, ,0.0,0.0,0.0,0.0,2,2000,0,0,0,0,1,0

FINAL,R24,24,R,3
IF,MATTY,40.973097,-72.473378, ,0.0,0.0,2,2000,0,0,0,0,0,0
TF,HAGIK,40.907658,-72.552700,0, ,0.0,0.0,236.0,5.3,2,1500,0,0,0,0,2,0
TF,RW24,40.854453,-72.617028,0, ,0.0,0.0,236.0,4.3,1,121,0,0,0,0,3,1
CA,0,236.0,2,338,0,0,0,0,0,0
DF,ZATBO,40.700872,-72.801858,0, ,0.0,0.0,2,2600,0,0,0,0,0,1
HM,ZATBO,40.700872,-72.801858,2, ,0.0,0.0,55.0,04,0,0,0,0,0,0,0,0,0

APPTR,R33,33,FALTA
IF,FALTA,40.805767,-72.379144, ,0.0,0.0,0,0,0,0,0,0,1,0
TF,TROYJ,40.729697,-72.471256,0, ,0.0,0.0,0.0,0.0,2,2000,0,0,0,0,1,0

APPTR,R33,33,SAVYR
IF,SAVYR,40.653553,-72.563161, ,0.0,0.0,0,0,0,0,0,0,1,0
TF,TROYJ,40.729697,-72.471256,0, ,0.0,0.0,0.0,0.0,2,2000,0,0,0,0,1,0

FINAL,R33,33,R,3
IF,TROYJ,40.729697,-72.471256, ,0.0,0.0,2,2000,0,0,0,0,0,0
TF,JULYT,40.784986,-72.550392,0, ,0.0,0.0,326.0,4.9,2,1600,0,0,0,0,2,0
TF,RW33,40.837894,-72.626311,0, ,0.0,0.0,326.0,4.7,1,105,0,0,0,0,3,1
CA,0,326.0,2,500,0,0,0,0,0,0
DF,CCC,40.929619,-72.798858,0, ,0.0,0.0,2,2000,0,0,0,0,0,1
HM,CCC,40.929619,-72.798858,1, ,0.0,0.0,266.0,04,0,0,0,0,0,0,0,0,0

APPTR,T06,06,SKALP
IF,SKALP,40.918994,-72.316706, ,0.0,0.0,0,0,0,0,0,0,0,0
TF,FOK,40.837767,-72.631844,0, ,0.0,0.0,0.0,0.0,2,2000,0,0,0,0,0,0
TF,PICAR,40.762656,-72.749517,0, ,0.0,0.0,0.0,0.0,2,2000,0,0,0,0,0,0
HF,PICAR,40.762656,-72.749517,2, ,0.0,0.0,63.0,04,2,2000,0,0,0,0,1,0,0

FINAL,T06,06,D,3
IF,PICAR,40.762656,-72.749517,FOK,243.0,7.0,2,2000,0,0,0,0,2,0
CF,SONOC,40.810964,-72.673886,0,FOK,243.0,2.5,63.0,4.5,2,740,0,0,0,0,0,0
CF,TABOC,40.825975,-72.650347,0,FOK,243.0,1.1,63.0,1.4,1,353,0,0,0,0,3,0
CA,0,63.0,2,470,0,0,0,0,0,0
CF,SKALP,40.918994,-72.316706,0,FOK,84.1,15.2,84.0,15.2,2,2000,0,0,0,0,0,0
HM,SKALP,40.918994,-72.316706,1, ,0.0,0.0,264.0,05,0,0,0,0,0,0,0,0,0

APPTR,T24,24,CCC
IF,CCC,40.929619,-72.798858, ,0.0,0.0,0,0,0,0,0,0,0,0
TF,FAIRI,40.930961,-72.539256,0, ,0.0,0.0,0.0,0.0,2,2000,0,0,0,0,0,0
HF,FAIRI,40.930961,-72.539256,2, ,0.0,0.0,230.0,04,2,2000,0,0,0,0,1,0,0

APPTR,T24,24,HTO
IF,HTO,40.918994,-72.316706, ,0.0,0.0,0,0,0,0,0,0,0,0
TF,FAIRI,40.930961,-72.539256,0, ,0.0,0.0,0.0,0.0,2,2000,0,0,0,0,0,0
HF,FAIRI,40.930961,-72.539256,2, ,0.0,0.0,230.0,04,2,2000,0,0,0,0,1,0,0

FINAL,T24,24,D,2
IF,FAIRI,40.930961,-72.539256,FOK,50.0,7.0,2,2000,0,0,0,0,2,0
CF,GORKE,40.853817,-72.615922,0,FOK,50.0,1.2,230.0,5.8,1,141,0,0,0,0,3,0
CA,0,230.0,2,470,0,0,0,0,0,0
CF,PICAR,40.762656,-72.749517,0,FOK,243.0,7.0,243.0,7.0,2,2000,0,0,0,0,0,0
AF,FAIRI,40.930961,-72.539256,1,FOK,50.0,7.0,243.0,0,0,0,0,0,0,0,0
HM,FAIRI,40.930961,-72.539256,2, ,0.0,0.0,230.0,04,0,0,0,0,0,0,0,0,0

