APPTR,R15,15,BOYKI
IF,BOYKI,47.934614,-93.776914, ,0.0,0.0,3,6000,0,0,0,0,1,0
HF,BOYKI,47.934614,-93.776914,2, ,0.0,0.0,149.0,04,2,4000,0,0,0,0,0,0,0

APPTR,R15,15,ENEPY
IF,ENEPY,47.995642,-93.615256, ,0.0,0.0,0,0,0,0,0,0,1,0
TF,BOYKI,47.934614,-93.776914,0, ,0.0,0.0,0.0,0.0,2,4000,0,0,0,0,1,0

APPTR,R15,15,YOBRI
IF,YOBRI,47.275789,-93.896714, ,0.0,0.0,0,0,0,0,0,0,0,0
TF,DUCDO,47.879328,-93.922517,0, ,0.0,0.0,0.0,0.0,2,4000,0,0,0,0,1,0
TF,BOYKI,47.934614,-93.776914,0, ,0.0,0.0,0.0,0.0,2,4000,0,0,0,0,1,0

FINAL,R15,15,R,4
IF,BOYKI,47.934614,-93.776914, ,0.0,0.0,2,4000,0,0,0,0,0,0
TF,AWUNA,47.862081,-93.716192,0, ,0.0,0.0,149.0,5.0,2,3000,0,0,0,0,2,0
TF,HOXAS,47.813400,-93.675550,0, ,0.0,0.0,149.0,3.4,2,1920,0,0,0,0,0,0
TF,RW15,47.788711,-93.654972,0, ,0.0,0.0,149.0,1.7,1,1391,0,0,0,0,3,1
CA,0,149.0,2,1720,0,0,0,0,0,0
DF,FOLIM,47.632814,-93.525572,0, ,0.0,0.0,2,4000,0,0,0,0,0,1
HM,FOLIM,47.632814,-93.525572,2, ,0.0,0.0,329.0,04,2,4000,0,0,0,0,0,0,0

APPTR,R33,33,DUNEC
IF,DUNEC,47.731164,-93.264061, ,0.0,0.0,0,0,0,0,0,0,1,0
TF,FOLIM,47.632814,-93.525572,0, ,0.0,0.0,0.0,0.0,2,4000,0,0,0,0,1,0

APPTR,R33,33,FOLIM
HF,FOLIM,47.632814,-93.525572,2, ,0.0,0.0,329.0,04,2,4000,0,0,0,0,1,0,0

APPTR,R33,33,WIMJY
IF,WIMJY,47.392128,-93.475353, ,0.0,0.0,0,0,0,0,0,0,1,0
TF,FOLIM,47.632814,-93.525572,0, ,0.0,0.0,0.0,0.0,2,4000,0,0,0,0,1,0

APPTR,R33,33,YOBRI
IF,YOBRI,47.275789,-93.896714, ,0.0,0.0,0,0,0,0,0,0,1,0
TF,FOLIM,47.632814,-93.525572,0, ,0.0,0.0,0.0,0.0,2,4000,0,0,0,0,1,0

FINAL,R33,33,R,3
IF,FOLIM,47.632814,-93.525572, ,0.0,0.0,2,4000,0,0,0,0,0,0
TF,WONOD,47.705517,-93.585806,0, ,0.0,0.0,329.0,5.0,2,3000,0,0,0,0,2,0
TF,RW33,47.779156,-93.647014,0, ,0.0,0.0,329.0,5.1,1,1386,0,0,0,0,3,1
CA,0,329.0,2,1751,0,0,0,0,0,0
DF,BOYKI,47.934614,-93.776914,0, ,0.0,0.0,2,4000,0,0,0,0,0,1
HM,BOYKI,47.934614,-93.776914,2, ,0.0,0.0,149.0,04,2,4000,0,0,0,0,0,0,0

