APPTR,R01,01,EPOZI
HF,EPOZI,35.222583,-81.950897,2, ,0.0,0.0,9.0,04,2,3000,0,0,0,0,1,0,0

APPTR,R01,01,GAFFE
IF,GAFFE,35.094139,-81.556644, ,0.0,0.0,0,0,0,0,0,0,0,0
TF,KAZNY,35.189972,-81.817628,0, ,0.0,0.0,0.0,0.0,2,3000,0,0,0,0,1,0
TF,EPOZI,35.222583,-81.950897,0, ,0.0,0.0,0.0,0.0,2,3000,0,0,0,0,1,0

APPTR,R01,01,OBURY
IF,OBURY,35.216347,-82.093928, ,0.0,0.0,0,0,0,0,0,0,1,0
TF,EPOZI,35.222583,-81.950897,0, ,0.0,0.0,0.0,0.0,2,3000,0,0,0,0,1,0

APPTR,R01,01,SPA
IF,SPA,35.033625,-81.927011, ,0.0,0.0,0,0,0,0,0,0,1,0
TF,EPOZI,35.222583,-81.950897,0, ,0.0,0.0,0.0,0.0,2,3000,0,0,0,0,1,0

FINAL,R01,01,R,4
IF,EPOZI,35.222583,-81.950897, ,0.0,0.0,2,3000,0,0,0,0,0,0
TF,JAKIB,35.337536,-81.942058,0, ,0.0,0.0,9.0,6.9,2,2700,0,0,0,0,2,0
TF,CUVUG,35.389733,-81.938042,0, ,0.0,0.0,9.0,3.1,2,1700,0,0,0,0,0,0
TF,RW01,35.421386,-81.935603,0, ,0.0,0.0,9.0,1.9,1,1097,0,0,0,0,3,1
CA,0,9.0,2,1700,0,0,0,0,0,0
DF,EPOZI,35.222583,-81.950897,1, ,0.0,0.0,2,3000,0,1,210,0,0,1
HM,EPOZI,35.222583,-81.950897,2, ,0.0,0.0,9.0,04,0,0,0,0,0,0,0,0,0

APPTR,R19,19,BUSIC
IF,BUSIC,35.693147,-82.230314, ,0.0,0.0,0,0,0,0,0,0,0,0
TF,TUSRE,35.669000,-82.126003,0, ,0.0,0.0,0.0,0.0,2,7200,0,0,0,0,0,0
TF,WOGAG,35.671089,-82.038736,0, ,0.0,0.0,0.0,0.0,2,6100,0,0,0,0,1,0
TF,ZOKIM,35.657317,-81.917369,0, ,0.0,0.0,0.0,0.0,2,3800,0,0,0,0,1,0

APPTR,R19,19,SWENK
IF,SWENK,35.671475,-81.683294, ,0.0,0.0,0,0,0,0,0,0,0,0
TF,JIVEW,35.667628,-81.795697,0, ,0.0,0.0,0.0,0.0,2,5100,0,0,0,0,1,0
TF,ZOKIM,35.657317,-81.917369,0, ,0.0,0.0,0.0,0.0,2,3800,0,0,0,0,1,0

FINAL,R19,19,R,6
IF,ZOKIM,35.657317,-81.917369, ,0.0,0.0,2,3800,0,0,0,0,0,0
TF,WEVLI,35.597178,-81.922028,0, ,0.0,0.0,189.0,3.6,2,3800,0,0,0,0,0,0
TF,HUSUL,35.538833,-81.926539,0, ,0.0,0.0,189.0,3.5,2,3200,0,0,0,0,2,0
TF,IQEGO,35.515050,-81.928378,0, ,0.0,0.0,189.0,1.4,2,2720,0,0,0,0,0,0
TF,JOGMI,35.468406,-81.931978,0, ,0.0,0.0,189.0,2.8,2,1780,0,0,0,0,0,0
TF,RW19,35.435086,-81.934547,0, ,0.0,0.0,189.0,2.0,1,1117,0,0,0,0,3,1
CA,0,189.0,2,1477,0,0,0,0,0,0
DF,EPOZI,35.222583,-81.950897,0, ,0.0,0.0,2,3000,0,0,0,0,0,1
HM,EPOZI,35.222583,-81.950897,2, ,0.0,0.0,9.0,04,0,0,0,0,0,0,0,0,0

