SID,DEEZZ5,01,4
VM,0,0,0,12.0,0,0,0,0,0,0,0,0
DF,DEEZZ,41.114444,-73.777778,0, ,0.0,0.0,0,0,0,0,0,0,0,0

SID,DEEZZ5,14,4
VA,0,145.0,2,580,0,0,0,0,0,0
VM,0,0,0,219.0,0,0,0,0,0,0,0,0
DF,DEEZZ,41.114444,-73.777778,0, ,0.0,0.0,0,0,0,0,0,0,0,0

SID,DEEZZ5,19,4
VA,0,192.0,2,580,0,0,0,0,0,0
VM,0,0,0,219.0,0,0,0,0,0,0,0,0
DF,DEEZZ,41.114444,-73.777778,0, ,0.0,0.0,0,0,0,0,0,0,0,0

SID,DEEZZ5,32,4
VA,0,325.0,2,580,0,0,0,0,0,0
VM,0,0,0,9.0,0,0,0,0,0,0,0,0
DF,DEEZZ,41.114444,-73.777778,0, ,0.0,0.0,0,0,0,0,0,0,0,0

SID,DEEZZ5,ALL,5
IF,DEEZZ,41.114444,-73.777778, ,0.0,0.0,0,0,0,0,0,0,0,0
TF,HEERO,41.168856,-74.115581,0, ,0.0,0.0,0.0,0.0,0,0,0,0,0,0,0,0

SID,DEEZZ5,CANDR,6
IF,HEERO,41.168856,-74.115581, ,0.0,0.0,0,0,0,0,0,0,0,0
TF,KURNL,41.201306,-74.458436,0, ,0.0,0.0,0.0,0.0,0,0,0,0,0,0,0,0
TF,CANDR,40.970986,-74.959828,0, ,0.0,0.0,0.0,0.0,0,0,0,0,0,0,0,0

SID,DEEZZ5,TOWIN,6
IF,HEERO,41.168856,-74.115581, ,0.0,0.0,0,0,0,0,0,0,0,0
TF,KURNL,41.201306,-74.458436,0, ,0.0,0.0,0.0,0.0,0,0,0,0,0,0,0,0
TF,CANDR,40.970986,-74.959828,0, ,0.0,0.0,0.0,0.0,0,0,0,0,0,0,0,0
TF,TOWIN,40.535211,-75.400378,0, ,0.0,0.0,0.0,0.0,0,0,0,0,0,0,0,0

SID,REP1,01,1
VA,0,13.0,2,480,0,0,0,0,0,0
VM,0,0,0,13.0,0,0,0,0,0,0,0,0

SID,REP1,14,1
VA,0,146.0,2,480,0,0,0,0,0,0
VM,0,0,0,220.0,0,0,0,0,0,0,0,0

SID,REP1,19,1
VA,0,193.0,2,480,0,0,0,0,0,0
VM,0,0,0,220.0,0,0,0,0,0,0,0,0

SID,REP1,32,1
VA,0,326.0,2,480,0,0,0,0,0,0
VM,0,0,0,10.0,0,0,0,0,0,0,0,0

STAR,IGN1,ALL,2
IF,IGN,41.665453,-73.822239, ,0.0,0.0,0,0,0,0,0,0,0,0
TF,LOLLY,41.385503,-74.063483,0, ,0.0,0.0,0.0,0.0,0,0,0,0,0,0,0,0
TF,DOORE,41.028178,-74.367703,0, ,0.0,0.0,0.0,0.0,0,0,0,0,0,0,0,0
TF,LENDY,40.914836,-74.135258,0, ,0.0,0.0,0.0,0.0,0,0,0,0,0,0,0,0
TF,LGA,40.783714,-73.868600,0, ,0.0,0.0,0.0,0.0,0,0,0,0,0,0,0,1
FM,LGA,40.783714,-73.868600,0,LGA,0.0,0.0,135.0,0,0,0,0,0,0,0,0

STAR,LENDY8,ALL,2
IF,LVZ,41.272800,-75.689467, ,0.0,0.0,0,0,0,0,0,0,0,0
TF,JENNO,41.152925,-75.331408,0, ,0.0,0.0,0.0,0.0,0,0,0,0,0,0,0,0
TF,HARTY,41.071189,-75.089894,0, ,0.0,0.0,0.0,0.0,0,0,0,0,0,0,0,0
TF,STW,40.995819,-74.869031,0, ,0.0,0.0,0.0,0.0,0,0,0,0,0,0,0,0
TF,LENDY,40.914836,-74.135258,0, ,0.0,0.0,0.0,0.0,0,0,0,0,0,0,0,0
TF,LGA,40.783714,-73.868600,0, ,0.0,0.0,0.0,0.0,0,0,0,0,0,0,0,0

STAR,PARCH4,ENE,4
IF,ENE,43.425672,-70.613525, ,0.0,0.0,0,0,0,0,0,0,0,0
TF,ASPEN,42.815986,-70.911497,0, ,0.0,0.0,0.0,0.0,0,0,0,0,0,0,0,0
TF,PVD,41.724342,-71.429642,0, ,0.0,0.0,0.0,0.0,0,0,0,0,0,0,0,0
TF,TRAIT,41.284653,-71.917597,0, ,0.0,0.0,0.0,0.0,0,0,0,0,0,0,0,0
TF,PARCH,41.099228,-72.120739,0, ,0.0,0.0,0.0,0.0,0,0,0,0,0,0,0,0

STAR,PARCH4,PLYMM,4
IF,PLYMM,42.043747,-70.426914, ,0.0,0.0,0,0,0,0,0,0,0,0
TF,PVD,41.724342,-71.429642,0, ,0.0,0.0,0.0,0.0,0,0,0,0,0,0,0,0
TF,TRAIT,41.284653,-71.917597,0, ,0.0,0.0,0.0,0.0,0,0,0,0,0,0,0,0
TF,PARCH,41.099228,-72.120739,0, ,0.0,0.0,0.0,0.0,0,0,0,0,0,0,0,0

STAR,PARCH4,PVD,4
IF,PVD,41.724342,-71.429642, ,0.0,0.0,0,0,0,0,0,0,0,0
TF,TRAIT,41.284653,-71.917597,0, ,0.0,0.0,0.0,0.0,0,0,0,0,0,0,0,0
TF,PARCH,41.099228,-72.120739,0, ,0.0,0.0,0.0,0.0,0,0,0,0,0,0,0,0

STAR,PARCH4,SEY,4
IF,SEY,41.167436,-71.576086, ,0.0,0.0,0,0,0,0,0,0,0,0
TF,PARCH,41.099228,-72.120739,0, ,0.0,0.0,0.0,0.0,0,0,0,0,0,0,0,0

STAR,PARCH4,ALL,5
IF,PARCH,41.099228,-72.120739, ,0.0,0.0,0,0,0,0,0,0,0,0
TF,CCC,40.929619,-72.798858,0, ,0.0,0.0,0.0,0.0,0,0,0,0,0,0,0,0
TF,ROBER,40.685464,-73.032611,0, ,0.0,0.0,0.0,0.0,0,0,0,0,0,0,0,0
TF,KMANN,40.686089,-73.142150,0, ,0.0,0.0,0.0,0.0,0,0,0,0,0,0,0,1
FM,KMANN,40.686089,-73.142150,0,CCC,0.0,0.0,283.0,0,0,0,0,0,0,0,0

STAR,PAWLN1,ALB,4
IF,ALB,42.747281,-73.803183, ,0.0,0.0,0,0,0,0,0,0,0,0
TF,ATHOS,42.247081,-73.812100,0, ,0.0,0.0,0.0,0.0,0,0,0,0,0,0,0,0
TF,PAWLN,41.769864,-73.600733,0, ,0.0,0.0,0.0,0.0,0,0,0,0,0,0,0,0

STAR,PAWLN1,ATHOS,4
IF,ATHOS,42.247081,-73.812100, ,0.0,0.0,0,0,0,0,0,0,0,0
TF,PAWLN,41.769864,-73.600733,0, ,0.0,0.0,0.0,0.0,0,0,0,0,0,0,0,0

STAR,PAWLN1,DANZI,4
IF,DANZI,42.178294,-74.956719, ,0.0,0.0,0,0,0,0,0,0,0,0
TF,PETER,42.205258,-74.530625,0, ,0.0,0.0,0.0,0.0,3,17000,0,0,0,0,0,0
TF,ATHOS,42.247081,-73.812100,0, ,0.0,0.0,0.0,0.0,0,0,0,0,0,0,0,0
TF,PAWLN,41.769864,-73.600733,0, ,0.0,0.0,0.0,0.0,0,0,0,0,0,0,0,0

STAR,PAWLN1,RAHKS,4
IF,RAHKS,42.466467,-75.239356, ,0.0,0.0,0,0,0,0,0,0,0,0
TF,PETER,42.205258,-74.530625,0, ,0.0,0.0,0.0,0.0,3,17000,0,0,0,0,0,0
TF,ATHOS,42.247081,-73.812100,0, ,0.0,0.0,0.0,0.0,0,0,0,0,0,0,0,0
TF,PAWLN,41.769864,-73.600733,0, ,0.0,0.0,0.0,0.0,0,0,0,0,0,0,0,0

STAR,PAWLN1,ALL,5
IF,PAWLN,41.769864,-73.600733, ,0.0,0.0,0,0,0,0,0,0,0,0
TF,DEEDE,41.646614,-73.540483,0, ,0.0,0.0,0.0,0.0,0,0,0,0,0,0,0,0
TF,LOVES,41.538789,-73.488094,0, ,0.0,0.0,0.0,0.0,0,0,0,0,0,0,0,0
TF,EEGOR,41.160817,-73.124350,0, ,0.0,0.0,0.0,0.0,0,0,0,0,0,0,0,0
TF,BELTT,41.063503,-72.987089,0, ,0.0,0.0,0.0,0.0,0,0,0,0,0,0,0,0
TF,DPK,40.791767,-73.303678,0, ,0.0,0.0,0.0,0.0,0,0,0,0,0,0,0,1
FM,DPK,40.791767,-73.303678,0,CCC,0.0,0.0,235.0,0,0,0,0,0,0,0,0

STAR,PUCKY1,ARRKK,4
IF,ARRKK,42.063478,-75.316781, ,0.0,0.0,0,0,0,0,0,0,0,0
TF,PRNCE,41.973542,-74.470069,0, ,0.0,0.0,0.0,0.0,0,0,0,0,0,0,0,0
TF,YODAA,41.722553,-74.031322,0, ,0.0,0.0,0.0,0.0,0,0,0,0,0,0,0,0
TF,FUUEL,41.357136,-74.087781,0, ,0.0,0.0,0.0,0.0,0,0,0,0,0,0,0,0
TF,DOORE,41.028178,-74.367703,0, ,0.0,0.0,0.0,0.0,0,0,0,0,0,0,0,0
TF,PUCKY,40.906739,-74.120856,0, ,0.0,0.0,0.0,0.0,0,0,0,0,0,0,0,0

STAR,PUCKY1,JEWLR,4
IF,JEWLR,43.033461,-77.548936, ,0.0,0.0,0,0,0,0,0,0,0,0
TF,MEMMS,42.516586,-76.304286,0, ,0.0,0.0,0.0,0.0,0,0,0,0,0,0,0,0
TF,KODEY,42.279869,-75.784444,0, ,0.0,0.0,0.0,0.0,0,0,0,0,0,0,0,0
TF,ARRKK,42.063478,-75.316781,0, ,0.0,0.0,0.0,0.0,0,0,0,0,0,0,0,0
TF,PRNCE,41.973542,-74.470069,0, ,0.0,0.0,0.0,0.0,0,0,0,0,0,0,0,0
TF,YODAA,41.722553,-74.031322,0, ,0.0,0.0,0.0,0.0,0,0,0,0,0,0,0,0
TF,FUUEL,41.357136,-74.087781,0, ,0.0,0.0,0.0,0.0,0,0,0,0,0,0,0,0
TF,DOORE,41.028178,-74.367703,0, ,0.0,0.0,0.0,0.0,0,0,0,0,0,0,0,0
TF,PUCKY,40.906739,-74.120856,0, ,0.0,0.0,0.0,0.0,0,0,0,0,0,0,0,0

STAR,PUCKY1,MEMMS,4
IF,MEMMS,42.516586,-76.304286, ,0.0,0.0,0,0,0,0,0,0,0,0
TF,KODEY,42.279869,-75.784444,0, ,0.0,0.0,0.0,0.0,0,0,0,0,0,0,0,0
TF,ARRKK,42.063478,-75.316781,0, ,0.0,0.0,0.0,0.0,0,0,0,0,0,0,0,0
TF,PRNCE,41.973542,-74.470069,0, ,0.0,0.0,0.0,0.0,0,0,0,0,0,0,0,0
TF,YODAA,41.722553,-74.031322,0, ,0.0,0.0,0.0,0.0,0,0,0,0,0,0,0,0
TF,FUUEL,41.357136,-74.087781,0, ,0.0,0.0,0.0,0.0,0,0,0,0,0,0,0,0
TF,DOORE,41.028178,-74.367703,0, ,0.0,0.0,0.0,0.0,0,0,0,0,0,0,0,0
TF,PUCKY,40.906739,-74.120856,0, ,0.0,0.0,0.0,0.0,0,0,0,0,0,0,0,0

STAR,PUCKY1,PONCT,4
IF,PONCT,42.746897,-73.813353, ,0.0,0.0,0,0,0,0,0,0,0,0
TF,ZAVIL,42.013647,-73.816214,0, ,0.0,0.0,0.0,0.0,0,0,0,0,0,0,0,0
TF,YODAA,41.722553,-74.031322,0, ,0.0,0.0,0.0,0.0,0,0,0,0,0,0,0,0
TF,FUUEL,41.357136,-74.087781,0, ,0.0,0.0,0.0,0.0,0,0,0,0,0,0,0,0
TF,DOORE,41.028178,-74.367703,0, ,0.0,0.0,0.0,0.0,0,0,0,0,0,0,0,0
TF,PUCKY,40.906739,-74.120856,0, ,0.0,0.0,0.0,0.0,0,0,0,0,0,0,0,0

STAR,PUCKY1,WLKES,4
IF,WLKES,41.272936,-75.689333, ,0.0,0.0,0,0,0,0,0,0,0,0
TF,JENNO,41.152925,-75.331408,0, ,0.0,0.0,0.0,0.0,0,0,0,0,0,0,0,0
TF,HARTY,41.071189,-75.089894,0, ,0.0,0.0,0.0,0.0,0,0,0,0,0,0,0,0
TF,NWTON,40.995886,-74.869225,0, ,0.0,0.0,0.0,0.0,0,0,0,0,0,0,0,0
TF,PUCKY,40.906739,-74.120856,0, ,0.0,0.0,0.0,0.0,0,0,0,0,0,0,0,0

STAR,PUCKY1,YODAA,4
IF,YODAA,41.722553,-74.031322, ,0.0,0.0,0,0,0,0,0,0,0,0
TF,FUUEL,41.357136,-74.087781,0, ,0.0,0.0,0.0,0.0,0,0,0,0,0,0,0,0
TF,DOORE,41.028178,-74.367703,0, ,0.0,0.0,0.0,0.0,0,0,0,0,0,0,0,0
TF,PUCKY,40.906739,-74.120856,0, ,0.0,0.0,0.0,0.0,0,0,0,0,0,0,0,0

STAR,PUCKY1,ALL,5
IF,PUCKY,40.906739,-74.120856, ,0.0,0.0,0,0,0,0,0,0,0,0
TF,VADDR,40.783389,-73.868611,0, ,0.0,0.0,0.0,0.0,0,0,0,0,0,0,0,1
FM,VADDR,40.783389,-73.868611,0,CCC,0.0,0.0,136.0,0,0,0,0,0,0,0,0

STAR,SARDI1,BRIGS,4
IF,BRIGS,39.523533,-74.138797, ,0.0,0.0,3,21000,0,0,0,0,0,0
TF,HARBO,39.607511,-74.007378,0, ,0.0,0.0,0.0,0.0,0,0,0,0,0,0,0,0
TF,DRIFT,39.814878,-73.680425,0, ,0.0,0.0,0.0,0.0,0,0,0,0,0,0,0,0
TF,MANTA,39.901947,-73.542119,0, ,0.0,0.0,0.0,0.0,0,0,0,0,0,0,0,0
TF,PLUME,40.118519,-73.285564,0, ,0.0,0.0,0.0,0.0,0,0,0,0,0,0,0,0
TF,SHERL,40.255708,-73.121739,0, ,0.0,0.0,0.0,0.0,0,0,0,0,0,0,0,0
TF,DUNEE,40.323439,-73.040572,0, ,0.0,0.0,0.0,0.0,0,0,0,0,0,0,0,0
TF,KOPPY,40.417656,-72.927356,0, ,0.0,0.0,0.0,0.0,0,0,0,0,0,0,0,0
TF,SARDI,40.524058,-72.798853,0, ,0.0,0.0,0.0,0.0,0,0,0,0,0,0,0,0

STAR,SARDI1,DUNEE,4
IF,DUNEE,40.323439,-73.040572, ,0.0,0.0,0,0,0,0,0,0,0,0
TF,KOPPY,40.417656,-72.927356,0, ,0.0,0.0,0.0,0.0,0,0,0,0,0,0,0,0
TF,SARDI,40.524058,-72.798853,0, ,0.0,0.0,0.0,0.0,0,0,0,0,0,0,0,0

STAR,SARDI1,KALDA,4
IF,KALDA,37.841961,-75.626483, ,0.0,0.0,0,0,0,0,0,0,0,0
TF,ZJAAY,38.052764,-75.442853,0, ,0.0,0.0,0.0,0.0,0,0,0,0,0,0,0,0
TF,BYSEL,38.250750,-75.281353,0, ,0.0,0.0,0.0,0.0,0,0,0,0,0,0,0,0
TF,RADDS,38.648556,-75.088467,0, ,0.0,0.0,0.0,0.0,0,0,0,0,0,0,0,0
TF,SHHAY,38.784467,-74.932061,0, ,0.0,0.0,0.0,0.0,0,0,0,0,0,0,0,0
TF,MAEVE,38.963908,-74.745700,0, ,0.0,0.0,0.0,0.0,0,0,0,0,0,0,0,0
TF,WAALK,39.141294,-74.559147,0, ,0.0,0.0,0.0,0.0,0,0,0,0,0,0,0,0
TF,JENGA,39.276669,-74.411619,0, ,0.0,0.0,0.0,0.0,0,0,0,0,0,0,0,0
TF,RAINN,39.452753,-74.217544,0, ,0.0,0.0,0.0,0.0,0,0,0,0,0,0,0,0
TF,BRIGS,39.523533,-74.138797,0, ,0.0,0.0,0.0,0.0,3,21000,0,0,0,0,0,0
TF,HARBO,39.607511,-74.007378,0, ,0.0,0.0,0.0,0.0,0,0,0,0,0,0,0,0
TF,DRIFT,39.814878,-73.680425,0, ,0.0,0.0,0.0,0.0,0,0,0,0,0,0,0,0
TF,MANTA,39.901947,-73.542119,0, ,0.0,0.0,0.0,0.0,0,0,0,0,0,0,0,0
TF,PLUME,40.118519,-73.285564,0, ,0.0,0.0,0.0,0.0,0,0,0,0,0,0,0,0
TF,SHERL,40.255708,-73.121739,0, ,0.0,0.0,0.0,0.0,0,0,0,0,0,0,0,0
TF,DUNEE,40.323439,-73.040572,0, ,0.0,0.0,0.0,0.0,0,0,0,0,0,0,0,0
TF,KOPPY,40.417656,-72.927356,0, ,0.0,0.0,0.0,0.0,0,0,0,0,0,0,0,0
TF,SARDI,40.524058,-72.798853,0, ,0.0,0.0,0.0,0.0,0,0,0,0,0,0,0,0

STAR,SARDI1,MAEVE,4
IF,MAEVE,38.963908,-74.745700, ,0.0,0.0,0,0,0,0,0,0,0,0
TF,WAALK,39.141294,-74.559147,0, ,0.0,0.0,0.0,0.0,0,0,0,0,0,0,0,0
TF,JENGA,39.276669,-74.411619,0, ,0.0,0.0,0.0,0.0,0,0,0,0,0,0,0,0
TF,RAINN,39.452753,-74.217544,0, ,0.0,0.0,0.0,0.0,0,0,0,0,0,0,0,0
TF,BRIGS,39.523533,-74.138797,0, ,0.0,0.0,0.0,0.0,3,21000,0,0,0,0,0,0
TF,HARBO,39.607511,-74.007378,0, ,0.0,0.0,0.0,0.0,0,0,0,0,0,0,0,0
TF,DRIFT,39.814878,-73.680425,0, ,0.0,0.0,0.0,0.0,0,0,0,0,0,0,0,0
TF,MANTA,39.901947,-73.542119,0, ,0.0,0.0,0.0,0.0,0,0,0,0,0,0,0,0
TF,PLUME,40.118519,-73.285564,0, ,0.0,0.0,0.0,0.0,0,0,0,0,0,0,0,0
TF,SHERL,40.255708,-73.121739,0, ,0.0,0.0,0.0,0.0,0,0,0,0,0,0,0,0
TF,DUNEE,40.323439,-73.040572,0, ,0.0,0.0,0.0,0.0,0,0,0,0,0,0,0,0
TF,KOPPY,40.417656,-72.927356,0, ,0.0,0.0,0.0,0.0,0,0,0,0,0,0,0,0
TF,SARDI,40.524058,-72.798853,0, ,0.0,0.0,0.0,0.0,0,0,0,0,0,0,0,0

STAR,SARDI1,RADDS,4
IF,RADDS,38.648556,-75.088467, ,0.0,0.0,0,0,0,0,0,0,0,0
TF,SHHAY,38.784467,-74.932061,0, ,0.0,0.0,0.0,0.0,0,0,0,0,0,0,0,0
TF,MAEVE,38.963908,-74.745700,0, ,0.0,0.0,0.0,0.0,0,0,0,0,0,0,0,0
TF,WAALK,39.141294,-74.559147,0, ,0.0,0.0,0.0,0.0,0,0,0,0,0,0,0,0
TF,JENGA,39.276669,-74.411619,0, ,0.0,0.0,0.0,0.0,0,0,0,0,0,0,0,0
TF,RAINN,39.452753,-74.217544,0, ,0.0,0.0,0.0,0.0,0,0,0,0,0,0,0,0
TF,BRIGS,39.523533,-74.138797,0, ,0.0,0.0,0.0,0.0,3,21000,0,0,0,0,0,0
TF,HARBO,39.607511,-74.007378,0, ,0.0,0.0,0.0,0.0,0,0,0,0,0,0,0,0
TF,DRIFT,39.814878,-73.680425,0, ,0.0,0.0,0.0,0.0,0,0,0,0,0,0,0,0
TF,MANTA,39.901947,-73.542119,0, ,0.0,0.0,0.0,0.0,0,0,0,0,0,0,0,0
TF,PLUME,40.118519,-73.285564,0, ,0.0,0.0,0.0,0.0,0,0,0,0,0,0,0,0
TF,SHERL,40.255708,-73.121739,0, ,0.0,0.0,0.0,0.0,0,0,0,0,0,0,0,0
TF,DUNEE,40.323439,-73.040572,0, ,0.0,0.0,0.0,0.0,0,0,0,0,0,0,0,0
TF,KOPPY,40.417656,-72.927356,0, ,0.0,0.0,0.0,0.0,0,0,0,0,0,0,0,0
TF,SARDI,40.524058,-72.798853,0, ,0.0,0.0,0.0,0.0,0,0,0,0,0,0,0,0

STAR,SARDI1,WAALK,4
IF,WAALK,39.141294,-74.559147, ,0.0,0.0,0,0,0,0,0,0,0,0
TF,JENGA,39.276669,-74.411619,0, ,0.0,0.0,0.0,0.0,0,0,0,0,0,0,0,0
TF,RAINN,39.452753,-74.217544,0, ,0.0,0.0,0.0,0.0,0,0,0,0,0,0,0,0
TF,BRIGS,39.523533,-74.138797,0, ,0.0,0.0,0.0,0.0,3,21000,0,0,0,0,0,0
TF,HARBO,39.607511,-74.007378,0, ,0.0,0.0,0.0,0.0,0,0,0,0,0,0,0,0
TF,DRIFT,39.814878,-73.680425,0, ,0.0,0.0,0.0,0.0,0,0,0,0,0,0,0,0
TF,MANTA,39.901947,-73.542119,0, ,0.0,0.0,0.0,0.0,0,0,0,0,0,0,0,0
TF,PLUME,40.118519,-73.285564,0, ,0.0,0.0,0.0,0.0,0,0,0,0,0,0,0,0
TF,SHERL,40.255708,-73.121739,0, ,0.0,0.0,0.0,0.0,0,0,0,0,0,0,0,0
TF,DUNEE,40.323439,-73.040572,0, ,0.0,0.0,0.0,0.0,0,0,0,0,0,0,0,0
TF,KOPPY,40.417656,-72.927356,0, ,0.0,0.0,0.0,0.0,0,0,0,0,0,0,0,0
TF,SARDI,40.524058,-72.798853,0, ,0.0,0.0,0.0,0.0,0,0,0,0,0,0,0,0

STAR,SARDI1,ALL,5
IF,SARDI,40.524058,-72.798853, ,0.0,0.0,0,0,0,0,0,0,0,0
TF,UPTWN,40.790642,-72.798856,0, ,0.0,0.0,0.0,0.0,0,0,0,0,0,0,0,0
TF,DPK,40.791767,-73.303678,0, ,0.0,0.0,0.0,0.0,0,0,0,0,0,0,0,1
FM,DPK,40.791767,-73.303678,0,GON,0.0,0.0,250.0,0,0,0,0,0,0,0,0

APPTR,I14,14,DPK
IF,DPK,40.791767,-73.303678, ,0.0,0.0,0,0,0,0,0,0,0,0
TF,FRIKK,40.776514,-73.482433,0, ,0.0,0.0,0.0,0.0,2,1900,0,0,0,0,0,0
HF,FRIKK,40.776514,-73.482433,2, ,0.0,0.0,146.0,04.3,2,1600,0,0,0,0,1,0,0

FINAL,I14,14,I,3
IF,CF14,40.821144,-73.547672,IFRG,326.2,8.9,2,1400,0,0,0,0,0,0
CF,FRIKK,40.776514,-73.482433,0,IFRG,326.3,4.9,146.0,4.0,1,1376,0,0,0,0,2,0
CF,RW14,40.733386,-73.419933,0,IFRG,326.2,1.1,146.0,3.9,1,137,0,0,0,0,3,0
CA,0,146.0,2,800,0,0,0,0,0,0
DF,DPK,40.791767,-73.303678,1, ,0.0,0.0,2,3000,0,0,0,0,0,0
HM,DPK,40.791767,-73.303678,1, ,0.0,0.0,200.0,04.3,2,3000,0,0,0,0,0,0,0

APPTR,R01,01,WULUG
IF,WULUG,40.541653,-73.268653, ,0.0,0.0,0,0,0,0,0,0,1,0
TF,BLAND,40.540647,-73.410861,0, ,0.0,0.0,0.0,0.0,2,2000,0,1,225,0,1,0

APPTR,R01,01,ZACHS
IF,ZACHS,40.528803,-73.553864, ,0.0,0.0,0,0,0,0,0,0,1,0
TF,BLAND,40.540647,-73.410861,0, ,0.0,0.0,0.0,0.0,2,2000,0,1,225,0,1,0

FINAL,R01,01,R,4
IF,BLAND,40.540647,-73.410861, ,0.0,0.0,2,2000,0,1,225,0,0,0
TF,DEUCE,40.644356,-73.412803,0, ,0.0,0.0,13.0,6.2,2,1600,0,0,0,0,2,0
TF,XAREW,40.681186,-73.413494,0, ,0.0,0.0,13.0,2.2,2,880,0,0,0,0,0,0
TF,RW01,40.722875,-73.414281,0, ,0.0,0.0,13.0,2.5,1,99,0,0,0,0,3,1
CA,0,13.0,2,800,0,0,0,0,0,0
DF,DPK,40.791767,-73.303678,0, ,0.0,0.0,2,3000,0,1,190,0,0,1
HM,DPK,40.791767,-73.303678,2, ,0.0,0.0,200.0,04,2,3000,0,0,0,0,0,0,0

APPTR,R14-Y,14,JFK
IF,JFK,40.632883,-73.771392, ,0.0,0.0,0,0,0,0,0,0,0,0
TF,JUBIL,40.782831,-73.667111,0, ,0.0,0.0,0.0,0.0,2,2000,0,0,0,0,1,0
TF,LAAZE,40.845558,-73.582772,0, ,0.0,0.0,0.0,0.0,2,2000,0,0,0,0,1,0

APPTR,R14-Y,14,ODALE
IF,ODALE,40.934525,-73.476675, ,0.0,0.0,0,0,0,0,0,0,1,0
TF,LAAZE,40.845558,-73.582772,0, ,0.0,0.0,0.0,0.0,2,2000,0,0,0,0,1,0

FINAL,R14-Y,14,R,3
IF,LAAZE,40.845558,-73.582772, ,0.0,0.0,2,2000,0,0,0,0,0,0
TF,ALABE,40.777831,-73.484344,0, ,0.0,0.0,146.0,6.1,2,1400,0,0,0,0,2,0
TF,RW14,40.733386,-73.419933,0, ,0.0,0.0,146.0,4.0,1,137,0,0,0,0,3,1
CA,0,146.0,2,1800,0,0,0,0,0,0
DF,DPK,40.791767,-73.303678,1, ,0.0,0.0,2,3000,0,1,215,0,0,1
HM,DPK,40.791767,-73.303678,2, ,0.0,0.0,200.0,04,0,0,0,0,0,0,0,0,0

APPTR,R14-Z,14,CAMRN
IF,CAMRN,40.017303,-73.861058, ,0.0,0.0,0,0,0,0,0,0,0,0
TF,HEREK,40.427600,-73.502658,0, ,0.0,0.0,0.0,0.0,2,4000,0,0,0,0,1,0
TF,SEHDO,40.662475,-73.473908,0, ,0.0,0.0,0.0,0.0,2,2000,0,0,0,0,0,0
TF,WUPMA,40.718517,-73.555031,0, ,0.0,0.0,0.0,0.0,2,2000,0,1,180,0,0,0
RF,ALABE,40.777831,-73.484344,2,XENIJ,346.9,2.4,2,1400,0,0,0,0,0,0

APPTR,R14-Z,14,HOBAM
IF,HOBAM,40.976158,-73.615792, ,0.0,0.0,0,0,0,0,0,0,1,0
TF,LAAZE,40.845558,-73.582772,0, ,0.0,0.0,0.0,0.0,2,2000,0,0,0,0,0,0
TF,ALABE,40.777831,-73.484344,0, ,0.0,0.0,0.0,0.0,2,1400,0,0,0,0,0,0

FINAL,R14-Z,14,R,2
IF,ALABE,40.777831,-73.484344, ,0.0,0.0,2,1400,0,0,0,0,2,0
TF,RW14,40.733386,-73.419933,0, ,0.0,0.0,146.0,4.0,1,137,0,0,0,0,3,1
TF,FRRST,40.654853,-73.306444,0, ,0.0,0.0,0.0,0.0,0,0,0,0,0,0,0,0
TF,NICAD,40.541789,-73.301564,0, ,0.0,0.0,0.0,0.0,2,2000,0,0,0,0,0,1
HM,NICAD,40.541789,-73.301564,1, ,0.0,0.0,12.0,04,0,0,0,0,0,0,0,0,0

APPTR,R19,19,BLINZ
IF,BLINZ,40.906447,-73.549983, ,0.0,0.0,0,0,0,0,0,0,1,0
TF,DEBYE,40.907975,-73.417814,0, ,0.0,0.0,0.0,0.0,2,2000,0,1,210,0,1,0

APPTR,R19,19,ZOSAB
IF,ZOSAB,40.932275,-73.269478, ,0.0,0.0,0,0,0,0,0,0,1,0
TF,DEBYE,40.907975,-73.417814,0, ,0.0,0.0,0.0,0.0,2,2000,0,1,210,0,1,0

FINAL,R19,19,R,4
IF,DEBYE,40.907975,-73.417814, ,0.0,0.0,2,2000,0,1,210,0,0,0
TF,MOIRE,40.805636,-73.415844,0, ,0.0,0.0,193.0,6.1,2,1500,0,0,0,0,2,0
TF,WULOP,40.771367,-73.415194,0, ,0.0,0.0,193.0,2.1,2,800,0,0,0,0,0,0
TF,RW19,40.738017,-73.414567,0, ,0.0,0.0,193.0,2.0,1,119,0,0,0,0,3,1
CA,0,193.0,2,2000,0,0,0,0,0,0
DF,DPK,40.791767,-73.303678,1, ,0.0,0.0,2,3000,0,1,210,0,0,1
HM,DPK,40.791767,-73.303678,2, ,0.0,0.0,200.0,04,2,3000,0,0,0,0,0,0,0

APPTR,R32,32,JUSIN
IF,JUSIN,40.548911,-73.316275, ,0.0,0.0,0,0,0,1,210,0,1,0
TF,TRCCY,40.610564,-73.242631,0, ,0.0,0.0,0.0,0.0,2,2000,0,0,0,0,1,0

APPTR,R32,32,SHYNA
IF,SHYNA,40.672167,-73.168853, ,0.0,0.0,0,0,0,1,210,0,1,0
TF,TRCCY,40.610564,-73.242631,0, ,0.0,0.0,0.0,0.0,2,2000,0,0,0,0,1,0

FINAL,R32,32,R,3
IF,TRCCY,40.610564,-73.242631, ,0.0,0.0,2,2000,0,0,0,0,0,0
TF,ALFED,40.678436,-73.340481,0, ,0.0,0.0,326.0,6.0,2,1400,0,0,0,0,2,0
TF,RW32,40.722022,-73.403486,0, ,0.0,0.0,326.0,3.9,1,121,0,0,0,0,3,1
CA,0,326.0,2,328,0,0,0,0,0,0
DF,FAAYE,40.755656,-73.452189,0, ,0.0,0.0,0,0,0,0,0,0,0,0
TF,WADIR,40.823906,-73.444350,0, ,0.0,0.0,0.0,0.0,0,0,0,1,190,0,0,0
TF,PUGGS,40.941014,-73.229925,0, ,0.0,0.0,0.0,0.0,2,2000,0,0,0,0,0,1
HM,PUGGS,40.941014,-73.229925,2, ,0.0,0.0,67.0,04,0,0,0,0,0,0,0,0,0

