SID,MELLR1,26,5
VA,0,257.0,2,3700,0,0,0,0,0,0
DF,FIDIT,45.943242,-116.204694,0, ,0.0,0.0,0,0,0,0,0,0,0,0
TF,RIDIH,45.944561,-116.437147,0, ,0.0,0.0,0.0,0.0,0,0,0,0,0,0,0,0
TF,MELLR,46.141675,-116.768403,0, ,0.0,0.0,0.0,0.0,0,0,0,0,0,0,0,0

APPTR,R08,08,OXLEY
IF,OXLEY,45.901697,-116.668181, ,0.0,0.0,0,0,0,0,0,0,1,0
TF,RIDIH,45.944561,-116.437147,0, ,0.0,0.0,0.0,0.0,2,7400,0,0,0,0,1,0

APPTR,R08,08,ZATIP
IF,ZATIP,46.221522,-116.527103, ,0.0,0.0,0,0,0,0,0,0,0,0
TF,AWOYO,46.084492,-116.490497,0, ,0.0,0.0,0.0,0.0,2,9500,0,0,0,0,1,0
TF,RIDIH,45.944561,-116.437147,0, ,0.0,0.0,0.0,0.0,2,7400,0,0,0,0,1,0

APPTR,R08,08,ZOSNO
IF,ZOSNO,45.810253,-116.630256, ,0.0,0.0,0,0,0,0,0,0,1,0
TF,RIDIH,45.944561,-116.437147,0, ,0.0,0.0,0.0,0.0,2,7400,0,0,0,0,1,0

FINAL,R08,08,R,3
IF,RIDIH,45.944561,-116.437147, ,0.0,0.0,2,7400,0,0,0,0,0,0
TF,IDAGY,45.943800,-116.293058,0, ,0.0,0.0,76.0,6.0,2,5700,0,0,0,0,2,0
TF,RW08,45.942742,-116.133044,0, ,0.0,0.0,76.0,6.7,1,3337,0,0,0,0,3,1
CA,0,76.0,2,3713,0,0,0,0,0,0
DF,ZATIP,46.221522,-116.527103,1, ,0.0,0.0,2,7300,0,0,0,0,0,1
HM,ZATIP,46.221522,-116.527103,1, ,0.0,0.0,110.0,07,0,0,0,0,0,0,0,0,0

APPTR,R08-M,08,OXLEY
IF,OXLEY,45.901697,-116.668181, ,0.0,0.0,0,0,0,0,0,0,1,0
TF,LAPIC,45.944553,-116.437147,0, ,0.0,0.0,0.0,0.0,2,7300,0,0,0,0,1,0

APPTR,R08-M,08,ZATIP
IF,ZATIP,46.221522,-116.527103, ,0.0,0.0,0,0,0,0,0,0,1,0
TF,LAPIC,45.944553,-116.437147,0, ,0.0,0.0,0.0,0.0,2,7300,0,0,0,0,1,0

APPTR,R08-M,08,ZOSNO
IF,ZOSNO,45.810253,-116.630256, ,0.0,0.0,0,0,0,0,0,0,1,0
TF,LAPIC,45.944553,-116.437147,0, ,0.0,0.0,0.0,0.0,2,7300,0,0,0,0,1,0

FINAL,R08-M,08,R,4
IF,LAPIC,45.944553,-116.437147, ,0.0,0.0,2,7300,0,0,0,0,0,0
TF,OSTEE,45.943939,-116.317731,0, ,0.0,0.0,76.0,5.0,2,5800,0,0,0,0,2,0
TF,TAVEE,45.943206,-116.199258,0, ,0.0,0.0,76.0,5.0,2,4220,0,0,0,0,0,0
TF,RW08,45.942742,-116.133044,0, ,0.0,0.0,76.0,2.8,1,3337,0,0,0,0,3,1
CA,0,76.0,2,3900,0,0,0,0,0,0
DF,ZATIP,46.221522,-116.527103,1, ,0.0,0.0,2,6800,0,0,0,0,0,1
HM,ZATIP,46.221522,-116.527103,1, ,0.0,0.0,110.0,07,0,0,0,0,0,0,0,0,0

APPTR,R26,26,FERDI
IF,FERDI,46.146636,-116.368367, ,0.0,0.0,0,0,0,0,0,0,0,0
TF,ZILRA,46.179764,-116.002703,0, ,0.0,0.0,0.0,0.0,2,8500,0,0,0,0,1,0
TF,RAIRE,46.053889,-115.833056,0, ,0.0,0.0,0.0,0.0,2,6200,0,0,0,0,1,0

FINAL,R26,26,R,3
IF,RAIRE,46.053889,-115.833056, ,0.0,0.0,2,6200,0,0,0,0,0,0
TF,VEZAM,45.978333,-115.936944,0, ,0.0,0.0,210.0,6.3,2,5900,0,0,0,0,2,0
TF,UYINA,45.942506,-116.101206,0, ,0.0,0.0,239.0,7.2,1,3516,0,0,0,0,3,1
CA,0,239.0,2,3713,0,0,0,0,0,0
DF,WEDMU,45.919431,-116.206322,0, ,0.0,0.0,0,0,0,0,0,0,0,0
TF,GEGYE,46.008803,-116.342056,0, ,0.0,0.0,0.0,0.0,0,0,0,0,0,0,0,0
TF,FERDI,46.146636,-116.368367,0, ,0.0,0.0,0.0,0.0,2,7300,0,0,0,0,0,1
HM,FERDI,46.146636,-116.368367,1, ,0.0,0.0,110.0,07,2,7300,0,0,0,0,0,0,0

