APPTR,R05,05,GIVES
IF,GIVES,40.419950,-82.589278, ,0.0,0.0,0,0,0,0,0,0,0,0
TF,ZEVRA,40.534306,-82.854350,0, ,0.0,0.0,0.0,0.0,2,2900,0,0,0,0,1,0
TF,RICKO,40.626658,-82.904878,0, ,0.0,0.0,0.0,0.0,2,2900,0,0,0,0,1,0

APPTR,R05,05,MEEKS
IF,MEEKS,40.609311,-83.248061, ,0.0,0.0,0,0,0,0,0,0,1,0
TF,RICKO,40.626658,-82.904878,0, ,0.0,0.0,0.0,0.0,2,2900,0,0,0,0,1,0

APPTR,R05,05,RICKO
HF,RICKO,40.626658,-82.904878,2, ,0.0,0.0,54.0,04,2,2900,0,0,0,0,1,0,0

FINAL,R05,05,R,4
IF,RICKO,40.626658,-82.904878, ,0.0,0.0,2,2900,0,0,0,0,0,0
TF,EWAJA,40.692194,-82.811397,0, ,0.0,0.0,54.0,5.8,2,2900,0,0,0,0,2,0
TF,YOWZR,40.729744,-82.757672,0, ,0.0,0.0,54.0,3.3,2,1840,0,0,0,0,0,0
TF,RW05,40.750486,-82.727956,0, ,0.0,0.0,54.0,1.8,1,1254,0,0,0,0,3,1
CA,0,54.0,2,1600,0,0,0,0,0,0
DF,JUXOL,40.778067,-82.688422,0, ,0.0,0.0,0,0,0,0,0,0,0,0
TF,SODRR,40.868611,-82.591233,0, ,0.0,0.0,0.0,0.0,2,2900,0,0,0,0,0,1
HM,SODRR,40.868611,-82.591233,2, ,0.0,0.0,226.0,04,0,0,0,0,0,0,0,0,0

APPTR,R23,23,JUSEP
IF,JUSEP,40.854800,-82.460425, ,0.0,0.0,0,0,0,0,0,0,1,0
TF,HESVU,40.876736,-82.546589,0, ,0.0,0.0,0.0,0.0,2,3000,0,0,0,0,1,0

APPTR,R23,23,NEWLO
IF,NEWLO,41.091214,-82.396819, ,0.0,0.0,0,0,0,0,0,0,1,0
TF,HESVU,40.876736,-82.546589,0, ,0.0,0.0,0.0,0.0,2,3000,0,0,0,0,1,0

FINAL,R23,23,R,4
IF,HESVU,40.876736,-82.546589, ,0.0,0.0,2,3000,0,0,0,0,0,0
TF,ZOKEL,40.814756,-82.635764,0, ,0.0,0.0,235.0,5.5,2,2900,0,0,0,0,2,0
TF,JUXOL,40.778067,-82.688422,0, ,0.0,0.0,235.0,3.3,2,1860,0,0,0,0,0,0
TF,RW23,40.756639,-82.719133,0, ,0.0,0.0,235.0,1.9,1,1258,0,0,0,0,3,1
CA,0,234.0,2,1620,0,0,0,0,0,0
DF,RICKO,40.626658,-82.904878,0, ,0.0,0.0,2,2900,0,0,0,0,0,1
HM,RICKO,40.626658,-82.904878,2, ,0.0,0.0,54.0,04,0,0,0,0,0,0,0,0,0

