APPTR,I27,27,ETUV1
HF,ETUVE,41.527275,-85.559606,2, ,0.0,0.0,273.0,04,2,2500,0,0,0,0,1,0,0
TF,NEYMU,41.526753,-85.627653,0,IGSH,0.0,0.0,0.0,0.0,2,2500,0,0,0,0,0,0

APPTR,I27,27,ETUV2
IF,ETUVE,41.527275,-85.559606, ,0.0,0.0,0,0,0,0,0,0,1,0
TF,NEYMU,41.526753,-85.627653,0,IGSH,0.0,0.0,0.0,0.0,2,2500,0,0,0,0,0,0

FINAL,I27,27,I,3
IF,NEYMU,41.526753,-85.627653,IGSH,93.3,8.2,2,2500,0,0,0,0,0,0
CF,BALLA,41.526411,-85.670256,0,IGSH,93.3,6.3,273.0,1.9,1,2500,0,0,0,0,2,0
CF,RW27,41.525425,-85.783597,0,IGSH,93.3,1.2,273.0,5.1,1,875,0,0,0,0,3,0
CA,0,273.0,2,1212,0,0,0,0,0,0
DF,BUCGA,41.525064,-85.956161,0, ,0.0,0.0,2,2500,0,0,0,0,0,1
HM,BUCGA,41.525064,-85.956161,2, ,0.0,0.0,356.0,04,0,0,0,0,0,0,0,0,0

APPTR,R09,09,CPONE
HF,CPONE,41.525200,-86.030306,2, ,0.0,0.0,90.0,04,2,2500,0,0,0,0,1,0,0

FINAL,R09,09,R,4
IF,CPONE,41.525200,-86.030306, ,0.0,0.0,2,2500,0,0,0,0,0,0
TF,CUCZI,41.524258,-85.903478,0, ,0.0,0.0,95.0,5.7,2,2500,0,0,0,0,2,0
TF,ANWEY,41.524817,-85.847692,0, ,0.0,0.0,93.0,2.5,2,1560,0,0,0,0,0,0
TF,RW09,41.525222,-85.805536,0, ,0.0,0.0,93.0,1.9,1,859,0,0,0,0,3,1
CA,0,93.0,2,1900,0,0,0,0,0,0
DF,CPONE,41.525200,-86.030306,2, ,0.0,0.0,2,2500,0,0,0,0,0,1
HM,CPONE,41.525200,-86.030306,2, ,0.0,0.0,90.0,04,0,0,0,0,0,0,0,0,0

APPTR,R27,27,ETUVE
HF,ETUVE,41.527275,-85.559606,2, ,0.0,0.0,273.0,04,2,2500,0,0,0,0,1,0,0

APPTR,R27,27,RABBT
IF,RABBT,41.403447,-85.523794, ,0.0,0.0,0,0,0,0,0,0,1,0
TF,ETUVE,41.527275,-85.559606,0, ,0.0,0.0,0.0,0.0,2,2500,0,0,0,0,1,0

APPTR,R27,27,SEWTO
IF,SEWTO,41.747783,-85.511303, ,0.0,0.0,0,0,0,0,0,0,0,0
TF,IBUDE,41.610944,-85.518644,0, ,0.0,0.0,0.0,0.0,2,2500,0,0,0,0,1,0
TF,ETUVE,41.527275,-85.559606,0, ,0.0,0.0,0.0,0.0,2,2500,0,0,0,0,1,0

FINAL,R27,27,R,4
IF,ETUVE,41.527275,-85.559606, ,0.0,0.0,2,2500,0,0,0,0,0,0
TF,BALLA,41.526411,-85.670256,0, ,0.0,0.0,273.0,5.0,2,2500,0,0,0,0,2,0
TF,LADIC,41.525767,-85.745722,0, ,0.0,0.0,273.0,3.4,2,1400,0,0,0,0,0,0
TF,RW27,41.525425,-85.783597,0, ,0.0,0.0,273.0,1.7,1,875,0,0,0,0,3,1
CA,0,273.0,2,1212,0,0,0,0,0,0
DF,JANUG,41.525011,-85.827817,0, ,0.0,0.0,0,0,0,0,0,0,0,0
TF,CPONE,41.525200,-86.030306,0, ,0.0,0.0,0.0,0.0,2,2500,0,0,0,0,0,1
HM,CPONE,41.525200,-86.030306,2, ,0.0,0.0,90.0,04,0,0,0,0,0,0,0,0,0

