STAR,HEDEE1,SAVVI,4
IF,SAVVI,40.221169,-81.579325, ,0.0,0.0,0,0,0,0,0,0,0,0
TF,UKATS,40.134578,-82.620056,0, ,0.0,0.0,0.0,0.0,2,12000,0,0,0,0,0,0
TF,BOWRR,39.966114,-83.032356,0, ,0.0,0.0,0.0,0.0,0,0,0,0,0,0,0,0
TF,ORLEE,39.801667,-83.421750,0, ,0.0,0.0,0.0,0.0,2,11000,0,0,0,0,0,0
TF,HEDEE,39.637581,-83.805617,0, ,0.0,0.0,0.0,0.0,0,0,0,0,0,0,0,0

STAR,HEDEE1,ALL,5
IF,HEDEE,39.637581,-83.805617, ,0.0,0.0,0,0,0,0,0,0,0,0
TF,KEFKA,39.349761,-83.919586,0, ,0.0,0.0,0.0,0.0,1,10000,0,0,0,0,0,1
FM,KEFKA,39.349761,-83.919586,0,MXQ,0.0,0.0,201.0,0,0,0,0,0,0,0,0

APPTR,I30,30,HOLGR
HF,HOLGR,39.325761,-84.390461,1, ,0.0,0.0,296.0,04.3,2,2600,0,0,0,0,1,0,0

FINAL,I30,30,I,3
IF,BRNIE,39.278211,-84.227006,IRQF,116.4,15.3,2,2600,0,0,0,0,0,0
CF,HOLGR,39.325761,-84.390461,0,IRQF,116.4,7.2,296.0,8.1,1,2600,0,0,0,0,2,0
CF,RW30,39.361131,-84.512828,0,IRQF,116.4,1.1,296.0,6.1,1,665,0,0,0,0,3,0
CA,0,296.0,2,1600,0,0,0,0,0,0
DF,MIZZA,39.497058,-84.456742,2, ,0.0,0.0,2,2600,0,0,0,0,0,0
HM,MIZZA,39.497058,-84.456742,2, ,0.0,0.0,207.0,04,0,0,0,0,0,0,0,0,0

APPTR,R12,12,MONTR
HF,MONTR,39.434289,-84.767594,2, ,0.0,0.0,116.0,04,2,2700,0,0,0,0,1,0,0

FINAL,R12,12,R,4
IF,MONTR,39.434289,-84.767594, ,0.0,0.0,2,2700,0,0,0,0,0,0
TF,CLIFH,39.394922,-84.630197,0, ,0.0,0.0,116.0,6.8,2,2500,0,0,0,0,2,0
TF,DASBY,39.383222,-84.589497,0, ,0.0,0.0,116.0,2.0,2,1740,0,0,0,0,0,0
TF,RW12,39.366389,-84.531061,0, ,0.0,0.0,116.0,2.9,1,672,0,0,0,0,3,1
CA,0,116.0,2,1020,0,0,0,0,0,0
DF,BRNIE,39.278211,-84.227006,0, ,0.0,0.0,2,3000,0,0,0,0,0,1
HM,BRNIE,39.278211,-84.227006,2, ,0.0,0.0,297.0,04,0,0,0,0,0,0,0,0,0

APPTR,R30,30,CINPA
IF,CINPA,39.635714,-84.384919, ,0.0,0.0,0,0,0,0,0,0,0,0
TF,BRNIE,39.278211,-84.227006,0, ,0.0,0.0,0.0,0.0,2,3000,0,0,0,0,0,1
HF,BRNIE,39.278211,-84.227006,2, ,0.0,0.0,297.0,04,2,3000,0,0,0,0,1,0,0

FINAL,R30,30,R,4
IF,BRNIE,39.278211,-84.227006, ,0.0,0.0,2,3000,0,0,0,0,0,0
TF,HOLGR,39.325761,-84.390461,0, ,0.0,0.0,297.0,8.1,2,2600,0,0,0,0,2,0
TF,PUNUE,39.341933,-84.446375,0, ,0.0,0.0,296.0,2.8,2,1700,0,0,0,0,0,0
TF,RW30,39.361131,-84.512828,0, ,0.0,0.0,296.0,3.3,1,665,0,0,0,0,3,1
CA,0,296.0,2,819,0,0,0,0,0,0
DF,MONTR,39.434289,-84.767594,0, ,0.0,0.0,2,2700,0,0,0,0,0,1
HM,MONTR,39.434289,-84.767594,2, ,0.0,0.0,116.0,04,0,0,0,0,0,0,0,0,0

