STAR,AAVON1,HYPPE,4
IF,HYPPE,40.374381,-109.247044, ,0.0,0.0,0,0,0,0,0,0,0,0
TF,AAVON,39.764239,-108.136019,0, ,0.0,0.0,0.0,0.0,0,0,0,0,0,0,0,0

STAR,AAVON1,IBSKI,4
IF,IBSKI,37.997200,-109.997208, ,0.0,0.0,0,0,0,0,0,0,0,0
TF,TESSY,39.496200,-108.829822,0, ,0.0,0.0,0.0,0.0,0,0,0,0,0,0,0,0
TF,PPLAY,39.659386,-108.409147,0, ,0.0,0.0,0.0,0.0,0,0,0,0,0,0,0,0
TF,AAVON,39.764239,-108.136019,0, ,0.0,0.0,0.0,0.0,0,0,0,0,0,0,0,0

STAR,AAVON1,KIMMR,4
IF,KIMMR,39.229233,-109.958361, ,0.0,0.0,0,0,0,0,0,0,0,0
TF,TESSY,39.496200,-108.829822,0, ,0.0,0.0,0.0,0.0,0,0,0,0,0,0,0,0
TF,PPLAY,39.659386,-108.409147,0, ,0.0,0.0,0.0,0.0,0,0,0,0,0,0,0,0
TF,AAVON,39.764239,-108.136019,0, ,0.0,0.0,0.0,0.0,0,0,0,0,0,0,0,0

STAR,AAVON1,MAESA,4
IF,MAESA,37.510797,-108.883753, ,0.0,0.0,0,0,0,0,0,0,0,0
TF,VIRDE,38.175608,-108.866206,0, ,0.0,0.0,0.0,0.0,0,0,0,0,0,0,0,0
TF,TESSY,39.496200,-108.829822,0, ,0.0,0.0,0.0,0.0,0,0,0,0,0,0,0,0
TF,PPLAY,39.659386,-108.409147,0, ,0.0,0.0,0.0,0.0,0,0,0,0,0,0,0,0
TF,AAVON,39.764239,-108.136019,0, ,0.0,0.0,0.0,0.0,0,0,0,0,0,0,0,0

STAR,AAVON1,PPLAY,4
IF,PPLAY,39.659386,-108.409147, ,0.0,0.0,0,0,0,0,0,0,0,0
TF,AAVON,39.764239,-108.136019,0, ,0.0,0.0,0.0,0.0,0,0,0,0,0,0,0,0

STAR,AAVON1,TESSY,4
IF,TESSY,39.496200,-108.829822, ,0.0,0.0,0,0,0,0,0,0,0,0
TF,PPLAY,39.659386,-108.409147,0, ,0.0,0.0,0.0,0.0,0,0,0,0,0,0,0,0
TF,AAVON,39.764239,-108.136019,0, ,0.0,0.0,0.0,0.0,0,0,0,0,0,0,0,0

STAR,AAVON1,VIRDE,4
IF,VIRDE,38.175608,-108.866206, ,0.0,0.0,0,0,0,0,0,0,0,0
TF,TESSY,39.496200,-108.829822,0, ,0.0,0.0,0.0,0.0,0,0,0,0,0,0,0,0
TF,PPLAY,39.659386,-108.409147,0, ,0.0,0.0,0.0,0.0,0,0,0,0,0,0,0,0
TF,AAVON,39.764239,-108.136019,0, ,0.0,0.0,0.0,0.0,0,0,0,0,0,0,0,0

STAR,AAVON1,ALL,5
IF,AAVON,39.764239,-108.136019, ,0.0,0.0,0,0,0,0,0,0,0,0
TF,ZIRCL,40.188047,-107.598547,0, ,0.0,0.0,0.0,0.0,1,15000,0,0,0,0,0,1
FM,ZIRCL,40.188047,-107.598547,0,EKR,0.0,0.0,35.0,0,0,0,0,0,0,0,0

APPTR,I10,10,CHE
IF,CHE,40.520081,-107.304900, ,0.0,0.0,0,0,0,0,0,0,0,0
TF,REVME,40.575089,-107.498839,0, ,0.0,0.0,0.0,0.0,2,10000,0,0,0,0,0,0
HF,REVME,40.575089,-107.498839,2, ,0.0,0.0,104.0,04.3,2,10000,0,0,0,0,1,0,0

FINAL,I10,10,I,3
IF,REVME,40.575089,-107.498839,IHDN,283.7,15.0,2,10000,0,0,0,0,0,0
CF,INEDE,40.529489,-107.361961,0,IHDN,283.7,8.2,104.0,6.8,1,8700,0,0,0,0,2,0
CF,RW10,40.486139,-107.232436,0,IHDN,283.7,1.7,104.0,6.5,1,6639,0,0,0,0,3,0
CA,0,104.0,2,8000,0,0,0,0,0,0
VI,0, ,0.0,130.0,0,0,0,0,0,0,0,0
CF,TILLI,40.233972,-106.825028,0,CHE,113.8,27.9,114.0,12.0,2,13300,0,0,0,0,0,0
HM,TILLI,40.233972,-106.825028,1, ,0.0,0.0,294.0,04.3,2,13300,0,0,0,0,0,0,0

APPTR,R10-Y,10,CELIA
IF,CELIA,40.819764,-107.774228, ,0.0,0.0,0,0,0,0,0,0,1,0
TF,REVME,40.575089,-107.498839,0, ,0.0,0.0,0.0,0.0,2,10000,0,0,0,0,1,0

APPTR,R10-Y,10,CHE
IF,CHE,40.520081,-107.304900, ,0.0,0.0,0,0,0,0,0,0,0,0
TF,REVME,40.575089,-107.498839,0, ,0.0,0.0,0.0,0.0,2,10000,0,0,0,0,0,1
HF,REVME,40.575089,-107.498839,2, ,0.0,0.0,104.0,07,2,10000,0,0,0,0,1,0,0

APPTR,R10-Y,10,STRIM
IF,STRIM,40.489439,-107.840825, ,0.0,0.0,0,0,0,0,0,0,1,0
TF,REVME,40.575089,-107.498839,0, ,0.0,0.0,0.0,0.0,2,10000,0,0,0,0,1,0

FINAL,R10-Y,10,R,3
IF,REVME,40.575089,-107.498839, ,0.0,0.0,2,10000,0,0,0,0,0,0
TF,INEDE,40.529489,-107.361961,0, ,0.0,0.0,104.0,6.8,2,8700,0,0,0,0,2,0
TF,RW10,40.486139,-107.232436,0, ,0.0,0.0,104.0,6.5,1,6639,0,0,0,0,3,1
CA,0,104.0,2,6791,0,0,0,0,0,0
DF,OBTUE,40.445833,-107.112550,0, ,0.0,0.0,0,0,0,0,0,0,0,0
TF,TILLI,40.233972,-106.825028,0, ,0.0,0.0,0.0,0.0,2,13700,0,0,0,0,0,1
HM,TILLI,40.233972,-106.825028,1, ,0.0,0.0,294.0,08,2,13700,0,0,0,0,0,0,0

APPTR,R10-Z,10,CELIA
IF,CELIA,40.819764,-107.774228, ,0.0,0.0,0,0,0,0,0,0,1,0
TF,REVME,40.575089,-107.498839,0, ,0.0,0.0,0.0,0.0,2,10000,0,0,0,0,1,0

APPTR,R10-Z,10,STRIM
IF,STRIM,40.489439,-107.840825, ,0.0,0.0,0,0,0,0,0,0,1,0
TF,REVME,40.575089,-107.498839,0, ,0.0,0.0,0.0,0.0,2,10000,0,0,0,0,1,0

FINAL,R10-Z,10,R,3
IF,REVME,40.575089,-107.498839, ,0.0,0.0,2,10000,0,0,0,0,0,0
TF,INEDE,40.529489,-107.361961,0, ,0.0,0.0,104.0,6.8,2,8700,0,1,160,0,2,0
TF,RW10,40.486139,-107.232436,0, ,0.0,0.0,104.0,6.5,1,6639,0,0,0,0,3,1
TF,OBTUE,40.445833,-107.112550,0, ,0.0,0.0,0.0,0.0,0,0,0,0,0,0,0,0
TF,TILLI,40.233972,-106.825028,0, ,0.0,0.0,0.0,0.0,2,13800,0,0,0,0,0,1
HM,TILLI,40.233972,-106.825028,2, ,0.0,0.0,118.0,08,2,13800,0,0,0,0,0,0,0

APPTR,R28,28,CHE
IF,CHE,40.520081,-107.304900, ,0.0,0.0,0,0,0,0,0,0,0,0
TF,HIPNA,40.264322,-106.900711,0, ,0.0,0.0,0.0,0.0,2,13000,0,0,0,0,0,1
HF,HIPNA,40.264322,-106.900711,2, ,0.0,0.0,303.0,08,2,13000,0,0,0,0,1,0,0

APPTR,R28,28,TILLI
IF,TILLI,40.233972,-106.825028, ,0.0,0.0,0,0,0,0,0,0,1,0
TF,HIPNA,40.264322,-106.900711,0, ,0.0,0.0,0.0,0.0,2,13000,0,0,0,0,1,0

APPTR,R28,28,UYRAG
IF,UYRAG,40.522172,-106.572719, ,0.0,0.0,0,0,0,0,0,0,0,0
TF,TUSKK,40.336297,-106.682158,0, ,0.0,0.0,0.0,0.0,2,13000,0,0,0,0,1,0
TF,HIPNA,40.264322,-106.900711,0, ,0.0,0.0,0.0,0.0,2,13000,0,0,0,0,1,0

FINAL,R28,28,R,6
IF,HIPNA,40.264322,-106.900711, ,0.0,0.0,2,13000,0,0,0,0,0,0
TF,PICIN,40.330622,-106.993308,0, ,0.0,0.0,303.0,5.8,2,11000,0,0,0,0,0,0
TF,BEEAR,40.375222,-107.055731,0, ,0.0,0.0,303.0,3.9,2,10000,0,0,0,0,2,0
TF,DICEV,40.417625,-107.114864,0, ,0.0,0.0,303.0,3.7,2,8600,0,0,0,0,0,0
TF,BUYYA,40.440431,-107.146719,0, ,0.0,0.0,303.0,2.0,2,7820,0,0,0,0,0,0
TF,WOGRI,40.472344,-107.191350,0, ,0.0,0.0,303.0,2.8,1,6831,0,0,0,0,3,1
CA,0,303.0,2,7000,0,0,0,0,0,0
DF,NESPE,40.506236,-107.238828,0, ,0.0,0.0,0,0,0,0,0,0,0,0
TF,MEKWY,40.667228,-107.534483,0, ,0.0,0.0,0.0,0.0,2,10000,0,0,0,0,0,1
HM,MEKWY,40.667228,-107.534483,2, ,0.0,0.0,120.0,07,0,0,0,0,0,0,0,0,0

APPTR,R28-M,28,CHE
IF,CHE,40.520081,-107.304900, ,0.0,0.0,0,0,0,1,250,0,1,0
TF,DADRE,40.501944,-107.167547,0, ,0.0,0.0,0.0,0.0,2,11000,0,0,0,0,1,0
TF,YESUV,40.486175,-107.049183,0, ,0.0,0.0,0.0,0.0,2,10200,0,1,210,0,0,0
RF,SETRE,40.409100,-107.006042,2,CFFVH,260.1,3.0,2,9500,0,0,0,0,0,0
RF,ROVIE,40.410006,-107.115697,2,CFFVH,144.0,3.0,2,8800,0,0,0,0,0,0

APPTR,R28-M,28,JESIE
IF,JESIE,40.023533,-106.875422, ,0.0,0.0,0,0,0,0,0,0,1,0
TF,HIPNA,40.264322,-106.900711,0, ,0.0,0.0,0.0,0.0,2,12200,0,1,210,0,1,0
TF,ESUPE,40.320750,-107.000061,0, ,0.0,0.0,0.0,0.0,2,10500,0,0,0,0,0,0
TF,OSOBE,40.364997,-107.078186,0, ,0.0,0.0,0.0,0.0,2,9500,0,0,0,0,0,0
TF,ROVIE,40.410006,-107.115697,0, ,0.0,0.0,0.0,0.0,2,8800,0,0,0,0,0,0

APPTR,R28-M,28,TILLI
IF,TILLI,40.233972,-106.825028, ,0.0,0.0,0,0,0,1,230,0,1,0
TF,HIPNA,40.264322,-106.900711,0, ,0.0,0.0,0.0,0.0,2,12200,0,1,210,0,1,0
TF,ESUPE,40.320750,-107.000061,0, ,0.0,0.0,0.0,0.0,2,10500,0,0,0,0,0,0
TF,OSOBE,40.364997,-107.078186,0, ,0.0,0.0,0.0,0.0,2,9500,0,0,0,0,0,0
TF,ROVIE,40.410006,-107.115697,0, ,0.0,0.0,0.0,0.0,2,8800,0,0,0,0,0,0

APPTR,R28-M,28,UYRAG
IF,UYRAG,40.522172,-106.572719, ,0.0,0.0,0,0,0,0,0,0,0,0
TF,TUSKK,40.336297,-106.682158,0, ,0.0,0.0,0.0,0.0,2,12900,0,0,0,0,1,0
TF,HIPNA,40.264322,-106.900711,0, ,0.0,0.0,0.0,0.0,2,12200,0,1,210,0,1,0
TF,ESUPE,40.320750,-107.000061,0, ,0.0,0.0,0.0,0.0,2,10500,0,0,0,0,0,0
TF,OSOBE,40.364997,-107.078186,0, ,0.0,0.0,0.0,0.0,2,9500,0,0,0,0,0,0
TF,ROVIE,40.410006,-107.115697,0, ,0.0,0.0,0.0,0.0,2,8800,0,0,0,0,0,0

APPTR,R28-M,28,ZIRCL
IF,ZIRCL,40.188047,-107.598547, ,0.0,0.0,0,0,0,0,0,0,1,0
TF,DADRE,40.501944,-107.167547,0, ,0.0,0.0,0.0,0.0,2,11000,0,0,0,0,1,0
TF,YESUV,40.486175,-107.049183,0, ,0.0,0.0,0.0,0.0,2,10200,0,1,210,0,1,0
RF,SETRE,40.409100,-107.006042,2,CFFVH,260.1,3.0,2,9500,0,0,0,0,0,0
RF,ROVIE,40.410006,-107.115697,2,CFFVH,349.5,3.0,2,8800,0,0,0,0,0,0

FINAL,R28-M,28,R,4
IF,ROVIE,40.410006,-107.115697, ,0.0,0.0,2,8800,0,0,0,0,2,0
TF,IPUTE,40.454733,-107.153036,0, ,0.0,0.0,317.0,3.2,0,0,0,0,0,0,0,0
RF,FEDAT,40.464122,-107.167306,1,CFDIB,283.6,1.5,0,0,0,0,0,0,0,0
TF,RW28,40.475658,-107.201217,0, ,0.0,0.0,284.0,1.7,1,6660,0,0,0,0,3,1
CA,0,284.0,2,6969,0,0,0,0,0,0
DF,GOVGE,40.539053,-107.388292,0, ,0.0,0.0,0,0,0,0,0,0,0,0
TF,MEKWY,40.667228,-107.534483,0, ,0.0,0.0,0.0,0.0,2,10000,0,0,0,0,0,1
HM,MEKWY,40.667228,-107.534483,2, ,0.0,0.0,120.0,07,0,0,0,0,0,0,0,0,0

APPTR,V10-B,10,CHE
IF,CHE,40.520081,-107.304900, ,0.0,0.0,0,0,0,0,0,0,0,0
TF,ZOMBU,40.521714,-106.933367,0, ,0.0,0.0,0.0,0.0,2,11400,0,0,0,0,1,0
AF,LUDYE,40.381006,-106.981467,2,CHE,105.3,17.0,76.0,2,10000,0,0,0,0,1,0

FINAL,V10-B,10,D,5
IF,LUDYE,40.381006,-106.981467,CHE,105.3,17.0,2,10000,0,0,0,0,0,0
CF,CHIMY,40.416269,-107.063150,0,CHE,105.3,12.7,285.0,4.3,2,9500,0,0,0,0,0,0
CF,HIRTU,40.435108,-107.106875,0,CHE,105.3,10.4,285.0,2.3,2,9100,0,0,0,0,2,0
CF,YUNGU,40.449022,-107.139208,0,CHE,105.3,8.7,285.0,1.7,2,8500,0,0,0,0,0,0
CF,HULIX,40.471592,-107.191731,0,CHE,105.3,5.9,285.0,2.8,1,6943,0,0,0,0,3,0
CA,0,285.0,2,7010,0,0,0,0,0,0
DF,CHE,40.520081,-107.304900,0, ,0.0,0.0,2,9900,0,0,0,0,0,0
HM,CHE,40.520081,-107.304900,2, ,0.0,0.0,108.0,04.3,2,9900,0,0,0,0,0,0,0

APPTR,V28-B,28,CHE
IF,CHE,40.520081,-107.304900, ,0.0,0.0,0,0,0,0,0,0,0,0
TF,ZOMBU,40.521714,-106.933367,0, ,0.0,0.0,0.0,0.0,2,11400,0,0,0,0,1,0
AF,LUDYE,40.381006,-106.981467,2,CHE,105.3,17.0,76.0,2,10000,0,0,0,0,1,0

FINAL,V28-B,28,D,5
IF,LUDYE,40.381006,-106.981467,CHE,105.3,17.0,2,10000,0,0,0,0,0,0
CF,CHIMY,40.416269,-107.063150,0,CHE,105.3,12.7,285.0,4.3,2,9500,0,0,0,0,0,0
CF,HIRTU,40.435108,-107.106875,0,CHE,105.3,10.4,285.0,2.3,2,9100,0,0,0,0,2,0
CF,YUNGU,40.449022,-107.139208,0,CHE,105.3,8.7,285.0,1.7,2,8500,0,0,0,0,0,0
CF,HULIX,40.471592,-107.191731,0,CHE,105.3,5.9,285.0,2.8,1,6943,0,0,0,0,3,0
CA,0,285.0,2,7010,0,0,0,0,0,0
DF,CHE,40.520081,-107.304900,0, ,0.0,0.0,2,9900,0,0,0,0,0,0
HM,CHE,40.520081,-107.304900,2, ,0.0,0.0,108.0,04.3,2,9900,0,0,0,0,0,0,0

