APPTR,R17,17,RRS
IF,RRS,31.284586,-85.431208, ,0.0,0.0,0,0,0,1,90,0,0,0
TF,DUYER,31.482442,-85.668975,0, ,0.0,0.0,0.0,0.0,2,2000,0,0,0,0,0,1
HF,DUYER,31.482442,-85.668975,1, ,0.0,0.0,176.0,04,2,2000,0,1,175,0,1,0,0

APPTR,R17,17,SKIPO
IF,SKIPO,31.549381,-85.588878, ,0.0,0.0,0,0,0,1,90,0,1,0
TF,DUYER,31.482442,-85.668975,0, ,0.0,0.0,0.0,0.0,2,2000,0,0,0,0,1,0

FINAL,R17,17,R,3
IF,DUYER,31.482442,-85.668975, ,0.0,0.0,2,2000,0,1,90,0,0,0
TF,QTPIE,31.406186,-85.658519,0, ,0.0,0.0,176.0,4.6,2,1800,0,0,0,0,2,0
TF,RW17,31.356389,-85.651903,0, ,0.0,0.0,176.0,3.0,1,358,0,0,0,0,3,1
CA,0,176.0,2,718,0,0,0,0,0,0
DF,DUYER,31.482442,-85.668975,1, ,0.0,0.0,2,2000,0,1,90,0,0,1
HM,DUYER,31.482442,-85.668975,1, ,0.0,0.0,176.0,04,3,6000,0,1,175,0,0,0,0

