APPTR,R32,32,BLANC
IF,BLANC,35.631442,-121.356400, ,0.0,0.0,0,0,0,0,0,0,0,0
TF,ZOVAD,35.874425,-121.209650,0, ,0.0,0.0,0.0,0.0,2,6000,0,0,0,0,1,0
TF,HILUX,35.920828,-121.150650,0, ,0.0,0.0,0.0,0.0,2,4000,0,0,0,0,1,0

APPTR,R32,32,LUCAB
IF,LUCAB,36.016853,-120.962453, ,0.0,0.0,0,0,0,0,0,0,0,0
TF,JOSUX,35.967200,-121.091583,0, ,0.0,0.0,0.0,0.0,2,6000,0,0,0,0,1,0
TF,HILUX,35.920828,-121.150650,0, ,0.0,0.0,0.0,0.0,2,4000,0,0,0,0,1,0

APPTR,R32,32,WONGO
IF,WONGO,35.873908,-121.481853, ,0.0,0.0,0,0,0,0,0,0,0,0
TF,ZOVAD,35.874425,-121.209650,0, ,0.0,0.0,0.0,0.0,2,6000,0,0,0,0,1,0
TF,HILUX,35.920828,-121.150650,0, ,0.0,0.0,0.0,0.0,2,4000,0,0,0,0,1,0

FINAL,R32,32,R,4
IF,HILUX,35.920828,-121.150650, ,0.0,0.0,2,4000,0,0,0,0,0,0
TF,PIXAE,35.956833,-121.193442,0, ,0.0,0.0,301.0,3.0,2,2800,0,1,90,0,2,0
TF,YATBU,35.980831,-121.221989,0, ,0.0,0.0,301.0,2.0,2,2040,0,0,0,0,0,0
TF,RW32,35.992833,-121.236289,0, ,0.0,0.0,301.0,1.0,1,1640,0,0,0,0,3,1
CA,0,301.0,2,1640,0,0,0,0,0,0
DF,JOSUX,35.967200,-121.091583,2, ,0.0,0.0,2,6000,0,1,90,0,0,1
HM,JOSUX,35.967200,-121.091583,2, ,0.0,0.0,211.0,04,0,0,0,0,0,0,0,0,0

