APPTR,R17,17,HAVAK
IF,HAVAK,35.177964,-97.538936, ,0.0,0.0,2,3000,0,1,90,0,0,0
TF,CONBO,35.129908,-97.291028,0, ,0.0,0.0,0.0,0.0,2,3000,0,0,0,0,1,0
TF,TAPUC,35.129303,-97.230072,0, ,0.0,0.0,0.0,0.0,2,3000,0,0,0,0,1,0

APPTR,R17,17,MINGG
IF,MINGG,35.128853,-96.955467, ,0.0,0.0,2,3000,0,1,90,0,0,0
TF,IMIME,35.128667,-97.169119,0, ,0.0,0.0,0.0,0.0,2,3000,0,0,0,0,1,0
TF,TAPUC,35.129303,-97.230072,0, ,0.0,0.0,0.0,0.0,2,3000,0,0,0,0,1,0

APPTR,R17,17,WETIX
IF,WETIX,35.003175,-97.471236, ,0.0,0.0,2,3000,0,1,90,0,0,0
TF,CONBO,35.129908,-97.291028,0, ,0.0,0.0,0.0,0.0,2,3000,0,0,0,0,1,0
TF,TAPUC,35.129303,-97.230072,0, ,0.0,0.0,0.0,0.0,2,3000,0,0,0,0,1,0

FINAL,R17,17,R,3
IF,TAPUC,35.129303,-97.230072, ,0.0,0.0,2,3000,0,1,90,0,0,0
TF,VAPPU,35.079228,-97.230828,0, ,0.0,0.0,175.0,3.0,2,2700,0,0,0,0,2,0
TF,RW17,35.029150,-97.231583,0, ,0.0,0.0,175.0,3.0,1,1131,0,0,0,0,3,1
CA,0,175.0,2,1491,0,0,0,0,0,0
DF,IMIME,35.128667,-97.169119,1, ,0.0,0.0,2,3000,0,1,90,0,0,1
HM,IMIME,35.128667,-97.169119,2, ,0.0,0.0,265.0,04,3,6000,0,0,0,0,0,0,0

APPTR,R35,35,MINGG
IF,MINGG,35.128853,-96.955467, ,0.0,0.0,2,3000,0,1,90,0,0,0
TF,WABIG,34.922850,-97.172372,0, ,0.0,0.0,0.0,0.0,2,3000,0,0,0,0,1,0
TF,RORKE,34.923486,-97.233175,0, ,0.0,0.0,0.0,0.0,2,3000,0,0,0,0,1,0

APPTR,R35,35,MUSKS
IF,MUSKS,34.846731,-97.410894, ,0.0,0.0,2,3000,0,1,90,0,0,0
TF,OTETE,34.924092,-97.293978,0, ,0.0,0.0,0.0,0.0,2,3000,0,0,0,0,1,0
TF,RORKE,34.923486,-97.233175,0, ,0.0,0.0,0.0,0.0,2,3000,0,0,0,0,1,0

APPTR,R35,35,WETIX
IF,WETIX,35.003175,-97.471236, ,0.0,0.0,2,3000,0,1,90,0,0,0
TF,OTETE,34.924092,-97.293978,0, ,0.0,0.0,0.0,0.0,2,3000,0,0,0,0,1,0
TF,RORKE,34.923486,-97.233175,0, ,0.0,0.0,0.0,0.0,2,3000,0,0,0,0,1,0

FINAL,R35,35,R,3
IF,RORKE,34.923486,-97.233175, ,0.0,0.0,2,3000,0,1,90,0,0,0
TF,FONVO,34.973564,-97.232419,0, ,0.0,0.0,355.0,3.0,2,2700,0,0,0,0,2,0
TF,RW35,35.023642,-97.231667,0, ,0.0,0.0,355.0,3.0,1,1129,0,0,0,0,3,1
CA,0,355.0,2,1600,0,0,0,0,0,0
DF,WABIG,34.922850,-97.172372,2, ,0.0,0.0,2,3000,0,1,90,0,0,1
HM,WABIG,34.922850,-97.172372,2, ,0.0,0.0,265.0,04,3,6000,0,0,0,0,0,0,0

