STAR,EMZOH4,RGOOD,4
IF,RGOOD,35.908892,-119.844658, ,0.0,0.0,0,0,0,0,0,0,0,0
TF,EMZOH,36.535553,-120.593831,0, ,0.0,0.0,0.0,0.0,2,28000,0,1,280,0,0,0

STAR,EMZOH4,ALL,5
IF,EMZOH,36.535553,-120.593831, ,0.0,0.0,2,28000,0,1,280,0,0,0
TF,MYJAW,36.773989,-120.858350,0, ,0.0,0.0,0.0,0.0,2,22000,0,1,280,0,0,0
TF,SKIZM,37.131842,-121.256878,0, ,0.0,0.0,0.0,0.0,4,19000,15000,0,0,0,0,0
TF,MYRIB,37.376089,-121.541411,0, ,0.0,0.0,0.0,0.0,4,10000,9000,1,240,0,0,0
TF,MYHIP,37.439914,-121.614308,0, ,0.0,0.0,0.0,0.0,0,0,0,0,0,0,0,0
TF,MYNEE,37.481008,-121.686236,0, ,0.0,0.0,0.0,0.0,1,7000,0,1,200,0,0,0
TF,SHRRP,37.495108,-121.750869,0, ,0.0,0.0,0.0,0.0,2,6200,0,0,0,0,0,1
FM,SHRRP,37.495108,-121.750869,0,EHF,0.0,0.0,271.0,0,0,0,0,0,0,0,0

STAR,OAKES3,MRLET,4
IF,MRLET,39.127000,-119.825333, ,0.0,0.0,0,0,0,0,0,0,0,0
TF,POYSN,38.288425,-120.069189,0, ,0.0,0.0,0.0,0.0,0,0,0,0,0,0,0,0
TF,OAKES,37.881369,-120.350694,0, ,0.0,0.0,0.0,0.0,4,32000,24000,1,280,0,0,0

STAR,OAKES3,RPARK,4
IF,RPARK,38.123586,-118.747164, ,0.0,0.0,0,0,0,0,0,0,0,0
TF,MOLLA,37.981383,-119.711683,0, ,0.0,0.0,0.0,0.0,0,0,0,0,0,0,0,0
TF,OAKES,37.881369,-120.350694,0, ,0.0,0.0,0.0,0.0,4,32000,24000,1,280,0,0,0

STAR,OAKES3,RUSME,4
IF,RUSME,37.494167,-117.520000, ,0.0,0.0,0,0,0,0,0,0,0,0
TF,OAKES,37.881369,-120.350694,0, ,0.0,0.0,0.0,0.0,4,32000,24000,1,280,0,0,0

STAR,OAKES3,ALL,5
IF,OAKES,37.881369,-120.350694, ,0.0,0.0,4,32000,24000,1,280,0,0,0
TF,GRUDG,37.795431,-120.858014,0, ,0.0,0.0,0.0,0.0,4,23000,20000,1,260,0,0,0
TF,BANND,37.759914,-121.061828,0, ,0.0,0.0,0.0,0.0,4,19000,17000,0,0,0,0,0
TF,TOOOL,37.713539,-121.327272,0, ,0.0,0.0,0.0,0.0,0,0,0,0,0,0,0,0
TF,FFIST,37.615667,-121.686772,0, ,0.0,0.0,0.0,0.0,4,9000,7000,1,200,0,0,0
TF,NORCL,37.517406,-121.719611,0, ,0.0,0.0,0.0,0.0,1,7000,0,0,0,0,0,1
FM,NORCL,37.517406,-121.719611,0,EHF,0.0,0.0,237.0,0,0,0,0,0,0,0,0

STAR,PXN6,AVE,1
IF,AVE,35.646975,-119.978606, ,0.0,0.0,0,0,0,0,0,0,0,0
TF,PXN,36.715458,-120.778683,0, ,0.0,0.0,0.0,0.0,0,0,0,0,0,0,0,0

STAR,PXN6,GMN,1
IF,GMN,34.804028,-118.861361, ,0.0,0.0,0,0,0,0,0,0,0,0
TF,SRENA,36.523114,-120.580067,0, ,0.0,0.0,0.0,0.0,0,0,0,0,0,0,0,0
TF,PXN,36.715458,-120.778683,0, ,0.0,0.0,0.0,0.0,0,0,0,0,0,0,0,0

STAR,PXN6,ALL,2
IF,PXN,36.715458,-120.778683, ,0.0,0.0,0,0,0,0,0,0,0,0
TF,KARNN,37.151053,-121.279228,0, ,0.0,0.0,0.0,0.0,0,0,0,0,0,0,0,0
TF,BORED,37.309489,-121.463350,0, ,0.0,0.0,0.0,0.0,0,0,0,1,250,0,0,0
TF,BUSHY,37.391394,-121.558900,0, ,0.0,0.0,0.0,0.0,0,0,0,0,0,0,0,0
TF,SUNOL,37.605531,-121.810281,0, ,0.0,0.0,0.0,0.0,0,0,0,0,0,0,0,0

APPTR,L28L,28L,SJC
FC,SJC,37.374711,-121.944669,0,SJC,0.0,0.0,9.0,5.8,2,4300,0,0,0,0,1,0
CF,BRIEN,37.523092,-121.858636,0,IHWD,107.9,15.4,9.0,4.0,2,4300,0,0,0,0,1,0

FINAL,L28L,28L,D,5
IF,BRIEN,37.523092,-121.858636,IHWD,107.9,15.4,2,4300,0,0,0,0,0,0
CF,JIBAN,37.547336,-121.905492,0,IHWD,107.9,12.7,288.0,2.7,2,3700,0,0,0,0,0,0
CF,FERNE,37.595764,-121.999297,0,IHWD,107.9,7.4,288.0,5.3,2,2500,0,0,0,0,2,0
CF,RISHE,37.619108,-122.044586,0,IHWD,107.9,4.8,288.0,2.6,2,1560,0,0,0,0,0,0
CF,RW28L,37.655186,-122.114761,0,IHWD,107.9,0.8,288.0,4.0,1,105,0,0,0,0,3,0
CA,0,288.0,2,460,0,0,0,0,0,0
DF,OAK,37.725925,-122.223592,0, ,0.0,0.0,2,2100,0,0,0,0,0,0
HM,OAK,37.725925,-122.223592,2, ,0.0,0.0,120.0,04.3,0,0,0,0,0,0,0,0,0

APPTR,R28L,28L,SJC
IF,SJC,37.374711,-121.944669, ,0.0,0.0,0,0,0,0,0,0,0,0
TF,JOBUS,37.501308,-121.779347,0, ,0.0,0.0,0.0,0.0,2,5700,0,0,0,0,0,1
HF,JOBUS,37.501308,-121.779347,2, ,0.0,0.0,285.0,05,2,5700,0,0,0,0,1,0,0

APPTR,R28L,28L,SUNOL
IF,SUNOL,37.605531,-121.810281, ,0.0,0.0,0,0,0,0,0,0,0,0
TF,JOBUS,37.501308,-121.779347,0, ,0.0,0.0,0.0,0.0,2,5700,0,0,0,0,0,1
HF,JOBUS,37.501308,-121.779347,2, ,0.0,0.0,285.0,05,2,5700,0,0,0,0,1,0,0

APPTR,R28L,28L,VINCO
IF,VINCO,37.376419,-121.716533, ,0.0,0.0,0,0,0,0,0,0,1,0
TF,JOBUS,37.501308,-121.779347,0, ,0.0,0.0,0.0,0.0,2,5700,0,0,0,0,1,0

FINAL,R28L,28L,R,8
IF,JOBUS,37.501308,-121.779347, ,0.0,0.0,2,5700,0,0,0,0,0,0
TF,OKIVY,37.528375,-121.838103,0, ,0.0,0.0,285.0,3.2,2,4800,0,0,0,0,0,0
TF,WESCH,37.555414,-121.896897,0, ,0.0,0.0,285.0,3.2,2,3900,0,0,0,0,0,0
TF,SUDGE,37.576422,-121.942658,0, ,0.0,0.0,285.0,2.5,2,3200,0,0,0,0,2,0
TF,FENRA,37.603622,-122.001986,0, ,0.0,0.0,285.0,3.3,2,2120,0,0,0,0,0,0
TF,BOGRE,37.622764,-122.043803,0, ,0.0,0.0,285.0,2.3,2,1360,0,0,0,0,0,0
TF,HUZBY,37.631911,-122.063811,0, ,0.0,0.0,285.0,1.1,2,1000,0,0,0,0,0,0
TF,RW28L,37.655186,-122.114761,0, ,0.0,0.0,285.0,2.8,1,85,0,0,0,0,3,1
CA,0,285.0,2,600,0,0,0,0,0,0
DF,OAK,37.725925,-122.223592,2, ,0.0,0.0,2,2100,0,0,0,0,0,1
HM,OAK,37.725925,-122.223592,2, ,0.0,0.0,122.0,04,0,0,0,0,0,0,0,0,0

