APPTR,R18,18,AABLE
IF,AABLE,40.170928,-90.658869, ,0.0,0.0,0,0,0,0,0,0,1,0
TF,HAGDO,40.172775,-90.800175,0, ,0.0,0.0,0.0,0.0,2,2700,0,0,0,0,1,0

APPTR,R18,18,BADLY
IF,BADLY,40.174450,-90.941486, ,0.0,0.0,0,0,0,0,0,0,1,0
TF,HAGDO,40.172775,-90.800175,0, ,0.0,0.0,0.0,0.0,2,2700,0,0,0,0,1,0

APPTR,R18,18,HAGDO
HF,HAGDO,40.172775,-90.800175,2, ,0.0,0.0,180.0,04,2,2700,0,0,0,0,1,0,0

FINAL,R18,18,R,4
IF,HAGDO,40.172775,-90.800175, ,0.0,0.0,2,2700,0,0,0,0,0,0
TF,IBOZI,40.073281,-90.802278,0, ,0.0,0.0,180.0,6.0,2,2300,0,0,0,0,2,0
TF,GACOP,40.019661,-90.803414,0, ,0.0,0.0,180.0,3.2,2,1260,0,0,0,0,0,0
TF,RW18,39.993497,-90.803969,0, ,0.0,0.0,180.0,1.6,1,777,0,0,0,0,3,1
CA,0,180.0,2,1041,0,0,0,0,0,0
DF,BEWOH,39.797000,-90.808106,0, ,0.0,0.0,2,2700,0,0,0,0,0,1
HM,BEWOH,39.797000,-90.808106,2, ,0.0,0.0,360.0,04,0,0,0,0,0,0,0,0,0

APPTR,R36,36,BEWOH
HF,BEWOH,39.797000,-90.808106,2, ,0.0,0.0,360.0,04,2,2700,0,0,0,0,1,0,0

APPTR,R36,36,CRUXX
IF,CRUXX,39.795164,-90.667572, ,0.0,0.0,0,0,0,0,0,0,1,0
TF,BEWOH,39.797000,-90.808106,0, ,0.0,0.0,0.0,0.0,2,2700,0,0,0,0,1,0

APPTR,R36,36,SKOOL
IF,SKOOL,39.798667,-90.948644, ,0.0,0.0,0,0,0,0,0,0,1,0
TF,BEWOH,39.797000,-90.808106,0, ,0.0,0.0,0.0,0.0,2,2700,0,0,0,0,1,0

FINAL,R36,36,R,4
IF,BEWOH,39.797000,-90.808106, ,0.0,0.0,2,2700,0,0,0,0,0,0
TF,CAGUN,39.896511,-90.806017,0, ,0.0,0.0,360.0,6.0,2,2300,0,0,0,0,2,0
TF,HABOV,39.948881,-90.804911,0, ,0.0,0.0,360.0,3.1,2,1300,0,0,0,0,0,0
TF,RW36,39.977286,-90.804311,0, ,0.0,0.0,360.0,1.7,1,757,0,0,0,0,3,1
CA,0,360.0,2,995,0,0,0,0,0,0
DF,HAGDO,40.172775,-90.800175,0, ,0.0,0.0,2,2700,0,0,0,0,0,1
HM,HAGDO,40.172775,-90.800175,2, ,0.0,0.0,180.0,04,0,0,0,0,0,0,0,0,0

