APPTR,R26,26,GOSIC
IF,GOSIC,39.640383,-81.909389, ,0.0,0.0,0,0,0,0,0,0,1,0
TF,OBKAE,39.751622,-81.955322,0, ,0.0,0.0,0.0,0.0,2,3000,0,0,0,0,1,0

APPTR,R26,26,OBKAE
HF,OBKAE,39.751622,-81.955322,2, ,0.0,0.0,259.0,04,2,3000,0,0,0,0,1,0,0

APPTR,R26,26,WIDEX
IF,WIDEX,39.862842,-82.001403, ,0.0,0.0,0,0,0,0,0,0,1,0
TF,OBKAE,39.751622,-81.955322,0, ,0.0,0.0,0.0,0.0,2,3000,0,0,0,0,1,0

FINAL,R26,26,R,4
IF,OBKAE,39.751622,-81.955322, ,0.0,0.0,2,3000,0,0,0,0,0,0
TF,SAFRN,39.734764,-82.023628,0, ,0.0,0.0,259.0,3.3,2,3000,0,0,0,0,0,0
TF,QANGI,39.718992,-82.087403,0, ,0.0,0.0,259.0,3.1,2,2700,0,0,0,0,2,0
TF,RW26,39.693064,-82.191872,0, ,0.0,0.0,259.0,5.1,1,1082,0,0,0,0,3,1
CA,0,259.0,2,1452,0,0,0,0,0,0
DF,JEGUN,39.672611,-82.273944,0, ,0.0,0.0,0,0,0,0,0,0,0,0
TF,LARIC,39.562383,-82.348456,0, ,0.0,0.0,0.0,0.0,2,3000,0,0,0,0,0,1
HM,LARIC,39.562383,-82.348456,2, ,0.0,0.0,169.0,04,0,0,0,0,0,0,0,0,0

