APPTR,I01L,01L,HOKET
HF,HOKET,37.377656,-97.337139,2, ,0.0,0.0,8.0,04,2,4000,0,1,200,0,1,0,0

FINAL,I01L,01L,I,3
IF,HOKET,37.377656,-97.337139,IIAB,188.5,16.2,2,4000,0,0,0,0,0,0
CF,BEGLE,37.525072,-97.296347,0,IIAB,188.5,7.2,8.0,9.1,1,3000,0,0,0,0,2,0
CF,RW01L,37.607272,-97.273497,0,IIAB,188.5,2.1,8.0,5.0,1,1394,0,0,0,0,3,0
CA,0,8.0,2,2000,0,0,0,0,0,0
CF,PURKE,37.863586,-97.186483,0,IAB,11.0,15.0,11.0,15.0,2,4000,0,0,0,0,0,0
HM,PURKE,37.863586,-97.186483,1, ,0.0,0.0,191.0,04,3,6000,0,1,200,0,0,0,0

APPTR,I19R,19R,WITBA
HF,WITBA,37.866414,-97.201139,1, ,0.0,0.0,188.0,04,2,4000,0,1,200,0,1,0,0

FINAL,I19R,19R,I,3
IF,WITBA,37.866414,-97.201139,ICWX,8.5,16.1,2,4000,0,0,0,0,0,0
CF,FOVEL,37.719894,-97.242131,0,ICWX,8.5,7.1,188.0,9.0,1,3000,0,0,0,0,2,0
CF,RW19R,37.639447,-97.264544,0,ICWX,8.5,2.1,188.0,4.9,1,1428,0,0,0,0,3,0
CA,0,188.0,2,2000,0,0,0,0,0,0
CF,HEKLO,37.374625,-97.317256,0,IAB,185.0,15.0,185.0,15.5,2,4000,0,0,0,0,0,0
HM,HEKLO,37.374625,-97.317256,2, ,0.0,0.0,5.0,04,3,6000,0,1,200,0,0,0,0

APPTR,R01LY,01L,ADITS
IF,ADITS,37.302356,-97.150153, ,0.0,0.0,2,5000,0,0,0,0,1,0
TF,HOKET,37.377656,-97.337139,0, ,0.0,0.0,0.0,0.0,2,4000,0,0,0,0,1,0

APPTR,R01LY,01L,HOKET
HF,HOKET,37.377656,-97.337139,2, ,0.0,0.0,8.0,04,2,4000,0,1,200,0,1,0,0

APPTR,R01LY,01L,RYLEA
IF,RYLEA,37.383467,-97.543728, ,0.0,0.0,2,6000,0,0,0,0,1,0
TF,HOKET,37.377656,-97.337139,0, ,0.0,0.0,0.0,0.0,2,4000,0,0,0,0,1,0

FINAL,R01LY,01L,R,3
IF,HOKET,37.377656,-97.337139, ,0.0,0.0,2,4000,0,0,0,0,0,0
TF,BEGLE,37.525072,-97.296347,0, ,0.0,0.0,8.0,9.1,2,3000,0,0,0,0,2,0
TF,RW01L,37.607272,-97.273497,0, ,0.0,0.0,8.0,5.1,1,1394,0,0,0,0,3,1
CA,0,8.0,2,2000,0,0,0,0,0,0
DF,PURKE,37.863586,-97.186483,0, ,0.0,0.0,2,4000,0,0,0,0,0,1
HM,PURKE,37.863586,-97.186483,1, ,0.0,0.0,191.0,04,3,6000,0,1,200,0,0,0,0

APPTR,R01LZ,01L,HOKET
IF,HOKET,37.377656,-97.337139, ,0.0,0.0,2,4000,0,0,0,0,1,0
TF,BEGLE,37.525072,-97.296347,0, ,0.0,0.0,0.0,0.0,2,3000,0,0,0,0,0,0

APPTR,R01LZ,01L,KOSAC
IF,KOSAC,37.612422,-97.100794, ,0.0,0.0,2,4000,0,0,0,0,1,0
TF,DYREK,37.470989,-97.147792,0, ,0.0,0.0,0.0,0.0,0,0,0,0,0,0,0,0
RF,BRATE,37.487456,-97.297131,2,CFVBX,-3.7,3.6,0,0,0,0,0,0,0,0
TF,BEGLE,37.525072,-97.296347,0, ,0.0,0.0,0.0,0.0,2,3000,0,0,0,0,0,0

FINAL,R01LZ,01L,R,2
IF,BEGLE,37.525072,-97.296347, ,0.0,0.0,2,3000,0,0,0,0,2,0
TF,RW01L,37.607272,-97.273497,0, ,0.0,0.0,8.0,5.1,1,1394,0,0,0,0,3,1
TF,WITBA,37.866414,-97.201139,0, ,0.0,0.0,0.0,0.0,2,4000,0,0,0,0,0,1
HM,WITBA,37.866414,-97.201139,1, ,0.0,0.0,189.0,04,3,6000,0,1,200,0,0,0,0

APPTR,R01R,01R,ADITS
IF,ADITS,37.302356,-97.150153, ,0.0,0.0,2,5000,0,0,0,0,1,0
TF,HOKET,37.377656,-97.337139,0, ,0.0,0.0,0.0,0.0,2,4000,0,0,0,0,1,0

APPTR,R01R,01R,HOKET
HF,HOKET,37.377656,-97.337139,2, ,0.0,0.0,11.0,04,2,4000,0,1,200,0,1,0,0

APPTR,R01R,01R,RYLEA
IF,RYLEA,37.383467,-97.543728, ,0.0,0.0,2,6000,0,0,0,0,1,0
TF,HOKET,37.377656,-97.337139,0, ,0.0,0.0,0.0,0.0,2,4000,0,0,0,0,1,0

FINAL,R01R,01R,R,3
IF,HOKET,37.377656,-97.337139, ,0.0,0.0,2,4000,0,0,0,0,0,0
TF,HEPDU,37.524614,-97.287528,0, ,0.0,0.0,11.0,9.1,2,3000,0,0,0,0,2,0
TF,RW01R,37.606775,-97.270714,0, ,0.0,0.0,5.0,5.0,1,1400,0,0,0,0,3,1
CA,0,5.0,2,2000,0,0,0,0,0,0
DF,PURKE,37.863586,-97.186483,0, ,0.0,0.0,2,4000,0,0,0,0,0,1
HM,PURKE,37.863586,-97.186483,1, ,0.0,0.0,191.0,04,3,6000,0,1,200,0,0,0,0

APPTR,R19L,19L,ATREP
IF,ATREP,37.850000,-96.983333, ,0.0,0.0,2,5000,0,0,0,0,1,0
TF,WITBA,37.866414,-97.201139,0, ,0.0,0.0,0.0,0.0,2,4000,0,0,0,0,1,0

APPTR,R19L,19L,CARIE
IF,CARIE,37.917272,-97.404978, ,0.0,0.0,2,6000,0,0,0,0,1,0
TF,WITBA,37.866414,-97.201139,0, ,0.0,0.0,0.0,0.0,2,4000,0,0,0,0,1,0

APPTR,R19L,19L,WITBA
HF,WITBA,37.866414,-97.201139,1, ,0.0,0.0,186.0,04,2,4000,0,1,200,0,1,0,0

FINAL,R19L,19L,R,3
IF,WITBA,37.866414,-97.201139, ,0.0,0.0,2,4000,0,0,0,0,0,0
TF,WARUN,37.718553,-97.235572,0, ,0.0,0.0,186.0,9.0,2,3000,0,0,0,0,2,0
TF,RW19L,37.638969,-97.261761,0, ,0.0,0.0,191.0,4.9,1,1419,0,0,0,0,3,1
CA,0,191.0,2,2000,0,0,0,0,0,0
DF,HEKLO,37.374625,-97.317256,0, ,0.0,0.0,2,4000,0,0,0,0,0,1
HM,HEKLO,37.374625,-97.317256,2, ,0.0,0.0,5.0,04,3,6000,0,1,200,0,0,0,0

APPTR,R19RY,19R,ATREP
IF,ATREP,37.850000,-96.983333, ,0.0,0.0,2,5000,0,0,0,0,1,0
TF,WITBA,37.866414,-97.201139,0, ,0.0,0.0,0.0,0.0,2,4000,0,0,0,0,1,0

APPTR,R19RY,19R,CARIE
IF,CARIE,37.917272,-97.404978, ,0.0,0.0,2,6000,0,0,0,0,1,0
TF,WITBA,37.866414,-97.201139,0, ,0.0,0.0,0.0,0.0,2,4000,0,0,0,0,1,0

APPTR,R19RY,19R,WITBA
HF,WITBA,37.866414,-97.201139,1, ,0.0,0.0,189.0,04,2,4000,0,1,200,0,1,0,0

FINAL,R19RY,19R,R,3
IF,WITBA,37.866414,-97.201139, ,0.0,0.0,2,4000,0,0,0,0,0,0
TF,FOVEL,37.719894,-97.242131,0, ,0.0,0.0,189.0,9.0,2,3000,0,0,0,0,2,0
TF,RW19R,37.639447,-97.264544,0, ,0.0,0.0,188.0,4.9,1,1428,0,0,0,0,3,1
CA,0,188.0,2,2000,0,0,0,0,0,0
DF,HEKLO,37.374625,-97.317256,0, ,0.0,0.0,2,4000,0,0,0,0,0,1
HM,HEKLO,37.374625,-97.317256,2, ,0.0,0.0,5.0,04,3,6000,0,1,200,0,0,0,0

APPTR,R19RZ,19R,KOSAC
IF,KOSAC,37.612422,-97.100794, ,0.0,0.0,2,4000,0,0,0,0,1,0
TF,GATLE,37.706017,-97.086739,0, ,0.0,0.0,0.0,0.0,2,4000,0,0,0,0,0,0
RF,JABSO,37.736306,-97.233661,1,CFSTP,197.6,3.7,0,0,0,0,0,0,0,0
TF,FOVEL,37.719894,-97.242131,0, ,0.0,0.0,0.0,0.0,2,3000,0,0,0,0,0,0

APPTR,R19RZ,19R,WITBA
IF,WITBA,37.866414,-97.201139, ,0.0,0.0,2,4000,0,0,0,0,1,0
TF,FOVEL,37.719894,-97.242131,0, ,0.0,0.0,0.0,0.0,2,3000,0,0,0,0,0,0

FINAL,R19RZ,19R,R,2
IF,FOVEL,37.719894,-97.242131, ,0.0,0.0,2,3000,0,0,0,0,2,0
TF,RW19R,37.639447,-97.264544,0, ,0.0,0.0,188.0,4.9,1,1428,0,0,0,0,3,1
TF,HOKET,37.377656,-97.337139,0, ,0.0,0.0,0.0,0.0,2,4000,0,0,0,0,0,0
HM,HOKET,37.377656,-97.337139,2, ,0.0,0.0,8.0,04,3,6000,0,1,200,0,0,0,0

APPTR,T01L,01L,JILOR
HF,JILOR,37.380053,-97.349372,2, ,0.0,0.0,11.0,04,2,4000,0,1,200,0,1,0,0

FINAL,T01L,01L,D,3
IF,JILOR,37.380053,-97.349372,IAB,191.0,15.0,2,4000,0,0,0,0,0,0
CF,WIBOD,37.526753,-97.300186,0,IAB,191.0,5.9,11.0,9.1,2,3000,0,0,0,0,2,0
CF,COGMU,37.596064,-97.276875,0,IAB,191.0,1.6,11.0,4.3,1,1615,0,0,0,0,3,0
CF,PURKE,37.863586,-97.186483,0,IAB,11.0,15.0,11.0,16.6,2,4000,0,0,0,0,0,0
HM,PURKE,37.863586,-97.186483,1, ,0.0,0.0,191.0,04,3,6000,0,1,200,0,0,0,0

APPTR,T01R,01R,HEKLO
HF,HEKLO,37.374625,-97.317256,2, ,0.0,0.0,5.0,04,2,4000,0,1,200,0,1,0,0

FINAL,T01R,01R,D,3
IF,HEKLO,37.374625,-97.317256,IAB,185.0,15.0,2,4000,0,0,0,0,0,0
CF,HEPDU,37.524614,-97.287528,0,IAB,185.0,5.9,5.0,9.1,2,3000,0,0,0,0,2,0
CF,WOVIL,37.595483,-97.273442,0,IAB,185.0,1.6,5.0,4.3,1,1618,0,0,0,0,3,0
CF,PURKE,37.863586,-97.186483,0,IAB,11.0,15.0,11.0,16.6,2,4000,0,0,0,0,0,0
HM,PURKE,37.863586,-97.186483,1, ,0.0,0.0,191.0,04,3,6000,0,1,200,0,0,0,0

APPTR,T19L,19L,PURKE
HF,PURKE,37.863586,-97.186483,1, ,0.0,0.0,191.0,04,2,4000,0,1,200,0,1,0,0

FINAL,T19L,19L,D,3
IF,PURKE,37.863586,-97.186483,IAB,11.0,15.0,2,4000,0,0,0,0,0,0
CF,WARUN,37.718553,-97.235572,0,IAB,11.0,6.0,191.0,9.0,2,3000,0,0,0,0,2,0
CF,WAVEX,37.650864,-97.258414,0,IAB,11.0,1.8,191.0,4.2,1,1653,0,0,0,0,3,0
CF,HEKLO,37.374625,-97.317256,0,IAB,185.0,15.0,185.0,16.8,2,4000,0,0,0,0,0,0
HM,HEKLO,37.374625,-97.317256,2, ,0.0,0.0,5.0,04,3,6000,0,1,200,0,0,0,0

APPTR,T19R,19R,NELTS
HF,NELTS,37.868056,-97.211469,1, ,0.0,0.0,186.0,04,2,4000,0,1,200,0,1,0,0

FINAL,T19R,19R,D,3
IF,NELTS,37.868056,-97.211469,IAB,6.4,15.0,2,4000,0,0,0,0,0,0
CF,NEDME,37.720339,-97.245547,0,IAB,6.4,6.0,186.0,9.0,2,3000,0,0,0,0,2,0
CF,JUDEL,37.651400,-97.261406,0,IAB,6.4,1.8,186.0,4.2,1,1660,0,0,0,0,3,0
CF,HEKLO,37.374625,-97.317256,0,IAB,185.0,15.0,185.0,16.8,2,4000,0,0,0,0,0,0
HM,HEKLO,37.374625,-97.317256,2, ,0.0,0.0,5.0,04,3,6000,0,1,200,0,0,0,0

