APPTR,B19,19,IZLAR
HF,IZLAR,46.014164,-88.075758,2, ,0.0,0.0,190.0,04.3,2,3400,0,0,0,0,1,0,0

APPTR,B19,19,SAW
IF,SAW,46.358922,-87.397422, ,0.0,0.0,0,0,0,0,0,0,1,0
TF,IZLAR,46.014164,-88.075758,0, ,0.0,0.0,0.0,0.0,2,3400,0,0,0,0,1,0

FINAL,B19,19,D,3
IF,IZLAR,46.014164,-88.075758,IIMT,9.7,11.0,2,3400,0,0,0,0,0,0
CF,NOODL,45.915092,-88.094953,0,IIMT,9.7,5.0,190.0,6.0,2,2900,0,0,0,0,2,0
CF,ECYEB,45.840683,-88.109325,0,IIMT,9.7,0.5,190.0,4.5,1,1465,0,0,0,0,3,0
CA,0,190.0,2,3100,0,0,0,0,0,0
DF,OMOLE,45.720989,-88.132358,0, ,0.0,0.0,0,0,0,0,0,0,0,0
HM,OMOLE,45.720989,-88.132358,2, ,0.0,0.0,10.0,04.3,0,0,0,0,0,0,0,0,0

APPTR,I01,01,OMOLE
PI,OMOLE,45.720989,-88.132358,1,TVC,235.0,10.0,190,5.0,2,3100,0,0,0,0,1,0
CF,CFVPH,45.621925,-88.151333,0,IIMT,189.7,12.8,10.0,8.0,2,3100,0,0,0,0,0,0

FINAL,I01,01,I,3
IF,CFVPH,45.621925,-88.151333,IIMT,189.7,12.8,2,3100,0,0,0,0,0,0
CF,OMOLE,45.720989,-88.132358,0,IIMT,189.7,6.8,10.0,6.0,1,2900,0,0,0,0,2,0
CF,RW01,45.810514,-88.115139,0,IIMT,189.7,1.3,10.0,5.4,1,1185,0,0,0,0,3,0
CA,0,10.0,2,3400,0,0,0,0,0,0
DF,IZLAR,46.014164,-88.075758,0, ,0.0,0.0,0,0,0,0,0,0,0,0
HM,IZLAR,46.014164,-88.075758,2, ,0.0,0.0,190.0,04.3,0,0,0,0,0,0,0,0,0

APPTR,R01,01,AFERO
IF,AFERO,45.632775,-88.269069, ,0.0,0.0,0,0,0,0,0,0,1,0
TF,SEYOC,45.621758,-88.151367,0, ,0.0,0.0,0.0,0.0,2,3400,0,0,0,0,1,0

APPTR,R01,01,OJOSO
IF,OJOSO,45.610622,-88.033711, ,0.0,0.0,0,0,0,0,0,0,1,0
TF,SEYOC,45.621758,-88.151367,0, ,0.0,0.0,0.0,0.0,2,3400,0,0,0,0,1,0

APPTR,R01,01,SEYOC
HF,SEYOC,45.621758,-88.151367,2, ,0.0,0.0,10.0,04,2,3400,0,0,0,0,1,0,0

FINAL,R01,01,R,4
IF,SEYOC,45.621758,-88.151367, ,0.0,0.0,2,3400,0,0,0,0,0,0
TF,JUNEM,45.722881,-88.131989,0, ,0.0,0.0,10.0,6.1,2,2900,0,0,0,0,2,0
TF,LOOMS,45.767581,-88.123400,0, ,0.0,0.0,10.0,2.7,2,2000,0,0,0,0,0,0
TF,RW01,45.810514,-88.115139,0, ,0.0,0.0,10.0,2.6,1,1185,0,0,0,0,3,1
CA,0,10.0,2,1383,0,0,0,0,0,0
DF,DAMPY,46.019397,-88.074772,0, ,0.0,0.0,2,3400,0,0,0,0,0,1
HM,DAMPY,46.019397,-88.074772,2, ,0.0,0.0,190.0,04,0,0,0,0,0,0,0,0,0

APPTR,R19,19,BECKI
IF,BECKI,46.030497,-88.193300, ,0.0,0.0,0,0,0,0,0,0,1,0
TF,DAMPY,46.019397,-88.074772,0, ,0.0,0.0,0.0,0.0,2,3400,0,0,0,0,1,0

APPTR,R19,19,DAMPY
HF,DAMPY,46.019397,-88.074772,2, ,0.0,0.0,190.0,04,2,3400,0,0,0,0,1,0,0

APPTR,R19,19,IRENE
IF,IRENE,46.008172,-87.956292, ,0.0,0.0,0,0,0,0,0,0,1,0
TF,DAMPY,46.019397,-88.074772,0, ,0.0,0.0,0.0,0.0,2,3400,0,0,0,0,1,0

FINAL,R19,19,R,3
IF,DAMPY,46.019397,-88.074772, ,0.0,0.0,2,3400,0,0,0,0,0,0
TF,HANDS,45.918914,-88.094228,0, ,0.0,0.0,190.0,6.1,2,3000,0,0,0,0,2,0
TF,RW19,45.828183,-88.111733,0, ,0.0,0.0,190.0,5.5,1,1224,0,0,0,0,3,1
CA,0,190.0,2,1582,0,0,0,0,0,0
DF,SEYOC,45.621758,-88.151367,0, ,0.0,0.0,2,3400,0,0,0,0,0,1
HM,SEYOC,45.621758,-88.151367,2, ,0.0,0.0,10.0,04,0,0,0,0,0,0,0,0,0

