SID,LONGI7,06,1
VA,0,59.0,2,3000,0,0,0,0,0,0
VM,0,0,0,59.0,0,0,0,0,0,0,0,0

SID,LONGI7,15L,1
VA,0,149.0,2,3000,0,0,0,0,0,0
VM,0,0,0,149.0,0,0,0,0,0,0,0,0

SID,LONGI7,15R,1
VA,0,149.0,2,3000,0,0,0,0,0,0
VM,0,0,0,149.0,0,0,0,0,0,0,0,0

SID,LONGI7,24,1
VA,0,239.0,2,3000,0,0,0,0,0,0
VM,0,0,0,239.0,0,0,0,0,0,0,0,0

SID,LONGI7,33L,1
VA,0,329.0,2,3000,0,0,0,0,0,0
VM,0,0,0,329.0,0,0,0,0,0,0,0,0

SID,LONGI7,33R,1
VA,0,329.0,2,3000,0,0,0,0,0,0
VM,0,0,0,329.0,0,0,0,0,0,0,0,0

STAR,LOVES1,ALB,4
IF,ALB,42.747281,-73.803183, ,0.0,0.0,0,0,0,0,0,0,0,0
TF,ATHOS,42.247081,-73.812100,0, ,0.0,0.0,0.0,0.0,0,0,0,0,0,0,0,0
TF,PAWLN,41.769864,-73.600733,0, ,0.0,0.0,0.0,0.0,0,0,0,0,0,0,0,0

STAR,LOVES1,DANZI,4
IF,DANZI,42.178294,-74.956719, ,0.0,0.0,0,0,0,0,0,0,0,0
TF,PETER,42.205258,-74.530625,0, ,0.0,0.0,0.0,0.0,0,0,0,0,0,0,0,0
TF,ATHOS,42.247081,-73.812100,0, ,0.0,0.0,0.0,0.0,0,0,0,0,0,0,0,0
TF,PAWLN,41.769864,-73.600733,0, ,0.0,0.0,0.0,0.0,0,0,0,0,0,0,0,0

STAR,LOVES1,RAHKS,4
IF,RAHKS,42.466467,-75.239356, ,0.0,0.0,0,0,0,0,0,0,0,0
TF,PETER,42.205258,-74.530625,0, ,0.0,0.0,0.0,0.0,0,0,0,0,0,0,0,0
TF,ATHOS,42.247081,-73.812100,0, ,0.0,0.0,0.0,0.0,0,0,0,0,0,0,0,0
TF,PAWLN,41.769864,-73.600733,0, ,0.0,0.0,0.0,0.0,0,0,0,0,0,0,0,0

STAR,LOVES1,ALL,5
IF,PAWLN,41.769864,-73.600733, ,0.0,0.0,0,0,0,0,0,0,0,0
TF,LOVES,41.538789,-73.488094,0, ,0.0,0.0,0.0,0.0,0,0,0,0,0,0,0,0
TF,EEGOR,41.160817,-73.124350,0, ,0.0,0.0,0.0,0.0,0,0,0,0,0,0,0,0
TF,CCC,40.929619,-72.798858,0, ,0.0,0.0,0.0,0.0,0,0,0,0,0,0,0,1
FM,CCC,40.929619,-72.798858,0,GON,0.0,0.0,147.0,0,0,0,0,0,0,0,0

STAR,NELIE4,ALB,4
IF,ALB,42.747281,-73.803183, ,0.0,0.0,0,0,0,0,0,0,0,0
TF,SHIGY,42.399431,-73.316939,0, ,0.0,0.0,0.0,0.0,0,0,0,0,0,0,0,0
TF,TOMES,42.145353,-72.967067,0, ,0.0,0.0,0.0,0.0,0,0,0,0,0,0,0,0
TF,NELIE,41.941011,-72.688578,0, ,0.0,0.0,0.0,0.0,0,0,0,0,0,0,0,0

STAR,NELIE4,ARRKK,4
IF,ARRKK,42.063478,-75.316781, ,0.0,0.0,0,0,0,0,0,0,0,0
TF,SCARS,42.315750,-74.829819,0, ,0.0,0.0,0.0,0.0,0,0,0,0,0,0,0,0
TF,FOXXX,42.343642,-74.291964,0, ,0.0,0.0,0.0,0.0,0,0,0,0,0,0,0,0
TF,GOOBY,42.393428,-73.429339,0, ,0.0,0.0,0.0,0.0,0,0,0,0,0,0,0,0
TF,SHIGY,42.399431,-73.316939,0, ,0.0,0.0,0.0,0.0,0,0,0,0,0,0,0,0
TF,TOMES,42.145353,-72.967067,0, ,0.0,0.0,0.0,0.0,0,0,0,0,0,0,0,0
TF,NELIE,41.941011,-72.688578,0, ,0.0,0.0,0.0,0.0,0,0,0,0,0,0,0,0

STAR,NELIE4,MEMMS,4
IF,MEMMS,42.516586,-76.304286, ,0.0,0.0,0,0,0,0,0,0,0,0
TF,SCARS,42.315750,-74.829819,0, ,0.0,0.0,0.0,0.0,0,0,0,0,0,0,0,0
TF,FOXXX,42.343642,-74.291964,0, ,0.0,0.0,0.0,0.0,0,0,0,0,0,0,0,0
TF,GOOBY,42.393428,-73.429339,0, ,0.0,0.0,0.0,0.0,0,0,0,0,0,0,0,0
TF,SHIGY,42.399431,-73.316939,0, ,0.0,0.0,0.0,0.0,0,0,0,0,0,0,0,0
TF,TOMES,42.145353,-72.967067,0, ,0.0,0.0,0.0,0.0,0,0,0,0,0,0,0,0
TF,NELIE,41.941011,-72.688578,0, ,0.0,0.0,0.0,0.0,0,0,0,0,0,0,0,0

STAR,NELIE4,ALL,5
IF,NELIE,41.941011,-72.688578, ,0.0,0.0,0,0,0,0,0,0,0,0
TF,WIPOR,41.656408,-72.177131,0, ,0.0,0.0,0.0,0.0,0,0,0,0,0,0,0,0
TF,YANTC,41.556336,-71.999153,0, ,0.0,0.0,0.0,0.0,0,0,0,0,0,0,0,0
TF,WANDI,41.376047,-72.133842,0, ,0.0,0.0,0.0,0.0,0,0,0,0,0,0,0,0
TF,CCC,40.929619,-72.798858,0, ,0.0,0.0,0.0,0.0,0,0,0,0,0,0,0,1
VM,40.796136,-73.100664,0,254.0,0,0,0,0,0,0,0,0

STAR,SARDI1,BRIGS,4
IF,BRIGS,39.523533,-74.138797, ,0.0,0.0,3,21000,0,0,0,0,0,0
TF,HARBO,39.607511,-74.007378,0, ,0.0,0.0,0.0,0.0,0,0,0,0,0,0,0,0
TF,DRIFT,39.814878,-73.680425,0, ,0.0,0.0,0.0,0.0,0,0,0,0,0,0,0,0
TF,MANTA,39.901947,-73.542119,0, ,0.0,0.0,0.0,0.0,0,0,0,0,0,0,0,0
TF,PLUME,40.118519,-73.285564,0, ,0.0,0.0,0.0,0.0,0,0,0,0,0,0,0,0
TF,SHERL,40.255708,-73.121739,0, ,0.0,0.0,0.0,0.0,0,0,0,0,0,0,0,0
TF,DUNEE,40.323439,-73.040572,0, ,0.0,0.0,0.0,0.0,0,0,0,0,0,0,0,0
TF,KOPPY,40.417656,-72.927356,0, ,0.0,0.0,0.0,0.0,0,0,0,0,0,0,0,0
TF,SARDI,40.524058,-72.798853,0, ,0.0,0.0,0.0,0.0,0,0,0,0,0,0,0,0

STAR,SARDI1,DUNEE,4
IF,DUNEE,40.323439,-73.040572, ,0.0,0.0,0,0,0,0,0,0,0,0
TF,KOPPY,40.417656,-72.927356,0, ,0.0,0.0,0.0,0.0,0,0,0,0,0,0,0,0
TF,SARDI,40.524058,-72.798853,0, ,0.0,0.0,0.0,0.0,0,0,0,0,0,0,0,0

STAR,SARDI1,KALDA,4
IF,KALDA,37.841961,-75.626483, ,0.0,0.0,0,0,0,0,0,0,0,0
TF,ZJAAY,38.052764,-75.442853,0, ,0.0,0.0,0.0,0.0,0,0,0,0,0,0,0,0
TF,BYSEL,38.250750,-75.281353,0, ,0.0,0.0,0.0,0.0,0,0,0,0,0,0,0,0
TF,RADDS,38.648556,-75.088467,0, ,0.0,0.0,0.0,0.0,0,0,0,0,0,0,0,0
TF,SHHAY,38.784467,-74.932061,0, ,0.0,0.0,0.0,0.0,0,0,0,0,0,0,0,0
TF,MAEVE,38.963908,-74.745700,0, ,0.0,0.0,0.0,0.0,0,0,0,0,0,0,0,0
TF,WAALK,39.141294,-74.559147,0, ,0.0,0.0,0.0,0.0,0,0,0,0,0,0,0,0
TF,JENGA,39.276669,-74.411619,0, ,0.0,0.0,0.0,0.0,0,0,0,0,0,0,0,0
TF,RAINN,39.452753,-74.217544,0, ,0.0,0.0,0.0,0.0,0,0,0,0,0,0,0,0
TF,BRIGS,39.523533,-74.138797,0, ,0.0,0.0,0.0,0.0,3,21000,0,0,0,0,0,0
TF,HARBO,39.607511,-74.007378,0, ,0.0,0.0,0.0,0.0,0,0,0,0,0,0,0,0
TF,DRIFT,39.814878,-73.680425,0, ,0.0,0.0,0.0,0.0,0,0,0,0,0,0,0,0
TF,MANTA,39.901947,-73.542119,0, ,0.0,0.0,0.0,0.0,0,0,0,0,0,0,0,0
TF,PLUME,40.118519,-73.285564,0, ,0.0,0.0,0.0,0.0,0,0,0,0,0,0,0,0
TF,SHERL,40.255708,-73.121739,0, ,0.0,0.0,0.0,0.0,0,0,0,0,0,0,0,0
TF,DUNEE,40.323439,-73.040572,0, ,0.0,0.0,0.0,0.0,0,0,0,0,0,0,0,0
TF,KOPPY,40.417656,-72.927356,0, ,0.0,0.0,0.0,0.0,0,0,0,0,0,0,0,0
TF,SARDI,40.524058,-72.798853,0, ,0.0,0.0,0.0,0.0,0,0,0,0,0,0,0,0

STAR,SARDI1,MAEVE,4
IF,MAEVE,38.963908,-74.745700, ,0.0,0.0,0,0,0,0,0,0,0,0
TF,WAALK,39.141294,-74.559147,0, ,0.0,0.0,0.0,0.0,0,0,0,0,0,0,0,0
TF,JENGA,39.276669,-74.411619,0, ,0.0,0.0,0.0,0.0,0,0,0,0,0,0,0,0
TF,RAINN,39.452753,-74.217544,0, ,0.0,0.0,0.0,0.0,0,0,0,0,0,0,0,0
TF,BRIGS,39.523533,-74.138797,0, ,0.0,0.0,0.0,0.0,3,21000,0,0,0,0,0,0
TF,HARBO,39.607511,-74.007378,0, ,0.0,0.0,0.0,0.0,0,0,0,0,0,0,0,0
TF,DRIFT,39.814878,-73.680425,0, ,0.0,0.0,0.0,0.0,0,0,0,0,0,0,0,0
TF,MANTA,39.901947,-73.542119,0, ,0.0,0.0,0.0,0.0,0,0,0,0,0,0,0,0
TF,PLUME,40.118519,-73.285564,0, ,0.0,0.0,0.0,0.0,0,0,0,0,0,0,0,0
TF,SHERL,40.255708,-73.121739,0, ,0.0,0.0,0.0,0.0,0,0,0,0,0,0,0,0
TF,DUNEE,40.323439,-73.040572,0, ,0.0,0.0,0.0,0.0,0,0,0,0,0,0,0,0
TF,KOPPY,40.417656,-72.927356,0, ,0.0,0.0,0.0,0.0,0,0,0,0,0,0,0,0
TF,SARDI,40.524058,-72.798853,0, ,0.0,0.0,0.0,0.0,0,0,0,0,0,0,0,0

STAR,SARDI1,RADDS,4
IF,RADDS,38.648556,-75.088467, ,0.0,0.0,0,0,0,0,0,0,0,0
TF,SHHAY,38.784467,-74.932061,0, ,0.0,0.0,0.0,0.0,0,0,0,0,0,0,0,0
TF,MAEVE,38.963908,-74.745700,0, ,0.0,0.0,0.0,0.0,0,0,0,0,0,0,0,0
TF,WAALK,39.141294,-74.559147,0, ,0.0,0.0,0.0,0.0,0,0,0,0,0,0,0,0
TF,JENGA,39.276669,-74.411619,0, ,0.0,0.0,0.0,0.0,0,0,0,0,0,0,0,0
TF,RAINN,39.452753,-74.217544,0, ,0.0,0.0,0.0,0.0,0,0,0,0,0,0,0,0
TF,BRIGS,39.523533,-74.138797,0, ,0.0,0.0,0.0,0.0,3,21000,0,0,0,0,0,0
TF,HARBO,39.607511,-74.007378,0, ,0.0,0.0,0.0,0.0,0,0,0,0,0,0,0,0
TF,DRIFT,39.814878,-73.680425,0, ,0.0,0.0,0.0,0.0,0,0,0,0,0,0,0,0
TF,MANTA,39.901947,-73.542119,0, ,0.0,0.0,0.0,0.0,0,0,0,0,0,0,0,0
TF,PLUME,40.118519,-73.285564,0, ,0.0,0.0,0.0,0.0,0,0,0,0,0,0,0,0
TF,SHERL,40.255708,-73.121739,0, ,0.0,0.0,0.0,0.0,0,0,0,0,0,0,0,0
TF,DUNEE,40.323439,-73.040572,0, ,0.0,0.0,0.0,0.0,0,0,0,0,0,0,0,0
TF,KOPPY,40.417656,-72.927356,0, ,0.0,0.0,0.0,0.0,0,0,0,0,0,0,0,0
TF,SARDI,40.524058,-72.798853,0, ,0.0,0.0,0.0,0.0,0,0,0,0,0,0,0,0

STAR,SARDI1,WAALK,4
IF,WAALK,39.141294,-74.559147, ,0.0,0.0,0,0,0,0,0,0,0,0
TF,JENGA,39.276669,-74.411619,0, ,0.0,0.0,0.0,0.0,0,0,0,0,0,0,0,0
TF,RAINN,39.452753,-74.217544,0, ,0.0,0.0,0.0,0.0,0,0,0,0,0,0,0,0
TF,BRIGS,39.523533,-74.138797,0, ,0.0,0.0,0.0,0.0,3,21000,0,0,0,0,0,0
TF,HARBO,39.607511,-74.007378,0, ,0.0,0.0,0.0,0.0,0,0,0,0,0,0,0,0
TF,DRIFT,39.814878,-73.680425,0, ,0.0,0.0,0.0,0.0,0,0,0,0,0,0,0,0
TF,MANTA,39.901947,-73.542119,0, ,0.0,0.0,0.0,0.0,0,0,0,0,0,0,0,0
TF,PLUME,40.118519,-73.285564,0, ,0.0,0.0,0.0,0.0,0,0,0,0,0,0,0,0
TF,SHERL,40.255708,-73.121739,0, ,0.0,0.0,0.0,0.0,0,0,0,0,0,0,0,0
TF,DUNEE,40.323439,-73.040572,0, ,0.0,0.0,0.0,0.0,0,0,0,0,0,0,0,0
TF,KOPPY,40.417656,-72.927356,0, ,0.0,0.0,0.0,0.0,0,0,0,0,0,0,0,0
TF,SARDI,40.524058,-72.798853,0, ,0.0,0.0,0.0,0.0,0,0,0,0,0,0,0,0

STAR,SARDI1,ALL,5
IF,SARDI,40.524058,-72.798853, ,0.0,0.0,0,0,0,0,0,0,0,0
TF,BJOEL,40.557414,-72.798853,0, ,0.0,0.0,0.0,0.0,0,0,0,0,0,0,0,1
FM,BJOEL,40.557414,-72.798853,0,GON,0.0,0.0,14.0,0,0,0,0,0,0,0,0

APPTR,I06,06,CCC
IF,CCC,40.929619,-72.798858, ,0.0,0.0,0,0,0,0,0,0,0,0
TF,YOSUR,40.734697,-73.183303,0, ,0.0,0.0,0.0,0.0,2,2000,0,0,0,0,0,0
HF,YOSUR,40.734697,-73.183303,2, ,0.0,0.0,59.0,04.3,2,1600,0,0,0,0,1,0,0

FINAL,I06,06,I,3
IF,CFBTZ,40.687478,-73.245194,IISP,239.0,9.9,2,1600,0,0,0,0,0,0
CF,YOSUR,40.734697,-73.183303,0,IISP,239.0,5.9,59.0,4.0,1,1600,0,0,0,0,2,0
CF,RW06,40.788636,-73.112450,0,IISP,239.0,1.3,59.0,4.6,1,144,0,0,0,0,3,0
CA,0,59.0,2,600,0,0,0,0,0,0
DF,CCC,40.929619,-72.798858,0, ,0.0,0.0,2,2000,0,0,0,0,0,0
HM,CCC,40.929619,-72.798858,1, ,0.0,0.0,265.0,04.3,0,0,0,0,0,0,0,0,0

APPTR,I24,24,CCC
IF,CCC,40.929619,-72.798858, ,0.0,0.0,0,0,0,0,0,0,1,0
TF,CORAM,40.919806,-72.939367,0,IRXN,0.0,0.0,279.0,6.4,2,2000,0,0,0,0,1,0

FINAL,I24,24,I,3
IF,CORAM,40.919806,-72.939367,IRXN,59.0,11.2,2,2000,0,0,0,0,0,0
CF,UKEGE,40.848481,-73.033633,0,IRXN,59.0,5.2,239.0,6.1,1,1400,0,0,0,0,2,0
CF,RW24,40.802236,-73.094558,0,IRXN,59.0,1.3,239.0,3.9,1,151,0,0,0,0,3,0
CA,0,239.0,2,2000,0,0,0,0,0,0
VI,1, ,0.0,100.0,0,0,0,0,0,0,0,0
CF,CCC,40.929619,-72.798858,0,CCC,0.0,0.0,41.0,15.0,0,0,0,0,0,0,0,0
HM,CCC,40.929619,-72.798858,1, ,0.0,0.0,265.0,04.3,0,0,0,0,0,0,0,0,0

APPTR,R06,06,CCC
IF,CCC,40.929619,-72.798858, ,0.0,0.0,0,0,0,0,0,0,0,0
TF,DEERY,40.656050,-73.286314,0, ,0.0,0.0,0.0,0.0,2,2000,0,0,0,0,0,1
HF,DEERY,40.656050,-73.286314,2, ,0.0,0.0,59.0,04,2,2000,0,0,0,0,1,0,0

FINAL,R06,06,R,3
IF,DEERY,40.656050,-73.286314, ,0.0,0.0,2,2000,0,0,0,0,0,0
TF,YOSUR,40.734697,-73.183303,0, ,0.0,0.0,59.0,6.7,2,1600,0,0,0,0,2,0
TF,RW06,40.788636,-73.112450,0, ,0.0,0.0,59.0,4.6,1,144,0,0,0,0,3,1
CA,0,59.0,2,600,0,0,0,0,0,0
DF,CCC,40.929619,-72.798858,0, ,0.0,0.0,2,2000,0,0,0,0,0,1
HM,CCC,40.929619,-72.798858,1, ,0.0,0.0,266.0,04,0,0,0,0,0,0,0,0,0

APPTR,R15R,15R,CCC
IF,CCC,40.929619,-72.798858, ,0.0,0.0,0,0,0,0,0,0,0,0
TF,FORMU,40.925742,-73.270211,0, ,0.0,0.0,0.0,0.0,2,2000,0,0,0,0,0,1
HF,FORMU,40.925742,-73.270211,2, ,0.0,0.0,149.0,04,2,2000,0,0,0,0,1,0,0

FINAL,R15R,15R,R,4
IF,FORMU,40.925742,-73.270211, ,0.0,0.0,2,2000,0,0,0,0,0,0
TF,ZIVUX,40.853881,-73.175336,0, ,0.0,0.0,149.0,6.1,2,1600,0,0,0,0,2,0
TF,WENGA,40.819919,-73.130606,0, ,0.0,0.0,149.0,2.9,2,640,0,0,0,0,0,0
TF,RW15R,40.802228,-73.107331,0, ,0.0,0.0,149.0,1.5,1,159,0,0,0,0,3,1
CA,0,149.0,2,600,0,0,0,0,0,0
DF,CCC,40.929619,-72.798858,1, ,0.0,0.0,2,2000,0,0,0,0,0,1
HM,CCC,40.929619,-72.798858,1, ,0.0,0.0,266.0,04,0,0,0,0,0,0,0,0,0

APPTR,R24,24,CCC
IF,CCC,40.929619,-72.798858, ,0.0,0.0,0,0,0,0,0,0,1,0
TF,CORAM,40.919806,-72.939367,0, ,0.0,0.0,0.0,0.0,2,2000,0,0,0,0,1,0

FINAL,R24,24,R,4
IF,CORAM,40.919806,-72.939367, ,0.0,0.0,2,2000,0,0,0,0,0,0
TF,UKEGE,40.848481,-73.033633,0, ,0.0,0.0,239.0,6.1,2,1400,0,0,0,0,2,0
TF,JUMUM,40.831703,-73.055739,0, ,0.0,0.0,239.0,1.4,2,940,0,0,0,0,0,0
TF,RW24,40.802236,-73.094558,0, ,0.0,0.0,239.0,2.5,1,151,0,0,0,0,3,1
CA,0,239.0,2,600,0,0,0,0,0,0
DF,BJACK,40.669103,-72.932794,1, ,0.0,0.0,2,2000,0,0,0,0,0,1
HM,BJACK,40.669103,-72.932794,2, ,0.0,0.0,40.0,04,0,0,0,0,0,0,0,0,0

APPTR,R33L,33L,CCC
IF,CCC,40.929619,-72.798858, ,0.0,0.0,0,0,0,0,0,0,0,0
TF,BJACK,40.669103,-72.932794,0, ,0.0,0.0,0.0,0.0,2,2000,0,0,0,0,0,1
HF,BJACK,40.669103,-72.932794,2, ,0.0,0.0,329.0,04,2,2000,0,0,0,0,1,0,0

FINAL,R33L,33L,R,3
IF,BJACK,40.669103,-72.932794, ,0.0,0.0,2,2000,0,0,0,0,0,0
TF,JATEV,40.741139,-73.027108,0, ,0.0,0.0,329.0,6.1,2,1500,0,0,0,0,2,0
TF,RW33L,40.792158,-73.094092,0, ,0.0,0.0,329.0,4.3,1,124,0,0,0,0,3,1
CA,0,329.0,2,600,0,0,0,0,0,0
DF,CCC,40.929619,-72.798858,2, ,0.0,0.0,2,2000,0,0,0,0,0,1
HM,CCC,40.929619,-72.798858,1, ,0.0,0.0,266.0,04,0,0,0,0,0,0,0,0,0

