STAR,SARDI1,BRIGS,4
IF,BRIGS,39.523533,-74.138797, ,0.0,0.0,3,21000,0,0,0,0,0,0
TF,HARBO,39.607511,-74.007378,0, ,0.0,0.0,0.0,0.0,0,0,0,0,0,0,0,0
TF,DRIFT,39.814878,-73.680425,0, ,0.0,0.0,0.0,0.0,0,0,0,0,0,0,0,0
TF,MANTA,39.901947,-73.542119,0, ,0.0,0.0,0.0,0.0,0,0,0,0,0,0,0,0
TF,PLUME,40.118519,-73.285564,0, ,0.0,0.0,0.0,0.0,0,0,0,0,0,0,0,0
TF,SHERL,40.255708,-73.121739,0, ,0.0,0.0,0.0,0.0,0,0,0,0,0,0,0,0
TF,DUNEE,40.323439,-73.040572,0, ,0.0,0.0,0.0,0.0,0,0,0,0,0,0,0,0
TF,KOPPY,40.417656,-72.927356,0, ,0.0,0.0,0.0,0.0,0,0,0,0,0,0,0,0
TF,SARDI,40.524058,-72.798853,0, ,0.0,0.0,0.0,0.0,0,0,0,0,0,0,0,0

STAR,SARDI1,DUNEE,4
IF,DUNEE,40.323439,-73.040572, ,0.0,0.0,0,0,0,0,0,0,0,0
TF,KOPPY,40.417656,-72.927356,0, ,0.0,0.0,0.0,0.0,0,0,0,0,0,0,0,0
TF,SARDI,40.524058,-72.798853,0, ,0.0,0.0,0.0,0.0,0,0,0,0,0,0,0,0

STAR,SARDI1,KALDA,4
IF,KALDA,37.841961,-75.626483, ,0.0,0.0,0,0,0,0,0,0,0,0
TF,ZJAAY,38.052764,-75.442853,0, ,0.0,0.0,0.0,0.0,0,0,0,0,0,0,0,0
TF,BYSEL,38.250750,-75.281353,0, ,0.0,0.0,0.0,0.0,0,0,0,0,0,0,0,0
TF,RADDS,38.648556,-75.088467,0, ,0.0,0.0,0.0,0.0,0,0,0,0,0,0,0,0
TF,SHHAY,38.784467,-74.932061,0, ,0.0,0.0,0.0,0.0,0,0,0,0,0,0,0,0
TF,MAEVE,38.963908,-74.745700,0, ,0.0,0.0,0.0,0.0,0,0,0,0,0,0,0,0
TF,WAALK,39.141294,-74.559147,0, ,0.0,0.0,0.0,0.0,0,0,0,0,0,0,0,0
TF,JENGA,39.276669,-74.411619,0, ,0.0,0.0,0.0,0.0,0,0,0,0,0,0,0,0
TF,RAINN,39.452753,-74.217544,0, ,0.0,0.0,0.0,0.0,0,0,0,0,0,0,0,0
TF,BRIGS,39.523533,-74.138797,0, ,0.0,0.0,0.0,0.0,3,21000,0,0,0,0,0,0
TF,HARBO,39.607511,-74.007378,0, ,0.0,0.0,0.0,0.0,0,0,0,0,0,0,0,0
TF,DRIFT,39.814878,-73.680425,0, ,0.0,0.0,0.0,0.0,0,0,0,0,0,0,0,0
TF,MANTA,39.901947,-73.542119,0, ,0.0,0.0,0.0,0.0,0,0,0,0,0,0,0,0
TF,PLUME,40.118519,-73.285564,0, ,0.0,0.0,0.0,0.0,0,0,0,0,0,0,0,0
TF,SHERL,40.255708,-73.121739,0, ,0.0,0.0,0.0,0.0,0,0,0,0,0,0,0,0
TF,DUNEE,40.323439,-73.040572,0, ,0.0,0.0,0.0,0.0,0,0,0,0,0,0,0,0
TF,KOPPY,40.417656,-72.927356,0, ,0.0,0.0,0.0,0.0,0,0,0,0,0,0,0,0
TF,SARDI,40.524058,-72.798853,0, ,0.0,0.0,0.0,0.0,0,0,0,0,0,0,0,0

STAR,SARDI1,MAEVE,4
IF,MAEVE,38.963908,-74.745700, ,0.0,0.0,0,0,0,0,0,0,0,0
TF,WAALK,39.141294,-74.559147,0, ,0.0,0.0,0.0,0.0,0,0,0,0,0,0,0,0
TF,JENGA,39.276669,-74.411619,0, ,0.0,0.0,0.0,0.0,0,0,0,0,0,0,0,0
TF,RAINN,39.452753,-74.217544,0, ,0.0,0.0,0.0,0.0,0,0,0,0,0,0,0,0
TF,BRIGS,39.523533,-74.138797,0, ,0.0,0.0,0.0,0.0,3,21000,0,0,0,0,0,0
TF,HARBO,39.607511,-74.007378,0, ,0.0,0.0,0.0,0.0,0,0,0,0,0,0,0,0
TF,DRIFT,39.814878,-73.680425,0, ,0.0,0.0,0.0,0.0,0,0,0,0,0,0,0,0
TF,MANTA,39.901947,-73.542119,0, ,0.0,0.0,0.0,0.0,0,0,0,0,0,0,0,0
TF,PLUME,40.118519,-73.285564,0, ,0.0,0.0,0.0,0.0,0,0,0,0,0,0,0,0
TF,SHERL,40.255708,-73.121739,0, ,0.0,0.0,0.0,0.0,0,0,0,0,0,0,0,0
TF,DUNEE,40.323439,-73.040572,0, ,0.0,0.0,0.0,0.0,0,0,0,0,0,0,0,0
TF,KOPPY,40.417656,-72.927356,0, ,0.0,0.0,0.0,0.0,0,0,0,0,0,0,0,0
TF,SARDI,40.524058,-72.798853,0, ,0.0,0.0,0.0,0.0,0,0,0,0,0,0,0,0

STAR,SARDI1,RADDS,4
IF,RADDS,38.648556,-75.088467, ,0.0,0.0,0,0,0,0,0,0,0,0
TF,SHHAY,38.784467,-74.932061,0, ,0.0,0.0,0.0,0.0,0,0,0,0,0,0,0,0
TF,MAEVE,38.963908,-74.745700,0, ,0.0,0.0,0.0,0.0,0,0,0,0,0,0,0,0
TF,WAALK,39.141294,-74.559147,0, ,0.0,0.0,0.0,0.0,0,0,0,0,0,0,0,0
TF,JENGA,39.276669,-74.411619,0, ,0.0,0.0,0.0,0.0,0,0,0,0,0,0,0,0
TF,RAINN,39.452753,-74.217544,0, ,0.0,0.0,0.0,0.0,0,0,0,0,0,0,0,0
TF,BRIGS,39.523533,-74.138797,0, ,0.0,0.0,0.0,0.0,3,21000,0,0,0,0,0,0
TF,HARBO,39.607511,-74.007378,0, ,0.0,0.0,0.0,0.0,0,0,0,0,0,0,0,0
TF,DRIFT,39.814878,-73.680425,0, ,0.0,0.0,0.0,0.0,0,0,0,0,0,0,0,0
TF,MANTA,39.901947,-73.542119,0, ,0.0,0.0,0.0,0.0,0,0,0,0,0,0,0,0
TF,PLUME,40.118519,-73.285564,0, ,0.0,0.0,0.0,0.0,0,0,0,0,0,0,0,0
TF,SHERL,40.255708,-73.121739,0, ,0.0,0.0,0.0,0.0,0,0,0,0,0,0,0,0
TF,DUNEE,40.323439,-73.040572,0, ,0.0,0.0,0.0,0.0,0,0,0,0,0,0,0,0
TF,KOPPY,40.417656,-72.927356,0, ,0.0,0.0,0.0,0.0,0,0,0,0,0,0,0,0
TF,SARDI,40.524058,-72.798853,0, ,0.0,0.0,0.0,0.0,0,0,0,0,0,0,0,0

STAR,SARDI1,WAALK,4
IF,WAALK,39.141294,-74.559147, ,0.0,0.0,0,0,0,0,0,0,0,0
TF,JENGA,39.276669,-74.411619,0, ,0.0,0.0,0.0,0.0,0,0,0,0,0,0,0,0
TF,RAINN,39.452753,-74.217544,0, ,0.0,0.0,0.0,0.0,0,0,0,0,0,0,0,0
TF,BRIGS,39.523533,-74.138797,0, ,0.0,0.0,0.0,0.0,3,21000,0,0,0,0,0,0
TF,HARBO,39.607511,-74.007378,0, ,0.0,0.0,0.0,0.0,0,0,0,0,0,0,0,0
TF,DRIFT,39.814878,-73.680425,0, ,0.0,0.0,0.0,0.0,0,0,0,0,0,0,0,0
TF,MANTA,39.901947,-73.542119,0, ,0.0,0.0,0.0,0.0,0,0,0,0,0,0,0,0
TF,PLUME,40.118519,-73.285564,0, ,0.0,0.0,0.0,0.0,0,0,0,0,0,0,0,0
TF,SHERL,40.255708,-73.121739,0, ,0.0,0.0,0.0,0.0,0,0,0,0,0,0,0,0
TF,DUNEE,40.323439,-73.040572,0, ,0.0,0.0,0.0,0.0,0,0,0,0,0,0,0,0
TF,KOPPY,40.417656,-72.927356,0, ,0.0,0.0,0.0,0.0,0,0,0,0,0,0,0,0
TF,SARDI,40.524058,-72.798853,0, ,0.0,0.0,0.0,0.0,0,0,0,0,0,0,0,0

STAR,SARDI1,ALL,5
IF,SARDI,40.524058,-72.798853, ,0.0,0.0,0,0,0,0,0,0,0,0
TF,RICED,40.611969,-72.692183,0, ,0.0,0.0,0.0,0.0,0,0,0,0,0,0,0,0
TF,BEADS,40.734586,-72.542836,0, ,0.0,0.0,0.0,0.0,0,0,0,0,0,0,0,1
FM,BEADS,40.734586,-72.542836,0,GON,0.0,0.0,57.0,0,0,0,0,0,0,0,0

APPTR,R10-M,10,HTO
IF,HTO,40.918994,-72.316706, ,0.0,0.0,0,0,0,0,0,0,0,0
TF,MATHW,40.955308,-72.493869,0, ,0.0,0.0,0.0,0.0,2,1800,0,0,0,0,0,0
HF,MATHW,40.955308,-72.493869,2, ,0.0,0.0,102.0,04,2,1800,0,0,0,0,1,0,0

APPTR,R10-M,10,JORDN
IF,JORDN,41.054700,-71.914628, ,0.0,0.0,0,0,0,0,0,0,0,0
TF,MATHW,40.955308,-72.493869,0, ,0.0,0.0,0.0,0.0,2,1800,0,0,0,0,0,0
HF,MATHW,40.955308,-72.493869,2, ,0.0,0.0,102.0,04,2,1800,0,0,0,0,1,0,0

FINAL,R10-M,10,R,4
IF,MATHW,40.955308,-72.493869, ,0.0,0.0,2,1800,0,0,0,0,0,0
TF,GOODI,40.957381,-72.362364,0, ,0.0,0.0,102.0,6.0,2,1800,0,0,0,0,2,0
TF,LAZYE,40.958117,-72.313086,0, ,0.0,0.0,102.0,2.2,2,980,0,0,0,0,0,0
TF,RW10,40.958883,-72.260300,0, ,0.0,0.0,102.0,2.4,1,115,0,0,0,0,3,1
CA,0,102.0,2,369,0,0,0,0,0,0
DF,BIGGA,40.962222,-72.007342,0, ,0.0,0.0,2,2000,0,0,0,0,0,1
HM,BIGGA,40.962222,-72.007342,2, ,0.0,0.0,102.0,04,2,2000,0,0,0,0,0,0,0

APPTR,R10-Z,10,HTO
IF,HTO,40.918994,-72.316706, ,0.0,0.0,0,0,0,0,0,0,0,0
TF,MATHW,40.955308,-72.493869,0, ,0.0,0.0,0.0,0.0,2,1800,0,0,0,0,0,1
HF,MATHW,40.955308,-72.493869,2, ,0.0,0.0,102.0,04,2,1800,0,0,0,0,1,0,0

APPTR,R10-Z,10,JORDN
IF,JORDN,41.054700,-71.914628, ,0.0,0.0,0,0,0,0,0,0,0,0
TF,MATHW,40.955308,-72.493869,0, ,0.0,0.0,0.0,0.0,2,1800,0,0,0,0,0,1
HF,MATHW,40.955308,-72.493869,2, ,0.0,0.0,102.0,04,2,1800,0,0,0,0,1,0,0

FINAL,R10-Z,10,R,4
IF,MATHW,40.955308,-72.493869, ,0.0,0.0,2,1800,0,0,0,0,0,0
TF,GOODI,40.957381,-72.362364,0, ,0.0,0.0,102.0,6.0,2,1800,0,0,0,0,2,0
TF,LAZYE,40.958117,-72.313086,0, ,0.0,0.0,102.0,2.2,2,980,0,0,0,0,0,0
TF,RW10,40.958883,-72.260300,0, ,0.0,0.0,102.0,2.4,1,115,0,0,0,0,3,1
CA,0,102.0,2,361,0,0,0,0,0,0
DF,BIGGA,40.962222,-72.007342,0, ,0.0,0.0,2,2000,0,0,0,0,0,1
HM,BIGGA,40.962222,-72.007342,2, ,0.0,0.0,102.0,04,0,0,0,0,0,0,0,0,0

APPTR,R28-M,28,JORDN
IF,JORDN,41.054700,-71.914628, ,0.0,0.0,0,0,0,0,0,0,1,0
TF,BIGGA,40.962222,-72.007342,0, ,0.0,0.0,0.0,0.0,2,2000,0,0,0,0,1,0

APPTR,R28-M,28,SEFRD
IF,SEFRD,40.845556,-72.001978, ,0.0,0.0,0,0,0,0,0,0,1,0
TF,BIGGA,40.962222,-72.007342,0, ,0.0,0.0,0.0,0.0,2,2000,0,0,0,0,1,0

FINAL,R28-M,28,R,4
IF,BIGGA,40.962222,-72.007342, ,0.0,0.0,2,2000,0,0,0,0,0,0
TF,FEAST,40.960536,-72.140175,0, ,0.0,0.0,282.0,6.0,2,1900,0,0,0,0,2,0
TF,HTOAD,40.959583,-72.210586,0, ,0.0,0.0,282.0,3.2,2,680,0,0,0,0,0,0
TF,RW28,40.959103,-72.244897,0, ,0.0,0.0,282.0,1.6,1,90,0,0,0,0,3,1
CA,0,282.0,2,321,0,0,0,0,0,0
DF,MATHW,40.955308,-72.493869,0, ,0.0,0.0,2,2000,0,0,0,0,0,1
HM,MATHW,40.955308,-72.493869,2, ,0.0,0.0,102.0,04,2,2000,0,0,0,0,0,0,0

APPTR,R28-Z,28,JORDN
IF,JORDN,41.054700,-71.914628, ,0.0,0.0,0,0,0,0,0,0,1,0
TF,BIGGA,40.962222,-72.007342,0, ,0.0,0.0,0.0,0.0,2,2000,0,0,0,0,1,0

APPTR,R28-Z,28,SEFRD
IF,SEFRD,40.845556,-72.001978, ,0.0,0.0,0,0,0,0,0,0,1,0
TF,BIGGA,40.962222,-72.007342,0, ,0.0,0.0,0.0,0.0,2,2000,0,0,0,0,1,0

FINAL,R28-Z,28,R,4
IF,BIGGA,40.962222,-72.007342, ,0.0,0.0,2,2000,0,0,0,0,0,0
TF,FEAST,40.960536,-72.140175,0, ,0.0,0.0,282.0,6.0,2,1900,0,0,0,0,2,0
TF,HTOAD,40.959583,-72.210586,0, ,0.0,0.0,282.0,3.2,2,680,0,0,0,0,0,0
TF,RW28,40.959103,-72.244897,0, ,0.0,0.0,282.0,1.6,1,90,0,0,0,0,3,1
CA,0,282.0,2,420,0,0,0,0,0,0
DF,MATHW,40.955308,-72.493869,0, ,0.0,0.0,2,2000,0,0,0,0,0,1
HM,MATHW,40.955308,-72.493869,2, ,0.0,0.0,102.0,04,0,0,0,0,0,0,0,0,0

