APPTR,R17,17,CAMAR
IF,CAMAR,36.090969,-99.282417, ,0.0,0.0,0,0,0,0,0,0,1,0
TF,ASEHU,36.062042,-98.420775,0, ,0.0,0.0,0.0,0.0,2,4000,0,0,0,0,1,0

APPTR,R17,17,ODINS
IF,ODINS,35.701211,-98.381539, ,0.0,0.0,0,0,0,0,0,0,0,0
TF,ASEHU,36.062042,-98.420775,0, ,0.0,0.0,0.0,0.0,2,4000,0,0,0,0,0,1
HF,ASEHU,36.062042,-98.420775,2, ,0.0,0.0,173.0,04,2,4000,0,0,0,0,1,0,0

FINAL,R17,17,R,3
IF,ASEHU,36.062042,-98.420775, ,0.0,0.0,2,4000,0,0,0,0,0,0
TF,EFOCI,35.954386,-98.420764,0, ,0.0,0.0,173.0,6.5,2,3200,0,0,0,0,2,0
TF,RW17,35.870058,-98.420758,0, ,0.0,0.0,173.0,5.1,1,1591,0,0,0,0,3,1
CA,0,173.0,2,2100,0,0,0,0,0,0
DF,ASEHU,36.062042,-98.420775,1, ,0.0,0.0,2,4000,0,0,0,0,0,1
HM,ASEHU,36.062042,-98.420775,2, ,0.0,0.0,173.0,04,0,0,0,0,0,0,0,0,0

APPTR,R35,35,CAMET
IF,CAMET,35.617131,-98.190361, ,0.0,0.0,0,0,0,0,0,0,1,0
TF,KWISS,35.668136,-98.420739,0, ,0.0,0.0,0.0,0.0,2,3600,0,0,0,0,1,0

APPTR,R35,35,PANIY
IF,PANIY,35.876719,-98.784242, ,0.0,0.0,0,0,0,0,0,0,0,0
TF,HEARS,35.668044,-98.563925,0, ,0.0,0.0,0.0,0.0,2,5000,0,0,0,0,1,0
TF,KWISS,35.668136,-98.420739,0, ,0.0,0.0,0.0,0.0,2,3600,0,0,0,0,1,0

FINAL,R35,35,R,3
IF,KWISS,35.668136,-98.420739, ,0.0,0.0,2,3600,0,0,0,0,0,0
TF,LOAFF,35.768286,-98.420747,0, ,0.0,0.0,353.0,6.0,2,3600,0,0,0,0,2,0
TF,RW35,35.859069,-98.420756,0, ,0.0,0.0,353.0,5.4,1,1579,0,0,0,0,3,1
CA,0,353.0,2,1817,0,0,0,0,0,0
DF,ASEHU,36.062042,-98.420775,0, ,0.0,0.0,2,4000,0,0,0,0,0,1
HM,ASEHU,36.062042,-98.420775,2, ,0.0,0.0,173.0,04,0,0,0,0,0,0,0,0,0

