APPTR,R17,17,CADAD
HF,CADAD,39.664292,-98.131511,2, ,0.0,0.0,174.0,04,2,4000,0,0,0,0,1,0,0

APPTR,R17,17,DENTE
IF,DENTE,39.666069,-98.002036, ,0.0,0.0,0,0,0,0,0,0,1,0
TF,CADAD,39.664292,-98.131511,0, ,0.0,0.0,0.0,0.0,2,4000,0,0,0,0,1,0

APPTR,R17,17,HILVA
IF,HILVA,39.662369,-98.260981, ,0.0,0.0,0,0,0,0,0,0,1,0
TF,CADAD,39.664292,-98.131511,0, ,0.0,0.0,0.0,0.0,2,4000,0,0,0,0,1,0

FINAL,R17,17,R,4
IF,CADAD,39.664292,-98.131511, ,0.0,0.0,2,4000,0,0,0,0,0,0
TF,BIILL,39.543372,-98.128631,0, ,0.0,0.0,174.0,7.3,2,3100,0,0,0,0,2,0
TF,DAVKE,39.509619,-98.127817,0, ,0.0,0.0,174.0,2.0,2,2240,0,0,0,0,0,0
TF,RW17,39.478939,-98.127078,0, ,0.0,0.0,174.0,1.8,1,1458,0,0,0,0,3,1
CA,0,174.0,2,1679,0,0,0,0,0,0
DF,ADICA,39.281458,-98.122372,0, ,0.0,0.0,2,4000,0,0,0,0,0,1
HM,ADICA,39.281458,-98.122372,2, ,0.0,0.0,354.0,04,0,0,0,0,0,0,0,0,0

APPTR,R35,35,ADICA
HF,ADICA,39.281458,-98.122372,2, ,0.0,0.0,354.0,04,2,4000,0,0,0,0,1,0,0

APPTR,R35,35,BEDBE
IF,BEDBE,39.282953,-98.015067, ,0.0,0.0,0,0,0,0,0,0,1,0
TF,ADICA,39.281458,-98.122372,0, ,0.0,0.0,0.0,0.0,2,4000,0,0,0,0,1,0

APPTR,R35,35,FRAPS
IF,FRAPS,39.279867,-98.229675, ,0.0,0.0,0,0,0,0,0,0,1,0
TF,ADICA,39.281458,-98.122372,0, ,0.0,0.0,0.0,0.0,2,4000,0,0,0,0,1,0

FINAL,R35,35,R,3
IF,ADICA,39.281458,-98.122372, ,0.0,0.0,2,4000,0,0,0,0,0,0
TF,UTEYI,39.382972,-98.124786,0, ,0.0,0.0,354.0,6.1,2,3100,0,0,0,0,2,0
TF,RW35,39.467911,-98.126811,0, ,0.0,0.0,354.0,5.1,1,1456,0,0,0,0,3,1
CA,0,354.0,2,1818,0,0,0,0,0,0
DF,CADAD,39.664292,-98.131511,0, ,0.0,0.0,2,4000,0,0,0,0,0,1
HM,CADAD,39.664292,-98.131511,2, ,0.0,0.0,174.0,04,0,0,0,0,0,0,0,0,0

