APPTR,R18,18,ALONS
IF,ALONS,39.092961,-97.096408, ,0.0,0.0,0,0,0,0,0,0,1,0
TF,FINEB,39.093189,-97.235556,0, ,0.0,0.0,0.0,0.0,2,3400,0,0,0,0,1,0

APPTR,R18,18,FINEB
HF,FINEB,39.093189,-97.235556,2, ,0.0,0.0,177.0,04,2,3400,0,0,0,0,1,0,0

APPTR,R18,18,METTS
IF,METTS,39.093250,-97.374703, ,0.0,0.0,0,0,0,0,0,0,1,0
TF,FINEB,39.093189,-97.235556,0, ,0.0,0.0,0.0,0.0,2,3400,0,0,0,0,1,0

FINAL,R18,18,R,4
IF,FINEB,39.093189,-97.235556, ,0.0,0.0,2,3400,0,0,0,0,0,0
TF,OKADY,38.992194,-97.235728,0, ,0.0,0.0,177.0,6.1,2,2900,0,0,0,0,2,0
TF,WOBLO,38.941128,-97.235800,0, ,0.0,0.0,177.0,3.1,2,1860,0,0,0,0,0,0
TF,RW18,38.909172,-97.235844,0, ,0.0,0.0,177.0,1.9,1,1209,0,0,0,0,3,1
CA,0,177.0,2,1498,0,0,0,0,0,0
DF,ADELA,38.714914,-97.236147,0, ,0.0,0.0,2,3400,0,0,0,0,0,1
HM,ADELA,38.714914,-97.236147,2, ,0.0,0.0,357.0,04,0,0,0,0,0,0,0,0,0

APPTR,R36,36,ADELA
HF,ADELA,38.714914,-97.236147,2, ,0.0,0.0,357.0,04,2,3400,0,0,0,0,1,0,0

APPTR,R36,36,BAANK
IF,BAANK,38.714689,-97.097736, ,0.0,0.0,0,0,0,0,0,0,1,0
TF,ADELA,38.714914,-97.236147,0, ,0.0,0.0,0.0,0.0,2,3400,0,0,0,0,1,0

APPTR,R36,36,BAYSS
IF,BAYSS,38.714975,-97.374558, ,0.0,0.0,0,0,0,0,0,0,1,0
TF,ADELA,38.714914,-97.236147,0, ,0.0,0.0,0.0,0.0,2,3400,0,0,0,0,1,0

FINAL,R36,36,R,4
IF,ADELA,38.714914,-97.236147, ,0.0,0.0,2,3400,0,0,0,0,0,0
TF,IKEHU,38.808864,-97.235989,0, ,0.0,0.0,357.0,5.6,2,2900,0,0,0,0,2,0
TF,ZEDUD,38.863342,-97.235911,0, ,0.0,0.0,357.0,3.3,2,1860,0,0,0,0,0,0
TF,RW36,38.898425,-97.235861,0, ,0.0,0.0,357.0,2.1,1,1190,0,0,0,0,3,1
CA,0,357.0,2,1401,0,0,0,0,0,0
DF,FINEB,39.093189,-97.235556,0, ,0.0,0.0,2,3400,0,0,0,0,0,1
HM,FINEB,39.093189,-97.235556,2, ,0.0,0.0,177.0,04,0,0,0,0,0,0,0,0,0

APPTR,V18-A,18,CHALK
HF,CHALK,38.910819,-97.341847,2, ,0.0,0.0,87.0,04.3,2,3000,0,0,0,0,1,0,0

APPTR,V18-A,18,SLN
IF,SLN,38.925139,-97.621333, ,0.0,0.0,0,0,0,0,0,0,1,0
TF,CHALK,38.910819,-97.341847,0, ,0.0,0.0,0.0,0.0,2,3000,0,0,0,0,0,0

FINAL,V18-A,18,D,2
IF,CHALK,38.910819,-97.341847,SLN,86.7,13.1,2,3000,0,0,0,0,2,0
CF,KELEC,38.905228,-97.236236,0,SLN,86.7,18.1,87.0,5.0,1,1900,0,0,0,0,3,0
CA,0,87.0,2,2600,0,0,0,0,0,0
VI,2, ,0.0,320.0,0,0,0,0,0,0,0,0
CF,CHALK,38.910819,-97.341847,0,SLN,86.7,13.1,267.0,4.0,2,3000,0,0,0,0,0,0
HM,CHALK,38.910819,-97.341847,2, ,0.0,0.0,87.0,04.3,0,0,0,0,0,0,0,0,0

APPTR,V36-A,36,CHALK
HF,CHALK,38.910819,-97.341847,2, ,0.0,0.0,87.0,04.3,2,3000,0,0,0,0,1,0,0

APPTR,V36-A,36,SLN
IF,SLN,38.925139,-97.621333, ,0.0,0.0,0,0,0,0,0,0,1,0
TF,CHALK,38.910819,-97.341847,0, ,0.0,0.0,0.0,0.0,2,3000,0,0,0,0,0,0

FINAL,V36-A,36,D,2
IF,CHALK,38.910819,-97.341847,SLN,86.7,13.1,2,3000,0,0,0,0,2,0
CF,KELEC,38.905228,-97.236236,0,SLN,86.7,18.1,87.0,5.0,1,1900,0,0,0,0,3,0
CA,0,87.0,2,2600,0,0,0,0,0,0
VI,2, ,0.0,320.0,0,0,0,0,0,0,0,0
CF,CHALK,38.910819,-97.341847,0,SLN,86.7,13.1,267.0,4.0,2,3000,0,0,0,0,0,0
HM,CHALK,38.910819,-97.341847,2, ,0.0,0.0,87.0,04.3,0,0,0,0,0,0,0,0,0

