APPTR,P18,18,UDHAY
HF,UDHAY,33.523183,-117.199997,1, ,0.0,0.0,181.0,04.3,2,4000,0,0,0,0,1,0,0
TF,ADUNE,33.486575,-117.211025,0, ,0.0,0.0,0.0,0.0,2,3500,0,0,0,0,0,0

FINAL,P18,18,G,3
IF,ADUNE,33.486575,-117.211025, ,0.0,0.0,2,3500,0,0,0,0,0,0
TF,IFLEV,33.438003,-117.225642,0, ,0.0,0.0,0.0,3.0,2,2600,0,0,0,0,2,0
TF,RW18,33.357539,-117.249419,0, ,0.0,0.0,0.0,5.0,1,751,0,0,0,0,3,0
CA,0,181.0,2,1108,0,0,0,0,0,0
DF,ROBNN,33.203478,-117.103494,0, ,0.0,0.0,2,5000,0,0,0,0,0,0
HM,ROBNN,33.203478,-117.103494,1, ,0.0,0.0,290.0,04.3,0,0,0,0,0,0,0,0,0

