APPTR,R18,18,MLTON
IF,MLTON,37.819497,-92.540822, ,0.0,0.0,0,0,0,1,210,0,1,0
TF,WIKGI,37.822019,-92.645947,0, ,0.0,0.0,0.0,0.0,2,3500,0,0,0,0,1,0

APPTR,R18,18,PEEKK
IF,PEEKK,37.824447,-92.751081, ,0.0,0.0,0,0,0,1,210,0,1,0
TF,WIKGI,37.822019,-92.645947,0, ,0.0,0.0,0.0,0.0,2,3500,0,0,0,0,1,0

APPTR,R18,18,WIKGI
HF,WIKGI,37.822019,-92.645947,2, ,0.0,0.0,179.0,04,2,3500,0,0,0,0,1,0,0

FINAL,R18,18,R,3
IF,WIKGI,37.822019,-92.645947, ,0.0,0.0,2,3500,0,0,0,0,0,0
TF,AAMBR,37.726117,-92.649531,0, ,0.0,0.0,179.0,5.8,2,2700,0,0,0,0,2,0
TF,RW18,37.655183,-92.652175,0, ,0.0,0.0,179.0,4.3,1,1346,0,0,0,0,3,1
CA,0,179.0,2,1634,0,0,0,0,0,0
DF,PYLER,37.461156,-92.659383,0, ,0.0,0.0,2,3500,0,0,0,0,0,1
HM,PYLER,37.461156,-92.659383,1, ,0.0,0.0,359.0,04,0,0,0,0,0,0,0,0,0

APPTR,R36,36,MMATT
IF,MMATT,37.458644,-92.554767, ,0.0,0.0,0,0,0,1,210,0,1,0
TF,PYLER,37.461156,-92.659383,0, ,0.0,0.0,0.0,0.0,2,3500,0,0,0,0,1,0

APPTR,R36,36,OLDIE
IF,OLDIE,37.463572,-92.764008, ,0.0,0.0,0,0,0,1,210,0,1,0
TF,PYLER,37.461156,-92.659383,0, ,0.0,0.0,0.0,0.0,2,3500,0,0,0,0,1,0

APPTR,R36,36,PYLER
HF,PYLER,37.461156,-92.659383,1, ,0.0,0.0,359.0,04,2,3500,0,0,0,0,1,0,0

FINAL,R36,36,R,4
IF,PYLER,37.461156,-92.659383, ,0.0,0.0,2,3500,0,0,0,0,0,0
TF,SOAKS,37.571239,-92.655297,0, ,0.0,0.0,359.0,6.6,2,2700,0,0,0,0,2,0
TF,JANTO,37.607897,-92.653936,0, ,0.0,0.0,359.0,2.2,2,2000,0,0,0,0,0,0
TF,RW36,37.641458,-92.652686,0, ,0.0,0.0,359.0,2.0,1,1359,0,0,0,0,3,1
CA,0,359.0,2,1592,0,0,0,0,0,0
DF,WIKGI,37.822019,-92.645947,0, ,0.0,0.0,2,3500,0,0,0,0,0,1
HM,WIKGI,37.822019,-92.645947,2, ,0.0,0.0,179.0,04,0,0,0,0,0,0,0,0,0

