SID,LGD1,12,1
CA,0,121.0,2,3120,0,0,0,0,0,0
CF,LGD,45.342489,-117.962717,1,PDT,103.1,46.4,312.0,4.0,0,0,0,0,0,0,0,0
FA,LGD,45.342489,-117.962717,0,PDT,0.0,0.0,342.0,2,7000,0,0,0,0,0,0
VI,2, ,0.0,162.0,0,0,0,0,0,0,0,0
CF,LGD,45.342489,-117.962717,0,PDT,103.1,46.4,192.0,8.0,0,0,0,0,0,0,0,0

SID,LGD1,17,1
CA,0,166.0,2,3120,0,0,0,0,0,0
VI,1, ,0.0,342.0,0,0,0,0,0,0,0,0
CF,LGD,45.342489,-117.962717,0,PDT,103.1,46.4,312.0,4.0,0,0,0,0,0,0,0,0
FA,LGD,45.342489,-117.962717,0,PDT,0.0,0.0,342.0,2,7000,0,0,0,0,0,0
VI,2, ,0.0,162.0,0,0,0,0,0,0,0,0
CF,LGD,45.342489,-117.962717,0,PDT,103.1,46.4,192.0,8.0,0,0,0,0,0,0,0,0

SID,LGD1,30,1
CA,0,301.0,2,3120,0,0,0,0,0,0
VI,0, ,0.0,13.0,0,0,0,0,0,0,0,0
FA,LGD,45.342489,-117.962717,0,PDT,0.0,0.0,342.0,2,7000,0,0,0,0,0,0
VI,2, ,0.0,162.0,0,0,0,0,0,0,0,0
CF,LGD,45.342489,-117.962717,0,PDT,103.1,46.4,192.0,8.0,0,0,0,0,0,0,0,0

SID,LGD1,35,1
CA,0,346.0,2,3120,0,0,0,0,0,0
VI,0, ,0.0,13.0,0,0,0,0,0,0,0,0
FA,LGD,45.342489,-117.962717,0,PDT,0.0,0.0,342.0,2,7000,0,0,0,0,0,0
VI,2, ,0.0,162.0,0,0,0,0,0,0,0,0
CF,LGD,45.342489,-117.962717,0,PDT,103.1,46.4,192.0,8.0,0,0,0,0,0,0,0,0

APPTR,N12-B,12,ALW
IF,ALW,46.086978,-118.292536, ,0.0,0.0,0,0,0,0,0,0,0,0
TF,LGD,45.342489,-117.962717,0, ,0.0,0.0,0.0,0.0,4,10000,8300,0,0,0,0,0
PI,LGD,45.342489,-117.962717,1,PDT,32.0,10.0,347,5.0,2,7700,0,0,0,0,1,0

APPTR,N12-B,12,BKE
IF,BKE,44.840600,-117.807869, ,0.0,0.0,0,0,0,0,0,0,0,0
TF,LGD,45.342489,-117.962717,0, ,0.0,0.0,0.0,0.0,4,10000,8300,0,0,0,0,0
PI,LGD,45.342489,-117.962717,1,PDT,32.0,10.0,347,5.0,2,7700,0,0,0,0,1,0

APPTR,N12-B,12,PDT
IF,PDT,45.698419,-118.938711, ,0.0,0.0,0,0,0,0,0,0,0,0
TF,LGD,45.342489,-117.962717,0, ,0.0,0.0,0.0,0.0,4,10000,8300,0,0,0,0,0
PI,LGD,45.342489,-117.962717,1,PDT,32.0,10.0,347,5.0,2,7700,0,0,0,0,1,0

FINAL,N12-B,12,N,3
IF,CFFQZ,45.442447,-117.959519,LGD,0.0,0.0,2,7700,0,0,0,0,0,0
CF,LGD,45.342489,-117.962717,0,LGD,0.0,0.0,167.0,6.0,2,6000,0,0,0,0,2,0
CF,CFFQH,45.291644,-118.004039,0,LGD,0.0,0.0,196.0,3.5,1,4600,0,0,0,0,3,1
DF,LGD,45.342489,-117.962717,1, ,0.0,0.0,2,6500,0,0,0,0,0,0
FM,LGD,45.342489,-117.962717,0,PDT,0.0,0.0,342.0,0,0,0,0,0,0,0,0
DF,LGD,45.342489,-117.962717,2, ,0.0,0.0,2,7700,0,0,0,0,0,0
HM,LGD,45.342489,-117.962717,1, ,0.0,0.0,167.0,04.3,0,0,0,0,0,0,0,0,0

APPTR,N17-B,17,ALW
IF,ALW,46.086978,-118.292536, ,0.0,0.0,0,0,0,0,0,0,0,0
TF,LGD,45.342489,-117.962717,0, ,0.0,0.0,0.0,0.0,4,10000,8300,0,0,0,0,0
PI,LGD,45.342489,-117.962717,1,PDT,32.0,10.0,347,5.0,2,7700,0,0,0,0,1,0

APPTR,N17-B,17,BKE
IF,BKE,44.840600,-117.807869, ,0.0,0.0,0,0,0,0,0,0,0,0
TF,LGD,45.342489,-117.962717,0, ,0.0,0.0,0.0,0.0,4,10000,8300,0,0,0,0,0
PI,LGD,45.342489,-117.962717,1,PDT,32.0,10.0,347,5.0,2,7700,0,0,0,0,1,0

APPTR,N17-B,17,PDT
IF,PDT,45.698419,-118.938711, ,0.0,0.0,0,0,0,0,0,0,0,0
TF,LGD,45.342489,-117.962717,0, ,0.0,0.0,0.0,0.0,4,10000,8300,0,0,0,0,0
PI,LGD,45.342489,-117.962717,1,PDT,32.0,10.0,347,5.0,2,7700,0,0,0,0,1,0

FINAL,N17-B,17,N,3
IF,CFFQZ,45.442447,-117.959519,LGD,0.0,0.0,2,7700,0,0,0,0,0,0
CF,LGD,45.342489,-117.962717,0,LGD,0.0,0.0,167.0,6.0,2,6000,0,0,0,0,2,0
CF,CFFQH,45.291644,-118.004039,0,LGD,0.0,0.0,196.0,3.5,1,4600,0,0,0,0,3,1
DF,LGD,45.342489,-117.962717,1, ,0.0,0.0,2,6500,0,0,0,0,0,0
FM,LGD,45.342489,-117.962717,0,PDT,0.0,0.0,342.0,0,0,0,0,0,0,0,0
DF,LGD,45.342489,-117.962717,2, ,0.0,0.0,2,7700,0,0,0,0,0,0
HM,LGD,45.342489,-117.962717,1, ,0.0,0.0,167.0,04.3,0,0,0,0,0,0,0,0,0

APPTR,N30-B,30,ALW
IF,ALW,46.086978,-118.292536, ,0.0,0.0,0,0,0,0,0,0,0,0
TF,LGD,45.342489,-117.962717,0, ,0.0,0.0,0.0,0.0,4,10000,8300,0,0,0,0,0
PI,LGD,45.342489,-117.962717,1,PDT,32.0,10.0,347,5.0,2,7700,0,0,0,0,1,0

APPTR,N30-B,30,BKE
IF,BKE,44.840600,-117.807869, ,0.0,0.0,0,0,0,0,0,0,0,0
TF,LGD,45.342489,-117.962717,0, ,0.0,0.0,0.0,0.0,4,10000,8300,0,0,0,0,0
PI,LGD,45.342489,-117.962717,1,PDT,32.0,10.0,347,5.0,2,7700,0,0,0,0,1,0

APPTR,N30-B,30,PDT
IF,PDT,45.698419,-118.938711, ,0.0,0.0,0,0,0,0,0,0,0,0
TF,LGD,45.342489,-117.962717,0, ,0.0,0.0,0.0,0.0,4,10000,8300,0,0,0,0,0
PI,LGD,45.342489,-117.962717,1,PDT,32.0,10.0,347,5.0,2,7700,0,0,0,0,1,0

FINAL,N30-B,30,N,3
IF,CFFQZ,45.442447,-117.959519,LGD,0.0,0.0,2,7700,0,0,0,0,0,0
CF,LGD,45.342489,-117.962717,0,LGD,0.0,0.0,167.0,6.0,2,6000,0,0,0,0,2,0
CF,CFFQH,45.291644,-118.004039,0,LGD,0.0,0.0,196.0,3.5,1,4600,0,0,0,0,3,1
DF,LGD,45.342489,-117.962717,1, ,0.0,0.0,2,6500,0,0,0,0,0,0
FM,LGD,45.342489,-117.962717,0,PDT,0.0,0.0,342.0,0,0,0,0,0,0,0,0
DF,LGD,45.342489,-117.962717,2, ,0.0,0.0,2,7700,0,0,0,0,0,0
HM,LGD,45.342489,-117.962717,1, ,0.0,0.0,167.0,04.3,0,0,0,0,0,0,0,0,0

APPTR,N35-B,35,ALW
IF,ALW,46.086978,-118.292536, ,0.0,0.0,0,0,0,0,0,0,0,0
TF,LGD,45.342489,-117.962717,0, ,0.0,0.0,0.0,0.0,4,10000,8300,0,0,0,0,0
PI,LGD,45.342489,-117.962717,1,PDT,32.0,10.0,347,5.0,2,7700,0,0,0,0,1,0

APPTR,N35-B,35,BKE
IF,BKE,44.840600,-117.807869, ,0.0,0.0,0,0,0,0,0,0,0,0
TF,LGD,45.342489,-117.962717,0, ,0.0,0.0,0.0,0.0,4,10000,8300,0,0,0,0,0
PI,LGD,45.342489,-117.962717,1,PDT,32.0,10.0,347,5.0,2,7700,0,0,0,0,1,0

APPTR,N35-B,35,PDT
IF,PDT,45.698419,-118.938711, ,0.0,0.0,0,0,0,0,0,0,0,0
TF,LGD,45.342489,-117.962717,0, ,0.0,0.0,0.0,0.0,4,10000,8300,0,0,0,0,0
PI,LGD,45.342489,-117.962717,1,PDT,32.0,10.0,347,5.0,2,7700,0,0,0,0,1,0

FINAL,N35-B,35,N,3
IF,CFFQZ,45.442447,-117.959519,LGD,0.0,0.0,2,7700,0,0,0,0,0,0
CF,LGD,45.342489,-117.962717,0,LGD,0.0,0.0,167.0,6.0,2,6000,0,0,0,0,2,0
CF,CFFQH,45.291644,-118.004039,0,LGD,0.0,0.0,196.0,3.5,1,4600,0,0,0,0,3,1
DF,LGD,45.342489,-117.962717,1, ,0.0,0.0,2,6500,0,0,0,0,0,0
FM,LGD,45.342489,-117.962717,0,PDT,0.0,0.0,342.0,0,0,0,0,0,0,0,0
DF,LGD,45.342489,-117.962717,2, ,0.0,0.0,2,7700,0,0,0,0,0,0
HM,LGD,45.342489,-117.962717,1, ,0.0,0.0,167.0,04.3,0,0,0,0,0,0,0,0,0

APPTR,R17,17,ATOKE
IF,ATOKE,45.866706,-117.478147, ,0.0,0.0,0,0,0,0,0,0,1,0
TF,USOWE,45.633342,-117.994825,0, ,0.0,0.0,0.0,0.0,2,7500,0,0,0,0,1,0

APPTR,R17,17,TOLGA
IF,TOLGA,45.881117,-118.210908, ,0.0,0.0,0,0,0,0,0,0,1,0
TF,ZALKU,45.739131,-118.086214,0, ,0.0,0.0,0.0,0.0,2,7500,0,0,0,0,0,0
TF,USOWE,45.633342,-117.994825,0, ,0.0,0.0,0.0,0.0,2,7500,0,0,0,0,1,0

APPTR,R17,17,USOWE
HF,USOWE,45.633342,-117.994825,2, ,0.0,0.0,169.0,07,2,7500,0,0,0,0,1,0,0

FINAL,R17,17,R,5
IF,USOWE,45.633342,-117.994825, ,0.0,0.0,2,7500,0,0,0,0,0,0
TF,EGHEB,45.566783,-117.999831,0, ,0.0,0.0,169.0,4.0,2,6400,0,0,0,0,0,0
TF,CEPIP,45.449303,-118.008656,0, ,0.0,0.0,169.0,7.1,2,5200,0,0,0,0,0,0
TF,LIPMY,45.416022,-118.011150,0, ,0.0,0.0,169.0,2.0,2,5100,0,0,0,0,2,0
TF,RW17,45.293006,-118.011194,0, ,0.0,0.0,166.0,7.4,1,2749,0,0,0,0,3,1
CA,0,166.0,2,4600,0,0,0,0,0,0
DF,NUDEQ,45.065783,-117.893792,0, ,0.0,0.0,2,9000,0,0,0,0,0,1
HM,NUDEQ,45.065783,-117.893792,2, ,0.0,0.0,326.0,07,2,9000,0,0,0,0,0,0,0

APPTR,R17-M,17,ATOKE
IF,ATOKE,45.866706,-117.478147, ,0.0,0.0,0,0,0,0,0,0,1,0
TF,BATIC,45.603583,-118.011081,0, ,0.0,0.0,0.0,0.0,2,7300,0,0,0,0,1,0

APPTR,R17-M,17,BATIC
HF,BATIC,45.603583,-118.011081,1, ,0.0,0.0,156.0,07,2,7300,0,0,0,0,1,0,0

APPTR,R17-M,17,TOLGA
IF,TOLGA,45.881117,-118.210908, ,0.0,0.0,0,0,0,0,0,0,1,0
TF,BATIC,45.603583,-118.011081,0, ,0.0,0.0,0.0,0.0,2,7300,0,0,0,0,1,0

FINAL,R17-M,17,R,5
IF,BATIC,45.603583,-118.011081, ,0.0,0.0,2,7300,0,0,0,0,0,0
TF,LISTT,45.536931,-118.011106,0, ,0.0,0.0,166.0,4.0,2,6600,0,0,0,0,0,0
TF,DIICE,45.436950,-118.011142,0, ,0.0,0.0,166.0,6.0,2,5500,0,0,0,0,2,0
TF,JAMOT,45.334406,-118.011181,0, ,0.0,0.0,166.0,6.2,2,3540,0,0,0,0,0,0
TF,RW17,45.293006,-118.011194,0, ,0.0,0.0,166.0,2.5,1,2749,0,0,0,0,3,1
CA,0,166.0,2,3300,0,0,0,0,0,0
DF,KOSNE,45.367658,-117.936658,1, ,0.0,0.0,0,0,0,0,0,0,0,0
TF,HAGRD,45.487069,-118.293431,0, ,0.0,0.0,0.0,0.0,2,8300,0,1,165,0,0,1
HM,HAGRD,45.487069,-118.293431,2, ,0.0,0.0,101.0,07,0,0,0,0,0,0,0,0,0

