APPTR,R02,02,HUROG
HF,HUROG,35.318147,-86.879322,2, ,0.0,0.0,21.0,04,2,3000,0,0,0,0,1,0,0

APPTR,R02,02,WOSKU
IF,WOSKU,35.351239,-87.003283, ,0.0,0.0,0,0,0,0,0,0,1,0
TF,HUROG,35.318147,-86.879322,0, ,0.0,0.0,0.0,0.0,2,3000,0,0,0,0,1,0

APPTR,R02,02,ZOKOL
IF,ZOKOL,35.284928,-86.755464, ,0.0,0.0,0,0,0,0,0,0,1,0
TF,HUROG,35.318147,-86.879322,0, ,0.0,0.0,0.0,0.0,2,3000,0,0,0,0,1,0

FINAL,R02,02,R,4
IF,HUROG,35.318147,-86.879322, ,0.0,0.0,2,3000,0,0,0,0,0,0
TF,JIGLU,35.422281,-86.837786,0, ,0.0,0.0,21.0,6.6,2,2500,0,0,0,0,2,0
TF,JOROT,35.458503,-86.823297,0, ,0.0,0.0,21.0,2.3,2,1700,0,0,0,0,0,0
TF,RW02,35.500444,-86.806503,0, ,0.0,0.0,21.0,2.6,1,773,0,0,0,0,3,1
CA,0,21.0,2,1300,0,0,0,0,0,0
DF,HUROG,35.318147,-86.879322,1, ,0.0,0.0,2,3000,0,0,0,0,0,1
HM,HUROG,35.318147,-86.879322,2, ,0.0,0.0,21.0,04,0,0,0,0,0,0,0,0,0

APPTR,R20,20,EPZUF
IF,EPZUF,35.699281,-86.607208, ,0.0,0.0,2,3800,0,0,0,0,1,0
TF,OXSEZ,35.696214,-86.727881,0, ,0.0,0.0,0.0,0.0,2,3000,0,0,0,0,1,0

APPTR,R20,20,OXSEZ
HF,OXSEZ,35.696214,-86.727881,2, ,0.0,0.0,201.0,04,2,3000,0,0,0,0,1,0,0

APPTR,R20,20,UZLEV
IF,UZLEV,35.757050,-86.822853, ,0.0,0.0,2,3000,0,0,0,0,1,0
TF,OXSEZ,35.696214,-86.727881,0, ,0.0,0.0,0.0,0.0,2,3000,0,0,0,0,1,0

FINAL,R20,20,R,4
IF,OXSEZ,35.696214,-86.727881, ,0.0,0.0,2,3000,0,0,0,0,0,0
TF,MATAW,35.600719,-86.766283,0, ,0.0,0.0,201.0,6.0,2,2500,0,0,0,0,2,0
TF,EYVAK,35.542056,-86.789828,0, ,0.0,0.0,201.0,3.7,2,1320,0,0,0,0,0,0
TF,RW20,35.513503,-86.801272,0, ,0.0,0.0,201.0,1.8,1,749,0,0,0,0,3,1
CA,0,201.0,2,976,0,0,0,0,0,0
DF,HUROG,35.318147,-86.879322,0, ,0.0,0.0,2,3000,0,0,0,0,0,1
HM,HUROG,35.318147,-86.879322,2, ,0.0,0.0,21.0,04,0,0,0,0,0,0,0,0,0

