APPTR,R13,13,TUGKU
HF,TUGKU,31.836458,-89.365522,2, ,0.0,0.0,135.0,04,2,2000,0,0,0,0,1,0,0

FINAL,R13,13,R,3
IF,TUGKU,31.836458,-89.365522, ,0.0,0.0,2,2000,0,0,0,0,0,0
TF,EKLOW,31.742372,-89.254442,0, ,0.0,0.0,135.0,8.0,2,2000,0,0,0,0,2,0
TF,RW13,31.678372,-89.179081,0, ,0.0,0.0,135.0,5.4,1,269,0,0,0,0,3,1
CA,0,135.0,2,488,0,0,0,0,0,0
DF,IPAXE,31.509506,-88.981003,0, ,0.0,0.0,2,2000,0,0,0,0,0,1
HM,IPAXE,31.509506,-88.981003,2, ,0.0,0.0,315.0,04,0,0,0,0,0,0,0,0,0

APPTR,R31,31,IPAXE
HF,IPAXE,31.509506,-88.981003,2, ,0.0,0.0,315.0,04,2,2000,0,0,0,0,1,0,0

FINAL,R31,31,R,3
IF,IPAXE,31.509506,-88.981003, ,0.0,0.0,2,2000,0,0,0,0,0,0
TF,GULCO,31.603842,-89.091522,0, ,0.0,0.0,315.0,8.0,2,2000,0,0,0,0,2,0
TF,RW31,31.667686,-89.166514,0, ,0.0,0.0,315.0,5.4,1,274,0,0,0,0,3,1
CA,0,315.0,2,524,0,0,0,0,0,0
DF,TUGKU,31.836458,-89.365522,0, ,0.0,0.0,2,2000,0,0,0,0,0,1
HM,TUGKU,31.836458,-89.365522,2, ,0.0,0.0,135.0,04,0,0,0,0,0,0,0,0,0

