FINAL,I32,32,I,3
IF,PIRCI,40.687822,-82.350136,IMFD,142.9,12.1,2,3000,0,0,0,0,0,0
CF,MANNS,40.765700,-82.445528,0,IMFD,142.9,5.7,323.0,6.4,1,2625,0,0,0,0,2,0
CF,RW32,40.815039,-82.506128,0,IMFD,142.9,1.7,323.0,4.0,1,1336,0,0,0,0,3,0
CA,0,323.0,2,1493,0,0,0,0,0,0
DF,UPIYO,40.972300,-82.700108,0, ,0.0,0.0,2,3000,0,0,0,0,0,1
HM,UPIYO,40.972300,-82.700108,2, ,0.0,0.0,143.0,04,0,0,0,0,0,0,0,0,0

APPTR,N32,32,MF
PI,MF,40.766056,-82.444994,2,APE,97.0,10.0,142,5.0,2,2900,0,0,0,0,1,0
CF,MF,40.766056,-82.444994,0,APE,16.1,37.5,322.0,8.0,2,2700,0,0,0,0,0,0

FINAL,N32,32,N,2
IF,MF,40.766056,-82.444994,MF,0.0,0.0,2,2700,0,0,0,0,2,0
CF,RW32,40.815039,-82.506128,0,MF,0.0,0.0,322.0,4.0,1,1340,0,0,0,0,3,1
CA,0,322.0,2,2300,0,0,0,0,0,0
DF,MF,40.766056,-82.444994,2, ,0.0,0.0,2,3000,0,0,0,0,0,0
HM,MF,40.766056,-82.444994,2, ,0.0,0.0,322.0,04.3,0,0,0,0,0,0,0,0,0

APPTR,R05,05,DUSKY
IF,DUSKY,40.915431,-83.199664, ,0.0,0.0,0,0,0,0,0,0,0,0
TF,HUDOR,40.770964,-82.783931,0, ,0.0,0.0,0.0,0.0,2,3000,0,0,0,0,1,0
TF,JOKAM,40.694372,-82.689386,0, ,0.0,0.0,0.0,0.0,2,3000,0,0,0,0,1,0

APPTR,R05,05,JOKAM
HF,JOKAM,40.694372,-82.689386,2, ,0.0,0.0,53.0,04,2,3000,0,0,0,0,1,0,0

APPTR,R05,05,YOGUD
IF,YOGUD,40.617700,-82.595056, ,0.0,0.0,0,0,0,0,0,0,1,0
TF,JOKAM,40.694372,-82.689386,0, ,0.0,0.0,0.0,0.0,2,3000,0,0,0,0,1,0

FINAL,R05,05,R,4
IF,JOKAM,40.694372,-82.689386, ,0.0,0.0,2,3000,0,0,0,0,0,0
TF,ZOLEL,40.762789,-82.593400,0, ,0.0,0.0,53.0,6.0,2,2700,0,0,0,0,2,0
TF,WOVOM,40.785344,-82.561689,0, ,0.0,0.0,53.0,2.0,2,2060,0,0,0,0,0,0
TF,RW05,40.811519,-82.524842,0, ,0.0,0.0,53.0,2.3,1,1337,0,0,0,0,3,1
CA,0,53.0,2,1547,0,0,0,0,0,0
DF,NANNI,40.941747,-82.340867,0, ,0.0,0.0,2,3000,0,0,0,0,0,1
HM,NANNI,40.941747,-82.340867,2, ,0.0,0.0,233.0,04,0,0,0,0,0,0,0,0,0

APPTR,R14,14,UPIYO
HF,UPIYO,40.972300,-82.700108,2, ,0.0,0.0,143.0,04,2,3000,0,0,0,0,1,0,0

FINAL,R14,14,R,4
IF,UPIYO,40.972300,-82.700108, ,0.0,0.0,2,3000,0,0,0,0,0,0
TF,HUGIX,40.887111,-82.594869,0, ,0.0,0.0,143.0,7.0,2,2700,0,0,0,0,2,0
TF,WIMOS,40.853800,-82.553822,0, ,0.0,0.0,143.0,2.7,2,1820,0,0,0,0,0,0
TF,RW14,40.833089,-82.528328,0, ,0.0,0.0,143.0,1.7,1,1288,0,0,0,0,3,1
CA,0,143.0,2,1446,0,0,0,0,0,0
DF,PIRCI,40.687822,-82.350136,0, ,0.0,0.0,2,3000,0,0,0,0,0,1
HM,PIRCI,40.687822,-82.350136,2, ,0.0,0.0,323.0,04,0,0,0,0,0,0,0,0,0

APPTR,R23,23,CUDIR
IF,CUDIR,40.864797,-82.246586, ,0.0,0.0,0,0,0,0,0,0,1,0
TF,NANNI,40.941747,-82.340867,0, ,0.0,0.0,0.0,0.0,2,3000,0,0,0,0,1,0

APPTR,R23,23,NANNI
HF,NANNI,40.941747,-82.340867,2, ,0.0,0.0,233.0,04,2,3000,0,0,0,0,1,0,0

APPTR,R23,23,NEWLO
IF,NEWLO,41.091214,-82.396819, ,0.0,0.0,0,0,0,0,0,0,0,0
TF,UMTAW,41.018622,-82.435367,0, ,0.0,0.0,0.0,0.0,2,3000,0,0,0,0,1,0
TF,NANNI,40.941747,-82.340867,0, ,0.0,0.0,0.0,0.0,2,3000,0,0,0,0,1,0

FINAL,R23,23,R,3
IF,NANNI,40.941747,-82.340867, ,0.0,0.0,2,3000,0,0,0,0,0,0
TF,IXHUP,40.873542,-82.437367,0, ,0.0,0.0,233.0,6.0,2,2700,0,0,0,0,2,0
TF,RW23,40.824300,-82.506842,0, ,0.0,0.0,233.0,4.3,1,1321,0,0,0,0,3,1
CA,0,233.0,2,1545,0,0,0,0,0,0
DF,JOKAM,40.694372,-82.689386,0, ,0.0,0.0,2,3000,0,0,0,0,0,1
HM,JOKAM,40.694372,-82.689386,2, ,0.0,0.0,53.0,04,0,0,0,0,0,0,0,0,0

APPTR,R32,32,HUSGI
IF,HUSGI,40.630978,-82.430250, ,0.0,0.0,2,3000,0,0,0,0,1,0
TF,PIRCI,40.687822,-82.350136,0, ,0.0,0.0,0.0,0.0,2,3000,0,0,0,0,1,0

APPTR,R32,32,IDOBY
IF,IDOBY,40.744611,-82.269886, ,0.0,0.0,2,3000,0,0,0,0,1,0
TF,PIRCI,40.687822,-82.350136,0, ,0.0,0.0,0.0,0.0,2,3000,0,0,0,0,1,0

APPTR,R32,32,PIRCI
HF,PIRCI,40.687822,-82.350136,2, ,0.0,0.0,323.0,04,2,3000,0,0,0,0,1,0,0

FINAL,R32,32,R,4
IF,PIRCI,40.687822,-82.350136, ,0.0,0.0,2,3000,0,0,0,0,0,0
TF,OCOPO,40.763417,-82.442728,0, ,0.0,0.0,323.0,6.2,2,2700,0,0,0,0,2,0
TF,PUYIY,40.790661,-82.476169,0, ,0.0,0.0,323.0,2.2,2,1960,0,0,0,0,0,0
TF,RW32,40.815039,-82.506128,0, ,0.0,0.0,323.0,2.0,1,1336,0,0,0,0,3,1
CA,0,323.0,2,1490,0,0,0,0,0,0
DF,UPIYO,40.972300,-82.700108,0, ,0.0,0.0,2,3000,0,0,0,0,0,1
HM,UPIYO,40.972300,-82.700108,2, ,0.0,0.0,143.0,04,0,0,0,0,0,0,0,0,0

