APPTR,I18,18,MGW
IF,MGW,39.556714,-79.860411, ,0.0,0.0,0,0,0,0,0,0,0,0
TF,JOHNB,39.841539,-79.951858,0, ,0.0,0.0,0.0,0.0,2,4000,0,0,0,0,0,0
HF,JOHNB,39.841539,-79.951858,2, ,0.0,0.0,181.0,04.3,2,3000,0,0,0,0,1,0,0

FINAL,I18,18,I,3
IF,JOHNB,39.841539,-79.951858,IMGW,1.4,12.6,2,3000,0,0,0,0,0,0
CF,DIXIN,39.727294,-79.932028,0,IMGW,1.4,5.7,181.0,6.9,1,2791,0,0,0,0,2,0
CF,RW18,39.650669,-79.918769,0,IMGW,1.4,1.0,181.0,4.6,1,1295,0,0,0,0,3,0
CA,0,181.0,2,1900,0,0,0,0,0,0
VI,0, ,0.0,220.0,0,0,0,0,0,0,0,0
CF,TEDDS,39.638544,-80.276133,0,MGW,289.4,19.9,289.0,16.0,2,4000,0,0,0,0,0,0
HM,TEDDS,39.638544,-80.276133,1, ,0.0,0.0,109.0,04.3,0,0,0,0,0,0,0,0,0

APPTR,R18-Y,18,MGW
IF,MGW,39.556714,-79.860411, ,0.0,0.0,0,0,0,0,0,0,0,0
TF,JOHNB,39.841539,-79.951858,0, ,0.0,0.0,0.0,0.0,2,4000,0,0,0,0,0,1
HF,JOHNB,39.841539,-79.951858,2, ,0.0,0.0,181.0,05,2,3000,0,0,0,0,1,0,0

APPTR,R18-Y,18,OTOWN
IF,OTOWN,39.879883,-79.786425, ,0.0,0.0,0,0,0,0,0,0,1,0
TF,JOHNB,39.841539,-79.951858,0, ,0.0,0.0,0.0,0.0,2,3000,0,0,0,0,1,0

APPTR,R18-Y,18,TEDDS
IF,TEDDS,39.638544,-80.276133, ,0.0,0.0,0,0,0,0,0,0,0,0
TF,OBEID,39.836050,-80.059892,0, ,0.0,0.0,0.0,0.0,2,4000,0,0,0,0,1,0
TF,JOHNB,39.841539,-79.951858,0, ,0.0,0.0,0.0,0.0,2,3000,0,0,0,0,1,0

FINAL,R18-Y,18,R,4
IF,JOHNB,39.841539,-79.951858, ,0.0,0.0,2,3000,0,0,0,0,0,0
TF,BSTAF,39.727806,-79.932117,0, ,0.0,0.0,181.0,6.9,2,2800,0,0,0,0,2,0
TF,ACIKI,39.683736,-79.924486,0, ,0.0,0.0,181.0,2.7,2,1920,0,0,0,0,0,0
TF,RW18,39.650669,-79.918769,0, ,0.0,0.0,181.0,2.0,1,1296,0,0,0,0,3,1
CA,0,181.0,2,1644,0,0,0,0,0,0
DF,OBEID,39.836050,-80.059892,2, ,0.0,0.0,2,4000,0,0,0,0,0,1
HM,OBEID,39.836050,-80.059892,2, ,0.0,0.0,114.0,07,0,0,0,0,0,0,0,0,0

APPTR,R18-Z,18,MGW
IF,MGW,39.556714,-79.860411, ,0.0,0.0,0,0,0,0,0,0,0,0
TF,JOHNB,39.841539,-79.951858,0, ,0.0,0.0,0.0,0.0,2,4000,0,0,0,0,0,1
HF,JOHNB,39.841539,-79.951858,2, ,0.0,0.0,181.0,05,2,3000,0,0,0,0,1,0,0

APPTR,R18-Z,18,OTOWN
IF,OTOWN,39.879883,-79.786425, ,0.0,0.0,0,0,0,0,0,0,1,0
TF,JOHNB,39.841539,-79.951858,0, ,0.0,0.0,0.0,0.0,2,3000,0,0,0,0,1,0

APPTR,R18-Z,18,TEDDS
IF,TEDDS,39.638544,-80.276133, ,0.0,0.0,0,0,0,0,0,0,0,0
TF,OBEID,39.836050,-80.059892,0, ,0.0,0.0,0.0,0.0,2,4000,0,0,0,0,1,0
TF,JOHNB,39.841539,-79.951858,0, ,0.0,0.0,0.0,0.0,2,3000,0,0,0,0,1,0

FINAL,R18-Z,18,R,3
IF,JOHNB,39.841539,-79.951858, ,0.0,0.0,2,3000,0,0,0,0,0,0
TF,BSTAF,39.727806,-79.932117,0, ,0.0,0.0,181.0,6.9,2,2800,0,0,0,0,2,0
TF,RW18,39.650669,-79.918769,0, ,0.0,0.0,181.0,4.7,1,1295,0,0,0,0,3,1
CA,0,181.0,2,1446,0,0,0,0,0,0
DF,BAGVE,39.602722,-79.910489,0, ,0.0,0.0,0,0,0,0,0,0,0,0
TF,AFXAD,39.508117,-79.998900,0, ,0.0,0.0,0.0,0.0,0,0,0,0,0,0,0,0
TF,TEDDS,39.638544,-80.276133,0, ,0.0,0.0,0.0,0.0,2,4000,0,0,0,0,0,1
HM,TEDDS,39.638544,-80.276133,1, ,0.0,0.0,109.0,04,0,0,0,0,0,0,0,0,0

APPTR,R36,36,DOCAY
HF,DOCAY,39.466664,-79.997369,1, ,0.0,0.0,45.0,05,2,4500,0,0,0,0,1,0,0

APPTR,R36,36,MTNER
IF,MTNER,39.398475,-79.875136, ,0.0,0.0,0,0,0,0,0,0,1,0
TF,DOCAY,39.466664,-79.997369,0, ,0.0,0.0,0.0,0.0,2,4500,0,0,0,0,1,0

APPTR,R36,36,ROEDS
IF,ROEDS,39.534722,-80.119842, ,0.0,0.0,0,0,0,0,0,0,1,0
TF,DOCAY,39.466664,-79.997369,0, ,0.0,0.0,0.0,0.0,2,4500,0,0,0,0,1,0

FINAL,R36,36,R,4
IF,DOCAY,39.466664,-79.997369, ,0.0,0.0,2,4500,0,0,0,0,0,0
TF,KIRGE,39.542586,-79.926908,0, ,0.0,0.0,45.0,5.6,2,3200,0,0,0,0,2,0
TF,FEGOV,39.578183,-79.921933,0, ,0.0,0.0,15.0,2.2,2,2480,0,0,0,0,0,0
TF,GIVVE,39.628358,-79.914914,0, ,0.0,0.0,15.0,3.0,1,1459,0,0,0,0,3,1
CA,0,15.0,2,1700,0,0,0,0,0,0
DF,JOHNB,39.841539,-79.951858,0, ,0.0,0.0,2,4000,0,0,0,0,0,1
HM,JOHNB,39.841539,-79.951858,2, ,0.0,0.0,181.0,06,0,0,0,0,0,0,0,0,0

