STAR,SARDI1,BRIGS,4
IF,BRIGS,39.523533,-74.138797, ,0.0,0.0,3,21000,0,0,0,0,0,0
TF,HARBO,39.607511,-74.007378,0, ,0.0,0.0,0.0,0.0,0,0,0,0,0,0,0,0
TF,DRIFT,39.814878,-73.680425,0, ,0.0,0.0,0.0,0.0,0,0,0,0,0,0,0,0
TF,MANTA,39.901947,-73.542119,0, ,0.0,0.0,0.0,0.0,0,0,0,0,0,0,0,0
TF,PLUME,40.118519,-73.285564,0, ,0.0,0.0,0.0,0.0,0,0,0,0,0,0,0,0
TF,SHERL,40.255708,-73.121739,0, ,0.0,0.0,0.0,0.0,0,0,0,0,0,0,0,0
TF,DUNEE,40.323439,-73.040572,0, ,0.0,0.0,0.0,0.0,0,0,0,0,0,0,0,0
TF,KOPPY,40.417656,-72.927356,0, ,0.0,0.0,0.0,0.0,0,0,0,0,0,0,0,0
TF,SARDI,40.524058,-72.798853,0, ,0.0,0.0,0.0,0.0,0,0,0,0,0,0,0,0

STAR,SARDI1,DUNEE,4
IF,DUNEE,40.323439,-73.040572, ,0.0,0.0,0,0,0,0,0,0,0,0
TF,KOPPY,40.417656,-72.927356,0, ,0.0,0.0,0.0,0.0,0,0,0,0,0,0,0,0
TF,SARDI,40.524058,-72.798853,0, ,0.0,0.0,0.0,0.0,0,0,0,0,0,0,0,0

STAR,SARDI1,KALDA,4
IF,KALDA,37.841961,-75.626483, ,0.0,0.0,0,0,0,0,0,0,0,0
TF,ZJAAY,38.052764,-75.442853,0, ,0.0,0.0,0.0,0.0,0,0,0,0,0,0,0,0
TF,BYSEL,38.250750,-75.281353,0, ,0.0,0.0,0.0,0.0,0,0,0,0,0,0,0,0
TF,RADDS,38.648556,-75.088467,0, ,0.0,0.0,0.0,0.0,0,0,0,0,0,0,0,0
TF,SHHAY,38.784467,-74.932061,0, ,0.0,0.0,0.0,0.0,0,0,0,0,0,0,0,0
TF,MAEVE,38.963908,-74.745700,0, ,0.0,0.0,0.0,0.0,0,0,0,0,0,0,0,0
TF,WAALK,39.141294,-74.559147,0, ,0.0,0.0,0.0,0.0,0,0,0,0,0,0,0,0
TF,JENGA,39.276669,-74.411619,0, ,0.0,0.0,0.0,0.0,0,0,0,0,0,0,0,0
TF,RAINN,39.452753,-74.217544,0, ,0.0,0.0,0.0,0.0,0,0,0,0,0,0,0,0
TF,BRIGS,39.523533,-74.138797,0, ,0.0,0.0,0.0,0.0,3,21000,0,0,0,0,0,0
TF,HARBO,39.607511,-74.007378,0, ,0.0,0.0,0.0,0.0,0,0,0,0,0,0,0,0
TF,DRIFT,39.814878,-73.680425,0, ,0.0,0.0,0.0,0.0,0,0,0,0,0,0,0,0
TF,MANTA,39.901947,-73.542119,0, ,0.0,0.0,0.0,0.0,0,0,0,0,0,0,0,0
TF,PLUME,40.118519,-73.285564,0, ,0.0,0.0,0.0,0.0,0,0,0,0,0,0,0,0
TF,SHERL,40.255708,-73.121739,0, ,0.0,0.0,0.0,0.0,0,0,0,0,0,0,0,0
TF,DUNEE,40.323439,-73.040572,0, ,0.0,0.0,0.0,0.0,0,0,0,0,0,0,0,0
TF,KOPPY,40.417656,-72.927356,0, ,0.0,0.0,0.0,0.0,0,0,0,0,0,0,0,0
TF,SARDI,40.524058,-72.798853,0, ,0.0,0.0,0.0,0.0,0,0,0,0,0,0,0,0

STAR,SARDI1,MAEVE,4
IF,MAEVE,38.963908,-74.745700, ,0.0,0.0,0,0,0,0,0,0,0,0
TF,WAALK,39.141294,-74.559147,0, ,0.0,0.0,0.0,0.0,0,0,0,0,0,0,0,0
TF,JENGA,39.276669,-74.411619,0, ,0.0,0.0,0.0,0.0,0,0,0,0,0,0,0,0
TF,RAINN,39.452753,-74.217544,0, ,0.0,0.0,0.0,0.0,0,0,0,0,0,0,0,0
TF,BRIGS,39.523533,-74.138797,0, ,0.0,0.0,0.0,0.0,3,21000,0,0,0,0,0,0
TF,HARBO,39.607511,-74.007378,0, ,0.0,0.0,0.0,0.0,0,0,0,0,0,0,0,0
TF,DRIFT,39.814878,-73.680425,0, ,0.0,0.0,0.0,0.0,0,0,0,0,0,0,0,0
TF,MANTA,39.901947,-73.542119,0, ,0.0,0.0,0.0,0.0,0,0,0,0,0,0,0,0
TF,PLUME,40.118519,-73.285564,0, ,0.0,0.0,0.0,0.0,0,0,0,0,0,0,0,0
TF,SHERL,40.255708,-73.121739,0, ,0.0,0.0,0.0,0.0,0,0,0,0,0,0,0,0
TF,DUNEE,40.323439,-73.040572,0, ,0.0,0.0,0.0,0.0,0,0,0,0,0,0,0,0
TF,KOPPY,40.417656,-72.927356,0, ,0.0,0.0,0.0,0.0,0,0,0,0,0,0,0,0
TF,SARDI,40.524058,-72.798853,0, ,0.0,0.0,0.0,0.0,0,0,0,0,0,0,0,0

STAR,SARDI1,RADDS,4
IF,RADDS,38.648556,-75.088467, ,0.0,0.0,0,0,0,0,0,0,0,0
TF,SHHAY,38.784467,-74.932061,0, ,0.0,0.0,0.0,0.0,0,0,0,0,0,0,0,0
TF,MAEVE,38.963908,-74.745700,0, ,0.0,0.0,0.0,0.0,0,0,0,0,0,0,0,0
TF,WAALK,39.141294,-74.559147,0, ,0.0,0.0,0.0,0.0,0,0,0,0,0,0,0,0
TF,JENGA,39.276669,-74.411619,0, ,0.0,0.0,0.0,0.0,0,0,0,0,0,0,0,0
TF,RAINN,39.452753,-74.217544,0, ,0.0,0.0,0.0,0.0,0,0,0,0,0,0,0,0
TF,BRIGS,39.523533,-74.138797,0, ,0.0,0.0,0.0,0.0,3,21000,0,0,0,0,0,0
TF,HARBO,39.607511,-74.007378,0, ,0.0,0.0,0.0,0.0,0,0,0,0,0,0,0,0
TF,DRIFT,39.814878,-73.680425,0, ,0.0,0.0,0.0,0.0,0,0,0,0,0,0,0,0
TF,MANTA,39.901947,-73.542119,0, ,0.0,0.0,0.0,0.0,0,0,0,0,0,0,0,0
TF,PLUME,40.118519,-73.285564,0, ,0.0,0.0,0.0,0.0,0,0,0,0,0,0,0,0
TF,SHERL,40.255708,-73.121739,0, ,0.0,0.0,0.0,0.0,0,0,0,0,0,0,0,0
TF,DUNEE,40.323439,-73.040572,0, ,0.0,0.0,0.0,0.0,0,0,0,0,0,0,0,0
TF,KOPPY,40.417656,-72.927356,0, ,0.0,0.0,0.0,0.0,0,0,0,0,0,0,0,0
TF,SARDI,40.524058,-72.798853,0, ,0.0,0.0,0.0,0.0,0,0,0,0,0,0,0,0

STAR,SARDI1,WAALK,4
IF,WAALK,39.141294,-74.559147, ,0.0,0.0,0,0,0,0,0,0,0,0
TF,JENGA,39.276669,-74.411619,0, ,0.0,0.0,0.0,0.0,0,0,0,0,0,0,0,0
TF,RAINN,39.452753,-74.217544,0, ,0.0,0.0,0.0,0.0,0,0,0,0,0,0,0,0
TF,BRIGS,39.523533,-74.138797,0, ,0.0,0.0,0.0,0.0,3,21000,0,0,0,0,0,0
TF,HARBO,39.607511,-74.007378,0, ,0.0,0.0,0.0,0.0,0,0,0,0,0,0,0,0
TF,DRIFT,39.814878,-73.680425,0, ,0.0,0.0,0.0,0.0,0,0,0,0,0,0,0,0
TF,MANTA,39.901947,-73.542119,0, ,0.0,0.0,0.0,0.0,0,0,0,0,0,0,0,0
TF,PLUME,40.118519,-73.285564,0, ,0.0,0.0,0.0,0.0,0,0,0,0,0,0,0,0
TF,SHERL,40.255708,-73.121739,0, ,0.0,0.0,0.0,0.0,0,0,0,0,0,0,0,0
TF,DUNEE,40.323439,-73.040572,0, ,0.0,0.0,0.0,0.0,0,0,0,0,0,0,0,0
TF,KOPPY,40.417656,-72.927356,0, ,0.0,0.0,0.0,0.0,0,0,0,0,0,0,0,0
TF,SARDI,40.524058,-72.798853,0, ,0.0,0.0,0.0,0.0,0,0,0,0,0,0,0,0

STAR,SARDI1,ALL,5
IF,SARDI,40.524058,-72.798853, ,0.0,0.0,0,0,0,0,0,0,0,0
TF,RICED,40.611969,-72.692183,0, ,0.0,0.0,0.0,0.0,0,0,0,0,0,0,0,0
TF,BEADS,40.734586,-72.542836,0, ,0.0,0.0,0.0,0.0,0,0,0,0,0,0,0,1
FM,BEADS,40.734586,-72.542836,0,GON,0.0,0.0,57.0,0,0,0,0,0,0,0,0

APPTR,R06,06,ARCAV
IF,ARCAV,40.966050,-71.798783, ,0.0,0.0,0,0,0,0,0,0,0,0
TF,ANIJE,40.949008,-72.100972,0, ,0.0,0.0,0.0,0.0,2,2000,0,0,0,0,0,1
HF,ANIJE,40.949008,-72.100972,2, ,0.0,0.0,62.0,04,2,2000,0,0,0,0,1,0,0

APPTR,R06,06,HTO
IF,HTO,40.918994,-72.316706, ,0.0,0.0,0,0,0,0,0,0,1,0
TF,ANIJE,40.949008,-72.100972,0, ,0.0,0.0,0.0,0.0,2,2000,0,0,0,0,1,0

APPTR,R06,06,PARCH
IF,PARCH,41.099228,-72.120739, ,0.0,0.0,0,0,0,0,0,0,0,0
TF,ANIJE,40.949008,-72.100972,0, ,0.0,0.0,0.0,0.0,2,2000,0,0,0,0,0,1
HF,ANIJE,40.949008,-72.100972,2, ,0.0,0.0,62.0,04,2,2000,0,0,0,0,1,0,0

FINAL,R06,06,R,4
IF,ANIJE,40.949008,-72.100972, ,0.0,0.0,2,2000,0,0,0,0,0,0
TF,VIZQA,41.018881,-72.002314,0, ,0.0,0.0,62.0,6.1,2,1600,0,0,0,0,2,0
TF,DACBE,41.048050,-71.961031,0, ,0.0,0.0,62.0,2.6,2,780,0,0,0,0,0,0
TF,RW06,41.074206,-71.923964,0, ,0.0,0.0,62.0,2.3,1,51,0,0,0,0,3,1
CA,0,62.0,2,407,0,0,0,0,0,0
DF,LEDEC,41.112953,-71.868961,0, ,0.0,0.0,0,0,0,0,0,0,0,0
TF,SEY,41.167436,-71.576086,0, ,0.0,0.0,0.0,0.0,2,2000,0,0,0,0,0,1
HM,SEY,41.167436,-71.576086,1, ,0.0,0.0,279.0,04,0,0,0,0,0,0,0,0,0

APPTR,R24,24,GON
IF,GON,41.330403,-72.051983, ,0.0,0.0,0,0,0,0,0,0,0,0
TF,CUTUX,41.226436,-71.707258,0, ,0.0,0.0,0.0,0.0,2,2500,0,0,0,0,0,1
HF,CUTUX,41.226436,-71.707258,2, ,0.0,0.0,242.0,04,2,2500,0,0,0,0,1,0,0

APPTR,R24,24,SEY
IF,SEY,41.167436,-71.576086, ,0.0,0.0,0,0,0,0,0,0,1,0
TF,CUTUX,41.226436,-71.707258,0, ,0.0,0.0,0.0,0.0,2,2500,0,0,0,0,1,0

FINAL,R24,24,R,3
IF,CUTUX,41.226436,-71.707258, ,0.0,0.0,2,2500,0,0,0,0,0,0
TF,COBER,41.133967,-71.839053,0, ,0.0,0.0,242.0,8.2,2,1600,0,0,0,0,2,0
TF,RW24,41.078464,-71.917925,0, ,0.0,0.0,242.0,4.9,1,44,0,0,0,0,3,1
CA,0,242.0,2,600,0,0,0,0,0,0
DF,CUTUX,41.226436,-71.707258,1, ,0.0,0.0,2,2500,0,0,0,0,0,1
HM,CUTUX,41.226436,-71.707258,2, ,0.0,0.0,242.0,04,0,0,0,0,0,0,0,0,0

