APPTR,I12-Y,12,BRNCO
IF,BRNCO,42.867461,-116.314844, ,0.0,0.0,2,10000,0,0,0,0,1,0
TF,MSTNG,42.946322,-116.115039,0, ,0.0,0.0,0.0,0.0,2,6100,0,0,0,0,0,0
AF,D293L,43.157861,-116.095667,2,MUO,293.0,12.0,229.0,2,5900,0,0,0,0,0,0
VI,0,IMUO,0.0,92.0,0,0,0,0,0,0,0,0

FINAL,I12-Y,12,I,3
IF,DEPTY,43.184214,-116.064528,IMUO,302.1,13.4,2,5900,0,0,0,0,0,0
CF,HAGPA,43.113058,-115.967056,0,IMUO,302.1,7.3,122.0,6.1,1,4300,0,0,0,0,2,0
CF,RW12,43.056714,-115.890278,0,IMUO,302.1,2.5,122.0,4.8,1,3033,0,0,0,0,3,0
CA,0,122.0,2,3400,0,0,0,0,0,0
CF,JUNEK,42.967300,-115.781711,0,MUO,124.0,6.0,124.0,8.0,0,0,0,0,0,0,0,0
VI,2, ,0.0,289.0,0,0,0,0,0,0,0,0
CF,MSTNG,42.946322,-116.115039,0,MUO,229.0,12.0,229.0,7.0,2,10000,0,0,0,0,0,0
HM,MSTNG,42.946322,-116.115039,1, ,0.0,0.0,49.0,10,3,14000,0,1,310,0,0,0,0

APPTR,I12-Z,12,MSTNG
IF,MSTNG,42.946322,-116.115039, ,0.0,0.0,2,10000,0,0,0,0,1,0
AF,D293L,43.157861,-116.095667,2,MUO,293.0,12.0,229.0,2,5900,0,0,0,0,0,0
VI,0,IMUO,0.0,92.0,0,0,0,0,0,0,0,0

FINAL,I12-Z,12,I,3
IF,DEPTY,43.184214,-116.064528,IMUO,302.1,13.4,2,5900,0,0,0,0,0,0
CF,HAGPA,43.113058,-115.967056,0,IMUO,302.1,7.3,122.0,6.1,1,4300,0,0,0,0,2,0
CF,RW12,43.056714,-115.890278,0,IMUO,302.1,2.5,122.0,4.8,1,3033,0,0,0,0,3,0
CA,0,122.0,2,3400,0,0,0,0,0,0
CF,JUNEK,42.967300,-115.781711,0,MUO,124.0,6.0,124.0,8.0,0,0,0,0,0,0,0,0
VI,2, ,0.0,289.0,0,0,0,0,0,0,0,0
CF,MSTNG,42.946322,-116.115039,0,MUO,229.0,12.0,229.0,7.0,2,10000,0,0,0,0,0,0
HM,MSTNG,42.946322,-116.115039,1, ,0.0,0.0,49.0,10,3,14000,0,1,310,0,0,0,0

APPTR,I30-Y,30,BRNCO
IF,BRNCO,42.867461,-116.314844, ,0.0,0.0,2,10000,0,0,0,0,1,0
TF,MSTNG,42.946322,-116.115039,0, ,0.0,0.0,0.0,0.0,2,6200,0,0,0,0,0,0
AF,D131L,42.878531,-115.714711,1,MUO,131.0,12.0,229.0,2,5900,0,0,0,0,0,0
VI,0,IBRN,0.0,332.0,0,0,0,0,0,0,0,0

FINAL,I30-Y,30,I,3
IF,FANGG,42.900964,-115.679378,IBRN,122.1,13.5,2,5900,0,0,0,0,0,0
CF,FEGEB,42.974628,-115.778778,0,IBRN,122.1,7.3,302.0,6.2,1,4300,0,0,0,0,2,0
CF,RW30,43.030475,-115.854592,0,IBRN,122.1,2.5,302.0,4.7,1,3046,0,0,0,0,3,0
CA,0,302.0,2,3400,0,0,0,0,0,0
CF,ZOVTA,43.106150,-115.944639,0,MUO,309.0,5.0,309.0,6.0,0,0,0,0,0,0,0,0
VI,1, ,0.0,169.0,0,0,0,0,0,0,0,0
CF,MSTNG,42.946322,-116.115039,0,MUO,229.0,12.0,229.0,7.0,2,10000,0,0,0,0,0,0
HM,MSTNG,42.946322,-116.115039,1, ,0.0,0.0,49.0,10,3,14000,0,1,310,0,0,0,0

APPTR,I30-Z,30,MSTNG
IF,MSTNG,42.946322,-116.115039, ,0.0,0.0,2,10000,0,0,0,0,1,0
AF,D131L,42.878531,-115.714711,1,MUO,131.0,12.0,229.0,2,5900,0,0,0,0,0,0
VI,0,IBRN,0.0,332.0,0,0,0,0,0,0,0,0

FINAL,I30-Z,30,I,3
IF,FANGG,42.900964,-115.679378,IBRN,122.1,13.5,2,5900,0,0,0,0,0,0
CF,FEGEB,42.974628,-115.778778,0,IBRN,122.1,7.3,302.0,6.2,1,4300,0,0,0,0,2,0
CF,RW30,43.030475,-115.854592,0,IBRN,122.1,2.5,302.0,4.7,1,3046,0,0,0,0,3,0
CA,0,302.0,2,3400,0,0,0,0,0,0
CF,ZOVTA,43.106150,-115.944639,0,MUO,309.0,5.0,309.0,6.0,0,0,0,0,0,0,0,0
VI,1, ,0.0,169.0,0,0,0,0,0,0,0,0
CF,MSTNG,42.946322,-116.115039,0,MUO,229.0,12.0,229.0,7.0,2,10000,0,0,0,0,0,0
HM,MSTNG,42.946322,-116.115039,1, ,0.0,0.0,49.0,10,3,14000,0,1,310,0,0,0,0

APPTR,T12-Y,12,BRNCO
IF,BRNCO,42.867461,-116.314844, ,0.0,0.0,2,10000,0,0,0,0,1,0
TF,MSTNG,42.946322,-116.115039,0, ,0.0,0.0,0.0,0.0,2,6200,0,0,0,0,0,0
AF,OTLAW,43.198006,-116.042939,2,MUO,309.0,12.0,229.0,2,5900,0,0,0,0,1,0

FINAL,T12-Y,12,D,4
IF,OTLAW,43.198006,-116.042939,MUO,309.0,12.0,2,5900,0,0,0,0,0,0
CF,HUPKU,43.145528,-115.986731,0,MUO,309.0,8.0,129.0,4.0,2,5100,0,0,0,0,0,0
CF,CUGUK,43.106153,-115.944636,0,MUO,309.0,5.0,129.0,3.0,2,4200,0,0,0,0,2,0
CF,ZIBTU,43.062822,-115.898394,0,MUO,309.0,1.7,129.0,3.3,1,3182,0,0,0,0,3,0
CF,JUNEK,42.967300,-115.781711,0,MUO,124.0,6.0,124.0,7.7,0,0,0,0,0,0,0,0
VI,2, ,0.0,289.0,0,0,0,0,0,0,0,0
CF,MSTNG,42.946322,-116.115039,0,MUO,229.0,12.0,229.0,7.0,2,10000,0,0,0,0,0,0
HM,MSTNG,42.946322,-116.115039,1, ,0.0,0.0,49.0,10,3,14000,0,1,310,0,0,0,0

APPTR,T12-Z,12,MSTNG
IF,MSTNG,42.946322,-116.115039, ,0.0,0.0,2,10000,0,0,0,0,1,0
AF,OTLAW,43.198006,-116.042939,2,MUO,309.0,12.0,229.0,2,6000,0,0,0,0,1,0

FINAL,T12-Z,12,D,4
IF,OTLAW,43.198006,-116.042939,MUO,309.0,12.0,2,6000,0,0,0,0,0,0
CF,HUPKU,43.145528,-115.986731,0,MUO,309.0,8.0,129.0,4.0,2,5100,0,0,0,0,0,0
CF,CUGUK,43.106153,-115.944636,0,MUO,309.0,5.0,129.0,3.0,2,4200,0,0,0,0,2,0
CF,ZIBTU,43.062822,-115.898394,0,MUO,309.0,1.7,129.0,3.3,1,3182,0,0,0,0,3,0
CF,JUNEK,42.967300,-115.781711,0,MUO,124.0,6.0,124.0,7.7,0,0,0,0,0,0,0,0
VI,2, ,0.0,289.0,0,0,0,0,0,0,0,0
CF,MSTNG,42.946322,-116.115039,0,MUO,229.0,12.0,229.0,7.0,2,10000,0,0,0,0,0,0
HM,MSTNG,42.946322,-116.115039,1, ,0.0,0.0,49.0,10,3,14000,0,1,310,0,0,0,0

APPTR,T30-Y,30,BRNCO
IF,BRNCO,42.867461,-116.314844, ,0.0,0.0,2,10000,0,0,0,0,1,0
TF,MSTNG,42.946322,-116.115039,0, ,0.0,0.0,0.0,0.0,2,6200,0,0,0,0,0,0
AF,RATLR,42.917128,-115.660117,1,MUO,115.0,12.0,229.0,2,5000,0,0,0,0,1,0

FINAL,T30-Y,30,D,3
IF,RATLR,42.917128,-115.660117,MUO,115.0,12.0,2,5000,0,0,0,0,0,0
CF,SENPE,42.989139,-115.785128,0,MUO,115.0,5.0,295.0,7.0,2,4100,0,0,0,0,2,0
CF,JERLU,43.024067,-115.845950,0,MUO,115.0,1.6,295.0,3.4,1,3182,0,0,0,0,3,0
CF,ZOVTA,43.106150,-115.944639,0,MUO,309.0,5.0,309.0,6.6,0,0,0,0,0,0,0,0
VI,1, ,0.0,169.0,0,0,0,0,0,0,0,0
CF,MSTNG,42.946322,-116.115039,0,MUO,229.0,12.0,229.0,7.0,2,10000,0,0,0,0,0,0
HM,MSTNG,42.946322,-116.115039,1, ,0.0,0.0,49.0,10,3,14000,0,1,310,0,0,0,0

APPTR,T30-Z,30,MSTNG
IF,MSTNG,42.946322,-116.115039, ,0.0,0.0,2,10000,0,0,0,0,1,0
AF,RATLR,42.917128,-115.660117,1,MUO,115.0,12.0,229.0,2,5000,0,0,0,0,1,0

FINAL,T30-Z,30,D,3
IF,RATLR,42.917128,-115.660117,MUO,115.0,12.0,2,5000,0,0,0,0,0,0
CF,SENPE,42.989139,-115.785128,0,MUO,115.0,5.0,295.0,7.0,2,4100,0,0,0,0,2,0
CF,JERLU,43.024067,-115.845950,0,MUO,115.0,1.6,295.0,3.4,1,3182,0,0,0,0,3,0
CF,ZOVTA,43.106150,-115.944639,0,MUO,309.0,5.0,309.0,6.6,0,0,0,0,0,0,0,0
VI,1, ,0.0,169.0,0,0,0,0,0,0,0,0
CF,MSTNG,42.946322,-116.115039,0,MUO,229.0,12.0,229.0,7.0,2,10000,0,0,0,0,0,0
HM,MSTNG,42.946322,-116.115039,1, ,0.0,0.0,49.0,10,3,14000,0,1,310,0,0,0,0

