APPTR,R33-A,33,ATR
IF,ATR,38.809811,-75.211322, ,0.0,0.0,0,0,0,0,0,0,0,0
TF,GIBAE,38.476194,-75.367711,0, ,0.0,0.0,0.0,0.0,2,1800,0,0,0,0,1,0
TF,NEIDA,38.418797,-75.444686,0, ,0.0,0.0,0.0,0.0,2,1800,0,0,0,0,1,0

APPTR,R33-A,33,NEIDA
HF,NEIDA,38.418797,-75.444686,2, ,0.0,0.0,329.0,04,2,1800,0,0,0,0,1,0,0

APPTR,R33-A,33,TRPOD
IF,TRPOD,38.338981,-75.533847, ,0.0,0.0,0,0,0,0,0,0,1,0
TF,NEIDA,38.418797,-75.444686,0, ,0.0,0.0,0.0,0.0,2,1800,0,0,0,0,1,0

FINAL,R33-A,33,R,3
IF,NEIDA,38.418797,-75.444686, ,0.0,0.0,2,1800,0,0,0,0,0,0
TF,WARAK,38.495581,-75.537436,0, ,0.0,0.0,329.0,6.4,2,1700,0,0,0,0,2,0
TF,RW33,38.539731,-75.590903,0, ,0.0,0.0,328.0,3.7,1,70,0,0,0,0,3,1
CA,0,328.0,2,430,0,0,0,0,0,0
DF,NEIDA,38.418797,-75.444686,2, ,0.0,0.0,2,1800,0,0,0,0,0,1
HM,NEIDA,38.418797,-75.444686,2, ,0.0,0.0,329.0,04,0,0,0,0,0,0,0,0,0

