APPTR,R26,26,PTW
IF,PTW,40.222231,-75.560250, ,0.0,0.0,0,0,0,0,0,0,0,0
TF,RUSDE,40.339742,-75.424403,0, ,0.0,0.0,0.0,0.0,2,3000,0,0,0,0,0,1
HF,RUSDE,40.339742,-75.424403,2, ,0.0,0.0,259.0,04,2,3000,0,0,0,0,1,0,0

APPTR,R26,26,SPUDS
IF,SPUDS,40.451364,-75.432933, ,0.0,0.0,0,0,0,0,0,0,1,0
TF,RUSDE,40.339742,-75.424403,0, ,0.0,0.0,0.0,0.0,2,3000,0,0,0,0,1,0

APPTR,R26,26,ZUVIV
IF,ZUVIV,40.386856,-75.301661, ,0.0,0.0,0,0,0,0,0,0,1,0
TF,RUSDE,40.339742,-75.424403,0, ,0.0,0.0,0.0,0.0,2,3000,0,0,0,0,1,0

FINAL,R26,26,R,3
IF,RUSDE,40.339742,-75.424403, ,0.0,0.0,2,3000,0,0,0,0,0,0
TF,NUGAE,40.300372,-75.546978,0, ,0.0,0.0,259.0,6.1,2,2200,0,0,0,0,2,0
TF,RW26,40.261856,-75.666383,0, ,0.0,0.0,259.0,6.0,1,274,0,0,0,0,3,1
CA,0,259.0,2,656,0,0,0,0,0,0
DF,RUSDE,40.339742,-75.424403,2, ,0.0,0.0,2,3000,0,0,0,0,0,1
HM,RUSDE,40.339742,-75.424403,2, ,0.0,0.0,259.0,04,0,0,0,0,0,0,0,0,0

