SID,NFL1,07,1
VA,0,74.0,2,4500,0,1,270,0,0,0
VM,0,0,1,283.0,0,0,0,0,0,0,0,0

SID,NFL1,13L,1
VA,0,131.0,2,4500,0,1,270,0,0,0
VM,0,0,2,340.0,0,0,0,0,0,0,0,0

SID,NFL1,13R,1
VA,0,131.0,2,4500,0,1,270,0,0,0
VM,0,0,2,340.0,0,0,0,0,0,0,0,0

SID,NFL1,25,1
VA,0,254.0,2,4500,0,0,0,0,0,0
VM,0,0,2,5.0,0,0,0,0,0,0,0,0

SID,NFL1,31L,1
CA,0,311.0,2,4340,0,0,0,0,0,0
VM,0,0,0,321.0,0,0,0,0,0,0,0,0

SID,NFL1,31R,1
CA,0,311.0,2,4340,0,0,0,0,0,0
VM,0,0,0,321.0,0,0,0,0,0,0,0,0

SID,YERIN8,07,1
VA,0,74.0,2,4340,0,0,0,0,0,0
VI,2, ,0.0,236.0,0,0,0,1,250,0,0,0
CF,FITNU,39.280397,-118.785553,0,NFL,190.6,9.0,191.0,3.0,2,9500,0,0,0,0,0,0
TF,YERIN,38.979686,-118.961642,0, ,0.0,0.0,0.0,0.0,0,0,0,0,0,0,0,0

SID,YERIN8,13L,1
VA,0,131.0,2,4340,0,0,0,0,0,0
VI,2, ,0.0,236.0,0,0,0,1,250,0,0,0
CF,FITNU,39.280397,-118.785553,0,NFL,190.6,9.0,191.0,6.0,2,9500,0,0,0,0,0,0
TF,YERIN,38.979686,-118.961642,0, ,0.0,0.0,0.0,0.0,0,0,0,0,0,0,0,0

SID,YERIN8,13R,1
VA,0,131.0,2,4340,0,0,0,0,0,0
VI,2, ,0.0,236.0,0,0,0,1,250,0,0,0
CF,FITNU,39.280397,-118.785553,0,NFL,190.6,9.0,191.0,6.0,2,9500,0,0,0,0,0,0
TF,YERIN,38.979686,-118.961642,0, ,0.0,0.0,0.0,0.0,0,0,0,0,0,0,0,0

SID,YERIN8,25,1
VA,0,254.0,2,4340,0,0,0,0,0,0
VI,1, ,0.0,146.0,0,0,0,1,250,0,0,0
CF,FITNU,39.280397,-118.785553,0,NFL,190.6,9.0,191.0,5.0,2,9500,0,0,0,0,0,0
TF,YERIN,38.979686,-118.961642,0, ,0.0,0.0,0.0,0.0,0,0,0,0,0,0,0,0

SID,YERIN8,31L,1
VA,0,311.0,2,4500,0,0,0,0,0,0
DF,NFL,39.416908,-118.705075,2, ,0.0,0.0,0,0,0,1,250,0,0,0
TF,FITNU,39.280397,-118.785553,0, ,0.0,0.0,0.0,0.0,2,9500,0,0,0,0,0,0
TF,YERIN,38.979686,-118.961642,0, ,0.0,0.0,0.0,0.0,0,0,0,0,0,0,0,0

SID,YERIN8,31R,1
VA,0,311.0,2,4500,0,0,0,0,0,0
DF,NFL,39.416908,-118.705075,2, ,0.0,0.0,0,0,0,1,250,0,0,0
TF,FITNU,39.280397,-118.785553,0, ,0.0,0.0,0.0,0.0,2,9500,0,0,0,0,0,0
TF,YERIN,38.979686,-118.961642,0, ,0.0,0.0,0.0,0.0,0,0,0,0,0,0,0,0

APPTR,R13R,13R,BIKZE
HF,BIKZE,39.581064,-118.844844,1, ,0.0,0.0,131.0,04,2,7100,0,1,230,0,1,0,0

APPTR,R13R,13R,HZN
IF,HZN,39.516400,-118.997686, ,0.0,0.0,2,7200,0,0,0,0,1,0
TF,BIKZE,39.581064,-118.844844,0, ,0.0,0.0,0.0,0.0,2,7100,0,0,0,0,1,0

FINAL,R13R,13R,R,4
IF,BIKZE,39.581064,-118.844844, ,0.0,0.0,2,7100,0,0,0,0,0,0
TF,JENGU,39.496411,-118.768597,0, ,0.0,0.0,131.0,6.2,2,5400,0,0,0,0,2,0
TF,FEGAB,39.462972,-118.738544,0, ,0.0,0.0,131.0,2.4,2,4620,0,0,0,0,0,0
TF,RW13R,39.435589,-118.713961,0, ,0.0,0.0,131.0,2.0,1,3985,0,0,0,0,3,1
CA,0,131.0,2,4600,0,0,0,0,0,0
DF,HOROD,39.120100,-118.432444,0, ,0.0,0.0,2,9800,0,0,0,0,0,1
HM,HOROD,39.120100,-118.432444,2, ,0.0,0.0,311.0,06,3,12800,0,1,230,0,0,0,0

APPTR,R25,25,HOROD
IF,HOROD,39.120100,-118.432444, ,0.0,0.0,2,10300,0,0,0,0,1,0
TF,NANSY,39.363519,-118.375239,0, ,0.0,0.0,0.0,0.0,2,8300,0,0,0,0,1,0

FINAL,R25,25,R,6
IF,NANSY,39.363519,-118.375239, ,0.0,0.0,2,8300,0,0,0,0,0,0
TF,LOWEL,39.399967,-118.476828,0, ,0.0,0.0,281.0,5.2,2,6800,0,0,0,0,0,0
TF,ZEEBO,39.417358,-118.568372,0, ,0.0,0.0,270.0,4.4,2,6100,0,0,0,0,2,0
TF,GUVKE,39.416008,-118.615894,0, ,0.0,0.0,254.0,2.2,2,5100,0,0,0,0,0,0
TF,KINEC,39.415006,-118.650819,0, ,0.0,0.0,254.0,1.6,2,4640,0,0,0,0,0,0
TF,RW25,39.413833,-118.691108,0, ,0.0,0.0,254.0,1.9,1,3977,0,0,0,0,3,1
CA,0,254.0,2,4500,0,0,0,0,0,0
DF,BIKZE,39.581064,-118.844844,0, ,0.0,0.0,2,7700,0,0,0,0,0,1
HM,BIKZE,39.581064,-118.844844,1, ,0.0,0.0,131.0,06,3,9000,0,1,230,0,0,0,0

APPTR,R31L,31L,HOROD
IF,HOROD,39.120100,-118.432444, ,0.0,0.0,2,10300,0,0,0,0,1,0
TF,OCERI,39.188697,-118.493389,0, ,0.0,0.0,0.0,0.0,2,8200,0,0,0,0,0,0
TF,JUMLA,39.243550,-118.542231,0, ,0.0,0.0,0.0,0.0,2,7500,0,0,0,0,1,0

FINAL,R31L,31L,R,4
IF,JUMLA,39.243550,-118.542231, ,0.0,0.0,2,7500,0,0,0,0,0,0
TF,WINED,39.318408,-118.609044,0, ,0.0,0.0,311.0,5.5,2,6300,0,0,0,0,2,0
TF,ZIPUG,39.358828,-118.645183,0, ,0.0,0.0,311.0,2.9,2,4980,0,0,0,0,0,0
TF,RW31L,39.404033,-118.685664,0, ,0.0,0.0,311.0,3.3,1,3977,0,0,0,0,3,1
CA,0,311.0,2,5000,0,0,0,0,0,0
DF,BIKZE,39.581064,-118.844844,0, ,0.0,0.0,2,7700,0,0,0,0,0,1
HM,BIKZE,39.581064,-118.844844,1, ,0.0,0.0,131.0,06,3,9000,0,1,230,0,0,0,0

APPTR,T13RY,13R,WATER
IF,WATER,39.616592,-118.723133, ,0.0,0.0,2,9000,0,0,0,0,1,0
AF,TYWAN,39.598275,-118.814431,1,NFL,321.0,12.0,342.0,2,6800,0,0,0,0,1,0

FINAL,T13RY,13R,D,4
IF,TYWAN,39.598275,-118.814431,NFL,321.0,12.0,2,6800,0,0,0,0,0,0
CF,CUPIR,39.507606,-118.759683,0,NFL,321.0,6.0,141.0,6.0,2,5600,0,0,0,0,2,0
CF,WONVO,39.462261,-118.732364,0,NFL,321.0,3.0,141.0,3.0,2,4540,0,0,0,0,0,0
CF,NUWXO,39.444122,-118.721447,0,NFL,321.0,1.8,141.0,1.2,1,4193,0,0,0,0,3,1
DF,NFL,39.416908,-118.705075,0, ,0.0,0.0,0,0,0,0,0,0,0,0
VI,1, ,0.0,297.0,0,0,0,0,0,0,0,0
CF,WATER,39.616592,-118.723133,0,NFL,342.0,12.0,342.0,8.0,2,8000,0,0,0,0,0,0
HM,WATER,39.616592,-118.723133,1, ,0.0,0.0,162.0,07,3,9000,0,1,230,0,0,0,0

APPTR,T13RZ,13R,CAXUL
IF,CAXUL,39.465067,-118.454503, ,0.0,0.0,2,18000,0,0,0,0,1,0
TF,NFL,39.416908,-118.705075,0, ,0.0,0.0,0.0,0.0,0,0,0,0,0,0,0,0
TF,WATER,39.616592,-118.723133,0, ,0.0,0.0,0.0,0.0,0,0,0,0,0,0,0,0
AF,TYWAN,39.598275,-118.814431,1,NFL,321.0,12.0,342.0,2,6800,0,0,0,0,1,0

FINAL,T13RZ,13R,D,4
IF,TYWAN,39.598275,-118.814431,NFL,321.0,12.0,2,6800,0,0,0,0,0,0
CF,CUPIR,39.507606,-118.759683,0,NFL,321.0,6.0,141.0,6.0,2,5600,0,0,0,0,2,0
CF,WONVO,39.462261,-118.732364,0,NFL,321.0,3.0,141.0,3.0,2,4540,0,0,0,0,0,0
CF,NUWXO,39.444122,-118.721447,0,NFL,321.0,1.8,141.0,1.2,1,4193,0,0,0,0,3,1
DF,NFL,39.416908,-118.705075,0, ,0.0,0.0,0,0,0,0,0,0,0,0
VI,1, ,0.0,297.0,0,0,0,0,0,0,0,0
CF,WATER,39.616592,-118.723133,0,NFL,342.0,12.0,342.0,8.0,2,8000,0,0,0,0,0,0
HM,WATER,39.616592,-118.723133,1, ,0.0,0.0,162.0,07,3,9000,0,1,230,0,0,0,0

APPTR,T25,25,WATER
IF,WATER,39.616592,-118.723133, ,0.0,0.0,2,9000,0,0,0,0,1,0
TF,NFL,39.416908,-118.705075,0, ,0.0,0.0,0.0,0.0,0,0,0,0,0,0,0,0
TF,ZOPIS,39.420358,-118.425531,0, ,0.0,0.0,0.0,0.0,0,0,0,0,0,0,0,0
AF,GUSTY,39.364131,-118.434006,2,NFL,90.0,13.0,75.0,2,7800,0,0,0,0,1,0

FINAL,T25,25,D,7
IF,GUSTY,39.364131,-118.434006,NFL,90.0,13.0,2,7800,0,0,0,0,0,0
CF,TRACK,39.376367,-118.496525,0,NFL,90.0,10.0,270.0,3.0,2,6900,0,0,0,0,0,0
CF,DAYAP,39.386536,-118.548639,0,NFL,90.0,7.5,270.0,2.5,2,6200,0,0,0,0,0,0
CF,LORYN,39.396683,-118.600769,0,NFL,90.0,5.0,270.0,2.5,2,5500,0,0,0,0,2,0
CF,FOSGU,39.401547,-118.625797,0,NFL,90.0,3.8,270.0,1.2,2,5100,0,0,0,0,0,0
CF,JUGRU,39.406808,-118.652914,0,NFL,90.0,2.5,270.0,1.3,2,4620,0,0,0,0,0,0
CF,TISDE,39.412872,-118.684208,0,NFL,90.0,1.0,270.0,1.5,1,4085,0,0,0,0,3,1
DF,NFL,39.416908,-118.705075,0, ,0.0,0.0,0,0,0,0,0,0,0,0
VI,2, ,0.0,27.0,0,0,0,0,0,0,0,0
CF,WATER,39.616592,-118.723133,0,NFL,342.0,12.0,342.0,9.0,2,8000,0,0,0,0,0,0
HM,WATER,39.616592,-118.723133,1, ,0.0,0.0,162.0,07,3,9000,0,1,230,0,0,0,0

APPTR,T31LY,31L,WATER
IF,WATER,39.616592,-118.723133, ,0.0,0.0,2,9000,0,0,0,0,1,0
TF,WIVER,39.583311,-118.720114,0, ,0.0,0.0,0.0,0.0,2,9000,0,0,0,0,0,0
AF,BORDS,39.335883,-118.517197,2,NFL,105.0,10.0,342.0,2,7300,0,0,0,0,0,0
AF,HAKOG,39.307358,-118.543025,2,NFL,117.0,10.0,105.0,2,6900,0,0,0,0,1,0

FINAL,T31LY,31L,D,4
IF,HAKOG,39.307358,-118.543025,NFL,117.0,10.0,2,6900,0,0,0,0,0,0
CF,MIRKE,39.351206,-118.607786,0,NFL,117.0,6.0,297.0,4.0,2,5700,0,0,0,0,2,0
CF,CITAB,39.382972,-118.654783,0,NFL,117.0,3.1,297.0,2.9,2,4660,0,0,0,0,0,0
CF,FENAT,39.402678,-118.683983,0,NFL,117.0,1.3,297.0,1.8,1,4025,0,0,0,0,3,1
DF,NFL,39.416908,-118.705075,0, ,0.0,0.0,0,0,0,0,0,0,0,0
CF,WATER,39.616592,-118.723133,0,NFL,342.0,12.0,342.0,12.0,2,8000,0,0,0,0,0,0
HM,WATER,39.616592,-118.723133,1, ,0.0,0.0,162.0,07,3,9000,0,1,230,0,0,0,0

APPTR,T31LZ,31L,RHIDE
IF,RHIDE,39.087572,-118.220431, ,0.0,0.0,2,20000,0,0,0,0,1,0
TF,MUFIT,39.197578,-118.381478,0, ,0.0,0.0,0.0,0.0,2,12000,0,0,0,0,0,0
TF,ELMMR,39.279933,-118.502586,0, ,0.0,0.0,0.0,0.0,2,7700,0,0,0,0,0,0
TF,HAKOG,39.307358,-118.543025,0, ,0.0,0.0,0.0,0.0,2,6900,0,0,0,0,1,0

FINAL,T31LZ,31L,D,4
IF,HAKOG,39.307358,-118.543025,NFL,117.0,10.0,2,6900,0,0,0,0,0,0
CF,MIRKE,39.351206,-118.607786,0,NFL,117.0,6.0,297.0,4.0,2,5700,0,0,0,0,2,0
CF,CITAB,39.382972,-118.654783,0,NFL,117.0,3.1,297.0,2.9,2,4660,0,0,0,0,0,0
CF,FENAT,39.402678,-118.683983,0,NFL,117.0,1.3,297.0,1.8,1,4025,0,0,0,0,3,1
DF,NFL,39.416908,-118.705075,0, ,0.0,0.0,0,0,0,0,0,0,0,0
CF,WATER,39.616592,-118.723133,0,NFL,342.0,12.0,342.0,12.0,2,8000,0,0,0,0,0,0
HM,WATER,39.616592,-118.723133,1, ,0.0,0.0,162.0,07,3,9000,0,1,230,0,0,0,0

APPTR,T31RY,31R,WATER
IF,WATER,39.616592,-118.723133, ,0.0,0.0,2,9000,0,0,0,0,1,0
TF,WIVER,39.583311,-118.720114,0, ,0.0,0.0,0.0,0.0,2,9000,0,0,0,0,0,0
AF,BORDS,39.335883,-118.517197,2,NFL,105.0,10.0,342.0,2,7300,0,0,0,0,0,0
AF,HAKOG,39.307358,-118.543025,2,NFL,117.0,10.0,105.0,2,6900,0,0,0,0,1,0

FINAL,T31RY,31R,D,4
IF,HAKOG,39.307358,-118.543025,NFL,117.0,10.0,2,6900,0,0,0,0,0,0
CF,MIRKE,39.351206,-118.607786,0,NFL,117.0,6.0,297.0,4.0,2,5700,0,0,0,0,2,0
CF,CITAB,39.382972,-118.654783,0,NFL,117.0,3.1,297.0,2.9,2,4660,0,0,0,0,0,0
CF,FENAT,39.402678,-118.683983,0,NFL,117.0,1.3,297.0,1.8,1,4012,0,0,0,0,3,1
DF,NFL,39.416908,-118.705075,0, ,0.0,0.0,0,0,0,0,0,0,0,0
CF,WATER,39.616592,-118.723133,0,NFL,342.0,12.0,342.0,12.0,2,8000,0,0,0,0,0,0
HM,WATER,39.616592,-118.723133,1, ,0.0,0.0,162.0,07,3,9000,0,1,230,0,0,0,0

APPTR,T31RZ,31R,RHIDE
IF,RHIDE,39.087572,-118.220431, ,0.0,0.0,2,20000,0,0,0,0,1,0
TF,MUFIT,39.197578,-118.381478,0, ,0.0,0.0,0.0,0.0,2,12000,0,0,0,0,0,0
TF,ELMMR,39.279933,-118.502586,0, ,0.0,0.0,0.0,0.0,2,7700,0,0,0,0,0,0
TF,HAKOG,39.307358,-118.543025,0, ,0.0,0.0,0.0,0.0,2,6900,0,0,0,0,1,0

FINAL,T31RZ,31R,D,4
IF,HAKOG,39.307358,-118.543025,NFL,117.0,10.0,2,6900,0,0,0,0,0,0
CF,MIRKE,39.351206,-118.607786,0,NFL,117.0,6.0,297.0,4.0,2,5700,0,0,0,0,2,0
CF,CITAB,39.382972,-118.654783,0,NFL,117.0,3.1,297.0,2.9,2,4660,0,0,0,0,0,0
CF,FENAT,39.402678,-118.683983,0,NFL,117.0,1.3,297.0,1.8,1,4013,0,0,0,0,3,1
DF,NFL,39.416908,-118.705075,0, ,0.0,0.0,0,0,0,0,0,0,0,0
CF,WATER,39.616592,-118.723133,0,NFL,342.0,12.0,342.0,12.0,2,8000,0,0,0,0,0,0
HM,WATER,39.616592,-118.723133,1, ,0.0,0.0,162.0,07,3,9000,0,1,230,0,0,0,0

