SID,SWABY1,06,1
VD, ,0,0,0,NHK,0.0,0.0,59.0,3.0,0,0,0,0,0,0,0,0
DF,NHK,38.281047,-76.410633,1, ,0.0,0.0,0,0,0,0,0,0,0,0
TF,JUMIX,38.097014,-76.556083,0, ,0.0,0.0,0.0,0.0,0,0,0,0,0,0,0,0

SID,SWABY1,14,1
CA,0,136.0,2,440,0,0,0,0,0,0
VI,2, ,0.0,267.0,0,0,0,0,0,0,0,0
CF,JUMIX,38.097014,-76.556083,0,NHK,222.0,13.0,222.0,9.0,0,0,0,0,0,0,0,0

SID,SWABY1,24,1
CA,0,239.0,2,440,0,0,0,0,0,0
CF,JUMIX,38.097014,-76.556083,0,NHK,222.0,13.0,222.0,13.0,0,0,0,0,0,0,0,0

SID,SWABY1,32,1
CA,0,316.0,2,440,0,0,0,0,0,0
VI,1, ,0.0,177.0,0,0,0,0,0,0,0,0
CF,JUMIX,38.097014,-76.556083,0,NHK,222.0,13.0,222.0,9.0,0,0,0,0,0,0,0,0

SID,SWABY1,ALL,2
IF,JUMIX,38.097014,-76.556083, ,0.0,0.0,0,0,0,0,0,0,0,0
AF,ZIRAT,38.068872,-76.467678,1,NHK,202.0,13.0,222.0,0,0,0,0,0,0,0,0
TF,SWABY,37.872986,-76.520042,0, ,0.0,0.0,0.0,0.0,2,9000,0,0,0,0,0,0

SID,SWABY1,GVE,3
IF,SWABY,37.872986,-76.520042, ,0.0,0.0,2,9000,0,0,0,0,0,0
TF,GVE,38.013600,-78.153028,0, ,0.0,0.0,0.0,0.0,0,0,0,0,0,0,0,0

SID,SWABY1,HCM,3
IF,SWABY,37.872986,-76.520042, ,0.0,0.0,2,9000,0,0,0,0,0,0
TF,HCM,37.448661,-76.711353,0, ,0.0,0.0,0.0,0.0,0,0,0,0,0,0,0,0

SID,SWABY1,HPW,3
IF,SWABY,37.872986,-76.520042, ,0.0,0.0,2,9000,0,0,0,0,0,0
TF,HPW,37.328869,-77.115944,0, ,0.0,0.0,0.0,0.0,0,0,0,0,0,0,0,0

SID,SWABY1,STEIN,3
IF,SWABY,37.872986,-76.520042, ,0.0,0.0,2,9000,0,0,0,0,0,0
TF,UNNAC,37.756067,-76.551161,0, ,0.0,0.0,0.0,0.0,0,0,0,0,0,0,0,0
TF,STEIN,37.586639,-76.320122,0, ,0.0,0.0,0.0,0.0,0,0,0,0,0,0,0,0

APPTR,I06,06,NHK
IF,NHK,38.281047,-76.410633, ,0.0,0.0,2,2500,0,0,0,0,0,0
TF,WETUT,38.159503,-76.593261,0, ,0.0,0.0,0.0,0.0,2,2500,0,0,0,0,0,0
HF,WETUT,38.159503,-76.593261,2, ,0.0,0.0,59.0,08,2,2500,0,1,265,0,1,0,0

FINAL,I06,06,I,3
IF,WETUT,38.159503,-76.593261,INHK,239.2,12.9,2,2500,0,0,0,0,0,0
CF,DORME,38.225094,-76.497486,0,INHK,239.2,6.9,59.0,6.0,1,1600,0,0,0,0,2,0
CF,RW06,38.276900,-76.421628,0,INHK,239.2,2.1,59.0,4.7,1,90,0,0,0,0,3,0
VA,0,59.0,2,440,0,0,0,0,0,0
CF,SPRIG,38.427344,-76.237058,0,NHK,53.0,12.0,53.0,12.0,2,2500,0,0,0,0,0,0
HM,SPRIG,38.427344,-76.237058,2, ,0.0,0.0,233.0,08,3,7000,0,1,265,0,0,0,0

APPTR,R06,06,NHK
IF,NHK,38.281047,-76.410633, ,0.0,0.0,2,2500,0,0,0,0,0,0
TF,WETUT,38.159503,-76.593261,0, ,0.0,0.0,0.0,0.0,2,2500,0,0,0,0,0,0
HF,WETUT,38.159503,-76.593261,2, ,0.0,0.0,59.0,08,2,2500,0,1,265,0,1,0,0

FINAL,R06,06,R,5
IF,WETUT,38.159503,-76.593261, ,0.0,0.0,2,2500,0,0,0,0,0,0
TF,WOPOL,38.214164,-76.513467,0, ,0.0,0.0,59.0,5.0,1,1600,0,0,0,0,0,0
TF,DORME,38.225094,-76.497486,0, ,0.0,0.0,59.0,1.0,2,1600,0,0,0,0,2,0
TF,ITIBE,38.238447,-76.477944,0, ,0.0,0.0,59.0,1.2,2,1200,0,0,0,0,0,0
TF,RW06,38.276900,-76.421628,0, ,0.0,0.0,59.0,3.5,1,89,0,0,0,0,3,1
CA,0,59.0,2,600,0,0,0,0,0,0
DF,SPRIG,38.427344,-76.237058,0, ,0.0,0.0,2,2500,0,0,0,0,0,1
HM,SPRIG,38.427344,-76.237058,2, ,0.0,0.0,233.0,08,3,7000,0,1,265,0,0,0,0

APPTR,R14,14,NHK
IF,NHK,38.281047,-76.410633, ,0.0,0.0,2,2500,0,0,0,0,0,0
TF,STEVR,38.399756,-76.608328,0, ,0.0,0.0,0.0,0.0,2,2500,0,0,0,0,0,0
HF,STEVR,38.399756,-76.608328,2, ,0.0,0.0,136.0,08,2,2500,0,1,265,0,1,0,0

FINAL,R14,14,R,4
IF,STEVR,38.399756,-76.608328, ,0.0,0.0,2,2500,0,0,0,0,0,0
TF,SOVAE,38.350900,-76.522506,0, ,0.0,0.0,136.0,5.0,1,1600,0,0,0,0,0,0
TF,KOSSE,38.341117,-76.505344,0, ,0.0,0.0,136.0,1.0,2,1600,0,0,0,0,2,0
TF,RW14,38.294286,-76.423333,0, ,0.0,0.0,136.0,4.8,1,77,0,0,0,0,3,1
CA,0,136.0,2,600,0,0,0,0,0,0
DF,SPRIG,38.427344,-76.237058,1, ,0.0,0.0,2,2500,0,0,0,0,0,1
HM,SPRIG,38.427344,-76.237058,2, ,0.0,0.0,233.0,08,3,7000,0,1,265,0,0,0,0

APPTR,R24,24,NHK
IF,NHK,38.281047,-76.410633, ,0.0,0.0,2,2500,0,0,0,0,0,0
TF,ORONO,38.415961,-76.217167,0, ,0.0,0.0,0.0,0.0,2,2500,0,0,0,0,0,0
HF,ORONO,38.415961,-76.217167,2, ,0.0,0.0,239.0,08,2,2500,0,1,265,0,1,0,0

FINAL,R24,24,R,5
IF,ORONO,38.415961,-76.217167, ,0.0,0.0,2,2500,0,0,0,0,0,0
TF,REARS,38.361433,-76.297492,0, ,0.0,0.0,239.0,5.0,1,1600,0,0,0,0,0,0
TF,SAILR,38.350531,-76.313531,0, ,0.0,0.0,239.0,1.0,2,1600,0,0,0,0,2,0
TF,JUKDU,38.339558,-76.329661,0, ,0.0,0.0,239.0,1.0,2,1260,0,0,0,0,0,0
TF,RW24,38.298097,-76.390542,0, ,0.0,0.0,239.0,3.8,1,70,0,0,0,0,3,1
CA,0,239.0,2,220,0,0,0,0,0,0
DF,WETUT,38.159503,-76.593261,0, ,0.0,0.0,2,2500,0,0,0,0,0,1
HM,WETUT,38.159503,-76.593261,2, ,0.0,0.0,59.0,08,3,7000,0,1,265,0,0,0,0

APPTR,R32,32,NHK
IF,NHK,38.281047,-76.410633, ,0.0,0.0,2,2500,0,0,0,0,0,0
TF,GYPTS,38.172411,-76.210814,0, ,0.0,0.0,0.0,0.0,2,2500,0,0,0,0,0,0
HF,GYPTS,38.172411,-76.210814,2, ,0.0,0.0,316.0,08,2,2500,0,1,265,0,1,0,0

FINAL,R32,32,R,5
IF,GYPTS,38.172411,-76.210814, ,0.0,0.0,2,2500,0,0,0,0,0,0
TF,JOPNO,38.221531,-76.296303,0, ,0.0,0.0,316.0,5.0,1,1600,0,0,0,0,0,0
TF,KOLVE,38.231344,-76.313408,0, ,0.0,0.0,316.0,1.0,2,1600,0,0,0,0,2,0
TF,PALOE,38.246436,-76.339731,0, ,0.0,0.0,316.0,1.5,2,1100,0,0,0,0,0,0
TF,RW32,38.278592,-76.395892,0, ,0.0,0.0,316.0,3.3,1,66,0,0,0,0,3,1
CA,0,316.0,2,600,0,0,0,0,0,0
DF,SPRIG,38.427344,-76.237058,2, ,0.0,0.0,2,2500,0,0,0,0,0,1
HM,SPRIG,38.427344,-76.237058,2, ,0.0,0.0,233.0,08,3,7000,0,1,265,0,0,0,0

APPTR,T06-Y,06,ADDAM
IF,ADDAM,38.123769,-75.921053, ,0.0,0.0,2,15000,0,0,0,0,1,0
TF,HELEM,38.199519,-76.155789,0, ,0.0,0.0,0.0,0.0,4,7000,3000,0,0,0,0,0
TF,USUYA,38.205808,-76.175372,0, ,0.0,0.0,0.0,0.0,2,2500,0,0,0,0,0,0
AF,BYNAM,38.171808,-76.623336,2,NHK,247.0,12.0,122.0,2,2500,0,0,0,0,1,0

APPTR,T06-Y,06,MODEE
IF,MODEE,38.098769,-76.764786, ,0.0,0.0,2,10000,0,0,0,0,1,0
TF,BYNAM,38.171808,-76.623336,0, ,0.0,0.0,0.0,0.0,2,2500,0,0,0,0,1,0

APPTR,T06-Y,06,NHK
IF,NHK,38.281047,-76.410633, ,0.0,0.0,2,2500,0,0,0,0,0,0
TF,BYNAM,38.171808,-76.623336,0, ,0.0,0.0,0.0,0.0,2,2500,0,0,0,0,0,0
HF,BYNAM,38.171808,-76.623336,2, ,0.0,0.0,67.0,08,2,2500,0,1,265,0,1,0,0

APPTR,T06-Y,06,SOUCI
IF,SOUCI,38.549058,-76.091875, ,0.0,0.0,2,12000,0,0,0,0,1,0
TF,SPRIG,38.427344,-76.237058,0, ,0.0,0.0,0.0,0.0,4,7000,2500,0,0,0,0,0
AF,BYNAM,38.171808,-76.623336,1,NHK,247.0,12.0,53.0,2,2500,0,0,0,0,1,0

FINAL,T06-Y,06,D,4
IF,BYNAM,38.171808,-76.623336,NHK,247.0,12.0,2,2500,0,0,0,0,0,0
CF,MUBLE,38.232667,-76.505011,0,NHK,247.0,5.3,67.0,6.7,2,1600,0,0,0,0,2,0
CF,HEGIG,38.251044,-76.469192,0,NHK,247.0,3.3,67.0,2.0,2,940,0,0,0,0,0,0
CF,NIVDE,38.271050,-76.430158,0,NHK,247.0,1.1,67.0,2.2,1,258,0,0,0,0,3,1
DF,NHK,38.281047,-76.410633,0, ,0.0,0.0,0,0,0,0,0,0,0,0
CF,SPRIG,38.427344,-76.237058,0,NHK,53.0,12.0,53.0,12.0,2,2500,0,0,0,0,0,0
HM,SPRIG,38.427344,-76.237058,2, ,0.0,0.0,233.0,08,3,7000,0,1,265,0,0,0,0

APPTR,T06-Z,06,HELEM
IF,HELEM,38.199519,-76.155789, ,0.0,0.0,2,2500,0,0,0,0,1,0
TF,USUYA,38.205808,-76.175372,0, ,0.0,0.0,0.0,0.0,2,2500,0,0,0,0,0,0
AF,BYNAM,38.171808,-76.623336,2,NHK,247.0,12.0,122.0,2,2500,0,0,0,0,1,0

APPTR,T06-Z,06,NHK
IF,NHK,38.281047,-76.410633, ,0.0,0.0,2,2500,0,0,0,0,0,0
TF,BYNAM,38.171808,-76.623336,0, ,0.0,0.0,0.0,0.0,2,2500,0,0,0,0,0,0
HF,BYNAM,38.171808,-76.623336,2, ,0.0,0.0,67.0,08,2,2500,0,1,265,0,1,0,0

APPTR,T06-Z,06,SPRIG
IF,SPRIG,38.427344,-76.237058, ,0.0,0.0,2,2500,0,0,0,0,1,0
AF,BYNAM,38.171808,-76.623336,1,NHK,247.0,12.0,53.0,2,2500,0,0,0,0,1,0

FINAL,T06-Z,06,D,4
IF,BYNAM,38.171808,-76.623336,NHK,247.0,12.0,2,2500,0,0,0,0,0,0
CF,MUBLE,38.232667,-76.505011,0,NHK,247.0,5.3,67.0,6.7,2,1600,0,0,0,0,2,0
CF,HEGIG,38.251044,-76.469192,0,NHK,247.0,3.3,67.0,2.0,2,940,0,0,0,0,0,0
CF,NIVDE,38.271050,-76.430158,0,NHK,247.0,1.1,67.0,2.2,1,258,0,0,0,0,3,1
DF,NHK,38.281047,-76.410633,0, ,0.0,0.0,0,0,0,0,0,0,0,0
CF,SPRIG,38.427344,-76.237058,0,NHK,53.0,12.0,53.0,12.0,2,2500,0,0,0,0,0,0
HM,SPRIG,38.427344,-76.237058,2, ,0.0,0.0,233.0,08,3,7000,0,1,265,0,0,0,0

APPTR,T14-Y,14,ADDAM
IF,ADDAM,38.123769,-75.921053, ,0.0,0.0,2,15000,0,0,0,0,1,0
TF,HELEM,38.199519,-76.155789,0, ,0.0,0.0,0.0,0.0,4,7000,3000,0,0,0,0,0
TF,USUYA,38.205808,-76.175372,0, ,0.0,0.0,0.0,0.0,2,2500,0,0,0,0,0,0
AF,JULUS,38.427344,-76.584208,2,NHK,327.0,12.0,122.0,2,2500,0,0,0,0,1,0

APPTR,T14-Y,14,MODEE
IF,MODEE,38.098769,-76.764786, ,0.0,0.0,2,10000,0,0,0,0,1,0
TF,BYNAM,38.171808,-76.623336,0, ,0.0,0.0,0.0,0.0,4,7000,2500,0,0,0,0,0
AF,JULUS,38.427344,-76.584208,2,NHK,327.0,12.0,247.0,2,2500,0,0,0,0,1,0

APPTR,T14-Y,14,NHK
IF,NHK,38.281047,-76.410633, ,0.0,0.0,2,2500,0,0,0,0,0,0
TF,SPRIG,38.427344,-76.237058,0, ,0.0,0.0,0.0,0.0,4,7000,2500,0,0,0,1,0
AF,JULUS,38.427344,-76.584208,1,NHK,327.0,12.0,53.0,2,2500,0,0,0,0,1,0

APPTR,T14-Y,14,SOUCI
IF,SOUCI,38.549058,-76.091875, ,0.0,0.0,2,12000,0,0,0,0,1,0
TF,SPRIG,38.427344,-76.237058,0, ,0.0,0.0,0.0,0.0,4,7000,2500,0,0,0,0,0
AF,JULUS,38.427344,-76.584208,1,NHK,327.0,12.0,53.0,2,2500,0,0,0,0,1,0

FINAL,T14-Y,14,D,4
IF,JULUS,38.427344,-76.584208,NHK,327.0,12.0,2,2500,0,0,0,0,0,0
CF,GANTE,38.351425,-76.494008,0,NHK,327.0,5.8,147.0,6.2,2,1600,0,0,0,0,2,0
CF,PRILL,38.325331,-76.463067,0,NHK,327.0,3.6,147.0,2.1,2,900,0,0,0,0,0,0
CF,ZUXUL,38.299347,-76.432292,0,NHK,327.0,1.5,147.0,2.1,1,241,0,0,0,0,3,0
CA,0,147.0,2,500,0,0,0,0,0,0
CF,SPRIG,38.427344,-76.237058,1,NHK,53.0,12.0,53.0,12.0,2,2500,0,0,0,0,0,0
HM,SPRIG,38.427344,-76.237058,2, ,0.0,0.0,233.0,08,3,7000,0,1,265,0,0,0,0

APPTR,T14-Z,14,BYNAM
IF,BYNAM,38.171808,-76.623336, ,0.0,0.0,2,2500,0,0,0,0,1,0
AF,JULUS,38.427344,-76.584208,2,NHK,327.0,12.0,247.0,2,2500,0,0,0,0,1,0

APPTR,T14-Z,14,HELEM
IF,HELEM,38.199519,-76.155789, ,0.0,0.0,2,2500,0,0,0,0,1,0
TF,USUYA,38.205808,-76.175372,0, ,0.0,0.0,0.0,0.0,2,2500,0,0,0,0,0,0
AF,JULUS,38.427344,-76.584208,2,NHK,327.0,12.0,122.0,2,2500,0,0,0,0,1,0

APPTR,T14-Z,14,NHK
IF,NHK,38.281047,-76.410633, ,0.0,0.0,2,2500,0,0,0,0,0,0
TF,SPRIG,38.427344,-76.237058,0, ,0.0,0.0,0.0,0.0,2,2500,0,0,0,0,1,0
AF,JULUS,38.427344,-76.584208,1,NHK,327.0,12.0,53.0,2,2500,0,0,0,0,1,0

FINAL,T14-Z,14,D,4
IF,JULUS,38.427344,-76.584208,NHK,327.0,12.0,2,2500,0,0,0,0,0,0
CF,GANTE,38.351425,-76.494008,0,NHK,327.0,5.8,147.0,6.2,2,1600,0,0,0,0,2,0
CF,PRILL,38.325331,-76.463067,0,NHK,327.0,3.6,147.0,2.1,2,900,0,0,0,0,0,0
CF,ZUXUL,38.299347,-76.432292,0,NHK,327.0,1.5,147.0,2.1,1,241,0,0,0,0,3,0
CA,0,147.0,2,500,0,0,0,0,0,0
CF,SPRIG,38.427344,-76.237058,1,NHK,53.0,12.0,53.0,12.0,2,2500,0,0,0,0,0,0
HM,SPRIG,38.427344,-76.237058,2, ,0.0,0.0,233.0,08,3,7000,0,1,265,0,0,0,0

APPTR,T24-Y,24,ADDAM
IF,ADDAM,38.123769,-75.921053, ,0.0,0.0,2,15000,0,0,0,0,1,0
TF,HELEM,38.199519,-76.155789,0, ,0.0,0.0,0.0,0.0,4,7000,3000,0,0,0,0,0
TF,USUYA,38.205808,-76.175372,0, ,0.0,0.0,0.0,0.0,2,2500,0,0,0,0,0,0
AF,SPRIG,38.427344,-76.237058,1,NHK,53.0,12.0,122.0,2,2500,0,0,0,0,1,0

APPTR,T24-Y,24,MODEE
IF,MODEE,38.098769,-76.764786, ,0.0,0.0,2,10000,0,0,0,0,1,0
TF,BYNAM,38.171808,-76.623336,0, ,0.0,0.0,0.0,0.0,4,7000,2500,0,0,0,0,0
AF,SPRIG,38.427344,-76.237058,2,NHK,53.0,12.0,247.0,2,2500,0,0,0,0,1,0

APPTR,T24-Y,24,NHK
IF,NHK,38.281047,-76.410633, ,0.0,0.0,2,2500,0,0,0,0,0,0
TF,SPRIG,38.427344,-76.237058,0, ,0.0,0.0,0.0,0.0,2,2500,0,0,0,0,0,0
HF,SPRIG,38.427344,-76.237058,2, ,0.0,0.0,233.0,08,2,2500,0,1,265,0,1,0,0

APPTR,T24-Y,24,SOUCI
IF,SOUCI,38.549058,-76.091875, ,0.0,0.0,2,12000,0,0,0,0,1,0
TF,SPRIG,38.427344,-76.237058,0, ,0.0,0.0,0.0,0.0,2,2500,0,0,0,0,1,0

FINAL,T24-Y,24,D,4
IF,SPRIG,38.427344,-76.237058,NHK,53.0,12.0,2,2500,0,0,0,0,0,0
CF,FEKET,38.356667,-76.321039,0,NHK,53.0,6.2,233.0,5.8,2,1600,0,0,0,0,2,0
CF,ZAVFO,38.338622,-76.342444,0,NHK,53.0,4.7,233.0,1.5,2,1120,0,0,0,0,0,0
CF,ZOSAX,38.304228,-76.383197,0,NHK,53.0,1.9,233.0,2.8,1,231,0,0,0,0,3,0
CA,0,233.0,2,440,0,0,0,0,0,0
CF,SPRIG,38.427344,-76.237058,2,NHK,53.0,12.0,53.0,10.0,2,2500,0,0,0,0,0,0
HM,SPRIG,38.427344,-76.237058,2, ,0.0,0.0,233.0,08,3,7000,0,1,265,0,0,0,0

APPTR,T24-Z,24,BYNAM
IF,BYNAM,38.171808,-76.623336, ,0.0,0.0,2,2500,0,0,0,0,1,0
AF,SPRIG,38.427344,-76.237058,2,NHK,53.0,12.0,247.0,2,2500,0,0,0,0,1,0

APPTR,T24-Z,24,HELEM
IF,HELEM,38.199519,-76.155789, ,0.0,0.0,2,2500,0,0,0,0,1,0
TF,USUYA,38.205808,-76.175372,0, ,0.0,0.0,0.0,0.0,2,2500,0,0,0,0,0,0
AF,SPRIG,38.427344,-76.237058,1,NHK,53.0,12.0,122.0,2,2500,0,0,0,0,1,0

APPTR,T24-Z,24,NHK
IF,NHK,38.281047,-76.410633, ,0.0,0.0,2,2500,0,0,0,0,0,0
TF,SPRIG,38.427344,-76.237058,0, ,0.0,0.0,0.0,0.0,2,2500,0,0,0,0,0,0
HF,SPRIG,38.427344,-76.237058,2, ,0.0,0.0,233.0,08,2,2500,0,1,265,0,1,0,0

FINAL,T24-Z,24,D,4
IF,SPRIG,38.427344,-76.237058,NHK,53.0,12.0,2,2500,0,0,0,0,0,0
CF,FEKET,38.356667,-76.321039,0,NHK,53.0,6.2,233.0,5.8,2,1600,0,0,0,0,2,0
CF,ZAVFO,38.338622,-76.342444,0,NHK,53.0,4.7,233.0,1.5,2,1120,0,0,0,0,0,0
CF,ZOSAX,38.304228,-76.383197,0,NHK,53.0,1.9,233.0,2.8,1,231,0,0,0,0,3,0
CA,0,233.0,2,440,0,0,0,0,0,0
VI,2, ,0.0,83.0,0,0,0,0,0,0,0,0
CF,SPRIG,38.427344,-76.237058,0,NHK,53.0,12.0,53.0,5.0,2,2500,0,0,0,0,0,0
HM,SPRIG,38.427344,-76.237058,2, ,0.0,0.0,233.0,08,3,7000,0,1,265,0,0,0,0

APPTR,T32-Y,32,ADDAM
IF,ADDAM,38.123769,-75.921053, ,0.0,0.0,2,15000,0,0,0,0,1,0
TF,HELEM,38.199519,-76.155789,0, ,0.0,0.0,0.0,0.0,2,3000,0,0,0,0,0,0
TF,USUYA,38.205808,-76.175372,0, ,0.0,0.0,0.0,0.0,2,2500,0,0,0,0,1,0

APPTR,T32-Y,32,MODEE
IF,MODEE,38.098769,-76.764786, ,0.0,0.0,2,10000,0,0,0,0,1,0
TF,BYNAM,38.171808,-76.623336,0, ,0.0,0.0,0.0,0.0,4,7000,2500,0,0,0,0,0
AF,USUYA,38.205808,-76.175372,1,NHK,122.0,12.0,247.0,2,2500,0,0,0,0,1,0

APPTR,T32-Y,32,NHK
IF,NHK,38.281047,-76.410633, ,0.0,0.0,2,2500,0,0,0,0,0,0
TF,SPRIG,38.427344,-76.237058,0, ,0.0,0.0,0.0,0.0,4,7000,2500,0,0,0,1,0
AF,USUYA,38.205808,-76.175372,2,NHK,122.0,12.0,53.0,2,2500,0,0,0,0,1,0

APPTR,T32-Y,32,SOUCI
IF,SOUCI,38.549058,-76.091875, ,0.0,0.0,2,12000,0,0,0,0,1,0
TF,SPRIG,38.427344,-76.237058,0, ,0.0,0.0,0.0,0.0,4,7000,2500,0,0,0,0,0
AF,USUYA,38.205808,-76.175372,2,NHK,122.0,12.0,53.0,2,2500,0,0,0,0,1,0

FINAL,T32-Y,32,D,4
IF,USUYA,38.205808,-76.175372,NHK,122.0,12.0,2,2500,0,0,0,0,0,0
CF,JAGOT,38.246497,-76.302353,0,NHK,122.0,5.5,302.0,6.5,2,1600,0,0,0,0,2,0
CF,EMOVE,38.256019,-76.332158,0,NHK,122.0,4.0,302.0,1.5,2,1100,0,0,0,0,0,0
CF,ZAROL,38.273544,-76.387086,0,NHK,122.0,1.2,302.0,2.8,1,226,0,0,0,0,3,0
CA,0,302.0,2,500,0,0,0,0,0,0
CF,HELEM,38.199519,-76.155789,2,NHK,122.0,13.0,122.0,13.0,2,3000,0,0,0,0,0,0
HM,HELEM,38.199519,-76.155789,2, ,0.0,0.0,302.0,08,3,7000,0,1,265,0,0,0,0

APPTR,T32-Z,32,BYNAM
IF,BYNAM,38.171808,-76.623336, ,0.0,0.0,2,2500,0,0,0,0,1,0
AF,USUYA,38.205808,-76.175372,1,NHK,122.0,12.0,247.0,2,2500,0,0,0,0,1,0

APPTR,T32-Z,32,HELEM
IF,HELEM,38.199519,-76.155789, ,0.0,0.0,2,2500,0,0,0,0,1,0
TF,USUYA,38.205808,-76.175372,0, ,0.0,0.0,0.0,0.0,2,2500,0,0,0,0,1,0

APPTR,T32-Z,32,NHK
IF,NHK,38.281047,-76.410633, ,0.0,0.0,2,2500,0,0,0,0,0,0
TF,SPRIG,38.427344,-76.237058,0, ,0.0,0.0,0.0,0.0,2,2500,0,0,0,0,1,0
AF,USUYA,38.205808,-76.175372,2,NHK,122.0,12.0,53.0,2,2500,0,0,0,0,1,0

FINAL,T32-Z,32,D,4
IF,USUYA,38.205808,-76.175372,NHK,122.0,12.0,2,2500,0,0,0,0,0,0
CF,JAGOT,38.246497,-76.302353,0,NHK,122.0,5.5,302.0,6.5,2,1600,0,0,0,0,2,0
CF,EMOVE,38.256019,-76.332158,0,NHK,122.0,4.0,302.0,1.5,2,1100,0,0,0,0,0,0
CF,ZAROL,38.273544,-76.387086,0,NHK,122.0,1.2,302.0,2.8,1,226,0,0,0,0,3,0
CA,0,302.0,2,500,0,0,0,0,0,0
CF,HELEM,38.199519,-76.155789,2,NHK,122.0,13.0,122.0,13.0,2,2500,0,0,0,0,0,0
HM,HELEM,38.199519,-76.155789,2, ,0.0,0.0,302.0,08,3,7000,0,1,265,0,0,0,0

