APPTR,T27,27,WALEY
IF,WALEY,32.565594,-117.011164, ,0.0,0.0,2,2900,0,1,90,0,1,0
TF,ZIPAD,32.565317,-117.030883,0, ,0.0,0.0,0.0,0.0,2,2300,0,0,0,0,1,0

FINAL,T27,27,D,4
IF,ZIPAD,32.565317,-117.030883,NRS,78.0,4.0,2,2300,0,1,90,0,0,0
CF,RUMGE,32.565036,-117.050600,0,NRS,78.0,3.0,258.0,1.0,2,1700,0,0,0,0,2,0
CF,CESVI,32.564550,-117.084122,0,NRS,78.0,1.3,258.0,1.7,2,720,0,0,0,0,0,0
CF,CISAV,32.564319,-117.099897,0,NRS,78.0,0.5,258.0,0.8,1,280,0,0,0,0,3,0
CF,NRS,32.564175,-117.109756,0,NRS,0.0,0.0,258.0,0.5,0,0,0,0,0,0,0,0
CF,FOLTA,32.576283,-117.167169,0,NRS,273.0,3.0,273.0,3.0,2,1800,0,1,90,0,0,0
HM,FOLTA,32.576283,-117.167169,2, ,0.0,0.0,93.0,04,3,4000,0,1,175,0,0,0,0

