APPTR,R30,30,CAROM
IF,CAROM,33.277122,-119.044033, ,0.0,0.0,2,3000,0,0,0,0,1,0
TF,TAMAY,33.101950,-119.280319,0, ,0.0,0.0,0.0,0.0,2,3000,0,0,0,0,1,0

APPTR,R30,30,TAMAY
HF,TAMAY,33.101950,-119.280319,2, ,0.0,0.0,301.0,04,2,3000,0,1,230,0,1,0,0

FINAL,R30,30,R,3
IF,TAMAY,33.101950,-119.280319, ,0.0,0.0,1,3000,0,0,0,0,0,0
TF,HILER,33.175567,-119.375208,0, ,0.0,0.0,301.0,6.5,2,2100,0,0,0,0,2,0
TF,DEYAF,33.220922,-119.433811,0, ,0.0,0.0,301.0,4.0,1,824,0,0,0,0,3,1
CA,0,301.0,2,1100,0,0,0,0,0,0
DF,TAMAY,33.101950,-119.280319,2, ,0.0,0.0,2,3000,0,0,0,0,0,1
HM,TAMAY,33.101950,-119.280319,2, ,0.0,0.0,301.0,04,3,6000,0,1,230,0,0,0,0

APPTR,T30,30,CAROM
IF,CAROM,33.277122,-119.044033, ,0.0,0.0,2,3000,0,0,0,0,1,0
TF,LAVAY,33.259272,-119.221667,0, ,0.0,0.0,0.0,0.0,2,3000,0,0,0,0,0,0
AF,WOKIL,33.128728,-119.256431,2,NSI,110.0,12.0,71.0,2,3000,0,0,0,0,1,0

APPTR,T30,30,FOBDA
IF,FOBDA,33.428614,-119.396547, ,0.0,0.0,2,3000,0,0,0,0,1,0
AF,LAVAY,33.259272,-119.221667,2,NSI,71.0,12.0,3.0,2,3000,0,0,0,0,0,0
AF,WOKIL,33.128728,-119.256431,2,NSI,110.0,12.0,71.0,2,3000,0,0,0,0,1,0

APPTR,T30,30,WOKIL
HF,WOKIL,33.128728,-119.256431,2, ,0.0,0.0,290.0,04,2,3000,0,1,230,0,1,0,0

FINAL,T30,30,D,3
IF,WOKIL,33.128728,-119.256431,NSI,110.0,12.0,2,3000,0,0,0,0,0,0
CF,ZAMER,33.186019,-119.365094,0,NSI,110.0,5.5,290.0,6.5,2,2100,0,0,0,0,2,0
CF,ZAPSU,33.221803,-119.433125,0,NSI,110.0,1.5,290.0,4.0,1,814,0,0,0,0,3,0
CA,0,290.0,2,1000,0,0,0,0,0,0
CF,LAVAY,33.259272,-119.221667,2,NSI,71.0,12.0,71.0,10.0,2,3000,0,0,0,0,0,0
AF,WOKIL,33.128728,-119.256431,2,NSI,110.0,12.0,71.0,2,3000,0,0,0,0,0,0

