SID,EPH1,17,5
VA,0,173.0,2,1805,0,0,0,0,0,0
DF,GETNG,48.425158,-119.527494,0, ,0.0,0.0,2,1900,0,1,210,0,0,0
TF,HVARD,48.292431,-119.504469,0, ,0.0,0.0,0.0,0.0,0,0,0,0,0,0,0,0
TF,EPH,47.377919,-119.424003,0, ,0.0,0.0,0.0,0.0,2,4200,0,0,0,0,0,0

APPTR,P35,35,EPH
IF,EPH,47.377919,-119.424003, ,0.0,0.0,0,0,0,0,0,0,0,0
TF,PAWYO,48.167800,-119.491667,0, ,0.0,0.0,0.0,0.0,2,6000,0,0,0,0,1,0
TF,ETORY,48.275869,-119.491439,0, ,0.0,0.0,0.0,0.0,2,5000,0,0,0,0,0,0
TF,ENUVE,48.342142,-119.501642,0, ,0.0,0.0,0.0,0.0,2,3900,0,0,0,0,0,0

FINAL,P35,35,G,3
IF,ENUVE,48.342142,-119.501642, ,0.0,0.0,2,3900,0,0,0,0,0,0
TF,WAYWE,48.358708,-119.504194,0, ,0.0,0.0,0.0,1.0,2,3600,0,0,0,0,2,0
TF,RW35,48.458097,-119.519575,0, ,0.0,0.0,0.0,6.0,1,1348,0,0,0,0,3,0
CA,0,335.0,2,1705,0,0,0,0,0,0
DF,PAWYO,48.167800,-119.491667,1, ,0.0,0.0,2,5000,0,0,0,0,0,0
HM,PAWYO,48.167800,-119.491667,2, ,0.0,0.0,158.0,05,0,0,0,0,0,0,0,0,0

APPTR,R35-M,35,KLSEY
IF,KLSEY,48.013433,-119.559919, ,0.0,0.0,0,0,0,0,0,0,1,0
TF,BATNE,48.227664,-119.574936,0, ,0.0,0.0,0.0,0.0,2,5000,0,0,0,0,1,0

FINAL,R35-M,35,R,5
IF,BATNE,48.227664,-119.574936, ,0.0,0.0,2,5000,0,0,0,0,0,0
TF,CALEE,48.309894,-119.555239,0, ,0.0,0.0,353.0,5.0,2,4700,0,0,0,0,2,0
TF,FOMTO,48.355908,-119.544189,0, ,0.0,0.0,353.0,2.8,2,3660,0,0,0,0,0,0
TF,GOOAL,48.433781,-119.525442,0, ,0.0,0.0,353.0,4.7,2,1900,0,0,0,0,0,0
TF,RW35,48.458097,-119.519575,0, ,0.0,0.0,353.0,1.5,1,1350,0,0,0,0,3,1
CA,0,353.0,2,2100,0,0,0,0,0,0
DF,PAWYO,48.167800,-119.491667,1, ,0.0,0.0,0,0,0,1,165,0,0,0
TF,KLSEY,48.013433,-119.559919,0, ,0.0,0.0,0.0,0.0,2,5000,0,0,0,0,0,1
HM,KLSEY,48.013433,-119.559919,2, ,0.0,0.0,341.0,05,0,0,0,0,0,0,0,0,0

