APPTR,I30,30,SINFO
HF,SINFO,32.859128,-84.048733,2, ,0.0,0.0,301.0,04.3,2,2600,0,0,0,0,1,0,0

FINAL,I30,30,I,3
IF,SINFO,32.859128,-84.048733,IOPN,120.8,12.9,2,2600,0,0,0,0,0,0
CF,PUMOE,32.911397,-84.165978,0,IOPN,120.8,6.2,301.0,6.7,1,2500,0,0,0,0,2,0
CF,RW30,32.951833,-84.256944,0,IOPN,120.8,1.0,301.0,5.2,1,846,0,0,0,0,3,0
CA,0,301.0,2,1500,0,0,0,0,0,0
DF,SINFO,32.859128,-84.048733,1, ,0.0,0.0,2,2600,0,0,0,0,0,1
HM,SINFO,32.859128,-84.048733,2, ,0.0,0.0,301.0,04.3,0,0,0,0,0,0,0,0,0

APPTR,R12,12,JOTER
HF,JOTER,33.055886,-84.492214,2, ,0.0,0.0,121.0,04,2,2800,0,0,0,0,1,0,0

FINAL,R12,12,R,4
IF,JOTER,33.055886,-84.492214, ,0.0,0.0,2,2800,0,0,0,0,0,0
TF,FOGES,33.003944,-84.374572,0, ,0.0,0.0,121.0,6.7,2,2700,0,0,0,0,2,0
TF,FIDLO,32.983883,-84.329242,0, ,0.0,0.0,121.0,2.6,2,1860,0,0,0,0,0,0
TF,RW12,32.958236,-84.271375,0, ,0.0,0.0,121.0,3.3,1,826,0,0,0,0,3,1
CA,0,121.0,2,1041,0,0,0,0,0,0
DF,SINFO,32.859128,-84.048733,0, ,0.0,0.0,2,2600,0,0,0,0,0,1
HM,SINFO,32.859128,-84.048733,2, ,0.0,0.0,301.0,04,0,0,0,0,0,0,0,0,0

APPTR,R30,30,SINFO
HF,SINFO,32.859128,-84.048733,2, ,0.0,0.0,301.0,04,2,2600,0,0,0,0,1,0,0

FINAL,R30,30,R,4
IF,SINFO,32.859128,-84.048733, ,0.0,0.0,2,2600,0,0,0,0,0,0
TF,PUMOE,32.911397,-84.165978,0, ,0.0,0.0,301.0,6.7,2,2500,0,0,0,0,2,0
TF,GUNHO,32.932289,-84.212950,0, ,0.0,0.0,301.0,2.7,2,1640,0,0,0,0,0,0
TF,RW30,32.951833,-84.256944,0, ,0.0,0.0,301.0,2.5,1,846,0,0,0,0,3,1
CA,0,301.0,2,996,0,0,0,0,0,0
DF,JOTER,33.055886,-84.492214,0, ,0.0,0.0,2,2800,0,0,0,0,0,1
HM,JOTER,33.055886,-84.492214,2, ,0.0,0.0,121.0,04,0,0,0,0,0,0,0,0,0

