SID,OWD5,10,1
VA,0,104.0,2,1100,0,0,0,0,0,0
VM,0,0,0,104.0,0,0,0,0,0,0,0,0

SID,OWD5,17,1
VA,0,170.0,2,450,0,0,0,0,0,0
VM,0,0,0,170.0,0,0,0,0,0,0,0,0

SID,OWD5,28,1
VA,0,284.0,2,700,0,0,0,0,0,0
VM,0,0,0,284.0,0,0,0,0,0,0,0,0

SID,OWD5,35,1
VA,0,350.0,2,450,0,0,0,0,0,0
VM,0,0,0,350.0,0,0,0,0,0,0,0,0

STAR,WOONS2,ALL,2
IF,ORW,41.556403,-71.999353, ,0.0,0.0,0,0,0,0,0,0,0,0
TF,JEWIT,41.696089,-71.825883,0, ,0.0,0.0,0.0,0.0,0,0,0,0,0,0,0,0
TF,FOSTY,41.843183,-71.642039,0, ,0.0,0.0,0.0,0.0,0,0,0,0,0,0,0,0
TF,HEFTY,41.905331,-71.563997,0, ,0.0,0.0,0.0,0.0,0,0,0,0,0,0,0,0
TF,WOONS,41.950575,-71.507039,0, ,0.0,0.0,0.0,0.0,0,0,0,0,0,0,0,0

APPTR,L35,35,BODYA
IF,BODYA,42.121653,-71.132208, ,0.0,0.0,2,2100,0,0,0,0,0,0
PI,BODYA,42.121653,-71.132208,1,MVY,215.0,10.0,170,5.0,2,2100,0,0,0,0,1,0

APPTR,L35,35,PVD
IF,PVD,41.724342,-71.429642, ,0.0,0.0,0,0,0,0,0,0,1,0
TF,CURLI,42.015289,-71.065094,0,IOWD,0.0,0.0,0.0,0.0,2,2200,0,0,0,0,1,0

FINAL,L35,35,D,4
IF,CURLI,42.015289,-71.065094,IOWD,169.8,12.0,2,2200,0,0,0,0,0,0
CF,BODYA,42.121653,-71.132208,0,IOWD,169.8,4.9,350.0,7.1,2,1400,0,0,0,0,2,0
CF,DIKEY,42.154814,-71.153183,0,IOWD,169.8,2.7,350.0,2.2,2,700,0,0,0,0,0,0
CF,RW35,42.183844,-71.171567,0,IOWD,169.8,0.8,350.0,1.9,1,87,0,0,0,0,3,0
CA,0,350.0,2,450,0,0,0,0,0,0
VI,1, ,0.0,200.0,0,0,0,0,0,0,0,0
CF,CLNNT,42.098886,-71.319528,0,BOS,239.6,21.4,240.0,4.0,2,2000,0,0,0,0,0,0
HM,CLNNT,42.098886,-71.319528,2, ,0.0,0.0,240.0,04.3,0,0,0,0,0,0,0,0,0

APPTR,R35,35,BURDY
IF,BURDY,41.955317,-70.952069, ,0.0,0.0,0,0,0,0,0,0,1,0
TF,CURLI,42.015289,-71.065094,0, ,0.0,0.0,0.0,0.0,2,3000,0,0,0,0,1,0

APPTR,R35,35,WOONS
IF,WOONS,41.950575,-71.507039, ,0.0,0.0,0,0,0,0,0,0,0,0
TF,DODNE,41.979800,-71.166225,0, ,0.0,0.0,0.0,0.0,2,3000,0,0,0,0,1,0
TF,CURLI,42.015289,-71.065094,0, ,0.0,0.0,0.0,0.0,2,3000,0,0,0,0,1,0

FINAL,R35,35,R,4
IF,CURLI,42.015289,-71.065094, ,0.0,0.0,2,3000,0,0,0,0,0,0
TF,CUPUG,42.108581,-71.123947,0, ,0.0,0.0,350.0,6.2,2,1700,0,0,0,0,2,0
TF,FIGOL,42.159708,-71.156283,0, ,0.0,0.0,350.0,3.4,2,600,0,0,0,0,0,0
TF,RW35,42.183844,-71.171567,0, ,0.0,0.0,350.0,1.6,1,87,0,0,0,0,3,1
CA,0,350.0,2,344,0,0,0,0,0,0
DF,DEGEY,42.232117,-71.202136,0, ,0.0,0.0,0,0,0,0,0,0,0,0
TF,WHYBE,42.253842,-71.416536,0, ,0.0,0.0,0.0,0.0,2,3000,0,0,0,0,0,1
HM,WHYBE,42.253842,-71.416536,2, ,0.0,0.0,268.0,04,2,3000,0,0,0,0,0,0,0

