APPTR,L32,32,ATR
IF,ATR,38.809811,-75.211322, ,0.0,0.0,0,0,0,0,0,0,0,0
TF,FEMOD,38.185456,-74.953253,0, ,0.0,0.0,0.0,0.0,2,2000,0,0,0,0,0,0
HF,FEMOD,38.185456,-74.953253,2, ,0.0,0.0,325.0,04.3,2,2000,0,0,0,0,1,0,0

FINAL,L32,32,D,4
IF,FEMOD,38.185456,-74.953253,IOXB,145.1,11.4,2,2000,0,0,0,0,0,0
CF,ELUCO,38.254506,-75.046447,0,IOXB,145.1,5.3,325.0,6.1,2,1500,0,0,0,0,2,0
CF,BENDR,38.282281,-75.084017,0,IOXB,145.1,2.9,325.0,2.4,2,720,0,0,0,0,0,0
CF,RW32,38.306419,-75.116703,0,IOXB,145.1,0.8,325.0,2.1,1,51,0,0,0,0,3,0
CA,0,325.0,2,2000,0,0,0,0,0,0
DF,ATR,38.809811,-75.211322,0, ,0.0,0.0,0,0,0,0,0,0,0,0
HM,ATR,38.809811,-75.211322,2, ,0.0,0.0,213.0,04.3,0,0,0,0,0,0,0,0,0

APPTR,R02,02,CIRAN
HF,CIRAN,38.145228,-75.230244,1, ,0.0,0.0,44.0,04,2,2000,0,0,0,0,1,0,0

APPTR,R02,02,LOWPO
IF,LOWPO,38.207083,-75.355744, ,0.0,0.0,0,0,0,0,0,0,1,0
TF,CIRAN,38.145228,-75.230244,0, ,0.0,0.0,0.0,0.0,2,2000,0,0,0,0,1,0

FINAL,R02,02,R,4
IF,CIRAN,38.145228,-75.230244, ,0.0,0.0,2,2000,0,0,0,0,0,0
TF,BECAP,38.229953,-75.162328,0, ,0.0,0.0,44.0,6.0,2,1600,0,0,0,0,2,0
TF,FLNTF,38.267550,-75.144856,0, ,0.0,0.0,32.0,2.4,2,820,0,0,0,0,0,0
TF,PSOAI,38.302394,-75.128650,0, ,0.0,0.0,32.0,2.2,1,127,0,0,0,0,3,1
CA,0,32.0,2,380,0,0,0,0,0,0
DF,CIRAN,38.145228,-75.230244,1, ,0.0,0.0,2,2000,0,0,0,0,0,1
HM,CIRAN,38.145228,-75.230244,1, ,0.0,0.0,44.0,04,0,0,0,0,0,0,0,0,0

APPTR,R14,14,OLAND
IF,OLAND,38.515719,-75.177478, ,0.0,0.0,0,0,0,0,0,0,1,0
TF,PFAIR,38.427947,-75.281797,0, ,0.0,0.0,0.0,0.0,2,2000,0,0,0,0,1,0

APPTR,R14,14,PFAIR
HF,PFAIR,38.427947,-75.281797,2, ,0.0,0.0,145.0,04,2,2000,0,0,0,0,1,0,0

APPTR,R14,14,WITRU
IF,WITRU,38.340081,-75.385864, ,0.0,0.0,0,0,0,0,0,0,1,0
TF,PFAIR,38.427947,-75.281797,0, ,0.0,0.0,0.0,0.0,2,2000,0,0,0,0,1,0

FINAL,R14,14,R,3
IF,PFAIR,38.427947,-75.281797, ,0.0,0.0,2,2000,0,0,0,0,0,0
TF,LANDY,38.352594,-75.179325,0, ,0.0,0.0,145.0,6.6,2,1500,0,0,0,0,2,0
TF,RW14,38.314067,-75.127067,0, ,0.0,0.0,145.0,3.4,1,64,0,0,0,0,3,1
CA,0,145.0,2,416,0,0,0,0,0,0
DF,PFAIR,38.427947,-75.281797,2, ,0.0,0.0,2,2000,0,0,0,0,0,1
HM,PFAIR,38.427947,-75.281797,2, ,0.0,0.0,145.0,04,0,0,0,0,0,0,0,0,0

APPTR,R32,32,ZJAAY
IF,ZJAAY,38.052764,-75.442853, ,0.0,0.0,0,0,0,0,0,0,0,0
TF,GOBYO,38.106278,-75.047408,0, ,0.0,0.0,0.0,0.0,2,2000,0,0,0,0,1,0
TF,FEMOD,38.185456,-74.953253,0, ,0.0,0.0,0.0,0.0,2,2000,0,0,0,0,1,0

FINAL,R32,32,R,3
IF,FEMOD,38.185456,-74.953253, ,0.0,0.0,2,2000,0,0,0,0,0,0
TF,ELUCO,38.254506,-75.046447,0, ,0.0,0.0,325.0,6.0,2,1500,0,0,0,0,2,0
TF,RW32,38.306419,-75.116703,0, ,0.0,0.0,325.0,4.6,1,51,0,0,0,0,3,1
CA,0,325.0,2,261,0,0,0,0,0,0
DF,PFAIR,38.427947,-75.281797,0, ,0.0,0.0,2,2000,0,0,0,0,0,1
HM,PFAIR,38.427947,-75.281797,2, ,0.0,0.0,145.0,04,0,0,0,0,0,0,0,0,0

