STAR,BDR1,ALB,1
IF,ALB,42.747281,-73.803183, ,0.0,0.0,0,0,0,0,0,0,0,0
TF,ATHOS,42.247081,-73.812100,0, ,0.0,0.0,0.0,0.0,0,0,0,0,0,0,0,0
TF,PWL,41.769772,-73.600553,0, ,0.0,0.0,0.0,0.0,0,0,0,0,0,0,0,0

STAR,BDR1,DNY,1
IF,DNY,42.178281,-74.956942, ,0.0,0.0,0,0,0,0,0,0,0,0
TF,PETER,42.205258,-74.530625,0, ,0.0,0.0,0.0,0.0,0,0,0,0,0,0,0,0
TF,CYPER,42.108992,-74.273756,0, ,0.0,0.0,0.0,0.0,0,0,0,0,0,0,0,0
TF,TRESA,41.880447,-73.818556,0, ,0.0,0.0,0.0,0.0,0,0,0,0,0,0,0,0
TF,PWL,41.769772,-73.600553,0, ,0.0,0.0,0.0,0.0,0,0,0,0,0,0,0,0

STAR,BDR1,RKA,1
IF,RKA,42.466331,-75.239228, ,0.0,0.0,0,0,0,0,0,0,0,0
TF,PETER,42.205258,-74.530625,0, ,0.0,0.0,0.0,0.0,0,0,0,0,0,0,0,0
TF,CYPER,42.108992,-74.273756,0, ,0.0,0.0,0.0,0.0,0,0,0,0,0,0,0,0
TF,TRESA,41.880447,-73.818556,0, ,0.0,0.0,0.0,0.0,0,0,0,0,0,0,0,0
TF,PWL,41.769772,-73.600553,0, ,0.0,0.0,0.0,0.0,0,0,0,0,0,0,0,0

STAR,BDR1,ALL,2
IF,PWL,41.769772,-73.600553, ,0.0,0.0,0,0,0,0,0,0,0,0
TF,LOVES,41.538789,-73.488094,0, ,0.0,0.0,0.0,0.0,0,0,0,0,0,0,0,0
TF,DENNA,41.233275,-73.193872,0, ,0.0,0.0,0.0,0.0,0,0,0,0,0,0,0,0

STAR,DENNA3,ALB,1
IF,ALB,42.747281,-73.803183, ,0.0,0.0,0,0,0,0,0,0,0,0
TF,ATHOS,42.247081,-73.812100,0, ,0.0,0.0,0.0,0.0,0,0,0,0,0,0,0,0
TF,PWL,41.769772,-73.600553,0, ,0.0,0.0,0.0,0.0,2,6000,0,0,0,0,0,0

STAR,DENNA3,DNY,1
IF,DNY,42.178281,-74.956942, ,0.0,0.0,0,0,0,0,0,0,0,0
TF,PETER,42.205258,-74.530625,0, ,0.0,0.0,0.0,0.0,3,17000,0,0,0,0,0,0
TF,ATHOS,42.247081,-73.812100,0, ,0.0,0.0,0.0,0.0,0,0,0,0,0,0,0,0
TF,PWL,41.769772,-73.600553,0, ,0.0,0.0,0.0,0.0,2,6000,0,0,0,0,0,0

STAR,DENNA3,RKA,1
IF,RKA,42.466331,-75.239228, ,0.0,0.0,0,0,0,0,0,0,0,0
TF,PETER,42.205258,-74.530625,0, ,0.0,0.0,0.0,0.0,3,17000,0,0,0,0,0,0
TF,ATHOS,42.247081,-73.812100,0, ,0.0,0.0,0.0,0.0,0,0,0,0,0,0,0,0
TF,PWL,41.769772,-73.600553,0, ,0.0,0.0,0.0,0.0,2,6000,0,0,0,0,0,0

STAR,DENNA3,ALL,2
IF,PWL,41.769772,-73.600553, ,0.0,0.0,0,0,0,0,0,0,0,0
TF,LOVES,41.538789,-73.488094,0, ,0.0,0.0,0.0,0.0,1,6000,0,0,0,0,0,0
TF,DENNA,41.233275,-73.193872,0, ,0.0,0.0,0.0,0.0,0,0,0,0,0,0,0,0

STAR,SARDI1,BRIGS,4
IF,BRIGS,39.523533,-74.138797, ,0.0,0.0,3,21000,0,0,0,0,0,0
TF,HARBO,39.607511,-74.007378,0, ,0.0,0.0,0.0,0.0,0,0,0,0,0,0,0,0
TF,DRIFT,39.814878,-73.680425,0, ,0.0,0.0,0.0,0.0,0,0,0,0,0,0,0,0
TF,MANTA,39.901947,-73.542119,0, ,0.0,0.0,0.0,0.0,0,0,0,0,0,0,0,0
TF,PLUME,40.118519,-73.285564,0, ,0.0,0.0,0.0,0.0,0,0,0,0,0,0,0,0
TF,SHERL,40.255708,-73.121739,0, ,0.0,0.0,0.0,0.0,0,0,0,0,0,0,0,0
TF,DUNEE,40.323439,-73.040572,0, ,0.0,0.0,0.0,0.0,0,0,0,0,0,0,0,0
TF,KOPPY,40.417656,-72.927356,0, ,0.0,0.0,0.0,0.0,0,0,0,0,0,0,0,0
TF,SARDI,40.524058,-72.798853,0, ,0.0,0.0,0.0,0.0,0,0,0,0,0,0,0,0

STAR,SARDI1,DUNEE,4
IF,DUNEE,40.323439,-73.040572, ,0.0,0.0,0,0,0,0,0,0,0,0
TF,KOPPY,40.417656,-72.927356,0, ,0.0,0.0,0.0,0.0,0,0,0,0,0,0,0,0
TF,SARDI,40.524058,-72.798853,0, ,0.0,0.0,0.0,0.0,0,0,0,0,0,0,0,0

STAR,SARDI1,KALDA,4
IF,KALDA,37.841961,-75.626483, ,0.0,0.0,0,0,0,0,0,0,0,0
TF,ZJAAY,38.052764,-75.442853,0, ,0.0,0.0,0.0,0.0,0,0,0,0,0,0,0,0
TF,BYSEL,38.250750,-75.281353,0, ,0.0,0.0,0.0,0.0,0,0,0,0,0,0,0,0
TF,RADDS,38.648556,-75.088467,0, ,0.0,0.0,0.0,0.0,0,0,0,0,0,0,0,0
TF,SHHAY,38.784467,-74.932061,0, ,0.0,0.0,0.0,0.0,0,0,0,0,0,0,0,0
TF,MAEVE,38.963908,-74.745700,0, ,0.0,0.0,0.0,0.0,0,0,0,0,0,0,0,0
TF,WAALK,39.141294,-74.559147,0, ,0.0,0.0,0.0,0.0,0,0,0,0,0,0,0,0
TF,JENGA,39.276669,-74.411619,0, ,0.0,0.0,0.0,0.0,0,0,0,0,0,0,0,0
TF,RAINN,39.452753,-74.217544,0, ,0.0,0.0,0.0,0.0,0,0,0,0,0,0,0,0
TF,BRIGS,39.523533,-74.138797,0, ,0.0,0.0,0.0,0.0,3,21000,0,0,0,0,0,0
TF,HARBO,39.607511,-74.007378,0, ,0.0,0.0,0.0,0.0,0,0,0,0,0,0,0,0
TF,DRIFT,39.814878,-73.680425,0, ,0.0,0.0,0.0,0.0,0,0,0,0,0,0,0,0
TF,MANTA,39.901947,-73.542119,0, ,0.0,0.0,0.0,0.0,0,0,0,0,0,0,0,0
TF,PLUME,40.118519,-73.285564,0, ,0.0,0.0,0.0,0.0,0,0,0,0,0,0,0,0
TF,SHERL,40.255708,-73.121739,0, ,0.0,0.0,0.0,0.0,0,0,0,0,0,0,0,0
TF,DUNEE,40.323439,-73.040572,0, ,0.0,0.0,0.0,0.0,0,0,0,0,0,0,0,0
TF,KOPPY,40.417656,-72.927356,0, ,0.0,0.0,0.0,0.0,0,0,0,0,0,0,0,0
TF,SARDI,40.524058,-72.798853,0, ,0.0,0.0,0.0,0.0,0,0,0,0,0,0,0,0

STAR,SARDI1,MAEVE,4
IF,MAEVE,38.963908,-74.745700, ,0.0,0.0,0,0,0,0,0,0,0,0
TF,WAALK,39.141294,-74.559147,0, ,0.0,0.0,0.0,0.0,0,0,0,0,0,0,0,0
TF,JENGA,39.276669,-74.411619,0, ,0.0,0.0,0.0,0.0,0,0,0,0,0,0,0,0
TF,RAINN,39.452753,-74.217544,0, ,0.0,0.0,0.0,0.0,0,0,0,0,0,0,0,0
TF,BRIGS,39.523533,-74.138797,0, ,0.0,0.0,0.0,0.0,3,21000,0,0,0,0,0,0
TF,HARBO,39.607511,-74.007378,0, ,0.0,0.0,0.0,0.0,0,0,0,0,0,0,0,0
TF,DRIFT,39.814878,-73.680425,0, ,0.0,0.0,0.0,0.0,0,0,0,0,0,0,0,0
TF,MANTA,39.901947,-73.542119,0, ,0.0,0.0,0.0,0.0,0,0,0,0,0,0,0,0
TF,PLUME,40.118519,-73.285564,0, ,0.0,0.0,0.0,0.0,0,0,0,0,0,0,0,0
TF,SHERL,40.255708,-73.121739,0, ,0.0,0.0,0.0,0.0,0,0,0,0,0,0,0,0
TF,DUNEE,40.323439,-73.040572,0, ,0.0,0.0,0.0,0.0,0,0,0,0,0,0,0,0
TF,KOPPY,40.417656,-72.927356,0, ,0.0,0.0,0.0,0.0,0,0,0,0,0,0,0,0
TF,SARDI,40.524058,-72.798853,0, ,0.0,0.0,0.0,0.0,0,0,0,0,0,0,0,0

STAR,SARDI1,RADDS,4
IF,RADDS,38.648556,-75.088467, ,0.0,0.0,0,0,0,0,0,0,0,0
TF,SHHAY,38.784467,-74.932061,0, ,0.0,0.0,0.0,0.0,0,0,0,0,0,0,0,0
TF,MAEVE,38.963908,-74.745700,0, ,0.0,0.0,0.0,0.0,0,0,0,0,0,0,0,0
TF,WAALK,39.141294,-74.559147,0, ,0.0,0.0,0.0,0.0,0,0,0,0,0,0,0,0
TF,JENGA,39.276669,-74.411619,0, ,0.0,0.0,0.0,0.0,0,0,0,0,0,0,0,0
TF,RAINN,39.452753,-74.217544,0, ,0.0,0.0,0.0,0.0,0,0,0,0,0,0,0,0
TF,BRIGS,39.523533,-74.138797,0, ,0.0,0.0,0.0,0.0,3,21000,0,0,0,0,0,0
TF,HARBO,39.607511,-74.007378,0, ,0.0,0.0,0.0,0.0,0,0,0,0,0,0,0,0
TF,DRIFT,39.814878,-73.680425,0, ,0.0,0.0,0.0,0.0,0,0,0,0,0,0,0,0
TF,MANTA,39.901947,-73.542119,0, ,0.0,0.0,0.0,0.0,0,0,0,0,0,0,0,0
TF,PLUME,40.118519,-73.285564,0, ,0.0,0.0,0.0,0.0,0,0,0,0,0,0,0,0
TF,SHERL,40.255708,-73.121739,0, ,0.0,0.0,0.0,0.0,0,0,0,0,0,0,0,0
TF,DUNEE,40.323439,-73.040572,0, ,0.0,0.0,0.0,0.0,0,0,0,0,0,0,0,0
TF,KOPPY,40.417656,-72.927356,0, ,0.0,0.0,0.0,0.0,0,0,0,0,0,0,0,0
TF,SARDI,40.524058,-72.798853,0, ,0.0,0.0,0.0,0.0,0,0,0,0,0,0,0,0

STAR,SARDI1,WAALK,4
IF,WAALK,39.141294,-74.559147, ,0.0,0.0,0,0,0,0,0,0,0,0
TF,JENGA,39.276669,-74.411619,0, ,0.0,0.0,0.0,0.0,0,0,0,0,0,0,0,0
TF,RAINN,39.452753,-74.217544,0, ,0.0,0.0,0.0,0.0,0,0,0,0,0,0,0,0
TF,BRIGS,39.523533,-74.138797,0, ,0.0,0.0,0.0,0.0,3,21000,0,0,0,0,0,0
TF,HARBO,39.607511,-74.007378,0, ,0.0,0.0,0.0,0.0,0,0,0,0,0,0,0,0
TF,DRIFT,39.814878,-73.680425,0, ,0.0,0.0,0.0,0.0,0,0,0,0,0,0,0,0
TF,MANTA,39.901947,-73.542119,0, ,0.0,0.0,0.0,0.0,0,0,0,0,0,0,0,0
TF,PLUME,40.118519,-73.285564,0, ,0.0,0.0,0.0,0.0,0,0,0,0,0,0,0,0
TF,SHERL,40.255708,-73.121739,0, ,0.0,0.0,0.0,0.0,0,0,0,0,0,0,0,0
TF,DUNEE,40.323439,-73.040572,0, ,0.0,0.0,0.0,0.0,0,0,0,0,0,0,0,0
TF,KOPPY,40.417656,-72.927356,0, ,0.0,0.0,0.0,0.0,0,0,0,0,0,0,0,0
TF,SARDI,40.524058,-72.798853,0, ,0.0,0.0,0.0,0.0,0,0,0,0,0,0,0,0

STAR,SARDI1,ALL,5
IF,SARDI,40.524058,-72.798853, ,0.0,0.0,0,0,0,0,0,0,0,0
TF,RICED,40.611969,-72.692183,0, ,0.0,0.0,0.0,0.0,0,0,0,0,0,0,0,0
TF,KEYED,41.014292,-72.692178,0, ,0.0,0.0,0.0,0.0,0,0,0,0,0,0,0,0
TF,LILKM,41.082128,-72.891161,0, ,0.0,0.0,0.0,0.0,0,0,0,0,0,0,0,1
FM,LILKM,41.082128,-72.891161,0,GON,0.0,0.0,308.0,0,0,0,0,0,0,0,0

APPTR,I36,36,EEGOR
IF,EEGOR,41.160817,-73.124350, ,0.0,0.0,0,0,0,0,0,0,1,0
TF,CUTMA,41.280508,-73.092625,0,IOXC,0.0,0.0,0.0,0.0,2,2600,0,0,0,0,1,0

APPTR,I36,36,HFD
IF,HFD,41.641106,-72.547417, ,0.0,0.0,0,0,0,0,0,0,0,0
TF,CUTMA,41.280508,-73.092625,0, ,0.0,0.0,0.0,0.0,2,2600,0,0,0,0,0,0
HF,CUTMA,41.280508,-73.092625,2, ,0.0,0.0,5.0,04.3,2,2600,0,0,0,0,1,0,0

APPTR,I36,36,MAD
IF,MAD,41.313861,-72.692203, ,0.0,0.0,0,0,0,0,0,0,1,0
TF,MUVGE,41.243900,-72.890442,0, ,0.0,0.0,0.0,0.0,2,2600,0,0,0,0,0,0
TF,CUTMA,41.280508,-73.092625,0,IOXC,0.0,0.0,0.0,0.0,2,2600,0,0,0,0,1,0

FINAL,I36,36,I,3
IF,CUTMA,41.280508,-73.092625,IOXC,184.8,12.6,2,2600,0,0,0,0,0,0
CF,DAAVY,41.380886,-73.114172,0,IOXC,184.8,6.5,5.0,6.1,1,2500,0,0,0,0,2,0
CF,RW36,41.471781,-73.133778,0,IOXC,184.8,1.0,5.0,5.6,1,742,0,0,0,0,3,0
VI,0, ,0.0,5.0,0,0,0,0,0,0,0,0
CF,ZATMI,41.545136,-73.149617,0,MAD,317.0,24.9,317.0,1.0,2,3000,0,0,0,0,0,0
HM,ZATMI,41.545136,-73.149617,2, ,0.0,0.0,317.0,04.3,2,3000,0,0,0,0,0,0,0

APPTR,R18,18,BISCO
IF,BISCO,41.667892,-73.023044, ,0.0,0.0,0,0,0,0,0,0,1,0
TF,WEXNO,41.649797,-73.172306,0, ,0.0,0.0,0.0,0.0,2,2900,0,0,0,0,1,0

APPTR,R18,18,PAWLN
IF,PAWLN,41.769864,-73.600733, ,0.0,0.0,0,0,0,0,0,0,0,0
TF,MOONI,41.631467,-73.322064,0, ,0.0,0.0,0.0,0.0,2,3100,0,0,0,0,1,0
TF,WEXNO,41.649797,-73.172306,0, ,0.0,0.0,0.0,0.0,2,2900,0,0,0,0,1,0

APPTR,R18,18,WEXNO
HF,WEXNO,41.649797,-73.172306,2, ,0.0,0.0,185.0,04,2,2900,0,0,0,0,1,0,0

FINAL,R18,18,R,4
IF,WEXNO,41.649797,-73.172306, ,0.0,0.0,2,2900,0,0,0,0,0,0
TF,ARQEB,41.559678,-73.152792,0, ,0.0,0.0,185.0,5.5,2,2200,0,0,0,0,2,0
TF,GICEN,41.527633,-73.145853,0, ,0.0,0.0,185.0,2.0,2,1580,0,0,0,0,0,0
TF,RW18,41.486136,-73.136881,0, ,0.0,0.0,185.0,2.5,1,777,0,0,0,0,3,1
CA,0,185.0,2,1130,0,0,0,0,0,0
DF,CUTMA,41.280508,-73.092625,0, ,0.0,0.0,2,2600,0,0,0,0,0,1
HM,CUTMA,41.280508,-73.092625,2, ,0.0,0.0,5.0,04,0,0,0,0,0,0,0,0,0

APPTR,R36,36,EEGOR
IF,EEGOR,41.160817,-73.124350, ,0.0,0.0,0,0,0,0,0,0,1,0
TF,CUTMA,41.280508,-73.092625,0, ,0.0,0.0,0.0,0.0,2,2600,0,0,0,0,1,0

APPTR,R36,36,MAD
IF,MAD,41.313861,-72.692203, ,0.0,0.0,0,0,0,0,0,0,1,0
TF,MUVGE,41.243900,-72.890442,0, ,0.0,0.0,0.0,0.0,2,2600,0,0,0,0,0,0
TF,CUTMA,41.280508,-73.092625,0, ,0.0,0.0,0.0,0.0,2,2600,0,0,0,0,1,0

APPTR,R36,36,ZATMI
IF,ZATMI,41.545136,-73.149617, ,0.0,0.0,0,0,0,0,0,0,0,0
TF,CUTMA,41.280508,-73.092625,0, ,0.0,0.0,0.0,0.0,2,2600,0,0,0,0,0,1
HF,CUTMA,41.280508,-73.092625,2, ,0.0,0.0,5.0,04,2,2600,0,0,0,0,1,0,0

FINAL,R36,36,R,4
IF,CUTMA,41.280508,-73.092625, ,0.0,0.0,2,2600,0,0,0,0,0,0
TF,DAAVY,41.380886,-73.114172,0, ,0.0,0.0,5.0,6.1,2,2500,0,0,0,0,2,0
TF,HUMOM,41.442908,-73.127544,0, ,0.0,0.0,5.0,3.8,2,1300,0,0,0,0,0,0
TF,RW36,41.471781,-73.133778,0, ,0.0,0.0,5.0,1.8,1,742,0,0,0,0,3,1
CA,0,5.0,2,971,0,0,0,0,0,0
DF,ZATMI,41.545136,-73.149617,0, ,0.0,0.0,2,3000,0,0,0,0,0,1
HM,ZATMI,41.545136,-73.149617,2, ,0.0,0.0,90.0,04,2,3000,0,0,0,0,0,0,0

