APPTR,R06-A,06,TOPEE
IF,TOPEE,34.051875,-111.185283, ,0.0,0.0,0,0,0,0,0,0,1,0
TF,OPUMY,34.073628,-111.354681,0, ,0.0,0.0,0.0,0.0,2,8600,0,0,0,0,1,0

FINAL,R06-A,06,R,3
IF,OPUMY,34.073628,-111.354681, ,0.0,0.0,2,8600,0,0,0,0,0,0
TF,MINAM,34.173561,-111.346261,0, ,0.0,0.0,352.0,6.0,2,7600,0,0,0,0,2,0
TF,EVODE,34.254503,-111.339444,0, ,0.0,0.0,352.0,4.9,1,6060,0,0,0,0,3,0
CA,0,352.0,2,6700,0,0,0,0,0,0
DF,OPUMY,34.073628,-111.354681,1, ,0.0,0.0,2,9000,0,0,0,0,0,0
TF,TOPEE,34.051875,-111.185283,0, ,0.0,0.0,0.0,0.0,0,0,0,0,0,0,0,0
HM,TOPEE,34.051875,-111.185283,1, ,0.0,0.0,214.0,04,0,0,0,0,0,0,0,0,0

APPTR,R24,24,BUHKL
IF,BUHKL,34.164864,-111.448736, ,0.0,0.0,0,0,0,0,0,0,0,0
TF,SPURZ,34.147439,-110.911833,0, ,0.0,0.0,0.0,0.0,2,10000,0,0,0,0,0,1
HF,SPURZ,34.147439,-110.911833,2, ,0.0,0.0,299.0,07,2,10000,0,0,0,0,1,0,0

APPTR,R24,24,CHPPS
IF,CHPPS,34.407972,-111.273153, ,0.0,0.0,0,0,0,0,0,0,0,0
TF,SPURZ,34.147439,-110.911833,0, ,0.0,0.0,0.0,0.0,2,10000,0,0,0,0,0,1
HF,SPURZ,34.147439,-110.911833,2, ,0.0,0.0,299.0,07,2,10000,0,0,0,0,1,0,0

FINAL,R24,24,R,6
IF,SPURZ,34.147439,-110.911833, ,0.0,0.0,2,10000,0,0,0,0,0,0
TF,HEELR,34.241733,-111.021378,0, ,0.0,0.0,304.0,7.9,2,9000,0,0,0,0,0,0
TF,PIICH,34.257675,-111.120056,0, ,0.0,0.0,269.0,5.0,2,8500,0,0,0,0,0,0
TF,BRONK,34.258256,-111.160328,0, ,0.0,0.0,259.0,2.0,2,7900,0,0,0,0,2,0
TF,STUDD,34.259228,-111.223439,0, ,0.0,0.0,259.0,3.1,2,6900,0,0,0,0,0,0
TF,ONKUE,34.260806,-111.330717,0, ,0.0,0.0,259.0,5.3,1,5196,0,0,0,0,3,1
CA,0,259.0,2,5800,0,0,0,0,0,0
DF,TOPEE,34.051875,-111.185283,1, ,0.0,0.0,2,10000,0,0,0,0,0,1
HM,TOPEE,34.051875,-111.185283,1, ,0.0,0.0,138.0,07,2,10000,0,0,0,0,0,0,0

APPTR,R24-A,24,TOPEE
IF,TOPEE,34.051875,-111.185283, ,0.0,0.0,0,0,0,0,0,0,1,0
TF,OPUMY,34.073628,-111.354681,0, ,0.0,0.0,0.0,0.0,2,8600,0,0,0,0,1,0

FINAL,R24-A,24,R,3
IF,OPUMY,34.073628,-111.354681, ,0.0,0.0,2,8600,0,0,0,0,0,0
TF,MINAM,34.173561,-111.346261,0, ,0.0,0.0,352.0,6.0,2,7600,0,0,0,0,2,0
TF,EVODE,34.254503,-111.339444,0, ,0.0,0.0,352.0,4.9,1,6060,0,0,0,0,3,0
CA,0,352.0,2,6700,0,0,0,0,0,0
DF,OPUMY,34.073628,-111.354681,1, ,0.0,0.0,2,9000,0,0,0,0,0,0
TF,TOPEE,34.051875,-111.185283,0, ,0.0,0.0,0.0,0.0,0,0,0,0,0,0,0,0
HM,TOPEE,34.051875,-111.185283,1, ,0.0,0.0,214.0,04,0,0,0,0,0,0,0,0,0

