APPTR,R35,35,ALDER
IF,ALDER,46.821561,-122.414219, ,0.0,0.0,0,0,0,0,0,0,1,0
TF,ARWEL,46.927433,-122.289997,0, ,0.0,0.0,0.0,0.0,2,3800,0,0,0,0,1,0

APPTR,R35,35,ARWEL
HF,ARWEL,46.927433,-122.289997,1, ,0.0,0.0,360.0,04,1,3800,0,0,0,0,1,0,0

APPTR,R35,35,HULKI
IF,HULKI,46.925742,-122.412236, ,0.0,0.0,0,0,0,0,0,0,1,0
TF,ARWEL,46.927433,-122.289997,0, ,0.0,0.0,0.0,0.0,2,3800,0,0,0,0,1,0

APPTR,R35,35,TREWS
IF,TREWS,46.926000,-122.181806, ,0.0,0.0,0,0,0,0,0,0,1,0
TF,ARWEL,46.927433,-122.289997,0, ,0.0,0.0,0.0,0.0,2,3800,0,0,0,0,1,0

FINAL,R35,35,R,4
IF,ARWEL,46.927433,-122.289997, ,0.0,0.0,2,3800,0,0,0,0,0,0
TF,BANFO,47.004158,-122.288761,0, ,0.0,0.0,346.0,4.6,2,2400,0,0,0,0,2,0
TF,PULLI,47.048944,-122.288072,0, ,0.0,0.0,346.0,2.7,2,1540,0,0,0,0,0,0
TF,RW35,47.098919,-122.287278,0, ,0.0,0.0,346.0,3.0,1,588,0,0,0,0,3,1
CA,0,346.0,2,2000,0,0,0,0,0,0
DF,ARWEL,46.927433,-122.289997,1, ,0.0,0.0,2,3800,0,0,0,0,0,1
HM,ARWEL,46.927433,-122.289997,1, ,0.0,0.0,360.0,04,0,0,0,0,0,0,0,0,0

