SID,CATH1,13L,1
VA,0,130.0,2,880,0,0,0,0,0,0
VR,0,PSP,176.0,100.0,0,0,0,0,0,0,0,0
VI,0, ,0.0,40.0,0,0,0,0,0,0,0,0
CF,EMRUD,33.794086,-116.251575,0,PSP,104.0,10.0,104.0,6.0,0,0,0,0,0,0,0,1
DF,PSP,33.870014,-116.429772,2, ,0.0,0.0,0,0,0,0,0,0,0,0

SID,CATH1,13R,1
VA,0,130.0,2,880,0,0,0,0,0,0
VR,0,PSP,176.0,100.0,0,0,0,0,0,0,0,0
VI,0, ,0.0,40.0,0,0,0,0,0,0,0,0
CF,EMRUD,33.794086,-116.251575,0,PSP,104.0,10.0,104.0,6.0,0,0,0,0,0,0,0,1
DF,PSP,33.870014,-116.429772,2, ,0.0,0.0,0,0,0,0,0,0,0,0

SID,CATH1,31L,1
VR,0,PSP,268.0,310.0,0,0,0,0,0,0,0,0
DF,PSP,33.870014,-116.429772,2, ,0.0,0.0,0,0,0,0,0,0,0,0
TF,EMRUD,33.794086,-116.251575,0, ,0.0,0.0,0.0,0.0,0,0,0,0,0,0,0,1
DF,PSP,33.870014,-116.429772,2, ,0.0,0.0,0,0,0,0,0,0,0,0

SID,CATH1,31R,1
VR,0,PSP,268.0,310.0,0,0,0,0,0,0,0,0
DF,PSP,33.870014,-116.429772,2, ,0.0,0.0,0,0,0,0,0,0,0,0
TF,EMRUD,33.794086,-116.251575,0, ,0.0,0.0,0.0,0.0,0,0,0,0,0,0,0,1
DF,PSP,33.870014,-116.429772,2, ,0.0,0.0,0,0,0,0,0,0,0,0

SID,HWRRD1,31L,4
VA,0,310.0,2,977,0,0,0,0,0,0
DF,FYTNN,33.910056,-116.576786,0, ,0.0,0.0,2,2600,0,1,230,0,0,0

SID,HWRRD1,31R,4
VA,0,310.0,2,977,0,0,0,0,0,0
DF,FYTNN,33.910056,-116.576786,0, ,0.0,0.0,2,2600,0,1,230,0,0,0

SID,HWRRD1,ALL,5
IF,FYTNN,33.910056,-116.576786, ,0.0,0.0,2,2600,0,1,230,0,0,0
TF,EYRSH,33.968247,-116.512367,0, ,0.0,0.0,0.0,0.0,3,9000,0,0,0,0,0,0
TF,HWRRD,33.948575,-116.417711,0, ,0.0,0.0,0.0,0.0,2,7000,0,0,0,0,0,0

SID,HWRRD1,BLH,6
IF,HWRRD,33.948575,-116.417711, ,0.0,0.0,2,7000,0,0,0,0,0,0
TF,EMRUD,33.794086,-116.251575,0, ,0.0,0.0,0.0,0.0,3,15000,0,0,0,0,0,0
TF,TEEGE,33.702733,-115.932883,0, ,0.0,0.0,0.0,0.0,3,19000,0,0,0,0,0,0
TF,BLH,33.596064,-114.761272,0, ,0.0,0.0,0.0,0.0,0,0,0,0,0,0,0,0

SID,HWRRD1,EED,6
IF,HWRRD,33.948575,-116.417711, ,0.0,0.0,2,7000,0,0,0,0,0,0
TF,MYKUL,33.969928,-116.156328,0, ,0.0,0.0,0.0,0.0,0,0,0,0,0,0,0,0
TF,FUSBL,34.002297,-115.859097,0, ,0.0,0.0,0.0,0.0,2,16000,0,0,0,0,0,0
TF,DWGHT,34.054592,-115.368817,0, ,0.0,0.0,0.0,0.0,0,0,0,0,0,0,0,0
TF,EMPRR,34.173478,-115.221033,0, ,0.0,0.0,0.0,0.0,2,23000,0,0,0,0,0,0
TF,EED,34.766003,-114.474103,0, ,0.0,0.0,0.0,0.0,0,0,0,0,0,0,0,0

SID,HWRRD1,FUSBL,6
IF,HWRRD,33.948575,-116.417711, ,0.0,0.0,2,7000,0,0,0,0,0,0
TF,MYKUL,33.969928,-116.156328,0, ,0.0,0.0,0.0,0.0,0,0,0,0,0,0,0,0
TF,FUSBL,34.002297,-115.859097,0, ,0.0,0.0,0.0,0.0,2,16000,0,0,0,0,0,0

SID,HWRRD1,TRM,6
IF,HWRRD,33.948575,-116.417711, ,0.0,0.0,2,7000,0,0,0,0,0,0
TF,EMRUD,33.794086,-116.251575,0, ,0.0,0.0,0.0,0.0,3,15000,0,0,0,0,0,0
TF,TRM,33.628097,-116.160194,0, ,0.0,0.0,0.0,0.0,0,0,0,0,0,0,0,0

SID,HWRRD1,ZELMA,6
IF,HWRRD,33.948575,-116.417711, ,0.0,0.0,2,7000,0,0,0,0,0,0
TF,MYKUL,33.969928,-116.156328,0, ,0.0,0.0,0.0,0.0,0,0,0,0,0,0,0,0
TF,FUSBL,34.002297,-115.859097,0, ,0.0,0.0,0.0,0.0,2,16000,0,0,0,0,0,0
TF,PELLU,34.127389,-115.619172,0, ,0.0,0.0,0.0,0.0,0,0,0,0,0,0,0,0
TF,JOTNU,34.325864,-115.529525,0, ,0.0,0.0,0.0,0.0,0,0,0,0,0,0,0,0
TF,ZELMA,34.783331,-115.329864,0, ,0.0,0.0,0.0,0.0,0,0,0,0,0,0,0,0

SID,IKONE1,13L,4
VA,0,130.0,2,977,0,0,0,0,0,0
VM,0,0,0,110.0,0,0,0,0,0,0,0,0

SID,IKONE1,13R,4
VA,0,130.0,2,977,0,0,0,0,0,0
VM,0,0,0,110.0,0,0,0,0,0,0,0,0

SID,IKONE1,ALL,5
IF,MYKUL,33.969928,-116.156328, ,0.0,0.0,2,9000,0,0,0,0,0,0
TF,IKONE,33.985175,-116.017042,0, ,0.0,0.0,0.0,0.0,0,0,0,0,0,0,0,0

SID,IKONE1,EED,6
IF,IKONE,33.985175,-116.017042, ,0.0,0.0,0,0,0,0,0,0,0,0
TF,FUSBL,34.002297,-115.859097,0, ,0.0,0.0,0.0,0.0,2,16000,0,0,0,0,0,0
TF,DWGHT,34.054592,-115.368817,0, ,0.0,0.0,0.0,0.0,0,0,0,0,0,0,0,0
TF,EMPRR,34.173478,-115.221033,0, ,0.0,0.0,0.0,0.0,2,23000,0,0,0,0,0,0
TF,EED,34.766003,-114.474103,0, ,0.0,0.0,0.0,0.0,0,0,0,0,0,0,0,0

SID,IKONE1,FUSBL,6
IF,IKONE,33.985175,-116.017042, ,0.0,0.0,0,0,0,0,0,0,0,0
TF,FUSBL,34.002297,-115.859097,0, ,0.0,0.0,0.0,0.0,2,16000,0,0,0,0,0,0

SID,IKONE1,ZELMA,6
IF,IKONE,33.985175,-116.017042, ,0.0,0.0,0,0,0,0,0,0,0,0
TF,FUSBL,34.002297,-115.859097,0, ,0.0,0.0,0.0,0.0,2,16000,0,0,0,0,0,0
TF,PELLU,34.127389,-115.619172,0, ,0.0,0.0,0.0,0.0,0,0,0,0,0,0,0,0
TF,JOTNU,34.325864,-115.529525,0, ,0.0,0.0,0.0,0.0,0,0,0,0,0,0,0,0
TF,ZELMA,34.783331,-115.329864,0, ,0.0,0.0,0.0,0.0,0,0,0,0,0,0,0,0

SID,JEEON1,13L,4
VA,0,130.0,2,977,0,0,0,0,0,0
DF,KAIMI,33.756786,-116.369775,0, ,0.0,0.0,3,6000,0,0,0,0,0,0

SID,JEEON1,13R,4
VA,0,130.0,2,977,0,0,0,0,0,0
DF,KAIMI,33.756786,-116.369775,0, ,0.0,0.0,3,6000,0,0,0,0,0,0

SID,JEEON1,ALL,5
IF,KAIMI,33.756786,-116.369775, ,0.0,0.0,3,6000,0,0,0,0,0,0
TF,JEEON,33.745717,-116.307017,0, ,0.0,0.0,0.0,0.0,2,4200,0,0,0,0,0,0

SID,JEEON1,BLH,6
IF,JEEON,33.745717,-116.307017, ,0.0,0.0,2,4200,0,0,0,0,0,0
TF,TEEGE,33.702733,-115.932883,0, ,0.0,0.0,0.0,0.0,2,11000,0,0,0,0,0,0
TF,BLH,33.596064,-114.761272,0, ,0.0,0.0,0.0,0.0,0,0,0,0,0,0,0,0

SID,JEEON1,TRM,6
IF,JEEON,33.745717,-116.307017, ,0.0,0.0,2,4200,0,0,0,0,0,0
TF,TRM,33.628097,-116.160194,0, ,0.0,0.0,0.0,0.0,0,0,0,0,0,0,0,0

SID,LGANN1,13L,4
VA,0,130.0,2,977,0,0,0,0,0,0
VM,0,0,0,110.0,0,0,0,0,0,0,0,0
DF,YUCCA,34.103494,-116.520969,0, ,0.0,0.0,2,8000,0,0,0,0,0,0

SID,LGANN1,13R,4
VA,0,130.0,2,977,0,0,0,0,0,0
VM,0,0,0,110.0,0,0,0,0,0,0,0,0
DF,YUCCA,34.103494,-116.520969,0, ,0.0,0.0,2,8000,0,0,0,0,0,0

SID,LGANN1,ALL,5
IF,YUCCA,34.103494,-116.520969, ,0.0,0.0,2,8000,0,0,0,0,0,0
TF,LGANN,34.317764,-116.605147,0, ,0.0,0.0,0.0,0.0,0,0,0,0,0,0,0,0

SID,LGANN1,PMD,6
IF,LGANN,34.317764,-116.605147, ,0.0,0.0,0,0,0,0,0,0,0,0
TF,SOGGI,34.502997,-116.678275,0, ,0.0,0.0,0.0,0.0,0,0,0,0,0,0,0,0
TF,APLES,34.548467,-117.149483,0, ,0.0,0.0,0.0,0.0,0,0,0,0,0,0,0,0
TF,PMD,34.631397,-118.063822,0, ,0.0,0.0,0.0,0.0,0,0,0,0,0,0,0,0

SID,TRM6,13L,1
VA,0,130.0,2,877,0,0,0,0,0,0
VI,0, ,0.0,75.0,0,0,0,0,0,0,0,0
CF,TRM,33.628097,-116.160194,0,TRM,0.0,0.0,124.0,15.0,0,0,0,0,0,0,0,0

SID,TRM6,13R,1
VA,0,130.0,2,877,0,0,0,0,0,0
VI,0, ,0.0,75.0,0,0,0,0,0,0,0,0
CF,TRM,33.628097,-116.160194,0,TRM,0.0,0.0,124.0,15.0,0,0,0,0,0,0,0,0

SID,TRM6,31L,1
VA,0,310.0,2,877,0,0,0,0,0,0
VI,2, ,0.0,90.0,0,0,0,0,0,0,0,0
CF,TRM,33.628097,-116.160194,0,TRM,0.0,0.0,124.0,20.0,0,0,0,0,0,0,0,0

SID,TRM6,31R,1
VA,0,310.0,2,877,0,0,0,0,0,0
VI,2, ,0.0,90.0,0,0,0,0,0,0,0,0
CF,TRM,33.628097,-116.160194,0,TRM,0.0,0.0,124.0,20.0,0,0,0,0,0,0,0,0

SID,YUCCA1,31L,4
VA,0,310.0,2,977,0,0,0,0,0,0
DF,FYTNN,33.910056,-116.576786,0, ,0.0,0.0,2,2900,0,1,230,0,0,0

SID,YUCCA1,31R,4
VA,0,310.0,2,977,0,0,0,0,0,0
DF,FYTNN,33.910056,-116.576786,0, ,0.0,0.0,2,2900,0,1,230,0,0,0

SID,YUCCA1,ALL,5
IF,FYTNN,33.910056,-116.576786, ,0.0,0.0,2,2900,0,1,230,0,0,0
TF,EYRSH,33.968247,-116.512367,0, ,0.0,0.0,0.0,0.0,3,9000,0,0,0,0,0,0
TF,YUCCA,34.103494,-116.520969,0, ,0.0,0.0,0.0,0.0,2,8500,0,0,0,0,0,0

SID,YUCCA1,PMD,6
IF,YUCCA,34.103494,-116.520969, ,0.0,0.0,2,8500,0,0,0,0,0,0
TF,LGANN,34.317764,-116.605147,0, ,0.0,0.0,0.0,0.0,0,0,0,0,0,0,0,0
TF,SOGGI,34.502997,-116.678275,0, ,0.0,0.0,0.0,0.0,0,0,0,0,0,0,0,0
TF,APLES,34.548467,-117.149483,0, ,0.0,0.0,0.0,0.0,0,0,0,0,0,0,0,0
TF,PMD,34.631397,-118.063822,0, ,0.0,0.0,0.0,0.0,0,0,0,0,0,0,0,0

STAR,CLOWD1,BLH,1
IF,BLH,33.596064,-114.761272, ,0.0,0.0,0,0,0,0,0,0,0,0
TF,DECAS,33.823592,-115.456611,0, ,0.0,0.0,0.0,0.0,0,0,0,0,0,0,0,0
TF,UBABE,33.915453,-115.741906,0, ,0.0,0.0,0.0,0.0,0,0,0,0,0,0,0,0
TF,CLOWD,33.902803,-115.939406,0, ,0.0,0.0,0.0,0.0,0,0,0,0,0,0,0,0

STAR,CLOWD1,DECAS,1
IF,DECAS,33.823592,-115.456611, ,0.0,0.0,0,0,0,0,0,0,0,0
TF,UBABE,33.915453,-115.741906,0, ,0.0,0.0,0.0,0.0,0,0,0,0,0,0,0,0
TF,CLOWD,33.902803,-115.939406,0, ,0.0,0.0,0.0,0.0,0,0,0,0,0,0,0,0

STAR,CLOWD1,EED,1
IF,EED,34.766003,-114.474103, ,0.0,0.0,0,0,0,0,0,0,0,0
TF,UBABE,33.915453,-115.741906,0, ,0.0,0.0,0.0,0.0,0,0,0,0,0,0,0,0
TF,CLOWD,33.902803,-115.939406,0, ,0.0,0.0,0.0,0.0,0,0,0,0,0,0,0,0

STAR,CLOWD1,GFS,1
IF,GFS,35.131144,-115.176442, ,0.0,0.0,0,0,0,0,0,0,0,0
TF,ZELMA,34.783331,-115.329864,0, ,0.0,0.0,0.0,0.0,0,0,0,0,0,0,0,0
TF,JOTNU,34.325864,-115.529525,0, ,0.0,0.0,0.0,0.0,0,0,0,0,0,0,0,0
TF,TNP,34.112233,-115.769906,0, ,0.0,0.0,0.0,0.0,0,0,0,0,0,0,0,0
TF,CLOWD,33.902803,-115.939406,0, ,0.0,0.0,0.0,0.0,0,0,0,0,0,0,0,0

STAR,CLOWD1,ALL,2
IF,CLOWD,33.902803,-115.939406, ,0.0,0.0,0,0,0,0,0,0,0,0
TF,TRM,33.628097,-116.160194,0, ,0.0,0.0,0.0,0.0,0,0,0,0,0,0,0,0

STAR,RDBUL1,CURIV,4
IF,CURIV,33.773047,-114.544064, ,0.0,0.0,0,0,0,0,0,0,0,0
TF,TUUNE,33.958994,-115.121367,0, ,0.0,0.0,0.0,0.0,4,23000,17000,0,0,0,0,0
TF,BRRAP,33.878419,-115.614850,0, ,0.0,0.0,0.0,0.0,4,15000,10000,0,0,0,0,0
TF,RDBUL,33.878258,-115.959658,0, ,0.0,0.0,0.0,0.0,4,9000,8000,0,0,0,0,0

STAR,RDBUL1,PKE,4
IF,PKE,34.101972,-114.682067, ,0.0,0.0,0,0,0,0,0,0,0,0
TF,TUUNE,33.958994,-115.121367,0, ,0.0,0.0,0.0,0.0,4,23000,17000,0,0,0,0,0
TF,BRRAP,33.878419,-115.614850,0, ,0.0,0.0,0.0,0.0,4,15000,10000,0,0,0,0,0
TF,RDBUL,33.878258,-115.959658,0, ,0.0,0.0,0.0,0.0,4,9000,8000,0,0,0,0,0

STAR,RDBUL1,YORRK,4
IF,YORRK,34.867564,-113.932817, ,0.0,0.0,0,0,0,0,0,0,0,0
TF,DYNAN,34.625122,-114.202028,0, ,0.0,0.0,0.0,0.0,3,28000,0,0,0,0,0,0
TF,BURBL,34.172211,-114.829714,0, ,0.0,0.0,0.0,0.0,2,23000,0,0,0,0,0,0
TF,TUUNE,33.958994,-115.121367,0, ,0.0,0.0,0.0,0.0,4,23000,17000,0,0,0,0,0
TF,BRRAP,33.878419,-115.614850,0, ,0.0,0.0,0.0,0.0,4,15000,10000,0,0,0,0,0
TF,RDBUL,33.878258,-115.959658,0, ,0.0,0.0,0.0,0.0,4,9000,8000,0,0,0,0,0

STAR,RDBUL1,ZELMA,4
IF,ZELMA,34.783331,-115.329864, ,0.0,0.0,0,0,0,0,0,0,0,0
TF,JOTNU,34.325864,-115.529525,0, ,0.0,0.0,0.0,0.0,0,0,0,0,0,0,0,0
TF,TNP,34.112233,-115.769906,0, ,0.0,0.0,0.0,0.0,4,15000,10000,0,0,0,0,0
TF,RDBUL,33.878258,-115.959658,0, ,0.0,0.0,0.0,0.0,4,9000,8000,0,0,0,0,0

STAR,RDBUL1,13L,6
IF,RDBUL,33.878258,-115.959658, ,0.0,0.0,4,9000,8000,0,0,0,0,0
TF,YAGUS,33.861964,-116.156464,0, ,0.0,0.0,0.0,0.0,1,8000,0,1,230,0,0,1
FM,YAGUS,33.861964,-116.156464,0,PSP,0.0,0.0,259.0,0,0,0,0,0,0,0,0

STAR,RDBUL1,13R,6
IF,RDBUL,33.878258,-115.959658, ,0.0,0.0,4,9000,8000,0,0,0,0,0
TF,YAGUS,33.861964,-116.156464,0, ,0.0,0.0,0.0,0.0,1,8000,0,1,230,0,0,1
FM,YAGUS,33.861964,-116.156464,0,PSP,0.0,0.0,259.0,0,0,0,0,0,0,0,0

STAR,RDBUL1,31L,6
IF,RDBUL,33.878258,-115.959658, ,0.0,0.0,4,9000,8000,0,0,0,0,0
TF,MERCK,33.816425,-116.080411,0, ,0.0,0.0,0.0,0.0,1,8000,0,1,230,0,0,1
FM,MERCK,33.816425,-116.080411,0,PSP,0.0,0.0,238.0,0,0,0,0,0,0,0,0

STAR,RDBUL1,31R,6
IF,RDBUL,33.878258,-115.959658, ,0.0,0.0,4,9000,8000,0,0,0,0,0
TF,MERCK,33.816425,-116.080411,0, ,0.0,0.0,0.0,0.0,1,8000,0,1,230,0,0,1
FM,MERCK,33.816425,-116.080411,0,PSP,0.0,0.0,238.0,0,0,0,0,0,0,0,0

STAR,SBONO1,BLH,1
IF,BLH,33.596064,-114.761272, ,0.0,0.0,0,0,0,0,0,0,0,0
TF,DECAS,33.823592,-115.456611,0, ,0.0,0.0,0.0,0.0,0,0,0,0,0,0,0,0
TF,UBABE,33.915453,-115.741906,0, ,0.0,0.0,0.0,0.0,0,0,0,0,0,0,0,0
TF,CLOWD,33.902803,-115.939406,0, ,0.0,0.0,0.0,0.0,0,0,0,0,0,0,0,0
TF,SBONO,33.893575,-116.080392,0, ,0.0,0.0,0.0,0.0,0,0,0,0,0,0,0,0

STAR,SBONO1,DECAS,1
IF,DECAS,33.823592,-115.456611, ,0.0,0.0,0,0,0,0,0,0,0,0
TF,UBABE,33.915453,-115.741906,0, ,0.0,0.0,0.0,0.0,0,0,0,0,0,0,0,0
TF,CLOWD,33.902803,-115.939406,0, ,0.0,0.0,0.0,0.0,0,0,0,0,0,0,0,0
TF,SBONO,33.893575,-116.080392,0, ,0.0,0.0,0.0,0.0,0,0,0,0,0,0,0,0

STAR,SBONO1,EED,1
IF,EED,34.766003,-114.474103, ,0.0,0.0,0,0,0,0,0,0,0,0
TF,UBABE,33.915453,-115.741906,0, ,0.0,0.0,0.0,0.0,0,0,0,0,0,0,0,0
TF,CLOWD,33.902803,-115.939406,0, ,0.0,0.0,0.0,0.0,0,0,0,0,0,0,0,0
TF,SBONO,33.893575,-116.080392,0, ,0.0,0.0,0.0,0.0,0,0,0,0,0,0,0,0

STAR,SBONO1,GFS,1
IF,GFS,35.131144,-115.176442, ,0.0,0.0,0,0,0,0,0,0,0,0
TF,ZELMA,34.783331,-115.329864,0, ,0.0,0.0,0.0,0.0,0,0,0,0,0,0,0,0
TF,JOTNU,34.325864,-115.529525,0, ,0.0,0.0,0.0,0.0,0,0,0,0,0,0,0,0
TF,TNP,34.112233,-115.769906,0, ,0.0,0.0,0.0,0.0,0,0,0,0,0,0,0,0
TF,CLOWD,33.902803,-115.939406,0, ,0.0,0.0,0.0,0.0,0,0,0,0,0,0,0,0
TF,SBONO,33.893575,-116.080392,0, ,0.0,0.0,0.0,0.0,0,0,0,0,0,0,0,0

STAR,SBONO1,ALL,2
IF,SBONO,33.893575,-116.080392, ,0.0,0.0,0,0,0,0,0,0,0,0

STAR,SIZLR4,CLASN,4
IF,CLASN,35.659833,-119.502417, ,0.0,0.0,0,0,0,0,0,0,0,0
TF,MURDY,35.316278,-119.040167,0, ,0.0,0.0,0.0,0.0,0,0,0,0,0,0,0,0
TF,GLRNO,34.780833,-118.336417,0, ,0.0,0.0,0.0,0.0,2,24000,0,0,0,0,0,0
TF,SIZLR,34.579286,-118.024836,0, ,0.0,0.0,0.0,0.0,4,23000,20000,0,0,0,0,0

STAR,SIZLR4,GLRNO,4
IF,GLRNO,34.780833,-118.336417, ,0.0,0.0,2,24000,0,0,0,0,0,0
TF,SIZLR,34.579286,-118.024836,0, ,0.0,0.0,0.0,0.0,4,23000,20000,0,0,0,0,0

STAR,SIZLR4,MURDY,4
IF,MURDY,35.316278,-119.040167, ,0.0,0.0,0,0,0,0,0,0,0,0
TF,GLRNO,34.780833,-118.336417,0, ,0.0,0.0,0.0,0.0,2,24000,0,0,0,0,0,0
TF,SIZLR,34.579286,-118.024836,0, ,0.0,0.0,0.0,0.0,4,23000,20000,0,0,0,0,0

STAR,SIZLR4,OYVEY,4
IF,OYVEY,35.799722,-118.922500, ,0.0,0.0,0,0,0,0,0,0,0,0
TF,SOSHA,35.605000,-118.884167,0, ,0.0,0.0,0.0,0.0,0,0,0,0,0,0,0,0
TF,KARNY,35.403194,-118.844167,0, ,0.0,0.0,0.0,0.0,0,0,0,0,0,0,0,0
TF,RABBL,35.179444,-118.660767,0, ,0.0,0.0,0.0,0.0,0,0,0,0,0,0,0,0
TF,GLRNO,34.780833,-118.336417,0, ,0.0,0.0,0.0,0.0,2,24000,0,0,0,0,0,0
TF,SIZLR,34.579286,-118.024836,0, ,0.0,0.0,0.0,0.0,4,23000,20000,0,0,0,0,0

STAR,SIZLR4,SOSHA,4
IF,SOSHA,35.605000,-118.884167, ,0.0,0.0,0,0,0,0,0,0,0,0
TF,KARNY,35.403194,-118.844167,0, ,0.0,0.0,0.0,0.0,0,0,0,0,0,0,0,0
TF,RABBL,35.179444,-118.660767,0, ,0.0,0.0,0.0,0.0,0,0,0,0,0,0,0,0
TF,GLRNO,34.780833,-118.336417,0, ,0.0,0.0,0.0,0.0,2,24000,0,0,0,0,0,0
TF,SIZLR,34.579286,-118.024836,0, ,0.0,0.0,0.0,0.0,4,23000,20000,0,0,0,0,0

STAR,SIZLR4,ALL,5
IF,SIZLR,34.579286,-118.024836, ,0.0,0.0,4,23000,20000,0,0,0,0,0
TF,MXIMO,34.446278,-117.700358,0, ,0.0,0.0,0.0,0.0,3,19000,0,0,0,0,0,0
TF,HITOP,34.299639,-117.342550,0, ,0.0,0.0,0.0,0.0,1,16000,0,0,0,0,0,0
TF,CURKO,34.171994,-117.067069,0, ,0.0,0.0,0.0,0.0,1,16000,0,1,280,0,0,0
TF,GEBEE,34.094278,-116.904250,0, ,0.0,0.0,0.0,0.0,1,15000,0,0,0,0,0,0
TF,MORON,34.033547,-116.774350,0, ,0.0,0.0,0.0,0.0,1,14000,0,0,0,0,0,0
TF,FERNN,33.972817,-116.547053,0, ,0.0,0.0,0.0,0.0,1,11000,0,0,0,0,0,1
FM,FERNN,33.972817,-116.547053,0,PSP,0.0,0.0,124.0,0,0,0,0,0,0,0,0

APPTR,R13RZ,13R,FERNN
IF,FERNN,33.972817,-116.547053, ,0.0,0.0,1,11000,0,0,0,0,1,0
TF,JAXIT,33.831931,-116.453753,0, ,0.0,0.0,0.0,0.0,2,8000,0,1,210,0,0,0
RF,HIVUE,33.821386,-116.356567,1,CFJTH,-6.4,3.0,2,7000,0,0,0,0,0,0
RF,GOLFY,33.883122,-116.348831,1,CFJTH,295.1,3.0,2,5000,0,0,0,0,0,0
RF,SCOTR,33.905069,-116.383342,1,CFJTH,133.8,3.0,2,5000,0,0,0,0,1,0

APPTR,R13RZ,13R,TRM
IF,TRM,33.628097,-116.160194, ,0.0,0.0,0,0,0,0,0,0,1,0
TF,GOLFY,33.883122,-116.348831,0, ,0.0,0.0,0.0,0.0,2,5000,0,0,0,0,0,0
RF,SCOTR,33.905069,-116.383342,1,CFJTH,90.5,3.0,2,5000,0,0,0,0,1,0

APPTR,R13RZ,13R,YAGUS
IF,YAGUS,33.861964,-116.156464, ,0.0,0.0,1,8000,0,1,230,0,1,0
TF,WHITS,33.874575,-116.220764,0, ,0.0,0.0,0.0,0.0,2,7000,0,0,0,0,0,0
TF,VARYS,33.884489,-116.271442,0, ,0.0,0.0,0.0,0.0,2,6600,0,0,0,0,0,0
TF,SCOTR,33.905069,-116.383342,0, ,0.0,0.0,0.0,0.0,2,5000,0,0,0,0,1,0

FINAL,R13RZ,13R,R,5
IF,SCOTR,33.905069,-116.383342, ,0.0,0.0,2,5000,0,0,0,0,0,0
TF,GERTL,33.936958,-116.513483,0, ,0.0,0.0,273.0,6.8,2,2800,0,1,200,0,0,0
RF,LATZY,33.914311,-116.563197,1,CFLHD,157.6,2.0,2,2300,0,0,0,0,2,0
RF,HUGSO,33.884983,-116.556906,1,CFRGD,131.2,2.0,0,0,0,0,0,0,0,0
TF,RW13R,33.834064,-116.511556,0, ,0.0,0.0,130.0,3.8,1,501,0,0,0,0,3,1
CA,0,130.0,2,900,0,0,0,0,0,0
DF,TRM,33.628097,-116.160194,0, ,0.0,0.0,2,4000,0,0,0,0,0,1
HM,TRM,33.628097,-116.160194,2, ,0.0,0.0,310.0,04,0,0,0,0,0,0,0,0,0

APPTR,R31LY,31L,FERNN
IF,FERNN,33.972817,-116.547053, ,0.0,0.0,1,11000,0,0,0,0,1,0
TF,PSP,33.870014,-116.429772,0, ,0.0,0.0,0.0,0.0,2,9000,0,1,230,0,0,0
TF,AJETY,33.840575,-116.352086,0, ,0.0,0.0,0.0,0.0,2,8000,0,0,0,0,1,0
TF,EVALY,33.807828,-116.265872,0, ,0.0,0.0,0.0,0.0,2,7000,0,0,0,0,0,0
RF,FIMID,33.779797,-116.235586,2,CFRGN,187.4,2.8,2,6000,0,0,0,0,0,0
RF,GLEER,33.724283,-116.259597,2,CFRGN,253.7,2.8,2,5000,0,0,0,0,0,0
RF,HAXIS,33.718447,-116.361678,2,CFVWN,281.6,5.5,2,3500,0,0,0,0,0,0
TF,IPOGE,33.738944,-116.417217,0, ,0.0,0.0,0.0,0.0,2,2500,0,1,190,0,0,0
RF,JOKEM,33.746439,-116.428858,2,CFMGR,64.0,1.5,2,2300,0,0,0,0,0,0

APPTR,R31LY,31L,MERCK
IF,MERCK,33.816425,-116.080411, ,0.0,0.0,1,8000,0,1,230,0,1,0
TF,BULKE,33.789314,-116.133228,0, ,0.0,0.0,0.0,0.0,2,6600,0,0,0,0,0,0
TF,DIMMO,33.757364,-116.195372,0, ,0.0,0.0,0.0,0.0,2,5000,0,0,0,0,1,0
TF,GLEER,33.724283,-116.259597,0, ,0.0,0.0,0.0,0.0,2,5000,0,0,0,0,0,0
RF,HAXIS,33.718447,-116.361678,2,CFVWN,281.6,5.5,2,3500,0,0,0,0,0,0
TF,IPOGE,33.738944,-116.417217,0, ,0.0,0.0,0.0,0.0,2,2500,0,1,190,0,0,0
RF,JOKEM,33.746439,-116.428858,2,CFMGR,105.5,1.5,2,2300,0,0,0,0,0,0

APPTR,R31LY,31L,TRM
IF,TRM,33.628097,-116.160194, ,0.0,0.0,0,0,0,0,0,0,1,0
TF,CANEZ,33.701153,-116.314878,0, ,0.0,0.0,0.0,0.0,2,4000,0,1,230,0,1,0
TF,HAXIS,33.718447,-116.361678,0, ,0.0,0.0,0.0,0.0,2,3500,0,0,0,0,0,0
TF,IPOGE,33.738944,-116.417217,0, ,0.0,0.0,0.0,0.0,2,2500,0,1,190,0,0,0
RF,JOKEM,33.746439,-116.428858,2,CFMGR,347.6,1.5,2,2300,0,0,0,0,0,0

FINAL,R31LY,31L,R,2
IF,JOKEM,33.746439,-116.428858, ,0.0,0.0,2,2300,0,0,0,0,2,0
TF,CFSKF,33.821842,-116.500897,0, ,0.0,0.0,308.0,5.8,1,460,0,0,0,0,3,1
CA,0,308.0,2,900,0,0,0,0,0,0
DF,TANFY,33.793522,-116.342617,2, ,0.0,0.0,0,0,0,0,0,0,0,0
TF,BANPE,33.731497,-116.212367,0, ,0.0,0.0,0.0,0.0,0,0,0,0,0,0,0,0
TF,TRM,33.628097,-116.160194,0, ,0.0,0.0,0.0,0.0,2,4000,0,0,0,0,0,1
HM,TRM,33.628097,-116.160194,2, ,0.0,0.0,310.0,04,0,0,0,0,0,0,0,0,0

APPTR,R31LZ,31L,TRM
IF,TRM,33.628097,-116.160194, ,0.0,0.0,0,0,0,0,0,0,1,0
TF,CANEZ,33.701153,-116.314878,0, ,0.0,0.0,0.0,0.0,2,4600,0,0,0,0,1,0

FINAL,R31LZ,31L,R,5
IF,CANEZ,33.701153,-116.314878, ,0.0,0.0,2,4600,0,0,0,0,0,0
TF,PAHOK,33.739447,-116.398894,0, ,0.0,0.0,286.0,4.8,2,3100,0,0,0,0,2,0
TF,AEGIS,33.775897,-116.444975,0, ,0.0,0.0,300.0,3.2,2,1920,0,0,0,0,0,0
TF,EFOLO,33.797511,-116.472331,0, ,0.0,0.0,300.0,1.9,2,1220,0,0,0,0,0,0
TF,MAPCL,33.815353,-116.494925,0, ,0.0,0.0,300.0,1.6,1,640,0,0,0,0,3,1
CA,0,300.0,2,900,0,0,0,0,0,0
DF,TANFY,33.793522,-116.342617,2, ,0.0,0.0,0,0,0,0,0,0,0,0
TF,BANPE,33.731497,-116.212367,0, ,0.0,0.0,0.0,0.0,0,0,0,0,0,0,0,0
TF,TRM,33.628097,-116.160194,0, ,0.0,0.0,0.0,0.0,2,4000,0,0,0,0,0,1
HM,TRM,33.628097,-116.160194,2, ,0.0,0.0,310.0,04,0,0,0,0,0,0,0,0,0

APPTR,V13LB,13L,TRM
HF,TRM,33.628097,-116.160194,2, ,0.0,0.0,289.0,04.3,2,4000,0,0,0,0,1,0,0

FINAL,V13LB,13L,D,3
IF,TRM,33.628097,-116.160194,TRM,0.0,0.0,2,4000,0,0,0,0,0,0
CF,MULCH,33.765617,-116.395903,0,TRM,292.0,14.4,292.0,14.4,2,3100,0,0,0,0,2,0
CF,CFLBM,33.822728,-116.494242,0,TRM,292.0,20.4,292.0,6.0,1,2100,0,0,0,0,3,0
CA,0,292.0,2,2100,0,0,0,0,0,0
DF,PSP,33.870014,-116.429772,2, ,0.0,0.0,2,4000,0,0,0,0,0,0
CF,TRM,33.628097,-116.160194,0,TRM,0.0,0.0,124.0,19.8,0,0,0,0,0,0,0,0
HM,TRM,33.628097,-116.160194,2, ,0.0,0.0,289.0,04.3,0,0,0,0,0,0,0,0,0

APPTR,V13RB,13R,TRM
HF,TRM,33.628097,-116.160194,2, ,0.0,0.0,289.0,04.3,2,4000,0,0,0,0,1,0,0

FINAL,V13RB,13R,D,3
IF,TRM,33.628097,-116.160194,TRM,0.0,0.0,2,4000,0,0,0,0,0,0
CF,MULCH,33.765617,-116.395903,0,TRM,292.0,14.4,292.0,14.4,2,3100,0,0,0,0,2,0
CF,CFLBM,33.822728,-116.494242,0,TRM,292.0,20.4,292.0,6.0,1,2100,0,0,0,0,3,0
CA,0,292.0,2,2100,0,0,0,0,0,0
DF,PSP,33.870014,-116.429772,2, ,0.0,0.0,2,4000,0,0,0,0,0,0
CF,TRM,33.628097,-116.160194,0,TRM,0.0,0.0,124.0,19.8,0,0,0,0,0,0,0,0
HM,TRM,33.628097,-116.160194,2, ,0.0,0.0,289.0,04.3,0,0,0,0,0,0,0,0,0

APPTR,V31LB,31L,TRM
HF,TRM,33.628097,-116.160194,2, ,0.0,0.0,289.0,04.3,2,4000,0,0,0,0,1,0,0

FINAL,V31LB,31L,D,3
IF,TRM,33.628097,-116.160194,TRM,0.0,0.0,2,4000,0,0,0,0,0,0
CF,MULCH,33.765617,-116.395903,0,TRM,292.0,14.4,292.0,14.4,2,3100,0,0,0,0,2,0
CF,CFLBM,33.822728,-116.494242,0,TRM,292.0,20.4,292.0,6.0,1,2100,0,0,0,0,3,0
CA,0,292.0,2,2100,0,0,0,0,0,0
DF,PSP,33.870014,-116.429772,2, ,0.0,0.0,2,4000,0,0,0,0,0,0
CF,TRM,33.628097,-116.160194,0,TRM,0.0,0.0,124.0,19.8,0,0,0,0,0,0,0,0
HM,TRM,33.628097,-116.160194,2, ,0.0,0.0,289.0,04.3,0,0,0,0,0,0,0,0,0

APPTR,V31RB,31R,TRM
HF,TRM,33.628097,-116.160194,2, ,0.0,0.0,289.0,04.3,2,4000,0,0,0,0,1,0,0

FINAL,V31RB,31R,D,3
IF,TRM,33.628097,-116.160194,TRM,0.0,0.0,2,4000,0,0,0,0,0,0
CF,MULCH,33.765617,-116.395903,0,TRM,292.0,14.4,292.0,14.4,2,3100,0,0,0,0,2,0
CF,CFLBM,33.822728,-116.494242,0,TRM,292.0,20.4,292.0,6.0,1,2100,0,0,0,0,3,0
CA,0,292.0,2,2100,0,0,0,0,0,0
DF,PSP,33.870014,-116.429772,2, ,0.0,0.0,2,4000,0,0,0,0,0,0
CF,TRM,33.628097,-116.160194,0,TRM,0.0,0.0,124.0,19.8,0,0,0,0,0,0,0,0
HM,TRM,33.628097,-116.160194,2, ,0.0,0.0,289.0,04.3,0,0,0,0,0,0,0,0,0

