STAR,WIPOR4,ALB,4
IF,ALB,42.747281,-73.803183, ,0.0,0.0,0,0,0,0,0,0,0,0
TF,SHIGY,42.399431,-73.316939,0, ,0.0,0.0,0.0,0.0,0,0,0,0,0,0,0,0
TF,TOMES,42.145353,-72.967067,0, ,0.0,0.0,0.0,0.0,0,0,0,0,0,0,0,0
TF,NELIE,41.941011,-72.688578,0, ,0.0,0.0,0.0,0.0,0,0,0,0,0,0,0,0
TF,WIPOR,41.656408,-72.177131,0, ,0.0,0.0,0.0,0.0,0,0,0,0,0,0,0,0

STAR,WIPOR4,ARRKK,4
IF,ARRKK,42.063478,-75.316781, ,0.0,0.0,0,0,0,0,0,0,0,0
TF,SCARS,42.315750,-74.829819,0, ,0.0,0.0,0.0,0.0,0,0,0,0,0,0,0,0
TF,FOXXX,42.343642,-74.291964,0, ,0.0,0.0,0.0,0.0,0,0,0,0,0,0,0,0
TF,GOOBY,42.393428,-73.429339,0, ,0.0,0.0,0.0,0.0,0,0,0,0,0,0,0,0
TF,SHIGY,42.399431,-73.316939,0, ,0.0,0.0,0.0,0.0,0,0,0,0,0,0,0,0
TF,TOMES,42.145353,-72.967067,0, ,0.0,0.0,0.0,0.0,0,0,0,0,0,0,0,0
TF,NELIE,41.941011,-72.688578,0, ,0.0,0.0,0.0,0.0,0,0,0,0,0,0,0,0
TF,WIPOR,41.656408,-72.177131,0, ,0.0,0.0,0.0,0.0,0,0,0,0,0,0,0,0

STAR,WIPOR4,MEMMS,4
IF,MEMMS,42.516586,-76.304286, ,0.0,0.0,0,0,0,0,0,0,0,0
TF,SCARS,42.315750,-74.829819,0, ,0.0,0.0,0.0,0.0,0,0,0,0,0,0,0,0
TF,FOXXX,42.343642,-74.291964,0, ,0.0,0.0,0.0,0.0,0,0,0,0,0,0,0,0
TF,GOOBY,42.393428,-73.429339,0, ,0.0,0.0,0.0,0.0,0,0,0,0,0,0,0,0
TF,SHIGY,42.399431,-73.316939,0, ,0.0,0.0,0.0,0.0,0,0,0,0,0,0,0,0
TF,TOMES,42.145353,-72.967067,0, ,0.0,0.0,0.0,0.0,0,0,0,0,0,0,0,0
TF,NELIE,41.941011,-72.688578,0, ,0.0,0.0,0.0,0.0,0,0,0,0,0,0,0,0
TF,WIPOR,41.656408,-72.177131,0, ,0.0,0.0,0.0,0.0,0,0,0,0,0,0,0,0

STAR,WIPOR4,ALL,5
IF,WIPOR,41.656408,-72.177131, ,0.0,0.0,0,0,0,0,0,0,0,0
TF,YANTC,41.556336,-71.999153,0, ,0.0,0.0,0.0,0.0,0,0,0,0,0,0,0,0
TF,DELSS,41.482606,-71.780322,0, ,0.0,0.0,0.0,0.0,2,2700,0,0,0,0,0,0
TF,LAFAY,41.462561,-71.721231,0, ,0.0,0.0,0.0,0.0,2,2100,0,0,0,0,0,1
FM,LAFAY,41.462561,-71.721231,0,ACK,0.0,0.0,129.0,0,0,0,0,0,0,0,0

APPTR,I06,06,PVD
IF,PVD,41.724342,-71.429642, ,0.0,0.0,0,0,0,0,0,0,1,0
TF,BUVKE,41.756781,-70.899019,0,IPYM,0.0,0.0,0.0,0.0,2,3000,0,0,0,0,1,0

FINAL,I06,06,I,3
IF,BUVKE,41.756781,-70.899019,IPYM,235.6,12.4,2,3000,0,0,0,0,0,0
CF,AYEDE,41.843058,-70.804061,0,IPYM,235.6,5.7,56.0,6.7,1,1700,0,0,0,0,2,0
CF,RW06,41.904236,-70.736519,0,IPYM,235.6,0.9,56.0,4.8,1,185,0,0,0,0,3,0
CA,0,56.0,2,640,0,0,0,0,0,0
VI,0, ,0.0,100.0,0,0,0,0,0,0,0,0
CF,FREDO,41.905672,-70.582233,0,BOS,162.0,32.6,162.0,3.0,2,2000,0,0,0,0,0,0
HM,FREDO,41.905672,-70.582233,2, ,0.0,0.0,342.0,04.3,0,0,0,0,0,0,0,0,0

APPTR,R06,06,LFV
IF,LFV,42.017189,-70.037233, ,0.0,0.0,0,0,0,0,0,0,0,0
TF,MAYTA,41.666650,-70.753042,0, ,0.0,0.0,0.0,0.0,2,3000,0,0,0,0,1,0
TF,BUVKE,41.756781,-70.899019,0, ,0.0,0.0,0.0,0.0,2,3000,0,0,0,0,1,0

APPTR,R06,06,MVY
IF,MVY,41.396214,-70.612717, ,0.0,0.0,0,0,0,0,0,0,0,0
TF,MAYTA,41.666650,-70.753042,0, ,0.0,0.0,0.0,0.0,2,3000,0,0,0,0,1,0
TF,BUVKE,41.756781,-70.899019,0, ,0.0,0.0,0.0,0.0,2,3000,0,0,0,0,1,0

APPTR,R06,06,PVD
IF,PVD,41.724342,-71.429642, ,0.0,0.0,0,0,0,0,0,0,1,0
TF,BUVKE,41.756781,-70.899019,0, ,0.0,0.0,0.0,0.0,2,3000,0,0,0,0,1,0

FINAL,R06,06,R,4
IF,BUVKE,41.756781,-70.899019, ,0.0,0.0,2,3000,0,0,0,0,0,0
TF,AYEDE,41.843058,-70.804061,0, ,0.0,0.0,55.0,6.7,2,1700,0,0,0,0,2,0
TF,ZASID,41.884950,-70.757831,0, ,0.0,0.0,56.0,3.3,2,660,0,0,0,0,0,0
TF,RW06,41.904236,-70.736519,0, ,0.0,0.0,56.0,1.5,1,185,0,0,0,0,3,1
CA,0,56.0,2,640,0,0,0,0,0,0
DF,FREDO,41.905672,-70.582233,0, ,0.0,0.0,2,1900,0,0,0,0,0,1
HM,FREDO,41.905672,-70.582233,2, ,0.0,0.0,341.0,04,0,0,0,0,0,0,0,0,0

APPTR,R15,15,BENNN
IF,BENNN,42.179525,-70.757928, ,0.0,0.0,0,0,0,0,0,0,1,0
TF,FARED,42.025417,-70.913944,0, ,0.0,0.0,0.0,0.0,2,2000,0,0,0,0,1,0

APPTR,R15,15,DODNE
IF,DODNE,41.979800,-71.166225, ,0.0,0.0,0,0,0,0,0,0,1,0
TF,FARED,42.025417,-70.913944,0, ,0.0,0.0,0.0,0.0,2,2000,0,0,0,0,1,0

FINAL,R15,15,R,4
IF,FARED,42.025417,-70.913944, ,0.0,0.0,2,2000,0,0,0,0,0,0
TF,SCALD,41.972392,-70.827700,0, ,0.0,0.0,146.0,5.0,2,2000,0,0,0,0,2,0
TF,CREPT,41.929053,-70.757392,0, ,0.0,0.0,146.0,4.1,2,700,0,0,0,0,0,0
TF,RW15,41.912200,-70.730094,0, ,0.0,0.0,146.0,1.6,1,195,0,0,0,0,3,1
CA,0,146.0,2,600,0,0,0,0,0,0
DF,GAILS,41.869031,-70.402136,0, ,0.0,0.0,2,2000,0,0,0,0,0,1
HM,GAILS,41.869031,-70.402136,2, ,0.0,0.0,350.0,04,0,0,0,0,0,0,0,0,0

APPTR,R24,24,INNDY
IF,INNDY,41.771997,-71.098869, ,0.0,0.0,0,0,0,0,0,0,0,0
TF,GAILS,41.869031,-70.402136,0, ,0.0,0.0,0.0,0.0,2,3000,0,0,0,0,0,0
TF,WIREG,41.993650,-70.419539,0, ,0.0,0.0,0.0,0.0,2,2000,0,0,0,0,1,0
TF,JEKDI,42.073600,-70.548608,0, ,0.0,0.0,0.0,0.0,2,2000,0,0,0,0,1,0

APPTR,R24,24,JEKDI
HF,JEKDI,42.073600,-70.548608,2, ,0.0,0.0,236.0,04,2,2000,0,0,0,0,1,0,0

APPTR,R24,24,KYLES
IF,KYLES,42.262569,-70.703706, ,0.0,0.0,0,0,0,0,0,0,1,0
TF,JEKDI,42.073600,-70.548608,0, ,0.0,0.0,0.0,0.0,2,2000,0,0,0,0,1,0

APPTR,R24,24,LFV
IF,LFV,42.017189,-70.037233, ,0.0,0.0,0,0,0,0,0,0,1,0
TF,JEKDI,42.073600,-70.548608,0, ,0.0,0.0,0.0,0.0,2,2000,0,0,0,0,1,0

FINAL,R24,24,R,4
IF,JEKDI,42.073600,-70.548608, ,0.0,0.0,2,2000,0,0,0,0,0,0
TF,BURRK,41.977267,-70.655658,0, ,0.0,0.0,236.0,7.5,2,2000,0,0,0,0,2,0
TF,SMITY,41.934006,-70.703589,0, ,0.0,0.0,236.0,3.4,2,780,0,0,0,0,0,0
TF,RW24,41.913439,-70.726344,0, ,0.0,0.0,236.0,1.6,1,207,0,0,0,0,3,1
CA,0,236.0,2,640,0,0,0,0,0,0
DF,GAILS,41.869031,-70.402136,1, ,0.0,0.0,2,2000,0,0,0,0,0,1
HM,GAILS,41.869031,-70.402136,2, ,0.0,0.0,350.0,04,0,0,0,0,0,0,0,0,0

APPTR,R33,33,LFV
IF,LFV,42.017189,-70.037233, ,0.0,0.0,0,0,0,0,0,0,0,0
TF,FLUOR,41.829742,-70.280467,0, ,0.0,0.0,0.0,0.0,2,3000,0,0,0,0,1,0
TF,CALED,41.807731,-70.442769,0, ,0.0,0.0,0.0,0.0,2,3000,0,0,0,0,1,0

APPTR,R33,33,MVY
IF,MVY,41.396214,-70.612717, ,0.0,0.0,0,0,0,0,0,0,0,0
TF,MASKY,41.692011,-70.385575,0, ,0.0,0.0,0.0,0.0,2,3000,0,0,0,0,1,0
TF,CALED,41.807731,-70.442769,0, ,0.0,0.0,0.0,0.0,2,3000,0,0,0,0,1,0

FINAL,R33,33,R,4
IF,CALED,41.807731,-70.442769, ,0.0,0.0,2,3000,0,0,0,0,0,0
TF,HAREK,41.822353,-70.557014,0, ,0.0,0.0,296.0,5.2,2,2000,0,0,0,0,0,0
TF,DORPY,41.844181,-70.620194,0, ,0.0,0.0,311.0,3.1,2,2000,0,0,0,0,2,0
TF,RW33,41.904594,-70.717783,0, ,0.0,0.0,326.0,5.7,1,173,0,0,0,0,3,1
CA,0,326.0,2,700,0,0,0,0,0,0
DF,GAILS,41.869031,-70.402136,2, ,0.0,0.0,2,3000,0,0,0,0,0,1
HM,GAILS,41.869031,-70.402136,2, ,0.0,0.0,350.0,04,0,0,0,0,0,0,0,0,0

