APPTR,R01,01,AUGIE
IF,AUGIE,38.246767,-93.735975, ,0.0,0.0,0,0,0,0,0,0,1,0
TF,BEJCY,38.595722,-93.837036,0, ,0.0,0.0,0.0,0.0,2,3000,0,0,0,0,1,0

APPTR,R01,01,HODEN
IF,HODEN,38.831058,-94.005397, ,0.0,0.0,0,0,0,0,0,0,0,0
TF,BEJCY,38.595722,-93.837036,0, ,0.0,0.0,0.0,0.0,2,3000,0,0,0,0,0,1
HF,BEJCY,38.595722,-93.837036,2, ,0.0,0.0,7.0,04,2,3000,0,0,0,0,1,0,0

FINAL,R01,01,R,4
IF,BEJCY,38.595722,-93.837036, ,0.0,0.0,2,3000,0,0,0,0,0,0
TF,CUCTO,38.693542,-93.819297,0, ,0.0,0.0,7.0,5.9,2,2500,0,0,0,0,2,0
TF,YOCPU,38.752344,-93.808608,0, ,0.0,0.0,7.0,3.6,2,1360,0,0,0,0,0,0
TF,RW01,38.780425,-93.803500,0, ,0.0,0.0,7.0,1.7,1,824,0,0,0,0,3,1
CA,0,7.0,2,1044,0,0,0,0,0,0
DF,FALIS,38.976003,-93.767803,0, ,0.0,0.0,2,3000,0,0,0,0,0,1
HM,FALIS,38.976003,-93.767803,2, ,0.0,0.0,187.0,04,0,0,0,0,0,0,0,0,0

APPTR,R19,19,HODEN
IF,HODEN,38.831058,-94.005397, ,0.0,0.0,0,0,0,0,0,0,0,0
TF,FALIS,38.976003,-93.767803,0, ,0.0,0.0,0.0,0.0,2,3000,0,0,0,0,0,1
HF,FALIS,38.976003,-93.767803,2, ,0.0,0.0,187.0,04,2,3000,0,0,0,0,1,0,0

APPTR,R19,19,OCTAM
IF,OCTAM,39.073911,-93.792692, ,0.0,0.0,0,0,0,0,0,0,1,0
TF,FALIS,38.976003,-93.767803,0, ,0.0,0.0,0.0,0.0,2,3000,0,0,0,0,1,0

FINAL,R19,19,R,4
IF,FALIS,38.976003,-93.767803, ,0.0,0.0,2,3000,0,0,0,0,0,0
TF,JIDIR,38.878167,-93.785683,0, ,0.0,0.0,187.0,5.9,2,2500,0,0,0,0,2,0
TF,ZEVNI,38.819933,-93.796306,0, ,0.0,0.0,187.0,3.5,2,1360,0,0,0,0,0,0
TF,RW19,38.791856,-93.801419,0, ,0.0,0.0,187.0,1.7,1,835,0,0,0,0,3,1
CA,0,187.0,2,1045,0,0,0,0,0,0
DF,BEJCY,38.595722,-93.837036,0, ,0.0,0.0,2,3000,0,0,0,0,0,1
HM,BEJCY,38.595722,-93.837036,2, ,0.0,0.0,7.0,04,0,0,0,0,0,0,0,0,0

