APPTR,D12-A,12,GGG
IF,GGG,32.417756,-94.753194, ,0.0,0.0,0,0,0,0,0,0,1,0
TF,STAGS,32.305869,-94.793144,0, ,0.0,0.0,0.0,0.0,2,2500,0,0,0,0,0,0

FINAL,D12-A,12,D,4
IF,STAGS,32.305869,-94.793144,GGG,189.9,7.0,2,2500,0,0,0,0,0,0
CF,NITCH,32.225958,-94.821667,0,GGG,189.9,12.0,190.0,5.0,2,2000,0,0,0,0,2,0
CF,VOR15,32.178025,-94.838822,0,GGG,189.9,15.0,190.0,3.0,2,1300,0,0,0,0,0,0
CF,MA190,32.146997,-94.849800,0,GGG,189.9,16.9,190.0,1.9,1,1220,0,0,0,0,3,0
CA,0,190.0,2,1800,0,0,0,0,0,0
VI,1, ,0.0,45.0,0,0,0,0,0,0,0,0
CF,PIPES,32.183811,-94.746375,0,GGG,171.5,14.0,352.0,5.0,2,2500,0,0,0,0,0,0
HM,PIPES,32.183811,-94.746375,2, ,0.0,0.0,352.0,04.3,0,0,0,0,0,0,0,0,0

APPTR,D17-A,17,GGG
IF,GGG,32.417756,-94.753194, ,0.0,0.0,0,0,0,0,0,0,1,0
TF,STAGS,32.305869,-94.793144,0, ,0.0,0.0,0.0,0.0,2,2500,0,0,0,0,0,0

FINAL,D17-A,17,D,4
IF,STAGS,32.305869,-94.793144,GGG,189.9,7.0,2,2500,0,0,0,0,0,0
CF,NITCH,32.225958,-94.821667,0,GGG,189.9,12.0,190.0,5.0,2,2000,0,0,0,0,2,0
CF,VOR15,32.178025,-94.838822,0,GGG,189.9,15.0,190.0,3.0,2,1300,0,0,0,0,0,0
CF,MA190,32.146997,-94.849800,0,GGG,189.9,16.9,190.0,1.9,1,1220,0,0,0,0,3,0
CA,0,190.0,2,1800,0,0,0,0,0,0
VI,1, ,0.0,45.0,0,0,0,0,0,0,0,0
CF,PIPES,32.183811,-94.746375,0,GGG,171.5,14.0,352.0,5.0,2,2500,0,0,0,0,0,0
HM,PIPES,32.183811,-94.746375,2, ,0.0,0.0,352.0,04.3,0,0,0,0,0,0,0,0,0

APPTR,D30-A,30,GGG
IF,GGG,32.417756,-94.753194, ,0.0,0.0,0,0,0,0,0,0,1,0
TF,STAGS,32.305869,-94.793144,0, ,0.0,0.0,0.0,0.0,2,2500,0,0,0,0,0,0

FINAL,D30-A,30,D,4
IF,STAGS,32.305869,-94.793144,GGG,189.9,7.0,2,2500,0,0,0,0,0,0
CF,NITCH,32.225958,-94.821667,0,GGG,189.9,12.0,190.0,5.0,2,2000,0,0,0,0,2,0
CF,VOR15,32.178025,-94.838822,0,GGG,189.9,15.0,190.0,3.0,2,1300,0,0,0,0,0,0
CF,MA190,32.146997,-94.849800,0,GGG,189.9,16.9,190.0,1.9,1,1220,0,0,0,0,3,0
CA,0,190.0,2,1800,0,0,0,0,0,0
VI,1, ,0.0,45.0,0,0,0,0,0,0,0,0
CF,PIPES,32.183811,-94.746375,0,GGG,171.5,14.0,352.0,5.0,2,2500,0,0,0,0,0,0
HM,PIPES,32.183811,-94.746375,2, ,0.0,0.0,352.0,04.3,0,0,0,0,0,0,0,0,0

APPTR,D35-A,35,GGG
IF,GGG,32.417756,-94.753194, ,0.0,0.0,0,0,0,0,0,0,1,0
TF,STAGS,32.305869,-94.793144,0, ,0.0,0.0,0.0,0.0,2,2500,0,0,0,0,0,0

FINAL,D35-A,35,D,4
IF,STAGS,32.305869,-94.793144,GGG,189.9,7.0,2,2500,0,0,0,0,0,0
CF,NITCH,32.225958,-94.821667,0,GGG,189.9,12.0,190.0,5.0,2,2000,0,0,0,0,2,0
CF,VOR15,32.178025,-94.838822,0,GGG,189.9,15.0,190.0,3.0,2,1300,0,0,0,0,0,0
CF,MA190,32.146997,-94.849800,0,GGG,189.9,16.9,190.0,1.9,1,1220,0,0,0,0,3,0
CA,0,190.0,2,1800,0,0,0,0,0,0
VI,1, ,0.0,45.0,0,0,0,0,0,0,0,0
CF,PIPES,32.183811,-94.746375,0,GGG,171.5,14.0,352.0,5.0,2,2500,0,0,0,0,0,0
HM,PIPES,32.183811,-94.746375,2, ,0.0,0.0,352.0,04.3,0,0,0,0,0,0,0,0,0

APPTR,R17,17,GGG
IF,GGG,32.417756,-94.753194, ,0.0,0.0,0,0,0,0,0,0,1,0
TF,AHOTO,32.345917,-94.894111,0, ,0.0,0.0,0.0,0.0,2,2800,0,0,0,0,1,0

APPTR,R17,17,PIPES
IF,PIPES,32.183811,-94.746375, ,0.0,0.0,0,0,0,0,0,0,0,0
TF,AHOTO,32.345917,-94.894111,0, ,0.0,0.0,0.0,0.0,2,2800,0,0,0,0,0,1
HF,AHOTO,32.345917,-94.894111,2, ,0.0,0.0,167.0,04,2,2800,0,0,0,0,1,0,0

FINAL,R17,17,R,4
IF,AHOTO,32.345917,-94.894111, ,0.0,0.0,2,2800,0,0,0,0,0,0
TF,EWDUF,32.245522,-94.873233,0, ,0.0,0.0,167.0,6.1,2,2400,0,0,0,0,2,0
TF,JEDUB,32.180628,-94.859764,0, ,0.0,0.0,167.0,4.0,2,1120,0,0,0,0,0,0
TF,RW17,32.147736,-94.852944,0, ,0.0,0.0,167.0,2.0,1,475,0,0,0,0,3,1
CA,0,167.0,2,850,0,0,0,0,0,0
DF,AHOTO,32.345917,-94.894111,2, ,0.0,0.0,2,2800,0,0,0,0,0,1
HM,AHOTO,32.345917,-94.894111,2, ,0.0,0.0,167.0,04,0,0,0,0,0,0,0,0,0

APPTR,R35,35,IYANU
IF,IYANU,31.918703,-94.944747, ,0.0,0.0,0,0,0,0,0,0,1,0
TF,ZIDAV,31.939056,-94.809753,0, ,0.0,0.0,0.0,0.0,2,3000,0,0,0,0,1,0

APPTR,R35,35,UWIMI
IF,UWIMI,31.959267,-94.674697, ,0.0,0.0,0,0,0,0,0,0,1,0
TF,ZIDAV,31.939056,-94.809753,0, ,0.0,0.0,0.0,0.0,2,3000,0,0,0,0,1,0

APPTR,R35,35,ZIDAV
HF,ZIDAV,31.939056,-94.809753,2, ,0.0,0.0,347.0,04,2,3000,0,0,0,0,1,0,0

FINAL,R35,35,R,4
IF,ZIDAV,31.939056,-94.809753, ,0.0,0.0,2,3000,0,0,0,0,0,0
TF,UXDIB,32.037744,-94.830158,0, ,0.0,0.0,347.0,6.0,2,2400,0,0,0,0,2,0
TF,YOYCU,32.100053,-94.843061,0, ,0.0,0.0,347.0,3.8,2,1180,0,0,0,0,0,0
TF,RW35,32.136894,-94.850697,0, ,0.0,0.0,347.0,2.2,1,480,0,0,0,0,3,1
CA,0,347.0,2,900,0,0,0,0,0,0
DF,ZIDAV,31.939056,-94.809753,1, ,0.0,0.0,2,3000,0,0,0,0,0,1
HM,ZIDAV,31.939056,-94.809753,2, ,0.0,0.0,347.0,04,0,0,0,0,0,0,0,0,0

