SID,EDUKY5,08,5
VI,0, ,0.0,78.0,0,0,0,0,0,0,0,0
CF,SLOLM,39.296814,-107.627750,0,RIL,152.9,14.5,162.0,14.0,0,0,0,0,0,0,0,0
TF,EDUKY,39.200664,-108.107606,0, ,0.0,0.0,0.0,0.0,0,0,0,0,0,0,0,0

SID,SQUAT5,26,5
CF,GNBRL,39.524222,-107.839425,0,RIL,257.5,5.6,258.0,5.8,0,0,0,0,0,0,0,0
TF,YIRDU,39.454553,-108.017858,0, ,0.0,0.0,0.0,0.0,0,0,0,0,0,0,0,0
TF,SQUAT,39.310622,-108.222639,0, ,0.0,0.0,0.0,0.0,0,0,0,0,0,0,0,0

SID,UYRIG5,08,5
VI,0, ,0.0,78.0,0,0,0,0,0,0,0,0
CF,TALJE,39.566678,-107.499981,0,RIL,67.2,10.5,64.0,8.3,0,0,0,0,0,0,0,0
TF,UYRIG,39.534681,-107.262339,0, ,0.0,0.0,0.0,0.0,0,0,0,0,0,0,0,0

SID,UYRIG5,DBL,6
IF,UYRIG,39.534681,-107.262339, ,0.0,0.0,0,0,0,0,0,0,0,0
TF,DBL,39.439344,-106.894681,0, ,0.0,0.0,0.0,0.0,0,0,0,0,0,0,0,0

SID,UYRIG5,SXW,6
IF,UYRIG,39.534681,-107.262339, ,0.0,0.0,0,0,0,0,0,0,0,0
TF,SXW,39.629478,-106.991169,0, ,0.0,0.0,0.0,0.0,0,0,0,0,0,0,0,0

STAR,AAVON1,HYPPE,4
IF,HYPPE,40.374381,-109.247044, ,0.0,0.0,0,0,0,0,0,0,0,0
TF,AAVON,39.764239,-108.136019,0, ,0.0,0.0,0.0,0.0,0,0,0,0,0,0,0,0

STAR,AAVON1,IBSKI,4
IF,IBSKI,37.997200,-109.997208, ,0.0,0.0,0,0,0,0,0,0,0,0
TF,TESSY,39.496200,-108.829822,0, ,0.0,0.0,0.0,0.0,0,0,0,0,0,0,0,0
TF,PPLAY,39.659386,-108.409147,0, ,0.0,0.0,0.0,0.0,0,0,0,0,0,0,0,0
TF,AAVON,39.764239,-108.136019,0, ,0.0,0.0,0.0,0.0,0,0,0,0,0,0,0,0

STAR,AAVON1,KIMMR,4
IF,KIMMR,39.229233,-109.958361, ,0.0,0.0,0,0,0,0,0,0,0,0
TF,TESSY,39.496200,-108.829822,0, ,0.0,0.0,0.0,0.0,0,0,0,0,0,0,0,0
TF,PPLAY,39.659386,-108.409147,0, ,0.0,0.0,0.0,0.0,0,0,0,0,0,0,0,0
TF,AAVON,39.764239,-108.136019,0, ,0.0,0.0,0.0,0.0,0,0,0,0,0,0,0,0

STAR,AAVON1,MAESA,4
IF,MAESA,37.510797,-108.883753, ,0.0,0.0,0,0,0,0,0,0,0,0
TF,VIRDE,38.175608,-108.866206,0, ,0.0,0.0,0.0,0.0,0,0,0,0,0,0,0,0
TF,TESSY,39.496200,-108.829822,0, ,0.0,0.0,0.0,0.0,0,0,0,0,0,0,0,0
TF,PPLAY,39.659386,-108.409147,0, ,0.0,0.0,0.0,0.0,0,0,0,0,0,0,0,0
TF,AAVON,39.764239,-108.136019,0, ,0.0,0.0,0.0,0.0,0,0,0,0,0,0,0,0

STAR,AAVON1,PPLAY,4
IF,PPLAY,39.659386,-108.409147, ,0.0,0.0,0,0,0,0,0,0,0,0
TF,AAVON,39.764239,-108.136019,0, ,0.0,0.0,0.0,0.0,0,0,0,0,0,0,0,0

STAR,AAVON1,TESSY,4
IF,TESSY,39.496200,-108.829822, ,0.0,0.0,0,0,0,0,0,0,0,0
TF,PPLAY,39.659386,-108.409147,0, ,0.0,0.0,0.0,0.0,0,0,0,0,0,0,0,0
TF,AAVON,39.764239,-108.136019,0, ,0.0,0.0,0.0,0.0,0,0,0,0,0,0,0,0

STAR,AAVON1,VIRDE,4
IF,VIRDE,38.175608,-108.866206, ,0.0,0.0,0,0,0,0,0,0,0,0
TF,TESSY,39.496200,-108.829822,0, ,0.0,0.0,0.0,0.0,0,0,0,0,0,0,0,0
TF,PPLAY,39.659386,-108.409147,0, ,0.0,0.0,0.0,0.0,0,0,0,0,0,0,0,0
TF,AAVON,39.764239,-108.136019,0, ,0.0,0.0,0.0,0.0,0,0,0,0,0,0,0,0

STAR,AAVON1,ALL,5
IF,AAVON,39.764239,-108.136019, ,0.0,0.0,0,0,0,0,0,0,0,0
TF,GRFLD,39.719017,-107.740406,0, ,0.0,0.0,0.0,0.0,1,17000,0,0,0,0,0,1
FM,GRFLD,39.719017,-107.740406,0,EKR,0.0,0.0,89.0,0,0,0,0,0,0,0,0

STAR,HAREI1,CUTTZ,4
IF,CUTTZ,38.483264,-106.082617, ,0.0,0.0,4,26000,24000,0,0,0,0,0
TF,DUMBR,38.938978,-106.460394,0, ,0.0,0.0,0.0,0.0,4,21000,19000,1,280,0,0,0

STAR,HAREI1,MMUTT,4
IF,MMUTT,38.080658,-105.747819, ,0.0,0.0,0,0,0,0,0,0,0,0
TF,CUTTZ,38.483264,-106.082617,0, ,0.0,0.0,0.0,0.0,4,26000,24000,0,0,0,0,0
TF,DUMBR,38.938978,-106.460394,0, ,0.0,0.0,0.0,0.0,4,21000,19000,1,280,0,0,0

STAR,HAREI1,ALL,5
IF,DUMBR,38.938978,-106.460394, ,0.0,0.0,4,21000,19000,1,280,0,0,0
TF,HAREI,39.078294,-106.578736,0, ,0.0,0.0,0.0,0.0,1,17000,0,1,250,0,0,0
TF,DBL,39.439344,-106.894681,0, ,0.0,0.0,0.0,0.0,1,17000,0,0,0,0,0,0
TF,IIOOU,39.479036,-107.060281,0, ,0.0,0.0,0.0,0.0,1,16000,0,0,0,0,0,1
FM,IIOOU,39.479036,-107.060281,0,EKR,0.0,0.0,278.0,0,0,0,0,0,0,0,0

STAR,MMARY1,DORPH,4
IF,DORPH,39.504253,-103.231628, ,0.0,0.0,0,0,0,0,0,0,0,0
TF,CBAAS,39.550264,-104.081575,0, ,0.0,0.0,0.0,0.0,0,0,0,0,0,0,0,0
TF,BBEER,39.585756,-104.603975,0, ,0.0,0.0,0.0,0.0,0,0,0,0,0,0,0,0
TF,FLOWS,39.645106,-105.081769,0, ,0.0,0.0,0.0,0.0,0,0,0,0,0,0,0,0
TF,LYKKE,39.683250,-105.419211,0, ,0.0,0.0,0.0,0.0,0,0,0,0,0,0,0,0
TF,WIINE,39.610111,-105.697519,0, ,0.0,0.0,0.0,0.0,4,27000,24000,1,280,0,0,0
TF,SWNCN,39.531075,-106.067736,0, ,0.0,0.0,0.0,0.0,4,24000,20000,0,0,0,0,0
TF,MMARY,39.542114,-106.433836,0, ,0.0,0.0,0.0,0.0,4,19000,17000,1,250,0,0,0

STAR,MMARY1,ALL,5
IF,MMARY,39.542114,-106.433836, ,0.0,0.0,4,19000,17000,1,250,0,0,0
TF,DBL,39.439344,-106.894681,0, ,0.0,0.0,0.0,0.0,1,17000,0,0,0,0,0,0
TF,IIOOU,39.479036,-107.060281,0, ,0.0,0.0,0.0,0.0,1,16000,0,0,0,0,0,1
FM,IIOOU,39.479036,-107.060281,0,EKR,0.0,0.0,278.0,0,0,0,0,0,0,0,0

APPTR,D08-C,08,HORST
IF,HORST,39.406650,-108.001706, ,0.0,0.0,0,0,0,0,0,0,1,0
AF,HOVYO,39.708878,-107.943592,2,RIL,306.3,15.0,231.0,2,11600,0,0,0,0,0,0
TF,COROT,39.672803,-107.898703,0, ,0.0,0.0,0.0,0.0,2,10900,0,0,0,0,0,0

APPTR,D08-C,08,NOVJO
IF,NOVJO,39.768431,-107.810647, ,0.0,0.0,0,0,0,0,0,0,1,0
AF,HOVYO,39.708878,-107.943592,1,RIL,306.3,15.0,334.0,2,11600,0,0,0,0,0,0
TF,COROT,39.672803,-107.898703,0, ,0.0,0.0,0.0,0.0,2,10900,0,0,0,0,0,0

FINAL,D08-C,08,D,4
IF,COROT,39.672803,-107.898703,RIL,306.3,12.0,2,10900,0,0,0,0,0,0
CF,HUKOP,39.636708,-107.853864,0,RIL,306.3,9.0,126.0,3.0,2,10200,0,0,0,0,2,0
CF,RUSOC,39.589761,-107.795639,0,RIL,306.3,5.1,126.0,3.9,2,8800,0,0,0,0,0,0
CF,MAPSN,39.540372,-107.734514,0,RIL,306.3,1.0,126.0,4.1,1,7360,0,0,0,0,3,0
CA,0,126.0,2,8500,0,0,0,0,0,0
VI,1, ,0.0,305.0,0,0,0,0,0,0,0,0
CF,NOVJO,39.768431,-107.810647,0,RIL,333.7,15.0,334.0,7.0,2,12000,0,0,0,0,0,0
HM,NOVJO,39.768431,-107.810647,2, ,0.0,0.0,154.0,04.3,2,12400,0,0,0,0,0,0,0

APPTR,D26-C,26,HORST
IF,HORST,39.406650,-108.001706, ,0.0,0.0,0,0,0,0,0,0,1,0
AF,HOVYO,39.708878,-107.943592,2,RIL,306.3,15.0,231.0,2,11600,0,0,0,0,0,0
TF,COROT,39.672803,-107.898703,0, ,0.0,0.0,0.0,0.0,2,10900,0,0,0,0,0,0

APPTR,D26-C,26,NOVJO
IF,NOVJO,39.768431,-107.810647, ,0.0,0.0,0,0,0,0,0,0,1,0
AF,HOVYO,39.708878,-107.943592,1,RIL,306.3,15.0,334.0,2,11600,0,0,0,0,0,0
TF,COROT,39.672803,-107.898703,0, ,0.0,0.0,0.0,0.0,2,10900,0,0,0,0,0,0

FINAL,D26-C,26,D,4
IF,COROT,39.672803,-107.898703,RIL,306.3,12.0,2,10900,0,0,0,0,0,0
CF,HUKOP,39.636708,-107.853864,0,RIL,306.3,9.0,126.0,3.0,2,10200,0,0,0,0,2,0
CF,RUSOC,39.589761,-107.795639,0,RIL,306.3,5.1,126.0,3.9,2,8800,0,0,0,0,0,0
CF,MAPSN,39.540372,-107.734514,0,RIL,306.3,1.0,126.0,4.1,1,7360,0,0,0,0,3,0
CA,0,126.0,2,8500,0,0,0,0,0,0
VI,1, ,0.0,305.0,0,0,0,0,0,0,0,0
CF,NOVJO,39.768431,-107.810647,0,RIL,333.7,15.0,334.0,7.0,2,12000,0,0,0,0,0,0
HM,NOVJO,39.768431,-107.810647,2, ,0.0,0.0,154.0,04.3,2,12400,0,0,0,0,0,0,0

APPTR,I26,26,COMFR
IF,COMFR,39.675506,-107.329269, ,0.0,0.0,0,0,0,0,0,0,1,0
AF,OYYER,39.613489,-107.299744,2,RIL,65.2,20.1,54.0,2,12800,0,0,0,0,0,0
AF,ZELOP,39.535017,-107.285894,2,RIL,78.7,20.1,65.0,2,12200,0,0,0,0,1,0
CF,JIGOM,39.533222,-107.388022,0,IRIL,78.4,16.5,258.0,4.7,2,11100,0,0,0,0,0,0

APPTR,I26,26,DBL
IF,DBL,39.439344,-106.894681, ,0.0,0.0,0,0,0,0,0,0,1,0
TF,SOCKY,39.536356,-107.206033,0, ,0.0,0.0,0.0,0.0,2,14000,0,0,0,0,0,0
TF,ZELOP,39.535017,-107.285894,0, ,0.0,0.0,0.0,0.0,2,12200,0,0,0,0,1,0
CF,JIGOM,39.533222,-107.388022,0,IRIL,78.4,16.5,258.0,4.7,2,11100,0,0,0,0,0,0

APPTR,I26,26,ZELOP
IF,ZELOP,39.535017,-107.285894, ,0.0,0.0,2,12200,0,0,0,0,1,0
CF,JIGOM,39.533222,-107.388022,0,IRIL,78.4,16.5,258.0,4.7,2,11100,0,0,0,0,0,0

FINAL,I26,26,I,3
IF,JIGOM,39.533222,-107.388022,IRIL,78.4,16.5,2,11100,0,0,0,0,0,0
CF,WUKLI,39.532222,-107.442939,0,IRIL,78.4,14.0,258.0,2.6,1,10300,0,0,0,0,2,0
CF,RW26,39.526867,-107.715586,0,IRIL,78.4,1.3,258.0,12.7,1,5593,0,0,0,0,3,0
CA,0,258.0,2,5940,0,0,0,0,0,0
CF,TEKGU,39.472047,-108.122183,0,RIL,249.9,19.0,250.0,18.2,0,0,0,0,0,0,0,0
CF,WOKPA,39.353464,-108.160933,0,EKR,185.4,44.2,185.0,7.3,2,14000,0,0,0,0,0,0
HM,WOKPA,39.353464,-108.160933,2, ,0.0,0.0,185.0,04.3,0,0,0,0,0,0,0,0,0

APPTR,L08-A,08,COMFR
IF,COMFR,39.675506,-107.329269, ,0.0,0.0,0,0,0,0,0,0,1,0
AF,OYYER,39.613489,-107.299744,2,RIL,65.2,20.1,54.0,2,12800,0,0,0,0,0,0
AF,ZELOP,39.535017,-107.285894,2,RIL,78.7,20.1,65.0,2,12200,0,0,0,0,1,0
CF,JIGOM,39.533222,-107.388022,0,IRIL,78.4,16.5,258.0,4.7,2,11100,0,0,0,0,0,0

APPTR,L08-A,08,DBL
IF,DBL,39.439344,-106.894681, ,0.0,0.0,0,0,0,0,0,0,1,0
TF,SOCKY,39.536356,-107.206033,0, ,0.0,0.0,0.0,0.0,2,14000,0,0,0,0,0,0
TF,ZELOP,39.535017,-107.285894,0, ,0.0,0.0,0.0,0.0,2,12200,0,0,0,0,1,0
CF,JIGOM,39.533222,-107.388022,0,IRIL,78.4,16.5,258.0,4.7,2,11100,0,0,0,0,0,0

APPTR,L08-A,08,ZELOP
IF,ZELOP,39.535017,-107.285894, ,0.0,0.0,2,12200,0,0,0,0,1,0
CF,JIGOM,39.533222,-107.388022,0,IRIL,78.4,16.5,258.0,4.7,2,11100,0,0,0,0,0,0

FINAL,L08-A,08,D,3
IF,JIGOM,39.533222,-107.388022,IRIL,78.4,16.5,2,11100,0,0,0,0,0,0
CF,ANTEJ,39.531053,-107.505422,0,IRIL,78.4,11.1,258.0,5.5,2,10400,0,0,0,0,2,0
CF,CIRAS,39.527519,-107.683236,0,IRIL,78.5,2.8,258.0,8.3,1,6334,0,0,0,0,3,0
CF,TEKGU,39.472047,-108.122183,0,RIL,249.9,19.0,250.0,20.7,0,0,0,0,0,0,0,0
CF,WOKPA,39.353464,-108.160933,0,EKR,185.4,44.2,185.0,7.3,2,13000,0,0,0,0,0,0
HM,WOKPA,39.353464,-108.160933,2, ,0.0,0.0,185.0,04.3,0,0,0,0,0,0,0,0,0

APPTR,L26-A,26,COMFR
IF,COMFR,39.675506,-107.329269, ,0.0,0.0,0,0,0,0,0,0,1,0
AF,OYYER,39.613489,-107.299744,2,RIL,65.2,20.1,54.0,2,12800,0,0,0,0,0,0
AF,ZELOP,39.535017,-107.285894,2,RIL,78.7,20.1,65.0,2,12200,0,0,0,0,1,0
CF,JIGOM,39.533222,-107.388022,0,IRIL,78.4,16.5,258.0,4.7,2,11100,0,0,0,0,0,0

APPTR,L26-A,26,DBL
IF,DBL,39.439344,-106.894681, ,0.0,0.0,0,0,0,0,0,0,1,0
TF,SOCKY,39.536356,-107.206033,0, ,0.0,0.0,0.0,0.0,2,14000,0,0,0,0,0,0
TF,ZELOP,39.535017,-107.285894,0, ,0.0,0.0,0.0,0.0,2,12200,0,0,0,0,1,0
CF,JIGOM,39.533222,-107.388022,0,IRIL,78.4,16.5,258.0,4.7,2,11100,0,0,0,0,0,0

APPTR,L26-A,26,ZELOP
IF,ZELOP,39.535017,-107.285894, ,0.0,0.0,2,12200,0,0,0,0,1,0
CF,JIGOM,39.533222,-107.388022,0,IRIL,78.4,16.5,258.0,4.7,2,11100,0,0,0,0,0,0

FINAL,L26-A,26,D,3
IF,JIGOM,39.533222,-107.388022,IRIL,78.4,16.5,2,11100,0,0,0,0,0,0
CF,ANTEJ,39.531053,-107.505422,0,IRIL,78.4,11.1,258.0,5.5,2,10400,0,0,0,0,2,0
CF,CIRAS,39.527519,-107.683236,0,IRIL,78.5,2.8,258.0,8.3,1,6334,0,0,0,0,3,0
CF,TEKGU,39.472047,-108.122183,0,RIL,249.9,19.0,250.0,20.7,0,0,0,0,0,0,0,0
CF,WOKPA,39.353464,-108.160933,0,EKR,185.4,44.2,185.0,7.3,2,13000,0,0,0,0,0,0
HM,WOKPA,39.353464,-108.160933,2, ,0.0,0.0,185.0,04.3,0,0,0,0,0,0,0,0,0

APPTR,R08-Y,08,BUUSH
IF,BUUSH,39.239714,-107.913992, ,0.0,0.0,0,0,0,0,0,0,1,0
TF,WOSUV,39.399889,-108.088903,0, ,0.0,0.0,0.0,0.0,2,11500,0,0,0,0,1,0

APPTR,R08-Y,08,JNC
IF,JNC,39.059567,-108.792575, ,0.0,0.0,0,0,0,0,0,0,1,0
TF,WOSUV,39.399889,-108.088903,0, ,0.0,0.0,0.0,0.0,2,11500,0,0,0,0,1,0

APPTR,R08-Y,08,WOSUV
HF,WOSUV,39.399889,-108.088903,1, ,0.0,0.0,40.0,07,2,11500,0,0,0,0,1,0,0

APPTR,R08-Y,08,WOTSO
IF,WOTSO,39.610844,-108.321764, ,0.0,0.0,0,0,0,0,0,0,1,0
TF,WOSUV,39.399889,-108.088903,0, ,0.0,0.0,0.0,0.0,2,11500,0,0,0,0,1,0

FINAL,R08-Y,08,R,5
IF,WOSUV,39.399889,-108.088903, ,0.0,0.0,2,11500,0,0,0,0,0,0
TF,AWXIL,39.475589,-107.974247,0, ,0.0,0.0,40.0,7.0,2,9500,0,0,0,0,0,0
TF,KAINN,39.495061,-107.943781,0, ,0.0,0.0,40.0,1.8,2,9100,0,0,0,0,2,0
TF,CITAK,39.510089,-107.850797,0, ,0.0,0.0,68.0,4.4,2,7460,0,0,0,0,0,0
TF,RIFPU,39.526122,-107.751017,0, ,0.0,0.0,68.0,4.7,1,5698,0,0,0,0,3,1
CA,0,68.0,2,5937,0,0,0,0,0,0
DF,TUSSL,39.424019,-107.609347,0, ,0.0,0.0,0,0,0,0,0,0,0,0
TF,YOTVU,39.259800,-107.725372,0, ,0.0,0.0,0.0,0.0,0,0,0,0,0,0,0,0
TF,BUUSH,39.239714,-107.913992,0, ,0.0,0.0,0.0,0.0,0,0,0,0,0,0,0,0
TF,WOSUV,39.399889,-108.088903,0, ,0.0,0.0,0.0,0.0,2,14000,0,0,0,0,0,1
HM,WOSUV,39.399889,-108.088903,1, ,0.0,0.0,40.0,07,2,14000,0,0,0,0,0,0,0

APPTR,R08-Z,08,AWRAW
IF,AWRAW,39.573683,-108.353772, ,0.0,0.0,0,0,0,1,280,0,1,0
TF,COVIS,39.460211,-108.323911,0, ,0.0,0.0,0.0,0.0,2,11000,0,1,210,0,0,0
RF,TONAE,39.401783,-108.092625,1,EYUVA,227.1,6.5,2,10000,0,0,0,0,1,0

APPTR,R08-Z,08,JNC
IF,JNC,39.059567,-108.792575, ,0.0,0.0,0,0,0,0,0,0,0,0
TF,WOKPA,39.353464,-108.160933,0, ,0.0,0.0,0.0,0.0,2,11000,0,0,0,0,1,0
TF,TONAE,39.401783,-108.092625,0, ,0.0,0.0,0.0,0.0,2,10000,0,0,0,0,1,0

APPTR,R08-Z,08,RIYNO
IF,RIYNO,39.277603,-107.724386, ,0.0,0.0,0,0,0,1,230,0,1,0
TF,HUGSI,39.231897,-107.952867,0, ,0.0,0.0,0.0,0.0,2,13000,0,1,210,0,0,0
RF,CURDI,39.283283,-108.114789,2,IROYO,-2.6,6.8,2,11000,0,0,0,0,0,0
RF,TONAE,39.401783,-108.092625,2,OTUYE,349.1,5.7,2,10000,0,0,0,0,1,0

FINAL,R08-Z,08,R,6
IF,TONAE,39.401783,-108.092625, ,0.0,0.0,2,10000,0,0,0,0,0,0
TF,YIRDU,39.454553,-108.017858,0, ,0.0,0.0,38.0,4.7,2,9000,0,0,0,0,0,0
TF,JOSPA,39.503119,-107.888358,0, ,0.0,0.0,54.0,6.7,2,8000,0,0,0,0,2,0
TF,PIROC,39.520903,-107.843356,0, ,0.0,0.0,53.0,2.4,0,0,0,0,0,0,0,0
RF,FORDU,39.524531,-107.825003,2,YATUY,78.0,2.0,0,0,0,0,0,0,0,0
TF,RW08,39.526347,-107.740386,0, ,0.0,0.0,78.0,3.9,1,5521,0,0,0,0,3,1
TF,NEBUE,39.529217,-107.600331,0, ,0.0,0.0,0.0,0.0,0,0,0,0,0,0,0,0
RF,CULTA,39.315411,-107.553311,2,UYICI,241.7,6.6,0,0,0,0,0,0,0,0
TF,SLOLM,39.296814,-107.627750,0, ,0.0,0.0,0.0,0.0,0,0,0,0,0,0,0,0
TF,RIYNO,39.277603,-107.724386,0, ,0.0,0.0,0.0,0.0,0,0,0,1,230,0,0,0
TF,HUGSI,39.231897,-107.952867,0, ,0.0,0.0,0.0,0.0,2,13000,0,1,210,0,0,1
HM,HUGSI,39.231897,-107.952867,2, ,0.0,0.0,245.0,08,0,0,0,0,0,0,0,0,0

APPTR,R26-W,26,LILXO
IF,LILXO,39.538169,-107.054567, ,0.0,0.0,0,0,0,0,0,0,1,0
TF,DOWNY,39.534858,-107.295208,0, ,0.0,0.0,0.0,0.0,2,12200,0,0,0,0,1,0

APPTR,R26-W,26,TRUEL
IF,TRUEL,39.687858,-107.298247, ,0.0,0.0,0,0,0,1,250,0,1,0
TF,SIYDO,39.610247,-107.296703,0, ,0.0,0.0,0.0,0.0,2,12800,0,0,0,0,0,0
TF,DOWNY,39.534858,-107.295208,0, ,0.0,0.0,0.0,0.0,2,12200,0,0,0,0,1,0

FINAL,R26-W,26,R,5
IF,DOWNY,39.534858,-107.295208, ,0.0,0.0,2,12200,0,0,0,0,0,0
TF,TOBPU,39.532358,-107.435647,0, ,0.0,0.0,259.0,6.5,2,10100,0,0,0,0,0,0
TF,TONYE,39.531136,-107.500975,0, ,0.0,0.0,259.0,3.0,2,9300,0,0,0,0,2,0
TF,JUTOB,39.529478,-107.586697,0, ,0.0,0.0,259.0,4.0,2,7820,0,0,0,0,0,0
TF,RW26,39.526867,-107.715586,0, ,0.0,0.0,259.0,6.0,1,5595,0,0,0,0,3,1
CA,0,259.0,2,5937,0,0,0,0,0,0
DF,OMJIY,39.524575,-107.823242,0, ,0.0,0.0,0,0,0,0,0,0,0,0
TF,SAWOM,39.454481,-108.018664,0, ,0.0,0.0,0.0,0.0,0,0,0,0,0,0,0,0
TF,WOKPA,39.353464,-108.160933,0, ,0.0,0.0,0.0,0.0,2,14000,0,0,0,0,0,1
HM,WOKPA,39.353464,-108.160933,2, ,0.0,0.0,184.0,08,2,14000,0,0,0,0,0,0,0

APPTR,R26-X,26,LILXO
IF,LILXO,39.538169,-107.054567, ,0.0,0.0,0,0,0,0,0,0,1,0
TF,DOWNY,39.534858,-107.295208,0, ,0.0,0.0,0.0,0.0,2,12200,0,0,0,0,1,0

APPTR,R26-X,26,TRUEL
IF,TRUEL,39.687858,-107.298247, ,0.0,0.0,0,0,0,1,250,0,1,0
TF,SIYDO,39.610247,-107.296703,0, ,0.0,0.0,0.0,0.0,2,12800,0,0,0,0,0,0
TF,DOWNY,39.534858,-107.295208,0, ,0.0,0.0,0.0,0.0,2,12200,0,0,0,0,1,0

FINAL,R26-X,26,R,3
IF,DOWNY,39.534858,-107.295208, ,0.0,0.0,2,12200,0,0,0,0,0,0
TF,WUKLI,39.532222,-107.442939,0, ,0.0,0.0,259.0,6.9,2,10300,0,0,0,0,2,0
TF,RW26,39.526867,-107.715586,0, ,0.0,0.0,259.0,12.7,1,5593,0,0,0,0,3,1
CA,0,259.0,2,5937,0,0,0,0,0,0
DF,OMJIY,39.524575,-107.823242,0, ,0.0,0.0,0,0,0,0,0,0,0,0
TF,SAWOM,39.454481,-108.018664,0, ,0.0,0.0,0.0,0.0,0,0,0,0,0,0,0,0
TF,WOKPA,39.353464,-108.160933,0, ,0.0,0.0,0.0,0.0,2,14000,0,0,0,0,0,1
HM,WOKPA,39.353464,-108.160933,2, ,0.0,0.0,184.0,08,2,14000,0,0,0,0,0,0,0

APPTR,R26-Y,26,DBL
IF,DBL,39.439344,-106.894681, ,0.0,0.0,0,0,0,1,210,0,1,0
TF,HERGI,39.465528,-107.061136,0, ,0.0,0.0,0.0,0.0,2,13400,0,0,0,0,0,0
TF,WIBEX,39.532778,-107.413158,0, ,0.0,0.0,0.0,0.0,2,10200,0,1,180,0,1,0

APPTR,R26-Y,26,SLOLM
IF,SLOLM,39.296814,-107.627750, ,0.0,0.0,0,0,0,1,240,0,1,0
TF,YORRO,39.344939,-107.393614,0, ,0.0,0.0,0.0,0.0,2,12100,0,1,210,0,0,0
RF,TUSPE,39.426544,-107.296172,1,CFLDB,309.3,6.2,2,11900,0,0,0,0,0,0
RF,WIBEX,39.532778,-107.413158,1,CFLDC,62.9,5.4,2,10200,0,1,180,0,1,0

APPTR,R26-Y,26,SXW
IF,SXW,39.629478,-106.991169, ,0.0,0.0,0,0,0,0,0,0,1,0
TF,LACID,39.561356,-107.289264,0, ,0.0,0.0,0.0,0.0,2,10500,0,0,0,0,0,0
TF,WIBEX,39.532778,-107.413158,0, ,0.0,0.0,0.0,0.0,2,10200,0,1,180,0,1,0

APPTR,R26-Y,26,TRUEL
IF,TRUEL,39.687858,-107.298247, ,0.0,0.0,0,0,0,1,210,0,1,0
TF,HUTNI,39.611164,-107.306083,0, ,0.0,0.0,0.0,0.0,2,12800,0,1,210,0,0,0
RF,REVNE,39.553931,-107.343142,2,CFLCW,238.2,5.1,2,11900,0,0,0,0,0,0
RF,WIBEX,39.532778,-107.413158,2,CFLCZ,349.6,5.1,2,10200,0,1,180,0,1,0

FINAL,R26-Y,26,R,4
IF,WIBEX,39.532778,-107.413158, ,0.0,0.0,2,10200,0,1,180,0,0,0
TF,NUPCI,39.531575,-107.478625,0, ,0.0,0.0,259.0,3.0,2,9300,0,0,0,0,0,0
TF,JEXON,39.529797,-107.570481,0, ,0.0,0.0,259.0,4.3,2,8100,0,0,0,0,2,0
TF,RW26,39.526867,-107.715586,0, ,0.0,0.0,259.0,6.7,1,5595,0,0,0,0,3,1
TF,ZONUR,39.524478,-107.827764,0, ,0.0,0.0,0.0,0.0,0,0,0,0,0,0,0,0
TF,YIRDU,39.454553,-108.017858,0, ,0.0,0.0,0.0,0.0,0,0,0,0,0,0,0,0
TF,WOKPA,39.353464,-108.160933,0, ,0.0,0.0,0.0,0.0,2,14000,0,0,0,0,0,1
HM,WOKPA,39.353464,-108.160933,2, ,0.0,0.0,184.0,08,2,14000,0,0,0,0,0,0,0

APPTR,R26-Z,26,DBL
IF,DBL,39.439344,-106.894681, ,0.0,0.0,0,0,0,1,210,0,1,0
TF,HERGI,39.465528,-107.061136,0, ,0.0,0.0,0.0,0.0,2,13400,0,0,0,0,0,0
TF,WIBEX,39.532778,-107.413158,0, ,0.0,0.0,0.0,0.0,2,10200,0,1,180,0,1,0

APPTR,R26-Z,26,SLOLM
IF,SLOLM,39.296814,-107.627750, ,0.0,0.0,0,0,0,1,240,0,1,0
TF,YORRO,39.344939,-107.393614,0, ,0.0,0.0,0.0,0.0,2,12100,0,1,210,0,0,0
RF,TUSPE,39.426544,-107.296172,1,CFLDB,309.3,6.2,2,11900,0,0,0,0,0,0
RF,WIBEX,39.532778,-107.413158,1,CFLDC,62.9,5.4,2,10200,0,1,180,0,1,0

APPTR,R26-Z,26,SXW
IF,SXW,39.629478,-106.991169, ,0.0,0.0,0,0,0,0,0,0,1,0
TF,LACID,39.561356,-107.289264,0, ,0.0,0.0,0.0,0.0,2,10500,0,0,0,0,0,0
TF,WIBEX,39.532778,-107.413158,0, ,0.0,0.0,0.0,0.0,2,10200,0,1,180,0,1,0

APPTR,R26-Z,26,TRUEL
IF,TRUEL,39.687858,-107.298247, ,0.0,0.0,0,0,0,1,210,0,1,0
TF,HUTNI,39.611164,-107.306083,0, ,0.0,0.0,0.0,0.0,2,12800,0,1,210,0,0,0
RF,REVNE,39.553931,-107.343142,2,CFLCW,238.2,5.1,2,11900,0,0,0,0,0,0
RF,WIBEX,39.532778,-107.413158,2,CFLCZ,349.6,5.1,2,10200,0,1,180,0,1,0

FINAL,R26-Z,26,R,4
IF,WIBEX,39.532778,-107.413158, ,0.0,0.0,2,10200,0,1,180,0,0,0
TF,NUPCI,39.531575,-107.478625,0, ,0.0,0.0,259.0,3.0,2,9300,0,0,0,0,0,0
TF,JEXON,39.529797,-107.570481,0, ,0.0,0.0,259.0,4.3,2,8100,0,0,0,0,2,0
TF,RW26,39.526867,-107.715586,0, ,0.0,0.0,259.0,6.7,1,5595,0,0,0,0,3,0
TF,SIYOP,39.526203,-107.747278,0, ,0.0,0.0,0.0,0.0,0,0,0,0,0,0,0,0
TF,PUVOY,39.525625,-107.777353,0, ,0.0,0.0,0.0,0.0,0,0,0,0,0,0,0,0
RF,TEROE,39.519717,-107.834442,1,CFLDH,245.8,12.5,0,0,0,0,0,0,0,0
TF,WADAK,39.508450,-107.893617,0, ,0.0,0.0,0.0,0.0,0,0,0,0,0,0,0,0
TF,YIRDU,39.454553,-108.017858,0, ,0.0,0.0,0.0,0.0,0,0,0,0,0,0,0,0
TF,WOKPA,39.353464,-108.160933,0, ,0.0,0.0,0.0,0.0,2,14000,0,0,0,0,0,1
HM,WOKPA,39.353464,-108.160933,2, ,0.0,0.0,184.0,08,2,14000,0,0,0,0,0,0,0

