APPTR,R11,11,BAXLY
IF,BAXLY,31.747311,-82.337422, ,0.0,0.0,0,0,0,0,0,0,0,0
TF,FEVNA,32.117836,-82.364689,0, ,0.0,0.0,0.0,0.0,2,3000,0,0,0,0,0,1
HF,FEVNA,32.117836,-82.364689,2, ,0.0,0.0,114.0,04,2,3000,0,0,0,0,1,0,0

APPTR,R11,11,LOTTS
IF,LOTTS,32.336567,-81.855117, ,0.0,0.0,0,0,0,0,0,0,0,0
TF,FEVNA,32.117836,-82.364689,0, ,0.0,0.0,0.0,0.0,2,3000,0,0,0,0,0,1
HF,FEVNA,32.117836,-82.364689,2, ,0.0,0.0,114.0,04,2,3000,0,0,0,0,1,0,0

FINAL,R11,11,R,4
IF,FEVNA,32.117836,-82.364689, ,0.0,0.0,2,3000,0,0,0,0,0,0
TF,CIGOX,32.087506,-82.254739,0, ,0.0,0.0,114.0,5.9,2,1800,0,0,0,0,2,0
TF,ZOVIZ,32.071956,-82.198547,0, ,0.0,0.0,114.0,3.0,2,840,0,0,0,0,0,0
TF,RW11,32.061617,-82.161253,0, ,0.0,0.0,114.0,2.0,1,204,0,0,0,0,3,1
CA,0,114.0,2,600,0,0,0,0,0,0
DF,FEVNA,32.117836,-82.364689,2, ,0.0,0.0,2,3000,0,0,0,0,0,1
HM,FEVNA,32.117836,-82.364689,2, ,0.0,0.0,114.0,04,2,3000,0,0,0,0,0,0,0

APPTR,R29,29,CHENT
HF,CHENT,32.005922,-81.961158,2, ,0.0,0.0,294.0,04,2,2000,0,0,0,0,1,0,0

APPTR,R29,29,INMTE
IF,INMTE,31.910692,-81.997753, ,0.0,0.0,0,0,0,0,0,0,1,0
TF,CHENT,32.005922,-81.961158,0, ,0.0,0.0,0.0,0.0,2,2000,0,0,0,0,1,0

APPTR,R29,29,OHOPE
IF,OHOPE,32.101142,-81.924492, ,0.0,0.0,0,0,0,0,0,0,1,0
TF,CHENT,32.005922,-81.961158,0, ,0.0,0.0,0.0,0.0,2,2000,0,0,0,0,1,0

FINAL,R29,29,R,3
IF,CHENT,32.005922,-81.961158, ,0.0,0.0,2,2000,0,0,0,0,0,0
TF,TATNL,32.031981,-82.054606,0, ,0.0,0.0,294.0,5.0,2,1800,0,0,0,0,2,0
TF,RW29,32.057358,-82.145900,0, ,0.0,0.0,294.0,4.9,1,240,0,0,0,0,3,1
CA,0,294.0,2,446,0,0,0,0,0,0
DF,FEVNA,32.117836,-82.364689,0, ,0.0,0.0,2,3000,0,0,0,0,0,1
HM,FEVNA,32.117836,-82.364689,2, ,0.0,0.0,114.0,04,2,3000,0,0,0,0,0,0,0

