APPTR,R12,12,LWT
IF,LWT,47.052969,-109.606169, ,0.0,0.0,0,0,0,0,0,0,0,0
TF,HABOL,47.263800,-110.563975,0, ,0.0,0.0,0.0,0.0,2,9100,0,0,0,0,0,1
HF,HABOL,47.263800,-110.563975,2, ,0.0,0.0,101.0,07,2,9100,0,0,0,0,1,0,0

APPTR,R12,12,YOGOS
IF,YOGOS,47.325142,-110.827153, ,0.0,0.0,0,0,0,0,0,0,1,0
TF,HABOL,47.263800,-110.563975,0, ,0.0,0.0,0.0,0.0,2,9100,0,0,0,0,1,0

APPTR,R12,12,ZERZO
IF,ZERZO,46.873886,-110.085697, ,0.0,0.0,0,0,0,0,0,0,0,0
TF,HABOL,47.263800,-110.563975,0, ,0.0,0.0,0.0,0.0,2,9100,0,0,0,0,0,1
HF,HABOL,47.263800,-110.563975,2, ,0.0,0.0,101.0,07,2,9100,0,0,0,0,1,0,0

FINAL,R12,12,R,3
IF,HABOL,47.263800,-110.563975, ,0.0,0.0,2,9100,0,0,0,0,0,0
TF,POVOE,47.202106,-110.336794,0, ,0.0,0.0,101.0,10.0,2,6000,0,0,0,0,2,0
TF,RW12,47.151267,-110.237344,0, ,0.0,0.0,116.0,5.1,1,4380,0,0,0,0,3,1
CA,0,116.0,2,5200,0,0,0,0,0,0
DF,YESUT,47.010678,-109.841836,0, ,0.0,0.0,2,8000,0,0,0,0,0,1
HM,YESUT,47.010678,-109.841836,2, ,0.0,0.0,287.0,07,0,0,0,0,0,0,0,0,0

APPTR,R30,30,JUGAP
IF,JUGAP,46.645056,-109.764811, ,0.0,0.0,0,0,0,0,0,0,1,0
TF,STERA,46.827072,-109.862544,0, ,0.0,0.0,0.0,0.0,2,8200,0,0,0,0,0,0
TF,WABMI,47.009003,-109.960942,0, ,0.0,0.0,0.0,0.0,2,8000,0,0,0,0,1,0

APPTR,R30,30,LWT
IF,LWT,47.052969,-109.606169, ,0.0,0.0,0,0,0,0,0,0,1,0
TF,WABMI,47.009003,-109.960942,0, ,0.0,0.0,0.0,0.0,2,8000,0,0,0,0,1,0

APPTR,R30,30,TEKOE
IF,TEKOE,46.939253,-110.233022, ,0.0,0.0,0,0,0,0,0,0,0,0
TF,GRAAM,46.974208,-110.097069,0, ,0.0,0.0,0.0,0.0,2,8700,0,0,0,0,0,0
TF,WABMI,47.009003,-109.960942,0, ,0.0,0.0,0.0,0.0,2,8000,0,0,0,0,0,1
HF,WABMI,47.009003,-109.960942,2, ,0.0,0.0,296.0,07,2,8000,0,0,0,0,1,0,0

APPTR,R30,30,YOGOS
IF,YOGOS,47.325142,-110.827153, ,0.0,0.0,0,0,0,0,0,0,0,0
TF,WABMI,47.009003,-109.960942,0, ,0.0,0.0,0.0,0.0,2,8000,0,0,0,0,0,1
HF,WABMI,47.009003,-109.960942,2, ,0.0,0.0,296.0,07,2,8000,0,0,0,0,1,0,0

FINAL,R30,30,R,3
IF,WABMI,47.009003,-109.960942, ,0.0,0.0,2,8000,0,0,0,0,0,0
TF,KWYET,47.092433,-110.122703,0, ,0.0,0.0,296.0,8.3,2,6000,0,0,0,0,2,0
TF,RW30,47.144353,-110.223847,0, ,0.0,0.0,296.0,5.2,1,4348,0,0,0,0,3,1
CA,0,296.0,2,4900,0,0,0,0,0,0
DF,YOGOS,47.325142,-110.827153,0, ,0.0,0.0,2,8500,0,0,0,0,0,1
HM,YOGOS,47.325142,-110.827153,2, ,0.0,0.0,103.0,07,0,0,0,0,0,0,0,0,0

