STAR,WIPOR4,ALB,4
IF,ALB,42.747281,-73.803183, ,0.0,0.0,0,0,0,0,0,0,0,0
TF,SHIGY,42.399431,-73.316939,0, ,0.0,0.0,0.0,0.0,0,0,0,0,0,0,0,0
TF,TOMES,42.145353,-72.967067,0, ,0.0,0.0,0.0,0.0,0,0,0,0,0,0,0,0
TF,NELIE,41.941011,-72.688578,0, ,0.0,0.0,0.0,0.0,0,0,0,0,0,0,0,0
TF,WIPOR,41.656408,-72.177131,0, ,0.0,0.0,0.0,0.0,0,0,0,0,0,0,0,0

STAR,WIPOR4,ARRKK,4
IF,ARRKK,42.063478,-75.316781, ,0.0,0.0,0,0,0,0,0,0,0,0
TF,SCARS,42.315750,-74.829819,0, ,0.0,0.0,0.0,0.0,0,0,0,0,0,0,0,0
TF,FOXXX,42.343642,-74.291964,0, ,0.0,0.0,0.0,0.0,0,0,0,0,0,0,0,0
TF,GOOBY,42.393428,-73.429339,0, ,0.0,0.0,0.0,0.0,0,0,0,0,0,0,0,0
TF,SHIGY,42.399431,-73.316939,0, ,0.0,0.0,0.0,0.0,0,0,0,0,0,0,0,0
TF,TOMES,42.145353,-72.967067,0, ,0.0,0.0,0.0,0.0,0,0,0,0,0,0,0,0
TF,NELIE,41.941011,-72.688578,0, ,0.0,0.0,0.0,0.0,0,0,0,0,0,0,0,0
TF,WIPOR,41.656408,-72.177131,0, ,0.0,0.0,0.0,0.0,0,0,0,0,0,0,0,0

STAR,WIPOR4,MEMMS,4
IF,MEMMS,42.516586,-76.304286, ,0.0,0.0,0,0,0,0,0,0,0,0
TF,SCARS,42.315750,-74.829819,0, ,0.0,0.0,0.0,0.0,0,0,0,0,0,0,0,0
TF,FOXXX,42.343642,-74.291964,0, ,0.0,0.0,0.0,0.0,0,0,0,0,0,0,0,0
TF,GOOBY,42.393428,-73.429339,0, ,0.0,0.0,0.0,0.0,0,0,0,0,0,0,0,0
TF,SHIGY,42.399431,-73.316939,0, ,0.0,0.0,0.0,0.0,0,0,0,0,0,0,0,0
TF,TOMES,42.145353,-72.967067,0, ,0.0,0.0,0.0,0.0,0,0,0,0,0,0,0,0
TF,NELIE,41.941011,-72.688578,0, ,0.0,0.0,0.0,0.0,0,0,0,0,0,0,0,0
TF,WIPOR,41.656408,-72.177131,0, ,0.0,0.0,0.0,0.0,0,0,0,0,0,0,0,0

STAR,WIPOR4,ALL,5
IF,WIPOR,41.656408,-72.177131, ,0.0,0.0,0,0,0,0,0,0,0,0
TF,YANTC,41.556336,-71.999153,0, ,0.0,0.0,0.0,0.0,0,0,0,0,0,0,0,0
TF,SAUGY,41.489453,-71.800542,0, ,0.0,0.0,0.0,0.0,0,0,0,0,0,0,0,0
TF,WAWIK,41.619883,-71.652625,0, ,0.0,0.0,0.0,0.0,0,0,0,0,0,0,0,0
TF,SEABE,41.779033,-71.511739,0, ,0.0,0.0,0.0,0.0,2,5000,0,0,0,0,0,1
FM,SEABE,41.779033,-71.511739,0,ACK,0.0,0.0,49.0,0,0,0,0,0,0,0,0

APPTR,L05,05,JIKUK
FC,JIKUK,41.587847,-71.582086,0,ORW,0.0,0.0,346.0,4.3,2,2500,0,0,0,0,1,0
CF,BARYS,41.709858,-71.668642,0,ISFZ,227.1,15.5,346.0,4.0,2,2500,0,0,0,0,1,0

APPTR,L05,05,ORW
FC,ORW,41.556403,-71.999353,0,ORW,0.0,0.0,72.0,13.5,2,2500,0,0,0,0,1,0
CF,BARYS,41.709858,-71.668642,0,ISFZ,227.1,15.5,72.0,4.0,2,2500,0,0,0,0,1,0

FINAL,L05,05,D,4
IF,BARYS,41.709858,-71.668642,ISFZ,227.1,15.5,2,2500,0,0,0,0,0,0
CF,MIMIC,41.826561,-71.571231,0,ISFZ,227.1,7.3,47.0,8.3,2,2500,0,0,0,0,2,0
CF,ESULE,41.891197,-71.517150,0,ISFZ,227.1,2.7,47.0,4.6,2,1040,0,0,0,0,0,0
CF,RW05,41.916633,-71.495825,0,ISFZ,227.1,0.9,47.0,1.8,1,471,0,0,0,0,3,0
CA,0,47.0,2,1000,0,0,0,0,0,0
CF,FOSTY,41.843183,-71.642039,1,ORW,56.9,23.5,237.0,8.0,2,2500,0,0,0,0,0,0
HM,FOSTY,41.843183,-71.642039,1, ,0.0,0.0,57.0,04.3,0,0,0,0,0,0,0,0,0

APPTR,R05,05,EGAKE
IF,EGAKE,41.786914,-71.784467, ,0.0,0.0,0,0,0,0,0,0,1,0
TF,WALLU,41.743314,-71.640753,0, ,0.0,0.0,0.0,0.0,2,2600,0,0,0,0,1,0

APPTR,R05,05,JEWIT
IF,JEWIT,41.696089,-71.825883, ,0.0,0.0,0,0,0,0,0,0,1,0
TF,WALLU,41.743314,-71.640753,0, ,0.0,0.0,0.0,0.0,2,2600,0,0,0,0,1,0

APPTR,R05,05,ORW
IF,ORW,41.556403,-71.999353, ,0.0,0.0,0,0,0,0,0,0,1,0
TF,WALLU,41.743314,-71.640753,0, ,0.0,0.0,0.0,0.0,2,2600,0,0,0,0,1,0

APPTR,R05,05,YBERA
IF,YBERA,41.639058,-71.524994, ,0.0,0.0,0,0,0,0,0,0,1,0
TF,WALLU,41.743314,-71.640753,0, ,0.0,0.0,0.0,0.0,2,2600,0,0,0,0,1,0

FINAL,R05,05,R,4
IF,WALLU,41.743314,-71.640753, ,0.0,0.0,2,2600,0,0,0,0,0,0
TF,MIMIC,41.826561,-71.571231,0, ,0.0,0.0,47.0,5.9,2,2500,0,0,0,0,2,0
TF,IDIKE,41.874233,-71.531350,0, ,0.0,0.0,47.0,3.4,2,1420,0,0,0,0,0,0
TF,RW05,41.916633,-71.495825,0, ,0.0,0.0,47.0,3.0,1,471,0,0,0,0,3,1
CA,0,47.0,2,2000,0,0,0,0,0,0
DF,FOSTY,41.843183,-71.642039,1, ,0.0,0.0,2,2500,0,0,0,0,0,1
HM,FOSTY,41.843183,-71.642039,1, ,0.0,0.0,57.0,04,0,0,0,0,0,0,0,0,0

APPTR,R23,23,BOS
IF,BOS,42.357450,-70.989547, ,0.0,0.0,0,0,0,0,0,0,1,0
TF,KENPY,42.099539,-71.341836,0, ,0.0,0.0,0.0,0.0,2,2500,0,0,0,0,1,0

APPTR,R23,23,BURDY
IF,BURDY,41.955317,-70.952069, ,0.0,0.0,0,0,0,0,0,0,1,0
TF,KENPY,42.099539,-71.341836,0, ,0.0,0.0,0.0,0.0,2,2500,0,0,0,0,1,0

APPTR,R23,23,WHYBE
IF,WHYBE,42.253842,-71.416536, ,0.0,0.0,0,0,0,0,0,0,1,0
TF,KENPY,42.099539,-71.341836,0, ,0.0,0.0,0.0,0.0,2,2500,0,0,0,0,1,0

FINAL,R23,23,R,4
IF,KENPY,42.099539,-71.341836, ,0.0,0.0,2,2500,0,0,0,0,0,0
TF,RUSEL,42.010147,-71.417261,0, ,0.0,0.0,227.0,6.3,2,2300,0,0,0,0,2,0
TF,LIVGE,41.970647,-71.450481,0, ,0.0,0.0,227.0,2.8,2,1400,0,0,0,0,0,0
TF,RW23,41.928264,-71.486069,0, ,0.0,0.0,227.0,3.0,1,454,0,0,0,0,3,1
CA,0,227.0,2,669,0,0,0,0,0,0
DF,WALLU,41.743314,-71.640753,0, ,0.0,0.0,2,2600,0,0,0,0,0,1
HM,WALLU,41.743314,-71.640753,1, ,0.0,0.0,47.0,04,0,0,0,0,0,0,0,0,0

APPTR,V05-A,05,PVD
HF,PVD,41.724342,-71.429642,2, ,0.0,0.0,1.0,04.3,2,1900,0,0,0,0,1,0,0

FINAL,V05-A,05,D,3
IF,PVD,41.724342,-71.429642,PVD,0.0,0.0,2,1900,0,0,0,0,0,0
CF,UNTER,41.838072,-71.464750,0,PVD,1.0,7.0,1.0,7.0,2,1900,0,0,0,0,2,0
CF,CUTIV,41.914742,-71.488492,0,PVD,1.0,11.7,1.0,4.7,1,980,0,0,0,0,3,0
CA,0,1.0,2,980,0,0,0,0,0,0
CF,FOSTY,41.843183,-71.642039,1,PVD,320.9,11.9,237.0,7.0,2,2500,0,0,0,0,0,0
HM,FOSTY,41.843183,-71.642039,1, ,0.0,0.0,57.0,04.3,0,0,0,0,0,0,0,0,0

APPTR,V15-A,15,PVD
HF,PVD,41.724342,-71.429642,2, ,0.0,0.0,1.0,04.3,2,1900,0,0,0,0,1,0,0

FINAL,V15-A,15,D,3
IF,PVD,41.724342,-71.429642,PVD,0.0,0.0,2,1900,0,0,0,0,0,0
CF,UNTER,41.838072,-71.464750,0,PVD,1.0,7.0,1.0,7.0,2,1900,0,0,0,0,2,0
CF,CUTIV,41.914742,-71.488492,0,PVD,1.0,11.7,1.0,4.7,1,980,0,0,0,0,3,0
CA,0,1.0,2,980,0,0,0,0,0,0
CF,FOSTY,41.843183,-71.642039,1,PVD,320.9,11.9,237.0,7.0,2,2500,0,0,0,0,0,0
HM,FOSTY,41.843183,-71.642039,1, ,0.0,0.0,57.0,04.3,0,0,0,0,0,0,0,0,0

APPTR,V23-A,23,PVD
HF,PVD,41.724342,-71.429642,2, ,0.0,0.0,1.0,04.3,2,1900,0,0,0,0,1,0,0

FINAL,V23-A,23,D,3
IF,PVD,41.724342,-71.429642,PVD,0.0,0.0,2,1900,0,0,0,0,0,0
CF,UNTER,41.838072,-71.464750,0,PVD,1.0,7.0,1.0,7.0,2,1900,0,0,0,0,2,0
CF,CUTIV,41.914742,-71.488492,0,PVD,1.0,11.7,1.0,4.7,1,980,0,0,0,0,3,0
CA,0,1.0,2,980,0,0,0,0,0,0
CF,FOSTY,41.843183,-71.642039,1,PVD,320.9,11.9,237.0,7.0,2,2500,0,0,0,0,0,0
HM,FOSTY,41.843183,-71.642039,1, ,0.0,0.0,57.0,04.3,0,0,0,0,0,0,0,0,0

APPTR,V33-A,33,PVD
HF,PVD,41.724342,-71.429642,2, ,0.0,0.0,1.0,04.3,2,1900,0,0,0,0,1,0,0

FINAL,V33-A,33,D,3
IF,PVD,41.724342,-71.429642,PVD,0.0,0.0,2,1900,0,0,0,0,0,0
CF,UNTER,41.838072,-71.464750,0,PVD,1.0,7.0,1.0,7.0,2,1900,0,0,0,0,2,0
CF,CUTIV,41.914742,-71.488492,0,PVD,1.0,11.7,1.0,4.7,1,980,0,0,0,0,3,0
CA,0,1.0,2,980,0,0,0,0,0,0
CF,FOSTY,41.843183,-71.642039,1,PVD,320.9,11.9,237.0,7.0,2,2500,0,0,0,0,0,0
HM,FOSTY,41.843183,-71.642039,1, ,0.0,0.0,57.0,04.3,0,0,0,0,0,0,0,0,0

