APPTR,I05,05,LVT
IF,LVT,36.584508,-85.166622, ,0.0,0.0,0,0,0,0,0,0,1,0
TF,SITOW,36.895650,-84.798181,0,ISME,0.0,0.0,0.0,0.0,2,3700,0,0,0,0,1,0

APPTR,I05,05,SITOW
HF,SITOW,36.895650,-84.798181,2, ,0.0,0.0,48.0,04.3,2,3700,0,0,0,0,1,0,0

FINAL,I05,05,I,3
IF,SITOW,36.895650,-84.798181,ISME,227.9,13.5,2,3700,0,0,0,0,0,0
CF,HIPOD,36.970933,-84.711306,0,ISME,227.9,7.3,48.0,6.2,1,3000,0,0,0,0,2,0
CF,RW05,37.048794,-84.621206,0,ISME,227.9,1.0,48.0,6.4,1,973,0,0,0,0,3,0
CA,0,48.0,2,2000,0,0,0,0,0,0
VI,2, ,0.0,255.0,0,0,0,0,0,0,0,0
CF,SITOW,36.895650,-84.798181,0,LVT,45.5,25.8,226.0,8.0,2,5000,0,0,0,0,0,0
HM,SITOW,36.895650,-84.798181,2, ,0.0,0.0,48.0,04.3,2,5000,0,0,0,0,0,0,0

APPTR,R05,05,TOOLY
HF,TOOLY,36.889389,-84.786961,2, ,0.0,0.0,45.0,04,2,3600,0,0,0,0,1,0,0

FINAL,R05,05,R,3
IF,TOOLY,36.889389,-84.786961, ,0.0,0.0,2,3600,0,0,0,0,0,0
TF,JIBEX,36.970144,-84.703106,0, ,0.0,0.0,45.0,6.3,2,3000,0,0,0,0,2,0
TF,RW05,37.048794,-84.621206,0, ,0.0,0.0,45.0,6.1,1,966,0,0,0,0,3,1
CA,0,45.0,2,1177,0,0,0,0,0,0
DF,AZLEC,37.230339,-84.410050,0, ,0.0,0.0,2,3600,0,0,0,0,0,1
HM,AZLEC,37.230339,-84.410050,2, ,0.0,0.0,228.0,04,0,0,0,0,0,0,0,0,0

APPTR,R23,23,AZLEC
HF,AZLEC,37.230339,-84.410050,2, ,0.0,0.0,228.0,04,2,3600,0,0,0,0,1,0,0

FINAL,R23,23,R,4
IF,AZLEC,37.230339,-84.410050, ,0.0,0.0,2,3600,0,0,0,0,0,0
TF,HITFO,37.132683,-84.523817,0, ,0.0,0.0,228.0,8.0,2,2900,0,0,0,0,2,0
TF,BABME,37.090606,-84.572706,0, ,0.0,0.0,228.0,3.4,2,1820,0,0,0,0,0,0
TF,RW23,37.058828,-84.609575,0, ,0.0,0.0,228.0,2.6,1,975,0,0,0,0,3,1
CA,0,228.0,2,1327,0,0,0,0,0,0
DF,TOOLY,36.889389,-84.786961,0, ,0.0,0.0,2,3600,0,0,0,0,0,1
HM,TOOLY,36.889389,-84.786961,2, ,0.0,0.0,45.0,04,0,0,0,0,0,0,0,0,0

