APPTR,D15CE,15C,BRUUS
HF,BRUUS,33.986739,-98.232717,2, ,0.0,0.0,260.0,04,2,3000,0,1,175,0,1,0,0

FINAL,D15CE,15C,D,3
IF,BRUUS,33.986739,-98.232717,SPS,80.0,18.0,2,3000,0,0,0,0,0,0
CF,HUDIN,33.987017,-98.352950,0,SPS,80.0,12.0,260.0,6.0,2,2600,0,0,0,0,2,0
CF,IXODE,33.987186,-98.453167,0,SPS,80.0,7.0,260.0,5.0,1,2100,0,0,0,0,3,0
VI,2, ,0.0,90.0,0,0,0,0,0,0,0,0
CF,HABEK,34.100897,-98.216300,0,SPS,60.0,20.0,60.0,10.0,2,3200,0,0,0,0,0,0

APPTR,D15LE,15L,BRUUS
HF,BRUUS,33.986739,-98.232717,2, ,0.0,0.0,260.0,04,2,3000,0,1,175,0,1,0,0

FINAL,D15LE,15L,D,3
IF,BRUUS,33.986739,-98.232717,SPS,80.0,18.0,2,3000,0,0,0,0,0,0
CF,HUDIN,33.987017,-98.352950,0,SPS,80.0,12.0,260.0,6.0,2,2600,0,0,0,0,2,0
CF,IXODE,33.987186,-98.453167,0,SPS,80.0,7.0,260.0,5.0,1,2100,0,0,0,0,3,0
VI,2, ,0.0,90.0,0,0,0,0,0,0,0,0
CF,HABEK,34.100897,-98.216300,0,SPS,60.0,20.0,60.0,10.0,2,3200,0,0,0,0,0,0

APPTR,D15RE,15R,BRUUS
HF,BRUUS,33.986739,-98.232717,2, ,0.0,0.0,260.0,04,2,3000,0,1,175,0,1,0,0

FINAL,D15RE,15R,D,3
IF,BRUUS,33.986739,-98.232717,SPS,80.0,18.0,2,3000,0,0,0,0,0,0
CF,HUDIN,33.987017,-98.352950,0,SPS,80.0,12.0,260.0,6.0,2,2600,0,0,0,0,2,0
CF,IXODE,33.987186,-98.453167,0,SPS,80.0,7.0,260.0,5.0,1,2100,0,0,0,0,3,0
VI,2, ,0.0,90.0,0,0,0,0,0,0,0,0
CF,HABEK,34.100897,-98.216300,0,SPS,60.0,20.0,60.0,10.0,2,3200,0,0,0,0,0,0

APPTR,D18-E,18,BRUUS
HF,BRUUS,33.986739,-98.232717,2, ,0.0,0.0,260.0,04,2,3000,0,1,175,0,1,0,0

FINAL,D18-E,18,D,3
IF,BRUUS,33.986739,-98.232717,SPS,80.0,18.0,2,3000,0,0,0,0,0,0
CF,HUDIN,33.987017,-98.352950,0,SPS,80.0,12.0,260.0,6.0,2,2600,0,0,0,0,2,0
CF,IXODE,33.987186,-98.453167,0,SPS,80.0,7.0,260.0,5.0,1,2100,0,0,0,0,3,0
VI,2, ,0.0,90.0,0,0,0,0,0,0,0,0
CF,HABEK,34.100897,-98.216300,0,SPS,60.0,20.0,60.0,10.0,2,3200,0,0,0,0,0,0

APPTR,D33CE,33C,BRUUS
HF,BRUUS,33.986739,-98.232717,2, ,0.0,0.0,260.0,04,2,3000,0,1,175,0,1,0,0

FINAL,D33CE,33C,D,3
IF,BRUUS,33.986739,-98.232717,SPS,80.0,18.0,2,3000,0,0,0,0,0,0
CF,HUDIN,33.987017,-98.352950,0,SPS,80.0,12.0,260.0,6.0,2,2600,0,0,0,0,2,0
CF,IXODE,33.987186,-98.453167,0,SPS,80.0,7.0,260.0,5.0,1,2100,0,0,0,0,3,0
VI,2, ,0.0,90.0,0,0,0,0,0,0,0,0
CF,HABEK,34.100897,-98.216300,0,SPS,60.0,20.0,60.0,10.0,2,3200,0,0,0,0,0,0

APPTR,D33LE,33L,BRUUS
HF,BRUUS,33.986739,-98.232717,2, ,0.0,0.0,260.0,04,2,3000,0,1,175,0,1,0,0

FINAL,D33LE,33L,D,3
IF,BRUUS,33.986739,-98.232717,SPS,80.0,18.0,2,3000,0,0,0,0,0,0
CF,HUDIN,33.987017,-98.352950,0,SPS,80.0,12.0,260.0,6.0,2,2600,0,0,0,0,2,0
CF,IXODE,33.987186,-98.453167,0,SPS,80.0,7.0,260.0,5.0,1,2100,0,0,0,0,3,0
VI,2, ,0.0,90.0,0,0,0,0,0,0,0,0
CF,HABEK,34.100897,-98.216300,0,SPS,60.0,20.0,60.0,10.0,2,3200,0,0,0,0,0,0

APPTR,D33RE,33R,BRUUS
HF,BRUUS,33.986739,-98.232717,2, ,0.0,0.0,260.0,04,2,3000,0,1,175,0,1,0,0

FINAL,D33RE,33R,D,3
IF,BRUUS,33.986739,-98.232717,SPS,80.0,18.0,2,3000,0,0,0,0,0,0
CF,HUDIN,33.987017,-98.352950,0,SPS,80.0,12.0,260.0,6.0,2,2600,0,0,0,0,2,0
CF,IXODE,33.987186,-98.453167,0,SPS,80.0,7.0,260.0,5.0,1,2100,0,0,0,0,3,0
VI,2, ,0.0,90.0,0,0,0,0,0,0,0,0
CF,HABEK,34.100897,-98.216300,0,SPS,60.0,20.0,60.0,10.0,2,3200,0,0,0,0,0,0

APPTR,D36-E,36,BRUUS
HF,BRUUS,33.986739,-98.232717,2, ,0.0,0.0,260.0,04,2,3000,0,1,175,0,1,0,0

FINAL,D36-E,36,D,3
IF,BRUUS,33.986739,-98.232717,SPS,80.0,18.0,2,3000,0,0,0,0,0,0
CF,HUDIN,33.987017,-98.352950,0,SPS,80.0,12.0,260.0,6.0,2,2600,0,0,0,0,2,0
CF,IXODE,33.987186,-98.453167,0,SPS,80.0,7.0,260.0,5.0,1,2100,0,0,0,0,3,0
VI,2, ,0.0,90.0,0,0,0,0,0,0,0,0
CF,HABEK,34.100897,-98.216300,0,SPS,60.0,20.0,60.0,10.0,2,3200,0,0,0,0,0,0

APPTR,I33LY,33L,SPS
IF,SPS,33.987286,-98.593472, ,0.0,0.0,2,3100,0,0,0,0,0,0
TF,ATRLL,33.909367,-98.454333,0, ,0.0,0.0,0.0,0.0,2,3100,0,0,0,0,0,0
PI,ATRLL,33.909367,-98.454333,2,SHP,108.0,15.0,153,5.0,2,2500,0,0,0,0,1,0

APPTR,I33LY,33L,UKW
IF,UKW,33.535886,-97.821278, ,0.0,0.0,2,3100,0,0,0,0,0,0
TF,ATRLL,33.909367,-98.454333,0, ,0.0,0.0,0.0,0.0,2,3100,0,0,0,0,0,0
PI,ATRLL,33.909367,-98.454333,2,SHP,108.0,15.0,153,5.0,2,2500,0,0,0,0,1,0

FINAL,I33LY,33L,I,3
IF,CF33L,33.676650,-98.343456,ISPS,153.3,21.4,2,2500,0,0,0,0,0,0
CF,ATRLL,33.909367,-98.454333,0,ISPS,153.3,6.4,333.0,15.0,1,2300,0,0,0,0,2,0
CF,RW33L,33.970342,-98.483492,0,ISPS,153.2,2.5,333.0,3.9,1,1048,0,0,0,0,3,0
CA,0,333.0,2,2200,0,0,0,0,0,0
CF,EYERI,34.127875,-98.451544,0,SPS,30.0,11.0,30.0,7.0,2,3100,0,0,0,0,0,0
HM,EYERI,34.127875,-98.451544,2, ,0.0,0.0,210.0,06,1,3100,0,1,265,0,0,0,0

APPTR,I33LZ,33L,COMER
IF,COMER,33.986925,-98.808311, ,0.0,0.0,2,10000,0,0,0,0,1,0
TF,HEPEK,33.986192,-98.748189,0, ,0.0,0.0,0.0,0.0,0,0,0,0,0,0,0,0
AF,JINRA,33.778681,-98.576567,1,SHP,195.0,13.0,266.0,2,6000,0,0,0,0,0,0
AF,FADOM,33.780533,-98.392872,1,SHP,153.6,13.0,195.0,2,3000,0,0,0,0,1,0
CF,BULME,33.842592,-98.422453,0,ISPS,153.3,10.7,333.0,4.0,1,2300,0,0,0,0,0,0

FINAL,I33LZ,33L,I,3
IF,BULME,33.842592,-98.422453,ISPS,153.3,10.7,1,2300,0,0,0,0,0,0
CF,ATRLL,33.909367,-98.454333,0,ISPS,153.3,6.4,333.0,4.3,1,2300,0,0,0,0,2,0
CF,RW33L,33.970342,-98.483492,0,ISPS,153.2,2.5,333.0,3.9,1,1048,0,0,0,0,3,0
CA,0,333.0,2,1420,0,0,0,0,0,0
CF,MEDSE,34.123869,-98.549461,0,SHP,335.0,9.0,335.0,9.0,2,3300,0,0,0,0,0,0
HM,MEDSE,34.123869,-98.549461,1, ,0.0,0.0,155.0,06,3,5300,0,1,265,0,0,0,0

APPTR,R15L,15L,CALPO
IF,CALPO,34.350069,-98.766764, ,0.0,0.0,2,8000,0,0,0,0,1,0
TF,IKACE,34.211925,-98.551244,0, ,0.0,0.0,0.0,0.0,2,4000,0,0,0,0,1,0

APPTR,R15L,15L,GONTE
IF,GONTE,34.321878,-98.215469, ,0.0,0.0,2,8000,0,0,0,0,1,0
TF,IKACE,34.211925,-98.551244,0, ,0.0,0.0,0.0,0.0,2,4000,0,0,0,0,1,0

APPTR,R15L,15L,IKACE
HF,IKACE,34.211925,-98.551244,2, ,0.0,0.0,166.0,04,2,4000,0,1,230,0,1,0,0

FINAL,R15L,15L,R,4
IF,IKACE,34.211925,-98.551244, ,0.0,0.0,2,4000,0,0,0,0,0,0
TF,JUGIR,34.076303,-98.524503,0, ,0.0,0.0,166.0,8.2,2,2400,0,0,0,0,2,0
TF,DLEMO,34.059922,-98.516644,0, ,0.0,0.0,153.0,1.1,2,2020,0,0,0,0,0,0
TF,RW15L,34.011175,-98.493278,0, ,0.0,0.0,153.0,3.1,1,1059,0,0,0,0,3,1
CA,0,153.0,2,1419,0,0,0,0,0,0
DF,DUKLE,33.887097,-98.433925,0, ,0.0,0.0,2,3100,0,0,0,0,0,1
HM,DUKLE,33.887097,-98.433925,2, ,0.0,0.0,333.0,04,3,7000,0,1,230,0,0,0,0

APPTR,R15R,15R,CEKAP
HF,CEKAP,34.165308,-98.577028,1, ,0.0,0.0,153.0,07,2,2700,0,1,265,0,1,0,0

APPTR,R15R,15R,WALTO
IF,WALTO,34.358244,-98.355508, ,0.0,0.0,2,5000,0,0,0,0,0,0
TF,LUCIR,34.249778,-98.479811,0, ,0.0,0.0,0.0,0.0,2,3700,0,0,0,0,1,0
TF,CEKAP,34.165308,-98.577028,0, ,0.0,0.0,0.0,0.0,2,2700,0,0,0,0,1,0

FINAL,R15R,15R,R,4
IF,CEKAP,34.165308,-98.577028, ,0.0,0.0,2,2700,0,0,0,0,0,0
TF,HUBUB,34.121797,-98.556114,0, ,0.0,0.0,153.0,2.8,1,2300,0,0,0,0,0,0
TF,KEYEV,34.063794,-98.528272,0, ,0.0,0.0,153.0,3.7,2,2300,0,0,0,0,2,0
TF,RW15R,34.003778,-98.499503,0, ,0.0,0.0,153.0,3.9,1,1053,0,0,0,0,3,1
CA,0,153.0,2,1249,0,0,0,0,0,0
DF,AYIVO,33.940811,-98.469361,0, ,0.0,0.0,0,0,0,0,0,0,0,0
TF,RERUE,33.784194,-98.394603,0, ,0.0,0.0,0.0,0.0,2,3500,0,0,0,0,0,1
HM,RERUE,33.784194,-98.394603,2, ,0.0,0.0,333.0,07,3,6000,0,1,265,0,0,0,0

APPTR,R33L,33L,KARYN
IF,KARYN,33.597042,-98.407058, ,0.0,0.0,2,6000,0,0,0,0,1,0
TF,RERUE,33.784194,-98.394603,0, ,0.0,0.0,0.0,0.0,2,3500,0,0,0,0,1,0

APPTR,R33L,33L,RERUE
HF,RERUE,33.784194,-98.394603,2, ,0.0,0.0,333.0,04,2,3500,0,1,265,0,1,0,0

FINAL,R33L,33L,R,4
IF,RERUE,33.784194,-98.394603, ,0.0,0.0,2,3500,0,0,0,0,0,0
TF,FINTU,33.847828,-98.424939,0, ,0.0,0.0,333.0,4.1,1,2300,0,0,0,0,0,0
TF,ZEGUM,33.910467,-98.454853,0, ,0.0,0.0,333.0,4.0,2,2300,0,0,0,0,2,0
TF,RW33L,33.970342,-98.483492,0, ,0.0,0.0,333.0,3.9,1,1048,0,0,0,0,3,1
CA,0,333.0,2,1255,0,0,0,0,0,0
DF,BAILE,34.035117,-98.514517,0, ,0.0,0.0,0,0,0,0,0,0,0,0
TF,CEKAP,34.165308,-98.577028,0, ,0.0,0.0,0.0,0.0,2,3300,0,0,0,0,0,1
HM,CEKAP,34.165308,-98.577028,1, ,0.0,0.0,153.0,07,3,6000,0,1,265,0,0,0,0

APPTR,T15R,15R,COMER
IF,COMER,33.986925,-98.808311, ,0.0,0.0,2,10000,0,0,0,0,1,0
TF,HEPEK,33.986192,-98.748189,0, ,0.0,0.0,0.0,0.0,0,0,0,0,0,0,0,0
AF,CIMOL,34.074183,-98.724058,2,SHP,290.0,13.0,266.0,2,6000,0,0,0,0,0,0
AF,JEGLU,34.153614,-98.648397,2,SHP,317.0,13.0,290.0,2,3200,0,0,0,0,0,0
AF,FIDUR,34.177711,-98.602144,2,SHP,329.0,13.0,317.0,2,2800,0,0,0,0,1,0

FINAL,T15R,15R,D,5
IF,FIDUR,34.177711,-98.602144,SHP,329.0,13.0,2,2800,0,0,0,0,0,0
CF,JULUV,34.117714,-98.566864,0,SHP,329.0,9.0,149.0,4.0,1,2300,0,0,0,0,0,0
CF,GUFCO,34.072742,-98.540444,0,SHP,329.0,6.0,149.0,3.0,2,2300,0,0,0,0,2,0
CF,JKOBY,34.044233,-98.523722,0,SHP,329.0,4.1,149.0,1.9,2,1620,0,0,0,0,0,0
CF,ZUKUL,34.015728,-98.507008,0,SHP,329.0,2.2,149.0,1.9,1,1272,0,0,0,0,3,0
CA,0,149.0,2,1420,0,0,0,0,0,0
CF,JIVIT,33.841458,-98.426072,0,SHP,155.0,9.0,155.0,11.0,2,3100,0,0,0,0,0,0
HM,JIVIT,33.841458,-98.426072,2, ,0.0,0.0,335.0,06,3,5100,0,1,265,0,0,0,0

APPTR,T33L,33L,COMER
IF,COMER,33.986925,-98.808311, ,0.0,0.0,2,10000,0,0,0,0,1,0
TF,HEPEK,33.986192,-98.748189,0, ,0.0,0.0,0.0,0.0,0,0,0,0,0,0,0,0
AF,JINRA,33.778681,-98.576567,1,SHP,195.0,13.0,266.0,2,6000,0,0,0,0,0,0
AF,HIBEM,33.780006,-98.394511,1,SHP,154.0,13.0,195.0,2,3000,0,0,0,0,1,0

FINAL,T33L,33L,D,4
IF,HIBEM,33.780006,-98.394511,SHP,154.0,13.0,2,3000,0,0,0,0,0,0
CF,ZENKI,33.842375,-98.423128,0,SHP,154.0,9.0,334.0,4.0,1,2300,0,0,0,0,0,0
CF,HENAK,33.911006,-98.454661,0,SHP,154.0,4.6,334.0,4.4,2,2300,0,0,0,0,2,0
CF,ZOLEB,33.964008,-98.479056,0,SHP,154.0,1.2,334.0,3.4,1,1198,0,0,0,0,3,0
CA,0,334.0,2,1420,0,0,0,0,0,0
CF,MEDSE,34.123869,-98.549461,0,SHP,335.0,9.0,335.0,9.2,2,3300,0,0,0,0,0,0
HM,MEDSE,34.123869,-98.549461,1, ,0.0,0.0,155.0,06,3,5300,0,1,265,0,0,0,0

