STAR,WIPOR4,ALB,4
IF,ALB,42.747281,-73.803183, ,0.0,0.0,0,0,0,0,0,0,0,0
TF,SHIGY,42.399431,-73.316939,0, ,0.0,0.0,0.0,0.0,0,0,0,0,0,0,0,0
TF,TOMES,42.145353,-72.967067,0, ,0.0,0.0,0.0,0.0,0,0,0,0,0,0,0,0
TF,NELIE,41.941011,-72.688578,0, ,0.0,0.0,0.0,0.0,0,0,0,0,0,0,0,0
TF,WIPOR,41.656408,-72.177131,0, ,0.0,0.0,0.0,0.0,0,0,0,0,0,0,0,0

STAR,WIPOR4,ARRKK,4
IF,ARRKK,42.063478,-75.316781, ,0.0,0.0,0,0,0,0,0,0,0,0
TF,SCARS,42.315750,-74.829819,0, ,0.0,0.0,0.0,0.0,0,0,0,0,0,0,0,0
TF,FOXXX,42.343642,-74.291964,0, ,0.0,0.0,0.0,0.0,0,0,0,0,0,0,0,0
TF,GOOBY,42.393428,-73.429339,0, ,0.0,0.0,0.0,0.0,0,0,0,0,0,0,0,0
TF,SHIGY,42.399431,-73.316939,0, ,0.0,0.0,0.0,0.0,0,0,0,0,0,0,0,0
TF,TOMES,42.145353,-72.967067,0, ,0.0,0.0,0.0,0.0,0,0,0,0,0,0,0,0
TF,NELIE,41.941011,-72.688578,0, ,0.0,0.0,0.0,0.0,0,0,0,0,0,0,0,0
TF,WIPOR,41.656408,-72.177131,0, ,0.0,0.0,0.0,0.0,0,0,0,0,0,0,0,0

STAR,WIPOR4,MEMMS,4
IF,MEMMS,42.516586,-76.304286, ,0.0,0.0,0,0,0,0,0,0,0,0
TF,SCARS,42.315750,-74.829819,0, ,0.0,0.0,0.0,0.0,0,0,0,0,0,0,0,0
TF,FOXXX,42.343642,-74.291964,0, ,0.0,0.0,0.0,0.0,0,0,0,0,0,0,0,0
TF,GOOBY,42.393428,-73.429339,0, ,0.0,0.0,0.0,0.0,0,0,0,0,0,0,0,0
TF,SHIGY,42.399431,-73.316939,0, ,0.0,0.0,0.0,0.0,0,0,0,0,0,0,0,0
TF,TOMES,42.145353,-72.967067,0, ,0.0,0.0,0.0,0.0,0,0,0,0,0,0,0,0
TF,NELIE,41.941011,-72.688578,0, ,0.0,0.0,0.0,0.0,0,0,0,0,0,0,0,0
TF,WIPOR,41.656408,-72.177131,0, ,0.0,0.0,0.0,0.0,0,0,0,0,0,0,0,0

STAR,WIPOR4,04,6
IF,WIPOR,41.656408,-72.177131, ,0.0,0.0,0,0,0,0,0,0,0,0
TF,YANTC,41.556336,-71.999153,0, ,0.0,0.0,0.0,0.0,0,0,0,0,0,0,0,0
TF,DELSS,41.482606,-71.780322,0, ,0.0,0.0,0.0,0.0,2,2700,0,0,0,0,0,0
TF,LAFAY,41.462561,-71.721231,0, ,0.0,0.0,0.0,0.0,2,2100,0,0,0,0,0,1
FM,LAFAY,41.462561,-71.721231,0,ACK,0.0,0.0,129.0,0,0,0,0,0,0,0,0

STAR,WIPOR4,12,6
IF,WIPOR,41.656408,-72.177131, ,0.0,0.0,0,0,0,0,0,0,0,0
TF,YANTC,41.556336,-71.999153,0, ,0.0,0.0,0.0,0.0,0,0,0,0,0,0,0,0
TF,DELSS,41.482606,-71.780322,0, ,0.0,0.0,0.0,0.0,2,2700,0,0,0,0,0,0
TF,LAFAY,41.462561,-71.721231,0, ,0.0,0.0,0.0,0.0,2,2100,0,0,0,0,0,1
FM,LAFAY,41.462561,-71.721231,0,ACK,0.0,0.0,129.0,0,0,0,0,0,0,0,0

STAR,WIPOR4,22,6
IF,WIPOR,41.656408,-72.177131, ,0.0,0.0,0,0,0,0,0,0,0,0
TF,YANTC,41.556336,-71.999153,0, ,0.0,0.0,0.0,0.0,0,0,0,0,0,0,0,0
TF,DELSS,41.482606,-71.780322,0, ,0.0,0.0,0.0,0.0,2,2700,0,0,0,0,0,0
TF,LAFAY,41.462561,-71.721231,0, ,0.0,0.0,0.0,0.0,2,2100,0,0,0,0,0,1
FM,LAFAY,41.462561,-71.721231,0,ACK,0.0,0.0,129.0,0,0,0,0,0,0,0,0

STAR,WIPOR4,30,6
IF,WIPOR,41.656408,-72.177131, ,0.0,0.0,0,0,0,0,0,0,0,0
TF,YANTC,41.556336,-71.999153,0, ,0.0,0.0,0.0,0.0,0,0,0,0,0,0,0,0
TF,DELSS,41.482606,-71.780322,0, ,0.0,0.0,0.0,0.0,2,2700,0,0,0,0,0,0
TF,LAFAY,41.462561,-71.721231,0, ,0.0,0.0,0.0,0.0,2,2100,0,0,0,0,0,1
FM,LAFAY,41.462561,-71.721231,0,ACK,0.0,0.0,129.0,0,0,0,0,0,0,0,0

APPTR,R12,12,CAVDO
IF,CAVDO,42.058633,-71.207769, ,0.0,0.0,0,0,0,0,0,0,1,0
TF,GNSET,41.931442,-71.261647,0, ,0.0,0.0,0.0,0.0,2,2200,0,0,0,0,1,0

APPTR,R12,12,WOLAD
IF,WOLAD,41.804225,-71.315314, ,0.0,0.0,0,0,0,0,0,0,1,0
TF,GNSET,41.931442,-71.261647,0, ,0.0,0.0,0.0,0.0,2,2200,0,0,0,0,1,0

FINAL,R12,12,R,3
IF,GNSET,41.931442,-71.261647, ,0.0,0.0,2,2200,0,0,0,0,0,0
TF,KOHOG,41.893317,-71.100475,0, ,0.0,0.0,124.0,7.6,2,1300,0,0,0,0,2,0
TF,RW12,41.874136,-71.019817,0, ,0.0,0.0,124.0,3.8,1,92,0,0,0,0,3,1
CA,0,124.0,2,500,0,0,0,0,0,0
DF,INNDY,41.771997,-71.098869,2, ,0.0,0.0,2,3000,0,1,210,0,0,1
HM,INNDY,41.771997,-71.098869,1, ,0.0,0.0,331.0,04,0,0,0,0,0,0,0,0,0

APPTR,R30,30,EKAYO
IF,EKAYO,41.797219,-70.769186, ,0.0,0.0,3,6000,0,0,0,0,1,0
HF,EKAYO,41.797219,-70.769186,2, ,0.0,0.0,312.0,04,2,3000,0,0,0,0,0,0,0

APPTR,R30,30,GAILS
IF,GAILS,41.869031,-70.402136, ,0.0,0.0,0,0,0,0,0,0,1,0
TF,EKAYO,41.797219,-70.769186,0, ,0.0,0.0,0.0,0.0,2,3000,0,0,0,0,1,0

APPTR,R30,30,ZUNUX
IF,ZUNUX,41.631953,-70.807631, ,0.0,0.0,0,0,0,0,0,0,1,0
TF,EKAYO,41.797219,-70.769186,0, ,0.0,0.0,0.0,0.0,2,3000,0,0,0,0,1,0

FINAL,R30,30,R,3
IF,EKAYO,41.797219,-70.769186, ,0.0,0.0,2,3000,0,0,0,0,0,0
TF,ICARA,41.847325,-70.907558,0, ,0.0,0.0,312.0,6.9,2,1900,0,0,0,0,2,0
TF,RW30,41.871219,-71.007575,0, ,0.0,0.0,304.0,4.7,1,100,0,0,0,0,3,1
CA,0,304.0,2,600,0,0,0,0,0,0
DF,INNDY,41.771997,-71.098869,1, ,0.0,0.0,2,3000,0,1,210,0,0,1
HM,INNDY,41.771997,-71.098869,1, ,0.0,0.0,331.0,04,2,3000,0,0,0,0,0,0,0

