APPTR,R19,19,DAYMN
IF,DAYMN,38.988611,-115.850000, ,0.0,0.0,0,0,0,0,0,0,0,0
TF,RINKS,39.145292,-115.408053,0, ,0.0,0.0,0.0,0.0,2,13000,0,0,0,0,0,0
TF,CORMS,39.814158,-115.398628,0, ,0.0,0.0,0.0,0.0,2,13000,0,0,0,0,1,0
TF,JEFEE,40.148317,-116.151789,0, ,0.0,0.0,0.0,0.0,2,10800,0,0,0,0,0,0
TF,POMMY,39.965519,-116.593169,0, ,0.0,0.0,0.0,0.0,2,9700,0,0,0,0,0,0
TF,BUKNE,39.958050,-116.922064,0, ,0.0,0.0,0.0,0.0,2,9600,0,0,0,0,0,0
TF,HEMIT,39.857722,-117.074278,0, ,0.0,0.0,0.0,0.0,2,9500,0,0,0,0,0,0
TF,MOMBY,39.742328,-117.097378,0, ,0.0,0.0,0.0,0.0,2,9500,0,0,0,0,1,0

APPTR,R19,19,ELY
IF,ELY,39.298125,-114.848306, ,0.0,0.0,0,0,0,0,0,0,1,0
TF,CORMS,39.814158,-115.398628,0, ,0.0,0.0,0.0,0.0,2,13000,0,0,0,0,0,0
TF,JEFEE,40.148317,-116.151789,0, ,0.0,0.0,0.0,0.0,2,10800,0,0,0,0,0,0
TF,POMMY,39.965519,-116.593169,0, ,0.0,0.0,0.0,0.0,2,9700,0,0,0,0,0,0
TF,BUKNE,39.958050,-116.922064,0, ,0.0,0.0,0.0,0.0,2,9600,0,0,0,0,0,0
TF,HEMIT,39.857722,-117.074278,0, ,0.0,0.0,0.0,0.0,2,9500,0,0,0,0,0,0
TF,MOMBY,39.742328,-117.097378,0, ,0.0,0.0,0.0,0.0,2,9500,0,0,0,0,1,0

APPTR,R19,19,KATTS
IF,KATTS,38.333333,-116.333333, ,0.0,0.0,0,0,0,0,0,0,0,0
TF,RINKS,39.145292,-115.408053,0, ,0.0,0.0,0.0,0.0,2,13000,0,0,0,0,0,0
TF,CORMS,39.814158,-115.398628,0, ,0.0,0.0,0.0,0.0,2,13000,0,0,0,0,1,0
TF,JEFEE,40.148317,-116.151789,0, ,0.0,0.0,0.0,0.0,2,10800,0,0,0,0,0,0
TF,POMMY,39.965519,-116.593169,0, ,0.0,0.0,0.0,0.0,2,9700,0,0,0,0,0,0
TF,BUKNE,39.958050,-116.922064,0, ,0.0,0.0,0.0,0.0,2,9600,0,0,0,0,0,0
TF,HEMIT,39.857722,-117.074278,0, ,0.0,0.0,0.0,0.0,2,9500,0,0,0,0,0,0
TF,MOMBY,39.742328,-117.097378,0, ,0.0,0.0,0.0,0.0,2,9500,0,0,0,0,1,0

FINAL,R19,19,R,6
IF,MOMBY,39.742328,-117.097378, ,0.0,0.0,2,9500,0,0,0,0,0,0
TF,ZATER,39.656608,-117.114517,0, ,0.0,0.0,177.0,5.2,2,8800,0,0,0,0,0,0
TF,MILSE,39.623636,-117.121094,0, ,0.0,0.0,177.0,2.0,2,8800,0,0,0,0,2,0
TF,CLUED,39.550500,-117.157011,0, ,0.0,0.0,189.0,4.7,2,7300,0,0,0,0,0,0
TF,TINTE,39.519311,-117.172303,0, ,0.0,0.0,189.0,2.0,2,6660,0,0,0,0,0,0
TF,RW19,39.475642,-117.193686,0, ,0.0,0.0,189.0,2.8,1,5777,0,0,0,0,3,1
CA,0,189.0,2,6000,0,0,0,0,0,0
DF,JINKS,39.291639,-117.303656,0, ,0.0,0.0,0,0,0,0,0,0,0,0
TF,SLADE,38.937500,-117.391667,0, ,0.0,0.0,0.0,0.0,0,0,0,0,0,0,0,0
TF,HOPAK,38.602175,-117.679992,0, ,0.0,0.0,0.0,0.0,2,13000,0,0,0,0,0,1
HM,HOPAK,38.602175,-117.679992,2, ,0.0,0.0,22.0,08,0,0,0,0,0,0,0,0,0

