SID,BAYPO2,01L,4
VA,0,7.0,2,540,0,0,0,0,0,0
VM,0,0,0,3.0,0,0,0,0,0,0,0,0
DF,FINKI,28.198169,-82.575942,0, ,0.0,0.0,0,0,0,0,0,0,0,0

SID,BAYPO2,01R,4
VA,0,7.0,2,540,0,0,0,0,0,0
VM,0,0,0,3.0,0,0,0,0,0,0,0,0
DF,FINKI,28.198169,-82.575942,0, ,0.0,0.0,0,0,0,0,0,0,0,0

SID,BAYPO2,10,4
VA,0,97.0,2,540,0,0,0,0,0,0
VM,0,0,0,93.0,0,0,0,0,0,0,0,0
DF,FINKI,28.198169,-82.575942,0, ,0.0,0.0,0,0,0,0,0,0,0,0

SID,BAYPO2,19L,4
VA,0,187.0,2,540,0,0,0,0,0,0
VM,0,0,0,213.0,0,0,0,0,0,0,0,0
DF,FINKI,28.198169,-82.575942,0, ,0.0,0.0,0,0,0,0,0,0,0,0

SID,BAYPO2,19R,4
VA,0,187.0,2,540,0,0,0,0,0,0
VM,0,0,0,203.0,0,0,0,0,0,0,0,0
DF,FINKI,28.198169,-82.575942,0, ,0.0,0.0,0,0,0,0,0,0,0,0

SID,BAYPO2,28,4
VA,0,277.0,2,540,0,0,0,0,0,0
VM,0,0,0,273.0,0,0,0,0,0,0,0,0
DF,FINKI,28.198169,-82.575942,0, ,0.0,0.0,0,0,0,0,0,0,0,0

SID,BAYPO2,ALL,5
IF,FINKI,28.198169,-82.575942, ,0.0,0.0,0,0,0,0,0,0,0,0
TF,BAYPO,28.362881,-82.580753,0, ,0.0,0.0,0.0,0.0,0,0,0,0,0,0,0,0

SID,BAYPO2,CAMJO,6
IF,BAYPO,28.362881,-82.580753, ,0.0,0.0,0,0,0,0,0,0,0,0
TF,ECAKE,28.670178,-82.588469,0, ,0.0,0.0,0.0,0.0,0,0,0,0,0,0,0,0
TF,WILON,29.417844,-82.693225,0, ,0.0,0.0,0.0,0.0,0,0,0,0,0,0,0,0
TF,SPRNG,30.003536,-82.689556,0, ,0.0,0.0,0.0,0.0,0,0,0,0,0,0,0,0
TF,CAMJO,30.508889,-82.686389,0, ,0.0,0.0,0.0,0.0,0,0,0,0,0,0,0,0

SID,BAYPO2,WILON,6
IF,BAYPO,28.362881,-82.580753, ,0.0,0.0,0,0,0,0,0,0,0,0
TF,ECAKE,28.670178,-82.588469,0, ,0.0,0.0,0.0,0.0,0,0,0,0,0,0,0,0
TF,WILON,29.417844,-82.693225,0, ,0.0,0.0,0.0,0.0,0,0,0,0,0,0,0,0

SID,CROWD8,01L,4
VA,0,7.0,2,540,0,0,0,0,0,0
VM,0,0,0,3.0,0,0,0,0,0,0,0,0
DF,MILEJ,27.741531,-82.183828,0, ,0.0,0.0,0,0,0,0,0,0,0,0
TF,CROWD,27.667072,-81.961164,0, ,0.0,0.0,0.0,0.0,0,0,0,0,0,0,0,0

SID,CROWD8,01R,4
VA,0,7.0,2,540,0,0,0,0,0,0
VM,0,0,0,3.0,0,0,0,0,0,0,0,0
DF,MILEJ,27.741531,-82.183828,0, ,0.0,0.0,0,0,0,0,0,0,0,0
TF,CROWD,27.667072,-81.961164,0, ,0.0,0.0,0.0,0.0,0,0,0,0,0,0,0,0

SID,CROWD8,10,4
VA,0,97.0,2,540,0,0,0,0,0,0
VM,0,0,0,93.0,0,0,0,0,0,0,0,0
DF,MILEJ,27.741531,-82.183828,0, ,0.0,0.0,0,0,0,0,0,0,0,0
TF,CROWD,27.667072,-81.961164,0, ,0.0,0.0,0.0,0.0,0,0,0,0,0,0,0,0

SID,CROWD8,19L,4
VA,0,187.0,2,540,0,0,0,0,0,0
VM,0,0,0,213.0,0,0,0,0,0,0,0,0
DF,MILEJ,27.741531,-82.183828,0, ,0.0,0.0,0,0,0,0,0,0,0,0
TF,CROWD,27.667072,-81.961164,0, ,0.0,0.0,0.0,0.0,0,0,0,0,0,0,0,0

SID,CROWD8,19R,4
VA,0,187.0,2,540,0,0,0,0,0,0
VM,0,0,0,203.0,0,0,0,0,0,0,0,0
DF,MILEJ,27.741531,-82.183828,0, ,0.0,0.0,0,0,0,0,0,0,0,0
TF,CROWD,27.667072,-81.961164,0, ,0.0,0.0,0.0,0.0,0,0,0,0,0,0,0,0

SID,CROWD8,28,4
VA,0,277.0,2,540,0,0,0,0,0,0
VM,0,0,0,273.0,0,0,0,0,0,0,0,0
DF,MILEJ,27.741531,-82.183828,0, ,0.0,0.0,0,0,0,0,0,0,0,0
TF,CROWD,27.667072,-81.961164,0, ,0.0,0.0,0.0,0.0,0,0,0,0,0,0,0,0

SID,CROWD8,HALLR,6
IF,CROWD,27.667072,-81.961164, ,0.0,0.0,0,0,0,0,0,0,0,0
TF,HALLR,27.544669,-81.598825,0, ,0.0,0.0,0.0,0.0,0,0,0,0,0,0,0,0

SID,DORMR3,01L,4
VA,0,7.0,2,540,0,0,0,0,0,0
VM,0,0,0,3.0,0,0,0,0,0,0,0,0
DF,SYKES,27.664711,-83.049783,0, ,0.0,0.0,0,0,0,0,0,0,0,0

SID,DORMR3,01R,4
VA,0,7.0,2,540,0,0,0,0,0,0
VM,0,0,0,3.0,0,0,0,0,0,0,0,0
DF,SYKES,27.664711,-83.049783,0, ,0.0,0.0,0,0,0,0,0,0,0,0

SID,DORMR3,10,4
VA,0,97.0,2,540,0,0,0,0,0,0
VM,0,0,0,93.0,0,0,0,0,0,0,0,0
DF,SYKES,27.664711,-83.049783,0, ,0.0,0.0,0,0,0,0,0,0,0,0

SID,DORMR3,19L,4
VA,0,187.0,2,540,0,0,0,0,0,0
VM,0,0,0,213.0,0,0,0,0,0,0,0,0
DF,SYKES,27.664711,-83.049783,0, ,0.0,0.0,0,0,0,0,0,0,0,0

SID,DORMR3,19R,4
VA,0,187.0,2,540,0,0,0,0,0,0
VM,0,0,0,203.0,0,0,0,0,0,0,0,0
DF,SYKES,27.664711,-83.049783,0, ,0.0,0.0,0,0,0,0,0,0,0,0

SID,DORMR3,28,4
VA,0,277.0,2,540,0,0,0,0,0,0
VM,0,0,0,273.0,0,0,0,0,0,0,0,0
DF,SYKES,27.664711,-83.049783,0, ,0.0,0.0,0,0,0,0,0,0,0,0

SID,DORMR3,ALL,5
IF,SYKES,27.664711,-83.049783, ,0.0,0.0,0,0,0,0,0,0,0,0
TF,DORMR,27.644028,-83.273808,0, ,0.0,0.0,0.0,0.0,0,0,0,0,0,0,0,0

SID,DORMR3,CIGAR,6
IF,DORMR,27.644028,-83.273808, ,0.0,0.0,0,0,0,0,0,0,0,0
TF,PSTOL,27.558056,-84.165278,0, ,0.0,0.0,0.0,0.0,0,0,0,0,0,0,0,0
TF,CIGAR,27.493503,-84.783197,0, ,0.0,0.0,0.0,0.0,0,0,0,0,0,0,0,0

SID,DORMR3,FROOT,6
IF,DORMR,27.644028,-83.273808, ,0.0,0.0,0,0,0,0,0,0,0,0
TF,PSTOL,27.558056,-84.165278,0, ,0.0,0.0,0.0,0.0,0,0,0,0,0,0,0,0
TF,FROOT,27.739172,-85.302897,0, ,0.0,0.0,0.0,0.0,0,0,0,0,0,0,0,0

SID,ENDED2,01L,4
VA,0,7.0,2,540,0,0,0,0,0,0
VM,0,0,0,3.0,0,0,0,0,0,0,0,0
DF,ENDED,28.409761,-82.784436,0, ,0.0,0.0,0,0,0,0,0,0,0,0

SID,ENDED2,01R,4
VA,0,7.0,2,540,0,0,0,0,0,0
VM,0,0,0,3.0,0,0,0,0,0,0,0,0
DF,ENDED,28.409761,-82.784436,0, ,0.0,0.0,0,0,0,0,0,0,0,0

SID,ENDED2,10,4
VA,0,97.0,2,540,0,0,0,0,0,0
VM,0,0,0,93.0,0,0,0,0,0,0,0,0
DF,ENDED,28.409761,-82.784436,0, ,0.0,0.0,0,0,0,0,0,0,0,0

SID,ENDED2,19L,4
VA,0,187.0,2,540,0,0,0,0,0,0
VM,0,0,0,213.0,0,0,0,0,0,0,0,0
DF,ENDED,28.409761,-82.784436,0, ,0.0,0.0,0,0,0,0,0,0,0,0

SID,ENDED2,19R,4
VA,0,187.0,2,540,0,0,0,0,0,0
VM,0,0,0,203.0,0,0,0,0,0,0,0,0
DF,ENDED,28.409761,-82.784436,0, ,0.0,0.0,0,0,0,0,0,0,0,0

SID,ENDED2,28,4
VA,0,277.0,2,540,0,0,0,0,0,0
VM,0,0,0,273.0,0,0,0,0,0,0,0,0
DF,ENDED,28.409761,-82.784436,0, ,0.0,0.0,0,0,0,0,0,0,0,0

SID,ENDED2,ALL,5
IF,ENDED,28.409761,-82.784436, ,0.0,0.0,0,0,0,0,0,0,0,0
TF,LACEN,28.574469,-82.811328,0, ,0.0,0.0,0.0,0.0,0,0,0,0,0,0,0,0

SID,GANDY8,01L,4
VA,0,7.0,2,540,0,0,0,0,0,0
VM,0,0,0,3.0,0,0,0,0,0,0,0,0
DF,GANDY,27.768125,-82.574164,0, ,0.0,0.0,0,0,0,0,0,0,0,0
TF,PAIRS,27.569192,-82.479789,0, ,0.0,0.0,0.0,0.0,0,0,0,0,0,0,0,0

SID,GANDY8,01R,4
VA,0,7.0,2,540,0,0,0,0,0,0
VM,0,0,0,3.0,0,0,0,0,0,0,0,0
DF,GANDY,27.768125,-82.574164,0, ,0.0,0.0,0,0,0,0,0,0,0,0
TF,PAIRS,27.569192,-82.479789,0, ,0.0,0.0,0.0,0.0,0,0,0,0,0,0,0,0

SID,GANDY8,10,4
VA,0,97.0,2,540,0,0,0,0,0,0
VM,0,0,0,93.0,0,0,0,0,0,0,0,0
DF,GANDY,27.768125,-82.574164,0, ,0.0,0.0,0,0,0,0,0,0,0,0
TF,PAIRS,27.569192,-82.479789,0, ,0.0,0.0,0.0,0.0,0,0,0,0,0,0,0,0

SID,GANDY8,19L,4
VA,0,187.0,2,540,0,0,0,0,0,0
VM,0,0,0,213.0,0,0,0,0,0,0,0,0
DF,GANDY,27.768125,-82.574164,0, ,0.0,0.0,0,0,0,0,0,0,0,0
TF,PAIRS,27.569192,-82.479789,0, ,0.0,0.0,0.0,0.0,0,0,0,0,0,0,0,0

SID,GANDY8,19R,4
VA,0,187.0,2,540,0,0,0,0,0,0
VM,0,0,0,203.0,0,0,0,0,0,0,0,0
DF,GANDY,27.768125,-82.574164,0, ,0.0,0.0,0,0,0,0,0,0,0,0
TF,PAIRS,27.569192,-82.479789,0, ,0.0,0.0,0.0,0.0,0,0,0,0,0,0,0,0

SID,GANDY8,28,4
VA,0,277.0,2,540,0,0,0,0,0,0
VM,0,0,0,273.0,0,0,0,0,0,0,0,0
DF,GANDY,27.768125,-82.574164,0, ,0.0,0.0,0,0,0,0,0,0,0,0
TF,PAIRS,27.569192,-82.479789,0, ,0.0,0.0,0.0,0.0,0,0,0,0,0,0,0,0

SID,GANDY8,SABEE,6
IF,PAIRS,27.569192,-82.479789, ,0.0,0.0,0,0,0,0,0,0,0,0
TF,MURDO,27.318736,-82.329419,0, ,0.0,0.0,0.0,0.0,0,0,0,0,0,0,0,0
TF,SABEE,27.087833,-82.191481,0, ,0.0,0.0,0.0,0.0,0,0,0,0,0,0,0,0

SID,KNOST2,01L,4
VA,0,7.0,2,540,0,0,0,0,0,0
VM,0,0,0,3.0,0,0,0,0,0,0,0,0
DF,WOBAD,28.020875,-82.932431,0, ,0.0,0.0,1,6000,0,0,0,0,0,0

SID,KNOST2,01R,4
VA,0,7.0,2,540,0,0,0,0,0,0
VM,0,0,0,3.0,0,0,0,0,0,0,0,0
DF,WOBAD,28.020875,-82.932431,0, ,0.0,0.0,1,6000,0,0,0,0,0,0

SID,KNOST2,10,4
VA,0,97.0,2,540,0,0,0,0,0,0
VM,0,0,0,93.0,0,0,0,0,0,0,0,0
DF,WOBAD,28.020875,-82.932431,0, ,0.0,0.0,1,6000,0,0,0,0,0,0

SID,KNOST2,28,4
VA,0,277.0,2,540,0,0,0,0,0,0
VM,0,0,0,273.0,0,0,0,0,0,0,0,0
DF,WOBAD,28.020875,-82.932431,0, ,0.0,0.0,1,6000,0,0,0,0,0,0

SID,KNOST2,ALL,5
IF,WOBAD,28.020875,-82.932431, ,0.0,0.0,1,6000,0,0,0,0,0,0
TF,LOREC,28.010325,-83.194025,0, ,0.0,0.0,0.0,0.0,0,0,0,0,0,0,0,0
TF,KNOST,28.000708,-83.423331,0, ,0.0,0.0,0.0,0.0,0,0,0,0,0,0,0,0

SID,KNOST2,CIGAR,6
IF,KNOST,28.000708,-83.423331, ,0.0,0.0,0,0,0,0,0,0,0,0
TF,CIGAR,27.493503,-84.783197,0, ,0.0,0.0,0.0,0.0,0,0,0,0,0,0,0,0

SID,KNOST2,REMIS,6
IF,KNOST,28.000708,-83.423331, ,0.0,0.0,0,0,0,0,0,0,0,0
TF,REMIS,27.884053,-85.257886,0, ,0.0,0.0,0.0,0.0,0,0,0,0,0,0,0,0

SID,LGTNG4,01L,1
VA,0,7.0,2,430,0,0,0,0,0,0
VM,0,0,0,7.0,0,0,0,0,0,0,0,0

SID,LGTNG4,01R,1
VA,0,7.0,2,430,0,0,0,0,0,0
VM,0,0,0,7.0,0,0,0,0,0,0,0,0

SID,LGTNG4,10,1
VA,0,97.0,2,430,0,0,0,0,0,0
VM,0,0,0,97.0,0,0,0,0,0,0,0,0

SID,LGTNG4,19L,1
CA,0,187.0,2,430,0,0,0,0,0,0
VM,0,0,0,213.0,0,0,0,0,0,0,0,0

SID,LGTNG4,19R,1
CA,0,187.0,2,430,0,0,0,0,0,0
VM,0,0,0,203.0,0,0,0,0,0,0,0,0

SID,LGTNG4,28,1
VA,0,277.0,2,430,0,0,0,0,0,0
VM,0,0,0,277.0,0,0,0,0,0,0,0,0

SID,TAMPA8,01L,1
VA,0,7.0,2,430,0,0,0,0,0,0
VM,0,0,0,7.0,0,0,0,0,0,0,0,0

SID,TAMPA8,01R,1
VA,0,7.0,2,430,0,0,0,0,0,0
VM,0,0,0,7.0,0,0,0,0,0,0,0,0

SID,TAMPA8,10,1
VA,0,97.0,2,430,0,0,0,0,0,0
VM,0,0,0,97.0,0,0,0,0,0,0,0,0

SID,TAMPA8,19L,1
VR,0,PIE,116.0,187.0,2,2600,0,0,0,0,0,0
VM,0,0,0,187.0,0,0,0,0,0,0,0,0

SID,TAMPA8,19R,1
VR,0,PIE,116.0,187.0,2,2600,0,0,0,0,0,0
VM,0,0,0,187.0,0,0,0,0,0,0,0,0

SID,TAMPA8,28,1
VA,0,277.0,2,430,0,0,0,0,0,0
VM,0,0,0,277.0,0,0,0,0,0,0,0,0

STAR,BLFRG3,COREA,4
IF,COREA,26.635822,-81.214525, ,0.0,0.0,0,0,0,0,0,0,0,0
TF,BLFRG,27.082836,-81.838544,0, ,0.0,0.0,0.0,0.0,0,0,0,0,0,0,0,0

STAR,BLFRG3,FERAL,4
IF,FERAL,26.513156,-81.771039, ,0.0,0.0,0,0,0,0,0,0,0,0
TF,BLFRG,27.082836,-81.838544,0, ,0.0,0.0,0.0,0.0,0,0,0,0,0,0,0,0

STAR,BLFRG3,JAYMC,4
IF,JAYMC,26.980833,-81.368889, ,0.0,0.0,0,0,0,0,0,0,0,0
TF,BLFRG,27.082836,-81.838544,0, ,0.0,0.0,0.0,0.0,0,0,0,0,0,0,0,0

STAR,BLFRG3,OCTAL,4
IF,OCTAL,26.150533,-80.203222, ,0.0,0.0,0,0,0,0,0,0,0,0
TF,COREA,26.635822,-81.214525,0, ,0.0,0.0,0.0,0.0,0,0,0,0,0,0,0,0
TF,BLFRG,27.082836,-81.838544,0, ,0.0,0.0,0.0,0.0,0,0,0,0,0,0,0,0

STAR,BLFRG3,ALL,5
IF,BLFRG,27.082836,-81.838544, ,0.0,0.0,0,0,0,0,0,0,0,0
TF,COSAR,27.369028,-82.080961,0, ,0.0,0.0,0.0,0.0,0,0,0,0,0,0,0,0
TF,DSIDE,27.441683,-82.148506,0, ,0.0,0.0,0.0,0.0,0,0,0,0,0,0,0,0

STAR,BLFRG3,01L,6
IF,DSIDE,27.441683,-82.148506, ,0.0,0.0,0,0,0,0,0,0,0,0
TF,JSTRM,27.691825,-82.422519,0, ,0.0,0.0,0.0,0.0,0,0,0,0,0,0,0,0
TF,CRUUZ,27.692328,-82.460153,0, ,0.0,0.0,0.0,0.0,2,4000,0,0,0,0,0,1
FM,CRUUZ,27.692328,-82.460153,0,PIE,0.0,0.0,276.0,0,0,0,0,0,0,0,0

STAR,BLFRG3,01R,6
IF,DSIDE,27.441683,-82.148506, ,0.0,0.0,0,0,0,0,0,0,0,0
TF,JSTRM,27.691825,-82.422519,0, ,0.0,0.0,0.0,0.0,0,0,0,0,0,0,0,0
TF,CRUUZ,27.692328,-82.460153,0, ,0.0,0.0,0.0,0.0,2,4000,0,0,0,0,0,1
FM,CRUUZ,27.692328,-82.460153,0,PIE,0.0,0.0,276.0,0,0,0,0,0,0,0,0

STAR,BLFRG3,10,6
IF,DSIDE,27.441683,-82.148506, ,0.0,0.0,0,0,0,0,0,0,0,0
TF,JSTRM,27.691825,-82.422519,0, ,0.0,0.0,0.0,0.0,0,0,0,0,0,0,0,0
TF,CRUUZ,27.692328,-82.460153,0, ,0.0,0.0,0.0,0.0,2,4000,0,0,0,0,0,1
FM,CRUUZ,27.692328,-82.460153,0,PIE,0.0,0.0,276.0,0,0,0,0,0,0,0,0

STAR,BLFRG3,19L,6
IF,DSIDE,27.441683,-82.148506, ,0.0,0.0,0,0,0,0,0,0,0,0
TF,JSTRM,27.691825,-82.422519,0, ,0.0,0.0,0.0,0.0,0,0,0,0,0,0,0,0
TF,GUZDA,27.990717,-82.415319,0, ,0.0,0.0,0.0,0.0,0,0,0,0,0,0,0,0
TF,LISAF,28.196767,-82.410325,0, ,0.0,0.0,0.0,0.0,2,4000,0,1,210,0,0,1
FM,LISAF,28.196767,-82.410325,0,PIE,0.0,0.0,5.0,0,0,0,0,0,0,0,0

STAR,BLFRG3,19R,6
IF,DSIDE,27.441683,-82.148506, ,0.0,0.0,0,0,0,0,0,0,0,0
TF,JSTRM,27.691825,-82.422519,0, ,0.0,0.0,0.0,0.0,0,0,0,0,0,0,0,0
TF,GUZDA,27.990717,-82.415319,0, ,0.0,0.0,0.0,0.0,0,0,0,0,0,0,0,0
TF,LISAF,28.196767,-82.410325,0, ,0.0,0.0,0.0,0.0,2,4000,0,1,210,0,0,1
FM,LISAF,28.196767,-82.410325,0,PIE,0.0,0.0,5.0,0,0,0,0,0,0,0,0

STAR,BLFRG3,28,6
IF,DSIDE,27.441683,-82.148506, ,0.0,0.0,0,0,0,0,0,0,0,0
TF,JSTRM,27.691825,-82.422519,0, ,0.0,0.0,0.0,0.0,0,0,0,0,0,0,0,0
TF,GUZDA,27.990717,-82.415319,0, ,0.0,0.0,0.0,0.0,0,0,0,0,0,0,0,0
TF,LISAF,28.196767,-82.410325,0, ,0.0,0.0,0.0,0.0,2,4000,0,1,210,0,0,1
FM,LISAF,28.196767,-82.410325,0,PIE,0.0,0.0,5.0,0,0,0,0,0,0,0,0

STAR,DADES2,BAAMF,4
IF,BAAMF,30.670328,-82.317353, ,0.0,0.0,0,0,0,0,0,0,0,0
TF,CORYY,30.171081,-82.379536,0, ,0.0,0.0,0.0,0.0,0,0,0,0,0,0,0,0
TF,CAPOH,29.587661,-82.347100,0, ,0.0,0.0,0.0,0.0,0,0,0,0,0,0,0,0
TF,EDISN,29.404075,-82.336975,0, ,0.0,0.0,0.0,0.0,0,0,0,0,0,0,0,0
TF,OLENE,28.739794,-82.258014,0, ,0.0,0.0,0.0,0.0,0,0,0,0,0,0,0,0
TF,MARVI,28.639397,-82.256478,0, ,0.0,0.0,0.0,0.0,0,0,0,0,0,0,0,0
TF,KOKOH,28.526317,-82.254317,0, ,0.0,0.0,0.0,0.0,0,0,0,0,0,0,0,0
TF,DADES,28.362672,-82.252167,0, ,0.0,0.0,0.0,0.0,0,0,0,0,0,0,0,0

STAR,DADES2,BEAUX,4
IF,BEAUX,28.970197,-79.974775, ,0.0,0.0,0,0,0,0,0,0,0,0
TF,ZINGR,28.780061,-80.577378,0, ,0.0,0.0,0.0,0.0,2,10000,0,0,0,0,0,0
TF,WORAK,28.708092,-80.775322,0, ,0.0,0.0,0.0,0.0,0,0,0,0,0,0,0,0
TF,ZOPER,28.649275,-80.936292,0, ,0.0,0.0,0.0,0.0,0,0,0,0,0,0,0,0
TF,CAMKO,28.555792,-81.163358,0, ,0.0,0.0,0.0,0.0,0,0,0,0,0,0,0,0
TF,ROSTR,28.489144,-81.324439,0, ,0.0,0.0,0.0,0.0,0,0,0,0,0,0,0,0
TF,GUURR,28.360117,-81.933717,0, ,0.0,0.0,0.0,0.0,0,0,0,0,0,0,0,0
TF,DADES,28.362672,-82.252167,0, ,0.0,0.0,0.0,0.0,0,0,0,0,0,0,0,0

STAR,DADES2,EDISN,4
IF,EDISN,29.404075,-82.336975, ,0.0,0.0,0,0,0,0,0,0,0,0
TF,OLENE,28.739794,-82.258014,0, ,0.0,0.0,0.0,0.0,0,0,0,0,0,0,0,0
TF,MARVI,28.639397,-82.256478,0, ,0.0,0.0,0.0,0.0,0,0,0,0,0,0,0,0
TF,KOKOH,28.526317,-82.254317,0, ,0.0,0.0,0.0,0.0,0,0,0,0,0,0,0,0
TF,DADES,28.362672,-82.252167,0, ,0.0,0.0,0.0,0.0,0,0,0,0,0,0,0,0

STAR,DADES2,HIBAC,4
IF,HIBAC,29.094064,-79.567958, ,0.0,0.0,0,0,0,0,0,0,0,0
TF,BEAUX,28.970197,-79.974775,0, ,0.0,0.0,0.0,0.0,0,0,0,0,0,0,0,0
TF,ZINGR,28.780061,-80.577378,0, ,0.0,0.0,0.0,0.0,2,10000,0,0,0,0,0,0
TF,WORAK,28.708092,-80.775322,0, ,0.0,0.0,0.0,0.0,0,0,0,0,0,0,0,0
TF,ZOPER,28.649275,-80.936292,0, ,0.0,0.0,0.0,0.0,0,0,0,0,0,0,0,0
TF,CAMKO,28.555792,-81.163358,0, ,0.0,0.0,0.0,0.0,0,0,0,0,0,0,0,0
TF,ROSTR,28.489144,-81.324439,0, ,0.0,0.0,0.0,0.0,0,0,0,0,0,0,0,0
TF,GUURR,28.360117,-81.933717,0, ,0.0,0.0,0.0,0.0,0,0,0,0,0,0,0,0
TF,DADES,28.362672,-82.252167,0, ,0.0,0.0,0.0,0.0,0,0,0,0,0,0,0,0

STAR,DADES2,KRVUR,4
IF,KRVUR,30.742264,-82.941775, ,0.0,0.0,0,0,0,0,0,0,0,0
TF,CORYY,30.171081,-82.379536,0, ,0.0,0.0,0.0,0.0,0,0,0,0,0,0,0,0
TF,CAPOH,29.587661,-82.347100,0, ,0.0,0.0,0.0,0.0,0,0,0,0,0,0,0,0
TF,EDISN,29.404075,-82.336975,0, ,0.0,0.0,0.0,0.0,0,0,0,0,0,0,0,0
TF,OLENE,28.739794,-82.258014,0, ,0.0,0.0,0.0,0.0,0,0,0,0,0,0,0,0
TF,MARVI,28.639397,-82.256478,0, ,0.0,0.0,0.0,0.0,0,0,0,0,0,0,0,0
TF,KOKOH,28.526317,-82.254317,0, ,0.0,0.0,0.0,0.0,0,0,0,0,0,0,0,0
TF,DADES,28.362672,-82.252167,0, ,0.0,0.0,0.0,0.0,0,0,0,0,0,0,0,0

STAR,DADES2,NICCK,4
IF,NICCK,29.187911,-81.169489, ,0.0,0.0,0,0,0,0,0,0,0,0
TF,DRUDJ,28.713819,-81.118269,0, ,0.0,0.0,0.0,0.0,0,0,0,0,0,0,0,0
TF,ROSTR,28.489144,-81.324439,0, ,0.0,0.0,0.0,0.0,0,0,0,0,0,0,0,0
TF,GUURR,28.360117,-81.933717,0, ,0.0,0.0,0.0,0.0,0,0,0,0,0,0,0,0
TF,DADES,28.362672,-82.252167,0, ,0.0,0.0,0.0,0.0,0,0,0,0,0,0,0,0

STAR,DADES2,ALL,5
IF,DADES,28.362672,-82.252167, ,0.0,0.0,0,0,0,0,0,0,0,0
TF,LZARD,28.300153,-82.311842,0, ,0.0,0.0,0.0,0.0,0,0,0,0,0,0,0,0

STAR,DADES2,01L,6
IF,LZARD,28.300153,-82.311842, ,0.0,0.0,0,0,0,0,0,0,0,0
TF,LISAF,28.196767,-82.410325,0, ,0.0,0.0,0.0,0.0,0,0,0,0,0,0,0,0
TF,GUZDA,27.990717,-82.415319,0, ,0.0,0.0,0.0,0.0,0,0,0,0,0,0,0,0
TF,BORST,27.917061,-82.416881,0, ,0.0,0.0,0.0,0.0,1,5000,0,1,210,0,0,0
TF,JSTRM,27.691825,-82.422519,0, ,0.0,0.0,0.0,0.0,1,5000,0,1,210,0,0,1
FM,JSTRM,27.691825,-82.422519,0,PIE,0.0,0.0,186.0,0,0,0,0,0,0,0,0

STAR,DADES2,01R,6
IF,LZARD,28.300153,-82.311842, ,0.0,0.0,0,0,0,0,0,0,0,0
TF,LISAF,28.196767,-82.410325,0, ,0.0,0.0,0.0,0.0,0,0,0,0,0,0,0,0
TF,GUZDA,27.990717,-82.415319,0, ,0.0,0.0,0.0,0.0,0,0,0,0,0,0,0,0
TF,BORST,27.917061,-82.416881,0, ,0.0,0.0,0.0,0.0,1,5000,0,1,210,0,0,0
TF,JSTRM,27.691825,-82.422519,0, ,0.0,0.0,0.0,0.0,1,5000,0,1,210,0,0,1
FM,JSTRM,27.691825,-82.422519,0,PIE,0.0,0.0,186.0,0,0,0,0,0,0,0,0

STAR,DADES2,10,6
IF,LZARD,28.300153,-82.311842, ,0.0,0.0,0,0,0,0,0,0,0,0
TF,JKBAL,28.289689,-82.402214,0, ,0.0,0.0,0.0,0.0,1,6000,0,1,230,0,0,1
FM,JKBAL,28.289689,-82.402214,0,PIE,0.0,0.0,277.0,0,0,0,0,0,0,0,0

STAR,DADES2,19L,6
IF,LZARD,28.300153,-82.311842, ,0.0,0.0,0,0,0,0,0,0,0,0
TF,JKBAL,28.289689,-82.402214,0, ,0.0,0.0,0.0,0.0,1,6000,0,1,230,0,0,1
FM,JKBAL,28.289689,-82.402214,0,PIE,0.0,0.0,277.0,0,0,0,0,0,0,0,0

STAR,DADES2,19R,6
IF,LZARD,28.300153,-82.311842, ,0.0,0.0,0,0,0,0,0,0,0,0
TF,JKBAL,28.289689,-82.402214,0, ,0.0,0.0,0.0,0.0,1,6000,0,1,230,0,0,1
FM,JKBAL,28.289689,-82.402214,0,PIE,0.0,0.0,277.0,0,0,0,0,0,0,0,0

STAR,DADES2,28,6
IF,LZARD,28.300153,-82.311842, ,0.0,0.0,0,0,0,0,0,0,0,0
TF,LISAF,28.196767,-82.410325,0, ,0.0,0.0,0.0,0.0,0,0,0,0,0,0,0,0
TF,GUZDA,27.990717,-82.415319,0, ,0.0,0.0,0.0,0.0,0,0,0,0,0,0,0,0
TF,BORST,27.917061,-82.416881,0, ,0.0,0.0,0.0,0.0,1,5000,0,1,210,0,0,0
TF,JSTRM,27.691825,-82.422519,0, ,0.0,0.0,0.0,0.0,1,5000,0,1,210,0,0,1
FM,JSTRM,27.691825,-82.422519,0,PIE,0.0,0.0,186.0,0,0,0,0,0,0,0,0

STAR,MAATY5,ACORI,4
IF,ACORI,31.773156,-85.858197, ,0.0,0.0,0,0,0,0,0,0,0,0
TF,CABLO,30.774722,-84.840000,0, ,0.0,0.0,0.0,0.0,0,0,0,0,0,0,0,0
TF,THRTL,30.330553,-84.396964,0, ,0.0,0.0,0.0,0.0,0,0,0,0,0,0,0,0
TF,HEVVN,29.821975,-83.895247,0, ,0.0,0.0,0.0,0.0,0,0,0,0,0,0,0,0
TF,LEGGT,29.222933,-83.510722,0, ,0.0,0.0,0.0,0.0,0,0,0,0,0,0,0,0
TF,GOJOE,29.031042,-83.388797,0, ,0.0,0.0,0.0,0.0,0,0,0,0,0,0,0,0
TF,AAHOY,28.570644,-83.097906,0, ,0.0,0.0,0.0,0.0,0,0,0,0,0,0,0,0
TF,MAATY,28.419217,-83.002881,0, ,0.0,0.0,0.0,0.0,4,11000,8000,0,0,0,0,0

STAR,MAATY5,BADDD,4
IF,BADDD,31.543800,-82.701483, ,0.0,0.0,0,0,0,0,0,0,0,0
TF,GPEEE,31.227892,-83.870856,0, ,0.0,0.0,0.0,0.0,0,0,0,0,0,0,0,0
TF,THRTL,30.330553,-84.396964,0, ,0.0,0.0,0.0,0.0,0,0,0,0,0,0,0,0
TF,HEVVN,29.821975,-83.895247,0, ,0.0,0.0,0.0,0.0,0,0,0,0,0,0,0,0
TF,LEGGT,29.222933,-83.510722,0, ,0.0,0.0,0.0,0.0,0,0,0,0,0,0,0,0
TF,GOJOE,29.031042,-83.388797,0, ,0.0,0.0,0.0,0.0,0,0,0,0,0,0,0,0
TF,AAHOY,28.570644,-83.097906,0, ,0.0,0.0,0.0,0.0,0,0,0,0,0,0,0,0
TF,MAATY,28.419217,-83.002881,0, ,0.0,0.0,0.0,0.0,4,11000,8000,0,0,0,0,0

STAR,MAATY5,DEFUN,4
IF,DEFUN,30.814242,-86.131414, ,0.0,0.0,0,0,0,0,0,0,0,0
TF,CABLO,30.774722,-84.840000,0, ,0.0,0.0,0.0,0.0,0,0,0,0,0,0,0,0
TF,THRTL,30.330553,-84.396964,0, ,0.0,0.0,0.0,0.0,0,0,0,0,0,0,0,0
TF,HEVVN,29.821975,-83.895247,0, ,0.0,0.0,0.0,0.0,0,0,0,0,0,0,0,0
TF,LEGGT,29.222933,-83.510722,0, ,0.0,0.0,0.0,0.0,0,0,0,0,0,0,0,0
TF,GOJOE,29.031042,-83.388797,0, ,0.0,0.0,0.0,0.0,0,0,0,0,0,0,0,0
TF,AAHOY,28.570644,-83.097906,0, ,0.0,0.0,0.0,0.0,0,0,0,0,0,0,0,0
TF,MAATY,28.419217,-83.002881,0, ,0.0,0.0,0.0,0.0,4,11000,8000,0,0,0,0,0

STAR,MAATY5,GOJOE,4
IF,GOJOE,29.031042,-83.388797, ,0.0,0.0,0,0,0,0,0,0,0,0
TF,AAHOY,28.570644,-83.097906,0, ,0.0,0.0,0.0,0.0,0,0,0,0,0,0,0,0
TF,MAATY,28.419217,-83.002881,0, ,0.0,0.0,0.0,0.0,4,11000,8000,0,0,0,0,0

STAR,MAATY5,HEVVN,4
IF,HEVVN,29.821975,-83.895247, ,0.0,0.0,0,0,0,0,0,0,0,0
TF,LEGGT,29.222933,-83.510722,0, ,0.0,0.0,0.0,0.0,0,0,0,0,0,0,0,0
TF,GOJOE,29.031042,-83.388797,0, ,0.0,0.0,0.0,0.0,0,0,0,0,0,0,0,0
TF,AAHOY,28.570644,-83.097906,0, ,0.0,0.0,0.0,0.0,0,0,0,0,0,0,0,0
TF,MAATY,28.419217,-83.002881,0, ,0.0,0.0,0.0,0.0,4,11000,8000,0,0,0,0,0

STAR,MAATY5,HONID,4
IF,HONID,31.647308,-84.395167, ,0.0,0.0,0,0,0,0,0,0,0,0
TF,THRTL,30.330553,-84.396964,0, ,0.0,0.0,0.0,0.0,0,0,0,0,0,0,0,0
TF,HEVVN,29.821975,-83.895247,0, ,0.0,0.0,0.0,0.0,0,0,0,0,0,0,0,0
TF,LEGGT,29.222933,-83.510722,0, ,0.0,0.0,0.0,0.0,0,0,0,0,0,0,0,0
TF,GOJOE,29.031042,-83.388797,0, ,0.0,0.0,0.0,0.0,0,0,0,0,0,0,0,0
TF,AAHOY,28.570644,-83.097906,0, ,0.0,0.0,0.0,0.0,0,0,0,0,0,0,0,0
TF,MAATY,28.419217,-83.002881,0, ,0.0,0.0,0.0,0.0,4,11000,8000,0,0,0,0,0

STAR,MAATY5,ALL,5
IF,MAATY,28.419217,-83.002881, ,0.0,0.0,4,11000,8000,0,0,0,0,0
TF,ROOKR,28.273042,-82.911447,0, ,0.0,0.0,0.0,0.0,0,0,0,0,0,0,0,0

STAR,MAATY5,01L,6
IF,ROOKR,28.273042,-82.911447, ,0.0,0.0,0,0,0,0,0,0,0,0
TF,BLOUT,28.078897,-82.697183,0, ,0.0,0.0,0.0,0.0,0,0,0,0,0,0,0,0
TF,CBASS,28.007083,-82.614797,0, ,0.0,0.0,0.0,0.0,0,0,0,0,0,0,0,0
TF,TOOTH,27.900133,-82.619083,0, ,0.0,0.0,0.0,0.0,1,5000,0,1,210,0,0,0
TF,BUGGO,27.840011,-82.621444,0, ,0.0,0.0,0.0,0.0,0,0,0,0,0,0,0,0
TF,FELOM,27.756447,-82.624725,0, ,0.0,0.0,0.0,0.0,1,5000,0,1,210,0,0,1
FM,FELOM,27.756447,-82.624725,0,PIE,0.0,0.0,187.0,0,0,0,0,0,0,0,0

STAR,MAATY5,01R,6
IF,ROOKR,28.273042,-82.911447, ,0.0,0.0,0,0,0,0,0,0,0,0
TF,BLOUT,28.078897,-82.697183,0, ,0.0,0.0,0.0,0.0,0,0,0,0,0,0,0,0
TF,CBASS,28.007083,-82.614797,0, ,0.0,0.0,0.0,0.0,0,0,0,0,0,0,0,0
TF,TOOTH,27.900133,-82.619083,0, ,0.0,0.0,0.0,0.0,1,5000,0,1,210,0,0,0
TF,BUGGO,27.840011,-82.621444,0, ,0.0,0.0,0.0,0.0,0,0,0,0,0,0,0,0
TF,FELOM,27.756447,-82.624725,0, ,0.0,0.0,0.0,0.0,1,5000,0,1,210,0,0,1
FM,FELOM,27.756447,-82.624725,0,PIE,0.0,0.0,187.0,0,0,0,0,0,0,0,0

STAR,MAATY5,10,6
IF,ROOKR,28.273042,-82.911447, ,0.0,0.0,0,0,0,0,0,0,0,0
TF,BLOUT,28.078897,-82.697183,0, ,0.0,0.0,0.0,0.0,0,0,0,0,0,0,0,0
TF,CBASS,28.007083,-82.614797,0, ,0.0,0.0,0.0,0.0,0,0,0,0,0,0,0,0
TF,TOOTH,27.900133,-82.619083,0, ,0.0,0.0,0.0,0.0,1,5000,0,1,210,0,0,0
TF,BUGGO,27.840011,-82.621444,0, ,0.0,0.0,0.0,0.0,0,0,0,0,0,0,0,0
TF,FELOM,27.756447,-82.624725,0, ,0.0,0.0,0.0,0.0,1,5000,0,1,210,0,0,1
FM,FELOM,27.756447,-82.624725,0,PIE,0.0,0.0,187.0,0,0,0,0,0,0,0,0

STAR,MAATY5,19L,6
IF,ROOKR,28.273042,-82.911447, ,0.0,0.0,0,0,0,0,0,0,0,0
TF,SCLOP,28.280781,-82.614086,0, ,0.0,0.0,0.0,0.0,1,5000,0,1,230,0,0,1
FM,SCLOP,28.280781,-82.614086,0,PIE,0.0,0.0,97.0,0,0,0,0,0,0,0,0

STAR,MAATY5,19R,6
IF,ROOKR,28.273042,-82.911447, ,0.0,0.0,0,0,0,0,0,0,0,0
TF,SCLOP,28.280781,-82.614086,0, ,0.0,0.0,0.0,0.0,1,5000,0,1,230,0,0,1
FM,SCLOP,28.280781,-82.614086,0,PIE,0.0,0.0,97.0,0,0,0,0,0,0,0,0

STAR,MAATY5,28,6
IF,ROOKR,28.273042,-82.911447, ,0.0,0.0,0,0,0,0,0,0,0,0
TF,SCLOP,28.280781,-82.614086,0, ,0.0,0.0,0.0,0.0,1,5000,0,1,230,0,0,1
FM,SCLOP,28.280781,-82.614086,0,PIE,0.0,0.0,97.0,0,0,0,0,0,0,0,0

STAR,RAYZZ3,CHRGE,4
IF,CHRGE,27.812356,-84.832203, ,0.0,0.0,0,0,0,0,0,0,0,0
TF,DAAWG,27.854278,-83.915422,0, ,0.0,0.0,0.0,0.0,3,21000,0,0,0,0,0,0
TF,RAYZZ,27.913797,-83.168664,0, ,0.0,0.0,0.0,0.0,1,10000,0,0,0,0,0,0

STAR,RAYZZ3,CIGAR,4
IF,CIGAR,27.493503,-84.783197, ,0.0,0.0,0,0,0,0,0,0,0,0
TF,DAAWG,27.854278,-83.915422,0, ,0.0,0.0,0.0,0.0,3,21000,0,0,0,0,0,0
TF,RAYZZ,27.913797,-83.168664,0, ,0.0,0.0,0.0,0.0,1,10000,0,0,0,0,0,0

STAR,RAYZZ3,DAAWG,4
IF,DAAWG,27.854278,-83.915422, ,0.0,0.0,3,21000,0,0,0,0,0,0
TF,RAYZZ,27.913797,-83.168664,0, ,0.0,0.0,0.0,0.0,1,10000,0,0,0,0,0,0

STAR,RAYZZ3,ALL,5
IF,RAYZZ,27.913797,-83.168664, ,0.0,0.0,1,10000,0,0,0,0,0,0
TF,HIDOS,28.061831,-82.835317,0, ,0.0,0.0,0.0,0.0,0,0,0,0,0,0,0,0

STAR,RAYZZ3,01L,6
IF,HIDOS,28.061831,-82.835317, ,0.0,0.0,0,0,0,0,0,0,0,0
TF,CBASS,28.007083,-82.614797,0, ,0.0,0.0,0.0,0.0,0,0,0,0,0,0,0,0
TF,TOOTH,27.900133,-82.619083,0, ,0.0,0.0,0.0,0.0,1,5000,0,1,210,0,0,0
TF,BUGGO,27.840011,-82.621444,0, ,0.0,0.0,0.0,0.0,0,0,0,0,0,0,0,0
TF,FELOM,27.756447,-82.624725,0, ,0.0,0.0,0.0,0.0,1,5000,0,1,210,0,0,1
FM,FELOM,27.756447,-82.624725,0,PIE,0.0,0.0,187.0,0,0,0,0,0,0,0,0

STAR,RAYZZ3,01R,6
IF,HIDOS,28.061831,-82.835317, ,0.0,0.0,0,0,0,0,0,0,0,0
TF,CBASS,28.007083,-82.614797,0, ,0.0,0.0,0.0,0.0,0,0,0,0,0,0,0,0
TF,TOOTH,27.900133,-82.619083,0, ,0.0,0.0,0.0,0.0,1,5000,0,1,210,0,0,0
TF,BUGGO,27.840011,-82.621444,0, ,0.0,0.0,0.0,0.0,0,0,0,0,0,0,0,0
TF,FELOM,27.756447,-82.624725,0, ,0.0,0.0,0.0,0.0,1,5000,0,1,210,0,0,1
FM,FELOM,27.756447,-82.624725,0,PIE,0.0,0.0,187.0,0,0,0,0,0,0,0,0

STAR,RAYZZ3,10,6
IF,HIDOS,28.061831,-82.835317, ,0.0,0.0,0,0,0,0,0,0,0,0
TF,BAYAD,28.065031,-82.724503,0, ,0.0,0.0,0.0,0.0,0,0,0,0,0,0,0,1
VM,27.975469,-82.533247,0,95.0,0,0,0,0,0,0,0,0

STAR,RAYZZ3,19L,6
IF,HIDOS,28.061831,-82.835317, ,0.0,0.0,0,0,0,0,0,0,0,0
TF,ENTAH,28.067575,-82.611567,0, ,0.0,0.0,0.0,0.0,0,0,0,0,0,0,0,0
TF,VENNU,28.151133,-82.611567,0, ,0.0,0.0,0.0,0.0,1,5000,0,1,210,0,0,1
FM,VENNU,28.151133,-82.611567,0,PIE,0.0,0.0,6.0,0,0,0,0,0,0,0,0

STAR,RAYZZ3,19R,6
IF,HIDOS,28.061831,-82.835317, ,0.0,0.0,0,0,0,0,0,0,0,0
TF,ENTAH,28.067575,-82.611567,0, ,0.0,0.0,0.0,0.0,0,0,0,0,0,0,0,0
TF,VENNU,28.151133,-82.611567,0, ,0.0,0.0,0.0,0.0,1,5000,0,1,210,0,0,1
FM,VENNU,28.151133,-82.611567,0,PIE,0.0,0.0,6.0,0,0,0,0,0,0,0,0

STAR,RAYZZ3,28,6
IF,HIDOS,28.061831,-82.835317, ,0.0,0.0,0,0,0,0,0,0,0,0
TF,BAYAD,28.065031,-82.724503,0, ,0.0,0.0,0.0,0.0,0,0,0,0,0,0,0,1
VM,27.975469,-82.533247,0,95.0,0,0,0,0,0,0,0,0

APPTR,I01L,01L,LAGOO
IF,LAGOO,27.778208,-82.548642, ,0.0,0.0,2,2600,0,0,0,0,1,0
CF,SELMN,27.830325,-82.546867,0,IAMP,186.7,9.9,7.0,3.1,2,2600,0,0,0,0,0,0

APPTR,I01L,01L,PIE
IF,PIE,27.907764,-82.684308, ,0.0,0.0,0,0,0,0,0,0,0,0
TF,LAGOO,27.778208,-82.548642,0, ,0.0,0.0,0.0,0.0,2,2600,0,0,0,0,0,0
HF,LAGOO,27.778208,-82.548642,2, ,0.0,0.0,7.0,04.3,2,2600,0,0,0,0,1,0,0
CF,SELMN,27.830325,-82.546867,0,IAMP,186.7,9.9,7.0,3.1,2,2600,0,0,0,0,0,0

FINAL,I01L,01L,I,3
IF,SELMN,27.830325,-82.546867,IAMP,186.7,9.9,2,2600,0,0,0,0,0,0
CF,TYNER,27.877536,-82.545264,0,IAMP,186.7,7.1,7.0,2.8,1,1700,0,0,0,0,2,0
CF,RW01L,27.963294,-82.542356,0,IAMP,186.7,1.9,7.0,5.2,1,65,0,0,0,0,3,0
CA,0,7.0,2,500,0,0,0,0,0,0
DF,PIE,27.907764,-82.684308,1, ,0.0,0.0,2,2000,0,0,0,0,0,0
HM,PIE,27.907764,-82.684308,2, ,0.0,0.0,96.0,04.3,2,2000,0,0,0,0,0,0,0

FINAL,I19L,19L,I,3
IF,BUCCS,28.140453,-82.522989,ITPA,6.7,10.7,2,3000,0,0,0,0,0,0
CF,POMSE,28.088003,-82.524778,0,ITPA,6.7,7.6,187.0,3.1,1,2000,0,0,0,0,2,0
CF,RW19L,27.987128,-82.528214,0,ITPA,6.7,1.5,187.0,6.0,1,77,0,0,0,0,3,0
CA,0,187.0,2,600,0,0,0,0,0,0
VI,0, ,0.0,160.0,0,0,0,0,0,0,0,0
CF,GIBBS,27.574233,-82.280631,0,PIE,137.8,29.3,138.0,7.0,2,4000,0,0,0,0,0,0
HM,GIBBS,27.574233,-82.280631,2, ,0.0,0.0,318.0,04.3,0,0,0,0,0,0,0,0,0

APPTR,I19R,19R,MERRA
IF,MERRA,28.228131,-82.533325, ,0.0,0.0,2,3000,0,0,0,0,1,0
CF,FADDI,28.156972,-82.535758,0,IJRT,6.7,11.8,187.0,4.3,2,3000,0,0,0,0,0,0

APPTR,I19R,19R,PIE
IF,PIE,27.907764,-82.684308, ,0.0,0.0,0,0,0,0,0,0,0,0
TF,MERRA,28.228131,-82.533325,0, ,0.0,0.0,0.0,0.0,2,3000,0,0,0,0,0,0
HF,MERRA,28.228131,-82.533325,2, ,0.0,0.0,187.0,04.3,2,3000,0,0,0,0,1,0,0
CF,FADDI,28.156972,-82.535758,0,IJRT,6.7,11.8,187.0,4.3,2,3000,0,0,0,0,0,0

FINAL,I19R,19R,I,3
IF,FADDI,28.156972,-82.535758,IJRT,6.7,11.8,2,3000,0,0,0,0,0,0
CF,JMBOB,28.094494,-82.537894,0,IJRT,6.7,8.0,187.0,3.7,1,2000,0,0,0,0,2,0
CF,RW19R,27.993539,-82.541328,0,IJRT,6.7,2.0,187.0,6.0,1,75,0,0,0,0,3,0
CA,0,187.0,2,500,0,0,0,0,0,0
DF,PIE,27.907764,-82.684308,0, ,0.0,0.0,2,2000,0,0,0,0,0,0
HM,PIE,27.907764,-82.684308,2, ,0.0,0.0,96.0,04.3,2,2000,0,0,0,0,0,0,0

APPTR,L01R,01R,LAL
IF,LAL,27.986197,-82.013906, ,0.0,0.0,0,0,0,0,0,0,0,0
TF,MUWTY,27.750325,-82.536256,0, ,0.0,0.0,0.0,0.0,2,3000,0,0,0,0,0,0
HF,MUWTY,27.750325,-82.536256,2, ,0.0,0.0,7.0,04.3,2,2600,0,0,0,0,1,0,0

FINAL,L01R,01R,D,4
IF,MUWTY,27.750325,-82.536256,ITWJ,186.7,14.4,2,2600,0,0,0,0,0,0
CF,ANAZE,27.850708,-82.532853,0,ITWJ,186.7,8.3,7.0,6.0,2,2600,0,0,0,0,2,0
CF,ZELTO,27.909139,-82.530867,0,ITWJ,186.7,4.8,7.0,3.5,2,1300,0,0,0,0,0,0
CF,RW01R,27.964311,-82.528992,0,ITWJ,186.7,1.5,7.0,3.3,1,73,0,0,0,0,3,0
CA,0,7.0,2,500,0,0,0,0,0,0
DF,LAL,27.986197,-82.013906,2, ,0.0,0.0,2,2000,0,0,0,0,0,0
HM,LAL,27.986197,-82.013906,2, ,0.0,0.0,101.0,04.3,0,0,0,0,0,0,0,0,0

APPTR,R01LY,01L,PIE
IF,PIE,27.907764,-82.684308, ,0.0,0.0,0,0,0,0,0,0,0,0
TF,FITPA,27.731433,-82.550225,0, ,0.0,0.0,0.0,0.0,2,2600,0,0,0,0,0,1
HF,FITPA,27.731433,-82.550225,2, ,0.0,0.0,7.0,04,2,2600,0,0,0,0,1,0,0

FINAL,R01LY,01L,R,5
IF,FITPA,27.731433,-82.550225, ,0.0,0.0,2,2600,0,0,0,0,0,0
TF,SNORK,27.830094,-82.546881,0, ,0.0,0.0,7.0,5.9,2,2600,0,0,0,0,0,0
TF,TYNER,27.877536,-82.545264,0, ,0.0,0.0,7.0,2.8,2,1700,0,0,0,0,2,0
TF,ZERUR,27.937311,-82.543236,0, ,0.0,0.0,7.0,3.6,2,560,0,0,0,0,0,0
TF,RW01L,27.963294,-82.542356,0, ,0.0,0.0,7.0,1.6,1,65,0,0,0,0,3,1
CA,0,7.0,2,211,0,0,0,0,0,0
DF,MERRA,28.228131,-82.533325,0, ,0.0,0.0,2,2000,0,0,0,0,0,1
HM,MERRA,28.228131,-82.533325,2, ,0.0,0.0,187.0,06,0,0,0,0,0,0,0,0,0

APPTR,R01LZ,01L,BORST
IF,BORST,27.917061,-82.416881, ,0.0,0.0,1,5000,0,1,210,0,1,0
TF,SISTR,27.863606,-82.446889,0, ,0.0,0.0,0.0,0.0,2,5000,0,1,210,0,1,0
TF,STACI,27.823603,-82.469322,0, ,0.0,0.0,0.0,0.0,2,4200,0,0,0,0,0,0
RF,ESSUE,27.830458,-82.545161,2,CFLDJ,358.1,2.2,2,2600,0,0,0,0,0,0
RF,GRAXE,27.840850,-82.546508,2,CFLDK,6.3,2.2,2,2400,0,0,0,0,0,0
TF,CELST,27.909039,-82.544197,0, ,0.0,0.0,0.0,0.0,2,1100,0,0,0,0,0,0

APPTR,R01LZ,01L,JOYNR
IF,JOYNR,27.816786,-82.733569, ,0.0,0.0,1,6000,0,1,210,0,1,0
TF,ZERVO,27.814761,-82.667819,0, ,0.0,0.0,0.0,0.0,2,4700,0,0,0,0,1,0
TF,DICKY,27.812011,-82.581164,0, ,0.0,0.0,0.0,0.0,2,3200,0,1,190,0,0,0
RF,ORAST,27.830631,-82.548917,1,CFLDN,16.4,1.8,2,2600,0,0,0,0,0,0
RF,GRAXE,27.840850,-82.546508,1,CFLDP,6.3,1.8,2,2400,0,0,0,0,0,0
TF,CELST,27.909039,-82.544197,0, ,0.0,0.0,0.0,0.0,2,1100,0,0,0,0,0,0

APPTR,R01LZ,01L,SPARZ
IF,SPARZ,27.708714,-82.550997, ,0.0,0.0,2,4000,0,0,0,0,1,0
TF,POZER,27.775533,-82.548733,0, ,0.0,0.0,0.0,0.0,2,3300,0,0,0,0,1,0
TF,SELMN,27.830325,-82.546867,0, ,0.0,0.0,0.0,0.0,2,2600,0,0,0,0,0,0
TF,GRAXE,27.840850,-82.546508,0, ,0.0,0.0,0.0,0.0,2,2400,0,0,0,0,0,0
TF,CELST,27.909039,-82.544197,0, ,0.0,0.0,0.0,0.0,2,1100,0,0,0,0,0,0

APPTR,R01LZ,01L,TOOTH
IF,TOOTH,27.900133,-82.619083, ,0.0,0.0,1,5000,0,1,210,0,1,0
TF,VSTRM,27.850019,-82.621017,0, ,0.0,0.0,0.0,0.0,2,4300,0,0,0,0,0,0
RF,DICKY,27.812011,-82.581164,1,CFLDM,61.5,2.2,2,3200,0,1,190,0,0,0
RF,ORAST,27.830631,-82.548917,1,CFLDN,16.4,1.8,2,2600,0,0,0,0,0,0
RF,GRAXE,27.840850,-82.546508,1,CFLDP,6.3,1.8,2,2400,0,0,0,0,0,0
TF,CELST,27.909039,-82.544197,0, ,0.0,0.0,0.0,0.0,2,1100,0,0,0,0,0,0

FINAL,R01LZ,01L,R,2
IF,CELST,27.909039,-82.544197, ,0.0,0.0,2,1100,0,0,0,0,2,0
TF,RW01L,27.963294,-82.542356,0, ,0.0,0.0,7.0,3.3,1,66,0,0,0,0,3,1
CA,0,7.0,2,299,0,0,0,0,0,0
DF,MERRA,28.228131,-82.533325,0, ,0.0,0.0,2,2000,0,0,0,0,0,1
HM,MERRA,28.228131,-82.533325,2, ,0.0,0.0,187.0,06,0,0,0,0,0,0,0,0,0

APPTR,R01RY,01R,LAL
IF,LAL,27.986197,-82.013906, ,0.0,0.0,0,0,0,0,0,0,0,0
TF,MUWTY,27.750325,-82.536256,0, ,0.0,0.0,0.0,0.0,2,3000,0,0,0,0,0,1
HF,MUWTY,27.750325,-82.536256,2, ,0.0,0.0,7.0,07,2,2600,0,0,0,0,1,0,0

FINAL,R01RY,01R,R,4
IF,MUWTY,27.750325,-82.536256, ,0.0,0.0,2,2600,0,0,0,0,0,0
TF,ANAZE,27.850708,-82.532853,0, ,0.0,0.0,7.0,6.0,2,2600,0,0,0,0,2,0
TF,ZELTO,27.909139,-82.530867,0, ,0.0,0.0,7.0,3.5,2,1300,0,0,0,0,0,0
TF,RW01R,27.964311,-82.528992,0, ,0.0,0.0,7.0,3.3,1,73,0,0,0,0,3,1
CA,0,7.0,2,291,0,0,0,0,0,0
DF,COBOX,28.222653,-82.520183,0, ,0.0,0.0,2,2000,0,0,0,0,0,1
HM,COBOX,28.222653,-82.520183,2, ,0.0,0.0,187.0,06,0,0,0,0,0,0,0,0,0

APPTR,R01RZ,01R,BORST
IF,BORST,27.917061,-82.416881, ,0.0,0.0,1,5000,0,1,210,0,1,0
TF,INGRM,27.835628,-82.456278,0, ,0.0,0.0,0.0,0.0,2,4200,0,0,0,0,0,0
RF,DAJBO,27.840156,-82.531419,2,CFLDQ,357.8,2.1,2,2600,0,0,0,0,0,0
RF,ANAZE,27.850708,-82.532853,2,CFLDR,6.3,2.1,2,2400,0,0,0,0,0,0
TF,ZELTO,27.909139,-82.530867,0, ,0.0,0.0,0.0,0.0,2,1300,0,0,0,0,0,0

APPTR,R01RZ,01R,FILTR
IF,FILTR,27.812608,-82.733489, ,0.0,0.0,1,6000,0,1,210,0,1,0
TF,ZERVO,27.814761,-82.667819,0, ,0.0,0.0,0.0,0.0,2,5000,0,0,0,0,1,0
TF,PJMAL,27.813428,-82.576808,0, ,0.0,0.0,0.0,0.0,2,3400,0,1,190,0,0,0
RF,DREID,27.840225,-82.534864,1,CFLDT,14.2,2.3,2,2600,0,0,0,0,0,0
RF,ANAZE,27.850708,-82.532853,1,CFLDW,6.3,2.3,2,2400,0,0,0,0,0,0
TF,ZELTO,27.909139,-82.530867,0, ,0.0,0.0,0.0,0.0,2,1300,0,0,0,0,0,0

APPTR,R01RZ,01R,PEYTN
IF,PEYTN,27.721378,-82.537239, ,0.0,0.0,2,4000,0,0,0,0,1,0
TF,IZZZY,27.789928,-82.534914,0, ,0.0,0.0,0.0,0.0,2,3300,0,0,0,0,1,0
TF,DAAIL,27.840042,-82.533214,0, ,0.0,0.0,0.0,0.0,2,2600,0,0,0,0,0,0
TF,ANAZE,27.850708,-82.532853,0, ,0.0,0.0,0.0,0.0,2,2400,0,0,0,0,0,0
TF,ZELTO,27.909139,-82.530867,0, ,0.0,0.0,0.0,0.0,2,1300,0,0,0,0,0,0

APPTR,R01RZ,01R,TOOTH
IF,TOOTH,27.900133,-82.619083, ,0.0,0.0,1,5000,0,1,210,0,1,0
TF,HICAY,27.849156,-82.617461,0, ,0.0,0.0,0.0,0.0,2,4500,0,0,0,0,0,0
RF,PJMAL,27.813428,-82.576808,1,CFLDS,58.8,2.2,2,3400,0,1,190,0,0,0
RF,DREID,27.840225,-82.534864,1,CFLDT,14.2,2.3,2,2600,0,0,0,0,0,0
RF,ANAZE,27.850708,-82.532853,1,CFLDW,6.3,2.3,2,2400,0,0,0,0,0,0
TF,ZELTO,27.909139,-82.530867,0, ,0.0,0.0,0.0,0.0,2,1300,0,0,0,0,0,0

FINAL,R01RZ,01R,R,2
IF,ZELTO,27.909139,-82.530867, ,0.0,0.0,2,1300,0,0,0,0,2,0
TF,RW01R,27.964311,-82.528992,0, ,0.0,0.0,7.0,3.3,1,73,0,0,0,0,3,1
CA,0,7.0,2,344,0,0,0,0,0,0
DF,COBOX,28.222653,-82.520183,0, ,0.0,0.0,2,2000,0,0,0,0,0,1
HM,COBOX,28.222653,-82.520183,2, ,0.0,0.0,187.0,06,0,0,0,0,0,0,0,0,0

APPTR,R10,10,PIE
IF,PIE,27.907764,-82.684308, ,0.0,0.0,0,0,0,0,0,0,0,0
TF,POLVY,27.975750,-82.724242,0, ,0.0,0.0,0.0,0.0,2,2000,0,0,0,0,0,1
HF,POLVY,27.975750,-82.724242,2, ,0.0,0.0,97.0,04,2,2000,0,0,0,0,1,0,0

FINAL,R10,10,R,3
IF,POLVY,27.975750,-82.724242, ,0.0,0.0,2,2000,0,0,0,0,0,0
TF,ZEXYY,27.973181,-82.624750,0, ,0.0,0.0,97.0,5.3,2,1600,0,0,0,0,2,0
TF,RW10,27.970789,-82.534542,0, ,0.0,0.0,97.0,4.8,1,72,0,0,0,0,3,1
CA,0,97.0,2,272,0,0,0,0,0,0
DF,RUYKI,27.965044,-82.326278,0, ,0.0,0.0,2,2000,0,0,0,0,0,1
HM,RUYKI,27.965044,-82.326278,2, ,0.0,0.0,277.0,04,0,0,0,0,0,0,0,0,0

APPTR,R19L,19L,DARBS
IF,DARBS,28.199992,-82.865864, ,0.0,0.0,0,0,0,0,0,0,0,0
TF,ZADSA,28.227128,-82.689614,0, ,0.0,0.0,0.0,0.0,2,3000,0,0,0,0,1,0
TF,COBOX,28.222653,-82.520183,0, ,0.0,0.0,0.0,0.0,2,3000,0,0,0,0,1,0

APPTR,R19L,19L,JSTRM
IF,JSTRM,27.691825,-82.422519, ,0.0,0.0,0,0,0,0,0,0,0,0
TF,UFLIX,28.060222,-82.262675,0, ,0.0,0.0,0.0,0.0,2,3000,0,0,0,0,0,0
TF,ZPLIN,28.217344,-82.326892,0, ,0.0,0.0,0.0,0.0,2,3000,0,0,0,0,1,0
TF,COBOX,28.222653,-82.520183,0, ,0.0,0.0,0.0,0.0,2,3000,0,0,0,0,1,0

APPTR,R19L,19L,LZARD
IF,LZARD,28.300153,-82.311842, ,0.0,0.0,0,0,0,0,0,0,1,0
TF,COBOX,28.222653,-82.520183,0, ,0.0,0.0,0.0,0.0,2,3000,0,0,0,0,1,0

FINAL,R19L,19L,R,3
IF,COBOX,28.222653,-82.520183, ,0.0,0.0,2,3000,0,0,0,0,0,0
TF,POMSE,28.088003,-82.524778,0, ,0.0,0.0,187.0,8.1,2,2000,0,0,0,0,2,0
TF,RW19L,27.987128,-82.528214,0, ,0.0,0.0,187.0,6.0,1,77,0,0,0,0,3,1
CA,0,187.0,2,226,0,0,0,0,0,0
DF,CUPUL,27.858211,-82.532594,0, ,0.0,0.0,0,0,0,0,0,0,0,0
TF,GIBBS,27.574233,-82.280631,0, ,0.0,0.0,0.0,0.0,2,2000,0,0,0,0,0,1
HM,GIBBS,27.574233,-82.280631,2, ,0.0,0.0,314.0,04,0,0,0,0,0,0,0,0,0

APPTR,R19R,19R,PIE
IF,PIE,27.907764,-82.684308, ,0.0,0.0,0,0,0,0,0,0,0,0
TF,MERRA,28.228131,-82.533325,0, ,0.0,0.0,0.0,0.0,2,3000,0,0,0,0,0,1
HF,MERRA,28.228131,-82.533325,2, ,0.0,0.0,187.0,06,2,3000,0,0,0,0,1,0,0

FINAL,R19R,19R,R,5
IF,MERRA,28.228131,-82.533325, ,0.0,0.0,2,3000,0,0,0,0,0,0
TF,FADDI,28.156972,-82.535758,0, ,0.0,0.0,187.0,4.3,2,3000,0,0,0,0,0,0
TF,JMBOB,28.094494,-82.537894,0, ,0.0,0.0,187.0,3.7,2,2000,0,0,0,0,2,0
TF,ZESHY,28.016925,-82.540531,0, ,0.0,0.0,187.0,4.6,2,520,0,0,0,0,0,0
TF,RW19R,27.993539,-82.541328,0, ,0.0,0.0,187.0,1.4,1,75,0,0,0,0,3,1
CA,0,187.0,2,800,0,0,0,0,0,0
DF,JACKT,27.829750,-82.650625,0, ,0.0,0.0,2,2000,0,0,0,0,0,1
HM,JACKT,27.829750,-82.650625,2, ,0.0,0.0,95.0,06,0,0,0,0,0,0,0,0,0

APPTR,R28,28,PIE
IF,PIE,27.907764,-82.684308, ,0.0,0.0,0,0,0,0,0,0,0,0
TF,RUYKI,27.965044,-82.326278,0, ,0.0,0.0,0.0,0.0,2,3000,0,0,0,0,0,1
HF,RUYKI,27.965044,-82.326278,2, ,0.0,0.0,277.0,04,2,2000,0,0,0,0,1,0,0

FINAL,R28,28,R,4
IF,RUYKI,27.965044,-82.326278, ,0.0,0.0,2,2000,0,0,0,0,0,0
TF,JUKGO,27.967789,-82.424406,0, ,0.0,0.0,277.0,5.2,2,1600,0,0,0,0,2,0
TF,JUNTI,27.968969,-82.467378,0, ,0.0,0.0,277.0,2.3,2,860,0,0,0,0,0,0
TF,RW28,27.970247,-82.514411,0, ,0.0,0.0,277.0,2.5,1,76,0,0,0,0,3,1
CA,0,277.0,2,389,0,0,0,0,0,0
DF,POLVY,27.975750,-82.724242,0, ,0.0,0.0,2,2000,0,0,0,0,0,1
HM,POLVY,27.975750,-82.724242,2, ,0.0,0.0,97.0,04,0,0,0,0,0,0,0,0,0

