STAR,DADES2,BAAMF,4
IF,BAAMF,30.670328,-82.317353, ,0.0,0.0,0,0,0,0,0,0,0,0
TF,CORYY,30.171081,-82.379536,0, ,0.0,0.0,0.0,0.0,0,0,0,0,0,0,0,0
TF,CAPOH,29.587661,-82.347100,0, ,0.0,0.0,0.0,0.0,0,0,0,0,0,0,0,0
TF,EDISN,29.404075,-82.336975,0, ,0.0,0.0,0.0,0.0,0,0,0,0,0,0,0,0
TF,OLENE,28.739794,-82.258014,0, ,0.0,0.0,0.0,0.0,0,0,0,0,0,0,0,0
TF,MARVI,28.639397,-82.256478,0, ,0.0,0.0,0.0,0.0,0,0,0,0,0,0,0,0
TF,KOKOH,28.526317,-82.254317,0, ,0.0,0.0,0.0,0.0,0,0,0,0,0,0,0,0
TF,DADES,28.362672,-82.252167,0, ,0.0,0.0,0.0,0.0,0,0,0,0,0,0,0,0

STAR,DADES2,BEAUX,4
IF,BEAUX,28.970197,-79.974775, ,0.0,0.0,0,0,0,0,0,0,0,0
TF,ZINGR,28.780061,-80.577378,0, ,0.0,0.0,0.0,0.0,2,10000,0,0,0,0,0,0
TF,WORAK,28.708092,-80.775322,0, ,0.0,0.0,0.0,0.0,0,0,0,0,0,0,0,0
TF,ZOPER,28.649275,-80.936292,0, ,0.0,0.0,0.0,0.0,0,0,0,0,0,0,0,0
TF,CAMKO,28.555792,-81.163358,0, ,0.0,0.0,0.0,0.0,0,0,0,0,0,0,0,0
TF,ROSTR,28.489144,-81.324439,0, ,0.0,0.0,0.0,0.0,0,0,0,0,0,0,0,0
TF,GUURR,28.360117,-81.933717,0, ,0.0,0.0,0.0,0.0,0,0,0,0,0,0,0,0
TF,DADES,28.362672,-82.252167,0, ,0.0,0.0,0.0,0.0,0,0,0,0,0,0,0,0

STAR,DADES2,EDISN,4
IF,EDISN,29.404075,-82.336975, ,0.0,0.0,0,0,0,0,0,0,0,0
TF,OLENE,28.739794,-82.258014,0, ,0.0,0.0,0.0,0.0,0,0,0,0,0,0,0,0
TF,MARVI,28.639397,-82.256478,0, ,0.0,0.0,0.0,0.0,0,0,0,0,0,0,0,0
TF,KOKOH,28.526317,-82.254317,0, ,0.0,0.0,0.0,0.0,0,0,0,0,0,0,0,0
TF,DADES,28.362672,-82.252167,0, ,0.0,0.0,0.0,0.0,0,0,0,0,0,0,0,0

STAR,DADES2,HIBAC,4
IF,HIBAC,29.094064,-79.567958, ,0.0,0.0,0,0,0,0,0,0,0,0
TF,BEAUX,28.970197,-79.974775,0, ,0.0,0.0,0.0,0.0,0,0,0,0,0,0,0,0
TF,ZINGR,28.780061,-80.577378,0, ,0.0,0.0,0.0,0.0,2,10000,0,0,0,0,0,0
TF,WORAK,28.708092,-80.775322,0, ,0.0,0.0,0.0,0.0,0,0,0,0,0,0,0,0
TF,ZOPER,28.649275,-80.936292,0, ,0.0,0.0,0.0,0.0,0,0,0,0,0,0,0,0
TF,CAMKO,28.555792,-81.163358,0, ,0.0,0.0,0.0,0.0,0,0,0,0,0,0,0,0
TF,ROSTR,28.489144,-81.324439,0, ,0.0,0.0,0.0,0.0,0,0,0,0,0,0,0,0
TF,GUURR,28.360117,-81.933717,0, ,0.0,0.0,0.0,0.0,0,0,0,0,0,0,0,0
TF,DADES,28.362672,-82.252167,0, ,0.0,0.0,0.0,0.0,0,0,0,0,0,0,0,0

STAR,DADES2,KRVUR,4
IF,KRVUR,30.742264,-82.941775, ,0.0,0.0,0,0,0,0,0,0,0,0
TF,CORYY,30.171081,-82.379536,0, ,0.0,0.0,0.0,0.0,0,0,0,0,0,0,0,0
TF,CAPOH,29.587661,-82.347100,0, ,0.0,0.0,0.0,0.0,0,0,0,0,0,0,0,0
TF,EDISN,29.404075,-82.336975,0, ,0.0,0.0,0.0,0.0,0,0,0,0,0,0,0,0
TF,OLENE,28.739794,-82.258014,0, ,0.0,0.0,0.0,0.0,0,0,0,0,0,0,0,0
TF,MARVI,28.639397,-82.256478,0, ,0.0,0.0,0.0,0.0,0,0,0,0,0,0,0,0
TF,KOKOH,28.526317,-82.254317,0, ,0.0,0.0,0.0,0.0,0,0,0,0,0,0,0,0
TF,DADES,28.362672,-82.252167,0, ,0.0,0.0,0.0,0.0,0,0,0,0,0,0,0,0

STAR,DADES2,NICCK,4
IF,NICCK,29.187911,-81.169489, ,0.0,0.0,0,0,0,0,0,0,0,0
TF,DRUDJ,28.713819,-81.118269,0, ,0.0,0.0,0.0,0.0,0,0,0,0,0,0,0,0
TF,ROSTR,28.489144,-81.324439,0, ,0.0,0.0,0.0,0.0,0,0,0,0,0,0,0,0
TF,GUURR,28.360117,-81.933717,0, ,0.0,0.0,0.0,0.0,0,0,0,0,0,0,0,0
TF,DADES,28.362672,-82.252167,0, ,0.0,0.0,0.0,0.0,0,0,0,0,0,0,0,0

STAR,DADES2,ALL,5
IF,DADES,28.362672,-82.252167, ,0.0,0.0,0,0,0,0,0,0,0,0
TF,GSPAR,28.304244,-82.252822,0, ,0.0,0.0,0.0,0.0,0,0,0,0,0,0,0,1
FM,GSPAR,28.304244,-82.252822,0,PIE,0.0,0.0,180.0,0,0,0,0,0,0,0,0

STAR,RAYZZ3,CHRGE,4
IF,CHRGE,27.812356,-84.832203, ,0.0,0.0,0,0,0,0,0,0,0,0
TF,DAAWG,27.854278,-83.915422,0, ,0.0,0.0,0.0,0.0,3,21000,0,0,0,0,0,0
TF,RAYZZ,27.913797,-83.168664,0, ,0.0,0.0,0.0,0.0,1,10000,0,0,0,0,0,0

STAR,RAYZZ3,CIGAR,4
IF,CIGAR,27.493503,-84.783197, ,0.0,0.0,0,0,0,0,0,0,0,0
TF,DAAWG,27.854278,-83.915422,0, ,0.0,0.0,0.0,0.0,3,21000,0,0,0,0,0,0
TF,RAYZZ,27.913797,-83.168664,0, ,0.0,0.0,0.0,0.0,1,10000,0,0,0,0,0,0

STAR,RAYZZ3,DAAWG,4
IF,DAAWG,27.854278,-83.915422, ,0.0,0.0,3,21000,0,0,0,0,0,0
TF,RAYZZ,27.913797,-83.168664,0, ,0.0,0.0,0.0,0.0,1,10000,0,0,0,0,0,0

STAR,RAYZZ3,ALL,5
IF,RAYZZ,27.913797,-83.168664, ,0.0,0.0,1,10000,0,0,0,0,0,0
TF,SHKRA,27.924908,-83.031553,0, ,0.0,0.0,0.0,0.0,0,0,0,0,0,0,0,1
FM,SHKRA,27.924908,-83.031553,0,PIE,0.0,0.0,90.0,0,0,0,0,0,0,0,0

APPTR,R22,22,DADES
IF,DADES,28.362672,-82.252167, ,0.0,0.0,0,0,0,0,0,0,1,0
TF,TIYOB,28.067100,-82.321567,0, ,0.0,0.0,0.0,0.0,2,2600,0,0,0,0,1,0

APPTR,R22,22,LAL
IF,LAL,27.986197,-82.013906, ,0.0,0.0,0,0,0,0,0,0,1,0
TF,TIYOB,28.067100,-82.321567,0, ,0.0,0.0,0.0,0.0,2,2600,0,0,0,0,1,0

APPTR,R22,22,PIE
IF,PIE,27.907764,-82.684308, ,0.0,0.0,0,0,0,0,0,0,0,0
TF,TIYOB,28.067100,-82.321567,0, ,0.0,0.0,0.0,0.0,2,2600,0,0,0,0,0,1
HF,TIYOB,28.067100,-82.321567,2, ,0.0,0.0,222.0,04,2,2600,0,0,0,0,1,0,0

FINAL,R22,22,R,3
IF,TIYOB,28.067100,-82.321567, ,0.0,0.0,2,2600,0,0,0,0,0,0
TF,UTOBE,27.987706,-82.388972,0, ,0.0,0.0,222.0,6.0,2,1700,0,0,0,0,2,0
TF,RW22,27.918372,-82.447733,0, ,0.0,0.0,222.0,5.2,1,47,0,0,0,0,3,1
CA,0,222.0,2,407,0,0,0,0,0,0
DF,LAL,27.986197,-82.013906,1, ,0.0,0.0,2,2700,0,0,0,0,0,1
HM,LAL,27.986197,-82.013906,2, ,0.0,0.0,77.0,04,0,0,0,0,0,0,0,0,0

APPTR,R36,36,LAL
IF,LAL,27.986197,-82.013906, ,0.0,0.0,0,0,0,0,0,0,0,0
TF,HUMKI,27.736961,-82.373892,0, ,0.0,0.0,0.0,0.0,2,2700,0,0,0,0,0,1
HF,HUMKI,27.736961,-82.373892,2, ,0.0,0.0,344.0,04,2,2700,0,0,0,0,1,0,0

APPTR,R36,36,SRQ
IF,SRQ,27.407017,-82.563661, ,0.0,0.0,0,0,0,0,0,0,1,0
TF,HUMKI,27.736961,-82.373892,0, ,0.0,0.0,0.0,0.0,2,2700,0,0,0,0,1,0

FINAL,R36,36,R,3
IF,HUMKI,27.736961,-82.373892, ,0.0,0.0,2,2700,0,0,0,0,0,0
TF,JEVOD,27.831339,-82.414489,0, ,0.0,0.0,344.0,6.1,2,1700,0,0,0,0,2,0
TF,CUVYA,27.904436,-82.445986,0, ,0.0,0.0,344.0,4.7,1,205,0,0,0,0,3,1
CA,0,344.0,2,407,0,0,0,0,0,0
DF,LAL,27.986197,-82.013906,2, ,0.0,0.0,2,2700,0,0,0,0,0,1
HM,LAL,27.986197,-82.013906,2, ,0.0,0.0,77.0,04,0,0,0,0,0,0,0,0,0

