APPTR,R09,09,POJZI
IF,POJZI,40.945500,-84.910653, ,0.0,0.0,0,0,0,0,0,0,1,0
TF,SUDJU,40.862981,-84.857872,0, ,0.0,0.0,0.0,0.0,2,3000,0,0,0,0,1,0

APPTR,R09,09,UHDAX
IF,UHDAX,40.788644,-84.932297, ,0.0,0.0,0,0,0,0,0,0,1,0
TF,SUDJU,40.862981,-84.857872,0, ,0.0,0.0,0.0,0.0,2,3000,0,0,0,0,1,0

FINAL,R09,09,R,4
IF,SUDJU,40.862981,-84.857872, ,0.0,0.0,2,3000,0,0,0,0,0,0
TF,UPIWE,40.863947,-84.729083,0, ,0.0,0.0,94.0,5.9,2,2400,0,0,0,0,2,0
TF,HUTAB,40.864422,-84.657350,0, ,0.0,0.0,94.0,3.3,2,1360,0,0,0,0,0,0
TF,RW09,40.864650,-84.620300,0, ,0.0,0.0,94.0,1.7,1,823,0,0,0,0,3,1
CA,0,94.0,2,1160,0,0,0,0,0,0
DF,DRIFF,40.865911,-84.361022,0, ,0.0,0.0,2,3000,0,0,0,0,0,1
HM,DRIFF,40.865911,-84.361022,2, ,0.0,0.0,275.0,04,0,0,0,0,0,0,0,0,0

APPTR,R27,27,BOOKS
IF,BOOKS,40.504519,-84.794658, ,0.0,0.0,0,0,0,0,0,0,0,0
TF,CEWFY,40.782528,-84.360486,0, ,0.0,0.0,0.0,0.0,2,3000,0,0,0,0,1,0
TF,DRIFF,40.865911,-84.361022,0, ,0.0,0.0,0.0,0.0,2,3000,0,0,0,0,1,0

APPTR,R27,27,CHIZM
IF,CHIZM,40.971722,-84.613844, ,0.0,0.0,0,0,0,0,0,0,0,0
TF,AVFAX,40.949294,-84.361558,0, ,0.0,0.0,0.0,0.0,2,3000,0,0,0,0,1,0
TF,DRIFF,40.865911,-84.361022,0, ,0.0,0.0,0.0,0.0,2,3000,0,0,0,0,1,0

APPTR,R27,27,DRIFF
HF,DRIFF,40.865911,-84.361022,2, ,0.0,0.0,275.0,04,2,3000,0,0,0,0,1,0,0

FINAL,R27,27,R,3
IF,DRIFF,40.865911,-84.361022, ,0.0,0.0,2,3000,0,0,0,0,0,0
TF,OYNOV,40.865333,-84.495033,0, ,0.0,0.0,275.0,6.1,2,2400,0,0,0,0,2,0
TF,RW27,40.864758,-84.602225,0, ,0.0,0.0,275.0,4.9,1,825,0,0,0,0,3,1
CA,0,275.0,2,1187,0,0,0,0,0,0
DF,DRIFF,40.865911,-84.361022,2, ,0.0,0.0,2,3000,0,0,0,0,0,1
HM,DRIFF,40.865911,-84.361022,2, ,0.0,0.0,275.0,04,0,0,0,0,0,0,0,0,0

