APPTR,R06,06,HYPER
IF,HYPER,39.683933,-77.225094, ,0.0,0.0,0,0,0,0,0,0,0,0
TF,DOAAH,39.765039,-77.471908,0, ,0.0,0.0,0.0,0.0,2,3600,0,0,0,0,0,1
HF,DOAAH,39.765039,-77.471908,1, ,0.0,0.0,87.0,04,2,3600,0,0,0,0,1,0,0

APPTR,R06,06,REEES
IF,REEES,39.797708,-77.765642, ,0.0,0.0,0,0,0,0,0,0,1,0
TF,DOAAH,39.765039,-77.471908,0, ,0.0,0.0,0.0,0.0,2,3600,0,0,0,0,1,0

FINAL,R06,06,R,4
IF,DOAAH,39.765039,-77.471908, ,0.0,0.0,2,3600,0,0,0,0,0,0
TF,SOOPS,39.784594,-77.366839,0, ,0.0,0.0,87.0,5.0,2,2800,0,0,0,0,2,0
TF,WIDUN,39.818322,-77.311883,0, ,0.0,0.0,62.0,3.3,2,1420,0,0,0,0,0,0
TF,RW06,39.838842,-77.278403,0, ,0.0,0.0,62.0,2.0,1,580,0,0,0,0,3,1
CA,0,62.0,2,1700,0,0,0,0,0,0
DF,REEES,39.797708,-77.765642,1, ,0.0,0.0,2,3600,0,0,0,0,0,1
HM,REEES,39.797708,-77.765642,2, ,0.0,0.0,109.0,04,0,0,0,0,0,0,0,0,0

APPTR,R06-A,06,EMI
IF,EMI,39.495008,-76.978572, ,0.0,0.0,0,0,0,0,0,0,1,0
TF,SUSLE,39.700353,-77.119081,0, ,0.0,0.0,0.0,0.0,2,2500,0,0,0,0,1,0

APPTR,R06-A,06,SUSLE
HF,SUSLE,39.700353,-77.119081,2, ,0.0,0.0,331.0,04,2,2500,0,0,0,0,1,0,0

FINAL,R06-A,06,R,4
IF,SUSLE,39.700353,-77.119081, ,0.0,0.0,2,2500,0,0,0,0,0,0
TF,CULEP,39.777842,-77.204494,0, ,0.0,0.0,331.0,6.1,2,2500,0,0,0,0,2,0
TF,FONRA,39.809581,-77.239556,0, ,0.0,0.0,331.0,2.5,2,1840,0,0,0,0,0,0
TF,JOMET,39.841303,-77.274656,0, ,0.0,0.0,331.0,2.5,1,1280,0,0,0,0,3,1
DF,SUSLE,39.700353,-77.119081,2, ,0.0,0.0,2,2500,0,0,0,0,0,1
HM,SUSLE,39.700353,-77.119081,2, ,0.0,0.0,331.0,04,0,0,0,0,0,0,0,0,0

APPTR,R24-A,24,EMI
IF,EMI,39.495008,-76.978572, ,0.0,0.0,0,0,0,0,0,0,1,0
TF,SUSLE,39.700353,-77.119081,0, ,0.0,0.0,0.0,0.0,2,2500,0,0,0,0,1,0

APPTR,R24-A,24,SUSLE
HF,SUSLE,39.700353,-77.119081,2, ,0.0,0.0,331.0,04,2,2500,0,0,0,0,1,0,0

FINAL,R24-A,24,R,4
IF,SUSLE,39.700353,-77.119081, ,0.0,0.0,2,2500,0,0,0,0,0,0
TF,CULEP,39.777842,-77.204494,0, ,0.0,0.0,331.0,6.1,2,2500,0,0,0,0,2,0
TF,FONRA,39.809581,-77.239556,0, ,0.0,0.0,331.0,2.5,2,1840,0,0,0,0,0,0
TF,JOMET,39.841303,-77.274656,0, ,0.0,0.0,331.0,2.5,1,1280,0,0,0,0,3,1
DF,SUSLE,39.700353,-77.119081,2, ,0.0,0.0,2,2500,0,0,0,0,0,1
HM,SUSLE,39.700353,-77.119081,2, ,0.0,0.0,331.0,04,0,0,0,0,0,0,0,0,0

