APPTR,R32-B,32,ARICE
IF,ARICE,37.688792,-75.742325, ,0.0,0.0,0,0,0,0,0,0,1,0
TF,HIMBA,37.893431,-75.649125,0, ,0.0,0.0,0.0,0.0,2,2000,0,0,0,0,1,0

APPTR,R32-B,32,ZJAAY
IF,ZJAAY,38.052764,-75.442853, ,0.0,0.0,0,0,0,0,0,0,1,0
TF,HIMBA,37.893431,-75.649125,0, ,0.0,0.0,0.0,0.0,2,2000,0,0,0,0,1,0

FINAL,R32-B,32,R,3
IF,HIMBA,37.893431,-75.649125, ,0.0,0.0,2,2000,0,0,0,0,0,0
TF,JOMUG,37.962931,-75.747558,0, ,0.0,0.0,322.0,6.3,2,1700,0,0,0,0,2,0
TF,RW32,38.016533,-75.823289,0, ,0.0,0.0,322.0,4.8,1,37,0,0,0,0,3,1
CA,0,322.0,2,404,0,0,0,0,0,0
DF,ZJAAY,38.052764,-75.442853,2, ,0.0,0.0,2,2000,0,0,0,0,0,1
HM,ZJAAY,38.052764,-75.442853,2, ,0.0,0.0,236.0,04,0,0,0,0,0,0,0,0,0

