APPTR,R04,04,ALDAN
IF,ALDAN,36.397933,-78.934128, ,0.0,0.0,0,0,0,0,0,0,1,0
TF,DIVTY,36.427667,-78.669353,0, ,0.0,0.0,0.0,0.0,2,3000,0,0,0,0,1,0

APPTR,R04,04,WUMVA
IF,WUMVA,36.304608,-78.785853, ,0.0,0.0,0,0,0,0,0,0,1,0
TF,DIVTY,36.427667,-78.669353,0, ,0.0,0.0,0.0,0.0,2,3000,0,0,0,0,1,0

APPTR,R04,04,YITUP
IF,YITUP,36.297756,-78.632681, ,0.0,0.0,0,0,0,0,0,0,1,0
TF,DIVTY,36.427667,-78.669353,0, ,0.0,0.0,0.0,0.0,2,3000,0,0,0,0,1,0

FINAL,R04,04,R,4
IF,DIVTY,36.427667,-78.669353, ,0.0,0.0,2,3000,0,0,0,0,0,0
TF,KARBY,36.517869,-78.610756,0, ,0.0,0.0,36.0,6.1,2,2000,0,0,0,0,2,0
TF,OKLOW,36.555003,-78.586633,0, ,0.0,0.0,36.0,2.5,2,1200,0,0,0,0,0,0
TF,RW04,36.591494,-78.562900,0, ,0.0,0.0,36.0,2.5,1,414,0,0,0,0,3,1
CA,0,36.0,2,900,0,0,0,0,0,0
DF,HARVY,36.746167,-78.471939,0, ,0.0,0.0,2,3000,0,0,0,0,0,1
HM,HARVY,36.746167,-78.471939,2, ,0.0,0.0,33.0,04,2,3000,0,0,0,0,0,0,0

