APPTR,R04,04,CURAB
HF,CURAB,37.770914,-75.594731,2, ,0.0,0.0,43.0,05,2,2000,0,0,0,0,1,0,0

FINAL,R04,04,R,3
IF,CURAB,37.770914,-75.594731, ,0.0,0.0,2,2000,0,0,0,0,0,0
TF,RIMUE,37.855692,-75.527606,0, ,0.0,0.0,43.0,6.0,2,1700,0,0,0,0,2,0
TF,RW04,37.927069,-75.470947,0, ,0.0,0.0,43.0,5.1,1,91,0,0,0,0,3,1
CA,0,43.0,2,600,0,0,0,0,0,0
DF,MAGGO,37.982911,-75.733719,1, ,0.0,0.0,2,2000,0,0,0,0,0,1
HM,MAGGO,37.982911,-75.733719,2, ,0.0,0.0,37.0,05,0,0,0,0,0,0,0,0,0

APPTR,R10,10,WERIV
HF,WERIV,37.943836,-75.719375,2, ,0.0,0.0,101.0,05,2,2000,0,0,0,0,1,0,0

FINAL,R10,10,R,4
IF,WERIV,37.943836,-75.719375, ,0.0,0.0,2,2000,0,0,0,0,0,0
TF,BIKTE,37.943406,-75.592297,0, ,0.0,0.0,101.0,6.0,2,1700,0,0,0,0,2,0
TF,XECPI,37.943178,-75.537747,0, ,0.0,0.0,101.0,2.6,2,860,0,0,0,0,0,0
TF,RW10,37.942936,-75.485075,0, ,0.0,0.0,101.0,2.5,1,79,0,0,0,0,3,1
CA,0,101.0,2,700,0,0,0,0,0,0
DF,MAGGO,37.982911,-75.733719,1, ,0.0,0.0,2,2000,0,0,0,0,0,1
HM,MAGGO,37.982911,-75.733719,2, ,0.0,0.0,37.0,05,0,0,0,0,0,0,0,0,0

APPTR,R17,17,DOVAY
HF,DOVAY,38.118036,-75.556597,2, ,0.0,0.0,169.0,05,2,2000,0,0,0,0,1,0,0

FINAL,R17,17,R,3
IF,DOVAY,38.118036,-75.556597, ,0.0,0.0,2,2000,0,0,0,0,0,0
TF,GELTE,38.025433,-75.508483,0, ,0.0,0.0,169.0,6.0,2,1700,0,0,0,0,2,0
TF,RW17,37.947181,-75.467928,0, ,0.0,0.0,169.0,5.1,1,86,0,0,0,0,3,0
CA,0,169.0,2,600,0,0,0,0,0,0
DF,MAGGO,37.982911,-75.733719,2, ,0.0,0.0,2,2000,0,0,0,0,0,1
HM,MAGGO,37.982911,-75.733719,2, ,0.0,0.0,37.0,05,0,0,0,0,0,0,0,0,0

APPTR,R22,22,AXASE
HF,AXASE,38.103814,-75.330081,2, ,0.0,0.0,223.0,05,2,2000,0,0,0,0,1,0,0

FINAL,R22,22,R,3
IF,AXASE,38.103814,-75.330081, ,0.0,0.0,2,2000,0,0,0,0,0,0
TF,FIBED,38.019153,-75.397658,0, ,0.0,0.0,223.0,6.0,2,1700,0,0,0,0,2,0
TF,RW22,37.947400,-75.454786,0, ,0.0,0.0,223.0,5.1,1,81,0,0,0,0,3,0
CA,0,223.0,2,600,0,0,0,0,0,0
DF,MAGGO,37.982911,-75.733719,2, ,0.0,0.0,2,2000,0,0,0,0,0,1
HM,MAGGO,37.982911,-75.733719,2, ,0.0,0.0,37.0,05,0,0,0,0,0,0,0,0,0

APPTR,R28,28,DOGTE
HF,DOGTE,37.941372,-75.224072,2, ,0.0,0.0,282.0,05,2,2000,0,0,0,0,1,0,0

FINAL,R28,28,R,3
IF,DOGTE,37.941372,-75.224072, ,0.0,0.0,2,2000,0,0,0,0,0,0
TF,CIDGO,37.942203,-75.350481,0, ,0.0,0.0,282.0,6.0,2,1700,0,0,0,0,2,0
TF,RW28,37.942797,-75.457317,0, ,0.0,0.0,281.0,5.1,1,85,0,0,0,0,3,0
CA,0,281.0,2,600,0,0,0,0,0,0
DF,MAGGO,37.982911,-75.733719,0, ,0.0,0.0,2,2000,0,0,0,0,0,1
HM,MAGGO,37.982911,-75.733719,2, ,0.0,0.0,37.0,05,0,0,0,0,0,0,0,0,0

APPTR,R35,35,ZELAP
HF,ZELAP,37.763725,-75.373244,2, ,0.0,0.0,349.0,05,2,2000,0,0,0,0,1,0,0

FINAL,R35,35,R,3
IF,ZELAP,37.763725,-75.373244, ,0.0,0.0,2,2000,0,0,0,0,0,0
TF,UFERI,37.856392,-75.421006,0, ,0.0,0.0,349.0,6.0,2,1700,0,0,0,0,2,0
TF,RW35,37.934964,-75.461606,0, ,0.0,0.0,349.0,5.1,1,80,0,0,0,0,3,1
CA,0,349.0,2,600,0,0,0,0,0,0
DF,MAGGO,37.982911,-75.733719,0, ,0.0,0.0,2,2000,0,0,0,0,0,1
HM,MAGGO,37.982911,-75.733719,2, ,0.0,0.0,37.0,05,0,0,0,0,0,0,0,0,0

