STAR,SARDI1,BRIGS,4
IF,BRIGS,39.523533,-74.138797, ,0.0,0.0,3,21000,0,0,0,0,0,0
TF,HARBO,39.607511,-74.007378,0, ,0.0,0.0,0.0,0.0,0,0,0,0,0,0,0,0
TF,DRIFT,39.814878,-73.680425,0, ,0.0,0.0,0.0,0.0,0,0,0,0,0,0,0,0
TF,MANTA,39.901947,-73.542119,0, ,0.0,0.0,0.0,0.0,0,0,0,0,0,0,0,0
TF,PLUME,40.118519,-73.285564,0, ,0.0,0.0,0.0,0.0,0,0,0,0,0,0,0,0
TF,SHERL,40.255708,-73.121739,0, ,0.0,0.0,0.0,0.0,0,0,0,0,0,0,0,0
TF,DUNEE,40.323439,-73.040572,0, ,0.0,0.0,0.0,0.0,0,0,0,0,0,0,0,0
TF,KOPPY,40.417656,-72.927356,0, ,0.0,0.0,0.0,0.0,0,0,0,0,0,0,0,0
TF,SARDI,40.524058,-72.798853,0, ,0.0,0.0,0.0,0.0,0,0,0,0,0,0,0,0

STAR,SARDI1,DUNEE,4
IF,DUNEE,40.323439,-73.040572, ,0.0,0.0,0,0,0,0,0,0,0,0
TF,KOPPY,40.417656,-72.927356,0, ,0.0,0.0,0.0,0.0,0,0,0,0,0,0,0,0
TF,SARDI,40.524058,-72.798853,0, ,0.0,0.0,0.0,0.0,0,0,0,0,0,0,0,0

STAR,SARDI1,KALDA,4
IF,KALDA,37.841961,-75.626483, ,0.0,0.0,0,0,0,0,0,0,0,0
TF,ZJAAY,38.052764,-75.442853,0, ,0.0,0.0,0.0,0.0,0,0,0,0,0,0,0,0
TF,BYSEL,38.250750,-75.281353,0, ,0.0,0.0,0.0,0.0,0,0,0,0,0,0,0,0
TF,RADDS,38.648556,-75.088467,0, ,0.0,0.0,0.0,0.0,0,0,0,0,0,0,0,0
TF,SHHAY,38.784467,-74.932061,0, ,0.0,0.0,0.0,0.0,0,0,0,0,0,0,0,0
TF,MAEVE,38.963908,-74.745700,0, ,0.0,0.0,0.0,0.0,0,0,0,0,0,0,0,0
TF,WAALK,39.141294,-74.559147,0, ,0.0,0.0,0.0,0.0,0,0,0,0,0,0,0,0
TF,JENGA,39.276669,-74.411619,0, ,0.0,0.0,0.0,0.0,0,0,0,0,0,0,0,0
TF,RAINN,39.452753,-74.217544,0, ,0.0,0.0,0.0,0.0,0,0,0,0,0,0,0,0
TF,BRIGS,39.523533,-74.138797,0, ,0.0,0.0,0.0,0.0,3,21000,0,0,0,0,0,0
TF,HARBO,39.607511,-74.007378,0, ,0.0,0.0,0.0,0.0,0,0,0,0,0,0,0,0
TF,DRIFT,39.814878,-73.680425,0, ,0.0,0.0,0.0,0.0,0,0,0,0,0,0,0,0
TF,MANTA,39.901947,-73.542119,0, ,0.0,0.0,0.0,0.0,0,0,0,0,0,0,0,0
TF,PLUME,40.118519,-73.285564,0, ,0.0,0.0,0.0,0.0,0,0,0,0,0,0,0,0
TF,SHERL,40.255708,-73.121739,0, ,0.0,0.0,0.0,0.0,0,0,0,0,0,0,0,0
TF,DUNEE,40.323439,-73.040572,0, ,0.0,0.0,0.0,0.0,0,0,0,0,0,0,0,0
TF,KOPPY,40.417656,-72.927356,0, ,0.0,0.0,0.0,0.0,0,0,0,0,0,0,0,0
TF,SARDI,40.524058,-72.798853,0, ,0.0,0.0,0.0,0.0,0,0,0,0,0,0,0,0

STAR,SARDI1,MAEVE,4
IF,MAEVE,38.963908,-74.745700, ,0.0,0.0,0,0,0,0,0,0,0,0
TF,WAALK,39.141294,-74.559147,0, ,0.0,0.0,0.0,0.0,0,0,0,0,0,0,0,0
TF,JENGA,39.276669,-74.411619,0, ,0.0,0.0,0.0,0.0,0,0,0,0,0,0,0,0
TF,RAINN,39.452753,-74.217544,0, ,0.0,0.0,0.0,0.0,0,0,0,0,0,0,0,0
TF,BRIGS,39.523533,-74.138797,0, ,0.0,0.0,0.0,0.0,3,21000,0,0,0,0,0,0
TF,HARBO,39.607511,-74.007378,0, ,0.0,0.0,0.0,0.0,0,0,0,0,0,0,0,0
TF,DRIFT,39.814878,-73.680425,0, ,0.0,0.0,0.0,0.0,0,0,0,0,0,0,0,0
TF,MANTA,39.901947,-73.542119,0, ,0.0,0.0,0.0,0.0,0,0,0,0,0,0,0,0
TF,PLUME,40.118519,-73.285564,0, ,0.0,0.0,0.0,0.0,0,0,0,0,0,0,0,0
TF,SHERL,40.255708,-73.121739,0, ,0.0,0.0,0.0,0.0,0,0,0,0,0,0,0,0
TF,DUNEE,40.323439,-73.040572,0, ,0.0,0.0,0.0,0.0,0,0,0,0,0,0,0,0
TF,KOPPY,40.417656,-72.927356,0, ,0.0,0.0,0.0,0.0,0,0,0,0,0,0,0,0
TF,SARDI,40.524058,-72.798853,0, ,0.0,0.0,0.0,0.0,0,0,0,0,0,0,0,0

STAR,SARDI1,RADDS,4
IF,RADDS,38.648556,-75.088467, ,0.0,0.0,0,0,0,0,0,0,0,0
TF,SHHAY,38.784467,-74.932061,0, ,0.0,0.0,0.0,0.0,0,0,0,0,0,0,0,0
TF,MAEVE,38.963908,-74.745700,0, ,0.0,0.0,0.0,0.0,0,0,0,0,0,0,0,0
TF,WAALK,39.141294,-74.559147,0, ,0.0,0.0,0.0,0.0,0,0,0,0,0,0,0,0
TF,JENGA,39.276669,-74.411619,0, ,0.0,0.0,0.0,0.0,0,0,0,0,0,0,0,0
TF,RAINN,39.452753,-74.217544,0, ,0.0,0.0,0.0,0.0,0,0,0,0,0,0,0,0
TF,BRIGS,39.523533,-74.138797,0, ,0.0,0.0,0.0,0.0,3,21000,0,0,0,0,0,0
TF,HARBO,39.607511,-74.007378,0, ,0.0,0.0,0.0,0.0,0,0,0,0,0,0,0,0
TF,DRIFT,39.814878,-73.680425,0, ,0.0,0.0,0.0,0.0,0,0,0,0,0,0,0,0
TF,MANTA,39.901947,-73.542119,0, ,0.0,0.0,0.0,0.0,0,0,0,0,0,0,0,0
TF,PLUME,40.118519,-73.285564,0, ,0.0,0.0,0.0,0.0,0,0,0,0,0,0,0,0
TF,SHERL,40.255708,-73.121739,0, ,0.0,0.0,0.0,0.0,0,0,0,0,0,0,0,0
TF,DUNEE,40.323439,-73.040572,0, ,0.0,0.0,0.0,0.0,0,0,0,0,0,0,0,0
TF,KOPPY,40.417656,-72.927356,0, ,0.0,0.0,0.0,0.0,0,0,0,0,0,0,0,0
TF,SARDI,40.524058,-72.798853,0, ,0.0,0.0,0.0,0.0,0,0,0,0,0,0,0,0

STAR,SARDI1,WAALK,4
IF,WAALK,39.141294,-74.559147, ,0.0,0.0,0,0,0,0,0,0,0,0
TF,JENGA,39.276669,-74.411619,0, ,0.0,0.0,0.0,0.0,0,0,0,0,0,0,0,0
TF,RAINN,39.452753,-74.217544,0, ,0.0,0.0,0.0,0.0,0,0,0,0,0,0,0,0
TF,BRIGS,39.523533,-74.138797,0, ,0.0,0.0,0.0,0.0,3,21000,0,0,0,0,0,0
TF,HARBO,39.607511,-74.007378,0, ,0.0,0.0,0.0,0.0,0,0,0,0,0,0,0,0
TF,DRIFT,39.814878,-73.680425,0, ,0.0,0.0,0.0,0.0,0,0,0,0,0,0,0,0
TF,MANTA,39.901947,-73.542119,0, ,0.0,0.0,0.0,0.0,0,0,0,0,0,0,0,0
TF,PLUME,40.118519,-73.285564,0, ,0.0,0.0,0.0,0.0,0,0,0,0,0,0,0,0
TF,SHERL,40.255708,-73.121739,0, ,0.0,0.0,0.0,0.0,0,0,0,0,0,0,0,0
TF,DUNEE,40.323439,-73.040572,0, ,0.0,0.0,0.0,0.0,0,0,0,0,0,0,0,0
TF,KOPPY,40.417656,-72.927356,0, ,0.0,0.0,0.0,0.0,0,0,0,0,0,0,0,0
TF,SARDI,40.524058,-72.798853,0, ,0.0,0.0,0.0,0.0,0,0,0,0,0,0,0,0

STAR,SARDI1,ALL,5
IF,SARDI,40.524058,-72.798853, ,0.0,0.0,0,0,0,0,0,0,0,0
TF,RICED,40.611969,-72.692183,0, ,0.0,0.0,0.0,0.0,0,0,0,0,0,0,0,0
TF,ORCHA,40.915406,-72.312122,0, ,0.0,0.0,0.0,0.0,0,0,0,0,0,0,0,0
TF,MONDI,41.154783,-72.199658,0, ,0.0,0.0,0.0,0.0,2,1900,0,0,0,0,0,1
FM,MONDI,41.154783,-72.199658,0,GON,0.0,0.0,34.0,0,0,0,0,0,0,0,0

APPTR,L07,07,GON
IF,GON,41.330403,-72.051983, ,0.0,0.0,0,0,0,0,0,0,0,0
TF,KLUTZ,41.299800,-71.891719,0, ,0.0,0.0,0.0,0.0,2,2000,0,0,0,0,0,0
HF,KLUTZ,41.299800,-71.891719,2, ,0.0,0.0,68.0,04.3,2,2000,0,0,0,0,1,0,0

APPTR,L07,07,ORW
IF,ORW,41.556403,-71.999353, ,0.0,0.0,0,0,0,0,0,0,0,0
TF,KLUTZ,41.299800,-71.891719,0, ,0.0,0.0,0.0,0.0,2,2100,0,0,0,0,0,0
HF,KLUTZ,41.299800,-71.891719,2, ,0.0,0.0,68.0,04.3,2,2000,0,0,0,0,1,0,0

APPTR,L07,07,SEY
IF,SEY,41.167436,-71.576086, ,0.0,0.0,0,0,0,0,0,0,0,0
TF,KLUTZ,41.299800,-71.891719,0, ,0.0,0.0,0.0,0.0,2,2000,0,0,0,0,0,0
HF,KLUTZ,41.299800,-71.891719,2, ,0.0,0.0,68.0,04.3,2,2000,0,0,0,0,1,0,0

FINAL,L07,07,D,3
IF,CF07,41.259747,-71.962428,IRLS,248.2,9.3,2,2000,0,0,0,0,0,0
CF,KLUTZ,41.299800,-71.891719,0,IRLS,248.2,5.3,68.0,4.0,2,1800,0,0,0,0,2,0
CF,RW07,41.345597,-71.810589,0,IRLS,248.2,0.8,68.0,4.6,1,97,0,0,0,0,3,0
CA,0,68.0,2,490,0,0,0,0,0,0
VI,2, ,0.0,180.0,0,0,0,0,0,0,0,0
CF,KLUTZ,41.299800,-71.891719,2,SEY,314.2,16.3,314.0,11.0,2,2000,0,0,0,0,0,0
HM,KLUTZ,41.299800,-71.891719,2, ,0.0,0.0,68.0,04.3,2,2000,0,0,0,0,0,0,0

APPTR,R07,07,BOROS
IF,BOROS,41.156792,-72.164156, ,0.0,0.0,0,0,0,0,0,0,1,0
TF,DELCI,41.231478,-72.010911,0, ,0.0,0.0,0.0,0.0,2,3000,0,0,0,0,0,0

APPTR,R07,07,GARRD
IF,GARRD,41.158986,-72.055439, ,0.0,0.0,0,0,0,0,0,0,1,0
TF,DELCI,41.231478,-72.010911,0, ,0.0,0.0,0.0,0.0,2,3000,0,0,0,0,0,0

APPTR,R07,07,GON
IF,GON,41.330403,-72.051983, ,0.0,0.0,0,0,0,0,0,0,0,0
TF,DELCI,41.231478,-72.010911,0, ,0.0,0.0,0.0,0.0,2,3000,0,0,0,0,0,1
HF,DELCI,41.231478,-72.010911,2, ,0.0,0.0,68.0,04,2,3000,0,0,0,0,1,0,0

APPTR,R07,07,KURTY
IF,KURTY,41.347869,-72.267856, ,0.0,0.0,0,0,0,0,0,0,1,0
TF,DELCI,41.231478,-72.010911,0, ,0.0,0.0,0.0,0.0,2,3000,0,0,0,0,0,0

APPTR,R07,07,SEY
IF,SEY,41.167436,-71.576086, ,0.0,0.0,0,0,0,0,0,0,0,0
TF,DELCI,41.231478,-72.010911,0, ,0.0,0.0,0.0,0.0,2,3000,0,0,0,0,0,1
HF,DELCI,41.231478,-72.010911,2, ,0.0,0.0,68.0,04,2,3000,0,0,0,0,1,0,0

FINAL,R07,07,R,3
IF,DELCI,41.231478,-72.010911, ,0.0,0.0,2,3000,0,0,0,0,0,0
TF,TRAIT,41.284653,-71.917597,0, ,0.0,0.0,68.0,5.3,2,2000,0,0,0,0,2,0
TF,RW07,41.345597,-71.810589,0, ,0.0,0.0,68.0,6.1,1,103,0,0,0,0,3,1
CA,0,68.0,2,481,0,0,0,0,0,0
DF,LAFAY,41.462561,-71.721231,0, ,0.0,0.0,2,2100,0,0,0,0,0,1
HM,LAFAY,41.462561,-71.721231,2, ,0.0,0.0,55.0,04,0,0,0,0,0,0,0,0,0

