STAR,SLOAO1,CCLUB,4
IF,CCLUB,27.216175,-79.521311, ,0.0,0.0,0,0,0,0,0,0,0,0
TF,MATLK,27.826817,-80.951186,0, ,0.0,0.0,0.0,0.0,0,0,0,0,0,0,0,0
TF,SLOAO,27.947881,-81.114911,0, ,0.0,0.0,0.0,0.0,2,6000,0,0,0,0,0,0

STAR,SLOAO1,MATLK,4
IF,MATLK,27.826817,-80.951186, ,0.0,0.0,0,0,0,0,0,0,0,0
TF,SLOAO,27.947881,-81.114911,0, ,0.0,0.0,0.0,0.0,2,6000,0,0,0,0,0,0

STAR,SLOAO1,ALL,5
IF,SLOAO,27.947881,-81.114911, ,0.0,0.0,2,6000,0,0,0,0,0,0
TF,DORMS,28.096433,-81.088378,0, ,0.0,0.0,0.0,0.0,0,0,0,0,0,0,0,1
FM,DORMS,28.096433,-81.088378,0,SGJ,0.0,0.0,15.0,0,0,0,0,0,0,0,0

APPTR,R15-A,15,MODIN
HF,MODIN,28.844731,-81.678489,2, ,0.0,0.0,154.0,04,2,2000,0,0,0,0,1,0,0

APPTR,R15-A,15,SHIMM
IF,SHIMM,28.966456,-81.927939, ,0.0,0.0,0,0,0,0,0,0,1,0
TF,MODIN,28.844731,-81.678489,0, ,0.0,0.0,0.0,0.0,2,2000,0,0,0,0,1,0

APPTR,R15-A,15,WORMS
IF,WORMS,29.012653,-81.380175, ,0.0,0.0,0,0,0,0,0,0,1,0
TF,OXAGE,28.963961,-81.466933,0, ,0.0,0.0,0.0,0.0,2,2600,0,0,0,0,0,0
TF,MODIN,28.844731,-81.678489,0, ,0.0,0.0,0.0,0.0,2,2000,0,0,0,0,1,0

FINAL,R15-A,15,R,3
IF,MODIN,28.844731,-81.678489, ,0.0,0.0,2,2000,0,0,0,0,0,0
TF,JUZTN,28.777992,-81.631519,0, ,0.0,0.0,154.0,4.7,2,1700,0,0,0,0,2,0
TF,RW15,28.709928,-81.583683,0, ,0.0,0.0,154.0,4.8,1,180,0,0,0,0,3,1
CA,0,154.0,2,542,0,0,0,0,0,0
DF,MODIN,28.844731,-81.678489,2, ,0.0,0.0,2,2000,0,0,0,0,0,1
HM,MODIN,28.844731,-81.678489,2, ,0.0,0.0,154.0,04,0,0,0,0,0,0,0,0,0

APPTR,R33-B,33,JENSN
IF,JENSN,28.343314,-81.763606, ,0.0,0.0,0,0,0,0,0,0,0,0
TF,JAXIN,28.517294,-81.536392,0, ,0.0,0.0,0.0,0.0,2,3000,0,0,0,0,1,0
TF,UZUBU,28.577172,-81.490633,0, ,0.0,0.0,0.0,0.0,2,2000,0,0,0,0,1,0

FINAL,R33-B,33,R,4
IF,UZUBU,28.577172,-81.490633, ,0.0,0.0,2,2000,0,0,0,0,0,0
TF,TBEAU,28.634097,-81.530500,0, ,0.0,0.0,334.0,4.0,2,1700,0,0,0,0,2,0
TF,FTEEN,28.668708,-81.554764,0, ,0.0,0.0,334.0,2.4,2,920,0,0,0,0,0,0
TF,RW33,28.702797,-81.578711,0, ,0.0,0.0,334.0,2.4,1,166,0,0,0,0,3,1
CA,0,334.0,2,542,0,0,0,0,0,0
DF,MODIN,28.844731,-81.678489,0, ,0.0,0.0,2,2000,0,0,0,0,0,1
HM,MODIN,28.844731,-81.678489,2, ,0.0,0.0,154.0,04,0,0,0,0,0,0,0,0,0

