SID,ROVD2B,12,5
CA,0,121.0,2,1600,0,0,0,0,0,0
DF,ROVDO,41.995833,25.440000,0, ,0.0,0.0,2,10500,0,0,0,0,0,0

SID,ROVD2F,30,5
CF,PD651,42.099917,24.794167,0,PDV,301.3,4.6,301.0,3.0,0,0,0,1,185,0,0,1
DF,PD654,42.156306,25.003556,2, ,0.0,0.0,0,0,0,0,0,0,0,0
TF,ROVDO,41.995833,25.440000,0, ,0.0,0.0,0.0,0.0,2,10500,0,0,0,0,0,0

SID,ROVD2L,30,5
CF,PD651,42.099917,24.794167,0,PDV,301.3,4.6,301.0,3.0,0,0,0,1,185,0,0,1
DF,PD652,42.051944,24.908500,2, ,0.0,0.0,0,0,0,1,230,0,0,1
CF,ROVDO,41.995833,25.440000,0,PDV,91.6,25.4,93.0,24.0,2,10500,0,0,0,0,0,0

SID,ROVD3A,12,2
CF,PDV,42.053417,24.876306,0,PDV,0.0,0.0,121.0,1.0,0,0,0,0,0,0,0,0
CA,0,121.0,2,1300,0,0,0,0,0,0
CI,0, ,0.0,59.0,0,0,0,1,185,0,0,0
CF,ROVDO,41.995833,25.440000,0,PDV,91.6,25.4,92.0,21.0,0,0,0,0,0,0,0,0

SID,ROVD3E,30,2
CD, ,0,0,0,PDV,0,0.0,301.0,4.0,2,1100,0,0,0,0,0,0
CI,2, ,0.0,152.0,0,0,0,1,185,0,0,0
CF,ROVDO,41.995833,25.440000,0,PDV,91.6,25.4,92.0,24.0,0,0,0,0,0,0,0,0

SID,RUME2F,30,5
CF,PD651,42.099917,24.794167,0,PDV,301.3,4.6,301.0,3.0,0,0,0,1,185,0,0,1
TF,RUMEN,42.305000,24.313333,0, ,0.0,0.0,0.0,0.0,2,7000,0,0,0,0,0,0

SID,RUME2L,30,5
CF,PD651,42.099917,24.794167,0,PDV,301.3,4.6,301.0,3.0,0,0,0,1,185,0,0,1
DF,PD652,42.051944,24.908500,2, ,0.0,0.0,0,0,0,1,230,0,0,1
CA,0,123.0,2,6000,0,0,0,0,0,0
DF,PD653,42.192694,24.669028,1, ,0.0,0.0,1,10000,0,0,0,0,0,0
TF,RUMEN,42.305000,24.313333,0, ,0.0,0.0,0.0,0.0,1,10000,0,0,0,0,0,0

SID,RUME3B,12,5
CA,0,121.0,2,1600,0,0,0,0,0,0
DF,PD552,42.180750,24.791833,1, ,0.0,0.0,0,0,0,0,0,0,0,0
TF,PD553,42.238167,24.661944,0, ,0.0,0.0,0.0,0.0,0,0,0,0,0,0,0,0
TF,RUMEN,42.305000,24.313333,0, ,0.0,0.0,0.0,0.0,0,0,0,0,0,0,0,0

SID,RUME3K,12,5
CF,PD550,42.005472,24.960778,0,PDV,121.3,4.8,121.0,6.0,0,0,0,0,0,0,0,1
CA,0,121.0,2,5700,0,0,0,0,0,0
DF,PD551,42.146611,24.868833,1, ,0.0,0.0,0,0,0,0,0,0,0,0
TF,PD552,42.180750,24.791833,0, ,0.0,0.0,0.0,0.0,0,0,0,0,0,0,0,0
TF,PD553,42.238167,24.661944,0, ,0.0,0.0,0.0,0.0,1,10000,0,0,0,0,0,0
TF,RUMEN,42.305000,24.313333,0, ,0.0,0.0,0.0,0.0,1,10000,0,0,0,0,0,0

SID,RUME4A,12,2
CF,PDV,42.053417,24.876306,0,PDV,0.0,0.0,121.0,1.0,0,0,0,0,0,0,0,0
CA,0,121.0,2,1600,0,0,0,0,0,0
CI,1, ,0.0,255.0,0,0,0,1,185,0,0,0
CF,RUMEN,42.305000,24.313333,0,PDV,295.2,29.3,295.0,26.0,0,0,0,0,0,0,0,0

SID,RUME4E,30,2
CA,0,301.0,2,1010,0,0,0,0,0,0
CI,0, ,0.0,289.0,0,0,0,1,185,0,0,0
CF,RUMEN,42.305000,24.313333,0,PDV,295.2,29.3,295.0,23.0,0,0,0,0,0,0,0,0

SID,RUME4V,12,2
CF,PDV,42.053417,24.876306,0,PDV,0.0,0.0,121.0,1.0,0,0,0,0,0,0,0,0
CA,0,121.0,2,1300,0,0,0,0,0,0
CI,0, ,0.0,59.0,0,0,0,1,185,0,0,0
FA,PDV,42.053417,24.876306,0,PDV,0.0,0.0,83.0,2,5000,0,0,0,0,0,0
DF,PDV,42.053417,24.876306,2, ,0.0,0.0,1,10000,0,1,230,0,0,0
TF,RUMEN,42.305000,24.313333,0, ,0.0,0.0,0.0,0.0,1,10000,0,0,0,0,0,0

SID,RUME4W,30,2
CD, ,0,0,0,PDV,0,0.0,301.0,4.0,2,1100,0,0,0,0,0,0
CI,2, ,0.0,166.0,0,0,0,1,185,0,0,0
FA,PDV,42.053417,24.876306,0,PDV,0.0,0.0,121.0,2,5700,0,0,0,0,0,0
DF,PDV,42.053417,24.876306,1, ,0.0,0.0,1,10000,0,0,0,0,0,0
TF,RUMEN,42.305000,24.313333,0, ,0.0,0.0,0.0,0.0,1,10000,0,0,0,0,0,0

APPTR,D12,12,PDV
IF,PDV,42.053417,24.876306, ,0.0,0.0,2,7000,0,0,0,0,1,0
CF,D285L,42.125436,24.623292,0,PDV,285.0,12.1,285.0,12.1,2,3300,0,1,205,0,0,1
CF,FD12,42.158611,24.688389,2,PDV,301.0,10.5,121.0,2.0,2,3300,0,0,0,0,0,0

APPTR,D12,12,RUMEN
IF,RUMEN,42.305000,24.313333, ,0.0,0.0,0,0,0,0,0,0,1,0
CF,D295Z,42.278972,24.368250,0,PDV,295.0,26.4,115.0,2.9,2,7000,0,0,0,0,0,0
CF,D301U,42.266472,24.494472,0,PDV,301.0,21.3,92.0,5.7,2,5900,0,0,0,0,1,0
CF,FD12,42.158611,24.688389,0,PDV,301.0,10.5,121.0,10.8,2,3300,0,0,0,0,0,0

FINAL,D12,12,D,3
IF,FD12,42.158611,24.688389,PDV,301.0,10.5,2,3300,0,0,0,0,2,0
CF,42VOR,42.095536,24.801211,0,PDV,301.0,4.2,121.0,6.3,2,1280,0,0,0,0,0,0
CF,RW12,42.074633,24.838856,0,PDV,301.3,2.1,121.0,2.1,1,613,0,0,0,0,3,0
CF,PDV,42.053417,24.876306,0,PDV,0.0,0.0,121.0,2.1,0,0,0,0,0,0,0,0
CF,D121J,41.952931,25.054697,0,PDV,121.0,10.0,121.0,10.0,0,0,0,0,0,0,0,0
CA,0,121.0,2,4000,0,0,0,0,0,0
DF,PDV,42.053417,24.876306,1, ,0.0,0.0,1,7000,0,1,205,0,0,0
HM,PDV,42.053417,24.876306,2, ,0.0,0.0,272.0,04.3,2,7000,0,1,205,0,0,0,0

APPTR,D30,30,ADUNO
IF,ADUNO,42.060833,25.452167, ,0.0,0.0,0,0,0,0,0,0,1,0
CF,D083Q,42.057797,25.263317,0,PDV,83.0,17.3,263.0,8.4,2,5000,0,0,0,0,0,0
CI,0, ,0.0,263.0,2,5000,0,0,0,0,0,0
AF,CF30,41.902556,25.143694,2,PDV,121.0,15.0,83.0,2,5000,0,0,0,0,1,0

APPTR,D30,30,PDV
IF,PDV,42.053417,24.876306, ,0.0,0.0,0,0,0,0,0,0,1,0
CF,D109O,41.947314,25.179944,0,PDV,109.0,15.0,109.0,15.0,2,5000,0,1,205,0,0,1
CF,CF30,41.902556,25.143694,2,PDV,121.0,15.0,301.0,1.0,2,5000,0,0,0,0,1,0

FINAL,D30,30,D,5
IF,CF30,41.902556,25.143694,PDV,121.0,15.0,2,5000,0,0,0,0,0,0
CF,VOR12,41.929781,25.095647,0,PDV,121.0,12.3,301.0,2.7,2,4300,0,0,0,0,0,0
CF,FD30,41.971028,25.022639,0,PDV,121.0,8.2,301.0,4.1,2,3500,0,0,0,0,2,0
CF,12VOR,42.041372,24.897742,0,PDV,121.0,1.2,301.0,7.0,2,1290,0,0,0,0,0,0
CF,PDV,42.053417,24.876306,0,PDV,0.0,0.0,301.0,1.2,1,896,0,0,0,0,3,0
CF,D311J,42.175256,24.723433,0,PDV,311.0,10.0,311.0,10.0,0,0,0,0,0,0,0,0
CA,0,311.0,2,2700,0,0,0,0,0,0
DF,PDV,42.053417,24.876306,1, ,0.0,0.0,0,0,0,1,195,0,0,0
FA,PDV,42.053417,24.876306,0,PDV,0.0,0.0,92.0,2,7000,0,0,0,0,0,0
DF,PDV,42.053417,24.876306,2, ,0.0,0.0,0,0,0,0,0,0,0,0
HM,PDV,42.053417,24.876306,2, ,0.0,0.0,272.0,04.3,2,7000,0,1,205,0,0,0,0

APPTR,I30-W,30,ADUNO
IF,ADUNO,42.060833,25.452167, ,0.0,0.0,0,0,0,0,0,0,1,0
CF,D083Q,42.057797,25.263317,0,PDV,83.0,17.3,263.0,8.4,2,5000,0,0,0,0,0,0
CI,0, ,0.0,263.0,0,0,0,0,0,0,0,0
AF,D110O,41.943381,25.177408,2,PDV,110.0,15.0,83.0,2,5000,0,0,0,0,0,0
VI,0,IPD,0.0,271.0,0,0,0,0,0,0,0,0

APPTR,I30-W,30,PDV
IF,PDV,42.053417,24.876306, ,0.0,0.0,0,0,0,0,0,0,1,0
CF,D109O,41.947314,25.179944,0,PDV,109.0,15.0,109.0,15.0,0,0,0,1,205,0,0,1
CF,CF30,41.902556,25.143694,2,IPD,121.0,17.3,301.0,1.0,2,5000,0,0,0,0,1,0

FINAL,I30-W,30,I,3
IF,CF30,41.902556,25.143694,IPD,121.0,17.3,2,5000,0,0,0,0,0,0
CF,FF30,41.961972,25.038667,0,IPD,121.0,11.4,301.0,5.9,1,3800,0,0,0,0,2,0
CF,RW30,42.061008,24.862914,0,IPD,121.2,1.5,301.0,9.9,1,656,0,0,0,0,3,0
CA,0,301.0,2,1010,0,0,0,0,0,0
CF,D311J,42.175256,24.723433,0,PDV,311.0,10.0,311.0,9.5,0,0,0,0,0,0,0,0
CA,0,311.0,2,2700,0,0,0,0,0,0
DF,PDV,42.053417,24.876306,1, ,0.0,0.0,0,0,0,1,195,0,0,0
FA,PDV,42.053417,24.876306,0,PDV,0.0,0.0,92.0,2,7000,0,0,0,0,0,0
DF,PDV,42.053417,24.876306,2, ,0.0,0.0,0,0,0,0,0,0,0,0
HM,PDV,42.053417,24.876306,2, ,0.0,0.0,272.0,04.3,2,7000,0,1,205,0,0,0,0

APPTR,I30-X,30,ADUNO
IF,ADUNO,42.060833,25.452167, ,0.0,0.0,0,0,0,0,0,0,1,0
TF,PD611,41.988750,25.201417,0, ,0.0,0.0,0.0,0.0,2,3500,0,0,0,0,0,0
TF,PD604,41.948194,25.061361,0,IPD,0.0,0.0,0.0,0.0,2,3300,0,1,190,0,1,0

APPTR,I30-X,30,PDV
HF,PDV,42.053417,24.876306,2, ,0.0,0.0,272.0,04.3,2,7000,0,1,205,0,1,0,0
DF,PD602,42.066694,25.037500,2, ,0.0,0.0,2,7000,0,0,0,0,0,0
TF,PD603,42.014417,25.129222,0, ,0.0,0.0,0.0,0.0,0,0,0,0,0,0,0,0
TF,PD604,41.948194,25.061361,0,IPD,0.0,0.0,0.0,0.0,2,3300,0,1,190,0,1,0

APPTR,I30-X,30,RUMEN
IF,RUMEN,42.305000,24.313333, ,0.0,0.0,0,0,0,0,0,0,1,0
TF,PD600,42.209778,24.658861,0, ,0.0,0.0,0.0,0.0,2,13000,0,0,0,0,0,0
TF,PD601,42.140333,24.907778,0, ,0.0,0.0,0.0,0.0,0,0,0,0,0,0,0,0
TF,PD602,42.066694,25.037500,0, ,0.0,0.0,0.0,0.0,2,7000,0,0,0,0,0,0
TF,PD603,42.014417,25.129222,0, ,0.0,0.0,0.0,0.0,0,0,0,0,0,0,0,0
TF,PD604,41.948194,25.061361,0,IPD,0.0,0.0,0.0,0.0,2,3300,0,1,190,0,1,0

FINAL,I30-X,30,I,3
IF,PD604,41.948194,25.061361,IPD,121.2,12.7,2,3300,0,1,190,0,0,0
CF,PD606,42.011972,24.949361,0,IPD,121.2,6.4,301.0,6.3,1,2200,0,0,0,0,2,0
CF,RW30,42.061008,24.862914,0,IPD,121.2,1.5,301.0,4.9,1,656,0,0,0,0,3,1
TF,PD610,42.179278,24.732944,0, ,0.0,0.0,0.0,0.0,0,0,0,0,0,0,0,1
CA,0,315.0,2,2700,0,0,0,0,0,0
DF,PDV,42.053417,24.876306,1, ,0.0,0.0,0,0,0,1,195,0,0,0
CA,0,92.0,2,7000,0,0,0,0,0,0
DF,PDV,42.053417,24.876306,2, ,0.0,0.0,0,0,0,0,0,0,0,0
HM,PDV,42.053417,24.876306,2, ,0.0,0.0,272.0,04.3,2,7000,0,1,205,0,0,0,0

APPTR,N12,12,ADUNO
IF,ADUNO,42.060833,25.452167, ,0.0,0.0,0,0,0,0,0,0,0,0
TF,PD,42.054917,24.873583,0, ,0.0,0.0,0.0,0.0,2,7000,0,0,0,0,1,0
FC,PD,42.054917,24.873583,0,PDV,0.0,0.0,285.0,12.3,2,3100,0,1,205,0,0,1
CF,FF12,42.153397,24.699667,2,PDV,301.3,9.9,121.0,4.0,2,3100,0,0,0,0,0,0

APPTR,N12,12,PD
IF,PD,42.054917,24.873583, ,0.0,0.0,2,7000,0,0,0,0,1,0
FC,PD,42.054917,24.873583,0,PDV,0.0,0.0,285.0,12.3,2,3100,0,1,205,0,0,1
CF,FF12,42.153397,24.699667,2,PDV,301.3,9.9,121.0,4.0,2,3100,0,0,0,0,0,0

APPTR,N12,12,RUMEN
IF,RUMEN,42.305000,24.313333, ,0.0,0.0,0,0,0,0,0,0,0,0
CF,PD,42.054917,24.873583,0,PDV,300.5,0.2,115.0,29.1,2,7000,0,0,0,0,1,0
HF,PD,42.054917,24.873583,2, ,0.0,0.0,285.0,04.3,2,7000,0,1,205,0,0,0,0
FC,PD,42.054917,24.873583,0,PDV,0.0,0.0,285.0,12.3,2,3100,0,1,205,0,0,1
CF,FF12,42.153397,24.699667,2,PDV,301.3,9.9,121.0,4.0,2,3100,0,0,0,0,0,0

FINAL,N12,12,N,2
IF,FF12,42.153397,24.699667,PD,0.0,0.0,2,3100,0,0,0,0,2,0
CF,RW12,42.074633,24.838856,0,PD,0.0,0.0,121.0,7.8,1,613,0,0,0,0,3,0
CF,PD,42.054917,24.873583,0,PDV,300.5,0.2,121.0,2.0,0,0,0,0,0,0,0,1
FA,PD,42.054917,24.873583,0,PDV,0.0,0.0,121.0,2,4000,0,0,0,0,0,0
CF,PD,42.054917,24.873583,1,PDV,300.5,0.2,285.0,7.0,2,7000,0,1,205,0,0,0
HM,PD,42.054917,24.873583,2, ,0.0,0.0,285.0,04.3,2,7000,0,1,205,0,0,0,0

APPTR,R12-Y,12,RUMEN
IF,RUMEN,42.305000,24.313333, ,0.0,0.0,0,0,0,0,0,0,1,0
TF,PD500,42.225611,24.570917,0, ,0.0,0.0,0.0,0.0,2,4800,0,0,0,0,0,0
TF,PD506,42.175361,24.660389,0, ,0.0,0.0,0.0,0.0,2,3300,0,1,190,0,1,0

FINAL,R12-Y,12,R,3
IF,PD506,42.175361,24.660389, ,0.0,0.0,2,3300,0,1,190,0,0,0
TF,PD508,42.124833,24.750028,0, ,0.0,0.0,121.0,5.0,2,2200,0,0,0,0,2,0
TF,RW12,42.074633,24.838856,0, ,0.0,0.0,121.0,5.0,1,613,0,0,0,0,3,1
CF,PD510,41.952333,25.054111,0,PDV,121.3,10.0,121.0,12.1,0,0,0,0,0,0,0,1
CA,0,121.0,2,4000,0,0,0,0,0,0
DF,PDV,42.053417,24.876306,1, ,0.0,0.0,2,7000,0,1,205,0,0,0
HM,PDV,42.053417,24.876306,2, ,0.0,0.0,272.0,04.3,2,7000,0,1,205,0,0,0,0

APPTR,R12-Z,12,PDV
IF,PDV,42.053417,24.876306, ,0.0,0.0,0,0,0,0,0,0,1,0
TF,PD503,42.055417,24.802194,0, ,0.0,0.0,0.0,0.0,0,0,0,0,0,0,0,0
TF,PD504,42.058583,24.682111,0, ,0.0,0.0,0.0,0.0,2,5600,0,0,0,0,0,0
TF,PD505,42.108861,24.592833,0, ,0.0,0.0,0.0,0.0,2,4300,0,1,220,0,0,0
TF,PD506,42.175361,24.660389,0, ,0.0,0.0,0.0,0.0,2,3300,0,1,190,0,1,0

APPTR,R12-Z,12,RUMEN
IF,RUMEN,42.305000,24.313333, ,0.0,0.0,0,0,0,0,0,0,1,0
TF,PD500,42.225611,24.570917,0, ,0.0,0.0,0.0,0.0,0,0,0,0,0,0,0,0
TF,PD501,42.203444,24.642389,0, ,0.0,0.0,0.0,0.0,2,13000,0,0,0,0,0,0
TF,PD502,42.139000,24.849111,0, ,0.0,0.0,0.0,0.0,0,0,0,1,220,0,0,0
TF,PD503,42.055417,24.802194,0, ,0.0,0.0,0.0,0.0,0,0,0,0,0,0,0,0
TF,PD504,42.058583,24.682111,0, ,0.0,0.0,0.0,0.0,2,5600,0,0,0,0,0,0
TF,PD505,42.108861,24.592833,0, ,0.0,0.0,0.0,0.0,2,4300,0,0,0,0,0,0
TF,PD506,42.175361,24.660389,0, ,0.0,0.0,0.0,0.0,2,3300,0,1,190,0,1,0

FINAL,R12-Z,12,R,3
IF,PD506,42.175361,24.660389, ,0.0,0.0,2,3300,0,1,190,0,0,0
TF,PD508,42.124833,24.750028,0, ,0.0,0.0,121.0,5.0,2,2200,0,0,0,0,2,0
TF,RW12,42.074633,24.838856,0, ,0.0,0.0,121.0,5.0,1,613,0,0,0,0,3,1
CF,PD510,41.952333,25.054111,0,PDV,121.3,10.0,121.0,12.1,0,0,0,0,0,0,0,1
CA,0,121.0,2,4000,0,0,0,0,0,0
DF,PDV,42.053417,24.876306,1, ,0.0,0.0,2,7000,0,1,205,0,0,0
HM,PDV,42.053417,24.876306,2, ,0.0,0.0,272.0,04.3,2,7000,0,1,205,0,0,0,0

APPTR,R30,30,ADUNO
IF,ADUNO,42.060833,25.452167, ,0.0,0.0,0,0,0,0,0,0,1,0
TF,PD611,41.988750,25.201417,0, ,0.0,0.0,0.0,0.0,2,3500,0,0,0,0,0,0
TF,PD604,41.948194,25.061361,0, ,0.0,0.0,0.0,0.0,2,3300,0,1,190,0,1,0

APPTR,R30,30,PDV
HF,PDV,42.053417,24.876306,2, ,0.0,0.0,272.0,04.3,2,7000,0,1,205,0,1,0,0
DF,PD602,42.066694,25.037500,2, ,0.0,0.0,2,7000,0,0,0,0,0,0
TF,PD603,42.014417,25.129222,0, ,0.0,0.0,0.0,0.0,0,0,0,0,0,0,0,0
TF,PD604,41.948194,25.061361,0, ,0.0,0.0,0.0,0.0,2,3300,0,1,190,0,1,0

APPTR,R30,30,RUMEN
IF,RUMEN,42.305000,24.313333, ,0.0,0.0,0,0,0,0,0,0,1,0
TF,PD600,42.209778,24.658861,0, ,0.0,0.0,0.0,0.0,2,13000,0,0,0,0,0,0
TF,PD601,42.140333,24.907778,0, ,0.0,0.0,0.0,0.0,0,0,0,0,0,0,0,0
TF,PD602,42.066694,25.037500,0, ,0.0,0.0,0.0,0.0,2,7000,0,0,0,0,0,0
TF,PD603,42.014417,25.129222,0, ,0.0,0.0,0.0,0.0,0,0,0,0,0,0,0,0
TF,PD604,41.948194,25.061361,0, ,0.0,0.0,0.0,0.0,2,3300,0,1,190,0,1,0

FINAL,R30,30,R,3
IF,PD604,41.948194,25.061361, ,0.0,0.0,2,3300,0,1,190,0,0,0
TF,PD606,42.011972,24.949361,0, ,0.0,0.0,301.0,6.3,2,2200,0,0,0,0,2,0
TF,RW30,42.061008,24.862914,0, ,0.0,0.0,301.0,4.9,1,653,0,0,0,0,3,1
TF,PD610,42.179278,24.732944,0, ,0.0,0.0,0.0,0.0,0,0,0,0,0,0,0,1
CA,0,315.0,2,2700,0,0,0,0,0,0
DF,PDV,42.053417,24.876306,1, ,0.0,0.0,0,0,0,1,195,0,0,0
CA,0,92.0,2,7000,0,0,0,0,0,0
DF,PDV,42.053417,24.876306,2, ,0.0,0.0,0,0,0,0,0,0,0,0
HM,PDV,42.053417,24.876306,2, ,0.0,0.0,272.0,04.3,2,7000,0,1,205,0,0,0,0

