SID,AMTO3R,10,2
VD, ,0,0,0,BLV,0.0,0.0,96.0,3.0,2,1200,0,0,0,0,0,0
VI,0, ,0.0,137.0,0,0,0,0,0,0,0,0
CF,OXERA,43.236111,-2.753056,0,BLV,117.3,8.6,118.0,2.0,2,3200,0,0,0,0,0,1
CI,0, ,0.0,118.0,0,0,0,0,0,0,0,0
AF,D204K,43.137953,-3.031183,2,BLV,204.0,11.0,118.0,0,0,0,0,0,0,0,1
CF,AMTOS,43.000000,-3.221028,0,BLV,214.5,22.4,215.0,11.0,2,10000,0,0,0,0,0,0

SID,AMTO3S,28,2
VA,0,276.0,2,1000,0,0,0,0,0,0
CF,SANTU,43.322806,-3.116750,0,BLV,276.7,8.5,277.0,7.0,0,0,0,0,0,0,0,1
CI,0, ,0.0,277.0,0,0,0,0,0,0,0,0
AF,D227J,43.192522,-3.094678,1,BLV,227.0,10.0,277.0,0,0,0,0,0,0,0,1
CF,AMTOS,43.000000,-3.221028,0,BLV,214.5,22.4,215.0,12.0,2,10000,0,0,0,0,0,0

SID,AMTO3X,10,2
VD, ,0,0,0,BLV,0.0,0.0,96.0,3.0,2,1200,0,0,0,0,0,0
VI,0, ,0.0,137.0,0,0,0,0,0,0,0,0
CF,OXERA,43.236111,-2.753056,0,BLV,117.3,8.6,118.0,2.0,2,3200,0,0,0,0,0,0
VI,1, ,0.0,291.0,0,0,0,1,210,0,0,0
CF,BLV,43.304194,-2.925361,0,BLV,0.0,0.0,261.0,7.0,2,5000,0,0,0,0,0,0
TF,AMTOS,43.000000,-3.221028,0, ,0.0,0.0,0.0,0.0,2,10000,0,0,0,0,0,0

SID,AMTO4A,30,2
CD, ,0,0,0,BLV,0,0.0,296.0,2.0,0,0,0,0,0,0,0,0
CF,BB501,43.393333,-3.061333,0,BLV,311.0,8.0,311.0,6.0,2,3000,0,0,0,0,0,1
DF,BLV,43.304194,-2.925361,2, ,0.0,0.0,2,4000,0,0,0,0,0,0
TF,AMTOS,43.000000,-3.221028,0, ,0.0,0.0,0.0,0.0,2,10000,0,0,0,0,0,0

SID,AMTO5B,12,2
CF,LUKEP,43.249306,-2.769667,0,BLV,114.7,7.6,116.0,7.0,0,0,0,0,0,0,0,1
CF,BLV,43.304194,-2.925361,1,BLV,0.0,0.0,261.0,8.0,2,5000,0,1,210,0,0,0
TF,AMTOS,43.000000,-3.221028,0, ,0.0,0.0,0.0,0.0,2,10000,0,0,0,0,0,0

SID,AMTO5C,30,2
CD, ,0,0,0,BLV,0,0.0,296.0,2.0,0,0,0,0,0,0,0,0
CF,BB501,43.393333,-3.061333,0,BLV,311.0,8.0,311.0,6.0,2,3000,0,0,0,0,0,0
CI,0, ,0.0,311.0,0,0,0,0,0,0,0,0
AF,D227J,43.192522,-3.094678,1,BLV,227.0,10.0,311.0,0,0,0,0,0,0,0,1
CF,AMTOS,43.000000,-3.221028,0,BLV,214.5,22.4,215.0,12.0,2,10000,0,0,0,0,0,0

SID,AMTO5D,12,2
CF,LUKEP,43.249306,-2.769667,0,BLV,114.7,7.6,116.0,7.0,0,0,0,0,0,0,0,0
CI,0, ,0.0,116.0,0,0,0,0,0,0,0,0
AF,D204K,43.137953,-3.031183,2,BLV,204.0,11.0,116.0,0,0,0,0,0,0,0,1
CF,AMTOS,43.000000,-3.221028,0,BLV,214.5,22.4,215.0,11.0,2,10000,0,0,0,0,0,0

SID,BISK3R,10,2
VD, ,0,0,0,BLV,0.0,0.0,96.0,3.0,2,1200,0,0,0,0,0,0
VI,0, ,0.0,137.0,0,0,0,0,0,0,0,0
CF,OXERA,43.236111,-2.753056,0,BLV,117.3,8.6,118.0,2.0,2,3200,0,0,0,0,0,1
CI,0, ,0.0,118.0,0,0,0,0,0,0,0,0
AF,D022K,43.472942,-2.826981,1,BLV,22.0,11.0,118.0,0,0,0,0,0,0,0,1
CF,BISKA,43.683333,-2.813778,0,BLV,11.1,23.3,11.0,13.0,2,10000,0,0,0,0,0,0

SID,BISK3S,28,2
VA,0,276.0,2,1000,0,0,0,0,0,0
CF,SANTU,43.322806,-3.116750,0,BLV,276.7,8.5,277.0,7.0,0,0,0,0,0,0,0,1
CI,0, ,0.0,277.0,0,0,0,0,0,0,0,0
AF,D359J,43.470892,-2.925361,2,BLV,359.0,10.0,277.0,0,0,0,0,0,0,0,1
CF,BISKA,43.683333,-2.813778,0,BLV,11.1,23.3,11.0,13.0,2,10000,0,0,0,0,0,0

SID,BISK5A,30,2
VD, ,0,0,0,BLV,0.0,0.0,296.0,2.0,0,0,0,0,0,0,0,0
CF,BB501,43.393333,-3.061333,0,BLV,311.0,8.0,311.0,6.0,2,3000,0,0,0,0,0,1
CI,0, ,0.0,311.0,0,0,0,0,0,0,0,0
AF,D359J,43.470892,-2.925361,2,BLV,359.0,10.0,311.0,0,0,0,0,0,0,0,0
CF,BISKA,43.683333,-2.813778,0,BLV,11.1,23.3,11.0,13.0,2,10000,0,0,0,0,0,0

SID,BISK5B,12,2
CF,LUKEP,43.249306,-2.769667,0,BLV,114.7,7.6,116.0,7.0,0,0,0,0,0,0,0,0
CI,0, ,0.0,116.0,0,0,0,0,0,0,0,0
AF,D023J,43.456442,-2.832286,1,BLV,23.0,10.0,116.0,0,0,0,0,0,0,0,1
CF,BISKA,43.683333,-2.813778,0,BLV,11.1,23.3,11.0,14.0,2,10000,0,0,0,0,0,0

SID,CALC4R,10,2
VD, ,0,0,0,BLV,0.0,0.0,96.0,3.0,2,1200,0,0,0,0,0,0
VI,0, ,0.0,137.0,0,0,0,0,0,0,0,0
CF,OXERA,43.236111,-2.753056,0,BLV,117.3,8.6,118.0,2.0,2,3200,0,0,0,0,0,0
VI,1, ,0.0,291.0,0,0,0,1,210,0,0,0
CF,BLV,43.304194,-2.925361,0,BLV,0.0,0.0,261.0,7.0,2,5000,0,0,0,0,0,0
TF,CALCE,43.362722,-3.316667,0, ,0.0,0.0,0.0,0.0,0,0,0,0,0,0,0,0

SID,CALC4S,28,2
VA,0,276.0,2,1000,0,0,0,0,0,0
CF,SANTU,43.322806,-3.116750,0,BLV,276.7,8.5,277.0,7.0,0,0,0,0,0,0,0,1
CF,CALCE,43.362722,-3.316667,0,BLV,280.7,17.5,281.0,9.0,0,0,0,0,0,0,0,0

SID,CALC5B,12,2
CF,LUKEP,43.249306,-2.769667,0,BLV,114.7,7.6,116.0,7.0,0,0,0,0,0,0,0,1
CF,BLV,43.304194,-2.925361,1,BLV,0.0,0.0,261.0,8.0,2,5000,0,1,210,0,0,0
TF,CALCE,43.362722,-3.316667,0, ,0.0,0.0,0.0,0.0,0,0,0,0,0,0,0,0

SID,CALC6A,30,2
VD, ,0,0,0,BLV,0.0,0.0,296.0,2.0,0,0,0,0,0,0,0,0
CF,BB501,43.393333,-3.061333,0,BLV,311.0,8.0,311.0,6.0,2,3000,0,0,0,0,0,1
VI,0, ,0.0,236.0,0,0,0,0,0,0,0,0
CF,CALCE,43.362722,-3.316667,0,BLV,280.7,17.5,281.0,5.0,0,0,0,0,0,0,0,0

SID,DOSU3R,10,2
VD, ,0,0,0,BLV,0.0,0.0,96.0,3.0,2,1200,0,0,0,0,0,0
VI,0, ,0.0,137.0,0,0,0,0,0,0,0,0
CF,OXERA,43.236111,-2.753056,0,BLV,117.3,8.6,118.0,2.0,2,3200,0,0,0,0,0,1
CI,0, ,0.0,118.0,0,0,0,0,0,0,0,0
AF,D333K,43.468950,-3.035725,1,BLV,333.0,11.0,118.0,0,0,0,0,0,0,0,1
CF,DOSUL,43.680556,-3.316667,0,BLV,322.0,28.3,322.0,17.0,2,10000,0,0,0,0,0,0

SID,DOSU3S,28,2
VA,0,276.0,2,1000,0,0,0,0,0,0
CF,SANTU,43.322806,-3.116750,0,BLV,276.7,8.5,277.0,7.0,0,0,0,0,0,0,0,1
CI,0, ,0.0,277.0,0,0,0,0,0,0,0,0
AF,D310J,43.413428,-3.097936,2,BLV,310.0,10.0,277.0,0,0,0,0,0,0,0,1
CF,DOSUL,43.680556,-3.316667,0,BLV,322.0,28.3,322.0,18.0,2,10000,0,0,0,0,0,0

SID,DOSU4A,30,2
VD, ,0,0,0,BLV,0.0,0.0,296.0,2.0,0,0,0,0,0,0,0,0
CF,BB501,43.393333,-3.061333,0,BLV,311.0,8.0,311.0,6.0,2,3000,0,0,0,0,0,1
VI,0, ,0.0,352.0,0,0,0,0,0,0,0,0
CF,DOSUL,43.680556,-3.316667,0,BLV,322.0,28.3,322.0,17.0,2,10000,0,0,0,0,0,0

SID,DOSU4B,12,2
CF,LUKEP,43.249306,-2.769667,0,BLV,114.7,7.6,116.0,7.0,0,0,0,0,0,0,0,0
CI,0, ,0.0,116.0,0,0,0,0,0,0,0,0
AF,D334J,43.455233,-3.022064,1,BLV,334.0,10.0,116.0,0,0,0,0,0,0,0,1
CF,DOSUL,43.680556,-3.316667,0,BLV,322.0,28.3,322.0,18.0,2,10000,0,0,0,0,0,0

SID,MAPA3R,10,2
VD, ,0,0,0,BLV,0.0,0.0,96.0,3.0,2,1200,0,0,0,0,0,0
VI,0, ,0.0,137.0,0,0,0,0,0,0,0,0
CF,OXERA,43.236111,-2.753056,0,BLV,117.3,8.6,117.0,2.0,2,3200,0,0,0,0,0,1
CI,0, ,0.0,118.0,0,0,0,0,0,0,0,0
AF,D358K,43.487533,-2.929756,1,BLV,358.0,11.0,118.0,0,0,0,0,0,0,0,1
CF,MAPAX,43.683750,-3.044083,0,BLV,346.2,23.4,347.0,13.0,2,10000,0,0,0,0,0,0

SID,MAPA3S,28,2
VA,0,276.0,2,1000,0,0,0,0,0,0
CF,SANTU,43.322806,-3.116750,0,BLV,276.7,8.5,277.0,7.0,0,0,0,0,0,0,0,1
CI,0, ,0.0,277.0,0,0,0,0,0,0,0,0
AF,D335J,43.456442,-3.018433,2,BLV,335.0,10.0,277.0,0,0,0,0,0,0,0,1
CF,MAPAX,43.683750,-3.044083,0,BLV,346.2,23.4,347.0,13.0,2,10000,0,0,0,0,0,0

SID,MAPA4A,30,2
VD, ,0,0,0,BLV,0.0,0.0,296.0,2.0,0,0,0,0,0,0,0,0
CF,BB501,43.393333,-3.061333,0,BLV,311.0,8.0,311.0,6.0,2,3000,0,0,0,0,0,1
CI,2, ,0.0,51.0,0,0,0,0,0,0,0,0
CF,MAPAX,43.683750,-3.044083,0,BLV,346.2,23.4,347.0,13.0,2,10000,0,0,0,0,0,0

SID,MAPA4B,12,2
CF,LUKEP,43.249306,-2.769667,0,BLV,114.7,7.6,116.0,7.0,0,0,0,0,0,0,0,0
CI,0, ,0.0,116.0,0,0,0,0,0,0,0,0
AF,D359J,43.470892,-2.925361,1,BLV,359.0,10.0,116.0,0,0,0,0,0,0,0,1
CF,MAPAX,43.683750,-3.044083,0,BLV,346.2,23.4,347.0,13.0,2,10000,0,0,0,0,0,0

SID,PPN2H,12,2
CF,LUKEP,43.249306,-2.769667,0,BLV,114.7,7.6,116.0,7.0,0,0,0,0,0,0,0,1
CF,CEGAM,42.983722,-2.236361,0,BLV,121.2,35.9,121.0,28.0,0,0,0,0,0,0,0,0
TF,MALOB,42.844944,-1.938667,0, ,0.0,0.0,0.0,0.0,0,0,0,0,0,0,0,0
TF,PPN,42.733750,-1.702000,0, ,0.0,0.0,0.0,0.0,0,0,0,0,0,0,0,0

SID,PPN2R,10,2
VD, ,0,0,0,BLV,0.0,0.0,96.0,3.0,2,1200,0,0,0,0,0,0
VI,0, ,0.0,137.0,0,0,0,0,0,0,0,0
CF,OXERA,43.236111,-2.753056,0,BLV,117.3,8.6,118.0,2.0,2,3200,0,0,0,0,0,0
VI,0, ,0.0,41.0,0,0,0,1,210,0,0,0
CF,FEBRI,43.309750,-2.273944,0,BLV,88.1,28.5,88.0,17.0,0,0,0,0,0,0,0,0
TF,PPN,42.733750,-1.702000,0, ,0.0,0.0,0.0,0.0,0,0,0,0,0,0,0,0

SID,PPN2S,28,2
VA,0,276.0,2,1000,0,0,0,0,0,0
CF,SANTU,43.322806,-3.116750,0,BLV,276.7,8.5,277.0,7.0,0,0,0,0,0,0,0,1
CI,0, ,0.0,277.0,0,0,0,0,0,0,0,0
AF,D077J,43.338633,-2.701964,2,BLV,77.0,10.0,277.0,0,0,0,0,0,0,0,1
CF,FEBRI,43.309750,-2.273944,0,BLV,88.1,28.5,88.0,19.0,0,0,0,0,0,0,0,0
TF,PPN,42.733750,-1.702000,0, ,0.0,0.0,0.0,0.0,0,0,0,0,0,0,0,0

SID,PPN3E,30,5
CF,BB500,43.323944,-2.973000,0,BLV,298.6,2.4,296.0,3.0,0,0,0,0,0,0,0,1
CF,BB501,43.393333,-3.061333,0,BLV,311.0,8.0,311.0,6.0,2,3000,0,1,210,0,0,1
TF,BB502,43.518944,-2.910917,0, ,0.0,0.0,0.0,0.0,0,0,0,1,230,0,0,0
TF,FEBRI,43.309750,-2.273944,0, ,0.0,0.0,0.0,0.0,0,0,0,1,250,0,0,0
TF,PPN,42.733750,-1.702000,0, ,0.0,0.0,0.0,0.0,0,0,0,0,0,0,0,0

SID,PPN3F,30,2
CD, ,0,0,0,BLV,0,0.0,296.0,2.0,0,0,0,0,0,0,0,0
CF,BB501,43.393333,-3.061333,0,BLV,311.0,8.0,311.0,6.0,2,3000,0,0,0,0,0,1
DF,BLV,43.304194,-2.925361,2, ,0.0,0.0,2,6500,0,0,0,0,0,0
TF,FEBRI,43.309750,-2.273944,0, ,0.0,0.0,0.0,0.0,0,0,0,0,0,0,0,0
TF,PPN,42.733750,-1.702000,0, ,0.0,0.0,0.0,0.0,0,0,0,0,0,0,0,0

SID,PPN3G,12,2
CF,LUKEP,43.249306,-2.769667,0,BLV,114.7,7.6,116.0,7.0,0,0,0,0,0,0,0,1
CI,0, ,0.0,41.0,0,0,0,1,210,0,0,0
CF,FEBRI,43.309750,-2.273944,0,BLV,88.1,28.5,88.0,18.0,0,0,0,0,0,0,0,0
TF,PPN,42.733750,-1.702000,0, ,0.0,0.0,0.0,0.0,0,0,0,0,0,0,0,0

SID,SSN2R,10,2
VD, ,0,0,0,BLV,0.0,0.0,96.0,3.0,2,1200,0,0,0,0,0,0
VI,0, ,0.0,137.0,0,0,0,0,0,0,0,0
CF,OXERA,43.236111,-2.753056,0,BLV,117.3,8.6,118.0,2.0,2,3200,0,0,0,0,0,0
VI,0, ,0.0,41.0,0,0,0,1,210,0,0,0
CF,FEBRI,43.309750,-2.273944,0,BLV,88.1,28.5,88.0,17.0,0,0,0,0,0,0,0,0
TF,SSN,43.311194,-1.830389,0, ,0.0,0.0,0.0,0.0,0,0,0,0,0,0,0,0

SID,SSN2S,28,2
VA,0,276.0,2,1000,0,0,0,0,0,0
CF,SANTU,43.322806,-3.116750,0,BLV,276.7,8.5,277.0,7.0,0,0,0,0,0,0,0,1
CI,0, ,0.0,277.0,0,0,0,0,0,0,0,0
AF,D077J,43.338633,-2.701964,2,BLV,77.0,10.0,277.0,0,0,0,0,0,0,0,1
CF,FEBRI,43.309750,-2.273944,0,BLV,88.1,28.5,88.0,19.0,0,0,0,0,0,0,0,0
TF,SSN,43.311194,-1.830389,0, ,0.0,0.0,0.0,0.0,0,0,0,0,0,0,0,0

SID,SSN3A,30,5
CF,BB500,43.323944,-2.973000,0,BLV,298.6,2.4,296.0,3.0,0,0,0,0,0,0,0,1
CF,BB501,43.393333,-3.061333,0,BLV,311.0,8.0,311.0,6.0,2,3000,0,1,210,0,0,1
TF,BB502,43.518944,-2.910917,0, ,0.0,0.0,0.0,0.0,0,0,0,1,230,0,0,0
TF,FEBRI,43.309750,-2.273944,0, ,0.0,0.0,0.0,0.0,0,0,0,1,250,0,0,0
TF,SSN,43.311194,-1.830389,0, ,0.0,0.0,0.0,0.0,0,0,0,0,0,0,0,0

SID,SSN3B,12,2
CF,LUKEP,43.249306,-2.769667,0,BLV,114.7,7.6,116.0,7.0,0,0,0,0,0,0,0,1
CI,0, ,0.0,41.0,0,0,0,1,210,0,0,0
CF,FEBRI,43.309750,-2.273944,0,BLV,88.1,28.5,88.0,18.0,0,0,0,0,0,0,0,0
TF,SSN,43.311194,-1.830389,0, ,0.0,0.0,0.0,0.0,0,0,0,0,0,0,0,0

SID,SSN3C,30,2
CD, ,0,0,0,BLV,0,0.0,296.0,2.0,0,0,0,0,0,0,0,0
CF,BB501,43.393333,-3.061333,0,BLV,311.0,8.0,311.0,6.0,2,3000,0,0,0,0,0,1
DF,BLV,43.304194,-2.925361,2, ,0.0,0.0,2,6500,0,0,0,0,0,0
TF,FEBRI,43.309750,-2.273944,0, ,0.0,0.0,0.0,0.0,0,0,0,0,0,0,0,0
TF,SSN,43.311194,-1.830389,0, ,0.0,0.0,0.0,0.0,0,0,0,0,0,0,0,0

STAR,CEGA1G,30,5
IF,CEGAM,42.983722,-2.236361, ,0.0,0.0,2,10000,0,0,0,0,0,0
TF,BB900,43.082472,-2.377583,0, ,0.0,0.0,0.0,0.0,2,7000,0,0,0,0,0,0
TF,DIRXA,43.128444,-2.443528,0, ,0.0,0.0,0.0,0.0,0,0,0,0,0,0,0,0
TF,IFASA,43.174056,-2.566194,0, ,0.0,0.0,0.0,0.0,2,6000,0,0,0,0,0,0

STAR,CEGA1L,30,5
IF,CEGAM,42.983722,-2.236361, ,0.0,0.0,2,10000,0,0,0,0,0,0
TF,BB901,43.112083,-2.426306,0, ,0.0,0.0,0.0,0.0,2,7000,0,0,0,0,0,0
TF,UVAKE,43.179722,-2.526944,0, ,0.0,0.0,0.0,0.0,0,0,0,0,0,0,0,0
TF,ALBIZ,43.212611,-2.631611,0, ,0.0,0.0,0.0,0.0,2,6000,0,0,0,0,0,0

STAR,CEGA3K,30,5
IF,CEGAM,42.983722,-2.236361, ,0.0,0.0,2,10000,0,0,0,0,0,0
TF,BB901,43.112083,-2.426306,0, ,0.0,0.0,0.0,0.0,2,7000,0,0,0,0,0,0
TF,UVAKE,43.179722,-2.526944,0, ,0.0,0.0,0.0,0.0,2,5300,0,0,0,0,0,0

STAR,CEGA3Q,30,5
IF,CEGAM,42.983722,-2.236361, ,0.0,0.0,2,10000,0,0,0,0,0,0
TF,BB900,43.082472,-2.377583,0, ,0.0,0.0,0.0,0.0,2,7000,0,0,0,0,0,0
TF,DIRXA,43.128444,-2.443528,0, ,0.0,0.0,0.0,0.0,2,6000,0,0,0,0,0,0

STAR,CEGA4T,12,2
IF,CEGAM,42.983722,-2.236361, ,0.0,0.0,2,10000,0,0,0,0,0,0
TF,BLV,43.304194,-2.925361,0, ,0.0,0.0,0.0,0.0,2,5600,0,0,0,0,0,0

STAR,DGO1F,30,5
IF,DGO,42.453306,-2.880694, ,0.0,0.0,2,10000,0,0,0,0,0,0
TF,CEGAM,42.983722,-2.236361,0, ,0.0,0.0,0.0,0.0,0,0,0,0,0,0,0,0
TF,BB900,43.082472,-2.377583,0, ,0.0,0.0,0.0,0.0,2,7000,0,0,0,0,0,0
TF,DIRXA,43.128444,-2.443528,0, ,0.0,0.0,0.0,0.0,0,0,0,0,0,0,0,0
TF,IFASA,43.174056,-2.566194,0, ,0.0,0.0,0.0,0.0,2,6000,0,0,0,0,0,0

STAR,DGO1G,30,5
IF,DGO,42.453306,-2.880694, ,0.0,0.0,2,10000,0,0,0,0,0,0
TF,CEGAM,42.983722,-2.236361,0, ,0.0,0.0,0.0,0.0,0,0,0,0,0,0,0,0
TF,BB901,43.112083,-2.426306,0, ,0.0,0.0,0.0,0.0,2,7000,0,0,0,0,0,0
TF,UVAKE,43.179722,-2.526944,0, ,0.0,0.0,0.0,0.0,0,0,0,0,0,0,0,0
TF,ALBIZ,43.212611,-2.631611,0, ,0.0,0.0,0.0,0.0,2,6000,0,0,0,0,0,0

STAR,DGO1W,12,2
IF,DGO,42.453306,-2.880694, ,0.0,0.0,2,10000,0,0,0,0,0,0
TF,VRA,42.731889,-2.865583,0, ,0.0,0.0,0.0,0.0,0,0,0,0,0,0,0,0
TF,D258P,43.254364,-3.272375,0, ,0.0,0.0,0.0,0.0,0,0,0,0,0,0,0,0
AF,OLMET,43.339611,-3.275833,2,BLV,277.0,15.5,258.0,2,4500,0,0,0,0,0,0
AF,D291P,43.400514,-3.253914,2,BLV,291.0,15.5,277.0,0,0,0,0,0,0,0,0
CF,OLUMI,43.370750,-3.083667,0,BLV,299.0,8.0,119.0,7.0,2,4000,0,0,0,0,0,0

STAR,DGO1Y,12,2
IF,DGO,42.453306,-2.880694, ,0.0,0.0,2,10000,0,0,0,0,0,0
TF,VRA,42.731889,-2.865583,0, ,0.0,0.0,0.0,0.0,0,0,0,0,0,0,0,0
TF,D258P,43.254364,-3.272375,0, ,0.0,0.0,0.0,0.0,0,0,0,0,0,0,0,0
AF,OLMET,43.339611,-3.275833,2,BLV,277.0,15.5,258.0,2,4500,0,0,0,0,0,0
AF,D291P,43.400514,-3.253914,2,BLV,291.0,15.5,277.0,0,0,0,0,0,0,0,0
CF,SUNIR,43.384306,-3.125639,0,BLV,297.8,10.0,118.0,6.0,2,4000,0,0,0,0,0,0

STAR,DGO2Q,30,5
IF,DGO,42.453306,-2.880694, ,0.0,0.0,2,10000,0,0,0,0,0,0
TF,CEGAM,42.983722,-2.236361,0, ,0.0,0.0,0.0,0.0,0,0,0,0,0,0,0,0
TF,BB900,43.082472,-2.377583,0, ,0.0,0.0,0.0,0.0,2,7000,0,0,0,0,0,0
TF,DIRXA,43.128444,-2.443528,0, ,0.0,0.0,0.0,0.0,2,6000,0,0,0,0,0,0

STAR,DGO2T,12,2
IF,DGO,42.453306,-2.880694, ,0.0,0.0,2,10000,0,0,0,0,0,0
TF,VRA,42.731889,-2.865583,0, ,0.0,0.0,0.0,0.0,0,0,0,0,0,0,0,0
TF,D175X,42.905272,-2.883575,0, ,0.0,0.0,0.0,0.0,0,0,0,0,0,0,0,0
TF,BLV,43.304194,-2.925361,0, ,0.0,0.0,0.0,0.0,2,5600,0,0,0,0,0,0

STAR,DGO2Z,12,2
IF,DGO,42.453306,-2.880694, ,0.0,0.0,2,10000,0,0,0,0,0,0
TF,VRA,42.731889,-2.865583,0, ,0.0,0.0,0.0,0.0,0,0,0,0,0,0,0,0
TF,D258P,43.254364,-3.272375,0, ,0.0,0.0,0.0,0.0,0,0,0,0,0,0,0,0
AF,OLMET,43.339611,-3.275833,2,BLV,277.0,15.5,258.0,2,4500,0,0,0,0,0,0

STAR,DOSU1W,12,2
IF,DOSUL,43.680556,-3.316667, ,0.0,0.0,2,10000,0,0,0,0,0,0
TF,D322R,43.536950,-3.166617,0, ,0.0,0.0,0.0,0.0,0,0,0,0,0,0,0,1
CI,0, ,0.0,142.0,0,0,0,0,0,0,0,0
AF,ASPES,43.498972,-3.158250,1,BLV,318.0,15.5,323.0,2,4000,0,0,0,0,0,0
AF,D306P,43.459342,-3.208636,1,BLV,306.0,15.5,318.0,0,0,0,0,0,0,0,0
CF,SUNIR,43.384306,-3.125639,0,BLV,297.8,10.0,118.0,6.0,2,4000,0,0,0,0,0,0

STAR,DOSU1Y,12,2
IF,DOSUL,43.680556,-3.316667, ,0.0,0.0,2,10000,0,0,0,0,0,0
TF,D322R,43.536950,-3.166617,0, ,0.0,0.0,0.0,0.0,0,0,0,0,0,0,0,1
CI,0, ,0.0,142.0,0,0,0,0,0,0,0,0
AF,ASPES,43.498972,-3.158250,1,BLV,318.0,15.5,323.0,2,4000,0,0,0,0,0,0
AF,D306P,43.459342,-3.208636,1,BLV,306.0,15.5,318.0,2,4000,0,0,0,0,0,0
CF,OLUMI,43.370750,-3.083667,0,BLV,299.0,8.0,119.0,7.0,2,4000,0,0,0,0,0,0

STAR,DOSU3T,12,2
IF,DOSUL,43.680556,-3.316667, ,0.0,0.0,2,10000,0,0,0,0,0,0
TF,D322R,43.536950,-3.166617,0, ,0.0,0.0,0.0,0.0,0,0,0,0,0,0,0,1
CI,0, ,0.0,142.0,0,0,0,0,0,0,0,0
AF,ASPES,43.498972,-3.158250,1,BLV,318.0,15.5,323.0,2,4000,0,0,0,0,0,0

STAR,DOSU3Z,12,2
IF,DOSUL,43.680556,-3.316667, ,0.0,0.0,2,10000,0,0,0,0,0,0
TF,D322R,43.536950,-3.166617,0, ,0.0,0.0,0.0,0.0,0,0,0,0,0,0,0,1
CI,0, ,0.0,142.0,0,0,0,0,0,0,0,0
AF,ASPES,43.498972,-3.158250,1,BLV,318.0,15.5,323.0,2,4000,0,0,0,0,0,0
AF,ULOFI,43.432972,-3.232389,1,BLV,299.0,15.5,318.0,2,4000,0,0,0,0,0,0

STAR,DOSU4K,30,2
IF,DOSUL,43.680556,-3.316667, ,0.0,0.0,2,10000,0,0,0,0,0,0
TF,BLV,43.304194,-2.925361,0, ,0.0,0.0,0.0,0.0,0,0,0,0,0,0,0,0
TF,ALBIZ,43.212611,-2.631611,0, ,0.0,0.0,0.0,0.0,2,6000,0,0,0,0,0,0

STAR,DOSU4Q,30,2
IF,DOSUL,43.680556,-3.316667, ,0.0,0.0,2,10000,0,0,0,0,0,0
TF,BLV,43.304194,-2.925361,0, ,0.0,0.0,0.0,0.0,0,0,0,0,0,0,0,0
TF,IFASA,43.174056,-2.566194,0, ,0.0,0.0,0.0,0.0,2,6000,0,0,0,0,0,0

STAR,MAPA1W,12,2
IF,MAPAX,43.683750,-3.044083, ,0.0,0.0,2,10000,0,0,0,0,0,0
TF,D347R,43.588642,-3.014189,0, ,0.0,0.0,0.0,0.0,0,0,0,0,0,0,0,1
CI,0, ,0.0,167.0,0,0,0,0,0,0,0,0
AF,ASPES,43.498972,-3.158250,1,BLV,318.0,15.5,347.0,2,4000,0,0,0,0,0,0
AF,D306P,43.459342,-3.208636,1,BLV,306.0,15.5,318.0,0,0,0,0,0,0,0,0
CF,SUNIR,43.384306,-3.125639,0,BLV,297.8,10.0,118.0,6.0,2,4000,0,0,0,0,0,0

STAR,MAPA1Y,12,2
IF,MAPAX,43.683750,-3.044083, ,0.0,0.0,2,10000,0,0,0,0,0,0
TF,D347R,43.588642,-3.014189,0, ,0.0,0.0,0.0,0.0,0,0,0,0,0,0,0,1
CI,0, ,0.0,167.0,0,0,0,0,0,0,0,0
AF,ASPES,43.498972,-3.158250,1,BLV,318.0,15.5,347.0,2,4000,0,0,0,0,0,0
AF,D306P,43.459342,-3.208636,1,BLV,306.0,15.5,318.0,2,4000,0,0,0,0,0,0
CF,OLUMI,43.370750,-3.083667,0,BLV,299.0,8.0,119.0,7.0,2,4000,0,0,0,0,0,0

STAR,MAPA3K,30,2
IF,MAPAX,43.683750,-3.044083, ,0.0,0.0,2,10000,0,0,0,0,0,0
CI,0, ,0.0,167.0,0,0,0,0,0,0,0,0
AF,D066U,43.440122,-2.483139,2,BLV,66.0,21.0,347.0,0,0,0,0,0,0,0,0
AF,D091U,43.290972,-2.446414,2,BLV,91.0,21.0,66.0,0,0,0,0,0,0,0,0
AF,D106U,43.200925,-2.467736,2,BLV,106.0,21.0,91.0,0,0,0,0,0,0,0,1
TF,UVAKE,43.179722,-2.526944,0, ,0.0,0.0,0.0,0.0,2,5300,0,0,0,0,0,0

STAR,MAPA3Q,30,2
IF,MAPAX,43.683750,-3.044083, ,0.0,0.0,2,10000,0,0,0,0,0,0
CI,0, ,0.0,167.0,0,0,0,0,0,0,0,0
AF,D066U,43.440122,-2.483139,2,BLV,66.0,21.0,347.0,0,0,0,0,0,0,0,0
AF,D091U,43.290972,-2.446414,2,BLV,91.0,21.0,66.0,0,0,0,0,0,0,0,0
AF,D110U,43.177864,-2.478781,2,BLV,110.0,21.0,91.0,0,0,0,0,0,0,0,1
TF,IFASA,43.174056,-2.566194,0, ,0.0,0.0,0.0,0.0,2,6000,0,0,0,0,0,0

STAR,MAPA3T,12,2
IF,MAPAX,43.683750,-3.044083, ,0.0,0.0,2,10000,0,0,0,0,0,0
TF,D347R,43.588642,-3.014189,0, ,0.0,0.0,0.0,0.0,0,0,0,0,0,0,0,1
CI,0, ,0.0,167.0,0,0,0,0,0,0,0,0
AF,ASPES,43.498972,-3.158250,1,BLV,318.0,15.5,347.0,2,4000,0,0,0,0,0,0

STAR,MAPA3Z,12,2
IF,MAPAX,43.683750,-3.044083, ,0.0,0.0,2,10000,0,0,0,0,0,0
TF,D347R,43.588642,-3.014189,0, ,0.0,0.0,0.0,0.0,0,0,0,0,0,0,0,1
CI,0, ,0.0,167.0,0,0,0,0,0,0,0,0
AF,ASPES,43.498972,-3.158250,1,BLV,318.0,15.5,347.0,2,4000,0,0,0,0,0,0
AF,ULOFI,43.432972,-3.232389,1,BLV,299.0,15.5,318.0,2,4000,0,0,0,0,0,0

STAR,SNR1W,12,2
IF,SNR,43.449778,-3.902417, ,0.0,0.0,2,10000,0,0,0,0,0,0
TF,D084O,43.471000,-3.560389,0, ,0.0,0.0,0.0,0.0,0,0,0,0,0,0,0,0
TF,KUXUN,43.485306,-3.319889,0, ,0.0,0.0,0.0,0.0,2,4000,0,0,0,0,0,0
VI,0, ,0.0,129.0,0,0,0,0,0,0,0,0
CF,SUNIR,43.384306,-3.125639,0,BLV,297.8,10.0,118.0,5.0,2,4000,0,0,0,0,0,0

STAR,SNR1Y,12,2
IF,SNR,43.449778,-3.902417, ,0.0,0.0,2,10000,0,0,0,0,0,0
TF,D084O,43.471000,-3.560389,0, ,0.0,0.0,0.0,0.0,0,0,0,0,0,0,0,0
TF,KUXUN,43.485306,-3.319889,0, ,0.0,0.0,0.0,0.0,2,4000,0,0,0,0,0,0
VI,0, ,0.0,129.0,0,0,0,0,0,0,0,0
CF,OLUMI,43.370750,-3.083667,0,BLV,299.0,8.0,119.0,8.0,2,4000,0,0,0,0,0,0

STAR,SNR4K,30,2
IF,SNR,43.449778,-3.902417, ,0.0,0.0,2,10000,0,0,0,0,0,0
TF,CALCE,43.362722,-3.316667,0, ,0.0,0.0,0.0,0.0,0,0,0,0,0,0,0,0
TF,BLV,43.304194,-2.925361,0, ,0.0,0.0,0.0,0.0,0,0,0,0,0,0,0,0
TF,ALBIZ,43.212611,-2.631611,0, ,0.0,0.0,0.0,0.0,2,6000,0,0,0,0,0,0

STAR,SNR4Q,30,2
IF,SNR,43.449778,-3.902417, ,0.0,0.0,2,10000,0,0,0,0,0,0
TF,CALCE,43.362722,-3.316667,0, ,0.0,0.0,0.0,0.0,0,0,0,0,0,0,0,0
TF,BLV,43.304194,-2.925361,0, ,0.0,0.0,0.0,0.0,0,0,0,0,0,0,0,0
TF,IFASA,43.174056,-2.566194,0, ,0.0,0.0,0.0,0.0,2,6000,0,0,0,0,0,0

STAR,SNR4T,12,2
IF,SNR,43.449778,-3.902417, ,0.0,0.0,2,10000,0,0,0,0,0,0
TF,D084O,43.471000,-3.560389,0, ,0.0,0.0,0.0,0.0,0,0,0,0,0,0,0,0
TF,KUXUN,43.485306,-3.319889,0, ,0.0,0.0,0.0,0.0,2,4000,0,0,0,0,0,0

STAR,SNR4Z,12,2
IF,SNR,43.449778,-3.902417, ,0.0,0.0,2,10000,0,0,0,0,0,0
TF,D084O,43.471000,-3.560389,0, ,0.0,0.0,0.0,0.0,0,0,0,0,0,0,0,0
TF,KUXUN,43.485306,-3.319889,0, ,0.0,0.0,0.0,0.0,2,4000,0,0,0,0,0,0
TF,ULOFI,43.432972,-3.232389,0, ,0.0,0.0,0.0,0.0,2,4000,0,0,0,0,0,0

APPTR,D12,12,BLV
IF,BLV,43.304194,-2.925361, ,0.0,0.0,2,5600,0,1,210,0,1,0
FD,BLV,43.304194,-2.925361,0,BLV,0.0,11.5,315.0,11.5,0,0,0,0,0,0,0,0
CF,CD12,43.399806,-3.153028,1,BLV,299.0,11.5,119.0,1.0,2,3400,0,0,0,0,1,0

APPTR,D12,12,ULOFI
IF,ULOFI,43.432972,-3.232389, ,0.0,0.0,2,4000,0,0,0,0,1,0
CF,CD12,43.399806,-3.153028,0,BLV,299.0,11.5,119.0,4.0,2,3400,0,0,0,0,1,0

FINAL,D12,12,D,4
IF,CD12,43.399806,-3.153028,BLV,299.0,11.5,2,3400,0,0,0,0,0,0
CF,FD12,43.358278,-3.053972,0,BLV,299.0,6.5,119.0,5.0,2,2300,0,0,0,0,2,0
CF,55VOR,43.349967,-3.034175,0,BLV,299.0,5.5,119.0,1.0,2,1970,0,0,0,0,0,0
CF,MD12,43.320861,-2.964889,0,BLV,299.0,2.0,119.0,3.5,1,818,0,0,0,0,3,0
CF,BLV,43.304194,-2.925361,0,BLV,0.0,0.0,119.0,2.0,0,0,0,0,0,0,0,0
FD,BLV,43.304194,-2.925361,0,BLV,0.0,8.0,112.0,8.0,0,0,0,0,0,0,0,0
CA,0,27.0,2,3500,0,0,0,0,0,0
DF,BLV,43.304194,-2.925361,1, ,0.0,0.0,0,0,0,0,0,0,0,0
CF,OLUMI,43.370750,-3.083667,0,BLV,299.0,8.0,299.0,8.0,1,4000,0,0,0,0,0,0
HM,OLUMI,43.370750,-3.083667,1, ,0.0,0.0,119.0,05,2,4000,0,1,210,0,0,0,0

APPTR,D30,30,UVAKE
IF,UVAKE,43.179722,-2.526944, ,0.0,0.0,2,5300,0,0,0,0,1,0
CF,CD30,43.192889,-2.568806,0,BLV,112.0,17.0,292.0,2.0,2,5300,0,0,0,0,1,0

FINAL,D30,30,D,4
IF,CD30,43.192889,-2.568806,BLV,112.0,17.0,2,5300,0,0,0,0,0,0
CF,FD30,43.225750,-2.673528,0,BLV,112.0,12.0,292.0,5.0,2,4200,0,0,0,0,2,0
CF,63VOR,43.263083,-2.793078,0,BLV,112.0,6.3,292.0,5.7,2,2100,0,0,0,0,0,0
CF,MD30,43.291139,-2.883333,0,BLV,112.0,2.0,292.0,4.3,1,519,0,0,0,0,3,0
CF,BLV,43.304194,-2.925361,0,BLV,0.0,0.0,292.0,2.0,0,0,0,0,0,0,0,0
FA,BLV,43.304194,-2.925361,0,BLV,0.0,0.0,315.0,2,4000,0,0,0,0,0,0
DF,BLV,43.304194,-2.925361,2, ,0.0,0.0,0,0,0,0,0,0,0,0
CF,ALBIZ,43.212611,-2.631611,0,BLV,112.0,14.0,112.0,14.0,1,6000,0,0,0,0,0,0
HM,ALBIZ,43.212611,-2.631611,2, ,0.0,0.0,292.0,05,2,6000,0,0,0,0,0,0,0

APPTR,I12-Y,12,ASPES
IF,ASPES,43.498972,-3.158250, ,0.0,0.0,2,4000,0,0,0,0,1,0
FM,ASPES,43.498972,-3.158250,0,VRA,0.0,0.0,193.0,0,0,0,0,0,0,0,0
CF,CF12,43.403222,-3.190583,0,IBO,295.7,14.5,116.0,1.0,2,3500,0,0,0,0,1,0

APPTR,I12-Y,12,KUXUN
IF,KUXUN,43.485306,-3.319889, ,0.0,0.0,2,4000,0,0,0,0,1,0
FM,KUXUN,43.485306,-3.319889,0,VRA,0.0,0.0,130.0,0,0,0,0,0,0,0,0
CF,CF12,43.403222,-3.190583,0,IBO,295.7,14.5,116.0,1.0,2,3500,0,0,0,0,1,0

APPTR,I12-Y,12,OLMET
IF,OLMET,43.339611,-3.275833, ,0.0,0.0,2,4500,0,0,0,0,1,0
FM,OLMET,43.339611,-3.275833,0,VRA,0.0,0.0,44.0,0,0,0,0,0,0,0,0
CF,CF12,43.403222,-3.190583,0,IBO,295.7,14.5,116.0,1.0,2,3500,0,0,0,0,1,0

FINAL,I12-Y,12,I,3
IF,CF12,43.403222,-3.190583,IBO,295.7,14.5,2,3500,0,0,0,0,0,0
CF,FI12,43.379806,-3.126139,0,IBO,295.7,11.3,116.0,3.2,1,3500,0,0,0,0,2,0
CF,RW12,43.306347,-2.924939,0,IBO,295.7,1.5,116.0,9.9,1,173,0,0,0,0,3,0
CF,D116D,43.266122,-2.816514,0,VRA,2.8,32.1,116.0,5.3,0,0,0,0,0,0,0,1
VM,0,0,1,332.0,1,3500,0,1,230,0,0,0

APPTR,I12-Z,12,ASPES
IF,ASPES,43.498972,-3.158250, ,0.0,0.0,2,4000,0,0,0,0,1,0
AF,D304P,43.452028,-3.215878,1,BLV,304.0,15.5,318.0,2,3500,0,0,0,0,0,1
CF,CF12,43.403222,-3.190583,0,IBO,295.7,14.5,116.0,3.0,2,3500,0,0,0,0,1,0

APPTR,I12-Z,12,BLV
IF,BLV,43.304194,-2.925361, ,0.0,0.0,2,5600,0,1,210,0,1,0
FD,BLV,43.304194,-2.925361,0,BLV,0.0,13.0,312.0,13.0,0,0,0,0,0,0,0,0
CF,CF12,43.403222,-3.190583,1,IBO,295.7,14.5,116.0,1.0,2,3500,0,0,0,0,1,0

APPTR,I12-Z,12,KUXUN
IF,KUXUN,43.485306,-3.319889, ,0.0,0.0,2,4000,0,0,0,0,1,0
FC,KUXUN,43.485306,-3.319889,0,BLV,0.0,0.0,130.0,3.5,0,0,0,0,0,0,0,0
CF,CF12,43.403222,-3.190583,0,IBO,295.7,14.5,130.0,4.0,2,3500,0,0,0,0,1,0

APPTR,I12-Z,12,OLMET
IF,OLMET,43.339611,-3.275833, ,0.0,0.0,2,4500,0,0,0,0,1,0
AF,D289P,43.392081,-3.258303,2,BLV,289.0,15.5,277.0,2,3500,0,0,0,0,0,1
CF,CF12,43.403222,-3.190583,0,IBO,295.7,14.5,116.0,3.0,2,3500,0,0,0,0,1,0

FINAL,I12-Z,12,I,3
IF,CF12,43.403222,-3.190583,IBO,295.7,14.5,2,3500,0,0,0,0,0,0
CF,FI12,43.379806,-3.126139,0,IBO,295.7,11.3,116.0,3.2,1,3500,0,0,0,0,2,0
CF,RW12,43.306347,-2.924939,0,IBO,295.7,1.5,116.0,9.9,1,173,0,0,0,0,3,0
CF,D116C,43.271344,-2.830508,0,BLV,114.3,4.6,116.0,4.6,0,0,0,0,0,0,0,0
CF,D111H,43.257247,-2.766756,0,BLV,111.0,7.5,111.0,2.9,0,0,0,0,0,0,0,0
TF,D111J,43.241550,-2.713942,0, ,0.0,0.0,0.0,0.0,0,0,0,0,0,0,0,0
AF,SUNIR,43.384306,-3.125639,1,BLV,297.8,10.0,111.0,1,4000,0,0,0,0,0,0
HM,SUNIR,43.384306,-3.125639,1, ,0.0,0.0,118.0,05,2,4000,0,1,210,0,0,0,0

APPTR,I30-Y,30,DIRXA
IF,DIRXA,43.128444,-2.443528, ,0.0,0.0,2,6000,0,0,0,0,1,0
FM,DIRXA,43.128444,-2.443528,0,BLV,0.0,0.0,296.0,0,0,0,0,0,0,0,0
CF,CF30,43.157944,-2.522861,0,IBL,115.7,19.9,296.0,1.0,2,6000,0,0,0,0,1,0

FINAL,I30-Y,30,I,3
IF,CF30,43.157944,-2.522861,IBL,115.7,19.9,2,6000,0,0,0,0,0,0
CF,FI30,43.212639,-2.670389,0,IBL,115.7,12.7,296.0,7.3,1,4400,0,0,0,0,2,0
CF,RW30,43.297703,-2.901356,0,IBL,115.7,1.3,296.0,11.3,1,192,0,0,0,0,3,0
FC,RW30,43.297703,-2.901356,0,VRA,0.0,0.0,296.0,6.5,2,2000,0,0,0,0,0,1
DF,B,43.372833,-3.034861,2, ,0.0,0.0,0,0,0,1,210,0,0,0
FM,B,43.372833,-3.034861,0,VRA,0.0,0.0,61.0,1,3500,0,0,0,0,0,0

APPTR,I30-Z,30,DIRXA
IF,DIRXA,43.128444,-2.443528, ,0.0,0.0,2,6000,0,0,0,0,1,0
CF,CF30,43.157944,-2.522861,0,IBL,115.7,19.9,296.0,3.9,2,6000,0,0,0,0,1,0

FINAL,I30-Z,30,I,3
IF,CF30,43.157944,-2.522861,IBL,115.7,19.9,2,6000,0,0,0,0,0,0
CF,FI30,43.212639,-2.670389,0,IBL,115.7,12.7,296.0,7.3,1,4400,0,0,0,0,2,0
CF,RW30,43.297703,-2.901356,0,IBL,115.7,1.3,296.0,11.3,1,192,0,0,0,0,3,0
CF,D296C,43.325003,-2.974808,0,BLV,299.0,2.5,296.0,3.6,0,0,0,0,0,0,0,0
VI,0, ,0.0,342.0,0,0,0,0,0,0,0,0
FA,BLV,43.304194,-2.925361,0,BLV,0.0,0.0,312.0,2,4000,0,0,0,0,0,0
DF,BLV,43.304194,-2.925361,2, ,0.0,0.0,0,0,0,0,0,0,0,0
TF,IFASA,43.174056,-2.566194,0, ,0.0,0.0,0.0,0.0,1,6000,0,0,0,0,0,0
HM,IFASA,43.174056,-2.566194,2, ,0.0,0.0,296.0,05.4,2,6000,0,0,0,0,0,0,0

APPTR,L12-Y,12,ASPES
IF,ASPES,43.498972,-3.158250, ,0.0,0.0,2,4000,0,0,0,0,1,0
FM,ASPES,43.498972,-3.158250,0,VRA,0.0,0.0,193.0,0,0,0,0,0,0,0,0
CF,CF12,43.403222,-3.190583,0,IBO,295.7,14.5,116.0,1.0,2,3500,0,0,0,0,1,0

APPTR,L12-Y,12,KUXUN
IF,KUXUN,43.485306,-3.319889, ,0.0,0.0,2,4000,0,0,0,0,1,0
FM,KUXUN,43.485306,-3.319889,0,VRA,0.0,0.0,130.0,0,0,0,0,0,0,0,0
CF,CF12,43.403222,-3.190583,0,IBO,295.7,14.5,116.0,1.0,2,3500,0,0,0,0,1,0

APPTR,L12-Y,12,OLMET
IF,OLMET,43.339611,-3.275833, ,0.0,0.0,2,4500,0,0,0,0,1,0
FM,OLMET,43.339611,-3.275833,0,VRA,0.0,0.0,44.0,0,0,0,0,0,0,0,0
CF,CF12,43.403222,-3.190583,0,IBO,295.7,14.5,116.0,1.0,2,3500,0,0,0,0,1,0

FINAL,L12-Y,12,D,3
IF,CF12,43.403222,-3.190583,IBO,295.7,14.5,2,3500,0,0,0,0,0,0
CF,FF12,43.351722,-3.049083,0,IBO,295.7,7.5,116.0,6.9,2,2100,0,0,0,0,2,0
CF,ML12,43.323917,-2.972889,0,IBO,295.7,3.8,116.0,3.7,1,939,0,0,0,0,3,0
CF,D116D,43.266122,-2.816514,0,VRA,2.8,32.1,116.0,7.7,0,0,0,0,0,0,0,1
VM,0,0,1,332.0,1,3500,0,1,230,0,0,0

APPTR,L12-Z,12,ASPES
IF,ASPES,43.498972,-3.158250, ,0.0,0.0,2,4000,0,0,0,0,1,0
AF,D304P,43.452028,-3.215878,1,BLV,304.0,15.5,318.0,2,3500,0,0,0,0,0,1
CF,CF12,43.403222,-3.190583,0,IBO,295.7,14.5,116.0,3.0,2,3500,0,0,0,0,1,0

APPTR,L12-Z,12,BLV
IF,BLV,43.304194,-2.925361, ,0.0,0.0,2,5600,0,1,210,0,1,0
FD,BLV,43.304194,-2.925361,0,BLV,0.0,13.0,312.0,13.0,0,0,0,0,0,0,0,0
CF,CF12,43.403222,-3.190583,1,IBO,295.7,14.5,116.0,1.0,2,3500,0,0,0,0,1,0

APPTR,L12-Z,12,KUXUN
IF,KUXUN,43.485306,-3.319889, ,0.0,0.0,2,4000,0,0,0,0,1,0
FC,KUXUN,43.485306,-3.319889,0,BLV,0.0,0.0,130.0,4.0,0,0,0,0,0,0,0,0
CF,CF12,43.403222,-3.190583,0,IBO,295.7,14.5,130.0,3.5,2,3500,0,0,0,0,1,0

APPTR,L12-Z,12,OLMET
IF,OLMET,43.339611,-3.275833, ,0.0,0.0,2,4500,0,0,0,0,1,0
AF,D289P,43.392081,-3.258303,2,BLV,289.0,15.5,277.0,2,3500,0,0,0,0,0,1
CF,CF12,43.403222,-3.190583,0,IBO,295.7,14.5,116.0,3.0,2,3500,0,0,0,0,1,0

FINAL,L12-Z,12,D,3
IF,CF12,43.403222,-3.190583,IBO,295.7,14.5,2,3500,0,0,0,0,0,0
CF,FF12,43.351722,-3.049083,0,IBO,295.7,7.5,116.0,6.9,2,2100,0,0,0,0,2,0
CF,ML12,43.323917,-2.972889,0,IBO,295.7,3.8,116.0,3.7,1,919,0,0,0,0,3,0
CF,D116C,43.271344,-2.830508,0,BLV,114.3,4.6,116.0,7.0,0,0,0,0,0,0,0,0
CF,D111H,43.257247,-2.766756,0,BLV,111.0,7.5,111.0,2.9,0,0,0,0,0,0,0,0
TF,D111J,43.241550,-2.713942,0, ,0.0,0.0,0.0,0.0,0,0,0,0,0,0,0,0
AF,SUNIR,43.384306,-3.125639,1,BLV,297.8,10.0,111.0,1,4000,0,0,0,0,0,0
HM,SUNIR,43.384306,-3.125639,1, ,0.0,0.0,118.0,05,2,4000,0,1,210,0,0,0,0

APPTR,L30-Y,30,DIRXA
IF,DIRXA,43.128444,-2.443528, ,0.0,0.0,2,6000,0,0,0,0,1,0
FM,DIRXA,43.128444,-2.443528,0,VRA,0.0,0.0,296.0,0,0,0,0,0,0,0,0
CF,CF30,43.157944,-2.522861,0,IBL,115.7,19.9,296.0,1.0,2,6000,0,0,0,0,1,0

FINAL,L30-Y,30,D,5
IF,CF30,43.157944,-2.522861,IBL,115.7,19.9,2,6000,0,0,0,0,0,0
CF,FF30Y,43.216722,-2.681361,0,IBL,115.6,12.1,296.0,7.8,2,4000,0,0,0,0,2,0
CF,57LOC,43.255047,-2.785250,0,IBL,115.6,7.0,296.0,5.1,2,2230,0,0,0,0,0,0
CF,35LOC,43.271539,-2.830072,0,IBL,115.6,4.8,296.0,2.2,2,1440,0,0,0,0,0,0
CF,ML30,43.290222,-2.880972,0,IBL,115.7,2.3,296.0,2.5,1,551,0,0,0,0,3,0
FC,ML30,43.290222,-2.880972,0,VRA,0.0,0.0,296.0,7.5,2,2000,0,0,0,0,0,1
DF,B,43.372833,-3.034861,2, ,0.0,0.0,0,0,0,1,210,0,0,0
FM,B,43.372833,-3.034861,0,VRA,0.0,0.0,61.0,1,3500,0,0,0,0,0,0

APPTR,L30-Z,30,DIRXA
IF,DIRXA,43.128444,-2.443528, ,0.0,0.0,2,6000,0,0,0,0,1,0
TF,D116T,43.157944,-2.522861,0, ,0.0,0.0,0.0,0.0,2,6000,0,0,0,0,1,0
CF,CL30Z,43.196344,-2.626592,0,IBL,115.7,14.8,296.0,5.1,2,4400,0,0,0,0,0,0

APPTR,L30-Z,30,IFASA
HF,IFASA,43.174056,-2.566194,2, ,0.0,0.0,296.0,05.4,2,6000,0,0,0,0,1,0,0
CF,D116T,43.157944,-2.522861,0,BLV,115.3,19.7,296.0,3.5,2,6000,0,0,0,0,1,0
CF,CL30Z,43.196344,-2.626592,0,IBL,115.7,14.8,296.0,5.1,2,4400,0,0,0,0,0,0

FINAL,L30-Z,30,D,5
IF,CL30Z,43.196344,-2.626592,IBL,115.7,14.8,2,4400,0,0,0,0,0,0
CF,FF30,43.233611,-2.727139,0,IBL,115.7,9.9,296.0,5.0,2,3300,0,0,0,0,2,0
CF,55LOC,43.256539,-2.789331,0,IBL,115.7,6.8,296.0,3.1,2,2200,0,0,0,0,0,0
CF,30LOC,43.275278,-2.840267,0,IBL,115.7,4.3,296.0,2.5,2,1280,0,0,0,0,0,0
CF,ML30,43.290222,-2.880972,0,IBL,115.7,2.3,296.0,2.0,1,558,0,0,0,0,3,0
CF,D296C,43.325003,-2.974808,0,BLV,299.0,2.5,296.0,4.6,0,0,0,0,0,0,0,0
VI,0, ,0.0,342.0,0,0,0,0,0,0,0,0
FA,BLV,43.304194,-2.925361,0,BLV,0.0,0.0,312.0,2,4000,0,0,0,0,0,0
DF,BLV,43.304194,-2.925361,2, ,0.0,0.0,0,0,0,0,0,0,0,0
TF,IFASA,43.174056,-2.566194,0, ,0.0,0.0,0.0,0.0,1,6000,0,0,0,0,0,0
HM,IFASA,43.174056,-2.566194,2, ,0.0,0.0,296.0,05.4,2,6000,0,0,0,0,0,0,0

