SID,FORN3C,21,2
VA,0,212.0,2,840,0,0,0,0,0,0
CF,BERAX,43.252056,-8.176667,1,LRA,147.6,10.4,83.0,8.0,2,3600,0,1,204,0,0,0
TF,FORNO,42.468111,-7.481472,0, ,0.0,0.0,0.0,0.0,2,10000,0,0,0,0,0,0

SID,FORN3D,03,2
VA,0,32.0,2,800,0,0,0,0,0,0
VI,0, ,0.0,118.0,0,0,0,1,210,0,0,0
CF,BERAX,43.252056,-8.176667,0,LRA,147.6,10.4,148.0,4.0,2,3000,0,0,0,0,0,0
TF,FORNO,42.468111,-7.481472,0, ,0.0,0.0,0.0,0.0,2,10000,0,0,0,0,0,0

SID,KORA3D,03,2
VA,0,32.0,2,800,0,0,0,0,0,0
CF,D075I,43.367028,-8.152653,0,LRA,105.5,7.0,75.0,10.0,0,0,0,1,210,0,0,0
TF,D106J,43.356389,-8.096664,0, ,0.0,0.0,0.0,0.0,2,3000,0,0,0,0,0,1
VI,1, ,0.0,1.0,0,0,0,0,0,0,0,0
CF,KORAV,43.653111,-7.865583,0,LRA,52.2,24.7,30.0,17.0,2,10000,0,0,0,0,0,0

SID,KORA4C,21,2
VA,0,212.0,2,840,0,0,0,0,0,0
VI,1, ,0.0,33.0,0,0,0,1,204,0,0,0
CF,D075I,43.367028,-8.152653,0,LRA,105.5,7.0,75.0,4.0,0,0,0,0,0,0,0,0
TF,D106J,43.356389,-8.096664,0, ,0.0,0.0,0.0,0.0,2,3000,0,0,0,0,0,1
VI,1, ,0.0,1.0,0,0,0,0,0,0,0,0
CF,KORAV,43.653111,-7.865583,0,LRA,52.2,24.7,30.0,17.0,2,10000,0,0,0,0,0,0

SID,MEGA3C,21,2
VA,0,212.0,2,840,0,0,0,0,0,0
VI,1, ,0.0,33.0,0,0,0,1,204,0,0,0
CF,D075I,43.367028,-8.152653,0,LRA,105.5,7.0,75.0,4.0,0,0,0,0,0,0,0,0
TF,D106R,43.320475,-7.908875,0, ,0.0,0.0,0.0,0.0,2,4700,0,0,0,0,0,1
CF,MEGAT,43.498861,-7.596472,0,LRA,79.5,31.7,48.0,16.0,2,10000,0,0,0,0,0,0

SID,MEGA3D,03,2
VA,0,32.0,2,800,0,0,0,0,0,0
CF,D075I,43.367028,-8.152653,0,LRA,105.5,7.0,75.0,10.0,0,0,0,1,210,0,0,0
TF,D106R,43.320475,-7.908875,0, ,0.0,0.0,0.0,0.0,2,4700,0,0,0,0,0,1
CF,MEGAT,43.498861,-7.596472,0,LRA,79.5,31.7,48.0,16.0,2,10000,0,0,0,0,0,0

SID,ROXE3C,21,2
VA,0,212.0,2,840,0,0,0,0,0,0
VI,1, ,0.0,33.0,0,0,0,1,204,0,0,0
CF,D075I,43.367028,-8.152653,0,LRA,105.5,7.0,75.0,4.0,0,0,0,0,0,0,0,0
TF,ROXER,43.213000,-7.357556,0, ,0.0,0.0,0.0,0.0,2,10000,0,0,0,0,0,0

SID,ROXE4D,03,2
VA,0,32.0,2,800,0,0,0,0,0,0
CF,D075I,43.367028,-8.152653,0,LRA,105.5,7.0,75.0,10.0,0,0,0,1,210,0,0,0
TF,ROXER,43.213000,-7.357556,0, ,0.0,0.0,0.0,0.0,2,10000,0,0,0,0,0,0

STAR,FORN2M,21,2
IF,FORNO,42.468111,-7.481472, ,0.0,0.0,2,10000,0,0,0,0,0,0
TF,BERAX,43.252056,-8.176667,0, ,0.0,0.0,0.0,0.0,0,0,0,0,0,0,0,0

STAR,FORN3J,ALL,2
IF,FORNO,42.468111,-7.481472, ,0.0,0.0,2,10000,0,0,0,0,0,0
TF,BERAX,43.252056,-8.176667,0, ,0.0,0.0,0.0,0.0,0,0,0,0,0,0,0,0
TF,LRA,43.396167,-8.306806,0, ,0.0,0.0,0.0,0.0,0,0,0,0,0,0,0,0

STAR,FORN3K,21,2
IF,FORNO,42.468111,-7.481472, ,0.0,0.0,2,10000,0,0,0,0,0,0
TF,BERAX,43.252056,-8.176667,0, ,0.0,0.0,0.0,0.0,0,0,0,0,0,0,0,0
TF,COA,43.365583,-8.328417,0, ,0.0,0.0,0.0,0.0,0,0,0,0,0,0,0,0

STAR,KORA2K,21,2
IF,KORAV,43.653111,-7.865583, ,0.0,0.0,2,10000,0,0,0,0,0,0
TF,BERAX,43.252056,-8.176667,0, ,0.0,0.0,0.0,0.0,0,0,0,0,0,0,0,0
TF,COA,43.365583,-8.328417,2, ,0.0,0.0,0.0,0.0,0,0,0,0,0,0,0,0

STAR,KORA2M,21,2
IF,KORAV,43.653111,-7.865583, ,0.0,0.0,2,10000,0,0,0,0,0,0
TF,BERAX,43.252056,-8.176667,0, ,0.0,0.0,0.0,0.0,0,0,0,0,0,0,0,0

STAR,KORA3J,ALL,2
IF,KORAV,43.653111,-7.865583, ,0.0,0.0,2,10000,0,0,0,0,0,0
TF,BERAX,43.252056,-8.176667,0, ,0.0,0.0,0.0,0.0,0,0,0,0,0,0,0,0
TF,LRA,43.396167,-8.306806,2, ,0.0,0.0,0.0,0.0,0,0,0,0,0,0,0,0

STAR,LOMD3B,21,2
IF,LOMDA,42.852806,-7.296028, ,0.0,0.0,2,12000,0,0,0,0,0,0
TF,GALZO,43.298167,-8.121972,0, ,0.0,0.0,0.0,0.0,0,0,0,0,0,0,0,0

STAR,LOMD4A,ALL,2
IF,LOMDA,42.852806,-7.296028, ,0.0,0.0,2,12000,0,0,0,0,0,0
TF,GALZO,43.298167,-8.121972,0, ,0.0,0.0,0.0,0.0,0,0,0,0,0,0,0,0
TF,LRA,43.396167,-8.306806,0, ,0.0,0.0,0.0,0.0,0,0,0,0,0,0,0,0

STAR,MEGA2K,21,2
IF,MEGAT,43.498861,-7.596472, ,0.0,0.0,2,10000,0,0,0,0,0,0
TF,D048W,43.190731,-8.046011,0, ,0.0,0.0,0.0,0.0,0,0,0,0,0,0,0,1
CF,BERAX,43.252056,-8.176667,2,LRA,147.6,10.4,328.0,4.0,0,0,0,0,0,0,0,0
TF,COA,43.365583,-8.328417,0, ,0.0,0.0,0.0,0.0,0,0,0,0,0,0,0,0

STAR,MEGA2M,21,2
IF,MEGAT,43.498861,-7.596472, ,0.0,0.0,2,10000,0,0,0,0,0,0
TF,D048W,43.190731,-8.046011,0, ,0.0,0.0,0.0,0.0,0,0,0,0,0,0,0,1
CF,BERAX,43.252056,-8.176667,2,LRA,147.6,10.4,328.0,4.0,0,0,0,0,0,0,0,0

STAR,MEGA3J,ALL,2
IF,MEGAT,43.498861,-7.596472, ,0.0,0.0,2,10000,0,0,0,0,0,0
TF,D048W,43.190731,-8.046011,0, ,0.0,0.0,0.0,0.0,0,0,0,0,0,0,0,1
CF,BERAX,43.252056,-8.176667,2,LRA,147.6,10.4,328.0,4.0,0,0,0,0,0,0,0,0
TF,LRA,43.396167,-8.306806,0, ,0.0,0.0,0.0,0.0,0,0,0,0,0,0,0,0

STAR,ROXE2K,21,2
IF,ROXER,43.213000,-7.357556, ,0.0,0.0,2,10000,0,0,0,0,0,0
TF,MISTE,43.355361,-8.085194,0, ,0.0,0.0,0.0,0.0,0,0,0,0,0,0,0,0

STAR,ROXE3J,ALL,2
IF,ROXER,43.213000,-7.357556, ,0.0,0.0,2,10000,0,0,0,0,0,0
TF,MISTE,43.355361,-8.085194,0, ,0.0,0.0,0.0,0.0,0,0,0,0,0,0,0,0
TF,LRA,43.396167,-8.306806,0, ,0.0,0.0,0.0,0.0,0,0,0,0,0,0,0,0

APPTR,D21,21,BERAX
IF,BERAX,43.252056,-8.176667, ,0.0,0.0,2,6000,0,0,0,0,1,0
CI,0, ,0.0,328.0,0,0,0,0,0,0,0,0
AF,D071H,43.441647,-8.134850,1,LRA,71.0,8.0,148.0,2,3400,0,0,0,0,0,0
AF,D041H,43.498261,-8.189053,1,LRA,41.0,8.0,71.0,2,3000,0,0,0,0,0,1
CF,CD21,43.484417,-8.242333,0,LRA,29.0,6.0,209.0,2.0,2,3000,0,0,0,0,1,0

APPTR,D21,21,GALZO
IF,GALZO,43.298167,-8.121972, ,0.0,0.0,2,6000,0,0,0,0,1,0
CI,0, ,0.0,307.0,0,0,0,0,0,0,0,0
AF,D071H,43.441647,-8.134850,1,LRA,71.0,8.0,127.0,2,3400,0,0,0,0,0,0
AF,D041H,43.498261,-8.189053,1,LRA,41.0,8.0,71.0,2,3000,0,0,0,0,0,1
CF,CD21,43.484417,-8.242333,0,LRA,29.0,6.0,209.0,2.0,2,3000,0,0,0,0,1,0

APPTR,D21,21,LRA
IF,LRA,43.396167,-8.306806, ,0.0,0.0,2,3500,0,1,210,0,1,0
HF,LRA,43.396167,-8.306806,2, ,0.0,0.0,209.0,07,2,3000,0,0,0,0,0,0,0

APPTR,D21,21,MISTE
IF,MISTE,43.355361,-8.085194, ,0.0,0.0,2,6000,0,0,0,0,1,0
CI,0, ,0.0,285.0,0,0,0,0,0,0,0,0
AF,D071H,43.441647,-8.134850,1,LRA,71.0,8.0,105.0,2,3400,0,0,0,0,0,0
AF,D041H,43.498261,-8.189053,1,LRA,41.0,8.0,71.0,2,3000,0,0,0,0,0,1
CF,CD21,43.484417,-8.242333,0,LRA,29.0,6.0,209.0,2.0,2,3000,0,0,0,0,1,0

FINAL,D21,21,D,4
IF,CD21,43.484417,-8.242333,LRA,29.0,6.0,2,3000,0,0,0,0,0,0
CF,40VOR,43.455028,-8.263825,0,LRA,29.0,4.0,209.0,2.0,2,3000,0,0,0,0,0,0
CF,LRA,43.396167,-8.306806,0,LRA,0.0,0.0,209.0,4.0,2,2300,0,0,0,0,2,0
CF,C,43.323667,-8.360833,0,LRA,209.6,5.0,210.0,5.0,1,666,0,0,0,0,3,0
CA,0,210.0,2,730,0,0,0,0,0,0
DF,LRA,43.396167,-8.306806,1, ,0.0,0.0,0,0,0,1,210,0,0,0
FA,LRA,43.396167,-8.306806,0,LRA,0.0,0.0,7.0,2,3300,0,0,0,0,0,0
DF,LRA,43.396167,-8.306806,2, ,0.0,0.0,1,3500,0,0,0,0,0,0
HM,LRA,43.396167,-8.306806,2, ,0.0,0.0,209.0,05.6,2,3500,0,0,0,0,0,0,0

APPTR,I21-Y,21,COA
IF,COA,43.365583,-8.328417, ,0.0,0.0,2,3500,0,1,220,0,1,0
FC,COA,43.365583,-8.328417,0,LRA,0.0,0.0,358.0,5.5,2,3000,0,0,0,0,0,1
CF,CF21Y,43.442975,-8.261214,2,LCO,31.9,10.7,212.0,1.0,2,3000,0,0,0,0,0,0

FINAL,I21-Y,21,I,3
IF,CF21Y,43.442975,-8.261214,LCO,31.9,10.7,2,3000,0,0,0,0,0,0
CF,FI21Y,43.382667,-8.310972,0,LCO,31.9,6.5,212.0,4.2,1,2000,0,0,0,0,2,0
CF,RW21,43.308594,-8.371892,0,LCO,32.0,1.3,212.0,5.2,1,326,0,0,0,0,3,0
CA,0,212.0,2,870,0,0,0,0,0,0
CA,1,91.0,2,1900,0,1,185,0,0,0
DF,COA,43.365583,-8.328417,1, ,0.0,0.0,0,0,0,1,185,0,0,0
FA,COA,43.365583,-8.328417,0,LRA,0.0,0.0,344.0,2,3200,0,0,0,0,0,0
DF,COA,43.365583,-8.328417,1, ,0.0,0.0,1,3500,0,0,0,0,0,0
HM,COA,43.365583,-8.328417,1, ,0.0,0.0,30.0,04.3,2,3500,0,0,0,0,0,0,0

APPTR,I21-Z,21,BERAX
IF,BERAX,43.252056,-8.176667, ,0.0,0.0,2,6000,0,0,0,0,1,0
CI,0, ,0.0,328.0,0,0,0,0,0,0,0,0
AF,D073H,43.437242,-8.132756,1,LRA,73.0,8.0,148.0,2,3400,0,0,0,0,0,0
AF,D045H,43.492022,-8.179564,1,LRA,45.0,8.0,73.0,2,3000,0,0,0,0,0,1
CF,CF21,43.479917,-8.230750,0,LCO,31.9,13.3,212.0,2.4,2,3000,0,1,210,0,1,0

APPTR,I21-Z,21,ENONU
IF,ENONU,43.508611,-8.207028, ,0.0,0.0,2,3500,0,0,0,0,1,0
CF,CF21,43.479917,-8.230750,0,LCO,31.9,13.3,212.0,2.0,2,3000,0,1,210,0,1,0

APPTR,I21-Z,21,GALZO
IF,GALZO,43.298167,-8.121972, ,0.0,0.0,2,6000,0,0,0,0,1,0
CI,0, ,0.0,307.0,0,0,0,0,0,0,0,0
AF,D073H,43.437242,-8.132756,1,LRA,73.0,8.0,127.0,2,3400,0,0,0,0,0,0
AF,D045H,43.492022,-8.179564,1,LRA,45.0,8.0,73.0,2,3000,0,0,0,0,0,1
CF,CF21,43.479917,-8.230750,0,LCO,31.9,13.3,212.0,2.4,2,3000,0,1,210,0,1,0

APPTR,I21-Z,21,MISTE
IF,MISTE,43.355361,-8.085194, ,0.0,0.0,2,6000,0,0,0,0,1,0
CI,0, ,0.0,285.0,0,0,0,0,0,0,0,0
AF,D073H,43.437242,-8.132756,1,LRA,73.0,8.0,105.0,2,3400,0,0,0,0,0,0
AF,D045H,43.492022,-8.179564,1,LRA,45.0,8.0,73.0,2,3000,0,0,0,0,0,1
CF,CF21,43.479917,-8.230750,0,LCO,31.9,13.3,212.0,2.4,2,3000,0,1,210,0,1,0

FINAL,I21-Z,21,I,3
IF,CF21,43.479917,-8.230750,LCO,31.9,13.3,2,3000,0,0,0,0,0,0
CF,FI21,43.395722,-8.300222,0,LCO,31.9,7.4,212.0,5.9,1,2300,0,0,0,0,2,0
CF,RW21,43.308594,-8.371892,0,LCO,32.0,1.3,212.0,6.1,1,326,0,0,0,0,3,0
CA,0,212.0,2,870,0,0,0,0,0,0
CA,1,91.0,2,1900,0,1,185,0,0,0
DF,LRA,43.396167,-8.306806,1, ,0.0,0.0,0,0,0,1,185,0,0,0
FA,LRA,43.396167,-8.306806,0,LRA,0.0,0.0,7.0,2,3500,0,0,0,0,0,0
DF,LRA,43.396167,-8.306806,2, ,0.0,0.0,1,3500,0,0,0,0,0,0
HM,LRA,43.396167,-8.306806,2, ,0.0,0.0,217.0,05.6,2,3500,0,0,0,0,0,0,0

APPTR,L21-Y,21,COA
IF,COA,43.365583,-8.328417, ,0.0,0.0,2,3500,0,1,220,0,1,0
FC,COA,43.365583,-8.328417,0,LRA,0.0,0.0,358.0,5.5,2,3000,0,0,0,0,0,1
CF,CF21Y,43.442975,-8.261214,2,LCO,32.0,10.7,212.0,1.0,2,3000,0,0,0,0,0,0

FINAL,L21-Y,21,D,3
IF,CF21Y,43.442975,-8.261214,LCO,32.0,10.7,2,3000,0,0,0,0,0,0
CF,FF21,43.381194,-8.312194,0,LCO,31.9,6.3,212.0,4.3,2,2000,0,0,0,0,2,0
CF,ML21,43.324306,-8.358972,0,LCO,32.0,2.4,212.0,4.0,1,689,0,0,0,0,3,0
CA,0,212.0,2,870,0,0,0,0,0,0
CA,1,91.0,2,1900,0,1,185,0,0,0
DF,COA,43.365583,-8.328417,1, ,0.0,0.0,0,0,0,1,185,0,0,0
FA,COA,43.365583,-8.328417,0,LRA,0.0,0.0,344.0,2,3200,0,0,0,0,0,0
DF,COA,43.365583,-8.328417,1, ,0.0,0.0,1,3500,0,0,0,0,0,0
HM,COA,43.365583,-8.328417,1, ,0.0,0.0,30.0,04.3,2,3500,0,0,0,0,0,0,0

APPTR,L21-Z,21,BERAX
IF,BERAX,43.252056,-8.176667, ,0.0,0.0,2,6000,0,0,0,0,1,0
CI,0, ,0.0,328.0,0,0,0,0,0,0,0,0
AF,D074H,43.435022,-8.131803,1,LRA,74.0,8.0,148.0,2,3400,0,0,0,0,0,0
AF,D045H,43.492022,-8.179564,1,LRA,45.0,8.0,74.0,2,3000,0,0,0,0,0,1
CF,CF21,43.479917,-8.230750,0,LCO,31.9,13.3,212.0,2.0,2,3000,0,1,210,0,1,0

APPTR,L21-Z,21,ENONU
IF,ENONU,43.508611,-8.207028, ,0.0,0.0,2,3500,0,0,0,0,1,0
CF,CF21,43.479917,-8.230750,0,LCO,31.9,13.3,212.0,2.0,2,3000,0,1,210,0,1,0

APPTR,L21-Z,21,GALZO
IF,GALZO,43.298167,-8.121972, ,0.0,0.0,2,6000,0,0,0,0,1,0
CI,0, ,0.0,307.0,0,0,0,0,0,0,0,0
AF,D074H,43.435022,-8.131803,1,LRA,74.0,8.0,127.0,2,3400,0,0,0,0,0,0
AF,D045H,43.492022,-8.179564,1,LRA,45.0,8.0,74.0,2,3000,0,0,0,0,0,1
CF,CF21,43.479917,-8.230750,0,LCO,31.9,13.3,212.0,2.0,2,3000,0,1,210,0,1,0

APPTR,L21-Z,21,MISTE
IF,MISTE,43.355361,-8.085194, ,0.0,0.0,2,6000,0,0,0,0,1,0
CI,0, ,0.0,285.0,0,0,0,0,0,0,0,0
AF,D074H,43.435022,-8.131803,1,LRA,74.0,8.0,105.0,2,3400,0,0,0,0,0,0
AF,D045H,43.492022,-8.179564,1,LRA,45.0,8.0,74.0,2,3000,0,0,0,0,0,1
CF,CF21,43.479917,-8.230750,0,LCO,31.9,13.3,212.0,2.0,2,3000,0,1,210,0,1,0

FINAL,L21-Z,21,D,3
IF,CF21,43.479917,-8.230750,LCO,31.9,13.3,2,3000,0,0,0,0,0,0
CF,FF21,43.381194,-8.312194,0,LCO,31.9,6.3,212.0,6.9,2,2000,0,0,0,0,2,0
CF,ML21,43.324306,-8.358972,0,LCO,32.0,2.4,212.0,4.0,1,689,0,0,0,0,3,0
CA,0,212.0,2,870,0,0,0,0,0,0
CA,1,91.0,2,1900,0,1,185,0,0,0
DF,LRA,43.396167,-8.306806,1, ,0.0,0.0,0,0,0,1,185,0,0,0
FA,LRA,43.396167,-8.306806,0,LRA,0.0,0.0,7.0,2,3500,0,0,0,0,0,0
DF,LRA,43.396167,-8.306806,2, ,0.0,0.0,1,3500,0,0,0,0,0,0
HM,LRA,43.396167,-8.306806,2, ,0.0,0.0,217.0,05.6,2,3500,0,0,0,0,0,0,0

APPTR,R03,03,IDOTU
IF,IDOTU,43.334083,-8.674056, ,0.0,0.0,1,5000,0,0,0,0,1,0
TF,CO05W,43.298583,-8.545944,0, ,0.0,0.0,0.0,0.0,2,2500,0,0,0,0,1,0

FINAL,R03,03,R,3
IF,CO05W,43.298583,-8.545944, ,0.0,0.0,2,2500,0,0,0,0,0,0
TF,CO03W,43.286722,-8.503278,0, ,0.0,0.0,112.0,2.0,2,2500,0,0,0,0,2,0
TF,CO401,43.268000,-8.436083,0, ,0.0,0.0,112.0,3.2,1,1500,0,1,160,0,3,1
DF,CO402,43.360611,-8.456361,1, ,0.0,0.0,0,0,0,1,160,0,0,0
TF,CO403,43.424944,-8.616611,0, ,0.0,0.0,0.0,0.0,2,4000,0,1,200,0,0,0
TF,IDOTU,43.334083,-8.674056,0, ,0.0,0.0,0.0,0.0,1,5000,0,1,200,0,0,0
HM,IDOTU,43.334083,-8.674056,2, ,0.0,0.0,112.0,04.3,2,5000,0,0,0,0,0,0,0

