APPTR,T36,36,D196J
IF,D196J,36.972000,-3.690722, ,0.0,0.0,2,7000,0,0,0,0,1,0
CF,CT36,37.016944,-3.674806,0,TGR,195.9,7.2,16.0,2.8,2,5300,0,0,0,0,1,0

FINAL,T36,36,D,5
IF,CT36,37.016944,-3.674806,TGR,195.9,7.2,2,5300,0,0,0,0,0,0
CF,FT36,37.049222,-3.663361,0,TGR,195.9,5.2,16.0,2.0,2,5000,0,0,0,0,2,0
CF,29TAC,37.085975,-3.650328,0,TGR,195.9,2.9,16.0,2.3,2,3750,0,0,0,0,0,0
CF,15TAC,37.108450,-3.642353,0,TGR,195.9,1.5,16.0,1.4,2,3000,0,0,0,0,0,0
CF,MT36,37.124667,-3.636611,0,TGR,196.0,0.5,16.0,1.0,1,2431,0,0,0,0,3,0
CF,D002B,37.162558,-3.634489,0,TGR,359.0,1.8,2.0,2.3,0,0,0,0,0,0,0,1
DF,D196J,36.972000,-3.690722,2, ,0.0,0.0,1,7000,0,1,90,0,0,0
HM,D196J,36.972000,-3.690722,2, ,0.0,0.0,16.0,04.3,2,7000,0,0,0,0,0,0,0

