SID,BGR4Z,01,2
VA,0,14.0,2,1000,0,0,0,0,0,0
CI,2, ,0.0,114.0,0,0,0,1,185,0,0,0
CF,BGR,41.947694,3.208861,0,BGR,0.0,0.0,85.0,15.0,2,10000,0,0,0,0,0,0

SID,BGR5H,19,2
CF,D193F,41.834608,2.737236,0,GIR,193.0,6.0,193.0,4.0,2,1700,0,0,0,0,0,1
CI,1, ,0.0,91.0,0,0,0,1,210,0,0,0
CF,BGR,41.947694,3.208861,0,BGR,0.0,0.0,61.0,22.0,2,10000,0,0,0,0,0,0

SID,BGR6G,01,2
DF,GIR,41.931250,2.771861,0, ,0.0,0.0,0,0,0,0,0,0,0,0
FD,GIR,41.931250,2.771861,0,GIR,0.0,5.8,14.0,5.8,2,2800,0,0,0,0,0,0
CI,2, ,0.0,132.0,0,0,0,1,215,0,0,0
CF,BGR,41.947694,3.208861,0,BGR,0.0,0.0,103.0,14.0,2,10000,0,0,0,0,0,0

SID,GEAN1H,19,2
CF,D193G,41.818500,2.731475,0,GIR,193.0,7.0,193.0,5.0,2,2200,0,0,0,0,0,1
CF,D319N,42.105961,2.579925,2,GIR,318.7,13.6,355.0,17.0,0,0,0,1,210,0,0,0
TF,OLOTI,42.208361,2.466778,0, ,0.0,0.0,0.0,0.0,2,13000,0,0,0,0,0,0
TF,GEANT,42.433333,2.216417,0, ,0.0,0.0,0.0,0.0,2,20000,0,0,0,0,0,0

SID,GEAN2G,01,2
DF,GIR,41.931250,2.771861,0, ,0.0,0.0,0,0,0,0,0,0,0,0
FD,GIR,41.931250,2.771861,0,GIR,0.0,8.0,14.0,8.0,2,4100,0,0,0,0,0,0
CI,0, ,0.0,14.0,0,0,0,1,215,0,0,0
AF,D331J,42.078422,2.666786,1,GIR,330.0,10.0,14.0,0,0,0,0,0,0,0,0
CF,OLOTI,42.208361,2.466778,0,GIR,318.7,21.5,319.0,11.0,2,13000,0,0,0,0,0,0
TF,GEANT,42.433333,2.216417,0, ,0.0,0.0,0.0,0.0,2,20000,0,0,0,0,0,0

SID,MAMU2G,01,2
DF,GIR,41.931250,2.771861,0, ,0.0,0.0,0,0,0,0,0,0,0,0
FD,GIR,41.931250,2.771861,0,GIR,0.0,8.0,14.0,8.0,2,3500,0,0,0,0,0,0
CI,0, ,0.0,14.0,0,0,0,1,215,0,0,0
AF,D269J,41.933942,2.548589,1,GIR,269.0,10.0,14.0,0,0,0,0,0,0,0,0
CF,MAMUK,41.836750,2.072083,0,GIR,258.0,31.9,258.0,22.0,2,13000,0,0,0,0,0,0

SID,MAMU3H,19,2
CA,0,194.0,2,870,0,0,0,0,0,0
FD,GIR,41.931250,2.771861,0,GIR,0.0,16.0,197.0,16.0,2,4200,0,0,0,0,0,0
CF,MAMUK,41.836750,2.072083,2,GIR,258.0,31.9,293.0,27.0,2,13000,0,0,0,0,0,0

SID,VIBO1G,01,5
CF,GE500,42.059583,2.821250,0,GIR,14.0,8.0,14.0,10.0,0,0,0,0,0,0,0,1
DF,GE501,42.051111,2.616389,1, ,0.0,0.0,0,0,0,1,210,0,0,0
TF,ICLEF,41.960556,1.765556,0, ,0.0,0.0,0.0,0.0,0,0,0,0,0,0,0,0
TF,BOLQE,41.733611,1.549444,0, ,0.0,0.0,0.0,0.0,0,0,0,1,250,0,0,0
TF,VIBOK,41.546861,1.501861,0, ,0.0,0.0,0.0,0.0,0,0,0,0,0,0,0,0

SID,VIBO1H,19,5
CF,CLE,41.640028,2.634694,0,CLE,0.0,0.0,198.0,16.0,0,0,0,0,0,0,0,0
TF,MAMUK,41.836750,2.072083,2, ,0.0,0.0,0.0,0.0,0,0,0,0,0,0,0,0
TF,ICLEF,41.960556,1.765556,0, ,0.0,0.0,0.0,0.0,3,20000,0,0,0,0,0,0
TF,BOLQE,41.733611,1.549444,0, ,0.0,0.0,0.0,0.0,0,0,0,1,250,0,0,0
TF,VIBOK,41.546861,1.501861,0, ,0.0,0.0,0.0,0.0,0,0,0,0,0,0,0,0

STAR,BGR3K,01,2
IF,BGR,41.947694,3.208861, ,0.0,0.0,1,10000,0,1,250,0,0,0
TF,D071Y,41.763133,3.165394,0, ,0.0,0.0,0.0,0.0,0,0,0,0,0,0,0,0
TF,OKETA,41.723639,2.996222,0, ,0.0,0.0,0.0,0.0,0,0,0,1,220,0,0,0

STAR,BGR4F,19,2
IF,BGR,41.947694,3.208861, ,0.0,0.0,1,10000,0,1,250,0,0,0
TF,BANOL,42.126750,2.846750,0, ,0.0,0.0,0.0,0.0,0,0,0,1,220,0,0,0

STAR,KANI2F,19,2
IF,KANIG,42.480306,2.983167, ,0.0,0.0,4,15000,10000,0,0,0,0,0
TF,D014Y,42.332042,2.925728,0, ,0.0,0.0,0.0,0.0,3,10000,0,1,250,0,0,0
TF,D014T,42.251903,2.894797,0, ,0.0,0.0,0.0,0.0,0,0,0,0,0,0,0,0
TF,BANOL,42.126750,2.846750,0, ,0.0,0.0,0.0,0.0,0,0,0,1,220,0,0,0

STAR,KANI4K,01,2
IF,KANIG,42.480306,2.983167, ,0.0,0.0,4,15000,10000,0,0,0,0,0
TF,D014T,42.251903,2.894797,0, ,0.0,0.0,0.0,0.0,0,0,0,0,0,0,0,0
TF,D014L,42.123658,2.845475,0, ,0.0,0.0,0.0,0.0,3,10000,0,1,250,0,0,0
TF,GIR,41.931250,2.771861,0, ,0.0,0.0,0.0,0.0,0,0,0,1,220,0,0,0
TF,OKETA,41.723639,2.996222,0, ,0.0,0.0,0.0,0.0,0,0,0,1,220,0,0,0

STAR,MAMU1Y,01,2
IF,MAMUK,41.836750,2.072083, ,0.0,0.0,4,15000,10000,0,0,0,0,0
TF,D293L,41.725011,2.393014,0, ,0.0,0.0,0.0,0.0,3,10000,0,1,250,0,0,0
TF,D293E,41.675500,2.534056,0, ,0.0,0.0,0.0,0.0,0,0,0,0,0,0,0,0
TF,CLE,41.640028,2.634694,0, ,0.0,0.0,0.0,0.0,0,0,0,1,220,0,0,0

STAR,MAMU2F,19,2
IF,MAMUK,41.836750,2.072083, ,0.0,0.0,4,15000,10000,0,0,0,0,0
TF,D271M,41.942403,2.481933,0, ,0.0,0.0,0.0,0.0,3,10000,0,1,250,0,0,0
TF,D295G,41.982119,2.637844,0, ,0.0,0.0,0.0,0.0,0,0,0,0,0,0,0,0
TF,GRN,42.024972,2.807222,0, ,0.0,0.0,0.0,0.0,0,0,0,1,220,0,0,0
TF,BANOL,42.126750,2.846750,0, ,0.0,0.0,0.0,0.0,0,0,0,1,220,0,0,0

STAR,MAMU2K,01,2
IF,MAMUK,41.836750,2.072083, ,0.0,0.0,4,15000,10000,0,0,0,0,0
TF,D258L,41.896167,2.508128,0, ,0.0,0.0,0.0,0.0,3,10000,0,1,250,0,0,0
TF,D258F,41.913783,2.639958,0, ,0.0,0.0,0.0,0.0,0,0,0,0,0,0,0,0
TF,GIR,41.931250,2.771861,0, ,0.0,0.0,0.0,0.0,0,0,0,1,220,0,0,0
TF,OKETA,41.723639,2.996222,0, ,0.0,0.0,0.0,0.0,0,0,0,1,220,0,0,0

STAR,MAMU2L,19,2
IF,MAMUK,41.836750,2.072083, ,0.0,0.0,4,15000,10000,0,0,0,0,0
TF,D258M,41.893217,2.486161,0, ,0.0,0.0,0.0,0.0,3,10000,0,1,250,0,0,0
TF,D258F,41.913783,2.639958,0, ,0.0,0.0,0.0,0.0,0,0,0,0,0,0,0,0
TF,GIR,41.931250,2.771861,0, ,0.0,0.0,0.0,0.0,0,0,0,1,220,0,0,0
TF,BANOL,42.126750,2.846750,0, ,0.0,0.0,0.0,0.0,0,0,0,1,220,0,0,0

APPTR,D01,01,CLE
IF,CLE,41.640028,2.634694, ,0.0,0.0,2,6000,0,0,0,0,1,0
CI,0, ,0.0,31.0,0,0,0,0,0,0,0,0
CF,TISGO,41.706750,2.686111,0,GIR,194.0,14.0,14.0,3.0,2,4200,0,0,0,0,1,0

APPTR,D01,01,GIR
IF,GIR,41.931250,2.771861, ,0.0,0.0,2,5000,0,1,220,0,1,0
FD,GIR,41.931250,2.771861,0,GIR,0.0,14.0,179.0,14.0,0,0,0,0,0,0,0,0
CF,TISGO,41.706750,2.686111,2,GIR,194.0,14.0,14.0,1.0,2,4200,0,0,0,0,1,0

APPTR,D01,01,OKETA
IF,OKETA,41.723639,2.996222, ,0.0,0.0,2,5000,0,0,0,0,1,0
AF,D186P,41.667044,2.722342,2,GIR,186.0,16.0,139.0,0,0,0,0,0,0,0,0
CF,TISGO,41.706750,2.686111,0,GIR,194.0,14.0,14.0,2.0,2,4200,0,0,0,0,1,0

FINAL,D01,01,D,3
IF,TISGO,41.706750,2.686111,GIR,194.0,14.0,2,4200,0,0,0,0,0,0
CF,FD01,41.802944,2.722833,0,GIR,194.0,8.0,14.0,6.0,2,2500,0,0,0,0,2,0
CF,MD01,41.883250,2.753500,0,GIR,194.0,3.0,14.0,5.0,1,720,0,0,0,0,3,0
CF,GIR,41.931250,2.771861,0,GIR,0.0,0.0,14.0,3.0,0,0,0,0,0,0,0,0
FA,GIR,41.931250,2.771861,0,GIR,0.0,0.0,19.0,2,3500,0,0,0,0,0,0
DF,GIR,41.931250,2.771861,2, ,0.0,0.0,1,5000,0,0,0,0,0,0
HM,GIR,41.931250,2.771861,1, ,0.0,0.0,194.0,04.3,2,5000,0,0,0,0,0,0,0

APPTR,D19,19,BANOL
IF,BANOL,42.126750,2.846750, ,0.0,0.0,2,4500,0,0,0,0,1,0
CF,NASGO,42.091611,2.832889,0,GIR,13.8,10.0,194.0,2.2,2,3600,0,0,0,0,1,0

APPTR,D19,19,GIR
IF,GIR,41.931250,2.771861, ,0.0,0.0,2,5600,0,1,220,0,1,0
FD,GIR,41.931250,2.771861,0,GIR,0.0,12.0,32.0,12.0,0,0,0,0,0,0,0,0
CF,NASGO,42.091611,2.832889,1,GIR,13.8,10.0,194.0,2.0,2,3600,0,0,0,0,1,0

FINAL,D19,19,D,3
IF,NASGO,42.091611,2.832889,GIR,13.8,10.0,2,3600,0,0,0,0,0,0
CF,FD19,42.011333,2.802639,0,GIR,14.0,5.0,194.0,5.0,2,2500,0,0,0,0,2,0
CF,GIR,41.931250,2.771861,0,GIR,0.0,0.0,194.0,5.0,1,877,0,0,0,0,3,0
FA,GIR,41.931250,2.771861,0,GIR,0.0,0.0,194.0,2,3500,0,0,0,0,0,0
DF,GIR,41.931250,2.771861,1, ,0.0,0.0,1,5600,0,1,220,0,0,0
HM,GIR,41.931250,2.771861,2, ,0.0,0.0,14.0,04.3,2,5600,0,0,0,0,0,0,0

APPTR,I19-Y,19,BANOL
IF,BANOL,42.126750,2.846750, ,0.0,0.0,2,4500,0,0,0,0,1,0
CF,NASGO,42.091611,2.832889,0,IGN,13.8,12.4,194.0,2.2,2,3600,0,0,0,0,1,0

APPTR,I19-Y,19,GIR
IF,GIR,41.931250,2.771861, ,0.0,0.0,2,5000,0,1,220,0,1,0
FD,GIR,41.931250,2.771861,0,GIR,0.0,12.0,32.0,12.0,0,0,0,0,0,0,0,0
CF,NASGO,42.091611,2.832889,1,IGN,13.8,12.4,194.0,2.0,2,3600,0,0,0,0,1,0

FINAL,I19-Y,19,I,3
IF,NASGO,42.091611,2.832889,IGN,13.8,12.4,2,3600,0,0,0,0,0,0
CF,FI19,42.012278,2.802722,0,IGN,13.8,7.5,194.0,5.0,1,2500,0,0,0,0,2,0
CF,RW19,41.914322,2.765600,0,IGN,13.8,1.4,194.0,6.1,1,523,0,0,0,0,3,0
FA,RW19,41.914322,2.765600,0,GIR,0.0,0.0,193.0,2,3500,0,0,0,0,0,0
DF,GRN,42.024972,2.807222,1, ,0.0,0.0,1,5000,0,0,0,0,0,0
HM,GRN,42.024972,2.807222,1, ,0.0,0.0,194.0,04.3,2,5000,0,0,0,0,0,0,0

APPTR,I19-Z,19,BANOL
IF,BANOL,42.126750,2.846750, ,0.0,0.0,2,4500,0,0,0,0,1,0
CF,NASGO,42.091611,2.832889,0,IGN,13.8,12.4,194.0,2.2,2,3600,0,0,0,0,1,0

APPTR,I19-Z,19,GIR
IF,GIR,41.931250,2.771861, ,0.0,0.0,2,5600,0,1,220,0,1,0
FD,GIR,41.931250,2.771861,0,GIR,0.0,12.0,32.0,12.0,0,0,0,0,0,0,0,0
CF,NASGO,42.091611,2.832889,1,IGN,13.8,12.4,194.0,2.0,2,3600,0,0,0,0,1,0

FINAL,I19-Z,19,I,3
IF,NASGO,42.091611,2.832889,IGN,13.8,12.4,2,3600,0,0,0,0,0,0
CF,FI19,42.012278,2.802722,0,IGN,13.8,7.5,194.0,5.0,1,2500,0,0,0,0,2,0
CF,RW19,41.914322,2.765600,0,IGN,13.8,1.4,194.0,6.1,1,523,0,0,0,0,3,0
FA,RW19,41.914322,2.765600,0,GIR,0.0,0.0,194.0,2,3500,0,0,0,0,0,0
DF,GIR,41.931250,2.771861,1, ,0.0,0.0,1,5600,0,1,220,0,0,0
HM,GIR,41.931250,2.771861,2, ,0.0,0.0,14.0,04.3,2,5600,0,0,0,0,0,0,0

APPTR,L19-Y,19,BANOL
IF,BANOL,42.126750,2.846750, ,0.0,0.0,2,4500,0,0,0,0,1,0
CF,CL19,42.096722,2.834833,0,IGN,13.8,12.7,194.0,1.9,2,3600,0,0,0,0,1,0

APPTR,L19-Y,19,GIR
IF,GIR,41.931250,2.771861, ,0.0,0.0,2,5000,0,1,220,0,1,0
FD,GIR,41.931250,2.771861,0,GIR,0.0,12.0,32.0,12.0,0,0,0,0,0,0,0,0
CF,CL19,42.096722,2.834833,1,IGN,13.8,12.7,194.0,2.0,2,3600,0,0,0,0,1,0

FINAL,L19-Y,19,D,3
IF,CL19,42.096722,2.834833,IGN,13.8,12.7,2,3600,0,0,0,0,0,0
CF,FF19,42.017333,2.804639,0,IGN,13.8,7.8,194.0,5.0,2,2500,0,0,0,0,2,0
CF,GIR,41.931250,2.771861,0,IGN,13.6,2.4,194.0,5.4,1,857,0,0,0,0,3,0
FA,GIR,41.931250,2.771861,0,GIR,0.0,0.0,193.0,2,3500,0,0,0,0,0,0
DF,GRN,42.024972,2.807222,1, ,0.0,0.0,1,5000,0,0,0,0,0,0
HM,GRN,42.024972,2.807222,1, ,0.0,0.0,194.0,04.3,2,5000,0,0,0,0,0,0,0

APPTR,L19-Z,19,BANOL
IF,BANOL,42.126750,2.846750, ,0.0,0.0,2,4500,0,0,0,0,1,0
CF,CL19,42.096722,2.834833,0,IGN,13.8,12.7,194.0,1.9,2,3600,0,0,0,0,1,0

APPTR,L19-Z,19,GIR
IF,GIR,41.931250,2.771861, ,0.0,0.0,2,5600,0,1,220,0,1,0
FD,GIR,41.931250,2.771861,0,GIR,0.0,12.0,32.0,12.0,0,0,0,0,0,0,0,0
CF,CL19,42.096722,2.834833,1,IGN,13.8,12.7,194.0,2.0,2,3600,0,0,0,0,1,0

FINAL,L19-Z,19,D,3
IF,CL19,42.096722,2.834833,IGN,13.8,12.7,2,3600,0,0,0,0,0,0
CF,FF19,42.017333,2.804639,0,IGN,13.8,7.8,194.0,5.0,2,2500,0,0,0,0,2,0
CF,GIR,41.931250,2.771861,0,IGN,13.6,2.4,194.0,5.4,1,857,0,0,0,0,3,0
FA,GIR,41.931250,2.771861,0,GIR,0.0,0.0,194.0,2,3500,0,0,0,0,0,0
DF,GIR,41.931250,2.771861,1, ,0.0,0.0,1,5600,0,1,220,0,0,0
HM,GIR,41.931250,2.771861,2, ,0.0,0.0,14.0,04.3,2,5600,0,0,0,0,0,0,0

APPTR,N19,19,GRN1
IF,GRN,42.024972,2.807222, ,0.0,0.0,2,5000,0,1,210,0,1,0
HF,GRN,42.024972,2.807222,1, ,0.0,0.0,194.0,04.3,2,4200,0,0,0,0,0,0,0

APPTR,N19,19,GRN2
IF,GRN,42.024972,2.807222, ,0.0,0.0,2,5000,0,1,210,0,1,0
HF,GRN,42.024972,2.807222,1, ,0.0,0.0,194.0,04.3,2,4200,0,0,0,0,0,0,0

FINAL,N19,19,N,3
IF,CN19,42.105106,2.838081,GRN,0.0,0.0,2,4200,0,0,0,0,0,0
CF,GRN,42.024972,2.807222,0,GRN,0.0,0.0,194.0,5.0,2,2700,0,0,0,0,2,0
CF,G,41.926389,2.770167,0,GRN,0.0,0.0,194.0,6.1,1,767,0,0,0,0,3,0
FA,G,41.926389,2.770167,0,GIR,0.0,0.0,193.0,2,3500,0,0,0,0,0,0
DF,GRN,42.024972,2.807222,1, ,0.0,0.0,1,5000,0,0,0,0,0,0
HM,GRN,42.024972,2.807222,1, ,0.0,0.0,194.0,04.3,2,5000,0,0,0,0,0,0,0

APPTR,R01-Y,01,OKETA
IF,OKETA,41.723639,2.996222, ,0.0,0.0,2,5000,0,0,0,0,1,0
TF,GE405,41.671111,2.869722,0, ,0.0,0.0,0.0,0.0,2,4000,0,0,0,0,0,0
TF,GE410,41.660639,2.726306,0, ,0.0,0.0,0.0,0.0,2,4000,0,1,240,0,0,0
TF,GE12S,41.707139,2.687472,0, ,0.0,0.0,0.0,0.0,2,3400,0,1,240,0,1,0

FINAL,R01-Y,01,R,3
IF,GE12S,41.707139,2.687472, ,0.0,0.0,2,3400,0,1,240,0,0,0
TF,GE06S,41.793500,2.719972,0, ,0.0,0.0,14.0,5.4,2,2500,0,0,0,0,2,0
TF,RW01,41.894914,2.758258,0, ,0.0,0.0,14.0,6.3,1,452,0,0,0,0,3,1
CF,GE415,41.943056,2.776472,0,GIR,14.3,0.7,14.0,3.0,0,0,0,0,0,0,0,1
CF,GE420,42.128250,2.872000,0,GIR,18.7,12.6,19.0,11.9,0,0,0,1,220,0,0,1
DF,GIR,41.931250,2.771861,2, ,0.0,0.0,2,5000,0,1,220,0,0,1
TF,OKETA,41.723639,2.996222,0, ,0.0,0.0,0.0,0.0,1,5000,0,1,220,0,0,0
HM,OKETA,41.723639,2.996222,1, ,0.0,0.0,251.0,04.3,2,5000,0,0,0,0,0,0,0

APPTR,R01-Z,01,OKETA
IF,OKETA,41.723639,2.996222, ,0.0,0.0,2,5000,0,0,0,0,1,0
TF,GE405,41.671111,2.869722,0, ,0.0,0.0,0.0,0.0,2,4000,0,0,0,0,0,0
TF,GE410,41.660639,2.726306,0, ,0.0,0.0,0.0,0.0,2,4000,0,1,240,0,0,0
TF,GE12S,41.707139,2.687472,0, ,0.0,0.0,0.0,0.0,2,3400,0,1,240,0,1,0

FINAL,R01-Z,01,R,3
IF,GE12S,41.707139,2.687472, ,0.0,0.0,2,3400,0,1,240,0,0,0
TF,GE06S,41.793500,2.719972,0, ,0.0,0.0,14.0,5.4,2,2500,0,0,0,0,2,0
TF,RW01,41.894914,2.758258,0, ,0.0,0.0,14.0,6.3,1,452,0,0,0,0,3,1
CF,GE415,41.943056,2.776472,0,GIR,14.3,0.7,14.0,3.0,0,0,0,0,0,0,0,1
CF,GE420,42.128250,2.872000,0,GIR,18.7,12.6,19.0,11.9,0,0,0,1,220,0,0,1
DF,GIR,41.931250,2.771861,2, ,0.0,0.0,2,5000,0,1,220,0,0,1
TF,OKETA,41.723639,2.996222,0, ,0.0,0.0,0.0,0.0,1,5000,0,1,220,0,0,0
HM,OKETA,41.723639,2.996222,1, ,0.0,0.0,251.0,04.3,2,5000,0,0,0,0,0,0,0

