SID,BLV2A,22,2
VA,0,218.0,2,420,0,0,0,0,0,0
CF,D241C,43.287700,-1.890833,0,SSN,241.0,3.0,227.0,5.0,0,0,0,0,0,0,0,0
TF,D241E,43.272019,-1.931103,0, ,0.0,0.0,0.0,0.0,2,3600,0,0,0,0,0,0
VI,0, ,0.0,299.0,0,0,0,0,0,0,0,0
CF,BLV,43.304194,-2.925361,0,BLV,0.0,0.0,269.0,40.0,0,0,0,0,0,0,0,0

SID,BLV2Z,04,2
CA,0,38.0,2,420,0,0,0,0,0,0
VD, ,0,0,0,HIG,0.0,0.0,23.0,3.0,0,0,0,0,0,0,0,0
CF,D277O,43.417194,-2.133433,1,BTZ,264.0,27.4,264.0,15.0,2,8000,0,1,205,0,0,0
TF,BLV,43.304194,-2.925361,0, ,0.0,0.0,0.0,0.0,0,0,0,0,0,0,0,0

SID,BLV4B,04,2
VA,0,38.0,2,500,0,0,0,0,0,0
CF,D030G,43.411186,-1.747950,0,SSN,30.0,7.0,30.0,3.0,0,0,0,0,0,0,0,1
CF,D264V,43.428128,-1.999336,1,BTZ,264.0,21.5,264.0,9.0,2,4500,0,1,205,0,0,1
CI,0, ,0.0,264.0,0,0,0,0,0,0,0,0
AF,D279L,43.345611,-2.100317,1,SSN,279.0,12.0,304.0,0,0,0,0,0,0,0,0
CF,BLV,43.304194,-2.925361,0,BLV,0.0,0.0,269.0,36.0,0,0,0,0,0,0,0,0

SID,BTZ1B,04,2
VA,0,38.0,2,500,0,0,0,0,0,0
CF,D030G,43.411186,-1.747950,0,SSN,30.0,7.0,30.0,3.0,0,0,0,0,0,0,0,1
CF,BTZ,43.466639,-1.510278,0,BTZ,0.0,0.0,70.0,10.0,0,0,0,1,205,0,0,0

SID,BTZ1Z,04,2
CA,0,38.0,2,420,0,0,0,0,0,0
CD, ,0,0,0,HIG,0,0.0,23.0,3.0,0,0,0,0,0,0,0,0
CF,BTZ,43.466639,-1.510278,0,BTZ,0.0,0.0,70.0,11.0,0,0,0,1,205,0,0,0

SID,BTZ2A,22,2
VA,0,218.0,2,420,0,0,0,0,0,0
CF,D241C,43.287700,-1.890833,0,SSN,241.0,3.0,227.0,5.0,0,0,0,0,0,0,0,0
TF,D241E,43.272019,-1.931103,0, ,0.0,0.0,0.0,0.0,2,3600,0,0,0,0,0,0
CI,0, ,0.0,241.0,0,0,0,0,0,0,0,0
AF,D313H,43.403756,-1.961958,2,SSN,313.0,8.0,241.0,0,0,0,0,0,0,0,0
CF,BTZ,43.466639,-1.510278,0,BTZ,0.0,0.0,81.0,19.0,0,0,0,0,0,0,0,0

SID,CEGA2E,22,2
VA,0,218.0,2,420,0,0,0,0,0,0
CF,D241C,43.287700,-1.890833,0,SSN,241.0,3.0,227.0,5.0,0,0,0,0,0,0,0,0
TF,D241E,43.272019,-1.931103,0, ,0.0,0.0,0.0,0.0,2,3600,0,0,0,0,0,0
VI,0, ,0.0,192.0,0,0,0,0,0,0,0,0
CF,CEGAM,42.983722,-2.236361,0,SSN,221.4,26.5,222.0,18.0,2,10000,0,0,0,0,0,0

SID,CEGA2Y,22,2
CA,0,218.0,2,420,0,0,0,0,0,0
CD, ,0,0,0,HIG,0,0.0,227.0,9.0,2,3600,0,0,0,0,0,0
CF,CEGAM,42.983722,-2.236361,0,SSN,221.4,26.5,218.0,22.0,2,10000,0,0,0,0,0,0

SID,CEGA3D,04,2
VA,0,38.0,2,500,0,0,0,0,0,0
CF,D030G,43.411186,-1.747950,0,SSN,30.0,7.0,30.0,3.0,0,0,0,0,0,0,0,1
CF,D264V,43.428128,-1.999336,1,BTZ,264.0,21.5,264.0,9.0,2,4500,0,1,205,0,0,1
CI,0, ,0.0,264.0,0,0,0,0,0,0,0,0
AF,D232L,43.190597,-2.048733,1,SSN,232.0,12.0,304.0,0,0,0,0,0,0,0,0
CF,CEGAM,42.983722,-2.236361,0,SSN,221.4,26.5,222.0,14.0,2,10000,0,0,0,0,0,0

SID,PPN1B,04,2
VA,0,38.0,2,500,0,0,0,0,0,0
CF,D030G,43.411186,-1.747950,0,SSN,30.0,7.0,30.0,3.0,0,0,0,0,0,0,0,1
CF,D346H,43.438461,-1.870711,1,BTZ,264.0,15.8,264.0,4.0,0,0,0,1,205,0,0,1
FA,D346H,43.438461,-1.870711,0,BTZ,0.0,0.0,264.0,2,4000,0,0,0,0,0,0
DF,SSN,43.311194,-1.830389,1, ,0.0,0.0,2,5500,0,0,0,0,0,0
TF,PPN,42.733750,-1.702000,0, ,0.0,0.0,0.0,0.0,0,0,0,0,0,0,0,0

SID,PPN1C,22,2
VA,0,218.0,2,420,0,0,0,0,0,0
CF,D241C,43.287700,-1.890833,0,SSN,241.0,3.0,227.0,5.0,0,0,0,0,0,0,0,0
TF,D241E,43.272019,-1.931103,0, ,0.0,0.0,0.0,0.0,2,3600,0,0,0,0,0,0
VI,1, ,0.0,131.0,0,0,0,0,0,0,0,0
CF,PPN,42.733750,-1.702000,0,PPN,0.0,0.0,162.0,29.0,0,0,0,0,0,0,0,0

SID,PPN2U,22,5
CA,0,218.0,2,420,0,0,0,0,0,0
CF,SO602,43.243139,-1.960111,0,SSN,233.4,7.0,227.0,9.0,2,4600,0,0,0,0,0,1
TF,DITOP,43.015583,-1.764361,0, ,0.0,0.0,0.0,0.0,2,7500,0,0,0,0,0,0
TF,PPN,42.733750,-1.702000,0, ,0.0,0.0,0.0,0.0,0,0,0,0,0,0,0,0

SID,PPN2W,04,5
CA,0,38.0,2,420,0,0,0,0,0,0
CF,SO412,43.411194,-1.747861,0,SSN,30.0,7.0,28.0,3.0,0,0,0,1,205,0,0,1
DF,SO600,43.466417,-1.956861,1, ,0.0,0.0,0,0,0,1,205,0,0,1
DF,SO601,43.343250,-2.075306,0, ,0.0,0.0,2,6000,0,1,205,0,0,1
TF,SO602,43.243139,-1.960111,0, ,0.0,0.0,0.0,0.0,2,7000,0,1,205,0,0,0
TF,DITOP,43.015583,-1.764361,0, ,0.0,0.0,0.0,0.0,0,0,0,0,0,0,0,0
TF,PPN,42.733750,-1.702000,0, ,0.0,0.0,0.0,0.0,0,0,0,0,0,0,0,0

STAR,SSN1L,ALL,2
IF,SSN,43.311194,-1.830389, ,0.0,0.0,0,0,0,0,0,0,0,0
TF,YESYO,43.451639,-1.992306,0, ,0.0,0.0,0.0,0.0,2,4100,0,0,0,0,0,0

STAR,SSN1T,ALL,5
IF,SSN,43.311194,-1.830389, ,0.0,0.0,2,5500,0,0,0,0,0,0
TF,YESYO,43.451639,-1.992306,0, ,0.0,0.0,0.0,0.0,2,4100,0,0,0,0,0,0

APPTR,D22,22,BTZ
IF,BTZ,43.466639,-1.510278, ,0.0,0.0,2,3000,0,0,0,0,1,0
CF,CD22,43.490778,-1.663917,0,SSN,33.0,13.0,281.0,6.9,2,2000,0,0,0,0,1,0

APPTR,D22,22,OSGOT
IF,OSGOT,43.625000,-1.582472, ,0.0,0.0,2,3000,0,0,0,0,1,0
CI,0, ,0.0,161.0,0,0,0,0,0,0,0,0
CF,CD22,43.490778,-1.663917,0,SSN,33.0,13.0,213.0,9.0,2,2000,0,0,0,0,1,0

APPTR,D22,22,SSN
IF,SSN,43.311194,-1.830389, ,0.0,0.0,2,5200,0,1,220,0,1,0
FD,SSN,43.311194,-1.830389,0,SSN,0.0,5.0,17.0,5.0,2,3800,0,0,0,0,0,0
CD, ,0,0,0,SSN,0,0.0,17.0,13.0,0,0,0,0,0,0,0,0
CF,CD22,43.490778,-1.663917,2,SSN,33.0,13.0,213.0,1.0,2,2000,0,1,220,0,1,0

APPTR,D22,22,YESYO
IF,YESYO,43.451639,-1.992306, ,0.0,0.0,2,4100,0,0,0,0,1,0
CF,D319M,43.477028,-2.021686,0,SSN,319.0,13.0,319.0,2.0,0,0,0,0,0,0,0,0
AF,D339M,43.514786,-1.932228,2,SSN,339.0,13.0,319.0,2,3500,0,0,0,0,0,0
AF,D024M,43.507528,-1.704564,2,SSN,24.0,13.0,339.0,2,2000,0,0,0,0,0,0
AF,CD22,43.490778,-1.663917,2,SSN,33.0,13.0,24.0,2,2000,0,1,185,0,1,0

FINAL,D22,22,D,3
IF,CD22,43.490778,-1.663917,SSN,33.0,13.0,2,2000,0,0,0,0,0,0
CF,FD22,43.421750,-1.728028,0,SSN,33.0,8.0,213.0,5.0,2,1500,0,0,0,0,2,0
CF,MD22,43.380333,-1.766444,0,SSN,33.0,5.0,213.0,3.0,1,519,0,0,0,0,3,0
CF,SSN,43.311194,-1.830389,0,SSN,0.0,0.0,213.0,5.0,0,0,0,0,0,0,0,0
FA,SSN,43.311194,-1.830389,0,SSN,0.0,0.0,233.0,2,3600,0,0,0,0,0,0
DF,SSN,43.311194,-1.830389,2, ,0.0,0.0,1,5200,0,0,0,0,0,0
HM,SSN,43.311194,-1.830389,2, ,0.0,0.0,33.0,06,2,5200,0,1,220,0,0,0,0

APPTR,R04-A,04,YESYO
IF,YESYO,43.451639,-1.992306, ,0.0,0.0,2,4100,0,0,0,0,1,0
TF,SO400,43.387306,-2.097361,0, ,0.0,0.0,0.0,0.0,2,3500,0,1,190,0,0,0
TF,SO401,43.252667,-2.065333,0, ,0.0,0.0,0.0,0.0,2,3500,0,1,190,0,0,0
TF,SO402,43.250583,-1.952250,0, ,0.0,0.0,0.0,0.0,2,2900,0,1,160,0,1,0

FINAL,R04-A,04,R,3
IF,SO402,43.250583,-1.952250, ,0.0,0.0,2,2900,0,1,160,0,0,0
TF,SO06W,43.269389,-1.886389,0, ,0.0,0.0,68.0,3.1,2,2400,0,0,0,0,2,0
TF,RW04,43.351503,-1.796136,0, ,0.0,0.0,38.0,6.3,1,59,0,0,0,0,3,1
CF,SO412,43.411194,-1.747861,0,SSN,30.0,7.0,30.0,4.2,0,0,0,1,190,0,0,1
DF,YESYO,43.451639,-1.992306,1, ,0.0,0.0,1,4100,0,1,190,0,0,0
HM,YESYO,43.451639,-1.992306,1, ,0.0,0.0,319.0,04.3,2,4100,0,1,210,0,0,0,0

APPTR,R22-X,22,BTZ
IF,BTZ,43.466639,-1.510278, ,0.0,0.0,2,3000,0,0,0,0,1,0
TF,SO10E,43.491361,-1.641667,0, ,0.0,0.0,0.0,0.0,2,2500,0,1,190,0,1,0

APPTR,R22-X,22,OSGOT
IF,OSGOT,43.625000,-1.582472, ,0.0,0.0,2,3000,0,0,0,0,1,0
TF,SO10E,43.491361,-1.641667,0, ,0.0,0.0,0.0,0.0,2,2500,0,1,190,0,1,0

APPTR,R22-X,22,YESYO
IF,YESYO,43.451639,-1.992306, ,0.0,0.0,2,4100,0,0,0,0,1,0
TF,SO500,43.551111,-1.743194,0, ,0.0,0.0,0.0,0.0,2,2500,0,1,190,0,0,0
TF,SO10E,43.491361,-1.641667,0, ,0.0,0.0,0.0,0.0,2,2500,0,1,190,0,1,0

FINAL,R22-X,22,R,3
IF,SO10E,43.491361,-1.641667, ,0.0,0.0,2,2500,0,1,190,0,0,0
TF,SO06E,43.437972,-1.700750,0, ,0.0,0.0,218.0,4.1,2,2100,0,0,0,0,2,0
TF,RW22,43.361519,-1.785106,0, ,0.0,0.0,218.0,5.9,1,63,0,0,0,0,3,1
CF,SO521,43.309528,-1.842306,0,SSN,258.2,0.5,218.0,4.0,0,0,0,0,0,0,0,1
DF,SO522,43.249278,-1.951583,0, ,0.0,0.0,0,0,0,1,190,0,0,1
DF,YESYO,43.451639,-1.992306,2, ,0.0,0.0,1,4100,0,1,190,0,0,0
HM,YESYO,43.451639,-1.992306,1, ,0.0,0.0,319.0,04.3,2,4100,0,1,210,0,0,0,0

APPTR,R22-Y,22,BTZ
IF,BTZ,43.466639,-1.510278, ,0.0,0.0,2,3000,0,0,0,0,1,0
TF,SO10E,43.491361,-1.641667,0, ,0.0,0.0,0.0,0.0,2,2500,0,1,190,0,1,0

APPTR,R22-Y,22,OSGOT
IF,OSGOT,43.625000,-1.582472, ,0.0,0.0,2,3000,0,0,0,0,1,0
TF,SO10E,43.491361,-1.641667,0, ,0.0,0.0,0.0,0.0,2,2500,0,1,190,0,1,0

APPTR,R22-Y,22,YESYO
IF,YESYO,43.451639,-1.992306, ,0.0,0.0,2,4100,0,0,0,0,1,0
TF,SO500,43.551111,-1.743194,0, ,0.0,0.0,0.0,0.0,2,2500,0,1,190,0,0,0
TF,SO10E,43.491361,-1.641667,0, ,0.0,0.0,0.0,0.0,2,2500,0,1,190,0,1,0

FINAL,R22-Y,22,R,3
IF,SO10E,43.491361,-1.641667, ,0.0,0.0,2,2500,0,1,190,0,0,0
TF,SO06E,43.437972,-1.700750,0, ,0.0,0.0,218.0,4.1,2,2100,0,0,0,0,2,0
TF,SO02E,43.387500,-1.756472,0, ,0.0,0.0,218.0,3.9,1,756,0,1,160,0,3,1
CF,SO510,43.405361,-2.033056,0,SSN,301.6,10.5,276.0,12.2,2,2900,0,1,160,0,0,1
DF,YESYO,43.451639,-1.992306,2, ,0.0,0.0,1,4100,0,1,160,0,0,0
HM,YESYO,43.451639,-1.992306,1, ,0.0,0.0,319.0,04.3,2,4100,0,1,210,0,0,0,0

APPTR,R22-Z,22,BTZ
IF,BTZ,43.466639,-1.510278, ,0.0,0.0,2,3000,0,0,0,0,1,0
TF,SO10E,43.491361,-1.641667,0, ,0.0,0.0,0.0,0.0,2,2500,0,1,190,0,1,0

APPTR,R22-Z,22,OSGOT
IF,OSGOT,43.625000,-1.582472, ,0.0,0.0,2,3000,0,0,0,0,1,0
TF,SO10E,43.491361,-1.641667,0, ,0.0,0.0,0.0,0.0,2,2500,0,1,190,0,1,0

APPTR,R22-Z,22,YESYO
IF,YESYO,43.451639,-1.992306, ,0.0,0.0,2,4100,0,0,0,0,1,0
TF,SO500,43.551111,-1.743194,0, ,0.0,0.0,0.0,0.0,0,0,0,1,190,0,0,0
TF,SO10E,43.491361,-1.641667,0, ,0.0,0.0,0.0,0.0,2,2500,0,1,190,0,1,0

FINAL,R22-Z,22,R,3
IF,SO10E,43.491361,-1.641667, ,0.0,0.0,2,2500,0,1,190,0,0,0
TF,SO63E,43.443194,-1.694972,0, ,0.0,0.0,218.0,3.7,2,2100,0,0,0,0,2,0
TF,RW22,43.361519,-1.785106,0, ,0.0,0.0,218.0,6.3,1,63,0,0,0,0,3,1
CF,SO525,43.296528,-1.856611,0,SSN,231.6,1.5,218.0,5.0,0,0,0,0,0,0,0,1
DF,SO522,43.249278,-1.951583,0, ,0.0,0.0,0,0,0,0,0,0,0,1
DF,YESYO,43.451639,-1.992306,2, ,0.0,0.0,1,4100,0,1,190,0,0,0
HM,YESYO,43.451639,-1.992306,1, ,0.0,0.0,319.0,04.3,2,4100,0,1,210,0,0,0,0

