SID,DEMO2A,17,2
CD, ,0,0,0,STG,0,0.0,167.0,7.0,2,2300,0,1,220,0,0,0
VI,0, ,0.0,254.0,0,0,0,0,0,0,0,0
CF,DEMOS,41.925694,-9.362000,0,STG,216.0,73.1,216.0,61.0,2,10000,0,0,0,0,0,0

SID,DEMO3B,35,2
CF,STG,42.926861,-8.425389,0,STG,0.0,0.0,347.0,2.0,0,0,0,0,0,0,0,1
CD, ,0,0,0,STG,0,0.0,347.0,2.6,2,2100,0,1,220,0,0,0
VI,1, ,0.0,164.0,0,0,0,0,0,0,0,0
CF,DEMOS,41.925694,-9.362000,0,STG,216.0,73.1,216.0,69.0,2,10000,0,0,0,0,0,0

SID,FORN2A,17,2
CD, ,0,0,0,STG,0,0.0,167.0,5.0,2,1800,0,1,220,0,0,0
VI,0, ,0.0,84.0,0,0,0,0,0,0,0,0
CF,FORNO,42.468111,-7.481472,0,STG,124.1,50.0,124.0,42.0,2,10000,0,0,0,0,0,0

SID,FORN3B,35,2
CF,STG,42.926861,-8.425389,0,STG,0.0,0.0,347.0,2.0,0,0,0,0,0,0,0,1
CD, ,0,0,0,STG,0,0.0,347.0,2.6,2,2100,0,1,220,0,0,0
VI,2, ,0.0,164.0,0,0,0,0,0,0,0,0
CF,FORNO,42.468111,-7.481472,0,STG,124.1,50.0,124.0,44.0,2,10000,0,0,0,0,0,0

SID,KORA2A,17,2
CD, ,0,0,0,STG,0,0.0,167.0,5.0,2,1800,0,1,220,0,0,0
VI,1, ,0.0,344.0,0,0,0,0,0,0,0,0
CF,KORAV,43.653111,-7.865583,0,STG,30.2,50.0,30.0,47.0,2,10000,0,0,0,0,0,0

SID,KORA3B,35,2
CF,STG,42.926861,-8.425389,0,STG,0.0,0.0,347.0,2.0,0,0,0,0,0,0,0,1
CD, ,0,0,0,STG,0,0.0,347.0,2.6,2,2100,0,1,220,0,0,0
VI,0, ,0.0,75.0,0,0,0,1,220,0,0,0
CF,KORAV,43.653111,-7.865583,0,STG,30.2,50.0,30.0,44.0,2,10000,0,0,0,0,0,0

SID,MEGA2A,17,2
CD, ,0,0,0,STG,0,0.0,167.0,5.0,2,1800,0,1,220,0,0,0
VI,1, ,0.0,344.0,0,0,0,0,0,0,0,0
CF,MEGAT,43.498861,-7.596472,0,STG,47.4,50.0,47.0,47.0,2,10000,0,0,0,0,0,0

SID,MEGA3B,35,2
CF,STG,42.926861,-8.425389,0,STG,0.0,0.0,347.0,2.0,0,0,0,0,0,0,0,1
CD, ,0,0,0,STG,0,0.0,347.0,2.6,2,2100,0,1,220,0,0,0
VI,2, ,0.0,84.0,0,0,0,0,0,0,0,0
CF,MEGAT,43.498861,-7.596472,0,STG,47.4,50.0,47.0,42.0,2,10000,0,0,0,0,0,0

SID,ROXE2A,17,2
CD, ,0,0,0,STG,0,0.0,167.0,5.0,2,1800,0,1,220,0,0,0
VI,1, ,0.0,15.0,0,0,0,0,0,0,0,0
CF,ROXER,43.213000,-7.357556,0,STG,70.6,50.0,71.0,44.0,2,10000,0,0,0,0,0,0

SID,ROXE3B,35,2
CF,STG,42.926861,-8.425389,0,STG,0.0,0.0,347.0,2.0,0,0,0,0,0,0,0,1
CD, ,0,0,0,STG,0,0.0,347.0,2.6,2,2100,0,1,220,0,0,0
VI,2, ,0.0,110.0,0,0,0,0,0,0,0,0
CF,ROXER,43.213000,-7.357556,0,STG,70.6,50.0,71.0,43.0,2,10000,0,0,0,0,0,0

STAR,FORN1F,35,5
IF,FORNO,42.468111,-7.481472, ,0.0,0.0,2,11500,0,0,0,0,0,0
TF,ST400,42.502611,-7.655528,0, ,0.0,0.0,0.0,0.0,2,11500,0,0,0,0,0,0
TF,ST401,42.585639,-8.080611,0, ,0.0,0.0,0.0,0.0,2,8500,0,0,0,0,0,0
TF,NOLMU,42.634278,-8.333917,0, ,0.0,0.0,0.0,0.0,2,5500,0,0,0,0,0,0

STAR,FORN1G,ALL,2
IF,FORNO,42.468111,-7.481472, ,0.0,0.0,2,11500,0,0,0,0,0,0
TF,XEBIK,42.753722,-8.064750,0, ,0.0,0.0,0.0,0.0,0,0,0,0,0,0,0,0
TF,D124O,42.790319,-8.140617,0, ,0.0,0.0,0.0,0.0,0,0,0,0,0,0,0,0
TF,STG,42.926861,-8.425389,0, ,0.0,0.0,0.0,0.0,0,0,0,0,0,0,0,0

STAR,KORA2G,ALL,2
IF,KORAV,43.653111,-7.865583, ,0.0,0.0,2,10000,0,0,0,0,0,0
TF,BERAX,43.252056,-8.176667,0, ,0.0,0.0,0.0,0.0,0,0,0,0,0,0,0,0
TF,STG,42.926861,-8.425389,0, ,0.0,0.0,0.0,0.0,0,0,0,0,0,0,0,0

STAR,LOMD2G,ALL,2
IF,LOMDA,42.852806,-7.296028, ,0.0,0.0,2,12000,0,0,0,0,0,0
TF,STG,42.926861,-8.425389,0, ,0.0,0.0,0.0,0.0,0,0,0,0,0,0,0,0

STAR,MEGA2G,ALL,2
IF,MEGAT,43.498861,-7.596472, ,0.0,0.0,2,10000,0,0,0,0,0,0
TF,D047T,43.156386,-8.095681,0, ,0.0,0.0,0.0,0.0,0,0,0,0,0,0,0,0
TF,STG,42.926861,-8.425389,0, ,0.0,0.0,0.0,0.0,0,0,0,0,0,0,0,0

STAR,ROXE2G,ALL,2
IF,ROXER,43.213000,-7.357556, ,0.0,0.0,2,10000,0,0,0,0,0,0
TF,D071T,43.042514,-7.999442,0, ,0.0,0.0,0.0,0.0,0,0,0,0,0,0,0,0
TF,STG,42.926861,-8.425389,0, ,0.0,0.0,0.0,0.0,0,0,0,0,0,0,0,0

STAR,TURO2G,ALL,2
IF,TURON,42.067917,-8.563417, ,0.0,0.0,2,10000,0,0,0,0,0,0
TF,STG,42.926861,-8.425389,0, ,0.0,0.0,0.0,0.0,0,0,0,0,0,0,0,0

APPTR,D17,17,STG1
IF,STG,42.926861,-8.425389, ,0.0,0.0,2,4000,0,0,0,0,1,0
CF,D348E,43.008075,-8.450936,0,STG,348.0,5.0,348.0,5.0,0,0,0,0,0,0,0,0
FD,D348E,43.008075,-8.450936,0,STG,348.0,10.0,303.0,10.0,0,0,0,1,220,0,0,0
CF,CD17,43.089111,-8.476500,2,STG,348.0,10.0,123.0,3.0,2,3500,0,0,0,0,1,0

APPTR,D17,17,STG2
IF,STG,42.926861,-8.425389, ,0.0,0.0,2,4000,0,0,0,0,1,0
CF,D348H,43.056803,-8.466300,0,STG,348.0,8.0,348.0,8.0,0,0,0,0,0,0,0,0
FD,D348H,43.056803,-8.466300,0,STG,348.0,10.0,303.0,10.0,0,0,0,0,0,0,0,0
CF,CD17,43.089111,-8.476500,2,STG,348.0,10.0,123.0,2.0,2,3500,0,0,0,0,1,0

FINAL,D17,17,D,3
IF,CD17,43.089111,-8.476500,STG,348.0,10.0,2,3500,0,0,0,0,0,0
CF,FD17,43.004972,-8.449944,0,STG,348.0,4.8,168.0,5.2,2,3100,0,0,0,0,2,0
CF,STG,42.926861,-8.425389,0,STG,0.0,0.0,168.0,4.8,1,1551,0,0,0,0,3,0
FD,STG,42.926861,-8.425389,0,STG,0.0,8.0,168.0,8.0,0,0,0,0,0,0,0,0
DF,STG,42.926861,-8.425389,1, ,0.0,0.0,1,4000,0,1,220,0,0,0
HM,STG,42.926861,-8.425389,2, ,0.0,0.0,347.0,04.3,2,4000,0,0,0,0,0,0,0

APPTR,D35,35,NOLMU
IF,NOLMU,42.634278,-8.333917, ,0.0,0.0,2,5500,0,0,0,0,1,0
CF,CD35,42.715500,-8.359222,0,STG,168.0,13.0,348.0,5.0,2,4000,0,0,0,0,1,0

APPTR,D35,35,STG1
IF,STG,42.926861,-8.425389, ,0.0,0.0,2,4000,0,0,0,0,1,0
CF,FD35,42.796750,-8.384583,0,STG,168.0,8.0,168.0,8.0,0,0,0,0,0,0,0,0
FD,FD35,42.796750,-8.384583,0,STG,168.0,12.0,213.0,12.0,0,0,0,1,210,0,0,0
CF,CD35,42.715500,-8.359222,1,STG,168.0,13.0,33.0,2.0,2,4000,0,0,0,0,1,0

APPTR,D35,35,STG2
IF,STG,42.926861,-8.425389, ,0.0,0.0,2,4000,0,0,0,0,1,0
CF,D168J,42.764408,-8.374489,0,STG,168.0,10.0,168.0,10.0,0,0,0,0,0,0,0,0
FD,D168J,42.764408,-8.374489,0,STG,168.0,12.0,213.0,12.0,0,0,0,0,0,0,0,0
CF,CD35,42.715500,-8.359222,1,STG,168.0,13.0,33.0,2.0,2,4000,0,0,0,0,1,0

APPTR,D35,35,XEBIK
IF,XEBIK,42.753722,-8.064750, ,0.0,0.0,2,5500,0,0,0,0,1,0
CF,D124Q,42.772061,-8.102742,0,STG,124.0,17.0,304.0,2.0,0,0,0,0,0,0,0,0
CI,0, ,0.0,304.0,0,0,0,0,0,0,0,0
AF,D139O,42.740794,-8.198372,2,STG,139.0,15.0,124.0,2,4500,0,0,0,0,0,0
AF,D157O,42.698325,-8.287489,2,STG,157.0,15.0,139.0,2,4000,0,0,0,0,0,0
AF,D168O,42.683172,-8.349139,2,STG,168.0,15.0,157.0,2,4000,0,0,0,0,0,0
CF,CD35,42.715500,-8.359222,0,STG,168.0,13.0,348.0,2.0,2,4000,0,0,0,0,1,0

FINAL,D35,35,D,3
IF,CD35,42.715500,-8.359222,STG,168.0,13.0,2,4000,0,0,0,0,0,0
CF,FD35,42.796750,-8.384583,0,STG,168.0,8.0,348.0,5.0,2,3000,0,0,0,0,2,0
CF,MD35,42.877972,-8.410028,0,STG,168.0,3.0,348.0,5.0,1,1402,0,0,0,0,3,0
CF,STG,42.926861,-8.425389,0,STG,0.0,0.0,347.0,3.0,0,0,0,0,0,0,0,0
FD,STG,42.926861,-8.425389,0,STG,0.0,5.0,347.0,5.0,0,0,0,0,0,0,0,0
DF,STG,42.926861,-8.425389,1, ,0.0,0.0,1,4000,0,1,240,0,0,0
HM,STG,42.926861,-8.425389,2, ,0.0,0.0,167.0,04.3,2,4000,0,0,0,0,0,0,0

FINAL,I17-Y,17,I,3
IF,CF17Y,43.069103,-8.473306,IGO,347.1,11.6,2,3200,0,0,0,0,0,0
CF,FF17,43.004417,-8.451444,0,IGO,347.2,7.6,167.0,4.0,1,3100,0,0,0,0,2,0
CF,RW17,42.910753,-8.419978,0,IGO,347.1,1.8,167.0,5.8,1,1227,0,0,0,0,3,0
FA,RW17,42.910753,-8.419978,0,STG,0.0,0.0,167.0,2,2800,0,0,0,0,0,0
DF,SO,42.969111,-8.439667,1, ,0.0,0.0,1,4000,0,1,220,0,0,0
HM,SO,42.969111,-8.439667,2, ,0.0,0.0,167.0,04.3,2,4000,0,0,0,0,0,0,0

APPTR,I17-Z,17,STG1
IF,STG,42.926861,-8.425389, ,0.0,0.0,2,4000,0,0,0,0,1,0
CF,FF17,43.004417,-8.451444,0,STG,347.2,4.8,347.0,4.8,0,0,0,0,0,0,0,0
FD,FF17,43.004417,-8.451444,0,STG,347.2,10.0,302.0,10.0,0,0,0,1,220,0,0,0
CF,CF17Z,43.088778,-8.479861,2,IGO,347.2,12.8,122.0,3.0,2,3500,0,0,0,0,1,0

APPTR,I17-Z,17,STG2
IF,STG,42.926861,-8.425389, ,0.0,0.0,2,4000,0,0,0,0,1,0
CF,D347H,43.056258,-8.469386,0,STG,347.0,8.0,347.0,8.0,0,0,0,0,0,0,0,0
FD,D347H,43.056258,-8.469386,0,STG,347.0,10.0,302.0,10.0,0,0,0,0,0,0,0,0
CF,CF17Z,43.088778,-8.479861,2,IGO,347.2,12.8,122.0,2.0,2,3500,0,0,0,0,1,0

FINAL,I17-Z,17,I,3
IF,CF17Z,43.088778,-8.479861,IGO,347.2,12.8,2,3500,0,0,0,0,0,0
CF,FF17,43.004417,-8.451444,0,IGO,347.2,7.6,167.0,5.2,1,3100,0,0,0,0,2,0
CF,RW17,42.910753,-8.419978,0,IGO,347.1,1.8,167.0,5.8,1,1227,0,0,0,0,3,0
CF,D167H,42.797286,-8.381936,0,STG,167.1,8.0,167.0,7.0,0,0,0,0,0,0,0,1
DF,STG,42.926861,-8.425389,1, ,0.0,0.0,1,4000,0,1,220,0,0,0
HM,STG,42.926861,-8.425389,2, ,0.0,0.0,347.0,04.3,2,4000,0,0,0,0,0,0,0

APPTR,I35-Y,35,SO1
IF,SO,42.969111,-8.439667, ,0.0,0.0,2,4000,0,0,0,0,1,0
CF,FF35,42.798139,-8.382278,0,STG,167.1,8.0,167.0,10.6,0,0,0,0,0,0,0,0
FC,FF35,42.798139,-8.382278,0,STG,0.0,0.0,212.0,5.0,0,0,0,1,210,0,0,1
CF,CF35,42.716278,-8.354944,1,ISO,167.2,12.2,32.0,2.0,2,4000,0,0,0,0,1,0

APPTR,I35-Y,35,SO2
IF,SO,42.969111,-8.439667, ,0.0,0.0,2,4000,0,0,0,0,1,0
CF,D167J,42.765086,-8.370647,0,STG,167.0,10.0,167.0,12.6,0,0,0,0,0,0,0,0
FC,D167J,42.765086,-8.370647,0,STG,0.0,0.0,212.0,3.0,0,0,0,0,0,0,0,1
CF,CF35,42.716278,-8.354944,1,ISO,167.2,12.2,32.0,2.0,2,4000,0,0,0,0,1,0

FINAL,I35-Y,35,I,3
IF,CF35,42.716278,-8.354944,ISO,167.2,12.2,2,4000,0,0,0,0,0,0
CF,FF35,42.798139,-8.382278,0,ISO,167.2,7.1,347.0,5.1,1,3000,0,0,0,0,2,0
CF,RW35,42.885136,-8.411389,0,ISO,167.2,1.7,347.0,5.4,1,1262,0,0,0,0,3,0
CF,SO,42.969111,-8.439667,0,STG,347.1,2.6,347.0,5.2,0,0,0,0,0,0,0,0
CF,D347G,43.004100,-8.451336,0,STG,347.2,4.8,347.0,2.2,0,0,0,0,0,0,0,1
DF,SO,42.969111,-8.439667,1, ,0.0,0.0,1,4000,0,1,240,0,0,0
HM,SO,42.969111,-8.439667,2, ,0.0,0.0,167.0,04.3,2,4000,0,0,0,0,0,0,0

APPTR,I35-Z,35,NOLMU
IF,NOLMU,42.634278,-8.333917, ,0.0,0.0,2,5500,0,0,0,0,1,0
CF,CF35,42.716278,-8.354944,0,ISO,167.2,12.2,348.0,5.0,2,4000,0,0,0,0,1,0

APPTR,I35-Z,35,STG1
IF,STG,42.926861,-8.425389, ,0.0,0.0,2,4000,0,0,0,0,1,0
CF,STG08,42.797442,-8.381572,0,STG,167.0,8.0,167.0,8.0,0,0,0,0,0,0,0,0
FD,STG08,42.797442,-8.381572,0,STG,167.0,12.0,212.0,12.0,0,0,0,1,210,0,0,0
CF,CF35,42.716278,-8.354944,1,ISO,167.2,12.2,32.0,2.0,2,4000,0,0,0,0,1,0

APPTR,I35-Z,35,STG2
IF,STG,42.926861,-8.425389, ,0.0,0.0,2,4000,0,0,0,0,1,0
CF,D167J,42.765086,-8.370647,0,STG,167.0,10.0,167.0,10.0,0,0,0,0,0,0,0,0
FD,D167J,42.765086,-8.370647,0,STG,167.0,12.0,212.0,12.0,0,0,0,0,0,0,0,0
CF,CF35,42.716278,-8.354944,1,ISO,167.2,12.2,32.0,2.0,2,4000,0,0,0,0,1,0

APPTR,I35-Z,35,XEBIK
IF,XEBIK,42.753722,-8.064750, ,0.0,0.0,2,5500,0,0,0,0,1,0
CF,D124Q,42.772061,-8.102742,0,STG,124.0,17.0,304.0,2.0,0,0,0,0,0,0,0,0
CI,0, ,0.0,304.0,0,0,0,0,0,0,0,0
AF,D139O,42.740794,-8.198372,2,STG,139.0,15.0,124.0,2,4500,0,0,0,0,0,0
AF,D157O,42.698325,-8.287489,2,STG,157.0,15.0,139.0,2,4000,0,0,0,0,0,0
AF,D167O,42.683825,-8.344147,2,STG,167.1,15.0,157.0,0,0,0,0,0,0,0,0
CF,CF35,42.716278,-8.354944,0,ISO,167.2,12.2,347.0,2.0,2,4000,0,0,0,0,1,0

FINAL,I35-Z,35,I,3
IF,CF35,42.716278,-8.354944,ISO,167.2,12.2,2,4000,0,0,0,0,0,0
CF,FF35,42.798139,-8.382278,0,ISO,167.2,7.1,347.0,5.1,1,3000,0,0,0,0,2,0
CF,RW35,42.885136,-8.411389,0,ISO,167.2,1.7,347.0,5.4,1,1262,0,0,0,0,3,0
CF,STG,42.926861,-8.425389,0,STG,0.0,0.0,347.0,2.6,0,0,0,0,0,0,0,0
FD,STG,42.926861,-8.425389,0,STG,0.0,5.0,347.0,5.0,0,0,0,0,0,0,0,0
DF,STG,42.926861,-8.425389,1, ,0.0,0.0,1,4000,0,1,240,0,0,0
HM,STG,42.926861,-8.425389,2, ,0.0,0.0,167.0,04.3,2,4000,0,0,0,0,0,0,0

FINAL,L17-Y,17,D,3
IF,CF17Y,43.069103,-8.473306,IGO,347.1,11.6,2,3200,0,0,0,0,0,0
CF,FF17,43.004417,-8.451444,0,IGO,347.2,7.6,167.0,4.0,2,3100,0,0,0,0,2,0
CF,MA17,42.920472,-8.423222,0,IGO,347.2,2.4,167.0,5.2,1,1422,0,0,0,0,3,0
FA,MA17,42.920472,-8.423222,0,STG,0.0,0.0,167.0,2,2800,0,0,0,0,0,0
DF,SO,42.969111,-8.439667,1, ,0.0,0.0,1,4000,0,1,220,0,0,0
HM,SO,42.969111,-8.439667,2, ,0.0,0.0,167.0,04.3,2,4000,0,0,0,0,0,0,0

APPTR,L17-Z,17,STG1
IF,STG,42.926861,-8.425389, ,0.0,0.0,2,4000,0,0,0,0,1,0
CF,FF17,43.004417,-8.451444,0,STG,347.2,4.8,347.0,4.8,0,0,0,0,0,0,0,0
FD,FF17,43.004417,-8.451444,0,STG,347.2,10.0,302.0,10.0,0,0,0,1,220,0,0,0
CF,CF17Z,43.088778,-8.479861,2,IGO,347.2,12.8,122.0,3.0,2,3500,0,0,0,0,1,0

APPTR,L17-Z,17,STG2
IF,STG,42.926861,-8.425389, ,0.0,0.0,2,4000,0,0,0,0,1,0
CF,D347H,43.056258,-8.469386,0,STG,347.0,8.0,347.0,8.0,0,0,0,0,0,0,0,0
FD,D347H,43.056258,-8.469386,0,STG,347.0,10.0,302.0,10.0,0,0,0,0,0,0,0,0
CF,CF17Z,43.088778,-8.479861,2,IGO,347.2,12.8,122.0,2.0,2,3500,0,0,0,0,1,0

FINAL,L17-Z,17,D,3
IF,CF17Z,43.088778,-8.479861,IGO,347.2,12.8,2,3500,0,0,0,0,0,0
CF,FF17,43.004417,-8.451444,0,IGO,347.2,7.6,167.0,5.2,2,3100,0,0,0,0,2,0
CF,MA17,42.920472,-8.423222,0,IGO,347.2,2.4,167.0,5.2,1,1422,0,0,0,0,3,0
CF,D167H,42.797286,-8.381936,0,STG,167.1,8.0,167.0,7.6,0,0,0,0,0,0,0,1
DF,STG,42.926861,-8.425389,1, ,0.0,0.0,1,4000,0,1,220,0,0,0
HM,STG,42.926861,-8.425389,2, ,0.0,0.0,347.0,04.3,2,4000,0,0,0,0,0,0,0

APPTR,L35-Y,35,SO1
IF,SO,42.969111,-8.439667, ,0.0,0.0,2,4000,0,0,0,0,1,0
CF,FF35,42.798139,-8.382278,0,STG,167.1,8.0,167.0,10.6,0,0,0,0,0,0,0,0
FC,FF35,42.798139,-8.382278,0,STG,0.0,0.0,212.0,5.0,0,0,0,1,210,0,0,1
CF,CF35,42.716278,-8.354944,1,ISO,167.2,12.2,32.0,2.0,2,4000,0,0,0,0,1,0

APPTR,L35-Y,35,SO2
IF,SO,42.969111,-8.439667, ,0.0,0.0,2,4000,0,0,0,0,1,0
CF,D167J,42.765086,-8.370647,0,STG,167.0,10.0,167.0,12.6,0,0,0,0,0,0,0,0
FC,D167J,42.765086,-8.370647,0,STG,0.0,0.0,212.0,3.0,0,0,0,0,0,0,0,1
CF,CF35,42.716278,-8.354944,1,ISO,167.2,12.2,32.0,2.0,2,4000,0,0,0,0,1,0

FINAL,L35-Y,35,D,3
IF,CF35,42.716278,-8.354944,ISO,167.2,12.2,2,4000,0,0,0,0,0,0
CF,FF35,42.798139,-8.382278,0,ISO,167.2,7.1,347.0,5.1,2,3000,0,0,0,0,2,0
CF,MA35,42.868944,-8.405972,0,ISO,167.2,2.7,347.0,4.4,1,1588,0,0,0,0,3,0
CF,SO,42.969111,-8.439667,0,STG,347.1,2.6,347.0,6.2,0,0,0,0,0,0,0,0
CF,D347G,43.004100,-8.451336,0,STG,347.2,4.8,347.0,2.2,0,0,0,0,0,0,0,1
DF,SO,42.969111,-8.439667,1, ,0.0,0.0,1,4000,0,1,240,0,0,0
HM,SO,42.969111,-8.439667,2, ,0.0,0.0,167.0,04.3,2,4000,0,0,0,0,0,0,0

APPTR,L35-Z,35,NOLMU
IF,NOLMU,42.634278,-8.333917, ,0.0,0.0,2,5500,0,0,0,0,1,0
CF,CF35,42.716278,-8.354944,0,ISO,167.2,12.2,348.0,5.0,2,4000,0,0,0,0,1,0

APPTR,L35-Z,35,STG1
IF,STG,42.926861,-8.425389, ,0.0,0.0,2,4000,0,0,0,0,1,0
CF,STG08,42.797442,-8.381572,0,STG,167.0,8.0,167.0,8.0,0,0,0,0,0,0,0,0
FD,STG08,42.797442,-8.381572,0,STG,167.0,12.0,212.0,12.0,0,0,0,1,210,0,0,0
CF,CF35,42.716278,-8.354944,1,ISO,167.2,12.2,32.0,2.0,2,4000,0,0,0,0,1,0

APPTR,L35-Z,35,STG2
IF,STG,42.926861,-8.425389, ,0.0,0.0,2,4000,0,0,0,0,1,0
CF,D167J,42.765086,-8.370647,0,STG,167.0,10.0,167.0,10.0,0,0,0,0,0,0,0,0
FD,D167J,42.765086,-8.370647,0,STG,167.0,12.0,212.0,12.0,0,0,0,0,0,0,0,0
CF,CF35,42.716278,-8.354944,1,ISO,167.2,12.2,32.0,2.0,2,4000,0,0,0,0,1,0

APPTR,L35-Z,35,XEBIK
IF,XEBIK,42.753722,-8.064750, ,0.0,0.0,2,5500,0,0,0,0,1,0
CF,D124Q,42.772061,-8.102742,0,STG,124.0,17.0,304.0,2.0,0,0,0,0,0,0,0,0
CI,0, ,0.0,304.0,0,0,0,0,0,0,0,0
AF,D139O,42.740794,-8.198372,2,STG,139.0,15.0,124.0,2,4500,0,0,0,0,0,0
AF,D157O,42.698325,-8.287489,2,STG,157.0,15.0,139.0,2,4000,0,0,0,0,0,0
AF,D167O,42.683825,-8.344147,2,STG,167.1,15.0,157.0,0,0,0,0,0,0,0,0
CF,CF35,42.716278,-8.354944,0,ISO,167.2,12.2,347.0,2.0,2,4000,0,0,0,0,1,0

FINAL,L35-Z,35,D,3
IF,CF35,42.716278,-8.354944,ISO,167.2,12.2,2,4000,0,0,0,0,0,0
CF,FF35,42.798139,-8.382278,0,ISO,167.2,7.1,347.0,5.1,2,3000,0,0,0,0,2,0
CF,MA35,42.868944,-8.405972,0,ISO,167.2,2.7,347.0,4.4,1,1588,0,0,0,0,3,0
CF,STG,42.926861,-8.425389,0,STG,0.0,0.0,347.0,3.6,0,0,0,0,0,0,0,0
FD,STG,42.926861,-8.425389,0,STG,0.0,5.0,347.0,5.0,0,0,0,0,0,0,0,0
DF,STG,42.926861,-8.425389,1, ,0.0,0.0,1,4000,0,1,240,0,0,0
HM,STG,42.926861,-8.425389,2, ,0.0,0.0,167.0,04.3,2,4000,0,0,0,0,0,0,0

