SID,BLV6R,29,2
DF,SNR,43.449778,-3.902417,0, ,0.0,0.0,0,0,0,0,0,0,0,0
VI,2, ,0.0,123.0,0,0,0,1,215,0,0,0
CF,D070R,43.549492,-3.523383,0,SNR,70.0,17.6,70.0,13.0,0,0,0,0,0,0,0,0
CF,KUTEL,43.480889,-3.357556,0,BLV,298.4,21.7,119.0,8.0,0,0,0,0,0,0,0,0
TF,BLV,43.304194,-2.925361,0, ,0.0,0.0,0.0,0.0,0,0,0,0,0,0,0,0

SID,CALC7J,11,2
CF,LORTU,43.398306,-3.709083,0,SNR,110.0,9.0,110.0,5.0,0,0,0,0,0,0,0,1
CF,CALCE,43.362722,-3.316667,0,SNR,101.3,26.2,101.0,16.0,2,10000,0,0,0,0,0,0

SID,OBET3D,11,2
CF,LORTU,43.398306,-3.709083,0,SNR,110.0,9.0,110.0,5.0,0,0,0,0,0,0,0,1
CF,SNR,43.449778,-3.902417,1,SNR,0.0,0.0,263.0,9.0,2,5000,0,0,0,0,0,0
TF,OBETO,43.476250,-4.333333,0, ,0.0,0.0,0.0,0.0,0,0,0,0,0,0,0,0

SID,OBET4C,29,2
DF,SNR,43.449778,-3.902417,0, ,0.0,0.0,0,0,0,0,0,0,0,0
TF,OBETO,43.476250,-4.333333,0, ,0.0,0.0,0.0,0.0,2,8000,0,0,0,0,0,0

SID,TITA4C,11,2
CF,LORTU,43.398306,-3.709083,0,SNR,110.0,9.0,110.0,5.0,0,0,0,0,0,0,0,0
CI,0, ,0.0,110.0,0,0,0,0,0,0,0,0
AF,D172K,43.268186,-3.867492,2,SNR,172.0,11.0,110.0,0,0,0,0,0,0,0,0
CF,KURUK,43.234111,-3.933417,0,SNR,186.0,13.0,186.0,2.0,2,6000,0,0,0,0,0,0
TF,TITAN,42.957778,-3.975028,0, ,0.0,0.0,0.0,0.0,2,10000,0,0,0,0,0,0

SID,TITA7A,29,2
DF,SNR,43.449778,-3.902417,0, ,0.0,0.0,0,0,0,0,0,0,0,0
CD, ,0,0,0,SNR,0,0.0,290.0,7.0,0,0,0,0,0,0,0,0
CI,0, ,0.0,290.0,0,0,0,0,0,0,0,0
AF,D199I,43.307903,-3.969300,1,SNR,199.0,9.0,290.0,0,0,0,0,0,0,0,0
CF,KURUK,43.234111,-3.933417,0,SNR,186.0,13.0,186.0,4.0,2,6000,0,0,0,0,0,0
TF,TITAN,42.957778,-3.975028,0, ,0.0,0.0,0.0,0.0,2,10000,0,0,0,0,0,0

SID,TITA8B,11,2
CF,LORTU,43.398306,-3.709083,0,SNR,110.0,9.0,110.0,5.0,0,0,0,0,0,0,0,1
VI,1, ,0.0,286.0,0,0,0,0,0,0,0,0
CF,SNR,43.449778,-3.902417,0,SNR,0.0,0.0,241.0,5.0,2,5000,0,0,0,0,0,0
TF,KURUK,43.234111,-3.933417,0, ,0.0,0.0,0.0,0.0,2,6000,0,0,0,0,0,0
TF,TITAN,42.957778,-3.975028,0, ,0.0,0.0,0.0,0.0,2,10000,0,0,0,0,0,0

SID,VADO4B,11,2
CD, ,0,0,0,SNR,0,0.0,110.0,7.0,0,0,0,0,0,0,0,0
CI,0, ,0.0,110.0,0,0,0,0,0,0,0,0
AF,D009I,43.597950,-3.870122,1,SNR,9.0,9.0,111.0,0,0,0,0,0,0,0,0
CF,VADOX,43.766667,-3.932778,0,SNR,356.0,19.1,356.0,10.0,2,8000,0,0,0,0,0,0

SID,VADO6A,29,2
DF,SNR,43.449778,-3.902417,0, ,0.0,0.0,0,0,0,0,0,0,0,0
TF,VADOX,43.766667,-3.932778,0, ,0.0,0.0,0.0,0.0,2,8000,0,0,0,0,0,0

SID,XORN6A,29,2
DF,SNR,43.449778,-3.902417,0, ,0.0,0.0,0,0,0,0,0,0,0,0
VI,2, ,0.0,123.0,0,0,0,1,215,0,0,0
CF,IDKER,43.643944,-3.662000,0,SNR,41.9,15.7,42.0,12.0,0,0,0,0,0,0,0,0
TF,XORNA,43.812417,-3.451611,0, ,0.0,0.0,0.0,0.0,2,10000,0,0,0,0,0,0

SID,XORN6B,11,2
CD, ,0,0,0,SNR,0,0.0,110.0,7.0,0,0,0,0,0,0,0,0
CI,0, ,0.0,110.0,0,0,0,0,0,0,0,0
AF,D055I,43.535703,-3.733494,1,SNR,55.0,9.0,111.0,0,0,0,0,0,0,0,0
CF,IDKER,43.643944,-3.662000,0,SNR,41.9,15.7,42.0,6.0,0,0,0,0,0,0,0,0
TF,XORNA,43.812417,-3.451611,0, ,0.0,0.0,0.0,0.0,2,10000,0,0,0,0,0,0

STAR,BLV3S,ALL,2
IF,BLV,43.304194,-2.925361, ,0.0,0.0,0,0,0,0,0,0,0,0
TF,CALCE,43.362722,-3.316667,0, ,0.0,0.0,0.0,0.0,0,0,0,0,0,0,0,0
TF,SA,43.435056,-3.849889,0, ,0.0,0.0,0.0,0.0,0,0,0,0,0,0,0,0

STAR,BLV4G,11,2
IF,BLV,43.304194,-2.925361, ,0.0,0.0,0,0,0,0,0,0,0,0
TF,CALCE,43.362722,-3.316667,0, ,0.0,0.0,0.0,0.0,0,0,0,0,0,0,0,0
TF,D101H,43.423458,-3.723011,0, ,0.0,0.0,0.0,0.0,0,0,0,0,0,0,0,0
TF,SNR,43.449778,-3.902417,0, ,0.0,0.0,0.0,0.0,0,0,0,0,0,0,0,0

STAR,BLV6E,29,2
IF,BLV,43.304194,-2.925361, ,0.0,0.0,0,0,0,0,0,0,0,0
TF,NURVI,43.292639,-3.316972,0, ,0.0,0.0,0.0,0.0,0,0,0,0,0,0,0,0
TF,AMPUR,43.323389,-3.430389,0, ,0.0,0.0,0.0,0.0,0,0,0,0,0,0,0,0
TF,SORPO,43.352278,-3.537500,0, ,0.0,0.0,0.0,0.0,0,0,0,0,0,0,0,0

STAR,CALC6E,29,2
IF,CALCE,43.362722,-3.316667, ,0.0,0.0,2,10000,0,0,0,0,0,0
TF,AMPUR,43.323389,-3.430389,0, ,0.0,0.0,0.0,0.0,0,0,0,0,0,0,0,0
TF,SORPO,43.352278,-3.537500,0, ,0.0,0.0,0.0,0.0,0,0,0,0,0,0,0,0

STAR,EMAN2E,29,2
IF,EMANU,42.957778,-3.780861, ,0.0,0.0,0,0,0,0,0,0,0,0
TF,MOSCO,43.203611,-3.841361,0, ,0.0,0.0,0.0,0.0,0,0,0,0,0,0,0,0
TF,SNR,43.449778,-3.902417,0, ,0.0,0.0,0.0,0.0,0,0,0,0,0,0,0,0
TF,SORPO,43.352278,-3.537500,2, ,0.0,0.0,0.0,0.0,0,0,0,0,0,0,0,0

STAR,EMAN2S,ALL,2
IF,EMANU,42.957778,-3.780861, ,0.0,0.0,0,0,0,0,0,0,0,0
TF,D354K,43.258511,-3.824228,0, ,0.0,0.0,0.0,0.0,0,0,0,0,0,0,0,0
TF,SA,43.435056,-3.849889,0, ,0.0,0.0,0.0,0.0,0,0,0,0,0,0,0,0

STAR,EMAN3G,11,2
IF,EMANU,42.957778,-3.780861, ,0.0,0.0,0,0,0,0,0,0,0,0
TF,MOSCO,43.203611,-3.841361,0, ,0.0,0.0,0.0,0.0,0,0,0,0,0,0,0,0
TF,D169I,43.302153,-3.865742,0, ,0.0,0.0,0.0,0.0,0,0,0,0,0,0,0,0
TF,SNR,43.449778,-3.902417,0, ,0.0,0.0,0.0,0.0,0,0,0,0,0,0,0,0

STAR,EMAN4F,29,2
IF,EMANU,42.957778,-3.780861, ,0.0,0.0,0,0,0,0,0,0,0,0
CI,0, ,0.0,349.0,0,0,0,0,0,0,0,0
AF,VAMIS,43.171139,-3.509167,1,SNR,134.0,24.0,169.0,0,0,0,0,0,0,0,0
AF,D122X,43.236822,-3.438353,1,SNR,122.0,24.0,134.0,0,0,0,0,0,0,0,0
AF,D110X,43.311781,-3.387569,1,SNR,110.0,24.0,122.0,0,0,0,0,0,0,0,0
CF,AMPUR,43.323389,-3.430389,0,SNR,110.0,22.0,290.0,2.0,0,0,0,0,0,0,0,0
TF,SORPO,43.352278,-3.537500,0, ,0.0,0.0,0.0,0.0,0,0,0,0,0,0,0,0

STAR,MOSC2G,11,2
IF,MOSCO,43.203611,-3.841361, ,0.0,0.0,0,0,0,0,0,0,0,0
CI,0, ,0.0,349.0,0,0,0,0,0,0,0,0
AF,KURUK,43.234111,-3.933417,2,SNR,186.0,13.0,169.0,0,0,0,0,0,0,0,0
AF,D211M,43.263919,-4.055144,2,SNR,211.0,13.0,186.0,0,0,0,0,0,0,0,0
AF,D246M,43.361311,-4.173750,2,SNR,246.0,13.0,211.0,0,0,0,0,0,0,0,0
AF,D291M,43.527097,-4.180458,2,SNR,291.0,13.0,246.0,0,0,0,0,0,0,0,0
TF,NORAY,43.509389,-4.116222,0, ,0.0,0.0,0.0,0.0,0,0,0,0,0,0,0,0

STAR,OBET2A,29,2
IF,OBETO,43.476250,-4.333333, ,0.0,0.0,2,8000,0,0,0,0,0,0
TF,SNR,43.449778,-3.902417,0, ,0.0,0.0,0.0,0.0,0,0,0,0,0,0,0,0
TF,SORPO,43.352278,-3.537500,0, ,0.0,0.0,0.0,0.0,0,0,0,0,0,0,0,0

STAR,OBET4G,11,2
IF,OBETO,43.476250,-4.333333, ,0.0,0.0,2,8000,0,0,0,0,0,0
TF,SNR,43.449778,-3.902417,0, ,0.0,0.0,0.0,0.0,0,0,0,0,0,0,0,0

STAR,OBET4H,11,2
IF,OBETO,43.476250,-4.333333, ,0.0,0.0,2,8000,0,0,0,0,0,0
TF,KOLAX,43.532389,-4.199556,0, ,0.0,0.0,0.0,0.0,0,0,0,0,0,0,0,0
TF,NORAY,43.509389,-4.116222,0, ,0.0,0.0,0.0,0.0,0,0,0,0,0,0,0,0

STAR,ROLE5E,29,2
IF,ROLES,43.099222,-3.391083, ,0.0,0.0,2,10000,0,0,0,0,0,0
TF,D133Z,43.153361,-3.469453,0, ,0.0,0.0,0.0,0.0,0,0,0,0,0,0,0,0
CI,0, ,0.0,313.0,0,0,0,0,0,0,0,0
AF,D122X,43.236822,-3.438353,1,SNR,122.0,24.0,133.0,0,0,0,0,0,0,0,0
AF,D110X,43.311781,-3.387569,1,SNR,110.0,24.0,122.0,0,0,0,0,0,0,0,0
CF,AMPUR,43.323389,-3.430389,0,SNR,110.0,22.0,290.0,2.0,0,0,0,0,0,0,0,0
TF,SORPO,43.352278,-3.537500,0, ,0.0,0.0,0.0,0.0,0,0,0,0,0,0,0,0

STAR,VADO2E,29,2
IF,VADOX,43.766667,-3.932778, ,0.0,0.0,2,8000,0,0,0,0,0,0
TF,SNR,43.449778,-3.902417,0, ,0.0,0.0,0.0,0.0,0,0,0,0,0,0,0,0
TF,SORPO,43.352278,-3.537500,0, ,0.0,0.0,0.0,0.0,0,0,0,0,0,0,0,0

STAR,VADO2H,11,2
IF,VADOX,43.766667,-3.932778, ,0.0,0.0,2,8000,0,0,0,0,0,0
CI,0, ,0.0,176.0,0,0,0,0,0,0,0,0
AF,D291M,43.527097,-4.180458,1,SNR,291.0,13.0,356.0,0,0,0,0,0,0,0,0
TF,NORAY,43.509389,-4.116222,0, ,0.0,0.0,0.0,0.0,0,0,0,0,0,0,0,0

STAR,VADO4G,11,2
IF,VADOX,43.766667,-3.932778, ,0.0,0.0,2,8000,0,0,0,0,0,0
TF,SNR,43.449778,-3.902417,0, ,0.0,0.0,0.0,0.0,0,0,0,0,0,0,0,0

STAR,VADO7F,29,2
IF,VADOX,43.766667,-3.932778, ,0.0,0.0,2,8000,0,0,0,0,0,0
TF,IDKER,43.643944,-3.662000,0, ,0.0,0.0,0.0,0.0,0,0,0,0,0,0,0,0
TF,D302X,43.522364,-3.396250,0, ,0.0,0.0,0.0,0.0,0,0,0,0,0,0,0,1
DF,KUTEL,43.480889,-3.357556,0, ,0.0,0.0,0,0,0,0,0,0,0,0
AF,D105X,43.345533,-3.375550,2,SNR,105.0,23.9,85.0,0,0,0,0,0,0,0,0
CF,AMPUR,43.323389,-3.430389,0,SNR,110.0,22.0,290.0,2.0,0,0,0,0,0,0,0,0
TF,SORPO,43.352278,-3.537500,0, ,0.0,0.0,0.0,0.0,0,0,0,0,0,0,0,0

STAR,XORN2E,29,2
IF,XORNA,43.812417,-3.451611, ,0.0,0.0,2,10000,0,0,0,0,0,0
TF,IDKER,43.643944,-3.662000,0, ,0.0,0.0,0.0,0.0,0,0,0,0,0,0,0,0
TF,SNR,43.449778,-3.902417,0, ,0.0,0.0,0.0,0.0,0,0,0,0,0,0,0,0
TF,SORPO,43.352278,-3.537500,1, ,0.0,0.0,0.0,0.0,0,0,0,0,0,0,0,0

STAR,XORN3H,11,2
IF,XORNA,43.812417,-3.451611, ,0.0,0.0,2,10000,0,0,0,0,0,0
TF,IDKER,43.643944,-3.662000,0, ,0.0,0.0,0.0,0.0,0,0,0,0,0,0,0,0
CI,0, ,0.0,222.0,0,0,0,0,0,0,0,0
AF,D291M,43.527097,-4.180458,1,SNR,291.0,13.0,42.0,0,0,0,0,0,0,0,0
TF,NORAY,43.509389,-4.116222,0, ,0.0,0.0,0.0,0.0,0,0,0,0,0,0,0,0

STAR,XORN4F,29,2
IF,XORNA,43.812417,-3.451611, ,0.0,0.0,2,10000,0,0,0,0,0,0
TF,D042R,43.667739,-3.632381,0, ,0.0,0.0,0.0,0.0,0,0,0,0,0,0,0,1
CF,D302X,43.522364,-3.396250,1,BLV,301.6,24.4,122.0,12.0,0,0,0,0,0,0,0,1
DF,KUTEL,43.480889,-3.357556,0, ,0.0,0.0,0,0,0,0,0,0,0,0
AF,D105X,43.345533,-3.375550,2,SNR,105.0,23.9,85.0,0,0,0,0,0,0,0,0
CF,AMPUR,43.323389,-3.430389,0,SNR,110.0,22.0,290.0,2.0,0,0,0,0,0,0,0,0
TF,SORPO,43.352278,-3.537500,0, ,0.0,0.0,0.0,0.0,0,0,0,0,0,0,0,0

STAR,XORN5G,11,2
IF,XORNA,43.812417,-3.451611, ,0.0,0.0,2,10000,0,0,0,0,0,0
TF,IDKER,43.643944,-3.662000,0, ,0.0,0.0,0.0,0.0,0,0,0,0,0,0,0,0
TF,SNR,43.449778,-3.902417,0, ,0.0,0.0,0.0,0.0,0,0,0,0,0,0,0,0

APPTR,D11,11,NORAY
IF,NORAY,43.509389,-4.116222, ,0.0,0.0,2,4000,0,0,0,0,1,0
CF,CD11,43.491500,-4.052056,0,SNR,291.0,7.0,111.0,3.0,2,2600,0,0,0,0,1,0

FINAL,D11,11,D,3
IF,CD11,43.491500,-4.052056,SNR,291.0,7.0,2,2600,0,0,0,0,0,0
CF,FD11,43.455750,-3.923778,0,SNR,291.0,1.0,111.0,6.0,2,1400,0,0,0,0,2,0
CF,SA,43.435056,-3.849889,0,SNR,111.0,2.5,111.0,3.5,1,306,0,0,0,0,3,0
CA,0,111.0,2,420,0,0,0,0,0,0
CI,1, ,0.0,353.0,0,0,0,0,0,0,0,0
CF,D046R,43.652053,-3.613422,0,SNR,46.0,17.5,46.0,12.0,1,4000,0,0,0,0,0,0
HM,D046R,43.652053,-3.613422,1, ,0.0,0.0,46.0,04.3,2,4000,0,0,0,0,0,0,0

APPTR,D29,29,AMPUR
IF,AMPUR,43.323389,-3.430389, ,0.0,0.0,2,5100,0,0,0,0,1,0
CF,CD29,43.340722,-3.494639,0,SNR,110.0,19.0,290.0,3.0,2,4100,0,0,0,0,1,0

APPTR,D29,29,SNR
IF,SNR,43.449778,-3.902417, ,0.0,0.0,2,6000,0,1,220,0,1,0
FD,SNR,43.449778,-3.902417,0,SNR,0.0,19.0,98.0,19.0,2,4100,0,0,0,0,0,0
CF,CD29,43.340722,-3.494639,2,SNR,110.0,19.0,290.0,1.0,2,4100,0,0,0,0,1,0

FINAL,D29,29,D,3
IF,CD29,43.340722,-3.494639,SNR,110.0,19.0,2,4100,0,0,0,0,0,0
CF,FD29,43.375333,-3.623250,0,SNR,110.0,13.0,290.0,6.0,2,3200,0,0,0,0,2,0
CF,RW29,43.423597,-3.807014,0,SNR,110.6,4.5,290.0,8.5,1,70,0,0,0,0,3,0
CF,SNR,43.449778,-3.902417,0,SNR,0.0,0.0,291.0,4.5,0,0,0,0,0,0,0,0
FA,SNR,43.449778,-3.902417,0,SNR,0.0,0.0,291.0,2,4000,0,0,0,0,0,0
DF,SNR,43.449778,-3.902417,2, ,0.0,0.0,1,6000,0,0,0,0,0,0
HM,SNR,43.449778,-3.902417,1, ,0.0,0.0,111.0,04.3,2,6000,0,0,0,0,0,0,0

APPTR,I29-Y,29,AMPUR
IF,AMPUR,43.323389,-3.430389, ,0.0,0.0,2,5100,0,0,0,0,1,0
CF,CF29,43.340000,-3.496083,0,STA,110.1,15.9,289.0,3.0,2,4100,0,0,0,0,1,0

APPTR,I29-Y,29,SA
IF,SA,43.435056,-3.849889, ,0.0,0.0,2,6000,0,1,200,0,1,0
FD,SA,43.435056,-3.849889,0,BLV,280.3,24.5,99.0,24.5,2,4100,0,0,0,0,0,0
CF,CF29,43.340000,-3.496083,2,STA,110.1,15.9,290.0,1.0,2,4100,0,0,0,0,1,0

FINAL,I29-Y,29,I,3
IF,CF29,43.340000,-3.496083,STA,110.1,15.9,2,4100,0,0,0,0,0,0
CF,FI29Y,43.368500,-3.601611,0,STA,110.1,10.9,290.0,4.9,1,3200,0,0,0,0,2,0
CF,RW29,43.423597,-3.807014,0,STA,110.1,1.4,290.0,9.6,1,70,0,0,0,0,3,0
CA,0,290.0,2,3500,0,0,0,0,0,0
DF,SA,43.435056,-3.849889,2, ,0.0,0.0,1,6000,0,0,0,0,0,0
HM,SA,43.435056,-3.849889,1, ,0.0,0.0,110.0,04.3,2,6000,0,0,0,0,0,0,0

APPTR,I29-Z,29,AMPUR
IF,AMPUR,43.323389,-3.430389, ,0.0,0.0,2,5100,0,0,0,0,1,0
CF,CF29,43.340000,-3.496083,0,STA,110.1,15.9,290.0,3.0,2,4100,0,0,0,0,1,0

APPTR,I29-Z,29,SNR
IF,SNR,43.449778,-3.902417, ,0.0,0.0,2,6000,0,1,220,0,1,0
FD,SNR,43.449778,-3.902417,0,SNR,0.0,19.0,98.0,19.0,2,4100,0,0,0,0,0,0
CF,CF29,43.340000,-3.496083,2,STA,110.1,15.9,290.0,1.0,2,4100,0,0,0,0,1,0

FINAL,I29-Z,29,I,3
IF,CF29,43.340000,-3.496083,STA,110.1,15.9,2,4100,0,0,0,0,0,0
CF,FI29Z,43.367639,-3.598417,0,STA,110.1,11.1,290.0,4.8,1,3250,0,0,0,0,2,0
CF,RW29,43.423597,-3.807014,0,STA,110.1,1.4,290.0,9.7,1,70,0,0,0,0,3,0
CF,SNR,43.449778,-3.902417,0,SNR,0.0,0.0,291.0,4.5,0,0,0,0,0,0,0,0
FA,SNR,43.449778,-3.902417,0,SNR,0.0,0.0,291.0,2,4000,0,0,0,0,0,0
DF,SNR,43.449778,-3.902417,2, ,0.0,0.0,1,6000,0,0,0,0,0,0
HM,SNR,43.449778,-3.902417,1, ,0.0,0.0,111.0,04.3,2,6000,0,0,0,0,0,0,0

APPTR,L29,29,AMPUR
IF,AMPUR,43.323389,-3.430389, ,0.0,0.0,2,5100,0,0,0,0,1,0
CF,CF29,43.340000,-3.496083,0,STA,110.1,15.9,290.0,3.0,2,4100,0,0,0,0,1,0

APPTR,L29,29,SNR
IF,SNR,43.449778,-3.902417, ,0.0,0.0,2,6000,0,1,220,0,1,0
FD,SNR,43.449778,-3.902417,0,SNR,0.0,19.0,98.0,19.0,2,4100,0,0,0,0,0,0
CF,CF29,43.340000,-3.496083,2,STA,110.1,15.9,290.0,1.0,2,4100,0,0,0,0,1,0

FINAL,L29,29,D,4
IF,CF29,43.340000,-3.496083,STA,110.1,15.9,2,4100,0,0,0,0,0,0
CF,FF29,43.366056,-3.592472,0,STA,110.1,11.4,290.0,4.5,2,3300,0,0,0,0,2,0
CF,70LOC,43.383289,-3.656522,0,STA,110.2,8.4,290.0,3.0,2,2330,0,0,0,0,0,0
CF,ML29,43.417861,-3.785528,0,STA,110.1,2.4,290.0,6.0,1,394,0,0,0,0,3,0
CF,SNR,43.449778,-3.902417,0,SNR,0.0,0.0,291.0,5.5,0,0,0,0,0,0,0,0
FA,SNR,43.449778,-3.902417,0,SNR,0.0,0.0,291.0,2,4000,0,0,0,0,0,0
DF,SNR,43.449778,-3.902417,2, ,0.0,0.0,1,6000,0,0,0,0,0,0
HM,SNR,43.449778,-3.902417,1, ,0.0,0.0,111.0,04.3,2,6000,0,0,0,0,0,0,0

APPTR,N11,11,SA1
IF,SA,43.435056,-3.849889, ,0.0,0.0,2,6000,0,1,220,0,1,0
FC,SA,43.435056,-3.849889,0,SNR,0.0,0.0,318.0,7.3,2,2400,0,0,0,0,0,1
CF,FN11,43.474394,-3.990925,1,SNR,290.9,4.1,111.0,2.0,2,2400,0,0,0,0,0,0

APPTR,N11,11,SA2
IF,SA,43.435056,-3.849889, ,0.0,0.0,2,6000,0,1,185,0,1,0
FC,SA,43.435056,-3.849889,0,SNR,0.0,0.0,313.0,9.3,2,2400,0,0,0,0,0,1
CF,FN11,43.474394,-3.990925,1,SNR,290.9,4.1,111.0,3.0,2,2400,0,0,0,0,0,0

FINAL,N11,11,N,2
IF,FN11,43.474394,-3.990925,SA,0.0,0.0,2,2400,0,0,0,0,2,0
CF,SA,43.435056,-3.849889,0,SA,0.0,0.0,111.0,6.6,1,297,0,0,0,0,3,0
FA,SA,43.435056,-3.849889,0,SNR,0.0,0.0,105.0,2,2500,0,0,0,0,0,0
DF,SA,43.435056,-3.849889,1, ,0.0,0.0,1,6000,0,0,0,0,0,0
HM,SA,43.435056,-3.849889,2, ,0.0,0.0,290.0,04.3,2,6000,0,0,0,0,0,0,0

APPTR,R11-Y,11,NORAY
IF,NORAY,43.509389,-4.116222, ,0.0,0.0,2,4000,0,0,0,0,1,0
TF,XJ07W,43.472028,-3.988778,0, ,0.0,0.0,0.0,0.0,2,1800,0,0,0,0,1,0

FINAL,R11-Y,11,R,3
IF,XJ07W,43.472028,-3.988778, ,0.0,0.0,2,1800,0,0,0,0,0,0
TF,XJ04W,43.454611,-3.923278,0, ,0.0,0.0,110.0,3.0,2,1400,0,0,0,0,2,0
TF,RW11,43.430789,-3.833919,0, ,0.0,0.0,110.0,4.2,1,60,0,0,0,0,3,1
DF,XJ364,43.571361,-3.822861,1, ,0.0,0.0,0,0,0,0,0,0,0,0
TF,XJ366,43.635167,-4.039889,0, ,0.0,0.0,0.0,0.0,2,3000,0,0,0,0,0,0
TF,NORAY,43.509389,-4.116222,0, ,0.0,0.0,0.0,0.0,2,4000,0,0,0,0,0,0
HM,NORAY,43.509389,-4.116222,1, ,0.0,0.0,111.0,04.3,2,4000,0,0,0,0,0,0,0

APPTR,R11-Z,11,NORAY
IF,NORAY,43.509389,-4.116222, ,0.0,0.0,2,4000,0,0,0,0,1,0
TF,XJ07W,43.472028,-3.988778,0, ,0.0,0.0,0.0,0.0,2,1800,0,0,0,0,1,0

FINAL,R11-Z,11,R,3
IF,XJ07W,43.472028,-3.988778, ,0.0,0.0,2,1800,0,0,0,0,0,0
TF,XJ04W,43.454611,-3.923278,0, ,0.0,0.0,110.0,3.0,2,1400,0,0,0,0,2,0
TF,RW11,43.430789,-3.833919,0, ,0.0,0.0,110.0,4.2,1,60,0,0,0,0,3,1
DF,XJ363,43.419306,-3.790972,0, ,0.0,0.0,0,0,0,0,0,0,0,1
DF,XJ364,43.571361,-3.822861,1, ,0.0,0.0,0,0,0,0,0,0,0,0
TF,XJ366,43.635167,-4.039889,0, ,0.0,0.0,0.0,0.0,2,3000,0,0,0,0,0,0
TF,NORAY,43.509389,-4.116222,0, ,0.0,0.0,0.0,0.0,2,4000,0,0,0,0,0,0
HM,NORAY,43.509389,-4.116222,1, ,0.0,0.0,111.0,04.3,2,4000,0,0,0,0,0,0,0

APPTR,R29-Y,29,AMPUR
IF,AMPUR,43.323389,-3.430389, ,0.0,0.0,2,5000,0,0,0,0,1,0
TF,XJ14E,43.345639,-3.515139,0, ,0.0,0.0,0.0,0.0,2,4000,0,0,0,0,0,0
TF,XJ11E,43.362500,-3.579667,0, ,0.0,0.0,0.0,0.0,2,3000,0,0,0,0,1,0

APPTR,R29-Y,29,IDKER
IF,IDKER,43.643944,-3.662000, ,0.0,0.0,2,5000,0,0,0,0,1,0
TF,RESVA,43.421583,-3.443167,0, ,0.0,0.0,0.0,0.0,2,5000,0,1,210,0,0,0
TF,XJ11E,43.362500,-3.579667,2, ,0.0,0.0,0.0,0.0,2,3000,0,1,210,0,1,0

APPTR,R29-Y,29,RESVA
IF,RESVA,43.421583,-3.443167, ,0.0,0.0,2,5000,0,1,210,0,1,0
TF,XJ11E,43.362500,-3.579667,0, ,0.0,0.0,0.0,0.0,2,3000,0,1,210,0,1,0

FINAL,R29-Y,29,R,3
IF,XJ11E,43.362500,-3.579667, ,0.0,0.0,2,3000,0,0,0,0,0,0
TF,XJ08E,43.380417,-3.646056,0, ,0.0,0.0,290.0,3.1,2,2500,0,0,0,0,2,0
TF,RW29,43.423597,-3.807014,0, ,0.0,0.0,290.0,7.5,1,61,0,0,0,0,3,1
DF,XJ381,43.463694,-3.957417,0, ,0.0,0.0,0,0,0,0,0,0,0,1
DF,RESVA,43.421583,-3.443167,2, ,0.0,0.0,2,5000,0,0,0,0,0,0
HM,RESVA,43.421583,-3.443167,2, ,0.0,0.0,144.0,04.3,2,5000,0,0,0,0,0,0,0

APPTR,R29-Z,29,AMPUR
IF,AMPUR,43.323389,-3.430389, ,0.0,0.0,2,5000,0,0,0,0,1,0
TF,XJ14E,43.345639,-3.515139,0, ,0.0,0.0,0.0,0.0,2,4000,0,0,0,0,0,0
TF,XJ11E,43.362500,-3.579667,0, ,0.0,0.0,0.0,0.0,2,3000,0,0,0,0,1,0

APPTR,R29-Z,29,IDKER
IF,IDKER,43.643944,-3.662000, ,0.0,0.0,2,5000,0,0,0,0,1,0
TF,RESVA,43.421583,-3.443167,0, ,0.0,0.0,0.0,0.0,2,5000,0,1,210,0,0,0
TF,XJ11E,43.362500,-3.579667,2, ,0.0,0.0,0.0,0.0,2,3000,0,1,210,0,1,0

APPTR,R29-Z,29,RESVA
IF,RESVA,43.421583,-3.443167, ,0.0,0.0,2,5000,0,1,210,0,1,0
TF,XJ11E,43.362500,-3.579667,0, ,0.0,0.0,0.0,0.0,2,3000,0,1,210,0,1,0

FINAL,R29-Z,29,R,3
IF,XJ11E,43.362500,-3.579667, ,0.0,0.0,2,3000,0,0,0,0,0,0
TF,XJ08E,43.380417,-3.646056,0, ,0.0,0.0,290.0,3.1,2,2500,0,0,0,0,2,0
TF,RW29,43.423597,-3.807014,0, ,0.0,0.0,290.0,7.5,1,61,0,0,0,0,3,1
DF,XJ381,43.463694,-3.957417,0, ,0.0,0.0,0,0,0,0,0,0,0,1
DF,RESVA,43.421583,-3.443167,2, ,0.0,0.0,2,5000,0,0,0,0,0,0
HM,RESVA,43.421583,-3.443167,2, ,0.0,0.0,144.0,04.3,2,5000,0,0,0,0,0,0,0

