SID,BALA4A,03,5
CA,0,32.0,2,1800,0,0,0,0,0,0
DF,BL602,46.038333,1.028028,0, ,0.0,0.0,0,0,0,0,0,0,0,0
TF,BALAN,46.516111,1.033333,0, ,0.0,0.0,0.0,0.0,0,0,0,0,0,0,0,0

SID,BALA4B,21,5
CA,0,212.0,2,1800,0,0,0,0,0,0
DF,BL602,46.038333,1.028028,2, ,0.0,0.0,0,0,0,0,0,0,0,0
TF,BALAN,46.516111,1.033333,0, ,0.0,0.0,0.0,0.0,0,0,0,0,0,0,0,0

SID,LARO4A,03,5
CA,0,32.0,2,1800,0,0,0,0,0,0
DF,BL604,45.880861,1.405222,0, ,0.0,0.0,0,0,0,0,0,0,0,0
TF,LARON,46.227500,2.198333,0, ,0.0,0.0,0.0,0.0,0,0,0,0,0,0,0,0

SID,LARO4B,21,5
CA,0,212.0,2,1800,0,0,0,0,0,0
DF,BL604,45.880861,1.405222,1, ,0.0,0.0,0,0,0,0,0,0,0,0
TF,LARON,46.227500,2.198333,0, ,0.0,0.0,0.0,0.0,0,0,0,0,0,0,0,0

SID,MAKO4A,03,5
CA,0,32.0,2,1800,0,0,0,0,0,0
DF,LMG,45.815917,1.025583,1, ,0.0,0.0,0,0,0,0,0,0,0,0
TF,LINAK,45.529444,1.153056,0, ,0.0,0.0,0.0,0.0,0,0,0,0,0,0,0,0
TF,MAKOX,45.332778,1.238056,0, ,0.0,0.0,0.0,0.0,0,0,0,0,0,0,0,0

SID,NORO4A,03,5
CA,0,32.0,2,1800,0,0,0,0,0,0
DF,LMG,45.815917,1.025583,1, ,0.0,0.0,0,0,0,0,0,0,0,0
TF,PIGUL,45.574444,0.771667,0, ,0.0,0.0,0.0,0.0,0,0,0,0,0,0,0,0
TF,NORON,45.484722,0.677500,0, ,0.0,0.0,0.0,0.0,0,0,0,0,0,0,0,0

SID,PERI4A,03,5
CA,0,32.0,2,1800,0,0,0,0,0,0
DF,LMG,45.815917,1.025583,1, ,0.0,0.0,0,0,0,0,0,0,0,0
TF,MAVAC,45.516389,1.001944,0, ,0.0,0.0,0.0,0.0,0,0,0,0,0,0,0,0
TF,PERIG,45.117222,0.969444,0, ,0.0,0.0,0.0,0.0,0,0,0,0,0,0,0,0

STAR,BALA3M,03,5
IF,BALAN,46.516111,1.033333, ,0.0,0.0,0,0,0,0,0,0,0,0
TF,BL905,45.955389,1.027111,0, ,0.0,0.0,0.0,0.0,0,0,0,0,0,0,0,0
TF,NERTI,45.702111,0.905556,0, ,0.0,0.0,0.0,0.0,2,3700,0,1,210,0,0,0

STAR,BALA3R,21,5
IF,BALAN,46.516111,1.033333, ,0.0,0.0,0,0,0,0,0,0,0,0
TF,IBL21,46.037917,1.347250,0, ,0.0,0.0,0.0,0.0,2,4000,0,1,185,0,0,0

STAR,GUER3M,03,5
IF,GUERE,46.190000,2.089444, ,0.0,0.0,0,0,0,0,0,0,0,0
TF,BL907,45.919889,1.623083,0, ,0.0,0.0,0.0,0.0,2,6000,0,0,0,0,0,0
TF,SOLNO,45.619333,1.113194,0, ,0.0,0.0,0.0,0.0,2,3700,0,1,210,0,0,0

STAR,GUER3R,21,5
IF,GUERE,46.190000,2.089444, ,0.0,0.0,0,0,0,0,0,0,0,0
TF,BL703,46.083194,1.565111,0, ,0.0,0.0,0.0,0.0,2,6000,0,0,0,0,0,0
TF,IBL21,46.037917,1.347250,0, ,0.0,0.0,0.0,0.0,2,4000,0,1,185,0,0,0

STAR,GUSO3M,03,5
IF,GUSON,46.474167,1.477778, ,0.0,0.0,0,0,0,0,0,0,0,0
TF,BL905,45.955389,1.027111,0, ,0.0,0.0,0.0,0.0,0,0,0,0,0,0,0,0
TF,NERTI,45.702111,0.905556,0, ,0.0,0.0,0.0,0.0,2,3700,0,1,210,0,0,0

STAR,GUSO3R,21,5
IF,GUSON,46.474167,1.477778, ,0.0,0.0,0,0,0,0,0,0,0,0
TF,IBL21,46.037917,1.347250,0, ,0.0,0.0,0.0,0.0,2,4000,0,1,185,0,0,0

STAR,MAKO3M,03,5
IF,MAKOX,45.332778,1.238056, ,0.0,0.0,0,0,0,0,0,0,0,0
TF,BL909,45.540694,1.106500,0, ,0.0,0.0,0.0,0.0,2,5000,0,0,0,0,0,0
TF,MIGRA,45.684111,1.015139,0, ,0.0,0.0,0.0,0.0,2,3700,0,1,210,0,0,0

STAR,MAKO3R,21,5
IF,MAKOX,45.332778,1.238056, ,0.0,0.0,0,0,0,0,0,0,0,0
TF,BL707,45.572639,1.197639,0, ,0.0,0.0,0.0,0.0,2,5000,0,0,0,0,0,0
TF,BL504,45.992250,1.447222,0, ,0.0,0.0,0.0,0.0,2,4000,0,1,220,0,0,0

STAR,NORO3M,03,5
IF,NORON,45.484722,0.677500, ,0.0,0.0,0,0,0,0,0,0,0,0
TF,BL911,45.559917,0.804361,0, ,0.0,0.0,0.0,0.0,2,5000,0,0,0,0,0,0
TF,MIGRA,45.684111,1.015139,0, ,0.0,0.0,0.0,0.0,2,3700,0,1,210,0,0,0

STAR,NORO3R,21,5
IF,NORON,45.484722,0.677500, ,0.0,0.0,0,0,0,0,0,0,0,0
TF,BL705,45.850694,1.028333,0, ,0.0,0.0,0.0,0.0,2,5000,0,0,0,0,0,0
TF,BL502,46.083611,1.247167,0, ,0.0,0.0,0.0,0.0,2,4000,0,1,220,0,0,0

STAR,PERI3M,03,5
IF,PERIG,45.117222,0.969444, ,0.0,0.0,0,0,0,0,0,0,0,0
TF,BL913,45.526083,1.002306,0, ,0.0,0.0,0.0,0.0,2,5000,0,0,0,0,0,0
TF,MIGRA,45.684111,1.015139,0, ,0.0,0.0,0.0,0.0,2,3700,0,1,210,0,0,0

STAR,PERI3R,21,5
IF,PERIG,45.117222,0.969444, ,0.0,0.0,0,0,0,0,0,0,0,0
TF,BL705,45.850694,1.028333,0, ,0.0,0.0,0.0,0.0,2,5000,0,0,0,0,0,0
TF,BL502,46.083611,1.247167,0, ,0.0,0.0,0.0,0.0,2,4000,0,1,220,0,0,0

FINAL,I21-Y,21,I,3
IF,CI21Y,46.037917,1.347250,LG,32.3,13.4,2,4000,0,0,0,0,0,0
CF,FI21,45.986833,1.299000,0,LG,32.3,9.8,212.0,3.7,1,4000,0,0,0,0,2,0
CF,RW21,45.870175,1.189139,0,LG,32.2,1.4,212.0,8.4,1,1332,0,0,0,0,3,0
FA,RW21,45.870175,1.189139,0,LMG,0.0,0.0,212.0,2,3700,0,0,0,0,0,0
VM,0,0,0,212.0,1,3700,0,0,0,0,0,0

APPTR,I21-Z,21,BL502
IF,BL502,46.083611,1.247167, ,0.0,0.0,2,4000,0,1,220,0,1,0
TF,IBL21,46.037917,1.347250,0, ,0.0,0.0,0.0,0.0,2,4000,0,1,185,0,1,0

APPTR,I21-Z,21,BL504
IF,BL504,45.992250,1.447222, ,0.0,0.0,2,4000,0,1,220,0,1,0
TF,IBL21,46.037917,1.347250,0, ,0.0,0.0,0.0,0.0,2,4000,0,1,185,0,1,0

FINAL,I21-Z,21,I,3
IF,IBL21,46.037917,1.347250,LG,32.3,13.4,2,4000,0,1,185,0,0,0
CF,FI21,45.986833,1.299000,0,LG,32.3,9.8,212.0,3.7,1,4000,0,0,0,0,2,0
CF,RW21,45.870175,1.189139,0,LG,32.2,1.4,212.0,8.4,1,1332,0,0,0,0,3,0
CA,0,212.0,2,1900,0,0,0,0,0,0
DF,IBL21,46.037917,1.347250,2, ,0.0,0.0,3,4000,0,1,185,0,0,0

APPTR,R03,03,NERTI
IF,NERTI,45.702111,0.905556, ,0.0,0.0,2,3700,0,1,210,0,1,0
TF,MIGRA,45.684111,1.015139,0, ,0.0,0.0,0.0,0.0,2,3700,0,1,210,0,1,0

APPTR,R03,03,SOLNO
IF,SOLNO,45.619333,1.113194, ,0.0,0.0,2,3700,0,1,210,0,1,0
TF,MIGRA,45.684111,1.015139,0, ,0.0,0.0,0.0,0.0,2,3700,0,1,210,0,1,0

FINAL,R03,03,R,3
IF,MIGRA,45.684111,1.015139, ,0.0,0.0,2,3700,0,1,210,0,0,0
TF,FBL03,45.748389,1.075111,0, ,0.0,0.0,32.0,4.6,1,3700,0,0,0,0,2,0
TF,RW03,45.852489,1.172539,0, ,0.0,0.0,32.0,7.5,1,1322,0,0,0,0,3,1
TF,BL410,45.881750,1.200000,0, ,0.0,0.0,0.0,0.0,0,0,0,0,0,0,0,1
DF,MIGRA,45.684111,1.015139,1, ,0.0,0.0,3,3700,0,1,185,0,0,0
HM,MIGRA,45.684111,1.015139,2, ,0.0,0.0,64.0,04.3,2,3700,0,1,185,0,0,0,0

APPTR,R21,21,BL502
IF,BL502,46.083611,1.247167, ,0.0,0.0,2,4000,0,1,220,0,1,0
TF,IBL21,46.037917,1.347250,0, ,0.0,0.0,0.0,0.0,2,4000,0,1,185,0,1,0

APPTR,R21,21,BL504
IF,BL504,45.992250,1.447222, ,0.0,0.0,2,4000,0,1,220,0,1,0
TF,IBL21,46.037917,1.347250,0, ,0.0,0.0,0.0,0.0,2,4000,0,1,185,0,1,0

FINAL,R21,21,R,3
IF,IBL21,46.037917,1.347250, ,0.0,0.0,2,4000,0,1,185,0,0,0
TF,FBL21,45.986833,1.298972,0, ,0.0,0.0,213.0,3.7,1,4000,0,0,0,0,2,0
TF,RW21,45.870175,1.189139,0, ,0.0,0.0,213.0,8.4,1,1332,0,0,0,0,3,1
TF,BL512,45.840917,1.161667,0, ,0.0,0.0,0.0,0.0,0,0,0,0,0,0,0,1
DF,IBL21,46.037917,1.347250,2, ,0.0,0.0,3,4000,0,1,185,0,0,0
HM,IBL21,46.037917,1.347250,1, ,0.0,0.0,219.0,04.3,2,4000,0,1,185,0,0,0,0

