SID,AMOL7A,14L,5
CA,0,141.0,2,1000,0,0,0,0,0,0
DF,BO140,43.574528,1.420639,0, ,0.0,0.0,0,0,0,0,0,0,0,1
CA,0,141.0,2,4000,0,0,0,0,0,0
DF,BO143,43.701833,1.704250,1, ,0.0,0.0,0,0,0,0,0,0,0,0
TF,BO145,43.861083,1.867500,0, ,0.0,0.0,0.0,0.0,0,0,0,0,0,0,0,0
TF,MEDAP,43.921556,2.021639,0, ,0.0,0.0,0.0,0.0,0,0,0,0,0,0,0,0
TF,AMOLO,43.827944,2.578750,0, ,0.0,0.0,0.0,0.0,2,20000,0,0,0,0,0,0

SID,AMOL7A,14R,5
CA,0,141.0,2,1000,0,0,0,0,0,0
DF,BO140,43.574528,1.420639,0, ,0.0,0.0,0,0,0,0,0,0,0,1
CA,0,141.0,2,4000,0,0,0,0,0,0
DF,BO143,43.701833,1.704250,1, ,0.0,0.0,0,0,0,0,0,0,0,0
TF,BO145,43.861083,1.867500,0, ,0.0,0.0,0.0,0.0,0,0,0,0,0,0,0,0
TF,MEDAP,43.921556,2.021639,0, ,0.0,0.0,0.0,0.0,0,0,0,0,0,0,0,0
TF,AMOLO,43.827944,2.578750,0, ,0.0,0.0,0.0,0.0,2,20000,0,0,0,0,0,0

SID,AMOL7B,32L,5
CA,0,321.0,2,1000,0,0,0,0,0,0
DF,TOU,43.680833,1.309806,0, ,0.0,0.0,0,0,0,0,0,0,0,1
DF,BO321,43.819694,1.549694,2, ,0.0,0.0,0,0,0,0,0,0,0,0
TF,MEDAP,43.921556,2.021639,0, ,0.0,0.0,0.0,0.0,0,0,0,0,0,0,0,0
TF,AMOLO,43.827944,2.578750,0, ,0.0,0.0,0.0,0.0,2,20000,0,0,0,0,0,0

SID,AMOL7B,32R,5
CA,0,321.0,2,1000,0,0,0,0,0,0
DF,TOU,43.680833,1.309806,0, ,0.0,0.0,0,0,0,0,0,0,0,1
DF,BO321,43.819694,1.549694,2, ,0.0,0.0,0,0,0,0,0,0,0,0
TF,MEDAP,43.921556,2.021639,0, ,0.0,0.0,0.0,0.0,0,0,0,0,0,0,0,0
TF,AMOLO,43.827944,2.578750,0, ,0.0,0.0,0.0,0.0,2,20000,0,0,0,0,0,0

SID,AMOL7H,14L,5
CA,0,141.0,2,1000,0,0,0,0,0,0
DF,BO141,43.689139,1.482611,1, ,0.0,0.0,0,0,0,0,0,0,0,0
TF,MEDAP,43.921556,2.021639,0, ,0.0,0.0,0.0,0.0,0,0,0,0,0,0,0,0
TF,AMOLO,43.827944,2.578750,0, ,0.0,0.0,0.0,0.0,2,20000,0,0,0,0,0,0

SID,AMOL7H,14R,5
CA,0,141.0,2,1000,0,0,0,0,0,0
DF,BO141,43.689139,1.482611,1, ,0.0,0.0,0,0,0,0,0,0,0,0
TF,MEDAP,43.921556,2.021639,0, ,0.0,0.0,0.0,0.0,0,0,0,0,0,0,0,0
TF,AMOLO,43.827944,2.578750,0, ,0.0,0.0,0.0,0.0,2,20000,0,0,0,0,0,0

SID,FINO7A,14L,5
CA,0,141.0,2,1000,0,0,0,0,0,0
DF,BO140,43.574528,1.420639,0, ,0.0,0.0,0,0,0,0,0,0,0,1
CA,0,141.0,2,4000,0,0,0,0,0,0
DF,BO143,43.701833,1.704250,1, ,0.0,0.0,0,0,0,0,0,0,0,0
TF,FINOT,43.715083,2.029889,0, ,0.0,0.0,0.0,0.0,0,0,0,0,0,0,0,0

SID,FINO7A,14R,5
CA,0,141.0,2,1000,0,0,0,0,0,0
DF,BO140,43.574528,1.420639,0, ,0.0,0.0,0,0,0,0,0,0,0,1
CA,0,141.0,2,4000,0,0,0,0,0,0
DF,BO143,43.701833,1.704250,1, ,0.0,0.0,0,0,0,0,0,0,0,0
TF,FINOT,43.715083,2.029889,0, ,0.0,0.0,0.0,0.0,0,0,0,0,0,0,0,0

SID,FINO7B,32L,5
CA,0,321.0,2,1000,0,0,0,0,0,0
DF,TOU,43.680833,1.309806,0, ,0.0,0.0,0,0,0,0,0,0,0,1
DF,BO323,43.725722,1.652889,2, ,0.0,0.0,0,0,0,0,0,0,0,0
TF,FINOT,43.715083,2.029889,0, ,0.0,0.0,0.0,0.0,0,0,0,0,0,0,0,0

SID,FINO7B,32R,5
CA,0,321.0,2,1000,0,0,0,0,0,0
DF,TOU,43.680833,1.309806,0, ,0.0,0.0,0,0,0,0,0,0,0,1
DF,BO323,43.725722,1.652889,2, ,0.0,0.0,0,0,0,0,0,0,0,0
TF,FINOT,43.715083,2.029889,0, ,0.0,0.0,0.0,0.0,0,0,0,0,0,0,0,0

SID,FINO7H,14L,5
CA,0,141.0,2,1000,0,0,0,0,0,0
DF,BO141,43.689139,1.482611,1, ,0.0,0.0,0,0,0,0,0,0,0,0
TF,FINOT,43.715083,2.029889,0, ,0.0,0.0,0.0,0.0,0,0,0,0,0,0,0,0

SID,FINO7H,14R,5
CA,0,141.0,2,1000,0,0,0,0,0,0
DF,BO141,43.689139,1.482611,1, ,0.0,0.0,0,0,0,0,0,0,0,0
TF,FINOT,43.715083,2.029889,0, ,0.0,0.0,0.0,0.0,0,0,0,0,0,0,0,0

SID,FIST7A,14L,2
CA,0,141.0,2,2500,0,0,0,0,0,0
CF,D141H,43.574278,1.420189,0,TOU,141.0,8.0,141.0,1.0,0,0,0,0,0,0,0,0
FA,D141H,43.574278,1.420189,0,TOU,0.0,0.0,141.0,2,4000,0,0,0,0,0,0
CF,TOU,43.680833,1.309806,2,TOU,0.0,0.0,353.0,10.0,0,0,0,0,0,0,0,0
TF,FISTO,44.461389,1.227222,0, ,0.0,0.0,0.0,0.0,0,0,0,0,0,0,0,0

SID,FIST7A,14R,2
CA,0,141.0,2,2500,0,0,0,0,0,0
CF,D141H,43.574278,1.420189,0,TOU,141.0,8.0,141.0,1.0,0,0,0,0,0,0,0,0
FA,D141H,43.574278,1.420189,0,TOU,0.0,0.0,141.0,2,4000,0,0,0,0,0,0
CF,TOU,43.680833,1.309806,2,TOU,0.0,0.0,353.0,10.0,0,0,0,0,0,0,0,0
TF,FISTO,44.461389,1.227222,0, ,0.0,0.0,0.0,0.0,0,0,0,0,0,0,0,0

SID,FIST7B,32L,5
CA,0,321.0,2,1000,0,0,0,0,0,0
DF,BO320,43.718667,1.268167,0, ,0.0,0.0,0,0,0,0,0,0,0,0
TF,BO322,43.771250,1.250861,0, ,0.0,0.0,0.0,0.0,2,5000,0,0,0,0,0,0
TF,BO324,44.221639,1.235500,0, ,0.0,0.0,0.0,0.0,2,15000,0,0,0,0,0,0
TF,FISTO,44.461389,1.227222,0, ,0.0,0.0,0.0,0.0,0,0,0,0,0,0,0,0

SID,FIST7B,32R,5
CA,0,321.0,2,1000,0,0,0,0,0,0
DF,BO320,43.718667,1.268167,0, ,0.0,0.0,0,0,0,0,0,0,0,0
TF,BO322,43.771250,1.250861,0, ,0.0,0.0,0.0,0.0,2,5000,0,0,0,0,0,0
TF,BO324,44.221639,1.235500,0, ,0.0,0.0,0.0,0.0,2,15000,0,0,0,0,0,0
TF,FISTO,44.461389,1.227222,0, ,0.0,0.0,0.0,0.0,0,0,0,0,0,0,0,0

SID,FIST7H,14L,2
CA,0,141.0,2,1000,0,0,0,0,0,0
CF,TOU,43.680833,1.309806,2,TOU,0.0,0.0,353.0,5.0,2,4000,0,0,0,0,0,0
TF,FISTO,44.461389,1.227222,0, ,0.0,0.0,0.0,0.0,0,0,0,0,0,0,0,0

SID,FIST7H,14R,2
CA,0,141.0,2,1000,0,0,0,0,0,0
CF,TOU,43.680833,1.309806,2,TOU,0.0,0.0,353.0,5.0,2,4000,0,0,0,0,0,0
TF,FISTO,44.461389,1.227222,0, ,0.0,0.0,0.0,0.0,0,0,0,0,0,0,0,0

SID,GAUD7A,14L,5
CA,0,141.0,2,1000,0,0,0,0,0,0
DF,BO142,43.507278,1.486778,0, ,0.0,0.0,0,0,0,0,0,0,0,1
TF,BO144,43.302222,1.185833,0, ,0.0,0.0,0.0,0.0,0,0,0,0,0,0,0,0
TF,BO852,43.309444,0.940000,0, ,0.0,0.0,0.0,0.0,0,0,0,0,0,0,0,0
TF,GAUDE,43.000000,0.636667,0, ,0.0,0.0,0.0,0.0,2,20000,0,0,0,0,0,0

SID,GAUD7A,14R,5
CA,0,141.0,2,1000,0,0,0,0,0,0
DF,BO142,43.507278,1.486778,0, ,0.0,0.0,0,0,0,0,0,0,0,1
TF,BO144,43.302222,1.185833,0, ,0.0,0.0,0.0,0.0,0,0,0,0,0,0,0,0
TF,BO852,43.309444,0.940000,0, ,0.0,0.0,0.0,0.0,0,0,0,0,0,0,0,0
TF,GAUDE,43.000000,0.636667,0, ,0.0,0.0,0.0,0.0,2,20000,0,0,0,0,0,0

SID,GAUD7B,32L,5
CA,0,321.0,2,1000,0,0,0,0,0,0
DF,TOU,43.680833,1.309806,0, ,0.0,0.0,0,0,0,0,0,0,0,1
FA,TOU,43.680833,1.309806,0,TOU,0.0,0.0,306.0,2,4000,0,0,0,0,0,0
VI,1, ,0.0,169.0,0,0,0,0,0,0,0,0
CF,BO852,43.309444,0.940000,0,TOU,214.1,27.5,214.0,19.0,0,0,0,0,0,0,0,0
TF,GAUDE,43.000000,0.636667,0, ,0.0,0.0,0.0,0.0,2,20000,0,0,0,0,0,0

SID,GAUD7B,32R,5
CA,0,321.0,2,1000,0,0,0,0,0,0
DF,TOU,43.680833,1.309806,0, ,0.0,0.0,0,0,0,0,0,0,0,1
FA,TOU,43.680833,1.309806,0,TOU,0.0,0.0,306.0,2,4000,0,0,0,0,0,0
VI,1, ,0.0,169.0,0,0,0,0,0,0,0,0
CF,BO852,43.309444,0.940000,0,TOU,214.1,27.5,214.0,19.0,0,0,0,0,0,0,0,0
TF,GAUDE,43.000000,0.636667,0, ,0.0,0.0,0.0,0.0,2,20000,0,0,0,0,0,0

SID,LACO7A,14L,2
CA,0,141.0,2,2500,0,0,0,0,0,0
CF,D141H,43.574278,1.420189,0,TOU,141.0,8.0,141.0,1.0,0,0,0,0,0,0,0,0
FA,D141H,43.574278,1.420189,0,TOU,0.0,0.0,141.0,2,4000,0,0,0,0,0,0
CF,TOU,43.680833,1.309806,2,TOU,0.0,0.0,353.0,10.0,0,0,0,0,0,0,0,0
TF,LACOU,44.296778,0.904389,0, ,0.0,0.0,0.0,0.0,0,0,0,0,0,0,0,0

SID,LACO7A,14R,2
CA,0,141.0,2,2500,0,0,0,0,0,0
CF,D141H,43.574278,1.420189,0,TOU,141.0,8.0,141.0,1.0,0,0,0,0,0,0,0,0
FA,D141H,43.574278,1.420189,0,TOU,0.0,0.0,141.0,2,4000,0,0,0,0,0,0
CF,TOU,43.680833,1.309806,2,TOU,0.0,0.0,353.0,10.0,0,0,0,0,0,0,0,0
TF,LACOU,44.296778,0.904389,0, ,0.0,0.0,0.0,0.0,0,0,0,0,0,0,0,0

SID,LACO7B,32L,5
CA,0,321.0,2,1000,0,0,0,0,0,0
DF,BO320,43.718667,1.268167,0, ,0.0,0.0,0,0,0,0,0,0,0,0
TF,BO322,43.771250,1.250861,0, ,0.0,0.0,0.0,0.0,2,5000,0,0,0,0,0,0
TF,LACOU,44.296778,0.904389,0, ,0.0,0.0,0.0,0.0,0,0,0,0,0,0,0,0

SID,LACO7B,32R,5
CA,0,321.0,2,1000,0,0,0,0,0,0
DF,BO320,43.718667,1.268167,0, ,0.0,0.0,0,0,0,0,0,0,0,0
TF,BO322,43.771250,1.250861,0, ,0.0,0.0,0.0,0.0,2,5000,0,0,0,0,0,0
TF,LACOU,44.296778,0.904389,0, ,0.0,0.0,0.0,0.0,0,0,0,0,0,0,0,0

SID,LACO7H,14L,2
CA,0,141.0,2,1000,0,0,0,0,0,0
CF,TOU,43.680833,1.309806,2,TOU,0.0,0.0,353.0,5.0,2,4000,0,0,0,0,0,0
TF,LACOU,44.296778,0.904389,0, ,0.0,0.0,0.0,0.0,0,0,0,0,0,0,0,0

SID,LACO7H,14R,2
CA,0,141.0,2,1000,0,0,0,0,0,0
CF,TOU,43.680833,1.309806,2,TOU,0.0,0.0,353.0,5.0,2,4000,0,0,0,0,0,0
TF,LACOU,44.296778,0.904389,0, ,0.0,0.0,0.0,0.0,0,0,0,0,0,0,0,0

SID,LMB7A,14L,5
CA,0,141.0,2,1000,0,0,0,0,0,0
DF,BO142,43.507278,1.486778,0, ,0.0,0.0,0,0,0,0,0,0,0,1
TF,BO144,43.302222,1.185833,0, ,0.0,0.0,0.0,0.0,0,0,0,0,0,0,0,0
TF,BO852,43.309444,0.940000,0, ,0.0,0.0,0.0,0.0,0,0,0,0,0,0,0,0
TF,TALOL,43.321111,0.558333,0, ,0.0,0.0,0.0,0.0,0,0,0,0,0,0,0,0
TF,LMB,43.466667,-0.018417,0, ,0.0,0.0,0.0,0.0,0,0,0,0,0,0,0,0

SID,LMB7A,14R,5
CA,0,141.0,2,1000,0,0,0,0,0,0
DF,BO142,43.507278,1.486778,0, ,0.0,0.0,0,0,0,0,0,0,0,1
TF,BO144,43.302222,1.185833,0, ,0.0,0.0,0.0,0.0,0,0,0,0,0,0,0,0
TF,BO852,43.309444,0.940000,0, ,0.0,0.0,0.0,0.0,0,0,0,0,0,0,0,0
TF,TALOL,43.321111,0.558333,0, ,0.0,0.0,0.0,0.0,0,0,0,0,0,0,0,0
TF,LMB,43.466667,-0.018417,0, ,0.0,0.0,0.0,0.0,0,0,0,0,0,0,0,0

SID,LMB7B,32L,5
CA,0,321.0,2,1000,0,0,0,0,0,0
DF,TOU,43.680833,1.309806,0, ,0.0,0.0,0,0,0,0,0,0,0,1
FA,TOU,43.680833,1.309806,0,TOU,0.0,0.0,306.0,2,4000,0,0,0,0,0,0
VI,1, ,0.0,211.0,0,0,0,0,0,0,0,0
CF,BO850,43.592639,0.750000,0,TOU,256.0,25.0,256.0,16.0,0,0,0,0,0,0,0,0
TF,LMB,43.466667,-0.018417,0, ,0.0,0.0,0.0,0.0,0,0,0,0,0,0,0,0

SID,LMB7B,32R,5
CA,0,321.0,2,1000,0,0,0,0,0,0
DF,TOU,43.680833,1.309806,0, ,0.0,0.0,0,0,0,0,0,0,0,1
FA,TOU,43.680833,1.309806,0,TOU,0.0,0.0,306.0,2,4000,0,0,0,0,0,0
VI,1, ,0.0,211.0,0,0,0,0,0,0,0,0
CF,BO850,43.592639,0.750000,0,TOU,256.0,25.0,256.0,16.0,0,0,0,0,0,0,0,0
TF,LMB,43.466667,-0.018417,0, ,0.0,0.0,0.0,0.0,0,0,0,0,0,0,0,0

SID,MEN7A,14L,5
CA,0,141.0,2,1000,0,0,0,0,0,0
DF,BO140,43.574528,1.420639,0, ,0.0,0.0,0,0,0,0,0,0,0,1
CA,0,141.0,2,4000,0,0,0,0,0,0
DF,BO143,43.701833,1.704250,1, ,0.0,0.0,0,0,0,0,0,0,0,0
TF,BO145,43.861083,1.867500,0, ,0.0,0.0,0.0,0.0,0,0,0,0,0,0,0,0
TF,MEDAP,43.921556,2.021639,0, ,0.0,0.0,0.0,0.0,0,0,0,0,0,0,0,0
TF,MEN,44.608361,3.162417,0, ,0.0,0.0,0.0,0.0,0,0,0,0,0,0,0,0

SID,MEN7A,14R,5
CA,0,141.0,2,1000,0,0,0,0,0,0
DF,BO140,43.574528,1.420639,0, ,0.0,0.0,0,0,0,0,0,0,0,1
CA,0,141.0,2,4000,0,0,0,0,0,0
DF,BO143,43.701833,1.704250,1, ,0.0,0.0,0,0,0,0,0,0,0,0
TF,BO145,43.861083,1.867500,0, ,0.0,0.0,0.0,0.0,0,0,0,0,0,0,0,0
TF,MEDAP,43.921556,2.021639,0, ,0.0,0.0,0.0,0.0,0,0,0,0,0,0,0,0
TF,MEN,44.608361,3.162417,0, ,0.0,0.0,0.0,0.0,0,0,0,0,0,0,0,0

SID,MEN7B,32L,5
CA,0,321.0,2,1000,0,0,0,0,0,0
DF,TOU,43.680833,1.309806,0, ,0.0,0.0,0,0,0,0,0,0,0,1
DF,BO321,43.819694,1.549694,2, ,0.0,0.0,0,0,0,0,0,0,0,0
TF,MEDAP,43.921556,2.021639,0, ,0.0,0.0,0.0,0.0,0,0,0,0,0,0,0,0
TF,MEN,44.608361,3.162417,0, ,0.0,0.0,0.0,0.0,0,0,0,0,0,0,0,0

SID,MEN7B,32R,5
CA,0,321.0,2,1000,0,0,0,0,0,0
DF,TOU,43.680833,1.309806,0, ,0.0,0.0,0,0,0,0,0,0,0,1
DF,BO321,43.819694,1.549694,2, ,0.0,0.0,0,0,0,0,0,0,0,0
TF,MEDAP,43.921556,2.021639,0, ,0.0,0.0,0.0,0.0,0,0,0,0,0,0,0,0
TF,MEN,44.608361,3.162417,0, ,0.0,0.0,0.0,0.0,0,0,0,0,0,0,0,0

SID,MEN7H,14L,5
CA,0,141.0,2,1000,0,0,0,0,0,0
DF,BO141,43.689139,1.482611,1, ,0.0,0.0,0,0,0,0,0,0,0,0
TF,MEDAP,43.921556,2.021639,0, ,0.0,0.0,0.0,0.0,0,0,0,0,0,0,0,0
TF,MEN,44.608361,3.162417,0, ,0.0,0.0,0.0,0.0,0,0,0,0,0,0,0,0

SID,MEN7H,14R,5
CA,0,141.0,2,1000,0,0,0,0,0,0
DF,BO141,43.689139,1.482611,1, ,0.0,0.0,0,0,0,0,0,0,0,0
TF,MEDAP,43.921556,2.021639,0, ,0.0,0.0,0.0,0.0,0,0,0,0,0,0,0,0
TF,MEN,44.608361,3.162417,0, ,0.0,0.0,0.0,0.0,0,0,0,0,0,0,0,0

SID,MORI7A,14L,5
CA,0,141.0,2,1000,0,0,0,0,0,0
DF,BO140,43.574528,1.420639,0, ,0.0,0.0,0,0,0,0,0,0,0,1
TF,GALDO,43.259444,1.745833,0, ,0.0,0.0,0.0,0.0,0,0,0,0,0,0,0,0
TF,MORIL,43.065833,2.350278,0, ,0.0,0.0,0.0,0.0,0,0,0,0,0,0,0,0

SID,MORI7A,14R,5
CA,0,141.0,2,1000,0,0,0,0,0,0
DF,BO140,43.574528,1.420639,0, ,0.0,0.0,0,0,0,0,0,0,0,1
TF,GALDO,43.259444,1.745833,0, ,0.0,0.0,0.0,0.0,0,0,0,0,0,0,0,0
TF,MORIL,43.065833,2.350278,0, ,0.0,0.0,0.0,0.0,0,0,0,0,0,0,0,0

SID,MORI7B,32L,5
CA,0,321.0,2,1000,0,0,0,0,0,0
DF,TOU,43.680833,1.309806,0, ,0.0,0.0,0,0,0,0,0,0,0,1
DF,BO325,43.586972,1.407472,2, ,0.0,0.0,2,6000,0,0,0,0,0,0
TF,GALDO,43.259444,1.745833,0, ,0.0,0.0,0.0,0.0,0,0,0,0,0,0,0,0
TF,MORIL,43.065833,2.350278,0, ,0.0,0.0,0.0,0.0,0,0,0,0,0,0,0,0

SID,MORI7B,32R,5
CA,0,321.0,2,1000,0,0,0,0,0,0
DF,TOU,43.680833,1.309806,0, ,0.0,0.0,0,0,0,0,0,0,0,1
DF,BO325,43.586972,1.407472,2, ,0.0,0.0,2,6000,0,0,0,0,0,0
TF,GALDO,43.259444,1.745833,0, ,0.0,0.0,0.0,0.0,0,0,0,0,0,0,0,0
TF,MORIL,43.065833,2.350278,0, ,0.0,0.0,0.0,0.0,0,0,0,0,0,0,0,0

SID,RIBO7A,14L,5
CA,0,141.0,2,1000,0,0,0,0,0,0
DF,BO140,43.574528,1.420639,0, ,0.0,0.0,0,0,0,0,0,0,0,1
TF,GALDO,43.259444,1.745833,0, ,0.0,0.0,0.0,0.0,0,0,0,0,0,0,0,0
TF,RIBOU,43.079722,1.928889,0, ,0.0,0.0,0.0,0.0,2,12000,0,0,0,0,0,0

SID,RIBO7A,14R,5
CA,0,141.0,2,1000,0,0,0,0,0,0
DF,BO140,43.574528,1.420639,0, ,0.0,0.0,0,0,0,0,0,0,0,1
TF,GALDO,43.259444,1.745833,0, ,0.0,0.0,0.0,0.0,0,0,0,0,0,0,0,0
TF,RIBOU,43.079722,1.928889,0, ,0.0,0.0,0.0,0.0,2,12000,0,0,0,0,0,0

SID,RIBO7B,32L,5
CA,0,321.0,2,1000,0,0,0,0,0,0
DF,TOU,43.680833,1.309806,0, ,0.0,0.0,0,0,0,0,0,0,0,1
DF,BO325,43.586972,1.407472,2, ,0.0,0.0,2,6000,0,0,0,0,0,0
TF,GALDO,43.259444,1.745833,0, ,0.0,0.0,0.0,0.0,0,0,0,0,0,0,0,0
TF,RIBOU,43.079722,1.928889,0, ,0.0,0.0,0.0,0.0,2,12000,0,0,0,0,0,0

SID,RIBO7B,32R,5
CA,0,321.0,2,1000,0,0,0,0,0,0
DF,TOU,43.680833,1.309806,0, ,0.0,0.0,0,0,0,0,0,0,0,1
DF,BO325,43.586972,1.407472,2, ,0.0,0.0,2,6000,0,0,0,0,0,0
TF,GALDO,43.259444,1.745833,0, ,0.0,0.0,0.0,0.0,0,0,0,0,0,0,0,0
TF,RIBOU,43.079722,1.928889,0, ,0.0,0.0,0.0,0.0,2,12000,0,0,0,0,0,0

STAR,AFRI8N,32L,5
IF,AFRIC,43.774167,2.869167, ,0.0,0.0,0,0,0,0,0,0,0,0
TF,FARCI,43.537611,2.576333,0, ,0.0,0.0,0.0,0.0,0,0,0,0,0,0,0,0
TF,ADIMO,43.492000,1.908750,0, ,0.0,0.0,0.0,0.0,2,8000,0,0,0,0,0,0

STAR,AFRI8N,32R,5
IF,AFRIC,43.774167,2.869167, ,0.0,0.0,0,0,0,0,0,0,0,0
TF,FARCI,43.537611,2.576333,0, ,0.0,0.0,0.0,0.0,0,0,0,0,0,0,0,0
TF,ADIMO,43.492000,1.908750,0, ,0.0,0.0,0.0,0.0,2,8000,0,0,0,0,0,0

STAR,AFRI8S,14L,5
IF,AFRIC,43.774167,2.869167, ,0.0,0.0,0,0,0,0,0,0,0,0
TF,FARCI,43.537611,2.576333,0, ,0.0,0.0,0.0,0.0,0,0,0,0,0,0,0,0
TF,ADIMO,43.492000,1.908750,0, ,0.0,0.0,0.0,0.0,2,8000,0,0,0,0,0,0

STAR,AFRI8S,14R,5
IF,AFRIC,43.774167,2.869167, ,0.0,0.0,0,0,0,0,0,0,0,0
TF,FARCI,43.537611,2.576333,0, ,0.0,0.0,0.0,0.0,0,0,0,0,0,0,0,0
TF,ADIMO,43.492000,1.908750,0, ,0.0,0.0,0.0,0.0,2,8000,0,0,0,0,0,0

STAR,ASPE8N,32L,5
IF,ASPET,43.000000,0.979722, ,0.0,0.0,0,0,0,0,0,0,0,0
TF,OGRIL,43.292333,1.235083,0, ,0.0,0.0,0.0,0.0,2,8000,0,1,250,0,0,0
TF,SULIT,43.383694,1.252556,0, ,0.0,0.0,0.0,0.0,2,8000,0,0,0,0,0,0

STAR,ASPE8N,32R,5
IF,ASPET,43.000000,0.979722, ,0.0,0.0,0,0,0,0,0,0,0,0
TF,OGRIL,43.292333,1.235083,0, ,0.0,0.0,0.0,0.0,2,8000,0,1,250,0,0,0
TF,SULIT,43.383694,1.252556,0, ,0.0,0.0,0.0,0.0,2,8000,0,0,0,0,0,0

STAR,ASPE8S,14L,5
IF,ASPET,43.000000,0.979722, ,0.0,0.0,0,0,0,0,0,0,0,0
TF,OGRIL,43.292333,1.235083,0, ,0.0,0.0,0.0,0.0,3,16000,0,1,250,0,0,0
TF,SULIT,43.383694,1.252556,0, ,0.0,0.0,0.0,0.0,3,14000,0,0,0,0,0,0
TF,SURAS,43.642444,1.062833,0, ,0.0,0.0,0.0,0.0,2,8000,0,0,0,0,0,0

STAR,ASPE8S,14R,5
IF,ASPET,43.000000,0.979722, ,0.0,0.0,0,0,0,0,0,0,0,0
TF,OGRIL,43.292333,1.235083,0, ,0.0,0.0,0.0,0.0,3,16000,0,1,250,0,0,0
TF,SULIT,43.383694,1.252556,0, ,0.0,0.0,0.0,0.0,3,14000,0,0,0,0,0,0
TF,SURAS,43.642444,1.062833,0, ,0.0,0.0,0.0,0.0,2,8000,0,0,0,0,0,0

STAR,LMB8N,32L,5
IF,LMB,43.466667,-0.018417, ,0.0,0.0,0,0,0,0,0,0,0,0
TF,TALOL,43.321111,0.558333,0, ,0.0,0.0,0.0,0.0,0,0,0,0,0,0,0,0
TF,BOGRO,43.311389,0.750000,0, ,0.0,0.0,0.0,0.0,4,17000,15000,0,0,0,0,0
TF,OGRIL,43.292333,1.235083,0, ,0.0,0.0,0.0,0.0,2,8000,0,1,250,0,0,0
TF,SULIT,43.383694,1.252556,0, ,0.0,0.0,0.0,0.0,2,8000,0,0,0,0,0,0

STAR,LMB8N,32R,5
IF,LMB,43.466667,-0.018417, ,0.0,0.0,0,0,0,0,0,0,0,0
TF,TALOL,43.321111,0.558333,0, ,0.0,0.0,0.0,0.0,0,0,0,0,0,0,0,0
TF,BOGRO,43.311389,0.750000,0, ,0.0,0.0,0.0,0.0,4,17000,15000,0,0,0,0,0
TF,OGRIL,43.292333,1.235083,0, ,0.0,0.0,0.0,0.0,2,8000,0,1,250,0,0,0
TF,SULIT,43.383694,1.252556,0, ,0.0,0.0,0.0,0.0,2,8000,0,0,0,0,0,0

STAR,LMB8S,14L,5
IF,LMB,43.466667,-0.018417, ,0.0,0.0,0,0,0,0,0,0,0,0
TF,TADAN,43.576944,0.558333,0, ,0.0,0.0,0.0,0.0,0,0,0,0,0,0,0,0
TF,SURAS,43.642444,1.062833,0, ,0.0,0.0,0.0,0.0,2,8000,0,0,0,0,0,0

STAR,LMB8S,14R,5
IF,LMB,43.466667,-0.018417, ,0.0,0.0,0,0,0,0,0,0,0,0
TF,TADAN,43.576944,0.558333,0, ,0.0,0.0,0.0,0.0,0,0,0,0,0,0,0,0
TF,SURAS,43.642444,1.062833,0, ,0.0,0.0,0.0,0.0,2,8000,0,0,0,0,0,0

STAR,NARA8N,32L,5
IF,NARAK,44.295278,1.748889, ,0.0,0.0,3,19000,0,0,0,0,0,0
TF,FUZAP,43.981306,1.449444,0, ,0.0,0.0,0.0,0.0,2,8000,0,0,0,0,0,0

STAR,NARA8N,32R,5
IF,NARAK,44.295278,1.748889, ,0.0,0.0,3,19000,0,0,0,0,0,0
TF,FUZAP,43.981306,1.449444,0, ,0.0,0.0,0.0,0.0,2,8000,0,0,0,0,0,0

STAR,NARA8S,14L,5
IF,NARAK,44.295278,1.748889, ,0.0,0.0,3,15000,0,0,0,0,0,0
TF,FUZAP,43.981306,1.449444,0, ,0.0,0.0,0.0,0.0,2,8000,0,0,0,0,0,0

STAR,NARA8S,14R,5
IF,NARAK,44.295278,1.748889, ,0.0,0.0,3,15000,0,0,0,0,0,0
TF,FUZAP,43.981306,1.449444,0, ,0.0,0.0,0.0,0.0,2,8000,0,0,0,0,0,0

STAR,ORBI8N,32L,5
IF,ORBIL,43.190000,2.493333, ,0.0,0.0,0,0,0,0,0,0,0,0
TF,SALSI,43.347778,2.357222,0, ,0.0,0.0,0.0,0.0,0,0,0,0,0,0,0,0
TF,ADIMO,43.492000,1.908750,0, ,0.0,0.0,0.0,0.0,2,8000,0,0,0,0,0,0

STAR,ORBI8N,32R,5
IF,ORBIL,43.190000,2.493333, ,0.0,0.0,0,0,0,0,0,0,0,0
TF,SALSI,43.347778,2.357222,0, ,0.0,0.0,0.0,0.0,0,0,0,0,0,0,0,0
TF,ADIMO,43.492000,1.908750,0, ,0.0,0.0,0.0,0.0,2,8000,0,0,0,0,0,0

STAR,ORBI8S,14L,5
IF,ORBIL,43.190000,2.493333, ,0.0,0.0,0,0,0,0,0,0,0,0
TF,SALSI,43.347778,2.357222,0, ,0.0,0.0,0.0,0.0,0,0,0,0,0,0,0,0
TF,ADIMO,43.492000,1.908750,0, ,0.0,0.0,0.0,0.0,2,8000,0,0,0,0,0,0

STAR,ORBI8S,14R,5
IF,ORBIL,43.190000,2.493333, ,0.0,0.0,0,0,0,0,0,0,0,0
TF,SALSI,43.347778,2.357222,0, ,0.0,0.0,0.0,0.0,0,0,0,0,0,0,0,0
TF,ADIMO,43.492000,1.908750,0, ,0.0,0.0,0.0,0.0,2,8000,0,0,0,0,0,0

STAR,SECH8N,32L,5
IF,SECHE,44.438611,0.515278, ,0.0,0.0,4,24000,15000,0,0,0,0,0
TF,AGN,43.888028,0.872861,0, ,0.0,0.0,0.0,0.0,0,0,0,0,0,0,0,0
TF,AGENO,43.489778,1.274472,0, ,0.0,0.0,0.0,0.0,2,8000,0,0,0,0,0,0
TF,SULIT,43.383694,1.252556,0, ,0.0,0.0,0.0,0.0,2,8000,0,0,0,0,0,0

STAR,SECH8N,32R,5
IF,SECHE,44.438611,0.515278, ,0.0,0.0,4,24000,15000,0,0,0,0,0
TF,AGN,43.888028,0.872861,0, ,0.0,0.0,0.0,0.0,0,0,0,0,0,0,0,0
TF,AGENO,43.489778,1.274472,0, ,0.0,0.0,0.0,0.0,2,8000,0,0,0,0,0,0
TF,SULIT,43.383694,1.252556,0, ,0.0,0.0,0.0,0.0,2,8000,0,0,0,0,0,0

STAR,SECH8S,14L,5
IF,SECHE,44.438611,0.515278, ,0.0,0.0,4,19000,15000,0,0,0,0,0
TF,AGN,43.888028,0.872861,0, ,0.0,0.0,0.0,0.0,4,11000,8000,0,0,0,0,0
TF,SURAS,43.642444,1.062833,0, ,0.0,0.0,0.0,0.0,2,8000,0,0,0,0,0,0

STAR,SECH8S,14R,5
IF,SECHE,44.438611,0.515278, ,0.0,0.0,4,19000,15000,0,0,0,0,0
TF,AGN,43.888028,0.872861,0, ,0.0,0.0,0.0,0.0,4,11000,8000,0,0,0,0,0
TF,SURAS,43.642444,1.062833,0, ,0.0,0.0,0.0,0.0,2,8000,0,0,0,0,0,0

STAR,TOPT8N,32L,5
IF,TOPTU,42.796611,-0.193611, ,0.0,0.0,0,0,0,0,0,0,0,0
TF,LALGO,43.042181,0.252772,0, ,0.0,0.0,0.0,0.0,2,20000,0,0,0,0,0,0
TF,BOGRO,43.311389,0.750000,0, ,0.0,0.0,0.0,0.0,4,17000,15000,0,0,0,0,0
TF,OGRIL,43.292333,1.235083,0, ,0.0,0.0,0.0,0.0,2,8000,0,1,250,0,0,0
TF,SULIT,43.383694,1.252556,0, ,0.0,0.0,0.0,0.0,2,8000,0,0,0,0,0,0

STAR,TOPT8N,32R,5
IF,TOPTU,42.796611,-0.193611, ,0.0,0.0,0,0,0,0,0,0,0,0
TF,LALGO,43.042181,0.252772,0, ,0.0,0.0,0.0,0.0,2,20000,0,0,0,0,0,0
TF,BOGRO,43.311389,0.750000,0, ,0.0,0.0,0.0,0.0,4,17000,15000,0,0,0,0,0
TF,OGRIL,43.292333,1.235083,0, ,0.0,0.0,0.0,0.0,2,8000,0,1,250,0,0,0
TF,SULIT,43.383694,1.252556,0, ,0.0,0.0,0.0,0.0,2,8000,0,0,0,0,0,0

STAR,TOPT8S,14L,5
IF,TOPTU,42.796611,-0.193611, ,0.0,0.0,0,0,0,0,0,0,0,0
TF,LALGO,43.042181,0.252772,0, ,0.0,0.0,0.0,0.0,2,20000,0,0,0,0,0,0
TF,BOGRO,43.311389,0.750000,0, ,0.0,0.0,0.0,0.0,4,19000,15000,0,0,0,0,0
TF,OGRIL,43.292333,1.235083,0, ,0.0,0.0,0.0,0.0,3,16000,0,1,250,0,0,0
TF,SULIT,43.383694,1.252556,0, ,0.0,0.0,0.0,0.0,3,14000,0,0,0,0,0,0
TF,SURAS,43.642444,1.062833,0, ,0.0,0.0,0.0,0.0,2,8000,0,0,0,0,0,0

STAR,TOPT8S,14R,5
IF,TOPTU,42.796611,-0.193611, ,0.0,0.0,0,0,0,0,0,0,0,0
TF,LALGO,43.042181,0.252772,0, ,0.0,0.0,0.0,0.0,2,20000,0,0,0,0,0,0
TF,BOGRO,43.311389,0.750000,0, ,0.0,0.0,0.0,0.0,4,19000,15000,0,0,0,0,0
TF,OGRIL,43.292333,1.235083,0, ,0.0,0.0,0.0,0.0,3,16000,0,1,250,0,0,0
TF,SULIT,43.383694,1.252556,0, ,0.0,0.0,0.0,0.0,3,14000,0,0,0,0,0,0
TF,SURAS,43.642444,1.062833,0, ,0.0,0.0,0.0,0.0,2,8000,0,0,0,0,0,0

FINAL,D14R,14R,D,4
IF,CD14R,43.789222,1.202639,TOU,322.4,8.0,2,3000,0,0,0,0,0,0
CF,FD14R,43.748472,1.242972,0,TOU,322.4,5.0,143.0,3.0,2,3000,0,0,0,0,2,0
CF,15VOR,43.701158,1.289739,0,TOU,322.4,1.5,143.0,3.5,2,1880,0,0,0,0,0,0
CF,RW14R,43.644114,1.345933,0,TOU,142.5,2.7,143.0,4.2,1,544,0,0,0,0,3,0
CA,0,143.0,2,4000,0,0,0,0,0,0
VM,0,0,0,143.0,1,4000,0,0,0,0,0,0

FINAL,D32L,32L,D,4
IF,CD32L,43.474833,1.516639,TOU,141.8,15.3,2,3000,0,0,0,0,0,0
CF,FD32L,43.515278,1.476167,0,TOU,141.8,12.3,322.0,3.0,2,3000,0,0,0,0,2,0
CF,80VOR,43.573167,1.418125,0,TOU,141.8,8.0,322.0,4.3,2,1630,0,0,0,0,0,0
CF,RW32L,43.618964,1.372117,0,TOU,141.8,4.6,322.0,3.4,1,547,0,0,0,0,3,0
CF,TOU,43.680833,1.309806,0,TOU,0.0,0.0,322.0,4.6,0,0,0,0,0,0,0,0
FM,TOU,43.680833,1.309806,0,TOU,0.0,0.0,322.0,1,4000,0,0,0,0,0,0

FINAL,I14LY,14L,I,3
IF,CF14L,43.787917,1.200389,TG,320.9,13.1,2,3000,0,1,210,0,0,0
CF,FF14L,43.740028,1.250417,0,TG,320.9,9.5,141.0,3.6,1,3000,0,0,0,0,2,0
CF,RW14L,43.637364,1.357625,0,TG,320.9,1.8,141.0,7.7,1,539,0,0,0,0,3,0
CA,0,141.0,2,4000,0,0,0,0,0,0
VM,0,0,0,141.0,1,4000,0,0,0,0,0,0

APPTR,I14LZ,14L,ADIMO
IF,ADIMO,43.492000,1.908750, ,0.0,0.0,2,8000,0,0,0,0,1,0
TF,BO506,43.745111,1.463583,0, ,0.0,0.0,0.0,0.0,2,8000,0,0,0,0,0,0
TF,BO509,43.864333,1.251444,0, ,0.0,0.0,0.0,0.0,2,4000,0,0,0,0,0,0
TF,IO14L,43.787917,1.200389,1,TG,0.0,0.0,0.0,0.0,2,3000,0,1,210,0,1,0

APPTR,I14LZ,14L,AGN
IF,AGN,43.888028,0.872861, ,0.0,0.0,2,8000,0,0,0,0,1,0
TF,BO508,43.869778,1.109722,0, ,0.0,0.0,0.0,0.0,0,0,0,0,0,0,0,0
TF,IO14L,43.787917,1.200389,0,TG,0.0,0.0,0.0,0.0,2,3000,0,1,210,0,1,0

APPTR,I14LZ,14L,FUZAP
IF,FUZAP,43.981306,1.449444, ,0.0,0.0,2,8000,0,0,0,0,1,0
TF,BO509,43.864333,1.251444,0, ,0.0,0.0,0.0,0.0,2,4000,0,0,0,0,0,0
TF,IO14L,43.787917,1.200389,0,TG,0.0,0.0,0.0,0.0,2,3000,0,1,210,0,1,0

APPTR,I14LZ,14L,SURAS
IF,SURAS,43.642444,1.062833, ,0.0,0.0,2,8000,0,0,0,0,1,0
TF,BO507,43.769833,1.078972,0, ,0.0,0.0,0.0,0.0,0,0,0,0,0,0,0,0
TF,IO14L,43.787917,1.200389,0,TG,0.0,0.0,0.0,0.0,2,3000,0,1,210,0,1,0

FINAL,I14LZ,14L,I,3
IF,IO14L,43.787917,1.200389,TG,320.9,13.1,2,3000,0,1,210,0,0,0
CF,FF14L,43.740028,1.250417,0,TG,320.9,9.5,141.0,3.6,1,3000,0,0,0,0,2,0
CF,RW14L,43.637364,1.357625,0,TG,320.9,1.8,141.0,7.7,1,539,0,0,0,0,3,0
TF,BO512,43.560389,1.432944,0, ,0.0,0.0,0.0,0.0,0,0,0,0,0,0,0,0
TF,BO513,43.571917,1.532111,0, ,0.0,0.0,0.0,0.0,2,3000,0,1,190,0,0,0
TF,BO514,43.673139,1.538667,0, ,0.0,0.0,0.0,0.0,0,0,0,0,0,0,0,0
TF,BO515,43.834806,1.418861,0, ,0.0,0.0,0.0,0.0,1,4000,0,0,0,0,0,0
TF,FUZAP,43.981306,1.449444,0, ,0.0,0.0,0.0,0.0,4,7000,5000,0,0,0,0,1

FINAL,I14RY,14R,I,3
IF,CF14R,43.794389,1.188889,TBS,320.9,13.5,2,3000,0,1,210,0,0,0
CF,FF14R,43.746556,1.238861,0,TBS,320.9,9.9,141.0,3.6,1,3000,0,0,0,0,2,0
CF,RW14R,43.644114,1.345933,0,TBS,320.9,2.2,141.0,7.7,1,544,0,0,0,0,3,0
CA,0,141.0,2,4000,0,0,0,0,0,0
VM,0,0,0,141.0,1,4000,0,0,0,0,0,0

APPTR,I14RZ,14R,ADIMO
IF,ADIMO,43.492000,1.908750, ,0.0,0.0,2,8000,0,0,0,0,1,0
TF,BO506,43.745111,1.463583,0, ,0.0,0.0,0.0,0.0,2,8000,0,0,0,0,0,0
TF,BO509,43.864333,1.251444,0, ,0.0,0.0,0.0,0.0,2,4000,0,0,0,0,0,0
TF,IO14R,43.794389,1.188889,1,TBS,0.0,0.0,0.0,0.0,2,3000,0,1,210,0,1,0

APPTR,I14RZ,14R,AGN
IF,AGN,43.888028,0.872861, ,0.0,0.0,2,8000,0,0,0,0,1,0
TF,BO508,43.869778,1.109722,0, ,0.0,0.0,0.0,0.0,0,0,0,0,0,0,0,0
TF,IO14R,43.794389,1.188889,0,TBS,0.0,0.0,0.0,0.0,2,3000,0,1,210,0,1,0

APPTR,I14RZ,14R,FUZAP
IF,FUZAP,43.981306,1.449444, ,0.0,0.0,2,8000,0,0,0,0,1,0
TF,BO509,43.864333,1.251444,0, ,0.0,0.0,0.0,0.0,2,4000,0,0,0,0,0,0
TF,IO14R,43.794389,1.188889,0,TBS,0.0,0.0,0.0,0.0,2,3000,0,1,210,0,1,0

APPTR,I14RZ,14R,SURAS
IF,SURAS,43.642444,1.062833, ,0.0,0.0,2,8000,0,0,0,0,1,0
TF,BO507,43.769833,1.078972,0, ,0.0,0.0,0.0,0.0,0,0,0,0,0,0,0,0
TF,IO14R,43.794389,1.188889,0,TBS,0.0,0.0,0.0,0.0,2,3000,0,1,210,0,1,0

FINAL,I14RZ,14R,I,3
IF,IO14R,43.794389,1.188889,TBS,320.9,13.5,2,3000,0,1,210,0,0,0
CF,FF14R,43.746556,1.238861,0,TBS,320.9,9.9,141.0,3.6,1,3000,0,0,0,0,2,0
CF,RW14R,43.644114,1.345933,0,TBS,320.9,2.2,141.0,7.7,1,544,0,0,0,0,3,0
TF,BO512,43.560389,1.432944,0, ,0.0,0.0,0.0,0.0,0,0,0,0,0,0,0,0
TF,BO513,43.571917,1.532111,0, ,0.0,0.0,0.0,0.0,2,3000,0,1,190,0,0,0
TF,BO514,43.673139,1.538667,0, ,0.0,0.0,0.0,0.0,0,0,0,0,0,0,0,0
TF,BO515,43.834806,1.418861,0, ,0.0,0.0,0.0,0.0,1,4000,0,0,0,0,0,0
TF,FUZAP,43.981306,1.449444,0, ,0.0,0.0,0.0,0.0,4,7000,5000,0,0,0,0,1

FINAL,I32LY,32L,I,3
IF,CF32L,43.468472,1.528194,TBN,140.9,13.5,2,3000,0,1,210,0,0,0
CF,FF32L,43.516444,1.478444,0,TBN,140.9,9.9,321.0,3.6,1,3000,0,0,0,0,2,0
CF,RW32L,43.618964,1.372117,0,TBN,140.9,2.2,321.0,7.7,1,547,0,0,0,0,3,0
CA,0,321.0,2,4000,0,0,0,0,0,0
VM,0,0,0,321.0,1,4000,0,0,0,0,0,0

APPTR,I32LZ,32L,ADIMO
IF,ADIMO,43.492000,1.908750, ,0.0,0.0,2,8000,0,0,0,0,1,0
TF,BO606,43.486083,1.727194,0, ,0.0,0.0,0.0,0.0,0,0,0,1,230,0,0,0
TF,BO603,43.482194,1.612833,0, ,0.0,0.0,0.0,0.0,2,4000,0,0,0,0,0,0
TF,IO32L,43.468472,1.528194,0,TBN,0.0,0.0,0.0,0.0,2,3000,0,1,210,0,1,0

APPTR,I32LZ,32L,AGENO
IF,AGENO,43.489778,1.274472, ,0.0,0.0,2,8000,0,0,0,0,1,0
TF,BO602,43.395083,1.473972,0, ,0.0,0.0,0.0,0.0,2,5000,0,0,0,0,0,0
TF,IO32L,43.468472,1.528194,1,TBN,0.0,0.0,0.0,0.0,2,3000,0,1,210,0,1,0

APPTR,I32LZ,32L,FUZAP
IF,FUZAP,43.981306,1.449444, ,0.0,0.0,2,8000,0,0,0,0,1,0
TF,BO608,43.826889,1.412611,0, ,0.0,0.0,0.0,0.0,0,0,0,0,0,0,0,0
TF,BO607,43.725722,1.521639,0, ,0.0,0.0,0.0,0.0,2,8000,0,0,0,0,0,0
TF,BO605,43.619556,1.635556,0, ,0.0,0.0,0.0,0.0,2,5000,0,0,0,0,0,0
TF,BO604,43.553361,1.624583,0, ,0.0,0.0,0.0,0.0,0,0,0,1,230,0,0,0
TF,BO603,43.482194,1.612833,0, ,0.0,0.0,0.0,0.0,2,4000,0,0,0,0,0,0
TF,IO32L,43.468472,1.528194,0,TBN,0.0,0.0,0.0,0.0,2,3000,0,1,210,0,1,0

APPTR,I32LZ,32L,OGRIL
IF,OGRIL,43.292333,1.235083, ,0.0,0.0,2,8000,0,0,0,0,1,0
TF,BO602,43.395083,1.473972,0, ,0.0,0.0,0.0,0.0,2,5000,0,0,0,0,0,0
TF,IO32L,43.468472,1.528194,0,TBN,0.0,0.0,0.0,0.0,2,3000,0,1,210,0,1,0

APPTR,I32LZ,32L,SULIT
IF,SULIT,43.383694,1.252556, ,0.0,0.0,2,8000,0,0,0,0,1,0
TF,BO602,43.395083,1.473972,0, ,0.0,0.0,0.0,0.0,2,5000,0,0,0,0,0,0
TF,IO32L,43.468472,1.528194,0,TBN,0.0,0.0,0.0,0.0,2,3000,0,1,210,0,1,0

FINAL,I32LZ,32L,I,3
IF,IO32L,43.468472,1.528194,TBN,140.9,13.5,2,3000,0,1,210,0,0,0
CF,FF32L,43.516444,1.478444,0,TBN,140.9,9.9,321.0,3.6,1,3000,0,0,0,0,2,0
CF,RW32L,43.618964,1.372117,0,TBN,140.9,2.2,321.0,7.7,1,547,0,0,0,0,3,0
TF,TOU,43.680833,1.309806,0, ,0.0,0.0,0.0,0.0,0,0,0,0,0,0,0,1
TF,BO614,43.773861,1.119111,0, ,0.0,0.0,0.0,0.0,3,4000,0,0,0,0,0,0
TF,BO616,43.718778,0.899583,0, ,0.0,0.0,0.0,0.0,2,5000,0,0,0,0,0,0
TF,BO618,43.494028,0.974500,0, ,0.0,0.0,0.0,0.0,0,0,0,0,0,0,0,0
TF,SULIT,43.383694,1.252556,0, ,0.0,0.0,0.0,0.0,0,0,0,0,0,0,0,1

FINAL,I32RY,32R,I,3
IF,CF32R,43.465222,1.536194,TD,140.9,13.1,2,3000,0,1,210,0,0,0
CF,FF32R,43.513139,1.486611,0,TD,140.9,9.5,321.0,3.6,1,3000,0,0,0,0,2,0
CF,RW32R,43.615636,1.380236,0,TD,140.9,1.8,321.0,7.7,1,547,0,0,0,0,3,0
CA,0,321.0,2,4000,0,0,0,0,0,0
VM,0,0,0,321.0,1,4000,0,0,0,0,0,0

APPTR,I32RZ,32R,ADIMO
IF,ADIMO,43.492000,1.908750, ,0.0,0.0,2,8000,0,0,0,0,1,0
TF,BO606,43.486083,1.727194,0, ,0.0,0.0,0.0,0.0,0,0,0,1,230,0,0,0
TF,BO603,43.482194,1.612833,0, ,0.0,0.0,0.0,0.0,2,4000,0,0,0,0,0,0
TF,IO32R,43.465222,1.536194,0,TD,0.0,0.0,0.0,0.0,2,3000,0,1,210,0,1,0

APPTR,I32RZ,32R,AGENO
IF,AGENO,43.489778,1.274472, ,0.0,0.0,2,8000,0,0,0,0,1,0
TF,BO602,43.395083,1.473972,0, ,0.0,0.0,0.0,0.0,2,5000,0,0,0,0,0,0
TF,IO32R,43.465222,1.536194,0,TD,0.0,0.0,0.0,0.0,2,3000,0,1,210,0,1,0

APPTR,I32RZ,32R,FUZAP
IF,FUZAP,43.981306,1.449444, ,0.0,0.0,2,8000,0,0,0,0,1,0
TF,BO608,43.826889,1.412611,0, ,0.0,0.0,0.0,0.0,0,0,0,0,0,0,0,0
TF,BO607,43.725722,1.521639,0, ,0.0,0.0,0.0,0.0,2,8000,0,0,0,0,0,0
TF,BO605,43.619556,1.635556,0, ,0.0,0.0,0.0,0.0,2,5000,0,0,0,0,0,0
TF,BO604,43.553361,1.624583,0, ,0.0,0.0,0.0,0.0,0,0,0,1,230,0,0,0
TF,BO603,43.482194,1.612833,0, ,0.0,0.0,0.0,0.0,2,4000,0,0,0,0,0,0
TF,IO32R,43.465222,1.536194,0,TD,0.0,0.0,0.0,0.0,2,3000,0,1,210,0,1,0

APPTR,I32RZ,32R,OGRIL
IF,OGRIL,43.292333,1.235083, ,0.0,0.0,2,8000,0,0,0,0,1,0
TF,BO602,43.395083,1.473972,0, ,0.0,0.0,0.0,0.0,2,5000,0,0,0,0,0,0
TF,IO32R,43.465222,1.536194,0,TD,0.0,0.0,0.0,0.0,2,3000,0,1,210,0,1,0

APPTR,I32RZ,32R,SULIT
IF,SULIT,43.383694,1.252556, ,0.0,0.0,2,8000,0,0,0,0,1,0
TF,BO602,43.395083,1.473972,0, ,0.0,0.0,0.0,0.0,2,5000,0,0,0,0,0,0
TF,IO32R,43.465222,1.536194,0,TD,0.0,0.0,0.0,0.0,2,3000,0,1,210,0,1,0

FINAL,I32RZ,32R,I,3
IF,IO32R,43.465222,1.536194,TD,140.9,13.1,2,3000,0,1,210,0,0,0
CF,FF32R,43.513139,1.486611,0,TD,140.9,9.5,321.0,3.6,1,3000,0,0,0,0,2,0
CF,RW32R,43.615636,1.380236,0,TD,140.9,1.8,321.0,7.7,1,547,0,0,0,0,3,0
TF,TOU,43.680833,1.309806,0, ,0.0,0.0,0.0,0.0,0,0,0,0,0,0,0,1
TF,BO614,43.773861,1.119111,0, ,0.0,0.0,0.0,0.0,3,4000,0,0,0,0,0,0
TF,BO616,43.718778,0.899583,0, ,0.0,0.0,0.0,0.0,2,5000,0,0,0,0,0,0
TF,BO618,43.494028,0.974500,0, ,0.0,0.0,0.0,0.0,0,0,0,0,0,0,0,0
TF,SULIT,43.383694,1.252556,0, ,0.0,0.0,0.0,0.0,0,0,0,0,0,0,0,1

APPTR,R14L,14L,ADIMO
IF,ADIMO,43.492000,1.908750, ,0.0,0.0,2,8000,0,0,0,0,1,0
TF,BO506,43.745111,1.463583,0, ,0.0,0.0,0.0,0.0,2,8000,0,0,0,0,0,0
TF,BO509,43.864333,1.251444,0, ,0.0,0.0,0.0,0.0,2,4000,0,0,0,0,0,0
TF,IO14L,43.787917,1.200389,1, ,0.0,0.0,0.0,0.0,2,3000,0,1,210,0,1,0

APPTR,R14L,14L,AGN
IF,AGN,43.888028,0.872861, ,0.0,0.0,2,8000,0,0,0,0,1,0
TF,BO508,43.869778,1.109722,0, ,0.0,0.0,0.0,0.0,0,0,0,0,0,0,0,0
TF,IO14L,43.787917,1.200389,0, ,0.0,0.0,0.0,0.0,2,3000,0,1,210,0,1,0

APPTR,R14L,14L,FUZAP
IF,FUZAP,43.981306,1.449444, ,0.0,0.0,2,8000,0,0,0,0,1,0
TF,BO509,43.864333,1.251444,0, ,0.0,0.0,0.0,0.0,2,4000,0,0,0,0,0,0
TF,IO14L,43.787917,1.200389,0, ,0.0,0.0,0.0,0.0,2,3000,0,1,210,0,1,0

APPTR,R14L,14L,SURAS
IF,SURAS,43.642444,1.062833, ,0.0,0.0,2,8000,0,0,0,0,1,0
TF,BO507,43.769833,1.078972,0, ,0.0,0.0,0.0,0.0,0,0,0,0,0,0,0,0
TF,IO14L,43.787917,1.200389,0, ,0.0,0.0,0.0,0.0,2,3000,0,1,210,0,1,0

FINAL,R14L,14L,R,3
IF,IO14L,43.787917,1.200389, ,0.0,0.0,2,3000,0,1,210,0,0,0
TF,FO14L,43.740083,1.250472,0, ,0.0,0.0,141.0,3.6,1,3000,0,0,0,0,2,0
TF,RW14L,43.637364,1.357625,0, ,0.0,0.0,141.0,7.7,1,539,0,0,0,0,3,1
TF,BO512,43.560389,1.432944,0, ,0.0,0.0,0.0,0.0,0,0,0,0,0,0,0,0
TF,BO513,43.571917,1.532111,0, ,0.0,0.0,0.0,0.0,2,3000,0,1,190,0,0,0
TF,BO514,43.673139,1.538667,0, ,0.0,0.0,0.0,0.0,0,0,0,0,0,0,0,0
TF,BO515,43.834806,1.418861,0, ,0.0,0.0,0.0,0.0,1,4000,0,0,0,0,0,0
TF,FUZAP,43.981306,1.449444,0, ,0.0,0.0,0.0,0.0,4,7000,5000,0,0,0,0,1

APPTR,R14R,14R,ADIMO
IF,ADIMO,43.492000,1.908750, ,0.0,0.0,2,8000,0,0,0,0,1,0
TF,BO506,43.745111,1.463583,0, ,0.0,0.0,0.0,0.0,2,8000,0,0,0,0,0,0
TF,BO509,43.864333,1.251444,0, ,0.0,0.0,0.0,0.0,2,4000,0,0,0,0,0,0
TF,IO14R,43.794389,1.188889,1, ,0.0,0.0,0.0,0.0,2,3000,0,1,210,0,1,0

APPTR,R14R,14R,AGN
IF,AGN,43.888028,0.872861, ,0.0,0.0,2,8000,0,0,0,0,1,0
TF,BO508,43.869778,1.109722,0, ,0.0,0.0,0.0,0.0,0,0,0,0,0,0,0,0
TF,IO14R,43.794389,1.188889,0, ,0.0,0.0,0.0,0.0,2,3000,0,1,210,0,1,0

APPTR,R14R,14R,FUZAP
IF,FUZAP,43.981306,1.449444, ,0.0,0.0,2,8000,0,0,0,0,1,0
TF,BO509,43.864333,1.251444,0, ,0.0,0.0,0.0,0.0,2,4000,0,0,0,0,0,0
TF,IO14R,43.794389,1.188889,0, ,0.0,0.0,0.0,0.0,2,3000,0,1,210,0,1,0

APPTR,R14R,14R,SURAS
IF,SURAS,43.642444,1.062833, ,0.0,0.0,2,8000,0,0,0,0,1,0
TF,BO507,43.769833,1.078972,0, ,0.0,0.0,0.0,0.0,0,0,0,0,0,0,0,0
TF,IO14R,43.794389,1.188889,0, ,0.0,0.0,0.0,0.0,2,3000,0,1,210,0,1,0

FINAL,R14R,14R,R,3
IF,IO14R,43.794389,1.188889, ,0.0,0.0,2,3000,0,1,210,0,0,0
TF,FO14R,43.746611,1.238944,0, ,0.0,0.0,141.0,3.6,1,3000,0,0,0,0,2,0
TF,RW14R,43.644114,1.345933,0, ,0.0,0.0,141.0,7.7,1,544,0,0,0,0,3,1
TF,BO512,43.560389,1.432944,0, ,0.0,0.0,0.0,0.0,0,0,0,0,0,0,0,0
TF,BO513,43.571917,1.532111,0, ,0.0,0.0,0.0,0.0,2,3000,0,1,190,0,0,0
TF,BO514,43.673139,1.538667,0, ,0.0,0.0,0.0,0.0,0,0,0,0,0,0,0,0
TF,BO515,43.834806,1.418861,0, ,0.0,0.0,0.0,0.0,1,4000,0,0,0,0,0,0
TF,FUZAP,43.981306,1.449444,0, ,0.0,0.0,0.0,0.0,4,7000,5000,0,0,0,0,1

APPTR,R32L,32L,ADIMO
IF,ADIMO,43.492000,1.908750, ,0.0,0.0,2,8000,0,0,0,0,1,0
TF,BO606,43.486083,1.727194,0, ,0.0,0.0,0.0,0.0,0,0,0,1,230,0,0,0
TF,BO603,43.482194,1.612833,0, ,0.0,0.0,0.0,0.0,2,4000,0,0,0,0,0,0
TF,IO32L,43.468472,1.528194,0, ,0.0,0.0,0.0,0.0,2,3000,0,1,210,0,1,0

APPTR,R32L,32L,AGENO
IF,AGENO,43.489778,1.274472, ,0.0,0.0,2,8000,0,0,0,0,1,0
TF,BO602,43.395083,1.473972,0, ,0.0,0.0,0.0,0.0,2,5000,0,0,0,0,0,0
TF,IO32L,43.468472,1.528194,1, ,0.0,0.0,0.0,0.0,2,3000,0,1,210,0,1,0

APPTR,R32L,32L,FUZAP
IF,FUZAP,43.981306,1.449444, ,0.0,0.0,2,8000,0,0,0,0,1,0
TF,BO608,43.826889,1.412611,0, ,0.0,0.0,0.0,0.0,0,0,0,0,0,0,0,0
TF,BO607,43.725722,1.521639,0, ,0.0,0.0,0.0,0.0,2,8000,0,0,0,0,0,0
TF,BO605,43.619556,1.635556,0, ,0.0,0.0,0.0,0.0,2,5000,0,0,0,0,0,0
TF,BO604,43.553361,1.624583,0, ,0.0,0.0,0.0,0.0,0,0,0,1,230,0,0,0
TF,BO603,43.482194,1.612833,0, ,0.0,0.0,0.0,0.0,2,4000,0,0,0,0,0,0
TF,IO32L,43.468472,1.528194,0, ,0.0,0.0,0.0,0.0,2,3000,0,1,210,0,1,0

APPTR,R32L,32L,OGRIL
IF,OGRIL,43.292333,1.235083, ,0.0,0.0,2,8000,0,0,0,0,1,0
TF,BO602,43.395083,1.473972,0, ,0.0,0.0,0.0,0.0,2,5000,0,0,0,0,0,0
TF,IO32L,43.468472,1.528194,0, ,0.0,0.0,0.0,0.0,2,3000,0,1,210,0,1,0

APPTR,R32L,32L,SULIT
IF,SULIT,43.383694,1.252556, ,0.0,0.0,2,8000,0,0,0,0,1,0
TF,BO602,43.395083,1.473972,0, ,0.0,0.0,0.0,0.0,2,5000,0,0,0,0,0,0
TF,IO32L,43.468472,1.528194,0, ,0.0,0.0,0.0,0.0,2,3000,0,1,210,0,1,0

FINAL,R32L,32L,R,3
IF,IO32L,43.468472,1.528194, ,0.0,0.0,2,3000,0,1,210,0,0,0
TF,FO32L,43.516472,1.478528,0, ,0.0,0.0,321.0,3.6,1,3000,0,0,0,0,2,0
TF,RW32L,43.618964,1.372117,0, ,0.0,0.0,321.0,7.7,1,547,0,0,0,0,3,1
TF,TOU,43.680833,1.309806,0, ,0.0,0.0,0.0,0.0,0,0,0,0,0,0,0,1
TF,BO614,43.773861,1.119111,0, ,0.0,0.0,0.0,0.0,3,4000,0,0,0,0,0,0
TF,BO616,43.718778,0.899583,0, ,0.0,0.0,0.0,0.0,2,5000,0,0,0,0,0,0
TF,BO618,43.494028,0.974500,0, ,0.0,0.0,0.0,0.0,0,0,0,0,0,0,0,0
TF,SULIT,43.383694,1.252556,0, ,0.0,0.0,0.0,0.0,0,0,0,0,0,0,0,1

APPTR,R32R,32R,ADIMO
IF,ADIMO,43.492000,1.908750, ,0.0,0.0,2,8000,0,0,0,0,1,0
TF,BO606,43.486083,1.727194,0, ,0.0,0.0,0.0,0.0,0,0,0,1,230,0,0,0
TF,BO603,43.482194,1.612833,0, ,0.0,0.0,0.0,0.0,2,4000,0,0,0,0,0,0
TF,IO32R,43.465222,1.536194,0, ,0.0,0.0,0.0,0.0,2,3000,0,1,210,0,1,0

APPTR,R32R,32R,AGENO
IF,AGENO,43.489778,1.274472, ,0.0,0.0,2,8000,0,0,0,0,1,0
TF,BO602,43.395083,1.473972,0, ,0.0,0.0,0.0,0.0,2,5000,0,0,0,0,0,0
TF,IO32R,43.465222,1.536194,0, ,0.0,0.0,0.0,0.0,2,3000,0,1,210,0,1,0

APPTR,R32R,32R,FUZAP
IF,FUZAP,43.981306,1.449444, ,0.0,0.0,2,8000,0,0,0,0,1,0
TF,BO608,43.826889,1.412611,0, ,0.0,0.0,0.0,0.0,0,0,0,0,0,0,0,0
TF,BO607,43.725722,1.521639,0, ,0.0,0.0,0.0,0.0,2,8000,0,0,0,0,0,0
TF,BO605,43.619556,1.635556,0, ,0.0,0.0,0.0,0.0,2,5000,0,0,0,0,0,0
TF,BO604,43.553361,1.624583,0, ,0.0,0.0,0.0,0.0,0,0,0,1,230,0,0,0
TF,BO603,43.482194,1.612833,0, ,0.0,0.0,0.0,0.0,2,4000,0,0,0,0,0,0
TF,IO32R,43.465222,1.536194,0, ,0.0,0.0,0.0,0.0,2,3000,0,1,210,0,1,0

APPTR,R32R,32R,OGRIL
IF,OGRIL,43.292333,1.235083, ,0.0,0.0,2,8000,0,0,0,0,1,0
TF,BO602,43.395083,1.473972,0, ,0.0,0.0,0.0,0.0,2,5000,0,0,0,0,0,0
TF,IO32R,43.465222,1.536194,0, ,0.0,0.0,0.0,0.0,2,3000,0,1,210,0,1,0

APPTR,R32R,32R,SULIT
IF,SULIT,43.383694,1.252556, ,0.0,0.0,2,8000,0,0,0,0,1,0
TF,BO602,43.395083,1.473972,0, ,0.0,0.0,0.0,0.0,2,5000,0,0,0,0,0,0
TF,IO32R,43.465222,1.536194,0, ,0.0,0.0,0.0,0.0,2,3000,0,1,210,0,1,0

FINAL,R32R,32R,R,3
IF,IO32R,43.465222,1.536194, ,0.0,0.0,2,3000,0,1,210,0,0,0
TF,FO32R,43.513139,1.486611,0, ,0.0,0.0,321.0,3.6,1,3000,0,0,0,0,2,0
TF,RW32R,43.615636,1.380236,0, ,0.0,0.0,321.0,7.7,1,547,0,0,0,0,3,1
TF,TOU,43.680833,1.309806,0, ,0.0,0.0,0.0,0.0,0,0,0,0,0,0,0,1
TF,BO614,43.773861,1.119111,0, ,0.0,0.0,0.0,0.0,3,4000,0,0,0,0,0,0
TF,BO616,43.718778,0.899583,0, ,0.0,0.0,0.0,0.0,2,5000,0,0,0,0,0,0
TF,BO618,43.494028,0.974500,0, ,0.0,0.0,0.0,0.0,0,0,0,0,0,0,0,0
TF,SULIT,43.383694,1.252556,0, ,0.0,0.0,0.0,0.0,0,0,0,0,0,0,0,1

