APPTR,R08,08,JR502
IF,JR502,47.604472,-0.528389, ,0.0,0.0,2,3000,0,1,210,0,1,0
TF,JR504,47.591500,-0.650028,0, ,0.0,0.0,0.0,0.0,2,3000,0,1,200,0,0,0
TF,IJR08,47.525694,-0.634444,0, ,0.0,0.0,0.0,0.0,2,3000,0,1,180,0,1,0

APPTR,R08,08,JR504
IF,JR504,47.591500,-0.650028, ,0.0,0.0,2,3000,0,1,200,0,1,0
TF,IJR08,47.525694,-0.634444,0, ,0.0,0.0,0.0,0.0,2,3000,0,1,180,0,1,0

APPTR,R08,08,JR506
IF,JR506,47.459917,-0.618889, ,0.0,0.0,2,3000,0,1,200,0,1,0
TF,IJR08,47.525694,-0.634444,0, ,0.0,0.0,0.0,0.0,2,3000,0,1,180,0,1,0

FINAL,R08,08,R,3
IF,IJR08,47.525694,-0.634444, ,0.0,0.0,2,3000,0,1,180,0,0,0
TF,FJR08,47.536194,-0.537278,0, ,0.0,0.0,81.0,4.0,1,3000,0,0,0,0,2,0
TF,RW08,47.558886,-0.324675,0, ,0.0,0.0,81.0,8.7,1,214,0,0,0,0,3,1
TF,JR500,47.569111,-0.227389,0, ,0.0,0.0,0.0,0.0,0,0,0,0,0,0,0,1
DF,JR502,47.604472,-0.528389,1, ,0.0,0.0,2,3000,0,1,210,0,0,0

APPTR,R26,26,JR401
IF,JR401,47.527417,0.020361, ,0.0,0.0,2,3000,0,1,200,0,1,0
TF,IJR26,47.593250,0.005194,0, ,0.0,0.0,0.0,0.0,2,3000,0,1,180,0,1,0

APPTR,R26,26,JR404
IF,JR404,47.659083,-0.009972, ,0.0,0.0,2,3000,0,1,200,0,1,0
TF,IJR26,47.593250,0.005194,0, ,0.0,0.0,0.0,0.0,2,3000,0,1,180,0,1,0

APPTR,R26,26,LUTIL
IF,LUTIL,47.596389,0.086111, ,0.0,0.0,2,3000,0,0,0,0,1,0
TF,IJR26,47.593250,0.005194,0, ,0.0,0.0,0.0,0.0,2,3000,0,1,180,0,1,0

FINAL,R26,26,R,3
IF,IJR26,47.593250,0.005194, ,0.0,0.0,2,3000,0,1,180,0,0,0
TF,FJR26,47.583222,-0.092167,0, ,0.0,0.0,261.0,4.0,1,3000,0,0,0,0,2,0
TF,RW26,47.561175,-0.303003,0, ,0.0,0.0,261.0,8.7,1,240,0,0,0,0,3,1
TF,JR410,47.549306,-0.414833,0, ,0.0,0.0,0.0,0.0,0,0,0,1,180,0,0,1
DF,JR412,47.626639,-0.321778,2, ,0.0,0.0,0,0,0,1,180,0,0,0
TF,JR404,47.659083,-0.009972,0, ,0.0,0.0,0.0,0.0,2,3000,0,1,200,0,0,0

