STAR,BREM1M,18,5
IF,BREMO,42.333333,9.576944, ,0.0,0.0,0,0,0,0,0,0,0,0
TF,KS410,42.178306,9.533278,0, ,0.0,0.0,0.0,0.0,2,3100,0,1,220,0,0,0

APPTR,I18,18,KS600
IF,KS600,42.139639,9.597083, ,0.0,0.0,4,11500,5100,1,220,0,1,0
TF,D033R,42.180033,9.636728,0, ,0.0,0.0,0.0,0.0,0,0,0,0,0,0,0,0
AF,D003R,42.235944,9.441769,1,SZA,3.0,18.0,33.0,1,5100,0,0,0,0,0,1
CF,D357Q,42.220922,9.399556,0,SZA,357.0,17.0,176.0,1.0,1,5100,0,0,0,0,0,0
CF,CI18,42.154250,9.399694,0,SZA,356.0,14.7,176.0,4.0,2,3700,0,0,0,0,1,0

APPTR,I18,18,SZA
IF,SZA,41.937472,9.399556, ,0.0,0.0,0,0,0,0,0,0,1,0
CF,KS600,42.139639,9.597083,0,SZA,33.0,15.0,33.0,15.0,4,11500,5100,1,220,0,0,0
TF,D033R,42.180033,9.636728,0, ,0.0,0.0,0.0,0.0,0,0,0,0,0,0,0,0
AF,D003R,42.235944,9.441769,1,SZA,3.0,18.0,33.0,1,5100,0,0,0,0,0,1
CF,D357Q,42.220922,9.399556,0,SZA,357.0,17.0,176.0,1.0,1,5100,0,0,0,0,0,0
CF,CI18,42.154250,9.399694,0,SZA,356.0,14.7,176.0,4.0,2,3700,0,0,0,0,1,0

FINAL,I18,18,I,3
IF,CI18,42.154250,9.399694,SZA,356.0,14.7,2,3700,0,0,0,0,0,0
CF,FI18,42.094222,9.401167,0,SZA,356.0,11.1,176.0,3.6,1,3100,0,0,0,0,2,0
CF,RW18,41.936244,9.405061,0,SZA,355.9,1.6,176.0,9.5,1,76,0,0,0,0,3,0
FD,RW18,41.936244,9.405061,0,SZA,103.6,3.0,176.0,3.0,0,0,0,0,0,0,0,0
CI,1, ,0.0,352.0,0,0,0,1,200,0,0,0
FM,SZA,41.937472,9.399556,0,SZA,0.0,0.0,33.0,1,5100,0,0,0,0,0,0

APPTR,R18-X,18,BOLEC
IF,BOLEC,42.045417,9.548778, ,0.0,0.0,2,3100,0,1,220,0,1,0
TF,KS410,42.178306,9.533278,0, ,0.0,0.0,0.0,0.0,0,0,0,0,0,0,0,0
TF,IKS18,42.169583,9.399306,0, ,0.0,0.0,0.0,0.0,2,3100,0,1,220,0,1,0

APPTR,R18-X,18,KS410
IF,KS410,42.178306,9.533278, ,0.0,0.0,2,3100,0,1,220,0,1,0
TF,IKS18,42.169583,9.399306,0, ,0.0,0.0,0.0,0.0,2,3100,0,1,220,0,1,0

FINAL,R18-X,18,R,3
IF,IKS18,42.169583,9.399306, ,0.0,0.0,2,3100,0,1,220,0,0,0
TF,FKS18,42.094556,9.401167,0, ,0.0,0.0,176.0,4.5,1,3100,0,0,0,0,2,0
TF,RW18,41.936244,9.405061,0, ,0.0,0.0,176.0,9.5,1,76,0,0,0,0,3,1
TF,KS412,41.886222,9.406278,0, ,0.0,0.0,0.0,0.0,0,0,0,0,0,0,0,1
DF,BOLEC,42.045417,9.548778,1, ,0.0,0.0,2,3100,0,1,220,0,0,0

APPTR,R18-Y,18,BOLEC
IF,BOLEC,42.045417,9.548778, ,0.0,0.0,2,3100,0,1,220,0,1,0
TF,KS410,42.178306,9.533278,0, ,0.0,0.0,0.0,0.0,0,0,0,0,0,0,0,0
TF,IKS18,42.169583,9.399306,0, ,0.0,0.0,0.0,0.0,2,3100,0,1,220,0,1,0

APPTR,R18-Y,18,KS410
IF,KS410,42.178306,9.533278, ,0.0,0.0,2,3100,0,1,220,0,1,0
TF,IKS18,42.169583,9.399306,0, ,0.0,0.0,0.0,0.0,2,3100,0,1,220,0,1,0

FINAL,R18-Y,18,R,3
IF,IKS18,42.169583,9.399306, ,0.0,0.0,2,3100,0,1,220,0,0,0
TF,FKS18,42.094556,9.401167,0, ,0.0,0.0,176.0,4.5,1,3100,0,0,0,0,2,0
TF,RW18,41.936244,9.405061,0, ,0.0,0.0,176.0,9.5,1,76,0,0,0,0,3,1
TF,KS411,41.909583,9.405722,0, ,0.0,0.0,0.0,0.0,0,0,0,0,0,0,0,1
DF,BOLEC,42.045417,9.548778,1, ,0.0,0.0,2,3100,0,1,220,0,0,0

APPTR,R18-Z,18,BOLEC
IF,BOLEC,42.045417,9.548778, ,0.0,0.0,2,3100,0,1,220,0,1,0
TF,KS410,42.178306,9.533278,0, ,0.0,0.0,0.0,0.0,0,0,0,0,0,0,0,0
TF,IKS18,42.169583,9.399306,0, ,0.0,0.0,0.0,0.0,2,3100,0,1,220,0,1,0

APPTR,R18-Z,18,KS410
IF,KS410,42.178306,9.533278, ,0.0,0.0,2,3100,0,1,220,0,1,0
TF,IKS18,42.169583,9.399306,0, ,0.0,0.0,0.0,0.0,2,3100,0,1,220,0,1,0

FINAL,R18-Z,18,R,3
IF,IKS18,42.169583,9.399306, ,0.0,0.0,2,3100,0,1,220,0,0,0
TF,FKS18,42.094556,9.401167,0, ,0.0,0.0,176.0,4.5,1,3100,0,0,0,0,2,0
TF,RW18,41.936244,9.405061,0, ,0.0,0.0,176.0,9.5,1,76,0,0,0,0,3,1
DF,BOLEC,42.045417,9.548778,1, ,0.0,0.0,2,3100,0,1,220,0,0,0

APPTR,R36-X,36,BONOH
IF,BONOH,41.861000,9.551972, ,0.0,0.0,2,2400,0,1,220,0,1,0
TF,KS361,41.667972,9.605389,0, ,0.0,0.0,0.0,0.0,0,0,0,1,220,0,0,0
TF,KS362,41.653472,9.495889,2, ,0.0,0.0,0.0,0.0,0,0,0,1,220,0,0,0
TF,IKS36,41.708028,9.410639,0, ,0.0,0.0,0.0,0.0,2,2400,0,1,220,0,1,0

FINAL,R36-X,36,R,3
IF,IKS36,41.708028,9.410639, ,0.0,0.0,2,2400,0,1,220,0,0,0
TF,FKS36,41.798056,9.408444,0, ,0.0,0.0,356.0,5.4,1,2400,0,0,0,0,2,0
TF,RW36,41.912597,9.405642,0, ,0.0,0.0,356.0,6.9,1,66,0,1,210,0,3,1
DF,BONOH,41.861000,9.551972,2, ,0.0,0.0,2,2400,0,1,210,0,0,0

APPTR,R36-Y,36,BONOH
IF,BONOH,41.861000,9.551972, ,0.0,0.0,2,2400,0,1,220,0,1,0
TF,KS361,41.667972,9.605389,0, ,0.0,0.0,0.0,0.0,0,0,0,1,220,0,0,0
TF,KS362,41.653472,9.495889,2, ,0.0,0.0,0.0,0.0,0,0,0,1,220,0,0,0
TF,IKS36,41.708028,9.410639,0, ,0.0,0.0,0.0,0.0,2,2400,0,1,220,0,1,0

FINAL,R36-Y,36,R,3
IF,IKS36,41.708028,9.410639, ,0.0,0.0,2,2400,0,1,220,0,0,0
TF,FKS36,41.798056,9.408444,0, ,0.0,0.0,356.0,5.4,1,2400,0,0,0,0,2,0
TF,RW36,41.912597,9.405642,0, ,0.0,0.0,356.0,6.9,1,66,0,0,0,0,3,1
TF,KS364,41.939278,9.405000,0, ,0.0,0.0,0.0,0.0,3,2400,0,1,210,0,0,1
DF,BONOH,41.861000,9.551972,2, ,0.0,0.0,2,2400,0,1,210,0,0,0

APPTR,R36-Z,36,BONOH
IF,BONOH,41.861000,9.551972, ,0.0,0.0,2,2400,0,1,220,0,1,0
TF,KS361,41.667972,9.605389,0, ,0.0,0.0,0.0,0.0,0,0,0,1,220,0,0,0
TF,KS362,41.653472,9.495889,2, ,0.0,0.0,0.0,0.0,0,0,0,1,220,0,0,0
TF,IKS36,41.708028,9.410639,0, ,0.0,0.0,0.0,0.0,2,2400,0,1,220,0,1,0

FINAL,R36-Z,36,R,3
IF,IKS36,41.708028,9.410639, ,0.0,0.0,2,2400,0,1,220,0,0,0
TF,FKS36,41.798056,9.408444,0, ,0.0,0.0,356.0,5.4,1,2400,0,0,0,0,2,0
TF,RW36,41.912597,9.405642,0, ,0.0,0.0,356.0,6.9,1,66,0,0,0,0,3,1
TF,KS363,41.962611,9.404417,0, ,0.0,0.0,0.0,0.0,3,2400,0,1,210,0,0,1
DF,BONOH,41.861000,9.551972,2, ,0.0,0.0,2,2400,0,1,210,0,0,0

APPTR,T18,18,KS600
IF,KS600,42.139639,9.597083, ,0.0,0.0,4,9000,5100,1,220,0,1,0
TF,D033R,42.180033,9.636728,0, ,0.0,0.0,0.0,0.0,0,0,0,0,0,0,0,0
AF,D014R,42.224422,9.517611,1,SZA,14.0,18.0,33.0,1,5100,0,0,0,0,0,1
CF,D007Q,42.216597,9.465767,0,SZA,7.0,17.0,187.0,1.0,1,5100,0,0,0,0,0,0
CF,CT18,42.142717,9.448183,0,SZA,7.0,12.5,187.0,4.5,1,3100,0,0,0,0,1,0

APPTR,T18,18,SZA
IF,SZA,41.937472,9.399556, ,0.0,0.0,0,0,0,0,0,0,1,0
CF,KS600,42.139639,9.597083,0,SZA,33.0,15.0,33.0,15.0,4,9000,5100,1,220,0,0,0
TF,D033R,42.180033,9.636728,0, ,0.0,0.0,0.0,0.0,0,0,0,0,0,0,0,0
AF,D014R,42.224422,9.517611,1,SZA,14.0,18.0,33.0,1,5100,0,0,0,0,0,1
CF,D007Q,42.216597,9.465767,0,SZA,7.0,17.0,187.0,1.0,1,5100,0,0,0,0,0,0
CF,CT18,42.142717,9.448183,0,SZA,7.0,12.5,187.0,4.5,1,3100,0,0,0,0,1,0

FINAL,T18,18,D,4
IF,CT18,42.142717,9.448183,SZA,7.0,12.5,1,3100,0,0,0,0,0,0
CF,FT18,42.093458,9.436483,0,SZA,7.0,9.5,187.0,3.0,1,3100,0,0,0,0,2,0
CF,35TAC,41.994942,9.413139,0,SZA,7.0,3.5,187.0,6.0,2,1200,0,0,0,0,0,0
CF,MT18,41.950608,9.402658,0,SZA,7.0,0.8,187.0,2.7,1,343,0,0,0,0,3,0
FD,MT18,41.950608,9.402658,0,SZA,7.0,1.0,187.0,1.0,0,0,0,0,0,0,0,0
CI,1, ,0.0,359.0,0,0,0,1,200,0,0,0
FM,SZA,41.937472,9.399556,0,SZA,0.0,0.0,33.0,1,5100,0,0,0,0,0,0

