SID,ARSI5C,28,5
DF,DER28,48.606478,2.663286,0, ,0.0,0.0,0,0,0,0,0,0,0,1
CA,0,282.0,2,700,0,0,0,0,0,0
DF,PM518,48.618528,2.695167,2, ,0.0,0.0,0,0,0,0,0,0,0,0
TF,ADDOZ,48.439333,2.811778,0, ,0.0,0.0,0.0,0.0,1,2000,0,0,0,0,0,0
TF,PM506,48.458250,2.974306,0, ,0.0,0.0,0.0,0.0,3,3000,0,0,0,0,0,0
TF,PM507,48.476194,3.130472,0, ,0.0,0.0,0.0,0.0,3,4000,0,0,0,0,0,0
TF,APPOC,48.498583,3.327833,0, ,0.0,0.0,0.0,0.0,0,0,0,0,0,0,0,0
TF,ARSIL,48.560000,4.061667,0, ,0.0,0.0,0.0,0.0,3,5000,0,0,0,0,0,0

SID,ARSI5E,10,5
DF,DER10,48.602336,2.689294,0, ,0.0,0.0,0,0,0,0,0,0,0,1
CA,0,102.0,2,700,0,0,0,0,0,0
DF,ADDOZ,48.439333,2.811778,0, ,0.0,0.0,1,2000,0,0,0,0,0,0
TF,PM506,48.458250,2.974306,0, ,0.0,0.0,0.0,0.0,3,3000,0,0,0,0,0,0
TF,PM507,48.476194,3.130472,0, ,0.0,0.0,0.0,0.0,3,4000,0,0,0,0,0,0
TF,APPOC,48.498583,3.327833,0, ,0.0,0.0,0.0,0.0,0,0,0,0,0,0,0,0
TF,ARSIL,48.560000,4.061667,0, ,0.0,0.0,0.0,0.0,3,5000,0,0,0,0,0,0

SID,LURE5C,28,5
DF,DER28,48.606478,2.663286,0, ,0.0,0.0,0,0,0,0,0,0,0,1
CA,0,282.0,2,700,0,0,0,0,0,0
DF,PM518,48.618528,2.695167,2, ,0.0,0.0,0,0,0,0,0,0,0,0
TF,ADDOZ,48.439333,2.811778,0, ,0.0,0.0,0.0,0.0,1,2000,0,0,0,0,0,0
TF,PM510,48.410861,2.889111,0, ,0.0,0.0,0.0,0.0,1,3000,0,0,0,0,0,0
TF,PM511,48.368333,3.004278,0, ,0.0,0.0,0.0,0.0,1,4000,0,0,0,0,0,0
TF,PM516,48.171528,3.530722,0, ,0.0,0.0,0.0,0.0,3,5000,0,0,0,0,0,0
TF,LUREN,48.025833,3.913889,0, ,0.0,0.0,0.0,0.0,3,8000,0,0,0,0,0,0

SID,LURE5E,10,5
DF,DER10,48.602336,2.689294,0, ,0.0,0.0,0,0,0,0,0,0,0,1
CA,0,102.0,2,700,0,0,0,0,0,0
DF,ADDOZ,48.439333,2.811778,0, ,0.0,0.0,1,2000,0,0,0,0,0,0
TF,PM510,48.410861,2.889111,0, ,0.0,0.0,0.0,0.0,1,3000,0,0,0,0,0,0
TF,PM511,48.368333,3.004278,0, ,0.0,0.0,0.0,0.0,1,4000,0,0,0,0,0,0
TF,PM516,48.171528,3.530722,0, ,0.0,0.0,0.0,0.0,3,5000,0,0,0,0,0,0
TF,LUREN,48.025833,3.913889,0, ,0.0,0.0,0.0,0.0,3,8000,0,0,0,0,0,0

SID,OLZO5C,28,5
DF,DER28,48.606478,2.663286,0, ,0.0,0.0,0,0,0,0,0,0,0,1
CA,0,282.0,2,700,0,0,0,0,0,0
DF,PM518,48.618528,2.695167,2, ,0.0,0.0,0,0,0,0,0,0,0,0
TF,ADDOZ,48.439333,2.811778,0, ,0.0,0.0,0.0,0.0,1,2000,0,0,0,0,0,0
TF,PM512,48.310333,2.800083,0, ,0.0,0.0,0.0,0.0,1,3000,0,0,0,0,0,0
TF,DORDI,48.220000,2.791944,0, ,0.0,0.0,0.0,0.0,3,5000,0,0,0,0,0,0
TF,OLZOM,48.155583,2.264778,0, ,0.0,0.0,0.0,0.0,3,8000,0,0,0,0,0,0

SID,OLZO5E,10,5
DF,DER10,48.602336,2.689294,0, ,0.0,0.0,0,0,0,0,0,0,0,1
CA,0,102.0,2,700,0,0,0,0,0,0
DF,ADDOZ,48.439333,2.811778,0, ,0.0,0.0,1,2000,0,0,0,0,0,0
TF,PM512,48.310333,2.800083,0, ,0.0,0.0,0.0,0.0,1,3000,0,0,0,0,0,0
TF,DORDI,48.220000,2.791944,0, ,0.0,0.0,0.0,0.0,3,5000,0,0,0,0,0,0
TF,OLZOM,48.155583,2.264778,0, ,0.0,0.0,0.0,0.0,3,8000,0,0,0,0,0,0

SID,POLY5C,28,5
DF,DER28,48.606478,2.663286,0, ,0.0,0.0,0,0,0,0,0,0,0,1
CA,0,282.0,2,700,0,0,0,0,0,0
DF,PM518,48.618528,2.695167,2, ,0.0,0.0,0,0,0,0,0,0,0,0
TF,ADDOZ,48.439333,2.811778,0, ,0.0,0.0,0.0,0.0,1,2000,0,0,0,0,0,0
TF,PM512,48.310333,2.800083,0, ,0.0,0.0,0.0,0.0,1,3000,0,0,0,0,0,0
TF,DORDI,48.220000,2.791944,0, ,0.0,0.0,0.0,0.0,3,5000,0,0,0,0,0,0
TF,POLLY,47.893611,2.762222,0, ,0.0,0.0,0.0,0.0,3,8000,0,0,0,0,0,0

SID,POLY5E,10,5
DF,DER10,48.602336,2.689294,0, ,0.0,0.0,0,0,0,0,0,0,0,1
CA,0,102.0,2,700,0,0,0,0,0,0
DF,ADDOZ,48.439333,2.811778,0, ,0.0,0.0,1,2000,0,0,0,0,0,0
TF,PM512,48.310333,2.800083,0, ,0.0,0.0,0.0,0.0,1,3000,0,0,0,0,0,0
TF,DORDI,48.220000,2.791944,0, ,0.0,0.0,0.0,0.0,3,5000,0,0,0,0,0,0
TF,POLLY,47.893611,2.762222,0, ,0.0,0.0,0.0,0.0,3,8000,0,0,0,0,0,0

SID,TRO5C,28,5
DF,DER28,48.606478,2.663286,0, ,0.0,0.0,0,0,0,0,0,0,0,1
CA,0,282.0,2,700,0,0,0,0,0,0
DF,PM518,48.618528,2.695167,2, ,0.0,0.0,0,0,0,0,0,0,0,0
TF,ADDOZ,48.439333,2.811778,0, ,0.0,0.0,0.0,0.0,1,2000,0,0,0,0,0,0
TF,PM508,48.424306,2.913278,0, ,0.0,0.0,0.0,0.0,3,3000,0,0,0,0,0,0
TF,PM509,48.404444,3.046361,0, ,0.0,0.0,0.0,0.0,3,4000,0,0,0,0,0,0
TF,ATTUC,48.369028,3.281111,0, ,0.0,0.0,0.0,0.0,3,5000,0,0,0,0,0,0
TF,PM514,48.291111,3.735028,0, ,0.0,0.0,0.0,0.0,3,5000,0,0,0,0,0,0
TF,TRO,48.251222,3.963139,0, ,0.0,0.0,0.0,0.0,3,8000,0,0,0,0,0,0

SID,TRO5E,10,5
DF,DER10,48.602336,2.689294,0, ,0.0,0.0,0,0,0,0,0,0,0,1
CA,0,102.0,2,700,0,0,0,0,0,0
DF,ADDOZ,48.439333,2.811778,0, ,0.0,0.0,1,2000,0,0,0,0,0,0
TF,PM508,48.424306,2.913278,0, ,0.0,0.0,0.0,0.0,3,3000,0,0,0,0,0,0
TF,PM509,48.404444,3.046361,0, ,0.0,0.0,0.0,0.0,3,4000,0,0,0,0,0,0
TF,ATTUC,48.369028,3.281111,0, ,0.0,0.0,0.0,0.0,3,5000,0,0,0,0,0,0
TF,PM514,48.291111,3.735028,0, ,0.0,0.0,0.0,0.0,3,5000,0,0,0,0,0,0
TF,TRO,48.251222,3.963139,0, ,0.0,0.0,0.0,0.0,3,8000,0,0,0,0,0,0

STAR,ARSI6A,ALL,5
IF,ARSIL,48.560000,4.061667, ,0.0,0.0,3,5000,0,0,0,0,0,0
TF,APPOC,48.498583,3.327833,0, ,0.0,0.0,0.0,0.0,0,0,0,0,0,0,0,0

STAR,ARSI6B,ALL,5
IF,ARSIL,48.560000,4.061667, ,0.0,0.0,3,5000,0,0,0,0,0,0
TF,ATTUC,48.369028,3.281111,0, ,0.0,0.0,0.0,0.0,4,5000,3000,0,0,0,0,0

STAR,DJL6A,ALL,5
IF,DJL,47.270778,5.097333, ,0.0,0.0,0,0,0,0,0,0,0,0
TF,PM517,48.196972,3.574000,0, ,0.0,0.0,0.0,0.0,3,5000,0,0,0,0,0,0
TF,ATTUC,48.369028,3.281111,0, ,0.0,0.0,0.0,0.0,4,5000,3000,0,0,0,0,0

STAR,MOU6A,ALL,5
IF,MOU,46.706778,3.631667, ,0.0,0.0,0,0,0,0,0,0,0,0
TF,PM523,48.063444,3.347278,0, ,0.0,0.0,0.0,0.0,3,5000,0,0,0,0,0,0
TF,ATTUC,48.369028,3.281111,0, ,0.0,0.0,0.0,0.0,4,5000,3000,0,0,0,0,0

STAR,OLZO6A,ALL,5
IF,OLZOM,48.155583,2.264778, ,0.0,0.0,3,8000,0,0,0,0,0,0
TF,DORDI,48.220000,2.791944,0, ,0.0,0.0,0.0,0.0,3,5000,0,0,0,0,0,0
TF,PM512,48.310333,2.800083,0, ,0.0,0.0,0.0,0.0,1,3000,0,0,0,0,0,0
TF,ADDOZ,48.439333,2.811778,0, ,0.0,0.0,0.0,0.0,1,2000,0,0,0,0,0,0

STAR,PIBA6A,ALL,5
IF,PIBAT,46.805944,4.259139, ,0.0,0.0,0,0,0,0,0,0,0,0
TF,PM526,48.119194,3.441778,0, ,0.0,0.0,0.0,0.0,3,5000,0,0,0,0,0,0
TF,ATTUC,48.369028,3.281111,0, ,0.0,0.0,0.0,0.0,4,5000,3000,0,0,0,0,0

STAR,TRO6A,ALL,5
IF,TRO,48.251222,3.963139, ,0.0,0.0,3,8000,0,0,0,0,0,0
TF,PM514,48.291111,3.735028,0, ,0.0,0.0,0.0,0.0,3,5000,0,0,0,0,0,0
TF,ATTUC,48.369028,3.281111,0, ,0.0,0.0,0.0,0.0,4,5000,3000,0,0,0,0,0

APPTR,R28-Y,28,ADDOZ
IF,ADDOZ,48.439333,2.811778, ,0.0,0.0,1,2000,0,0,0,0,1,0
TF,PM500,48.506667,2.898583,0, ,0.0,0.0,0.0,0.0,0,0,0,0,0,0,0,0
TF,IPM28,48.570500,2.887861,0, ,0.0,0.0,0.0,0.0,2,2000,0,1,170,0,1,0

APPTR,R28-Y,28,APPOC
IF,APPOC,48.498583,3.327833, ,0.0,0.0,0,0,0,0,0,0,1,0
TF,PM505,48.521500,3.183944,0, ,0.0,0.0,0.0,0.0,3,4000,0,0,0,0,0,0
TF,PM504,48.533139,3.110250,0, ,0.0,0.0,0.0,0.0,3,3000,0,0,0,0,0,0
TF,VANEX,48.553917,2.978000,0, ,0.0,0.0,0.0,0.0,1,2000,0,1,220,0,0,0
TF,IPM28,48.570500,2.887861,0, ,0.0,0.0,0.0,0.0,2,2000,0,1,170,0,1,0

APPTR,R28-Y,28,ATTUC
IF,ATTUC,48.369028,3.281111, ,0.0,0.0,4,5000,3000,0,0,0,1,0
TF,PM501,48.532944,3.091111,0, ,0.0,0.0,0.0,0.0,3,3000,0,0,0,0,0,0
TF,VANEX,48.553917,2.978000,0, ,0.0,0.0,0.0,0.0,1,2000,0,1,220,0,0,0
TF,IPM28,48.570500,2.887861,0, ,0.0,0.0,0.0,0.0,2,2000,0,1,170,0,1,0

APPTR,R28-Y,28,NERIN
IF,NERIN,48.639833,2.957667, ,0.0,0.0,2,2000,0,0,0,0,1,0
TF,IPM28,48.570500,2.887861,0, ,0.0,0.0,0.0,0.0,2,2000,0,1,170,0,1,0

APPTR,R28-Y,28,VANEX
IF,VANEX,48.553917,2.978000, ,0.0,0.0,1,2000,0,1,220,0,1,0
TF,IPM28,48.570500,2.887861,0, ,0.0,0.0,0.0,0.0,2,2000,0,1,170,0,1,0

FINAL,R28-Y,28,R,3
IF,IPM28,48.570500,2.887861, ,0.0,0.0,2,2000,0,1,170,0,0,0
TF,FPM28,48.582278,2.814667,0, ,0.0,0.0,282.0,3.0,1,2000,0,1,160,0,2,0
TF,RW28,48.602508,2.688206,0, ,0.0,0.0,282.0,5.2,1,350,0,0,0,0,3,1
TF,PM519,48.618361,2.588389,0, ,0.0,0.0,0.0,0.0,0,0,0,1,160,0,0,1
DF,PM520,48.593333,2.526278,1, ,0.0,0.0,0,0,0,1,180,0,0,0
TF,PM521,48.533139,2.498972,0, ,0.0,0.0,0.0,0.0,1,2000,0,1,180,0,0,0
TF,NIMLA,48.471111,2.595000,0, ,0.0,0.0,0.0,0.0,0,0,0,0,0,0,0,0
TF,ADDOZ,48.439333,2.811778,0, ,0.0,0.0,0.0,0.0,1,2000,0,0,0,0,0,0
TF,ATTUC,48.369028,3.281111,0, ,0.0,0.0,0.0,0.0,4,5000,3000,0,0,0,0,0
HM,ATTUC,48.369028,3.281111,2, ,0.0,0.0,321.0,04.3,3,5000,0,1,220,0,0,0,0

APPTR,R28-Z,28,ADDOZ
IF,ADDOZ,48.439333,2.811778, ,0.0,0.0,1,2000,0,0,0,0,1,0
TF,PM500,48.506667,2.898583,0, ,0.0,0.0,0.0,0.0,0,0,0,0,0,0,0,0
TF,IPM28,48.570500,2.887861,0, ,0.0,0.0,0.0,0.0,2,2000,0,1,170,0,1,0

APPTR,R28-Z,28,APPOC
IF,APPOC,48.498583,3.327833, ,0.0,0.0,0,0,0,0,0,0,1,0
TF,PM505,48.521500,3.183944,0, ,0.0,0.0,0.0,0.0,3,4000,0,0,0,0,0,0
TF,PM504,48.533139,3.110250,0, ,0.0,0.0,0.0,0.0,3,3000,0,0,0,0,0,0
TF,VANEX,48.553917,2.978000,0, ,0.0,0.0,0.0,0.0,1,2000,0,1,220,0,0,0
TF,IPM28,48.570500,2.887861,0, ,0.0,0.0,0.0,0.0,2,2000,0,1,170,0,1,0

APPTR,R28-Z,28,ATTUC
IF,ATTUC,48.369028,3.281111, ,0.0,0.0,4,5000,3000,0,0,0,1,0
TF,PM501,48.532944,3.091111,0, ,0.0,0.0,0.0,0.0,3,3000,0,0,0,0,0,0
TF,VANEX,48.553917,2.978000,0, ,0.0,0.0,0.0,0.0,1,2000,0,1,220,0,0,0
TF,IPM28,48.570500,2.887861,0, ,0.0,0.0,0.0,0.0,2,2000,0,1,170,0,1,0

APPTR,R28-Z,28,NERIN
IF,NERIN,48.639833,2.957667, ,0.0,0.0,2,2000,0,0,0,0,1,0
TF,IPM28,48.570500,2.887861,0, ,0.0,0.0,0.0,0.0,2,2000,0,1,170,0,1,0

APPTR,R28-Z,28,VANEX
IF,VANEX,48.553917,2.978000, ,0.0,0.0,1,2000,0,1,220,0,1,0
TF,IPM28,48.570500,2.887861,0, ,0.0,0.0,0.0,0.0,2,2000,0,1,170,0,1,0

FINAL,R28-Z,28,R,3
IF,IPM28,48.570500,2.887861, ,0.0,0.0,2,2000,0,1,170,0,0,0
TF,FPM28,48.582278,2.814667,0, ,0.0,0.0,282.0,3.0,1,2000,0,1,160,0,2,0
TF,RW28,48.602508,2.688206,0, ,0.0,0.0,282.0,5.2,1,350,0,0,0,0,3,1
TF,PM519,48.618361,2.588389,0, ,0.0,0.0,0.0,0.0,0,0,0,1,160,0,0,1
DF,PM520,48.593333,2.526278,1, ,0.0,0.0,0,0,0,1,180,0,0,0
TF,PM521,48.533139,2.498972,0, ,0.0,0.0,0.0,0.0,1,2000,0,1,180,0,0,0
TF,NIMLA,48.471111,2.595000,0, ,0.0,0.0,0.0,0.0,0,0,0,0,0,0,0,0
TF,ADDOZ,48.439333,2.811778,0, ,0.0,0.0,0.0,0.0,1,2000,0,0,0,0,0,0
HM,ADDOZ,48.439333,2.811778,2, ,0.0,0.0,101.0,04.3,2,2000,0,1,160,0,0,0,0

