SID,PN6N,ALL,2
IF,PON,49.096083,2.035889, ,0.0,0.0,0,0,0,0,0,0,0,0
CR,0,TSU,53.0,154.0,0,0,0,0,0,0,0,0
VI,0, ,0.0,99.0,0,0,0,0,0,0,0,0
CF,D069P,48.846853,2.492806,0,BT,168.0,7.8,69.0,10.0,0,0,0,0,0,0,0,1
CI,2, ,0.0,280.0,0,0,0,0,0,0,0,0
CF,TSU,48.753722,2.102361,0,BT,225.6,19.3,249.0,10.0,0,0,0,1,220,0,0,0

SID,PN6R,ALL,5
IF,PON,49.096083,2.035889, ,0.0,0.0,1,3000,0,0,0,0,0,0
TF,CREIL,49.255278,2.514778,0, ,0.0,0.0,0.0,0.0,0,0,0,0,0,0,0,0
TF,PT820,49.135000,2.943778,0, ,0.0,0.0,0.0,0.0,0,0,0,0,0,0,0,0
TF,PT821,48.947222,2.989194,0, ,0.0,0.0,0.0,0.0,0,0,0,0,0,0,0,0
TF,PT822,48.869111,2.629778,0, ,0.0,0.0,0.0,0.0,0,0,0,1,220,0,0,0
FM,PT822,48.869111,2.629778,0,BT,0.0,0.0,250.0,0,0,0,0,0,0,0,0

SID,PN6U,ALL,2
IF,PON,49.096083,2.035889, ,0.0,0.0,0,0,0,0,0,0,0,0
CR,0,EPR,6.0,262.0,0,0,0,0,0,0,0,0
VI,0, ,0.0,213.0,0,0,0,0,0,0,0,0
CF,D003F,48.728697,1.667442,0,EPR,3.0,6.2,183.0,21.0,0,0,0,0,0,0,0,1
VI,0, ,0.0,130.0,0,0,0,0,0,0,0,0
CF,D275F,48.664597,1.839189,0,EPR,71.1,7.6,100.0,6.0,0,0,0,0,0,0,0,0
TF,TSU,48.753722,2.102361,0, ,0.0,0.0,0.0,0.0,0,0,0,1,220,0,0,0

SID,PN6W,ALL,2
IF,PON,49.096083,2.035889, ,0.0,0.0,0,0,0,0,0,0,0,0
CR,0,EPR,6.0,262.0,0,0,0,0,0,0,0,0
VI,0, ,0.0,213.0,0,0,0,0,0,0,0,0
CF,D003F,48.728697,1.667442,0,EPR,3.0,6.2,183.0,21.0,0,0,0,0,0,0,0,1
VI,0, ,0.0,131.0,0,0,0,0,0,0,0,0
CF,D275F,48.664597,1.839189,0,EPR,71.1,7.6,101.0,6.0,0,0,0,0,0,0,0,0
TF,TSU,48.753722,2.102361,0, ,0.0,0.0,0.0,0.0,0,0,0,1,220,0,0,0

SID,PV6N,ALL,2
IF,PON,49.096083,2.035889, ,0.0,0.0,0,0,0,0,0,0,0,0
CR,0,TSU,53.0,154.0,0,0,0,0,0,0,0,0
VI,0, ,0.0,99.0,0,0,0,0,0,0,0,0
CF,D069P,48.846853,2.492806,0,BT,168.0,7.8,69.0,10.0,0,0,0,0,0,0,0,0
VM,0,0,2,266.0,0,0,0,1,220,0,0,0

SID,PV6R,ALL,5
IF,PON,49.096083,2.035889, ,0.0,0.0,1,3000,0,0,0,0,0,0
TF,CREIL,49.255278,2.514778,0, ,0.0,0.0,0.0,0.0,0,0,0,0,0,0,0,0
TF,PT820,49.135000,2.943778,0, ,0.0,0.0,0.0,0.0,0,0,0,0,0,0,0,0
TF,PT821,48.947222,2.989194,0, ,0.0,0.0,0.0,0.0,0,0,0,0,0,0,0,0
TF,PT822,48.869111,2.629778,0, ,0.0,0.0,0.0,0.0,0,0,0,1,220,0,0,0
FM,PT822,48.869111,2.629778,0,BT,0.0,0.0,227.0,0,0,0,0,0,0,0,0

SID,PV6U,ALL,2
IF,PON,49.096083,2.035889, ,0.0,0.0,0,0,0,0,0,0,0,0
CR,0,EPR,6.0,262.0,0,0,0,0,0,0,0,0
VI,0, ,0.0,213.0,0,0,0,0,0,0,0,0
CF,D003J,48.795150,1.674489,0,EPR,3.0,10.2,183.0,17.0,0,0,0,0,0,0,0,1
VM,0,0,1,86.0,0,0,0,1,220,0,0,0

SID,PV6W,ALL,2
IF,PON,49.096083,2.035889, ,0.0,0.0,0,0,0,0,0,0,0,0
CR,0,EPR,6.0,262.0,0,0,0,0,0,0,0,0
VI,0, ,0.0,213.0,0,0,0,0,0,0,0,0
CF,D003J,48.795150,1.674489,0,EPR,3.0,10.2,183.0,17.0,0,0,0,0,0,0,0,1
VM,0,0,1,86.0,0,0,0,1,220,0,0,0

STAR,MATI1T,ALL,5
IF,MATIX,50.098333,3.914167, ,0.0,0.0,0,0,0,1,280,0,0,0
TF,VAKOS,49.569639,4.002861,0, ,0.0,0.0,0.0,0.0,0,0,0,0,0,0,0,0
TF,IPNOB,49.595556,3.551389,2, ,0.0,0.0,0.0,0.0,0,0,0,0,0,0,0,0
TF,OBOBI,49.355556,3.080556,0, ,0.0,0.0,0.0,0.0,0,0,0,0,0,0,0,0
TF,ICQAR,49.235556,2.536667,0, ,0.0,0.0,0.0,0.0,0,0,0,0,0,0,0,0
TF,OZHIS,49.229167,2.257222,0, ,0.0,0.0,0.0,0.0,0,0,0,0,0,0,0,0

STAR,MOPI1T,ALL,5
IF,MOPIL,50.147778,4.107778, ,0.0,0.0,3,26000,0,1,280,0,0,0
TF,XERAM,49.596667,4.067222,0, ,0.0,0.0,0.0,0.0,0,0,0,0,0,0,0,0
TF,IPNOB,49.595556,3.551389,0, ,0.0,0.0,0.0,0.0,0,0,0,0,0,0,0,0
TF,OBOBI,49.355556,3.080556,0, ,0.0,0.0,0.0,0.0,0,0,0,0,0,0,0,0
TF,ICQAR,49.235556,2.536667,0, ,0.0,0.0,0.0,0.0,0,0,0,0,0,0,0,0
TF,OZHIS,49.229167,2.257222,0, ,0.0,0.0,0.0,0.0,0,0,0,0,0,0,0,0

STAR,PEXI1T,ALL,5
IF,PEXIR,49.202778,0.613333, ,0.0,0.0,3,13000,0,1,250,0,0,0
TF,PITAV,49.194722,0.933333,0, ,0.0,0.0,0.0,0.0,3,9000,0,0,0,0,0,0
TF,KOLIV,49.299972,1.570556,0, ,0.0,0.0,0.0,0.0,1,7000,0,0,0,0,0,0
TF,MOPAR,49.291722,1.757278,0, ,0.0,0.0,0.0,0.0,1,7000,0,0,0,0,0,0

STAR,RLP1T,ALL,5
IF,RLP,47.906306,5.249167, ,0.0,0.0,0,0,0,0,0,0,0,0
TF,SOMDA,48.337778,4.244444,0, ,0.0,0.0,0.0,0.0,3,12000,0,1,250,0,0,0
TF,ARSIL,48.560000,4.061667,0, ,0.0,0.0,0.0,0.0,0,0,0,0,0,0,0,0
TF,ALIMO,48.715833,3.932222,0, ,0.0,0.0,0.0,0.0,3,7000,0,0,0,0,0,0
TF,BAXIR,48.790556,3.869917,0, ,0.0,0.0,0.0,0.0,0,0,0,0,0,0,0,0
TF,BAVOL,49.105556,3.661667,0, ,0.0,0.0,0.0,0.0,0,0,0,0,0,0,0,0
TF,LORNI,49.419417,3.451389,0, ,0.0,0.0,0.0,0.0,0,0,0,0,0,0,0,0
TF,OBOBI,49.355556,3.080556,0, ,0.0,0.0,0.0,0.0,0,0,0,0,0,0,0,0
TF,ICQAR,49.235556,2.536667,0, ,0.0,0.0,0.0,0.0,0,0,0,0,0,0,0,0
TF,OZHIS,49.229167,2.257222,0, ,0.0,0.0,0.0,0.0,0,0,0,0,0,0,0,0

STAR,SONU1T,ALL,5
IF,SONUR,49.437111,4.357472, ,0.0,0.0,0,0,0,1,280,0,0,0
TF,GIMER,49.365500,3.973833,0, ,0.0,0.0,0.0,0.0,0,0,0,0,0,0,0,0
TF,ENORI,49.474694,3.777944,0, ,0.0,0.0,0.0,0.0,0,0,0,0,0,0,0,0
TF,IPNOB,49.595556,3.551389,0, ,0.0,0.0,0.0,0.0,0,0,0,0,0,0,0,0
TF,OBOBI,49.355556,3.080556,0, ,0.0,0.0,0.0,0.0,0,0,0,0,0,0,0,0
TF,ICQAR,49.235556,2.536667,0, ,0.0,0.0,0.0,0.0,0,0,0,0,0,0,0,0
TF,OZHIS,49.229167,2.257222,0, ,0.0,0.0,0.0,0.0,0,0,0,0,0,0,0,0

STAR,TINI1T,ALL,5
IF,TINIL,47.588889,5.098611, ,0.0,0.0,0,0,0,0,0,0,0,0
TF,FF302,47.736944,4.912778,0, ,0.0,0.0,0.0,0.0,3,24000,0,0,0,0,0,0
TF,ERTIP,48.134444,4.406667,0, ,0.0,0.0,0.0,0.0,0,0,0,0,0,0,0,0
TF,SOMDA,48.337778,4.244444,0, ,0.0,0.0,0.0,0.0,3,12000,0,1,250,0,0,0
TF,ARSIL,48.560000,4.061667,0, ,0.0,0.0,0.0,0.0,0,0,0,0,0,0,0,0
TF,ALIMO,48.715833,3.932222,0, ,0.0,0.0,0.0,0.0,3,7000,0,0,0,0,0,0
TF,BAXIR,48.790556,3.869917,0, ,0.0,0.0,0.0,0.0,0,0,0,0,0,0,0,0
TF,BAVOL,49.105556,3.661667,0, ,0.0,0.0,0.0,0.0,0,0,0,0,0,0,0,0
TF,LORNI,49.419417,3.451389,0, ,0.0,0.0,0.0,0.0,0,0,0,0,0,0,0,0
TF,OBOBI,49.355556,3.080556,0, ,0.0,0.0,0.0,0.0,0,0,0,0,0,0,0,0
TF,ICQAR,49.235556,2.536667,0, ,0.0,0.0,0.0,0.0,0,0,0,0,0,0,0,0
TF,OZHIS,49.229167,2.257222,0, ,0.0,0.0,0.0,0.0,0,0,0,0,0,0,0,0

STAR,TRO1T,ALL,5
IF,TRO,48.251222,3.963139, ,0.0,0.0,3,12000,0,1,250,0,0,0
TF,ARSIL,48.560000,4.061667,0, ,0.0,0.0,0.0,0.0,0,0,0,0,0,0,0,0
TF,ALIMO,48.715833,3.932222,0, ,0.0,0.0,0.0,0.0,3,7000,0,0,0,0,0,0
TF,BAXIR,48.790556,3.869917,0, ,0.0,0.0,0.0,0.0,0,0,0,0,0,0,0,0
TF,BAVOL,49.105556,3.661667,0, ,0.0,0.0,0.0,0.0,0,0,0,0,0,0,0,0
TF,LORNI,49.419417,3.451389,0, ,0.0,0.0,0.0,0.0,0,0,0,0,0,0,0,0
TF,OBOBI,49.355556,3.080556,0, ,0.0,0.0,0.0,0.0,0,0,0,0,0,0,0,0
TF,ICQAR,49.235556,2.536667,0, ,0.0,0.0,0.0,0.0,0,0,0,0,0,0,0,0
TF,OZHIS,49.229167,2.257222,0, ,0.0,0.0,0.0,0.0,0,0,0,0,0,0,0,0

STAR,VEDU1T,ALL,5
IF,VEDUS,49.594722,4.781389, ,0.0,0.0,3,26000,0,1,280,0,0,0
TF,XERAM,49.596667,4.067222,0, ,0.0,0.0,0.0,0.0,0,0,0,0,0,0,0,0
TF,IPNOB,49.595556,3.551389,0, ,0.0,0.0,0.0,0.0,0,0,0,0,0,0,0,0
TF,OBOBI,49.355556,3.080556,0, ,0.0,0.0,0.0,0.0,0,0,0,0,0,0,0,0
TF,ICQAR,49.235556,2.536667,0, ,0.0,0.0,0.0,0.0,0,0,0,0,0,0,0,0
TF,OZHIS,49.229167,2.257222,0, ,0.0,0.0,0.0,0.0,0,0,0,0,0,0,0,0

STAR,VELO1T,ALL,5
IF,VELOL,49.938611,1.286667, ,0.0,0.0,3,14000,0,1,250,0,0,0
TF,VEPET,49.710278,1.501111,0, ,0.0,0.0,0.0,0.0,3,9000,0,0,0,0,0,0
TF,KOLIV,49.299972,1.570556,0, ,0.0,0.0,0.0,0.0,1,7000,0,0,0,0,0,0
TF,MOPAR,49.291722,1.757278,0, ,0.0,0.0,0.0,0.0,1,7000,0,0,0,0,0,0

APPTR,R04-X,04,VEXAV
IF,VEXAV,49.208889,1.936444, ,0.0,0.0,4,3000,2000,0,0,0,1,0
DF,PT403,49.120028,1.850306,0, ,0.0,0.0,0,0,0,0,0,0,0,0
TF,PT404,49.030667,1.812444,0, ,0.0,0.0,0.0,0.0,1,2000,0,0,0,0,0,0
TF,PT405,48.988194,1.878167,0, ,0.0,0.0,0.0,0.0,1,2000,0,1,160,0,1,0

FINAL,R04-X,04,R,3
IF,PT405,48.988194,1.878167, ,0.0,0.0,1,2000,0,1,160,0,0,0
TF,PT406,49.029028,1.939250,0, ,0.0,0.0,43.0,3.4,1,2000,0,0,0,0,2,0
TF,RW04,49.087767,2.027397,0, ,0.0,0.0,43.0,5.0,1,317,0,0,0,0,3,1
TF,PT407,49.140583,2.106944,0, ,0.0,0.0,0.0,0.0,3,2000,0,1,150,0,0,1
CF,VEXAV,49.208889,1.936444,1,BT,303.7,24.8,284.0,7.9,4,3000,2000,0,0,0,0,1
HM,VEXAV,49.208889,1.936444,1, ,0.0,0.0,284.0,04.3,2,2000,0,1,170,0,0,0,0

APPTR,R04-Y,04,MOPAR
IF,MOPAR,49.291722,1.757278, ,0.0,0.0,1,7000,0,1,230,0,1,0
TF,PT402,49.284278,1.920306,0, ,0.0,0.0,0.0,0.0,3,5000,0,0,0,0,0,0
TF,PT432,49.180444,1.964389,0, ,0.0,0.0,0.0,0.0,3,3000,0,0,0,0,0,0
TF,PT433,49.079889,1.862250,0, ,0.0,0.0,0.0,0.0,1,2000,0,0,0,0,0,0
TF,PT404,49.030667,1.812444,0, ,0.0,0.0,0.0,0.0,0,0,0,1,200,0,0,0
TF,PT405,48.988194,1.878167,0, ,0.0,0.0,0.0,0.0,1,2000,0,1,160,0,1,0

FINAL,R04-Y,04,R,3
IF,PT405,48.988194,1.878167, ,0.0,0.0,1,2000,0,1,160,0,0,0
TF,PT406,49.029028,1.939250,0, ,0.0,0.0,43.0,3.4,1,2000,0,0,0,0,2,0
TF,RW04,49.087767,2.027397,0, ,0.0,0.0,43.0,5.0,1,317,0,0,0,0,3,1
TF,PT407,49.140583,2.106944,0, ,0.0,0.0,0.0,0.0,3,2000,0,0,0,0,0,1
DF,PT408,49.204028,2.095556,1, ,0.0,0.0,3,2000,0,0,0,0,0,0
TF,PT409,49.270028,2.010222,0, ,0.0,0.0,0.0,0.0,3,2500,0,1,200,0,0,0
TF,PT402,49.284278,1.920306,0, ,0.0,0.0,0.0,0.0,3,2500,0,1,230,0,0,0

APPTR,R04-Z,04,OZHIS
IF,OZHIS,49.229167,2.257222, ,0.0,0.0,4,3000,2000,0,0,0,1,0
TF,PON,49.096083,2.035889,0, ,0.0,0.0,0.0,0.0,0,0,0,0,0,0,0,0
TF,PT433,49.079889,1.862250,0, ,0.0,0.0,0.0,0.0,1,2000,0,0,0,0,0,0
TF,PT404,49.030667,1.812444,0, ,0.0,0.0,0.0,0.0,0,0,0,1,200,0,0,0
TF,PT405,48.988194,1.878167,0, ,0.0,0.0,0.0,0.0,1,2000,0,1,160,0,1,0

FINAL,R04-Z,04,R,3
IF,PT405,48.988194,1.878167, ,0.0,0.0,1,2000,0,1,160,0,0,0
TF,PT406,49.029028,1.939250,0, ,0.0,0.0,43.0,3.4,1,2000,0,0,0,0,2,0
TF,RW04,49.087767,2.027397,0, ,0.0,0.0,43.0,5.0,1,317,0,0,0,0,3,1
TF,PT407,49.140583,2.106944,0, ,0.0,0.0,0.0,0.0,3,2000,0,0,0,0,0,1
DF,PT408,49.204028,2.095556,1, ,0.0,0.0,3,2000,0,0,0,0,0,0
TF,PT409,49.270028,2.010222,0, ,0.0,0.0,0.0,0.0,3,2500,0,1,200,0,0,0
TF,PT402,49.284278,1.920306,0, ,0.0,0.0,0.0,0.0,3,2500,0,1,230,0,0,0

APPTR,R22,22,MOPAR
IF,MOPAR,49.291722,1.757278, ,0.0,0.0,1,7000,0,1,230,0,1,0
TF,PT420,49.278889,2.035528,0, ,0.0,0.0,0.0,0.0,3,4500,0,0,0,0,0,0
TF,PT421,49.257889,2.137583,0, ,0.0,0.0,0.0,0.0,3,3400,0,0,0,0,0,0
TF,PT422,49.226917,2.185306,0, ,0.0,0.0,0.0,0.0,3,2600,0,1,210,0,0,0
TF,PT423,49.192444,2.185222,0, ,0.0,0.0,0.0,0.0,1,2000,0,1,190,0,1,0

APPTR,R22,22,OZHIS
IF,OZHIS,49.229167,2.257222, ,0.0,0.0,4,3000,2000,0,0,0,1,0
TF,PT423,49.192444,2.185222,0, ,0.0,0.0,0.0,0.0,1,2000,0,1,190,0,1,0

FINAL,R22,22,R,3
IF,PT423,49.192444,2.185222, ,0.0,0.0,1,2000,0,1,190,0,0,0
TF,PT424,49.154583,2.128028,0, ,0.0,0.0,223.0,3.2,1,2000,0,0,0,0,2,0
TF,RW22,49.097481,2.042000,0, ,0.0,0.0,223.0,4.8,1,362,0,0,0,0,3,1
TF,PT425,49.034611,1.947611,0, ,0.0,0.0,0.0,0.0,3,2000,0,0,0,0,0,0
TF,PT436,49.083583,1.871917,0, ,0.0,0.0,0.0,0.0,3,2000,0,1,160,0,0,0
TF,PT437,49.249583,1.989361,0, ,0.0,0.0,0.0,0.0,3,7000,0,0,0,0,0,0
TF,MOPAR,49.291722,1.757278,1, ,0.0,0.0,0.0,0.0,1,7000,0,1,230,0,0,0
HM,MOPAR,49.291722,1.757278,1, ,0.0,0.0,92.0,04.3,1,7000,0,1,230,0,0,0,0

