SID,AMAL1A,05,2
CA,0,49.0,2,2000,0,0,0,0,0,0
DF,KPL,40.912664,24.614761,2, ,0.0,0.0,2,6000,0,1,210,0,0,0
CI,1, ,0.0,118.0,0,0,0,0,0,0,0,0
CF,AMALA,40.568611,24.832778,0,KPL,148.2,22.9,148.0,17.0,2,8000,0,0,0,0,0,0

SID,AMAL1B,05,2
CF,D049M,41.036775,24.849300,0,KPL,49.0,13.0,49.0,13.0,0,0,0,0,0,0,0,0
TF,D049P,41.065347,24.903550,0, ,0.0,0.0,0.0,0.0,0,0,0,1,210,0,0,0
AF,D141P,40.688717,24.805686,2,KPL,141.0,16.0,49.0,2,7000,0,0,0,0,0,1
CF,AMALA,40.568611,24.832778,0,KPL,148.2,22.9,148.0,6.0,2,8000,0,1,230,0,0,0

SID,AMAL1C,23,2
CA,0,229.0,2,2000,0,0,0,0,0,0
DF,KPL,40.912664,24.614761,1, ,0.0,0.0,2,6000,0,1,210,0,0,0
CI,2, ,0.0,178.0,0,0,0,0,0,0,0,0
CF,AMALA,40.568611,24.832778,0,KPL,148.2,22.9,148.0,16.0,2,8000,0,0,0,0,0,0

SID,AMAL1D,23,2
CD, ,0,0,0,KPL,0,0.0,229.0,13.0,0,0,0,0,0,0,0,0
CF,D229P,40.759253,24.327300,0,KPL,229.0,16.0,229.0,3.0,0,0,0,1,210,0,0,0
AF,D184P,40.649861,24.553922,1,KPL,184.0,16.0,229.0,2,7000,0,0,0,0,0,0
AF,D154P,40.661856,24.734608,1,KPL,154.0,16.0,184.0,0,0,0,0,0,0,0,1
CF,AMALA,40.568611,24.832778,0,KPL,148.2,22.9,148.0,7.0,2,8000,0,0,0,0,0,0

SID,AMAL1L,23,2
CA,0,229.0,2,420,0,0,0,0,0,0
FA,KHR,40.926881,24.632597,0,KPL,0.0,0.0,228.0,2,2000,0,0,0,0,0,0
DF,KHR,40.926881,24.632597,1, ,0.0,0.0,2,6000,0,1,210,0,0,0
CI,2, ,0.0,181.0,0,0,0,0,0,0,0,0
CF,AMALA,40.568611,24.832778,0,KPL,148.2,22.9,151.0,16.0,2,8000,0,0,0,0,0,0

SID,AMAL1N,05,2
CA,0,49.0,2,420,0,0,0,0,0,0
FA,KHR,40.926881,24.632597,0,KPL,0.0,0.0,50.0,2,2000,0,0,0,0,0,0
DF,KHR,40.926881,24.632597,2, ,0.0,0.0,2,6000,0,1,210,0,0,0
CI,1, ,0.0,103.0,0,0,0,0,0,0,0,0
CF,AMALA,40.568611,24.832778,0,KPL,148.2,22.9,151.0,18.0,2,8000,0,0,0,0,0,0

SID,ASKO1A,05,2
CA,0,49.0,2,2000,0,0,0,0,0,0
DF,KPL,40.912664,24.614761,2, ,0.0,0.0,2,6000,0,1,210,0,0,0
TF,ASKOS,40.638056,24.270278,0, ,0.0,0.0,0.0,0.0,2,8000,0,0,0,0,0,0

SID,ASKO1B,05,2
CF,D049M,41.036775,24.849300,0,KPL,49.0,13.0,49.0,13.0,0,0,0,0,0,0,0,0
TF,D049P,41.065347,24.903550,0, ,0.0,0.0,0.0,0.0,0,0,0,1,210,0,0,0
AF,D141P,40.688717,24.805686,2,KPL,141.0,16.0,49.0,2,7000,0,0,0,0,0,0
AF,D210P,40.696603,24.408686,2,KPL,210.0,16.0,141.0,0,0,0,0,0,0,0,1
CF,ASKOS,40.638056,24.270278,0,KPL,217.8,22.8,218.0,5.0,2,8000,0,1,230,0,0,0

SID,ASKO1C,23,2
CA,0,229.0,2,2000,0,0,0,0,0,0
DF,KPL,40.912664,24.614761,1, ,0.0,0.0,2,6000,0,1,210,0,0,0
CI,2, ,0.0,248.0,0,0,0,0,0,0,0,0
CF,ASKOS,40.638056,24.270278,0,KPL,217.8,22.8,218.0,17.0,2,8000,0,0,0,0,0,0

SID,ASKO1E,23,2
CA,0,229.0,2,420,0,0,0,0,0,0
CF,ASKOS,40.638056,24.270278,0,KPL,217.8,22.8,218.0,22.0,2,8000,0,0,0,0,0,0

SID,ASKO1L,23,2
CA,0,229.0,2,420,0,0,0,0,0,0
FA,KHR,40.926881,24.632597,0,KPL,0.0,0.0,228.0,2,2000,0,0,0,0,0,0
DF,KHR,40.926881,24.632597,1, ,0.0,0.0,2,6000,0,1,210,0,0,0
CI,2, ,0.0,248.0,0,0,0,0,0,0,0,0
CF,ASKOS,40.638056,24.270278,0,KPL,217.8,22.8,218.0,18.0,2,8000,0,0,0,0,0,0

SID,ASKO1N,05,2
CA,0,49.0,2,420,0,0,0,0,0,0
FA,KHR,40.926881,24.632597,0,KPL,0.0,0.0,50.0,2,2000,0,0,0,0,0,0
DF,KHR,40.926881,24.632597,2, ,0.0,0.0,2,6000,0,1,210,0,0,0
TF,ASKOS,40.638056,24.270278,0, ,0.0,0.0,0.0,0.0,2,8000,0,0,0,0,0,0

SID,SOSU1A,05,2
CA,0,49.0,2,2000,0,0,0,0,0,0
DF,KPL,40.912664,24.614761,2, ,0.0,0.0,2,6000,0,1,210,0,0,0
CI,1, ,0.0,80.0,0,0,0,0,0,0,0,0
CF,SOSUS,40.744167,25.073333,0,KPL,109.7,23.2,110.0,17.0,2,8000,0,0,0,0,0,0

SID,SOSU1B,05,2
CF,D049M,41.036775,24.849300,0,KPL,49.0,13.0,49.0,13.0,0,0,0,0,0,0,0,0
TF,D049P,41.065347,24.903550,0, ,0.0,0.0,0.0,0.0,0,0,0,1,210,0,0,0
AF,D103P,40.825311,24.946894,2,KPL,103.0,16.0,49.0,0,0,0,0,0,0,0,1
CF,SOSUS,40.744167,25.073333,0,KPL,109.7,23.2,110.0,6.0,2,8000,0,1,230,0,0,0

SID,SOSU1C,23,2
CA,0,229.0,2,2000,0,0,0,0,0,0
DF,KPL,40.912664,24.614761,1, ,0.0,0.0,2,6000,0,1,210,0,0,0
CI,2, ,0.0,140.0,0,0,0,0,0,0,0,0
CF,SOSUS,40.744167,25.073333,0,KPL,109.7,23.2,110.0,18.0,2,8000,0,0,0,0,0,0

SID,SOSU1D,23,2
CD, ,0,0,0,KPL,0,0.0,229.0,13.0,0,0,0,0,0,0,0,0
CF,D229P,40.759253,24.327300,0,KPL,229.0,16.0,229.0,3.0,0,0,0,1,210,0,0,0
AF,D184P,40.649861,24.553922,1,KPL,184.0,16.0,229.0,2,7000,0,0,0,0,0,0
AF,D154P,40.661856,24.734608,1,KPL,154.0,16.0,184.0,0,0,0,0,0,0,0,0
AF,D116P,40.770878,24.912414,1,KPL,116.0,16.0,154.0,0,0,0,0,0,0,0,1
CF,SOSUS,40.744167,25.073333,0,KPL,109.7,23.2,110.0,7.0,2,8000,0,0,0,0,0,0

SID,SOSU1L,23,2
CA,0,229.0,2,420,0,0,0,0,0,0
FA,KHR,40.926881,24.632597,0,KPL,0.0,0.0,228.0,2,2000,0,0,0,0,0,0
DF,KHR,40.926881,24.632597,1, ,0.0,0.0,2,6000,0,1,210,0,0,0
CI,2, ,0.0,143.0,0,0,0,0,0,0,0,0
CF,SOSUS,40.744167,25.073333,0,KPL,109.7,23.2,113.0,18.0,2,8000,0,0,0,0,0,0

SID,SOSU1N,05,2
CA,0,49.0,2,420,0,0,0,0,0,0
FA,KHR,40.926881,24.632597,0,KPL,0.0,0.0,50.0,2,2000,0,0,0,0,0,0
DF,KHR,40.926881,24.632597,2, ,0.0,0.0,2,6000,0,1,210,0,0,0
CI,1, ,0.0,67.0,0,0,0,0,0,0,0,0
CF,SOSUS,40.744167,25.073333,0,KPL,109.7,23.2,113.0,19.0,2,8000,0,0,0,0,0,0

SID,XERI1A,05,2
CA,0,49.0,2,2000,0,0,0,0,0,0
DF,KPL,40.912664,24.614761,2, ,0.0,0.0,2,6000,0,1,210,0,0,0
TF,XERIS,41.153889,24.140278,0, ,0.0,0.0,0.0,0.0,2,12000,0,0,0,0,0,0

SID,XERI1C,23,2
CA,0,229.0,2,2000,0,0,0,0,0,0
DF,KPL,40.912664,24.614761,1, ,0.0,0.0,2,6000,0,1,210,0,0,0
TF,XERIS,41.153889,24.140278,0, ,0.0,0.0,0.0,0.0,2,12000,0,0,0,0,0,0

SID,XERI1L,23,2
CA,0,229.0,2,420,0,0,0,0,0,0
FA,KHR,40.926881,24.632597,0,KPL,0.0,0.0,228.0,2,2000,0,0,0,0,0,0
DF,KHR,40.926881,24.632597,1, ,0.0,0.0,0,0,0,1,210,0,0,0
TF,XERIS,41.153889,24.140278,1, ,0.0,0.0,0.0,0.0,2,12000,0,0,0,0,0,0

SID,XERI1N,05,2
CA,0,49.0,2,420,0,0,0,0,0,0
FA,KHR,40.926881,24.632597,0,KPL,0.0,0.0,50.0,2,2000,0,0,0,0,0,0
DF,KHR,40.926881,24.632597,2, ,0.0,0.0,2,6000,0,1,210,0,0,0
TF,XERIS,41.153889,24.140278,0, ,0.0,0.0,0.0,0.0,2,12000,0,0,0,0,0,0

STAR,AMAL1H,05,2
IF,AMALA,40.568611,24.832778, ,0.0,0.0,0,0,0,0,0,0,0,0
TF,D148I,40.777503,24.700708,0, ,0.0,0.0,0.0,0.0,0,0,0,0,0,0,0,0
TF,KPL,40.912664,24.614761,0, ,0.0,0.0,0.0,0.0,0,0,0,0,0,0,0,0

STAR,AMAL1J,23,2
IF,AMALA,40.568611,24.832778, ,0.0,0.0,0,0,0,0,0,0,0,0
TF,D148I,40.777503,24.700708,0, ,0.0,0.0,0.0,0.0,0,0,0,0,0,0,0,0
TF,KPL,40.912664,24.614761,0, ,0.0,0.0,0.0,0.0,0,0,0,0,0,0,0,0

STAR,AMAL1X,05,2
IF,AMALA,40.568611,24.832778, ,0.0,0.0,0,0,0,0,0,0,0,0
TF,D148N,40.702383,24.748306,0, ,0.0,0.0,0.0,0.0,0,0,0,0,0,0,0,0
CI,0, ,0.0,328.0,0,0,0,0,0,0,0,0
AF,D184L,40.715567,24.569086,2,KPL,184.0,12.0,148.0,0,0,0,0,0,0,0,0
AF,D211L,40.752725,24.456381,2,KPL,211.0,12.0,184.0,0,0,0,0,0,0,0,0
AF,D230L,40.800547,24.396428,2,KPL,230.0,12.0,211.0,0,0,0,0,0,0,0,0
TF,TUSAG,40.819161,24.432542,0, ,0.0,0.0,0.0,0.0,0,0,0,0,0,0,0,0

STAR,AMAL1Y,23,2
IF,AMALA,40.568611,24.832778, ,0.0,0.0,0,0,0,0,0,0,0,0
TF,D148N,40.702383,24.748306,0, ,0.0,0.0,0.0,0.0,0,0,0,0,0,0,0,1
DF,D143L,40.741042,24.750278,0, ,0.0,0.0,0,0,0,0,0,0,0,0
AF,D061L,40.990600,24.857875,1,KPL,61.0,12.0,143.0,0,0,0,0,0,0,0,0
CF,DEVED,41.003456,24.799581,1,KPL,51.0,10.0,231.0,2.0,0,0,0,0,0,0,0,0

STAR,AMAL1Z,ALL,2
IF,AMALA,40.568611,24.832778, ,0.0,0.0,0,0,0,0,0,0,0,0
TF,KHR,40.926881,24.632597,0, ,0.0,0.0,0.0,0.0,0,0,0,0,0,0,0,0

STAR,ASKO1H,05,2
IF,ASKOS,40.638056,24.270278, ,0.0,0.0,0,0,0,0,0,0,0,0
TF,KPL,40.912664,24.614761,0, ,0.0,0.0,0.0,0.0,0,0,0,0,0,0,0,0

STAR,ASKO1J,23,2
IF,ASKOS,40.638056,24.270278, ,0.0,0.0,0,0,0,0,0,0,0,0
TF,KPL,40.912664,24.614761,0, ,0.0,0.0,0.0,0.0,0,0,0,0,0,0,0,0

STAR,ASKO1X,05,2
IF,ASKOS,40.638056,24.270278, ,0.0,0.0,0,0,0,0,0,0,0,0
TF,D218N,40.743817,24.402461,0, ,0.0,0.0,0.0,0.0,0,0,0,0,0,0,0,0
TF,TUSAG,40.819161,24.432542,0, ,0.0,0.0,0.0,0.0,0,0,0,0,0,0,0,0

STAR,ASKO1Y,23,2
IF,ASKOS,40.638056,24.270278, ,0.0,0.0,0,0,0,0,0,0,0,0
TF,D218N,40.743817,24.402461,0, ,0.0,0.0,0.0,0.0,0,0,0,0,0,0,0,0
CI,0, ,0.0,38.0,0,0,0,0,0,0,0,0
AF,D143L,40.741042,24.750278,1,KPL,143.0,12.0,218.0,0,0,0,0,0,0,0,0
AF,D061L,40.990600,24.857875,1,KPL,61.0,12.0,143.0,0,0,0,0,0,0,0,0
CF,DEVED,41.003456,24.799581,1,KPL,51.0,10.0,231.0,2.0,0,0,0,0,0,0,0,0

STAR,ASKO1Z,ALL,2
IF,ASKOS,40.638056,24.270278, ,0.0,0.0,0,0,0,0,0,0,0,0
TF,KHR,40.926881,24.632597,0, ,0.0,0.0,0.0,0.0,0,0,0,0,0,0,0,0

STAR,LOPT1H,05,2
IF,LOPTI,41.195278,24.434167, ,0.0,0.0,0,0,0,0,0,0,0,0
TF,D328J,41.062825,24.519019,0, ,0.0,0.0,0.0,0.0,0,0,0,0,0,0,0,0
TF,KPL,40.912664,24.614761,0, ,0.0,0.0,0.0,0.0,0,0,0,0,0,0,0,0

STAR,LOPT1J,23,2
IF,LOPTI,41.195278,24.434167, ,0.0,0.0,0,0,0,0,0,0,0,0
TF,D328J,41.062825,24.519019,0, ,0.0,0.0,0.0,0.0,0,0,0,0,0,0,0,0
TF,KPL,40.912664,24.614761,0, ,0.0,0.0,0.0,0.0,0,0,0,0,0,0,0,0

STAR,LOPT1Z,ALL,2
IF,LOPTI,41.195278,24.434167, ,0.0,0.0,0,0,0,0,0,0,0,0
TF,KHR,40.926881,24.632597,0, ,0.0,0.0,0.0,0.0,0,0,0,0,0,0,0,0

STAR,SOSU1H,05,2
IF,SOSUS,40.744167,25.073333, ,0.0,0.0,0,0,0,0,0,0,0,0
TF,KPL,40.912664,24.614761,0, ,0.0,0.0,0.0,0.0,0,0,0,0,0,0,0,0

STAR,SOSU1J,23,2
IF,SOSUS,40.744167,25.073333, ,0.0,0.0,0,0,0,0,0,0,0,0
TF,KPL,40.912664,24.614761,0, ,0.0,0.0,0.0,0.0,0,0,0,0,0,0,0,0

STAR,SOSU1X,05,2
IF,SOSUS,40.744167,25.073333, ,0.0,0.0,0,0,0,0,0,0,0,0
TF,D110N,40.811208,24.891742,0, ,0.0,0.0,0.0,0.0,0,0,0,0,0,0,0,0
CI,0, ,0.0,290.0,0,0,0,0,0,0,0,0
AF,D184L,40.715567,24.569086,2,KPL,184.0,12.0,110.0,0,0,0,0,0,0,0,0
AF,D211L,40.752725,24.456381,2,KPL,211.0,12.0,184.0,0,0,0,0,0,0,0,0
AF,D230L,40.800547,24.396428,2,KPL,230.0,12.0,211.0,0,0,0,0,0,0,0,0
TF,TUSAG,40.819161,24.432542,0, ,0.0,0.0,0.0,0.0,0,0,0,0,0,0,0,0

STAR,SOSU1Y,23,2
IF,SOSUS,40.744167,25.073333, ,0.0,0.0,0,0,0,0,0,0,0,0
TF,D110N,40.811208,24.891742,0, ,0.0,0.0,0.0,0.0,0,0,0,0,0,0,0,0
CI,0, ,0.0,290.0,0,0,0,0,0,0,0,0
AF,D061L,40.990600,24.857875,1,KPL,61.0,12.0,110.0,0,0,0,0,0,0,0,0
CF,DEVED,41.003456,24.799581,1,KPL,51.0,10.0,231.0,2.0,0,0,0,0,0,0,0,0

STAR,SOSU1Z,ALL,2
IF,SOSUS,40.744167,25.073333, ,0.0,0.0,0,0,0,0,0,0,0,0
TF,KHR,40.926881,24.632597,0, ,0.0,0.0,0.0,0.0,0,0,0,0,0,0,0,0

APPTR,D05,05,KPL
IF,KPL,40.912664,24.614761, ,0.0,0.0,2,6000,0,1,185,0,1,0
FD,KPL,40.912664,24.614761,0,KPL,0.0,10.0,245.0,10.0,2,2500,0,0,0,0,0,0
CF,TUSAG,40.819161,24.432542,1,KPL,230.0,10.0,50.0,1.0,2,2500,0,0,0,0,0,0
CF,FD05,40.865947,24.523592,0,KPL,230.0,5.0,50.0,5.0,2,1400,0,0,0,0,0,0

APPTR,D05,05,TUSAG
IF,TUSAG,40.819161,24.432542, ,0.0,0.0,2,2500,0,0,0,0,1,0
CF,FD05,40.865947,24.523592,0,KPL,230.0,5.0,50.0,5.0,2,1400,0,0,0,0,0,0

FINAL,D05,05,D,2
IF,FD05,40.865947,24.523592,KPL,230.0,5.0,2,1400,0,0,0,0,2,0
CF,RW05,40.906303,24.604981,0,KPL,223.4,0.6,50.0,4.4,1,61,0,0,0,0,3,0
CF,KPL,40.912664,24.614761,0,KPL,0.0,0.0,50.0,0.6,0,0,0,0,0,0,0,1
FA,KPL,40.912664,24.614761,0,KPL,0.0,0.0,50.0,2,3000,0,0,0,0,0,0
DF,KPL,40.912664,24.614761,2, ,0.0,0.0,1,6000,0,1,185,0,0,0
HM,KPL,40.912664,24.614761,2, ,0.0,0.0,269.0,04.3,2,6000,0,0,0,0,0,0,0

APPTR,D23,23,DEVED
IF,DEVED,41.003456,24.799581, ,0.0,0.0,2,2400,0,0,0,0,1,0
CF,FD23,40.958094,24.707111,0,KPL,51.0,5.0,231.0,5.0,2,1300,0,0,0,0,0,0

APPTR,D23,23,KPL
IF,KPL,40.912664,24.614761, ,0.0,0.0,2,6000,0,1,185,0,1,0
FD,KPL,40.912664,24.614761,0,KPL,0.0,10.0,66.0,10.0,2,2400,0,0,0,0,0,0
CF,DEVED,41.003456,24.799581,1,KPL,51.0,10.0,231.0,1.0,2,2400,0,1,185,0,0,0
CF,FD23,40.958094,24.707111,0,KPL,51.0,5.0,231.0,5.0,2,1300,0,0,0,0,0,0

FINAL,D23,23,D,2
IF,FD23,40.958094,24.707111,KPL,51.0,5.0,2,1300,0,0,0,0,2,0
CF,RW23,40.921658,24.634283,0,KPL,52.7,1.0,231.0,4.0,1,68,0,0,0,0,3,0
CF,KPL,40.912664,24.614761,0,KPL,0.0,0.0,231.0,1.0,0,0,0,0,0,0,0,1
FA,KPL,40.912664,24.614761,0,KPL,0.0,0.0,231.0,2,3000,0,0,0,0,0,0
DF,KPL,40.912664,24.614761,1, ,0.0,0.0,1,6000,0,1,185,0,0,0
HM,KPL,40.912664,24.614761,1, ,0.0,0.0,58.0,04.3,2,6000,0,0,0,0,0,0,0

APPTR,N05-Y,05,KHR
IF,KHR,40.926881,24.632597, ,0.0,0.0,2,6000,0,0,0,0,1,0
FC,KHR,40.926881,24.632597,0,KPL,0.0,0.0,242.0,11.0,2,3300,0,1,185,0,0,1
CF,FN05Y,40.798817,24.432036,1,KPL,224.7,10.8,44.0,1.0,2,3300,0,0,0,0,0,0

FINAL,N05-Y,05,N,2
IF,FN05Y,40.798817,24.432036,KHR,0.0,0.0,2,3300,0,0,0,0,2,0
CF,RW05,40.906303,24.604981,0,KHR,0.0,0.0,44.0,10.2,1,61,0,0,0,0,3,0
CF,KHR,40.926881,24.632597,0,KPL,37.6,1.2,44.0,1.8,0,0,0,0,0,0,0,1
FA,KHR,40.926881,24.632597,0,KPL,0.0,0.0,44.0,2,3000,0,0,0,0,0,0
DF,KHR,40.926881,24.632597,2, ,0.0,0.0,1,6000,0,1,185,0,0,0
HM,KHR,40.926881,24.632597,2, ,0.0,0.0,242.0,04.3,2,6000,0,0,0,0,0,0,0

APPTR,N05-Z,05,KHR
IF,KHR,40.926881,24.632597, ,0.0,0.0,2,6000,0,0,0,0,1,0
FC,KHR,40.926881,24.632597,0,KPL,0.0,0.0,237.0,9.0,2,2300,0,1,185,0,0,1
CF,FN05Z,40.832606,24.484825,1,KPL,225.0,7.6,44.0,1.0,2,2300,0,0,0,0,0,0

FINAL,N05-Z,05,N,2
IF,FN05Z,40.832606,24.484825,KHR,0.0,0.0,2,2300,0,0,0,0,2,0
CF,RW05,40.906303,24.604981,0,KHR,0.0,0.0,44.0,7.0,1,61,0,0,0,0,3,0
CF,KHR,40.926881,24.632597,0,KPL,37.6,1.2,44.0,1.8,0,0,0,0,0,0,0,1
FA,KHR,40.926881,24.632597,0,KPL,0.0,0.0,44.0,2,3000,0,0,0,0,0,0
DF,KHR,40.926881,24.632597,2, ,0.0,0.0,1,6000,0,1,185,0,0,0
HM,KHR,40.926881,24.632597,2, ,0.0,0.0,242.0,04.3,2,6000,0,0,0,0,0,0,0

