SID,AVCO5A,ALL,5
IF,DT503,46.067592,11.124947, ,0.0,0.0,2,2500,0,0,0,0,0,0
TF,DT702,46.125183,11.106622,0, ,0.0,0.0,0.0,0.0,2,5200,0,0,0,0,0,0
TF,AVCOL,46.175283,11.222450,0, ,0.0,0.0,0.0,0.0,2,8000,0,0,0,0,0,0

SID,OZE5Z,36,2
CI,0, ,0.0,358.0,0,0,0,0,0,0,0,0
CF,D353P,46.285817,11.106486,0,TNT,353.0,16.0,353.0,10.0,2,9500,0,0,0,0,0,0
CF,OZE,46.405194,11.292306,0,OZE,0.0,0.0,45.0,10.0,2,12500,0,0,0,0,0,0

SID,PEWO1T,ALL,5
IF,AVCOL,46.175283,11.222450, ,0.0,0.0,2,6200,0,1,100,0,0,0
TF,KA406,46.258833,11.359611,0, ,0.0,0.0,0.0,0.0,2,6200,0,1,100,0,0,0
TF,KA407,46.288028,11.456083,0, ,0.0,0.0,0.0,0.0,2,7800,0,1,100,0,0,0
TF,KA408,46.284083,11.580917,0, ,0.0,0.0,0.0,0.0,2,9000,0,1,100,0,0,0
TF,PEWOC,46.430694,11.685722,0, ,0.0,0.0,0.0,0.0,2,9000,0,1,100,0,0,0

SID,TEXA5A,ALL,5
IF,DT503,46.067592,11.124947, ,0.0,0.0,2,2500,0,0,0,0,0,0
TF,DT702,46.125183,11.106622,0, ,0.0,0.0,0.0,0.0,2,5200,0,0,0,0,0,0
TF,TEXXA,46.194539,11.112361,0, ,0.0,0.0,0.0,0.0,2,7000,0,0,0,0,0,0

SID,TNT5Z,36,2
CI,0, ,0.0,358.0,0,0,0,0,0,0,0,0
CF,D353P,46.285817,11.106486,0,TNT,353.0,16.0,353.0,10.0,2,8200,0,0,0,0,0,1
DF,TNT,46.020250,11.140000,2, ,0.0,0.0,2,12500,0,0,0,0,0,0

SID,TNT6X,18,2
CA,0,178.0,2,1010,0,0,0,0,0,0
CI,0, ,0.0,193.0,0,0,0,0,0,0,0,0
CF,D208K,45.861444,11.008831,0,TNT,208.0,11.0,208.0,9.0,2,7000,0,0,0,0,0,0
TF,D208Q,45.774758,10.937597,0, ,0.0,0.0,0.0,0.0,2,8000,0,0,0,0,0,1
DF,TNT,46.020250,11.140000,1, ,0.0,0.0,2,12500,0,0,0,0,0,0

STAR,OZE1K,ALL,2
IF,OZE,46.405194,11.292306, ,0.0,0.0,0,0,0,0,0,0,0,0
CR,0,TNT,352.0,258.0,0,0,0,0,0,0,0,0
CF,BAMOV,46.298056,11.061389,1,TNT,346.9,17.0,167.0,3.0,0,0,0,0,0,0,0,0

STAR,PEWO1E,ALL,5
IF,PEWOC,46.430694,11.685722, ,0.0,0.0,2,9000,0,0,0,0,0,0
TF,KA408,46.284083,11.580917,0, ,0.0,0.0,0.0,0.0,2,9000,0,1,100,0,0,0
TF,KA407,46.288028,11.456083,0, ,0.0,0.0,0.0,0.0,2,7800,0,0,0,0,0,0
TF,KA406,46.258833,11.359611,0, ,0.0,0.0,0.0,0.0,2,7400,0,0,0,0,0,0
TF,UVIBE,46.243128,11.210989,0, ,0.0,0.0,0.0,0.0,2,7400,0,0,0,0,0,0

STAR,PEWO1F,ALL,5
IF,PEWOC,46.430694,11.685722, ,0.0,0.0,2,9000,0,0,0,0,0,0
TF,KA408,46.284083,11.580917,0, ,0.0,0.0,0.0,0.0,2,9000,0,1,100,0,0,0
TF,KA407,46.288028,11.456083,0, ,0.0,0.0,0.0,0.0,2,7800,0,0,0,0,0,0
TF,KA406,46.258833,11.359611,0, ,0.0,0.0,0.0,0.0,2,6200,0,0,0,0,0,0
TF,AVCOL,46.175283,11.222450,0, ,0.0,0.0,0.0,0.0,2,6200,0,0,0,0,0,0

STAR,VIC3K,ALL,2
IF,VIC,45.637306,11.676361, ,0.0,0.0,0,0,0,0,0,0,0,0
TF,TNT,46.020250,11.140000,0, ,0.0,0.0,0.0,0.0,0,0,0,0,0,0,0,0

APPTR,D18,18,BAMOV
IF,BAMOV,46.298056,11.061389, ,0.0,0.0,2,10000,0,1,130,0,1,0
CF,CD18,46.216503,11.085042,0,TNT,347.0,12.0,167.0,5.0,2,7500,0,0,0,0,0,0

APPTR,D18,18,TNT
IF,TNT,46.020250,11.140000, ,0.0,0.0,2,10000,0,1,110,0,1,0
FD,TNT,46.020250,11.140000,0,TNT,0.0,17.0,352.0,17.0,0,0,0,0,0,0,0,0
CF,BAMOV,46.298056,11.061389,1,TNT,346.9,17.0,167.0,1.0,2,10000,0,0,0,0,1,0
CF,CD18,46.216503,11.085042,0,TNT,347.0,12.0,167.0,5.0,2,7500,0,0,0,0,0,0

FINAL,D18,18,D,4
IF,CD18,46.216503,11.085042,TNT,347.0,12.0,2,7500,0,0,0,0,0,0
CF,FD18,46.183797,11.094228,0,TNT,347.0,10.0,167.0,2.0,2,6500,0,0,0,0,2,0
CF,80VOR,46.151089,11.103403,0,TNT,347.0,8.0,167.0,2.0,2,5300,0,0,0,0,0,0
CF,MD18,46.110203,11.114858,0,TNT,347.0,5.5,167.0,2.5,1,3772,0,0,0,0,3,0
CF,D347A,46.036606,11.135433,0,TNT,347.0,1.0,167.0,4.5,0,0,0,0,0,0,0,1
CI,0, ,0.0,184.0,0,0,0,0,0,0,0,0
CF,D199G,45.911344,11.080119,0,TNT,199.0,7.0,199.0,7.0,2,7200,0,0,0,0,0,1
CI,2, ,0.0,64.0,0,0,0,0,0,0,0,0
CF,TNT,46.020250,11.140000,0,TNT,0.0,0.0,19.0,4.0,1,10000,0,0,0,0,0,0

