SID,FRS1A,16,2
VA,0,161.0,2,1040,0,0,0,0,0,0
FD,FRS,41.642528,13.292361,0,FRS,0.0,4.0,130.0,4.0,2,3000,0,0,0,0,0,0
DF,FRS,41.642528,13.292361,1, ,0.0,0.0,2,5000,0,0,0,0,0,0

SID,FRS2B,34,2
VA,0,341.0,2,1100,0,0,0,0,0,0
CR,1,FRS,290.0,250.0,0,0,0,0,0,0,0,0
CD, ,0,0,0,FRS,0,0.0,290.0,5.0,2,3200,0,0,0,0,0,0
DF,D305E,41.693822,13.204703,2, ,0.0,0.0,0,0,0,0,0,0,0,0
TF,FRS,41.642528,13.292361,0, ,0.0,0.0,0.0,0.0,2,5000,0,0,0,0,0,0

APPTR,D34-Y,34,FRS
IF,FRS,41.642528,13.292361, ,0.0,0.0,2,4000,0,1,90,0,0,0
FD,FRS,41.642528,13.292361,0,FRS,0.0,3.5,138.0,3.5,2,2800,0,0,0,0,0,0
CF,FD34Y,41.587681,13.318947,2,FRS,157.0,3.5,337.0,1.0,2,2800,0,1,70,0,0,0

FINAL,D34-Y,34,D,3
IF,FD34Y,41.587681,13.318947,FRS,157.0,3.5,2,2800,0,1,70,0,2,0
CF,20VO2,41.611186,13.307558,0,FRS,157.0,2.0,337.0,1.5,2,1860,0,1,70,0,0,0
CF,MD34Y,41.628425,13.299200,0,FRS,157.0,0.9,337.0,1.1,1,1163,0,1,70,0,3,0
CF,FRS,41.642528,13.292361,0,FRS,0.0,0.0,337.0,0.9,2,1163,0,1,90,0,0,0
FA,FRS,41.642528,13.292361,0,FRS,0.0,0.0,300.0,2,2400,0,1,90,0,0,0
DF,FRS,41.642528,13.292361,2, ,0.0,0.0,1,4000,0,1,90,0,0,0

APPTR,D34-Z,34,FRS
IF,FRS,41.642528,13.292361, ,0.0,0.0,2,5000,0,1,90,0,0,0
FD,FRS,41.642528,13.292361,0,FRS,0.0,5.0,117.0,5.0,2,2800,0,1,90,0,0,0
CF,FD34Z,41.584581,13.372242,2,FRS,131.0,5.0,311.0,1.0,2,2800,0,1,90,0,0,0

FINAL,D34-Z,34,D,3
IF,FD34Z,41.584581,13.372242,FRS,131.0,5.0,2,2800,0,1,90,0,2,0
CF,20VOR,41.619356,13.324331,0,FRS,131.0,2.0,311.0,3.0,2,1480,0,1,90,0,0,0
CF,MD34Z,41.627467,13.313142,0,FRS,131.0,1.3,311.0,0.7,1,1164,0,1,90,0,3,0
CF,FRS,41.642528,13.292361,0,FRS,0.0,0.0,311.0,1.3,2,1164,0,1,90,0,0,0
FA,FRS,41.642528,13.292361,0,FRS,0.0,0.0,300.0,2,2400,0,1,90,0,0,0
DF,FRS,41.642528,13.292361,2, ,0.0,0.0,1,5000,0,1,90,0,0,0

