SID,GIMI1Z,30,5
DF,DER30,46.232492,14.440392,0, ,0.0,0.0,0,0,0,0,0,0,0,1
CA,0,302.0,2,1800,0,1,210,0,0,0
DF,LJ711,46.257417,14.118278,0, ,0.0,0.0,2,10500,0,1,210,0,0,1
DF,GIMIX,46.522989,13.714081,0, ,0.0,0.0,0,0,0,0,0,0,0,0

SID,LUPI2D,12,2
CA,0,122.0,2,1680,0,0,0,0,0,0
CF,LUPIX,46.068278,14.759750,0,LBL,121.4,17.2,122.0,15.0,0,0,0,0,0,0,0,0
FM,LUPIX,46.068278,14.759750,0,LBL,0.0,0.0,122.0,0,0,0,0,0,0,0,0

SID,LUPI2E,12,5
CA,0,122.0,2,1800,0,0,0,0,0,0
DF,LUPIX,46.068278,14.759750,0, ,0.0,0.0,2,6000,0,0,0,0,0,0
VM,46.068278,14.759750,0,122.0,0,0,0,0,0,0,0,0

SID,MODR1W,30,2
CF,D124A,46.233408,14.438058,0,LBL,122.7,0.5,302.0,1.0,0,0,0,0,0,0,0,0
CA,0,302.0,2,1800,0,0,0,0,0,0
VI,1, ,0.0,159.0,0,0,0,1,210,0,0,0
CF,MODRO,46.060433,14.367631,0,LBL,188.4,11.0,189.0,3.0,2,6000,0,0,0,0,0,0
FM,MODRO,46.060433,14.367631,0,LBL,0.0,0.0,189.0,0,0,0,0,0,0,0,0

SID,MODR1Z,30,5
DF,DER30,46.232492,14.440392,0, ,0.0,0.0,0,0,0,0,0,0,0,1
CA,0,302.0,2,1800,0,1,210,0,0,0
DF,MODRO,46.060433,14.367631,1, ,0.0,0.0,2,6000,0,1,210,0,0,0
VM,46.060433,14.367631,0,180.0,0,0,0,0,0,0,0,0

STAR,BARP2L,30,2
IF,BARPI,45.585806,13.522864, ,0.0,0.0,0,0,0,0,0,0,0,0
TF,D236T,45.921136,14.361500,0, ,0.0,0.0,0.0,0.0,0,0,0,0,0,0,0,0
TF,D236J,46.002828,14.569736,0, ,0.0,0.0,0.0,0.0,0,0,0,0,0,0,0,0
TF,D215G,46.000583,14.679631,0, ,0.0,0.0,0.0,0.0,0,0,0,0,0,0,0,0
TF,LUPIX,46.068278,14.759750,0, ,0.0,0.0,0.0,0.0,0,0,0,0,0,0,0,0

STAR,BERT2L,30,2
IF,BERTA,46.449708,14.625236, ,0.0,0.0,0,0,0,0,0,0,0,0
TF,D339R,46.372122,14.657958,0, ,0.0,0.0,0.0,0.0,0,0,0,0,0,0,0,0
TF,D339J,46.244147,14.711725,0, ,0.0,0.0,0.0,0.0,0,0,0,0,0,0,0,0
VR,0,DOL,5.0,126.0,0,0,0,0,0,0,0,0
DF,D023D,46.142975,14.823594,0, ,0.0,0.0,0,0,0,1,210,0,0,0
TF,DOL,46.084139,14.778583,0, ,0.0,0.0,0.0,0.0,0,0,0,0,0,0,0,0

STAR,DARZ2L,30,2
IF,DARZA,45.495017,15.007147, ,0.0,0.0,0,0,0,0,0,0,0,0
TF,D160K,45.907300,14.847719,0, ,0.0,0.0,0.0,0.0,0,0,0,0,0,0,0,0
TF,D160D,46.019839,14.803772,0, ,0.0,0.0,0.0,0.0,0,0,0,0,0,0,0,1
DF,LUPIX,46.068278,14.759750,0, ,0.0,0.0,0,0,0,0,0,0,0,0

STAR,DEGU2L,30,2
IF,DEGUM,46.465864,13.699278, ,0.0,0.0,0,0,0,0,0,0,0,0
TF,D290J,46.307392,14.209789,0, ,0.0,0.0,0.0,0.0,0,0,0,0,0,0,0,0
TF,LBL,46.238500,14.428556,0, ,0.0,0.0,0.0,0.0,0,0,0,0,0,0,0,0

STAR,GORP1L,30,2
IF,GORPA,45.773075,15.353242, ,0.0,0.0,0,0,0,0,0,0,0,0
TF,LBL31,45.936906,15.031206,0, ,0.0,0.0,0.0,0.0,0,0,0,0,0,0,0,0
TF,LUPIX,46.068278,14.759750,0, ,0.0,0.0,0.0,0.0,0,0,0,0,0,0,0,0

STAR,ILB2L,30,2
IF,ILB,45.565586,14.170864, ,0.0,0.0,0,0,0,0,0,0,0,0
TF,D215N,45.904067,14.565828,0, ,0.0,0.0,0.0,0.0,0,0,0,0,0,0,0,0
TF,LUPIX,46.068278,14.759750,0, ,0.0,0.0,0.0,0.0,0,0,0,0,0,0,0,0

STAR,KOMH1R,30,5
IF,KOMHO,46.261397,14.149747, ,0.0,0.0,2,10500,0,0,0,0,0,0
TF,LJ432,46.087611,14.485556,0, ,0.0,0.0,0.0,0.0,2,7000,0,0,0,0,0,0
TF,GAMAY,45.993667,14.683278,0, ,0.0,0.0,0.0,0.0,2,5000,0,0,0,0,0,0
TF,LUPIX,46.068278,14.759750,0, ,0.0,0.0,0.0,0.0,2,5000,0,0,0,0,0,0

STAR,LUMU4L,30,2
IF,LUMUS,46.590103,14.156300, ,0.0,0.0,0,0,0,0,0,0,0,0
TF,D327M,46.429517,14.281144,0, ,0.0,0.0,0.0,0.0,0,0,0,0,0,0,0,0
TF,D327E,46.311989,14.371978,0, ,0.0,0.0,0.0,0.0,0,0,0,0,0,0,0,0
TF,LBL,46.238500,14.428556,0, ,0.0,0.0,0.0,0.0,0,0,0,0,0,0,0,0

STAR,MAGA2L,30,2
IF,MAGAM,45.972669,15.702931, ,0.0,0.0,0,0,0,0,0,0,0,0
TF,D095N,46.045203,15.108989,0, ,0.0,0.0,0.0,0.0,0,0,0,0,0,0,0,0
TF,D095F,46.067569,14.920242,0, ,0.0,0.0,0.0,0.0,0,0,0,0,0,0,0,0
TF,DOL,46.084139,14.778583,0, ,0.0,0.0,0.0,0.0,0,0,0,0,0,0,0,0

STAR,OFRO1R,30,5
IF,OFROZ,46.312119,15.005778, ,0.0,0.0,2,8000,0,0,0,0,0,0
TF,LJ533,46.261667,14.954667,0, ,0.0,0.0,0.0,0.0,2,8000,0,0,0,0,0,0
TF,LJ532,46.208472,14.900889,0, ,0.0,0.0,0.0,0.0,2,7000,0,0,0,0,0,0
TF,BEZGA,46.163889,14.855917,0, ,0.0,0.0,0.0,0.0,2,6000,0,0,0,0,0,0
TF,LUPIX,46.068278,14.759750,0, ,0.0,0.0,0.0,0.0,2,5000,0,0,0,0,0,0

STAR,RADL2L,30,2
IF,RADLY,46.646858,15.209175, ,0.0,0.0,0,0,0,0,0,0,0,0
TF,D023M,46.275725,14.924050,0, ,0.0,0.0,0.0,0.0,0,0,0,0,0,0,0,0
TF,D023J,46.231528,14.890392,0, ,0.0,0.0,0.0,0.0,0,0,0,0,0,0,0,0
TF,D023G,46.187322,14.856786,0, ,0.0,0.0,0.0,0.0,0,0,0,0,0,0,0,0
TF,DOL,46.084139,14.778583,0, ,0.0,0.0,0.0,0.0,0,0,0,0,0,0,0,0

STAR,RIFE2L,30,2
IF,RIFEN,45.851111,13.589722, ,0.0,0.0,0,0,0,0,0,0,0,0
TF,D250Y,45.972961,14.202256,0, ,0.0,0.0,0.0,0.0,0,0,0,0,0,0,0,0
TF,D250J,46.040017,14.547775,0, ,0.0,0.0,0.0,0.0,0,0,0,0,0,0,0,0
TF,D215D,46.039158,14.725264,0, ,0.0,0.0,0.0,0.0,0,0,0,0,0,0,0,0
TF,LUPIX,46.068278,14.759750,0, ,0.0,0.0,0.0,0.0,0,0,0,0,0,0,0,0

STAR,SABA2L,30,2
IF,SABAD,45.465872,14.867481, ,0.0,0.0,0,0,0,0,0,0,0,0
TF,D170K,45.901781,14.805008,0, ,0.0,0.0,0.0,0.0,0,0,0,0,0,0,0,0
TF,D170D,46.017828,14.788211,0, ,0.0,0.0,0.0,0.0,0,0,0,0,0,0,0,1
DF,LUPIX,46.068278,14.759750,0, ,0.0,0.0,0,0,0,0,0,0,0,0

STAR,VALU2L,30,2
IF,VALLU,46.291589,15.336317, ,0.0,0.0,0,0,0,0,0,0,0,0
TF,D057L,46.178869,15.031836,0, ,0.0,0.0,0.0,0.0,0,0,0,0,0,0,0,0
TF,D057F,46.131572,14.905100,0, ,0.0,0.0,0.0,0.0,0,0,0,0,0,0,0,0
TF,DOL,46.084139,14.778583,0, ,0.0,0.0,0.0,0.0,0,0,0,0,0,0,0,0

STAR,VASL1R,30,5
IF,VASLE,45.954958,14.978281, ,0.0,0.0,2,8000,0,0,0,0,0,0
TF,LJ631,45.988667,14.913333,0, ,0.0,0.0,0.0,0.0,2,6000,0,0,0,0,0,0
TF,LUPIX,46.068278,14.759750,0, ,0.0,0.0,0.0,0.0,2,5000,0,0,0,0,0,0

STAR,VIBA1R,30,5
IF,VIBAD,45.955886,14.610944, ,0.0,0.0,2,8000,0,0,0,0,0,0
TF,GAMAY,45.993667,14.683278,0, ,0.0,0.0,0.0,0.0,2,5000,0,0,0,0,0,0
TF,LUPIX,46.068278,14.759750,0, ,0.0,0.0,0.0,0.0,2,5000,0,0,0,0,0,0

APPTR,D30,30,DOL
IF,DOL,46.084139,14.778583, ,0.0,0.0,0,0,0,0,0,0,1,0
TF,D122N,46.098031,14.702575,0, ,0.0,0.0,0.0,0.0,2,4000,0,0,0,0,1,0
TF,BASTA,46.128333,14.643361,0, ,0.0,0.0,0.0,0.0,2,4000,0,0,0,0,0,0

APPTR,D30,30,LBL1
FD,LBL,46.238500,14.428556,0,LBL,0.0,5.0,136.0,5.0,2,7000,0,0,0,0,1,0
CF,D136M,46.070000,14.624400,0,LBL,136.0,13.0,136.0,8.0,2,4000,0,0,0,0,0,1
CF,BASTA,46.128333,14.643361,1,LBL,121.4,11.1,302.0,2.0,2,4000,0,1,210,0,0,0

APPTR,D30,30,LBL2
FD,LBL,46.238500,14.428556,0,LBL,0.0,5.0,129.0,5.0,2,7000,0,0,0,0,1,0
CF,D129M,46.087814,14.652486,0,LBL,129.0,13.0,129.0,8.0,2,4000,0,0,0,0,0,1
CF,BASTA,46.128333,14.643361,1,LBL,121.4,11.1,302.0,2.0,2,4000,0,0,0,0,0,0

APPTR,D30,30,LUPIX
IF,LUPIX,46.068278,14.759750, ,0.0,0.0,0,0,0,0,0,0,1,0
TF,D122N,46.098031,14.702575,0, ,0.0,0.0,0.0,0.0,2,4000,0,0,0,0,1,0
TF,BASTA,46.128333,14.643361,0, ,0.0,0.0,0.0,0.0,2,4000,0,0,0,0,0,0

FINAL,D30,30,D,4
IF,BASTA,46.128333,14.643361,LBL,121.4,11.1,2,4000,0,0,0,0,2,0
CF,59VOR,46.180158,14.542517,0,LBL,121.4,5.9,302.0,5.2,2,2360,0,0,0,0,0,0
CF,47VOR,46.192033,14.519356,0,LBL,121.4,4.7,302.0,1.2,2,1960,0,0,0,0,0,0
CF,MD30,46.209836,14.484600,0,LBL,121.4,2.9,302.0,1.8,1,1402,0,0,0,0,3,0
CF,LBL,46.238500,14.428556,0,LBL,0.0,0.0,302.0,2.9,0,0,0,0,0,0,0,1
VI,1, ,0.0,127.0,0,0,0,1,190,0,0,0
CF,LB11A,46.055914,14.451497,0,LBL,170.0,11.0,170.0,6.0,0,0,0,0,0,0,0,1
CI,1, ,0.0,98.0,0,0,0,0,0,0,0,0
CF,DOL,46.084139,14.778583,0,DOL,0.0,0.0,53.0,10.0,1,6000,0,0,0,0,0,0
HM,DOL,46.084139,14.778583,1, ,0.0,0.0,302.0,05.1,0,0,0,1,210,0,0,0,0

APPTR,I30,30,DOL
IF,DOL,46.084139,14.778583, ,0.0,0.0,0,0,0,0,0,0,1,0
TF,D122N,46.098031,14.702575,0, ,0.0,0.0,0.0,0.0,2,4000,0,0,0,0,1,0
CF,CI30,46.118431,14.662714,0,LJB,121.4,11.7,302.0,2.1,2,4000,0,0,0,0,0,0

APPTR,I30,30,LBL1
FD,LBL,46.238500,14.428556,0,LBL,0.0,5.0,136.0,5.0,2,7000,0,0,0,0,1,0
CF,D136M,46.070000,14.624400,0,LBL,136.0,13.0,136.0,8.0,2,4000,0,1,210,0,0,1
CF,CI30,46.118431,14.662714,1,LJB,121.4,11.7,302.0,1.0,2,4000,0,0,0,0,0,0

APPTR,I30,30,LBL2
FD,LBL,46.238500,14.428556,0,LBL,0.0,5.0,129.0,5.0,2,7000,0,0,0,0,1,0
CF,D129M,46.087814,14.652486,0,LBL,129.0,13.0,129.0,8.0,2,4000,0,0,0,0,0,1
CF,CI30,46.118431,14.662714,1,LJB,121.4,11.7,302.0,1.0,2,4000,0,0,0,0,0,0

APPTR,I30,30,LUPIX
IF,LUPIX,46.068278,14.759750, ,0.0,0.0,0,0,0,0,0,0,1,0
TF,D122N,46.098031,14.702575,0, ,0.0,0.0,0.0,0.0,2,4000,0,0,0,0,1,0
CF,CI30,46.118431,14.662714,0,LJB,121.4,11.7,302.0,2.1,2,4000,0,0,0,0,0,0

FINAL,I30,30,I,3
IF,CI30,46.118431,14.662714,LJB,121.4,11.7,2,4000,0,0,0,0,0,0
CF,BASTA,46.128333,14.643361,0,LJB,121.4,10.7,302.0,1.0,1,4000,0,0,0,0,2,0
CF,RW30,46.214878,14.474825,0,LJB,121.4,2.0,302.0,8.7,1,1240,0,0,0,0,3,0
CF,BM30,46.238611,14.428333,0,LBL,300.8,0.0,302.0,2.4,0,0,0,0,0,0,0,1
VI,1, ,0.0,137.0,0,0,0,1,185,0,0,0
CF,D171M,46.022422,14.450242,0,LBL,171.0,13.0,171.0,7.0,0,0,0,0,0,0,0,1
CI,0, ,0.0,96.0,0,0,0,0,0,0,0,0
CF,DOL,46.084139,14.778583,0,DOL,0.0,0.0,51.0,12.0,1,6000,0,0,0,0,0,0
HM,DOL,46.084139,14.778583,1, ,0.0,0.0,302.0,05.1,0,0,0,1,210,0,0,0,0

FINAL,R30-Y,30,R,3
IF,LUPIX,46.068278,14.759750, ,0.0,0.0,2,5000,0,0,0,0,1,0
TF,BASTA,46.128333,14.643361,0, ,0.0,0.0,302.0,6.1,2,4000,0,0,0,0,2,0
TF,RW30,46.214878,14.474825,0, ,0.0,0.0,302.0,8.7,1,1240,0,0,0,0,3,1
CF,LJ812,46.237667,14.430444,0,LBL,117.5,0.1,302.0,2.3,0,0,0,1,185,0,0,1
DF,LJ813,46.149278,14.461333,1, ,0.0,0.0,0,0,0,0,0,0,0,0
TF,LJ814,46.081417,14.593417,0, ,0.0,0.0,0.0,0.0,0,0,0,0,0,0,0,0
TF,LUPIX,46.068278,14.759750,0, ,0.0,0.0,0.0,0.0,2,6000,0,0,0,0,0,0
HM,LUPIX,46.068278,14.759750,1, ,0.0,0.0,302.0,04.3,0,0,0,1,210,0,0,0,0

FINAL,R30-Z,30,R,3
IF,LUPIX,46.068278,14.759750, ,0.0,0.0,2,5000,0,0,0,0,1,0
TF,BASTA,46.128333,14.643361,0, ,0.0,0.0,302.0,6.1,2,4000,0,0,0,0,2,0
TF,RW30,46.214878,14.474825,0, ,0.0,0.0,302.0,8.7,1,1240,0,0,0,0,3,1
CF,LJ811,46.235389,14.434889,0,LBL,120.3,0.3,302.0,2.1,0,0,0,1,185,0,0,1
DF,LJ813,46.149278,14.461333,1, ,0.0,0.0,0,0,0,0,0,0,0,0
TF,LJ814,46.081417,14.593417,0, ,0.0,0.0,0.0,0.0,0,0,0,0,0,0,0,0
TF,LUPIX,46.068278,14.759750,0, ,0.0,0.0,0.0,0.0,2,6000,0,0,0,0,0,0
HM,LUPIX,46.068278,14.759750,1, ,0.0,0.0,302.0,04.3,0,0,0,1,210,0,0,0,0

