SID,BEKV3P,27,5
DF,D268H,50.019814,15.545497,0, ,0.0,0.0,0,0,0,0,0,0,0,1
CF,GOLIN,50.059314,14.984964,0,VOZ,2.7,31.9,270.0,21.0,0,0,0,0,0,0,0,0
TF,BEKVI,50.073356,14.722358,0, ,0.0,0.0,0.0,0.0,0,0,0,0,0,0,0,0

SID,BEKV3V,09,5
DF,PK,50.011092,15.813017,0, ,0.0,0.0,0,0,0,0,0,0,0,1
CA,0,73.0,2,3500,0,0,0,0,0,0
DF,PK,50.011092,15.813017,2, ,0.0,0.0,0,0,0,0,0,0,0,0
TF,GOLIN,50.059314,14.984964,0, ,0.0,0.0,0.0,0.0,0,0,0,0,0,0,0,0
TF,BEKVI,50.073356,14.722358,0, ,0.0,0.0,0.0,0.0,0,0,0,0,0,0,0,0

SID,BULE2P,27,5
DF,D268H,50.019814,15.545497,0, ,0.0,0.0,0,0,0,0,0,0,0,1
TF,ERUSO,50.185853,15.271108,0, ,0.0,0.0,0.0,0.0,0,0,0,0,0,0,0,0
TF,BULEK,50.413239,15.065306,0, ,0.0,0.0,0.0,0.0,0,0,0,0,0,0,0,0

SID,BULE2V,09,5
DF,PK,50.011092,15.813017,0, ,0.0,0.0,0,0,0,0,0,0,0,1
CA,0,73.0,2,3500,0,0,0,0,0,0
DF,PK,50.011092,15.813017,2, ,0.0,0.0,0,0,0,0,0,0,0,0
TF,ERUSO,50.185853,15.271108,0, ,0.0,0.0,0.0,0.0,0,0,0,0,0,0,0,0
TF,BULEK,50.413239,15.065306,0, ,0.0,0.0,0.0,0.0,0,0,0,0,0,0,0,0

SID,TIBL2V,09,5
DF,ORLIX,49.994958,16.292722,0, ,0.0,0.0,0,0,0,0,0,0,0,0
TF,PD514,49.983431,16.603111,0, ,0.0,0.0,0.0,0.0,0,0,0,0,0,0,0,0
TF,TIBLA,49.795844,16.678858,0, ,0.0,0.0,0.0,0.0,0,0,0,0,0,0,0,0

SID,TIBL3P,27,5
DF,PD431,50.018342,15.579175,0, ,0.0,0.0,0,0,0,0,0,0,0,0
TF,PD432,50.104636,15.585339,0, ,0.0,0.0,0.0,0.0,0,0,0,1,220,0,0,0
TF,PD433,50.093361,15.947014,0, ,0.0,0.0,0.0,0.0,0,0,0,0,0,0,0,0
TF,ORLIX,49.994958,16.292722,0, ,0.0,0.0,0.0,0.0,0,0,0,0,0,0,0,0
TF,PD514,49.983431,16.603111,0, ,0.0,0.0,0.0,0.0,0,0,0,0,0,0,0,0
TF,TIBLA,49.795844,16.678858,0, ,0.0,0.0,0.0,0.0,0,0,0,0,0,0,0,0

SID,USUP2P,27,5
DF,D268H,50.019814,15.545497,0, ,0.0,0.0,0,0,0,0,0,0,0,1
TF,EKNEV,49.761250,15.304411,0, ,0.0,0.0,0.0,0.0,0,0,0,0,0,0,0,0
TF,USUPA,49.520544,15.128769,0, ,0.0,0.0,0.0,0.0,0,0,0,0,0,0,0,0

SID,USUP2V,09,5
DF,PK,50.011092,15.813017,0, ,0.0,0.0,0,0,0,0,0,0,0,1
CI,2, ,0.0,268.0,0,0,0,0,0,0,0,0
CF,EKNEV,49.761250,15.304411,0,VOZ,45.5,21.7,228.0,19.0,0,0,0,0,0,0,0,0
TF,USUPA,49.520544,15.128769,0, ,0.0,0.0,0.0,0.0,0,0,0,0,0,0,0,0

STAR,APRA3M,ALL,5
IF,APRAQ,49.648333,14.122500, ,0.0,0.0,0,0,0,0,0,0,0,0
TF,PR582,49.744683,14.268486,0, ,0.0,0.0,0.0,0.0,0,0,0,0,0,0,0,0
TF,ELPON,49.925011,14.617303,0, ,0.0,0.0,0.0,0.0,0,0,0,0,0,0,0,0
TF,GOLIN,50.059314,14.984964,0, ,0.0,0.0,0.0,0.0,0,0,0,0,0,0,0,0
TF,PK,50.011092,15.813017,0, ,0.0,0.0,0.0,0.0,0,0,0,0,0,0,0,0

STAR,BEKV3M,ALL,5
IF,BEKVI,50.073356,14.722358, ,0.0,0.0,0,0,0,0,0,0,0,0
TF,GOLIN,50.059314,14.984964,0, ,0.0,0.0,0.0,0.0,0,0,0,0,0,0,0,0
TF,PK,50.011092,15.813017,0, ,0.0,0.0,0.0,0.0,0,0,0,0,0,0,0,0

STAR,GOLO3M,ALL,5
IF,GOLOP,50.585761,14.495731, ,0.0,0.0,0,0,0,0,0,0,0,0
TF,BULEK,50.413239,15.065306,0, ,0.0,0.0,0.0,0.0,0,0,0,0,0,0,0,0
TF,PK,50.011092,15.813017,0, ,0.0,0.0,0.0,0.0,0,0,0,0,0,0,0,0

STAR,RIBS2M,ALL,5
IF,RIBSI,49.953767,17.661750, ,0.0,0.0,0,0,0,0,0,0,0,0
TF,ODEKU,50.087425,17.296719,0, ,0.0,0.0,0.0,0.0,0,0,0,0,0,0,0,0
TF,ORLIX,49.994958,16.292722,0, ,0.0,0.0,0.0,0.0,0,0,0,0,0,0,0,0

STAR,TIBL2M,ALL,5
IF,TIBLA,49.795844,16.678858, ,0.0,0.0,0,0,0,0,0,0,0,0
TF,PD514,49.983431,16.603111,0, ,0.0,0.0,0.0,0.0,0,0,0,0,0,0,0,0
TF,ORLIX,49.994958,16.292722,0, ,0.0,0.0,0.0,0.0,0,0,0,0,0,0,0,0

STAR,USUP2M,ALL,5
IF,USUPA,49.520544,15.128769, ,0.0,0.0,0,0,0,0,0,0,0,0
TF,EKNEV,49.761250,15.304411,0, ,0.0,0.0,0.0,0.0,0,0,0,0,0,0,0,0
TF,PK,50.011092,15.813017,0, ,0.0,0.0,0.0,0.0,0,0,0,0,0,0,0,0

APPTR,I27-Y,27,ORLIX
IF,ORLIX,49.994958,16.292722, ,0.0,0.0,0,0,0,0,0,0,1,0
TF,PD435,50.002742,16.069197,0,PK,0.0,0.0,0.0,0.0,2,3000,0,0,0,0,0,0

APPTR,I27-Y,27,PK
IF,PK,50.011092,15.813017, ,0.0,0.0,0,0,0,0,0,0,1,0
TF,PD433,50.093361,15.947014,0, ,0.0,0.0,0.0,0.0,2,4000,0,0,0,0,0,0
TF,PD434,50.089061,16.076242,0, ,0.0,0.0,0.0,0.0,2,4000,0,0,0,0,0,0
TF,PD435,50.002742,16.069197,0,PK,0.0,0.0,0.0,0.0,2,3000,0,0,0,0,0,0

FINAL,I27-Y,27,I,3
IF,PD435,50.002742,16.069197,PK,87.7,13.7,2,3000,0,0,0,0,0,0
CF,PD27F,50.007161,15.935850,0,PK,87.7,8.5,268.0,5.2,1,3000,0,0,0,0,2,0
CF,RW27,50.012917,15.755989,0,PK,87.7,1.5,268.0,7.0,1,782,0,0,0,0,3,0
TF,PD431,50.018342,15.579175,0, ,0.0,0.0,0.0,0.0,0,0,0,1,185,0,0,0
TF,PD432,50.104636,15.585339,0, ,0.0,0.0,0.0,0.0,0,0,0,1,185,0,0,0
TF,PD433,50.093361,15.947014,0, ,0.0,0.0,0.0,0.0,0,0,0,0,0,0,0,0
TF,PD434,50.089061,16.076242,0, ,0.0,0.0,0.0,0.0,2,4000,0,0,0,0,0,0

APPTR,I27-Z,27,ORLIX
IF,ORLIX,49.994958,16.292722, ,0.0,0.0,0,0,0,0,0,0,1,0
CF,CF27,50.004275,16.022836,0,PK,87.7,11.9,268.0,10.5,2,3000,0,0,0,0,1,0

APPTR,I27-Z,27,PK1
FD,PK,50.011092,15.813017,0,PK,0.0,10.0,56.0,10.0,2,3000,0,0,0,0,1,0
CF,CF27,50.004275,16.022836,2,PK,87.7,11.9,268.0,1.0,2,3000,0,0,0,0,1,0

APPTR,I27-Z,27,PK2
FD,PK,50.011092,15.813017,0,PK,0.0,10.0,71.0,10.0,2,3000,0,0,0,0,1,0
CF,CF27,50.004275,16.022836,2,PK,87.7,11.9,268.0,1.0,2,3000,0,0,0,0,1,0

FINAL,I27-Z,27,I,3
IF,CF27,50.004275,16.022836,PK,87.7,11.9,2,3000,0,0,0,0,0,0
CF,FF27,50.006903,15.935133,0,PK,87.9,8.5,268.0,3.4,1,3000,0,0,0,0,2,0
CF,RW27,50.012917,15.755989,0,PK,87.7,1.5,268.0,6.9,1,782,0,0,0,0,3,0
CF,D268C,50.015550,15.674542,0,VOZ,41.7,42.5,268.0,3.2,0,0,0,0,0,0,0,1
DF,PK,50.011092,15.813017,1, ,0.0,0.0,2,3000,0,1,185,0,0,0

FINAL,Q09,09,N,3
IF,PD954,50.021714,15.461661,PK,0.0,0.0,2,3000,0,0,0,0,0,0
CF,PD09F,50.019397,15.541678,0,PK,0.0,0.0,88.0,3.1,2,3000,0,0,0,0,2,0
CF,RW09,50.013997,15.721150,0,PK,0.0,1.2,88.0,7.0,1,786,0,0,0,0,3,1
CA,0,88.0,2,3000,0,0,0,0,0,0
VM,0,0,0,88.0,2,3000,0,0,0,0,0,0

APPTR,Q27,27,ORLIX
IF,ORLIX,49.994958,16.292722, ,0.0,0.0,0,0,0,0,0,0,1,0
CF,CF27,50.004275,16.022836,0,VOZ,52.2,52.9,268.0,10.5,2,3000,0,0,0,0,0,0

APPTR,Q27,27,PK1
IF,PK,50.011092,15.813017, ,0.0,0.0,0,0,0,0,0,0,1,0
CF,D236J,50.074594,15.991419,0,VOZ,47.7,54.3,56.0,7.9,2,3000,0,0,0,0,0,1
CF,CF27,50.004275,16.022836,2,VOZ,52.2,52.9,268.0,1.0,2,3000,0,0,0,0,0,0

APPTR,Q27,27,PK2
IF,PK,50.011092,15.813017, ,0.0,0.0,0,0,0,0,0,0,1,0
CF,D251J,50.041933,16.006100,0,VOZ,49.7,53.6,71.0,7.7,2,3000,0,0,0,0,0,1
CF,CF27,50.004275,16.022836,2,VOZ,52.2,52.9,268.0,1.0,2,3000,0,0,0,0,0,0

FINAL,Q27,27,N,4
IF,CF27,50.004275,16.022836,PK,0.0,0.0,2,3000,0,0,0,0,0,0
CF,FF27,50.006903,15.935133,0,PK,0.0,0.0,268.0,3.4,2,3000,0,0,0,0,2,0
CF,PK,50.011092,15.813017,0,PK,0.0,0.0,268.0,4.7,2,1490,0,0,0,0,0,0
CF,P,50.012472,15.770503,0,PK,0.0,0.7,268.0,1.7,1,962,0,0,0,0,3,0
CF,D268C,50.015550,15.674542,0,VOZ,41.7,42.5,268.0,3.7,0,0,0,0,0,0,0,1
DF,PK,50.011092,15.813017,1, ,0.0,0.0,2,3000,0,1,185,0,0,0

APPTR,R09,09,ORLIX
IF,ORLIX,49.994958,16.292722, ,0.0,0.0,0,0,0,0,0,0,1,0
TF,PD952,50.097458,15.819708,0, ,0.0,0.0,0.0,0.0,2,4000,0,0,0,0,0,0
TF,PD953,50.109236,15.426242,0, ,0.0,0.0,0.0,0.0,2,4000,0,1,200,0,0,0
TF,PD954,50.021714,15.461661,1, ,0.0,0.0,0.0,0.0,2,3000,0,0,0,0,1,0

APPTR,R09,09,PK
IF,PK,50.011092,15.813017, ,0.0,0.0,0,0,0,0,0,0,1,0
DF,PD952,50.097458,15.819708,0, ,0.0,0.0,0,0,0,0,0,0,0,0
TF,PD953,50.109236,15.426242,0, ,0.0,0.0,0.0,0.0,2,4000,0,1,200,0,0,0
TF,PD954,50.021714,15.461661,1, ,0.0,0.0,0.0,0.0,2,3000,0,0,0,0,1,0

FINAL,R09,09,R,3
IF,PD954,50.021714,15.461661, ,0.0,0.0,2,3000,0,0,0,0,0,0
TF,PD09F,50.019397,15.541678,0, ,0.0,0.0,88.0,3.1,2,3000,0,0,0,0,2,0
TF,RW09,50.013997,15.721150,0, ,0.0,0.0,88.0,7.0,1,786,0,0,0,0,3,1
TF,PK,50.011092,15.813017,0, ,0.0,0.0,0.0,0.0,0,0,0,0,0,0,0,1
DF,PD952,50.097458,15.819708,1, ,0.0,0.0,2,4000,0,1,185,0,0,0

APPTR,R27-Y,27,ORLIX
IF,ORLIX,49.994958,16.292722, ,0.0,0.0,0,0,0,0,0,0,1,0
TF,PD435,50.002742,16.069197,0, ,0.0,0.0,0.0,0.0,2,3000,0,0,0,0,0,0

APPTR,R27-Y,27,PK
IF,PK,50.011092,15.813017, ,0.0,0.0,0,0,0,0,0,0,1,0
TF,PD433,50.093361,15.947014,0, ,0.0,0.0,0.0,0.0,2,4000,0,0,0,0,0,0
TF,PD434,50.089061,16.076242,0, ,0.0,0.0,0.0,0.0,2,4000,0,0,0,0,0,0
TF,PD435,50.002742,16.069197,0, ,0.0,0.0,0.0,0.0,2,3000,0,0,0,0,0,0

FINAL,R27-Y,27,R,3
IF,PD435,50.002742,16.069197, ,0.0,0.0,2,3000,0,0,0,0,0,0
TF,PD27F,50.007161,15.935850,0, ,0.0,0.0,268.0,5.2,2,3000,0,0,0,0,2,0
TF,RW27,50.012917,15.755989,0, ,0.0,0.0,268.0,7.0,1,781,0,0,0,0,3,1
TF,PD431,50.018342,15.579175,0, ,0.0,0.0,0.0,0.0,0,0,0,1,185,0,0,0
TF,PD432,50.104636,15.585339,0, ,0.0,0.0,0.0,0.0,0,0,0,1,185,0,0,0
TF,PD433,50.093361,15.947014,0, ,0.0,0.0,0.0,0.0,0,0,0,0,0,0,0,0
TF,PD434,50.089061,16.076242,0, ,0.0,0.0,0.0,0.0,2,4000,0,0,0,0,0,0

APPTR,R27-Z,27,ORLIX
IF,ORLIX,49.994958,16.292722, ,0.0,0.0,0,0,0,0,0,0,1,0
TF,PD415,50.004267,16.023836,0, ,0.0,0.0,0.0,0.0,2,3000,0,0,0,0,0,0

APPTR,R27-Z,27,PK
IF,PK,50.011092,15.813017, ,0.0,0.0,0,0,0,0,0,0,1,0
TF,PD413,49.949472,15.916078,0, ,0.0,0.0,0.0,0.0,2,3000,0,0,0,0,0,0
TF,PD414,49.946069,16.019156,0, ,0.0,0.0,0.0,0.0,2,3000,0,0,0,0,0,0
TF,PD415,50.004267,16.023836,0, ,0.0,0.0,0.0,0.0,2,3000,0,0,0,0,0,0

FINAL,R27-Z,27,R,3
IF,PD415,50.004267,16.023836, ,0.0,0.0,2,3000,0,0,0,0,0,0
TF,PD27F,50.007161,15.935850,0, ,0.0,0.0,268.0,3.4,2,3000,0,0,0,0,2,0
TF,RW27,50.012917,15.755989,0, ,0.0,0.0,268.0,7.0,1,781,0,0,0,0,3,1
TF,PD411,50.016414,15.641914,0, ,0.0,0.0,0.0,0.0,0,0,0,0,0,0,0,0
TF,PD412,49.958200,15.637692,0, ,0.0,0.0,0.0,0.0,0,0,0,1,185,0,0,0
TF,PD413,49.949472,15.916078,0, ,0.0,0.0,0.0,0.0,0,0,0,0,0,0,0,0
TF,PD414,49.946069,16.019156,0, ,0.0,0.0,0.0,0.0,2,3000,0,0,0,0,0,0

