SID,MOVO1A,13R,4
IF,AV807,47.942003,16.310681, ,0.0,0.0,2,1400,0,0,0,0,0,0
TF,MOVOS,47.911278,16.437244,0, ,0.0,0.0,0.0,0.0,2,3000,0,0,0,0,0,1

SID,MOVO1A,31L,4
IF,AV807,47.942003,16.310681, ,0.0,0.0,2,1400,0,0,0,0,0,0
TF,MOVOS,47.911278,16.437244,0, ,0.0,0.0,0.0,0.0,2,3000,0,0,0,0,0,1

SID,MOVO1A,ALL,5
IF,MOVOS,47.911278,16.437244, ,0.0,0.0,2,3000,0,0,0,0,0,0

APPTR,R13LA,13L,MOVOS
IF,MOVOS,47.911278,16.437244, ,0.0,0.0,2,3000,0,0,0,0,1,0
TF,AV806,47.921736,16.394250,0, ,0.0,0.0,0.0,0.0,2,3000,0,0,0,0,0,0

FINAL,R13LA,13L,R,2
IF,AV806,47.921736,16.394250, ,0.0,0.0,2,3000,0,0,0,0,2,0
TF,AV807,47.942003,16.310681,0, ,0.0,0.0,285.0,3.6,1,1640,0,0,0,0,3,1
DF,MOVOS,47.911278,16.437244,2, ,0.0,0.0,1,3000,0,1,120,0,0,0
HM,MOVOS,47.911278,16.437244,1, ,0.0,0.0,360.0,04.3,2,3000,0,1,120,0,0,0,0

APPTR,R13RA,13R,MOVOS
IF,MOVOS,47.911278,16.437244, ,0.0,0.0,2,3000,0,0,0,0,1,0
TF,AV806,47.921736,16.394250,0, ,0.0,0.0,0.0,0.0,2,3000,0,0,0,0,0,0

FINAL,R13RA,13R,R,2
IF,AV806,47.921736,16.394250, ,0.0,0.0,2,3000,0,0,0,0,2,0
TF,AV807,47.942003,16.310681,0, ,0.0,0.0,285.0,3.6,1,1640,0,0,0,0,3,1
DF,MOVOS,47.911278,16.437244,2, ,0.0,0.0,1,3000,0,1,120,0,0,0
HM,MOVOS,47.911278,16.437244,1, ,0.0,0.0,360.0,04.3,2,3000,0,1,120,0,0,0,0

APPTR,R31LA,31L,MOVOS
IF,MOVOS,47.911278,16.437244, ,0.0,0.0,2,3000,0,0,0,0,1,0
TF,AV806,47.921736,16.394250,0, ,0.0,0.0,0.0,0.0,2,3000,0,0,0,0,0,0

FINAL,R31LA,31L,R,2
IF,AV806,47.921736,16.394250, ,0.0,0.0,2,3000,0,0,0,0,2,0
TF,AV807,47.942003,16.310681,0, ,0.0,0.0,285.0,3.6,1,1640,0,0,0,0,3,1
DF,MOVOS,47.911278,16.437244,2, ,0.0,0.0,1,3000,0,1,120,0,0,0
HM,MOVOS,47.911278,16.437244,1, ,0.0,0.0,360.0,04.3,2,3000,0,1,120,0,0,0,0

APPTR,R31RA,31R,MOVOS
IF,MOVOS,47.911278,16.437244, ,0.0,0.0,2,3000,0,0,0,0,1,0
TF,AV806,47.921736,16.394250,0, ,0.0,0.0,0.0,0.0,2,3000,0,0,0,0,0,0

FINAL,R31RA,31R,R,2
IF,AV806,47.921736,16.394250, ,0.0,0.0,2,3000,0,0,0,0,2,0
TF,AV807,47.942003,16.310681,0, ,0.0,0.0,285.0,3.6,1,1640,0,0,0,0,3,1
DF,MOVOS,47.911278,16.437244,2, ,0.0,0.0,1,3000,0,1,120,0,0,0
HM,MOVOS,47.911278,16.437244,1, ,0.0,0.0,360.0,04.3,2,3000,0,1,120,0,0,0,0

