SID,BEJ1N,01L,2
CF,BEJ,38.128417,-7.926694,0,BEJ,0.0,0.0,7.0,3.0,0,0,0,0,0,0,0,1
CD, ,0,0,0,BEJ,0,0.0,51.0,10.0,0,0,0,0,0,0,0,0
CI,0, ,0.0,51.0,0,0,0,0,0,0,0,0
AF,D126O,37.984575,-7.667661,2,BEJ,126.0,15.0,51.0,0,0,0,0,0,0,0,0
TF,BEJ,38.128417,-7.926694,0, ,0.0,0.0,0.0,0.0,0,0,0,0,0,0,0,0

SID,BEJ1S,19R,2
CD, ,0,0,0,BEJ,0,0.0,187.0,6.0,0,0,0,0,0,0,0,0
CI,0, ,0.0,126.0,0,0,0,0,0,0,0,0
CF,D156O,37.901508,-7.793203,0,BEJ,156.0,15.0,156.0,3.0,0,0,0,0,0,0,0,1
DF,D126O,37.984575,-7.667661,1, ,0.0,0.0,0,0,0,0,0,0,0,0
TF,BEJ,38.128417,-7.926694,0, ,0.0,0.0,0.0,0.0,0,0,0,0,0,0,0,0

SID,EVUR1N,01L,2
CF,BEJ,38.128417,-7.926694,0,BEJ,0.0,0.0,7.0,3.0,0,0,0,0,0,0,0,0
TF,AQSAW,38.545278,-7.916111,0, ,0.0,0.0,0.0,0.0,0,0,0,0,0,0,0,0
TF,EVURA,38.665000,-7.918611,0, ,0.0,0.0,0.0,0.0,0,0,0,0,0,0,0,0

SID,EVUR1S,19R,2
CD, ,0,0,0,BEJ,0,0.0,187.0,6.0,0,0,0,0,0,0,0,0
CF,BEJ,38.128417,-7.926694,1,BEJ,0.0,0.0,327.0,6.0,0,0,0,0,0,0,0,0
TF,AQSAW,38.545278,-7.916111,0, ,0.0,0.0,0.0,0.0,0,0,0,0,0,0,0,0
TF,EVURA,38.665000,-7.918611,0, ,0.0,0.0,0.0,0.0,0,0,0,0,0,0,0,0

SID,GAIO1N,01L,2
CF,BEJ,38.128417,-7.926694,0,BEJ,0.0,0.0,7.0,3.0,0,0,0,0,0,0,0,1
TF,MIGAS,38.200556,-8.208056,0, ,0.0,0.0,0.0,0.0,0,0,0,0,0,0,0,0
TF,GAIOS,38.275556,-8.543056,0, ,0.0,0.0,0.0,0.0,0,0,0,0,0,0,0,0

SID,GAIO1S,19R,2
CD, ,0,0,0,BEJ,0,0.0,187.0,6.0,0,0,0,0,0,0,0,0
CF,BEJ,38.128417,-7.926694,1,BEJ,0.0,0.0,327.0,6.0,0,0,0,0,0,0,0,1
TF,MIGAS,38.200556,-8.208056,0, ,0.0,0.0,0.0,0.0,0,0,0,0,0,0,0,0
TF,GAIOS,38.275556,-8.543056,0, ,0.0,0.0,0.0,0.0,0,0,0,0,0,0,0,0

SID,ROSA1N,01L,2
CF,BEJ,38.128417,-7.926694,0,BEJ,0.0,0.0,7.0,3.0,0,0,0,0,0,0,0,1
DF,D100J,38.101983,-7.718172,2, ,0.0,0.0,0,0,0,0,0,0,0,0
TF,ROSAL,38.021500,-7.101250,0, ,0.0,0.0,0.0,0.0,0,0,0,0,0,0,0,0

SID,ROSA1S,19R,2
CD, ,0,0,0,BEJ,0,0.0,187.0,6.0,0,0,0,0,0,0,0,0
DF,D100J,38.101983,-7.718172,1, ,0.0,0.0,0,0,0,0,0,0,0,0
TF,ROSAL,38.021500,-7.101250,0, ,0.0,0.0,0.0,0.0,0,0,0,0,0,0,0,0

SID,XAPA1N,01L,2
CF,BEJ,38.128417,-7.926694,0,BEJ,0.0,0.0,7.0,3.0,0,0,0,0,0,0,0,1
CI,2, ,0.0,213.0,0,0,0,0,0,0,0,0
CF,XAPAS,37.597222,-7.950000,0,BEJ,183.0,31.9,183.0,26.0,0,0,0,0,0,0,0,0

SID,XAPA1S,19R,2
CD, ,0,0,0,BEJ,0,0.0,187.0,6.0,0,0,0,0,0,0,0,0
CF,XAPAS,37.597222,-7.950000,0,BEJ,183.0,31.9,183.0,26.0,0,0,0,0,0,0,0,0

APPTR,I19R,19R,INLED
IF,INLED,38.377222,-7.892778, ,0.0,0.0,2,4000,0,0,0,0,1,0
CF,CF19R,38.327178,-7.899636,0,BJ,6.9,16.1,187.0,3.0,2,3700,0,0,0,0,1,0

APPTR,I19R,19R,OTLUB
IF,OTLUB,38.267500,-7.744167, ,0.0,0.0,2,4000,0,0,0,0,1,0
AF,D018L,38.319861,-7.852392,1,BEJ,18.0,12.0,47.0,2,3700,0,0,0,0,0,0
CI,0,BJ,0.0,217.0,0,0,0,0,0,0,0,0

FINAL,I19R,19R,I,3
IF,CF19R,38.327178,-7.899636,BJ,6.9,16.1,2,3700,0,0,0,0,0,0
CF,FF19R,38.200892,-7.916325,0,BJ,6.9,8.5,187.0,7.6,1,2700,0,0,0,0,2,0
CF,RW19R,38.094361,-7.930361,0,BJ,6.9,2.1,187.0,6.4,1,673,0,0,0,0,3,0
FA,RW19R,38.094361,-7.930361,0,BEJ,0.0,0.0,187.0,2,2500,0,0,0,0,0,0
DF,OTLUB,38.267500,-7.744167,1, ,0.0,0.0,1,4000,0,0,0,0,0,0

APPTR,R01L,01L,BJ017
IF,BJ017,37.812889,-7.967194, ,0.0,0.0,4,5000,4000,1,250,0,1,0
TF,BJ011,37.895889,-7.956389,0, ,0.0,0.0,0.0,0.0,1,2500,0,1,250,0,1,0

APPTR,R01L,01L,BJ019
IF,BJ019,37.882000,-7.788861, ,0.0,0.0,4,5000,4000,1,250,0,1,0
TF,BJ011,37.895889,-7.956389,0, ,0.0,0.0,0.0,0.0,1,2500,0,1,250,0,1,0

FINAL,R01L,01L,R,3
IF,BJ011,37.895889,-7.956389, ,0.0,0.0,1,2500,0,1,250,0,0,0
TF,BJ012,37.978861,-7.945528,0, ,0.0,0.0,7.0,5.0,2,2300,0,1,185,0,2,0
TF,RW01L,38.063447,-7.934425,0, ,0.0,0.0,7.0,5.1,1,678,0,1,185,0,3,1
CF,BJ013,38.179611,-7.919139,0,BEJ,7.6,3.1,7.0,7.0,3,9000,0,1,250,0,0,1
DF,BJ019,37.882000,-7.788861,2, ,0.0,0.0,4,9000,4000,1,250,0,0,0

APPTR,T01L,01L,ABUXA
IF,ABUXA,38.033611,-7.633611, ,0.0,0.0,2,15000,0,0,0,0,0,0
AF,D138O,37.945175,-7.711147,2,BEJ,138.0,15.0,114.0,3,10000,0,0,0,0,0,0
AF,D187O,37.879500,-7.959700,2,BEJ,187.0,15.0,138.0,2,2500,0,0,0,0,1,0
CF,FT01L,37.970772,-7.947622,0,BEJ,187.0,9.5,7.0,5.5,2,2500,0,0,0,0,0,0

APPTR,T01L,01L,XAPUP
IF,XAPUP,37.902222,-7.791111, ,0.0,0.0,2,4000,0,0,0,0,0,0
AF,D187O,37.879500,-7.959700,2,BEJ,187.0,15.0,156.0,2,2500,0,0,0,0,1,0
CF,FT01L,37.970772,-7.947622,0,BEJ,187.0,9.5,7.0,5.5,2,2500,0,0,0,0,0,0

FINAL,T01L,01L,D,2
IF,FT01L,37.970772,-7.947622,BEJ,187.0,9.5,2,2500,0,0,0,0,2,0
CF,MT01L,38.053744,-7.936619,0,BEJ,187.0,4.5,7.0,5.0,1,866,0,0,0,0,3,0
CA,0,7.0,2,1040,0,0,0,0,0,0
CF,XAPUP,37.902222,-7.791111,2,BEJ,155.6,15.0,156.0,11.0,1,4000,0,0,0,0,0,0

APPTR,T19R,19R,INLED
IF,INLED,38.377222,-7.892778, ,0.0,0.0,2,4000,0,0,0,0,1,0
CF,CT19R,38.327533,-7.900125,0,BEJ,7.0,12.0,187.0,3.0,2,3700,0,0,0,0,1,0

APPTR,T19R,19R,OTLUB
IF,OTLUB,38.267500,-7.744167, ,0.0,0.0,2,4000,0,0,0,0,1,0
AF,CT19R,38.327533,-7.900125,1,BEJ,7.0,12.0,47.0,2,3700,0,0,0,0,1,0

FINAL,T19R,19R,D,3
IF,CT19R,38.327533,-7.900125,BEJ,7.0,12.0,2,3700,0,0,0,0,0,0
CF,FT19R,38.199767,-7.917189,0,BEJ,7.0,4.3,187.0,7.7,2,2700,0,0,0,0,2,0
CF,MT19R,38.108503,-7.929342,0,BEJ,187.0,1.2,187.0,5.5,1,944,0,0,0,0,3,0
FA,MT19R,38.108503,-7.929342,0,BEJ,0.0,0.0,187.0,2,2500,0,0,0,0,0,0
DF,OTLUB,38.267500,-7.744167,1, ,0.0,0.0,1,4000,0,0,0,0,0,0

