SID,ALAG4F,10,5
CF,FR611,36.992278,-7.815806,0,VFA,100.4,7.8,102.0,7.0,0,0,0,1,210,0,0,0
TF,FR621,37.068969,-7.697489,0, ,0.0,0.0,0.0,0.0,2,3000,0,0,0,0,0,0
TF,ERTIS,37.416667,-7.614722,0, ,0.0,0.0,0.0,0.0,2,6000,0,0,0,0,0,0
TF,ALAGU,38.088611,-7.614444,0, ,0.0,0.0,0.0,0.0,0,0,0,0,0,0,0,0

SID,EVUR2V,28,5
CF,FR634,37.038247,-8.129094,0,VFA,282.4,7.6,282.0,7.0,2,3000,0,1,210,0,0,0
TF,GUWEX,37.596389,-8.018889,0, ,0.0,0.0,0.0,0.0,2,10000,0,0,0,0,0,0
TF,EVURA,38.665000,-7.918611,0, ,0.0,0.0,0.0,0.0,0,0,0,0,0,0,0,0

SID,GIMA4F,10,5
CF,FR611,36.992278,-7.815806,0,VFA,100.4,7.8,102.0,7.0,0,0,0,1,210,0,0,0
TF,FR624,36.868108,-7.876906,2, ,0.0,0.0,0.0,0.0,0,0,0,0,0,0,0,0
TF,GIMAL,36.764447,-8.005858,0, ,0.0,0.0,0.0,0.0,2,6000,0,0,0,0,0,0

SID,IXOL2V,28,5
CF,FR612,37.029244,-8.067506,0,VFA,283.0,4.5,282.0,4.0,0,0,0,1,210,0,0,1
TF,IXOLI,36.976389,-8.701667,0, ,0.0,0.0,0.0,0.0,2,10000,0,0,0,0,0,0

SID,NIRA4F,10,5
CF,FR611,36.992278,-7.815806,0,VFA,100.4,7.8,102.0,7.0,0,0,0,1,210,0,0,0
TF,FR621,37.068969,-7.697489,0, ,0.0,0.0,0.0,0.0,2,3000,0,0,0,0,0,0
TF,NIRAK,37.245861,-7.428500,0, ,0.0,0.0,0.0,0.0,2,6000,0,0,0,0,0,0

SID,ODEM2V,28,5
CF,FR634,37.038247,-8.129094,0,VFA,282.4,7.6,282.0,7.0,2,3000,0,1,210,0,0,0
TF,ODEMI,37.497500,-8.383889,0, ,0.0,0.0,0.0,0.0,2,10000,0,0,0,0,0,0

SID,ODEM4F,10,5
CF,FR611,36.992278,-7.815806,0,VFA,100.4,7.8,102.0,7.0,0,0,0,1,210,0,0,0
TF,FR624,36.868108,-7.876906,2, ,0.0,0.0,0.0,0.0,0,0,0,1,250,0,0,0
TF,FR619,36.925394,-8.353150,0, ,0.0,0.0,0.0,0.0,0,0,0,0,0,0,0,0
TF,FR620,37.100244,-8.462325,0, ,0.0,0.0,0.0,0.0,0,0,0,0,0,0,0,0
TF,ODEMI,37.497500,-8.383889,0, ,0.0,0.0,0.0,0.0,2,10000,0,0,0,0,0,0

SID,ODEM4G,10,5
CF,FR611,36.992278,-7.815806,0,VFA,100.4,7.8,102.0,7.0,0,0,0,1,210,0,0,0
TF,FR621,37.068969,-7.697489,0, ,0.0,0.0,0.0,0.0,2,3000,0,1,250,0,0,0
TF,ODEMI,37.497500,-8.383889,1, ,0.0,0.0,0.0,0.0,2,10000,0,0,0,0,0,0

SID,OKAR1F,10,5
CF,FR611,36.992278,-7.815806,0,VFA,100.4,7.8,102.0,7.0,0,0,0,1,210,0,0,0
TF,FR624,36.868108,-7.876906,2, ,0.0,0.0,0.0,0.0,0,0,0,0,0,0,0,0
TF,OKARI,36.448611,-8.159167,0, ,0.0,0.0,0.0,0.0,2,6000,0,0,0,0,0,0

SID,OKAR1V,28,5
CF,FR612,37.029244,-8.067506,0,VFA,283.0,4.5,282.0,4.0,0,0,0,1,210,0,0,1
DF,OKARI,36.448611,-8.159167,1, ,0.0,0.0,2,6000,0,0,0,0,0,0

SID,SOTE2V,28,5
CF,FR634,37.038247,-8.129094,0,VFA,282.4,7.6,282.0,7.0,2,3000,0,1,210,0,0,0
TF,KIZEV,37.576944,-8.167778,0, ,0.0,0.0,0.0,0.0,2,10000,0,0,0,0,0,0
TF,SOTEX,38.292778,-8.220000,0, ,0.0,0.0,0.0,0.0,0,0,0,0,0,0,0,0

SID,TUPI2V,28,5
CF,FR612,37.029244,-8.067506,0,VFA,283.0,4.5,282.0,4.0,0,0,0,1,210,0,0,1
DF,FR614,36.818122,-7.686875,1, ,0.0,0.0,0,0,0,0,0,0,0,0
TF,TUPIX,37.076111,-7.383333,0, ,0.0,0.0,0.0,0.0,2,6000,0,0,0,0,0,0

SID,XAPA7L,10,2
VA,0,101.0,2,430,0,0,0,0,0,0
VI,1, ,0.0,333.0,0,0,0,0,0,0,0,0
CF,XAPAS,37.597222,-7.950000,0,VFA,3.0,35.0,3.0,28.0,0,0,0,0,0,0,0,0

SID,XAPA7V,28,2
VA,0,281.0,2,430,0,0,0,0,0,0
DF,VFA,37.013528,-7.975000,1, ,0.0,0.0,2,2500,0,0,0,0,0,0
TF,XAPAS,37.597222,-7.950000,0, ,0.0,0.0,0.0,0.0,0,0,0,0,0,0,0,0

SID,XAPA9E,10,2
VD, ,0,0,0,VFA,0.0,0.0,101.0,4.0,0,0,0,0,0,0,0,0
VA,0,101.0,2,3000,0,0,0,0,0,0
CI,1, ,0.0,325.0,0,0,0,0,0,0,0,0
CF,XAPAS,37.597222,-7.950000,0,VFA,3.0,35.0,3.0,24.0,0,0,0,0,0,0,0,0

SID,XAPA9U,28,2
VD, ,0,0,0,VFA,0.0,0.0,281.0,4.0,0,0,0,0,0,0,0,0
VA,0,281.0,2,3000,0,0,0,0,0,0
CI,2, ,0.0,33.0,0,0,0,0,0,0,0,0
CF,XAPAS,37.597222,-7.950000,0,VFA,3.0,35.0,3.0,19.0,0,0,0,0,0,0,0,0

STAR,ALAG6K,28,5
IF,ALAGU,38.088611,-7.614444, ,0.0,0.0,4,28000,17000,0,0,0,0,0
TF,ERTIS,37.416667,-7.614722,0, ,0.0,0.0,0.0,0.0,4,14000,9000,0,0,0,0,0
TF,GENRO,37.193056,-7.614722,0, ,0.0,0.0,0.0,0.0,4,9000,6000,0,0,0,0,0
TF,FR607,37.082586,-7.614825,0, ,0.0,0.0,0.0,0.0,4,7000,5000,0,0,0,0,0
TF,GEBTI,36.972778,-7.675306,0, ,0.0,0.0,0.0,0.0,4,4600,4000,0,0,0,0,0

STAR,ALAG8A,28,5
IF,ALAGU,38.088611,-7.614444, ,0.0,0.0,0,0,0,0,0,0,0,0
TF,ERTIS,37.416667,-7.614722,0, ,0.0,0.0,0.0,0.0,2,7000,0,0,0,0,0,0
TF,GENRO,37.193056,-7.614722,0, ,0.0,0.0,0.0,0.0,0,0,0,0,0,0,0,0
TF,FR607,37.082586,-7.614825,0, ,0.0,0.0,0.0,0.0,0,0,0,0,0,0,0,0
TF,GEBTI,36.972778,-7.675306,0, ,0.0,0.0,0.0,0.0,2,4000,0,0,0,0,0,0

STAR,GENR9A,28,5
IF,GENRO,37.193056,-7.614722, ,0.0,0.0,0,0,0,0,0,0,0,0
TF,FR607,37.082586,-7.614825,0, ,0.0,0.0,0.0,0.0,0,0,0,0,0,0,0,0
TF,GEBTI,36.972778,-7.675306,0, ,0.0,0.0,0.0,0.0,2,4000,0,0,0,0,0,0

STAR,GIMA8A,28,5
IF,GIMAL,36.764447,-8.005858, ,0.0,0.0,2,7000,0,0,0,0,0,0
TF,FR604,36.867325,-7.686836,0, ,0.0,0.0,0.0,0.0,0,0,0,0,0,0,0,0
TF,GEBTI,36.972778,-7.675306,0, ,0.0,0.0,0.0,0.0,2,4000,0,0,0,0,0,0

STAR,GIMA8C,10,5
IF,GIMAL,36.764447,-8.005858, ,0.0,0.0,2,7000,0,0,0,0,0,0
TF,FR609,36.930906,-8.346689,0, ,0.0,0.0,0.0,0.0,0,0,0,0,0,0,0,0
TF,RUWIB,37.057083,-8.269222,2, ,0.0,0.0,0.0,0.0,2,4000,0,0,0,0,0,0

STAR,IXOL8C,10,5
IF,IXOLI,36.976389,-8.701667, ,0.0,0.0,2,11000,0,0,0,0,0,0
TF,RUWIB,37.057083,-8.269222,0, ,0.0,0.0,0.0,0.0,2,4000,0,0,0,0,0,0

STAR,MARI8A,28,5
IF,MARIM,37.416667,-7.841111, ,0.0,0.0,2,11000,0,0,0,0,0,0
TF,FR607,37.082586,-7.614825,0, ,0.0,0.0,0.0,0.0,0,0,0,0,0,0,0,0
TF,GEBTI,36.972778,-7.675306,0, ,0.0,0.0,0.0,0.0,2,4000,0,0,0,0,0,0

STAR,NIRA8A,28,5
IF,NIRAK,37.245861,-7.428500, ,0.0,0.0,2,7000,0,0,0,0,0,0
TF,GEBTI,36.972778,-7.675306,0, ,0.0,0.0,0.0,0.0,2,4000,0,0,0,0,0,0

STAR,ODEM1A,28,5
IF,ODEMI,37.497500,-8.383889, ,0.0,0.0,2,11000,0,0,0,0,0,0
TF,FR607,37.082586,-7.614825,0, ,0.0,0.0,0.0,0.0,0,0,0,0,0,0,0,0
TF,GEBTI,36.972778,-7.675306,0, ,0.0,0.0,0.0,0.0,2,4000,0,0,0,0,0,0

STAR,ODEM1C,10,5
IF,ODEMI,37.497500,-8.383889, ,0.0,0.0,2,11000,0,0,0,0,0,0
TF,USALU,37.222222,-8.300278,0, ,0.0,0.0,0.0,0.0,0,0,0,0,0,0,0,0
TF,RUWIB,37.057083,-8.269222,0, ,0.0,0.0,0.0,0.0,2,4000,0,0,0,0,0,0

STAR,ODEM6K,28,5
IF,ODEMI,37.497500,-8.383889, ,0.0,0.0,4,22500,14000,0,0,0,0,0
TF,FR607,37.082586,-7.614825,0, ,0.0,0.0,0.0,0.0,4,7000,5000,0,0,0,0,0
TF,GEBTI,36.972778,-7.675306,0, ,0.0,0.0,0.0,0.0,4,4600,4000,0,0,0,0,0

STAR,ODEM8B,28,5
IF,ODEMI,37.497500,-8.383889, ,0.0,0.0,2,11000,0,0,0,0,0,0
TF,FR601,37.055117,-8.431072,0, ,0.0,0.0,0.0,0.0,0,0,0,0,0,0,0,0
TF,FR602,36.852106,-8.292272,0, ,0.0,0.0,0.0,0.0,0,0,0,0,0,0,0,0
TF,FR603,36.833336,-8.119967,0, ,0.0,0.0,0.0,0.0,0,0,0,0,0,0,0,0
TF,FR604,36.867325,-7.686836,0, ,0.0,0.0,0.0,0.0,0,0,0,0,0,0,0,0
TF,GEBTI,36.972778,-7.675306,0, ,0.0,0.0,0.0,0.0,2,4000,0,0,0,0,0,0

STAR,SOTE6K,10,5
IF,SOTEX,38.292778,-8.220000, ,0.0,0.0,4,30500,20000,0,0,0,0,0
TF,FR630,37.538883,-8.276803,0, ,0.0,0.0,0.0,0.0,4,14500,11000,0,0,0,0,0
TF,USALU,37.222222,-8.300278,0, ,0.0,0.0,0.0,0.0,4,8000,6000,0,0,0,0,0
TF,RUWIB,37.057083,-8.269222,0, ,0.0,0.0,0.0,0.0,4,4500,4000,0,0,0,0,0

STAR,SOTE8C,10,5
IF,SOTEX,38.292778,-8.220000, ,0.0,0.0,0,0,0,0,0,0,0,0
TF,FR630,37.538883,-8.276803,0, ,0.0,0.0,0.0,0.0,2,11000,0,0,0,0,0,0
TF,USALU,37.222222,-8.300278,0, ,0.0,0.0,0.0,0.0,0,0,0,0,0,0,0,0
TF,RUWIB,37.057083,-8.269222,0, ,0.0,0.0,0.0,0.0,2,4000,0,0,0,0,0,0

STAR,TUPI8C,10,5
IF,TUPIX,37.076111,-7.383333, ,0.0,0.0,2,13000,0,0,0,0,0,0
TF,FR610,36.819394,-7.711556,0, ,0.0,0.0,0.0,0.0,0,0,0,0,0,0,0,0
TF,FR609,36.930906,-8.346689,0, ,0.0,0.0,0.0,0.0,0,0,0,0,0,0,0,0
TF,RUWIB,37.057083,-8.269222,2, ,0.0,0.0,0.0,0.0,2,4000,0,0,0,0,0,0

STAR,USAL9C,10,5
IF,USALU,37.222222,-8.300278, ,0.0,0.0,0,0,0,0,0,0,0,0
TF,RUWIB,37.057083,-8.269222,0, ,0.0,0.0,0.0,0.0,2,4000,0,0,0,0,0,0

APPTR,D10,10,VFA1
IF,VFA,37.013528,-7.975000, ,0.0,0.0,2,4000,0,0,0,0,1,0
FD,VFA,37.013528,-7.975000,0,VFA,0.0,8.6,257.0,8.6,2,2000,0,0,0,0,0,0
CF,CD10,37.052961,-8.147122,2,VFA,287.0,8.6,107.0,1.0,2,2000,0,0,0,0,0,0

APPTR,D10,10,VFA2
IF,VFA,37.013528,-7.975000, ,0.0,0.0,2,4000,0,0,0,0,1,0
FD,VFA,37.013528,-7.975000,0,VFA,0.0,8.6,276.0,8.6,2,2000,0,0,0,0,0,0
CF,CD10,37.052961,-8.147122,2,VFA,287.0,8.6,107.0,1.0,2,2000,0,0,0,0,0,0

FINAL,D10,10,D,3
IF,CD10,37.052961,-8.147122,VFA,287.0,8.6,2,2000,0,0,0,0,0,0
CF,FD10,37.043811,-8.107078,0,VFA,287.0,6.6,107.0,2.0,2,2000,0,0,0,0,2,0
CF,MD10,37.018125,-7.995003,0,VFA,287.0,1.0,107.0,5.6,1,218,0,0,0,0,3,0
FA,MD10,37.018125,-7.995003,0,VFA,0.0,0.0,107.0,2,430,0,0,0,0,0,0
CI,2, ,0.0,237.0,0,0,0,0,0,0,0,0
CF,GIMAL,36.764447,-8.005858,0,VFA,186.7,15.0,187.0,14.0,1,3000,0,0,0,0,0,0
HM,GIMAL,36.764447,-8.005858,2, ,0.0,0.0,7.0,05,2,3000,0,1,230,0,0,0,0

APPTR,D28,28,VFA1
IF,VFA,37.013528,-7.975000, ,0.0,0.0,2,4000,0,0,0,0,1,0
FD,VFA,37.013528,-7.975000,0,VFA,0.0,8.8,126.0,8.8,2,2000,0,0,0,0,0,0
CF,CD28,36.998036,-7.792908,1,VFA,97.0,8.8,277.0,1.0,2,2000,0,0,0,0,0,0

APPTR,D28,28,VFA2
IF,VFA,37.013528,-7.975000, ,0.0,0.0,2,4000,0,0,0,0,1,0
FD,VFA,37.013528,-7.975000,0,VFA,0.0,8.8,107.0,8.8,2,2000,0,0,0,0,0,0
CF,CD28,36.998036,-7.792908,1,VFA,97.0,8.8,277.0,1.0,2,2000,0,0,0,0,0,0

FINAL,D28,28,D,3
IF,CD28,36.998036,-7.792908,VFA,97.0,8.8,2,2000,0,0,0,0,0,0
CF,FD28,37.001581,-7.834286,0,VFA,97.0,6.8,277.0,2.0,2,2000,0,0,0,0,2,0
CF,MD28,37.011781,-7.954303,0,VFA,97.0,1.0,277.0,5.8,1,144,0,0,0,0,3,0
FA,MD28,37.011781,-7.954303,0,VFA,0.0,0.0,277.0,2,430,0,0,0,0,0,0
CI,1, ,0.0,137.0,0,0,0,0,0,0,0,0
CF,GIMAL,36.764447,-8.005858,0,VFA,186.7,15.0,187.0,14.0,1,3000,0,0,0,0,0,0
HM,GIMAL,36.764447,-8.005858,2, ,0.0,0.0,7.0,05,2,3000,0,1,230,0,0,0,0

FINAL,I10,10,I,3
IF,RUWIB,37.057083,-8.269222,FIT,281.1,15.3,2,4000,0,0,0,0,0,0
CF,FR910,37.043778,-8.174000,0,FIT,281.1,10.6,101.0,4.6,1,3000,0,0,0,0,2,0
CF,RW10,37.017222,-7.985614,0,FIT,281.1,1.4,101.0,9.2,1,74,0,0,0,0,3,0
TF,FR728,36.997000,-7.842167,0, ,0.0,0.0,0.0,0.0,0,0,0,1,230,0,0,0
TF,GIMAL,36.764447,-8.005858,2, ,0.0,0.0,0.0,0.0,2,3000,0,1,230,0,0,0
HM,GIMAL,36.764447,-8.005858,2, ,0.0,0.0,7.0,04.3,2,3000,0,0,0,0,0,0,0

FINAL,I28,28,I,3
IF,GEBTI,36.972778,-7.675306,IIF,101.0,15.3,2,4000,0,0,0,0,0,0
CF,FR928,36.986472,-7.770333,0,IIF,101.1,10.6,282.0,4.6,1,3000,0,0,0,0,2,0
CF,RW28,37.013450,-7.959042,0,IIF,101.1,1.4,282.0,9.2,1,68,0,0,0,0,3,0
TF,FR710,37.033972,-8.102472,0, ,0.0,0.0,0.0,0.0,0,0,0,1,220,0,0,0
TF,GIMAL,36.764447,-8.005858,1, ,0.0,0.0,0.0,0.0,2,3000,0,1,220,0,0,0
HM,GIMAL,36.764447,-8.005858,2, ,0.0,0.0,7.0,04.3,2,3000,0,0,0,0,0,0,0

FINAL,R10,10,R,3
IF,RUWIB,37.057083,-8.269222, ,0.0,0.0,2,4000,0,0,0,0,0,0
TF,FR910,37.043778,-8.174000,0, ,0.0,0.0,101.0,4.6,2,3000,0,0,0,0,2,0
TF,RW10,37.017222,-7.985614,0, ,0.0,0.0,101.0,9.2,1,74,0,0,0,0,3,1
TF,FR728,36.997000,-7.842167,0, ,0.0,0.0,0.0,0.0,0,0,0,0,0,0,0,0
TF,GIMAL,36.764447,-8.005858,2, ,0.0,0.0,0.0,0.0,2,3000,0,1,220,0,0,0
HM,GIMAL,36.764447,-8.005858,2, ,0.0,0.0,7.0,04.3,2,3000,0,0,0,0,0,0,0

FINAL,R28,28,R,3
IF,GEBTI,36.972778,-7.675306, ,0.0,0.0,2,4000,0,0,0,0,0,0
TF,FR928,36.986472,-7.770333,0, ,0.0,0.0,282.0,4.6,2,3000,0,0,0,0,2,0
TF,RW28,37.013450,-7.959042,0, ,0.0,0.0,282.0,9.2,1,68,0,0,0,0,3,1
TF,FR710,37.033972,-8.102472,0, ,0.0,0.0,0.0,0.0,0,0,0,0,0,0,0,0
TF,GIMAL,36.764447,-8.005858,1, ,0.0,0.0,0.0,0.0,2,3000,0,1,220,0,0,0
HM,GIMAL,36.764447,-8.005858,2, ,0.0,0.0,7.0,04.3,2,3000,0,0,0,0,0,0,0

