SID,OFPA1S,18,2
CF,OVR,40.887083,-8.643389,0,OVR,0.0,0.0,177.0,2.0,0,0,0,0,0,0,0,0
FD,OVR,40.887083,-8.643389,0,OVR,0.0,5.0,176.0,5.0,3,2000,0,0,0,0,0,0
CD, ,0,0,0,OVR,0,0.0,176.0,9.0,3,4000,0,0,0,0,0,0
DF,OFPAC,40.396389,-8.582222,0, ,0.0,0.0,2,4000,0,0,0,0,0,0

APPTR,I36-1,36,ABGOD
IF,ABGOD,40.658333,-8.617500, ,0.0,0.0,2,3000,0,0,0,0,0,0
CF,CI361,40.741203,-8.630308,0,OV,177.1,11.3,357.0,5.0,2,2000,0,0,0,0,1,0

APPTR,I36-1,36,BEFIT
IF,BEFIT,40.743333,-8.773611, ,0.0,0.0,2,3000,0,0,0,0,0,0
AF,PRT32,40.739425,-8.675586,1,PRT,181.0,32.0,189.0,2,2000,0,0,0,0,0,0
CI,0,OV,0.0,27.0,0,0,0,0,0,0,0,0

FINAL,I36-1,36,I,3
IF,CI361,40.741203,-8.630308,OV,177.1,11.3,2,2000,0,0,0,0,0,0
CF,FI361,40.823400,-8.637653,0,OV,177.1,6.4,357.0,5.0,1,1675,0,0,0,0,2,0
CF,RW36,40.904983,-8.644964,0,OV,177.1,1.5,357.0,4.9,1,110,0,0,0,0,3,0
VM,0,0,0,357.0,2,460,0,0,0,0,0,0

APPTR,I36-2,36,LUXIE
IF,LUXIE,40.637500,-8.620000, ,0.0,0.0,2,3000,0,0,0,0,0,0
CF,D177K,40.704078,-8.626572,0,OVR,177.0,11.0,357.0,4.0,0,0,0,0,0,0,0,0
CF,CI362,40.720736,-8.628481,0,OV,177.1,12.5,357.0,1.0,2,2500,0,0,0,0,1,0

FINAL,I36-2,36,I,3
IF,CI362,40.720736,-8.628481,OV,177.1,12.5,2,2500,0,0,0,0,0,0
CF,FI362,40.803433,-8.635867,0,OV,177.1,7.6,357.0,5.0,1,2081,0,0,0,0,2,0
CF,RW36,40.904983,-8.644964,0,OV,177.1,1.5,357.0,6.1,1,110,0,0,0,0,3,0
VM,0,0,0,357.0,2,460,0,0,0,0,0,0

APPTR,T18,18,DURNI
IF,DURNI,40.974444,-8.776389, ,0.0,0.0,2,3500,0,0,0,0,1,0
AF,CT18,41.020172,-8.655675,2,OVR,357.0,8.0,312.0,2,1500,0,0,0,0,1,0

FINAL,T18,18,D,4
IF,CT18,41.020172,-8.655675,OVR,357.0,8.0,2,1500,0,0,0,0,0,0
CF,FT18,40.986900,-8.652600,0,OVR,357.0,6.0,177.0,2.0,2,1200,0,0,0,0,2,0
CF,50TAC,40.970264,-8.651061,0,OVR,357.0,5.0,177.0,1.0,2,960,0,0,0,0,0,0
CF,MT18,40.935328,-8.647836,0,OVR,357.0,2.9,177.0,2.1,1,263,0,0,0,0,3,0
CA,0,177.0,2,460,0,0,0,0,0,0
DF,DURNI,40.974444,-8.776389,2, ,0.0,0.0,1,3500,0,0,0,0,0,0

APPTR,T36,36,LUXIE
IF,LUXIE,40.637500,-8.620000, ,0.0,0.0,2,3000,0,0,0,0,0,0
CF,D177K,40.704078,-8.626572,0,OVR,177.0,11.0,357.0,4.0,0,0,0,0,0,0,0,0
CF,CT36,40.720714,-8.628097,0,OVR,177.0,10.0,357.0,1.0,2,2500,0,0,0,0,1,0

FINAL,T36,36,D,3
IF,CT36,40.720714,-8.628097,OVR,177.0,10.0,2,2500,0,0,0,0,0,0
CF,FT36,40.803900,-8.635733,0,OVR,177.0,5.0,357.0,5.0,2,2000,0,0,0,0,2,0
CF,MT36,40.897064,-8.644308,0,OVR,357.0,0.6,357.0,5.6,1,262,0,0,0,0,3,0
VM,0,0,0,357.0,2,460,0,0,0,0,0,0

