SID,ASMO2R,17,5
CF,XAPIM,41.078056,-8.636667,0,PRT,170.8,11.9,171.0,10.0,2,3000,0,0,0,0,0,0
TF,PR633,41.058603,-8.766219,0, ,0.0,0.0,0.0,0.0,2,4000,0,0,0,0,0,0
TF,ASMOV,40.969392,-9.347036,0, ,0.0,0.0,0.0,0.0,2,10000,0,0,0,0,0,0

SID,ASMO2W,35,5
CF,UDRUB,41.424167,-8.727500,0,PRT,350.8,9.2,351.0,10.0,2,3000,0,0,0,0,0,0
TF,PR613,41.404772,-8.857911,0, ,0.0,0.0,0.0,0.0,2,4000,0,0,0,0,0,0
TF,ASMOV,40.969392,-9.347036,0, ,0.0,0.0,0.0,0.0,2,10000,0,0,0,0,0,0

SID,BELD9E,35,5
CF,UDRUB,41.424167,-8.727500,0,PRT,350.8,9.2,351.0,10.0,2,3000,0,0,0,0,0,0
TF,PR614,41.443594,-8.597103,0, ,0.0,0.0,0.0,0.0,2,4000,0,0,0,0,0,0
TF,PR656,41.411975,-8.285542,0, ,0.0,0.0,0.0,0.0,2,7000,0,0,0,0,0,0
TF,BELDU,41.358611,-7.777222,0, ,0.0,0.0,0.0,0.0,2,10000,0,0,0,0,0,0

SID,BELD9L,17,5
CF,XAPIM,41.078056,-8.636667,0,PRT,170.8,11.9,171.0,10.0,2,3000,0,0,0,0,0,0
TF,PR634,41.097428,-8.506786,0, ,0.0,0.0,0.0,0.0,2,4000,0,0,0,0,0,0
TF,PR658,41.186014,-8.261339,0, ,0.0,0.0,0.0,0.0,2,7000,0,0,0,0,0,0
TF,BELDU,41.358611,-7.777222,0, ,0.0,0.0,0.0,0.0,2,10000,0,0,0,0,0,0

SID,MANI2E,35,5
CF,UDRUB,41.424167,-8.727500,0,PRT,350.8,9.2,351.0,10.0,2,3000,0,0,0,0,0,0
TF,PR614,41.443594,-8.597103,0, ,0.0,0.0,0.0,0.0,2,4000,0,0,0,0,0,0
TF,PR634,41.097428,-8.506786,2, ,0.0,0.0,0.0,0.0,2,7000,0,0,0,0,0,0
TF,MANIK,40.691944,-8.616111,0, ,0.0,0.0,0.0,0.0,2,10000,0,0,0,0,0,0

SID,MANI2R,17,5
CF,XAPIM,41.078056,-8.636667,0,PRT,170.8,11.9,171.0,10.0,2,3000,0,0,0,0,0,0
TF,PR665,40.942417,-8.629358,0, ,0.0,0.0,0.0,0.0,2,6000,0,0,0,0,0,0
TF,MANIK,40.691944,-8.616111,0, ,0.0,0.0,0.0,0.0,2,10000,0,0,0,0,0,0

SID,MANI2W,35,5
CF,UDRUB,41.424167,-8.727500,0,PRT,350.8,9.2,351.0,10.0,2,3000,0,0,0,0,0,0
TF,PR613,41.404772,-8.857911,0, ,0.0,0.0,0.0,0.0,2,4000,0,0,0,0,0,0
TF,PR633,41.058603,-8.766219,0, ,0.0,0.0,0.0,0.0,2,7000,0,0,0,0,0,0
TF,MANIK,40.691944,-8.616111,0, ,0.0,0.0,0.0,0.0,2,10000,0,0,0,0,0,0

SID,MANI6S,17,2
CD, ,0,0,0,PRT,0,0.0,171.0,12.0,2,3000,0,0,0,0,0,0
CF,D176T,40.940925,-8.646686,0,PRT,176.6,20.0,176.0,8.0,2,6000,0,0,0,0,0,0
TF,MANIK,40.691944,-8.616111,0, ,0.0,0.0,0.0,0.0,0,0,0,0,0,0,0,0

SID,PESU9E,35,5
CF,UDRUB,41.424167,-8.727500,0,PRT,350.8,9.2,351.0,10.0,2,3000,0,0,0,0,0,0
TF,PR614,41.443594,-8.597103,0, ,0.0,0.0,0.0,0.0,2,4000,0,0,0,0,0,0
TF,PR660,41.105700,-8.305883,0, ,0.0,0.0,0.0,0.0,2,7000,0,0,0,0,0,0
TF,PESUL,40.881944,-8.115000,0, ,0.0,0.0,0.0,0.0,2,10000,0,0,0,0,0,0

SID,PESU9L,17,5
CF,XAPIM,41.078056,-8.636667,0,PRT,170.8,11.9,171.0,10.0,2,3000,0,0,0,0,0,0
TF,PR664,41.001469,-8.431644,0, ,0.0,0.0,0.0,0.0,2,7000,0,0,0,0,0,0
TF,PESUL,40.881944,-8.115000,0, ,0.0,0.0,0.0,0.0,2,10000,0,0,0,0,0,0

SID,TURO6N,35,2
CA,0,351.0,2,3000,0,0,0,0,0,0
CF,D008T,41.604253,-8.636361,0,PRT,8.7,20.0,8.0,17.0,2,6000,0,0,0,0,0,0
TF,TURON,42.067917,-8.563417,0, ,0.0,0.0,0.0,0.0,0,0,0,0,0,0,0,0

SID,TURO9E,35,5
CF,UDRUB,41.424167,-8.727500,0,PRT,350.8,9.2,351.0,10.0,2,3000,0,0,0,0,0,0
TF,PR674,41.606464,-8.681422,0, ,0.0,0.0,0.0,0.0,2,7000,0,0,0,0,0,0
TF,TURON,42.067917,-8.563417,0, ,0.0,0.0,0.0,0.0,2,10000,0,0,0,0,0,0

SID,TURO9L,17,5
CF,XAPIM,41.078056,-8.636667,0,PRT,170.8,11.9,171.0,10.0,2,3000,0,0,0,0,0,0
TF,PR634,41.097428,-8.506786,0, ,0.0,0.0,0.0,0.0,2,4000,0,0,0,0,0,0
TF,PR638,41.582728,-8.523517,0, ,0.0,0.0,0.0,0.0,2,7000,0,0,0,0,0,0
TF,TURON,42.067917,-8.563417,0, ,0.0,0.0,0.0,0.0,2,10000,0,0,0,0,0,0

SID,TURO9R,17,5
CF,XAPIM,41.078056,-8.636667,0,PRT,170.8,11.9,171.0,10.0,2,3000,0,0,0,0,0,0
TF,PR633,41.058603,-8.766219,0, ,0.0,0.0,0.0,0.0,2,4000,0,0,0,0,0,0
TF,PR613,41.404772,-8.857911,2, ,0.0,0.0,0.0,0.0,2,4000,0,0,0,0,0,0
TF,PR641,41.600483,-8.771667,0, ,0.0,0.0,0.0,0.0,2,7000,0,0,0,0,0,0
TF,TURON,42.067917,-8.563417,0, ,0.0,0.0,0.0,0.0,2,10000,0,0,0,0,0,0

SID,UBAN2R,17,5
CF,XAPIM,41.078056,-8.636667,0,PRT,170.8,11.9,171.0,10.0,2,3000,0,0,0,0,0,0
TF,PR633,41.058603,-8.766219,0, ,0.0,0.0,0.0,0.0,2,4000,0,0,0,0,0,0
TF,UBANI,41.557853,-9.239519,0, ,0.0,0.0,0.0,0.0,2,10000,0,0,0,0,0,0

SID,UBAN2W,35,5
CF,UDRUB,41.424167,-8.727500,0,PRT,350.8,9.2,351.0,10.0,2,3000,0,0,0,0,0,0
TF,UBANI,41.557853,-9.239519,0, ,0.0,0.0,0.0,0.0,2,10000,0,0,0,0,0,0

STAR,ABLE3M,17,5
IF,ABLEG,40.722778,-8.431111, ,0.0,0.0,2,11000,0,0,0,0,0,0
TF,PR635,40.964586,-8.741319,0, ,0.0,0.0,0.0,0.0,2,11000,0,0,0,0,0,0
TF,PR615,41.290267,-8.827569,0, ,0.0,0.0,0.0,0.0,2,7000,0,0,0,0,0,0
TF,PR613,41.404772,-8.857911,0, ,0.0,0.0,0.0,0.0,2,4000,0,0,0,0,0,0
TF,PR611,41.498781,-8.883722,0, ,0.0,0.0,0.0,0.0,2,4000,0,0,0,0,0,0
TF,ADNOV,41.518244,-8.753164,0, ,0.0,0.0,0.0,0.0,2,4000,0,0,0,0,0,0

STAR,ABLE3T,17,5
IF,ABLEG,40.722778,-8.431111, ,0.0,0.0,2,11000,0,0,0,0,0,0
TF,PR636,41.003356,-8.482242,0, ,0.0,0.0,0.0,0.0,2,11000,0,0,0,0,0,0
TF,PR616,41.329092,-8.567219,0, ,0.0,0.0,0.0,0.0,2,4000,0,0,0,0,0,0
TF,PR614,41.443594,-8.597103,0, ,0.0,0.0,0.0,0.0,2,4000,0,0,0,0,0,0
TF,PR612,41.537558,-8.622525,0, ,0.0,0.0,0.0,0.0,2,4000,0,0,0,0,0,0
TF,ADNOV,41.518244,-8.753164,0, ,0.0,0.0,0.0,0.0,2,4000,0,0,0,0,0,0

STAR,ABLE6C,35,5
IF,ABLEG,40.722778,-8.431111, ,0.0,0.0,2,11000,0,0,0,0,0,0
TF,PR653,40.925000,-8.570869,0, ,0.0,0.0,0.0,0.0,2,6000,0,0,0,0,0,0
TF,AKULU,40.984044,-8.611819,0, ,0.0,0.0,0.0,0.0,2,4000,0,0,0,0,0,0

STAR,ASMO3A,35,5
IF,ASMOV,40.969392,-9.347036, ,0.0,0.0,2,11000,0,0,0,0,0,0
TF,PR635,40.964586,-8.741319,0, ,0.0,0.0,0.0,0.0,2,4000,0,0,0,0,0,0
TF,AKULU,40.984044,-8.611819,0, ,0.0,0.0,0.0,0.0,2,4000,0,0,0,0,0,0

STAR,ASMO3M,17,5
IF,ASMOV,40.969392,-9.347036, ,0.0,0.0,2,11000,0,0,0,0,0,0
TF,RETMO,41.227797,-9.013808,0, ,0.0,0.0,0.0,0.0,2,7000,0,0,0,0,0,0
TF,PR611,41.498781,-8.883722,0, ,0.0,0.0,0.0,0.0,2,4000,0,0,0,0,0,0
TF,ADNOV,41.518244,-8.753164,0, ,0.0,0.0,0.0,0.0,2,4000,0,0,0,0,0,0

STAR,ASPO3T,17,5
IF,ASPOR,41.815139,-8.081194, ,0.0,0.0,2,11000,0,0,0,0,0,0
TF,PR643,41.747467,-8.235692,0, ,0.0,0.0,0.0,0.0,2,9000,0,0,0,0,0,0
TF,PR640,41.598075,-8.588831,0, ,0.0,0.0,0.0,0.0,2,7000,0,0,0,0,0,0
TF,ADNOV,41.518244,-8.753164,0, ,0.0,0.0,0.0,0.0,2,4000,0,0,0,0,0,0

STAR,ASPO6A,35,5
IF,ASPOR,41.815139,-8.081194, ,0.0,0.0,2,11000,0,0,0,0,0,0
TF,PR611,41.498781,-8.883722,0, ,0.0,0.0,0.0,0.0,2,11000,0,0,0,0,0,0
TF,PR631,41.165303,-8.794569,0, ,0.0,0.0,0.0,0.0,2,7000,0,0,0,0,0,0
TF,PR633,41.058603,-8.766219,0, ,0.0,0.0,0.0,0.0,2,4000,0,0,0,0,0,0
TF,PR635,40.964586,-8.741319,0, ,0.0,0.0,0.0,0.0,2,4000,0,0,0,0,0,0
TF,AKULU,40.984044,-8.611819,0, ,0.0,0.0,0.0,0.0,2,4000,0,0,0,0,0,0

STAR,ASPO6C,35,5
IF,ASPOR,41.815139,-8.081194, ,0.0,0.0,2,11000,0,0,0,0,0,0
TF,PR637,41.703983,-8.164442,0, ,0.0,0.0,0.0,0.0,2,9000,0,0,0,0,0,0
TF,PR655,41.423203,-8.292675,0, ,0.0,0.0,0.0,0.0,2,7000,0,0,0,0,0,0
TF,PR636,41.003356,-8.482242,0, ,0.0,0.0,0.0,0.0,2,4000,0,0,0,0,0,0
TF,AKULU,40.984044,-8.611819,0, ,0.0,0.0,0.0,0.0,2,4000,0,0,0,0,0,0

STAR,ELGI3T,17,5
IF,ELGIX,41.521111,-7.673056, ,0.0,0.0,2,11000,0,0,0,0,0,0
TF,VASIP,41.555000,-8.376111,0, ,0.0,0.0,0.0,0.0,2,8000,0,0,0,0,0,0
TF,PR650,41.550383,-8.441872,0, ,0.0,0.0,0.0,0.0,2,7000,0,0,0,0,0,0
TF,PR612,41.537558,-8.622525,0, ,0.0,0.0,0.0,0.0,2,4000,0,0,0,0,0,0
TF,ADNOV,41.518244,-8.753164,0, ,0.0,0.0,0.0,0.0,2,4000,0,0,0,0,0,0

STAR,INKI6C,35,5
IF,INKIT,41.180278,-7.890833, ,0.0,0.0,2,11000,0,0,0,0,0,0
TF,DIVUT,41.028611,-8.325833,0, ,0.0,0.0,0.0,0.0,2,8000,0,0,0,0,0,0
TF,PR646,41.015431,-8.407531,0, ,0.0,0.0,0.0,0.0,2,7000,0,0,0,0,0,0
TF,PR636,41.003356,-8.482242,0, ,0.0,0.0,0.0,0.0,2,4000,0,0,0,0,0,0
TF,AKULU,40.984044,-8.611819,0, ,0.0,0.0,0.0,0.0,2,4000,0,0,0,0,0,0

STAR,MALI5C,35,5
IF,MALIS,41.855583,-7.604778, ,0.0,0.0,2,11000,0,0,0,0,0,0
TF,DIVUT,41.028611,-8.325833,0, ,0.0,0.0,0.0,0.0,2,9000,0,0,0,0,0,0
TF,PR646,41.015431,-8.407531,0, ,0.0,0.0,0.0,0.0,2,7000,0,0,0,0,0,0
TF,PR636,41.003356,-8.482242,0, ,0.0,0.0,0.0,0.0,2,4000,0,0,0,0,0,0
TF,AKULU,40.984044,-8.611819,0, ,0.0,0.0,0.0,0.0,2,4000,0,0,0,0,0,0

STAR,MALI5T,17,5
IF,MALIS,41.855583,-7.604778, ,0.0,0.0,2,11000,0,0,0,0,0,0
TF,VASIP,41.555000,-8.376111,0, ,0.0,0.0,0.0,0.0,2,8000,0,0,0,0,0,0
TF,PR650,41.550383,-8.441872,0, ,0.0,0.0,0.0,0.0,2,7000,0,0,0,0,0,0
TF,PR612,41.537558,-8.622525,0, ,0.0,0.0,0.0,0.0,2,4000,0,0,0,0,0,0
TF,ADNOV,41.518244,-8.753164,0, ,0.0,0.0,0.0,0.0,2,4000,0,0,0,0,0,0

STAR,PESU4T,17,5
IF,PESUL,40.881944,-8.115000, ,0.0,0.0,2,11000,0,0,0,0,0,0
TF,PR618,41.118319,-8.296633,0, ,0.0,0.0,0.0,0.0,2,7000,0,0,0,0,0,0
TF,PR612,41.537558,-8.622525,0, ,0.0,0.0,0.0,0.0,2,4000,0,0,0,0,0,0
TF,ADNOV,41.518244,-8.753164,0, ,0.0,0.0,0.0,0.0,2,4000,0,0,0,0,0,0

STAR,PESU6C,35,5
IF,PESUL,40.881944,-8.115000, ,0.0,0.0,2,11000,0,0,0,0,0,0
TF,PR662,40.965053,-8.518436,0, ,0.0,0.0,0.0,0.0,2,7000,0,0,0,0,0,0
TF,AKULU,40.984044,-8.611819,0, ,0.0,0.0,0.0,0.0,2,4000,0,0,0,0,0,0

STAR,UBAN3A,35,5
IF,UBANI,41.557853,-9.239519, ,0.0,0.0,2,11000,0,0,0,0,0,0
TF,RETMO,41.227797,-9.013808,0, ,0.0,0.0,0.0,0.0,2,7000,0,0,0,0,0,0
TF,PR635,40.964586,-8.741319,0, ,0.0,0.0,0.0,0.0,2,4000,0,0,0,0,0,0
TF,AKULU,40.984044,-8.611819,0, ,0.0,0.0,0.0,0.0,2,4000,0,0,0,0,0,0

STAR,UBAN3M,17,5
IF,UBANI,41.557853,-9.239519, ,0.0,0.0,2,11000,0,0,0,0,0,0
TF,ADNOV,41.518244,-8.753164,0, ,0.0,0.0,0.0,0.0,2,4000,0,0,0,0,0,0

APPTR,D17,17,ADNOV
IF,ADNOV,41.518244,-8.753164, ,0.0,0.0,2,4000,0,0,0,0,1,0
CF,CD17,41.436103,-8.733903,0,PRT,350.0,10.0,170.0,5.0,2,3070,0,0,0,0,1,0

FINAL,D17,17,D,3
IF,CD17,41.436103,-8.733903,PRT,350.0,10.0,2,3070,0,0,0,0,0,0
CF,FD17,41.387175,-8.720058,0,PRT,350.0,7.0,170.0,3.0,2,2500,0,0,0,0,2,0
CF,PRT,41.273000,-8.687833,0,PRT,0.0,0.0,170.0,7.0,1,424,0,0,0,0,3,0
CA,0,170.0,2,3000,0,0,0,0,0,0
DF,RETMO,41.227797,-9.013808,2, ,0.0,0.0,1,6000,0,0,0,0,0,0
HM,RETMO,41.227797,-9.013808,2, ,0.0,0.0,81.0,05,2,6000,0,1,230,0,0,0,0

APPTR,D35,35,AKULU
IF,AKULU,40.984044,-8.611819, ,0.0,0.0,2,4000,0,0,0,0,1,0
CF,CD35,41.109292,-8.645761,0,PRT,171.0,10.0,351.0,7.7,2,2700,0,0,0,0,1,0

FINAL,D35,35,D,4
IF,CD35,41.109292,-8.645761,PRT,171.0,10.0,2,2700,0,0,0,0,0,0
CF,FD35,41.158611,-8.657778,0,PRT,170.8,7.0,351.0,3.0,2,1750,0,0,0,0,2,0
CF,40VOR,41.207569,-8.670622,0,PRT,170.8,4.0,351.0,3.0,2,800,0,0,0,0,0,0
CF,MD35,41.223889,-8.675186,0,PRT,171.0,3.0,351.0,1.0,1,471,0,0,0,0,3,0
CA,0,351.0,2,3000,0,0,0,0,0,0
DF,RETMO,41.227797,-9.013808,1, ,0.0,0.0,1,6000,0,0,0,0,0,0
HM,RETMO,41.227797,-9.013808,2, ,0.0,0.0,81.0,05,2,6000,0,1,230,0,0,0,0

APPTR,I17,17,ADNOV
IF,ADNOV,41.518244,-8.753164, ,0.0,0.0,2,4000,0,0,0,0,1,0
CF,CI17,41.453658,-8.735358,0,PR,350.8,13.7,171.0,4.0,2,3220,0,0,0,0,1,0

FINAL,I17,17,I,3
IF,CI17,41.453658,-8.735358,PR,350.8,13.7,2,3220,0,0,0,0,0,0
CF,FI17,41.384961,-8.717239,0,PR,350.8,9.5,171.0,4.2,1,2400,0,0,0,0,2,0
CF,RW17,41.260681,-8.684561,0,PR,350.8,1.9,171.0,7.6,1,203,0,0,0,0,3,0
CA,0,171.0,2,3000,0,0,0,0,0,0
DF,RETMO,41.227797,-9.013808,2, ,0.0,0.0,1,6000,0,0,0,0,0,0
HM,RETMO,41.227797,-9.013808,2, ,0.0,0.0,81.0,05,2,6000,0,1,230,0,0,0,0

APPTR,R17-Y,17,ADNOV
IF,ADNOV,41.518244,-8.753164, ,0.0,0.0,2,4000,0,0,0,0,1,0
TF,PR741,41.453003,-8.735161,0, ,0.0,0.0,0.0,0.0,2,3000,0,0,0,0,1,0

FINAL,R17-Y,17,R,3
IF,PR741,41.453003,-8.735161, ,0.0,0.0,2,3000,0,0,0,0,0,0
TF,PR742,41.384278,-8.717044,0, ,0.0,0.0,171.0,4.2,2,2400,0,0,0,0,2,0
TF,RW17,41.260681,-8.684561,0, ,0.0,0.0,171.0,7.6,1,203,0,0,0,0,3,1
TF,PR744,41.211589,-8.671669,0, ,0.0,0.0,0.0,0.0,0,0,0,1,220,0,0,1
DF,RETMO,41.227797,-9.013808,2, ,0.0,0.0,2,6000,0,1,220,0,0,0
HM,RETMO,41.227797,-9.013808,2, ,0.0,0.0,81.0,04.3,2,6000,0,1,230,0,0,0,0

APPTR,R17-Z,17,ADNOV
IF,ADNOV,41.518244,-8.753164, ,0.0,0.0,2,4000,0,0,0,0,1,0
TF,PR741,41.453003,-8.735161,0, ,0.0,0.0,0.0,0.0,2,3000,0,0,0,0,1,0

FINAL,R17-Z,17,R,3
IF,PR741,41.453003,-8.735161, ,0.0,0.0,2,3000,0,0,0,0,0,0
TF,PR743,41.371458,-8.713669,0, ,0.0,0.0,171.0,5.0,2,2400,0,0,0,0,2,0
TF,RW17,41.260681,-8.684561,0, ,0.0,0.0,171.0,6.8,1,203,0,0,0,0,3,1
TF,PR744,41.211589,-8.671669,0, ,0.0,0.0,0.0,0.0,0,0,0,1,220,0,0,1
DF,RETMO,41.227797,-9.013808,2, ,0.0,0.0,2,6000,0,1,220,0,0,0
HM,RETMO,41.227797,-9.013808,2, ,0.0,0.0,81.0,04.3,2,6000,0,1,230,0,0,0,0

APPTR,R35,35,AKULU
IF,AKULU,40.984044,-8.611819, ,0.0,0.0,2,4000,0,0,0,0,1,0
TF,PR541,41.061011,-8.632356,0, ,0.0,0.0,0.0,0.0,2,3000,0,0,0,0,1,0

FINAL,R35,35,R,3
IF,PR541,41.061011,-8.632356, ,0.0,0.0,2,3000,0,0,0,0,0,0
TF,PR542,41.093897,-8.640931,0, ,0.0,0.0,351.0,2.0,1,3000,0,0,0,0,2,0
TF,PR543,41.233886,-8.677536,0, ,0.0,0.0,351.0,8.6,1,277,0,0,0,0,3,1
TF,PR544,41.315678,-8.698997,0, ,0.0,0.0,0.0,0.0,0,0,0,0,0,0,0,0
TF,RETMO,41.227797,-9.013808,1, ,0.0,0.0,0.0,0.0,1,6000,0,0,0,0,0,1
HM,RETMO,41.227797,-9.013808,2, ,0.0,0.0,81.0,04.3,2,6000,0,1,230,0,0,0,0

