SID,DOBO1G,34,5
CA,0,345.0,2,780,0,0,0,0,0,0
CF,BK710,45.014728,17.278339,0,LAK,345.3,4.5,345.0,3.8,0,0,0,0,0,0,0,1
DF,BK712,44.934781,17.661925,2, ,0.0,0.0,0,0,0,1,250,0,0,0
TF,DOBOT,44.773889,17.902500,0, ,0.0,0.0,0.0,0.0,2,8000,0,0,0,0,0,0

SID,DOBO1J,34,2
CD, ,0,0,0,LAK,0,0.0,345.0,5.0,0,0,0,0,0,0,0,0
DF,LAK,44.941636,17.295972,1, ,0.0,0.0,0,0,0,1,250,0,0,0
TF,DOBOT,44.773889,17.902500,0, ,0.0,0.0,0.0,0.0,2,8000,0,0,0,0,0,0

SID,DOBO1M,16,5
CA,0,165.0,2,800,0,0,0,0,0,0
CF,BK510,44.848397,17.321672,0,LAK,163.9,5.7,165.0,5.0,0,0,0,0,0,0,0,1
DF,BK512,44.801658,17.556653,0, ,0.0,0.0,0,0,0,1,250,0,0,0
TF,DOBOT,44.773889,17.902500,0, ,0.0,0.0,0.0,0.0,2,8000,0,0,0,0,0,0

SID,KOMA1G,34,5
CA,0,345.0,2,780,0,0,0,0,0,0
CF,BK710,45.014728,17.278339,0,LAK,345.3,4.5,345.0,3.8,0,0,0,0,0,0,0,1
DF,BK715,45.080139,17.110044,0, ,0.0,0.0,0,0,0,1,250,0,0,0
TF,KOMAR,44.958056,16.804167,0, ,0.0,0.0,0.0,0.0,2,10000,0,0,0,0,0,0

SID,MARI1G,34,5
CA,0,345.0,2,780,0,0,0,0,0,0
CF,BK710,45.014728,17.278339,0,LAK,345.3,4.5,345.0,3.8,0,0,0,0,0,0,0,1
DF,BK712,44.934781,17.661925,2, ,0.0,0.0,0,0,0,1,250,0,0,0
TF,MARIL,44.633333,17.333333,2, ,0.0,0.0,0.0,0.0,2,10000,0,0,0,0,0,0

SID,MARI1J,34,2
CD, ,0,0,0,LAK,0,0.0,345.0,5.0,0,0,0,0,0,0,0,0
DF,LAK,44.941636,17.295972,2, ,0.0,0.0,0,0,0,1,250,0,0,0
TF,MARIL,44.633333,17.333333,0, ,0.0,0.0,0.0,0.0,2,10000,0,0,0,0,0,0

SID,MARI1M,16,5
CA,0,165.0,2,800,0,0,0,0,0,0
CF,BK510,44.848397,17.321672,0,LAK,163.9,5.7,165.0,5.0,0,0,0,0,0,0,0,1
TF,MARIL,44.633333,17.333333,0, ,0.0,0.0,0.0,0.0,2,10000,0,0,0,0,0,0

SID,OKSI1J,34,2
CD, ,0,0,0,LAK,0,0.0,345.0,5.0,0,0,0,0,0,0,0,0
DF,LAK,44.941636,17.295972,2, ,0.0,0.0,0,0,0,1,250,0,0,0
TF,OKSIG,44.836944,17.003056,0, ,0.0,0.0,0.0,0.0,2,10000,0,0,0,0,0,0

SID,OKSI1M,16,5
CA,0,165.0,2,800,0,0,0,0,0,0
CF,BK510,44.848397,17.321672,0,LAK,163.9,5.7,165.0,5.0,0,0,0,0,0,0,0,1
DF,BK516,44.822783,17.106836,2, ,0.0,0.0,0,0,0,1,230,0,0,0
TF,OKSIG,44.836944,17.003056,0, ,0.0,0.0,0.0,0.0,2,10000,0,1,250,0,0,0

SID,TEBL1G,34,5
CA,0,345.0,2,780,0,0,0,0,0,0
CF,BK710,45.014728,17.278339,0,LAK,345.3,4.5,345.0,3.8,0,0,0,0,0,0,0,1
DF,BK715,45.080139,17.110044,0, ,0.0,0.0,0,0,0,1,250,0,0,0
TF,BK717,45.158006,16.832086,0, ,0.0,0.0,0.0,0.0,0,0,0,0,0,0,0,0
TF,TEBLI,45.201389,16.675833,0, ,0.0,0.0,0.0,0.0,2,8000,0,0,0,0,0,0

SID,TEBL1J,34,2
CD, ,0,0,0,LAK,0,0.0,345.0,5.0,0,0,0,0,0,0,0,0
VI,1, ,0.0,251.0,0,0,0,0,0,0,0,0
CF,TEBLI,45.201389,16.675833,0,LAK,295.8,30.6,296.0,21.0,2,8000,0,0,0,0,0,0

SID,TEBL1M,16,5
CA,0,165.0,2,800,0,0,0,0,0,0
CF,BK510,44.848397,17.321672,0,LAK,163.9,5.7,165.0,5.0,0,0,0,0,0,0,0,1
DF,BK514,44.948375,17.036544,2, ,0.0,0.0,0,0,0,1,230,0,0,0
TF,TEBLI,45.201389,16.675833,0, ,0.0,0.0,0.0,0.0,2,8000,0,0,0,0,0,0

STAR,BOSN1F,16,5
IF,BOSNA,44.370556,17.759722, ,0.0,0.0,2,9000,0,0,0,0,0,0
TF,BK432,44.651228,17.705628,0, ,0.0,0.0,0.0,0.0,2,7300,0,1,250,0,0,0
TF,TARUF,44.946419,17.648158,0, ,0.0,0.0,0.0,0.0,2,3100,0,0,0,0,0,0

STAR,BOSN1H,16,2
IF,BOSNA,44.370556,17.759722, ,0.0,0.0,2,9000,0,0,0,0,0,0
FD,BOSNA,44.370556,17.759722,0,LAK,144.7,12.4,325.0,12.4,2,7600,0,1,250,0,0,0
CF,LAK,44.941636,17.295972,0,LAK,0.0,0.0,325.0,12.4,2,3700,0,1,220,0,0,0

STAR,BOSN1N,34,5
IF,BOSNA,44.370556,17.759722, ,0.0,0.0,2,9000,0,0,0,0,0,0
TF,BK616,44.548431,17.632061,0, ,0.0,0.0,0.0,0.0,2,7700,0,0,0,0,0,0
TF,IKEWO,44.713183,17.513028,0, ,0.0,0.0,0.0,0.0,2,5300,0,1,230,0,0,0

STAR,DER1F,16,5
IF,DER,44.984128,17.969461, ,0.0,0.0,2,11000,0,0,0,0,0,0
TF,BK424,45.095836,17.526531,0, ,0.0,0.0,0.0,0.0,2,3300,0,1,250,0,0,0
TF,WAZWO,45.135697,17.366381,0, ,0.0,0.0,0.0,0.0,2,2400,0,1,230,0,0,0

STAR,DER1H,16,2
IF,DER,44.984128,17.969461, ,0.0,0.0,2,11000,0,0,0,0,0,0
FD,DER,44.984128,17.969461,0,DER,0.0,13.2,260.0,13.2,0,0,0,0,0,0,0,0
CF,D080K,44.958181,17.550714,0,LAK,79.7,10.9,260.0,2.3,0,0,0,1,250,0,0,0
AF,D360K,45.122589,17.318333,1,LAK,360.0,10.9,80.0,0,0,0,0,0,0,0,0
AF,AZWIM,45.120414,17.250639,1,LAK,344.8,10.9,360.0,2,2500,0,1,220,0,0,0

STAR,DER1N,34,5
IF,DER,44.984128,17.969461, ,0.0,0.0,2,11000,0,0,0,0,0,0
TF,BK620,44.909569,17.843122,0, ,0.0,0.0,0.0,0.0,0,0,0,0,0,0,0,0
TF,BK612,44.775275,17.616975,0, ,0.0,0.0,0.0,0.0,0,0,0,0,0,0,0,0
TF,IKEWO,44.713183,17.513028,0, ,0.0,0.0,0.0,0.0,2,5300,0,1,230,0,0,0

STAR,KOMA1F,16,5
IF,KOMAR,44.958056,16.804167, ,0.0,0.0,2,10000,0,1,250,0,0,0
TF,BK416,45.102956,16.962511,0, ,0.0,0.0,0.0,0.0,2,4800,0,0,0,0,0,0
TF,BK414,45.171622,17.037911,0, ,0.0,0.0,0.0,0.0,0,0,0,1,230,0,0,0
TF,BACOW,45.105269,17.134961,2, ,0.0,0.0,0.0,0.0,2,2400,0,0,0,0,0,0

STAR,KOMA1H,16,2
IF,KOMAR,44.958056,16.804167, ,0.0,0.0,2,10000,0,0,0,0,0,0
FD,KOMAR,44.958056,16.804167,0,LAK,267.9,13.1,88.0,13.1,0,0,0,0,0,0,0,0
CF,D268K,44.950431,17.040483,0,LAK,267.9,10.9,88.0,2.2,2,4900,0,1,250,0,0,0
AF,D315K,45.080575,17.131014,2,LAK,315.0,10.9,268.0,2,4700,0,0,0,0,0,0
AF,D328K,45.103425,17.179528,2,LAK,328.0,10.9,315.0,2,4000,0,0,0,0,0,0
AF,D334K,45.111181,17.204042,2,LAK,334.0,10.9,328.0,0,0,0,0,0,0,0,0
AF,AZWIM,45.120414,17.250639,2,LAK,344.8,10.9,334.0,2,2500,0,1,220,0,0,0

STAR,KOMA1N,34,5
IF,KOMAR,44.958056,16.804167, ,0.0,0.0,2,10000,0,0,0,0,0,0
TF,BK600,44.921358,17.057047,0, ,0.0,0.0,0.0,0.0,0,0,0,0,0,0,0,0
TF,BK604,44.887511,17.286656,0, ,0.0,0.0,0.0,0.0,0,0,0,0,0,0,0,0
TF,BK608,44.844217,17.575517,0, ,0.0,0.0,0.0,0.0,0,0,0,1,250,0,0,0
TF,BK612,44.775275,17.616975,0, ,0.0,0.0,0.0,0.0,0,0,0,0,0,0,0,0
TF,IKEWO,44.713183,17.513028,0, ,0.0,0.0,0.0,0.0,2,5300,0,1,230,0,0,0

STAR,LURI1H,16,2
IF,LURID,45.135000,17.399444, ,0.0,0.0,2,5000,0,1,250,0,0,0
TF,LAK,44.941636,17.295972,0, ,0.0,0.0,0.0,0.0,2,3700,0,1,220,0,0,0

STAR,LURI1N,34,5
IF,LURID,45.135000,17.399444, ,0.0,0.0,2,6000,0,0,0,0,0,0
TF,BK608,44.844217,17.575517,0, ,0.0,0.0,0.0,0.0,0,0,0,1,250,0,0,0
TF,BK612,44.775275,17.616975,0, ,0.0,0.0,0.0,0.0,0,0,0,0,0,0,0,0
TF,IKEWO,44.713183,17.513028,0, ,0.0,0.0,0.0,0.0,2,5300,0,1,230,0,0,0

STAR,NOVL1F,16,5
IF,NOVLO,45.229444,16.953056, ,0.0,0.0,2,6000,0,1,240,0,0,0
TF,BK414,45.171622,17.037911,0, ,0.0,0.0,0.0,0.0,0,0,0,1,230,0,0,0
TF,BACOW,45.105269,17.134961,0, ,0.0,0.0,0.0,0.0,2,2400,0,0,0,0,0,0

STAR,NOVL1H,16,2
IF,NOVLO,45.229444,16.953056, ,0.0,0.0,2,6000,0,1,250,0,0,0
FD,NOVLO,45.229444,16.953056,0,LAK,315.0,13.0,135.0,13.0,0,0,0,0,0,0,0,0
CF,D315K,45.080575,17.131014,0,LAK,315.0,10.9,135.0,2.1,2,4700,0,0,0,0,0,0
AF,D328K,45.103425,17.179528,2,LAK,328.0,10.9,315.0,2,4000,0,0,0,0,0,0
AF,D334K,45.111181,17.204042,2,LAK,334.0,10.9,328.0,0,0,0,0,0,0,0,0
AF,AZWIM,45.120414,17.250639,2,LAK,344.8,10.9,334.0,2,2500,0,1,220,0,0,0

STAR,NOVL1N,34,5
IF,NOVLO,45.229444,16.953056, ,0.0,0.0,2,6000,0,0,0,0,0,0
TF,BK618,45.009033,17.027569,0, ,0.0,0.0,0.0,0.0,0,0,0,0,0,0,0,0
TF,BK600,44.921358,17.057047,0, ,0.0,0.0,0.0,0.0,0,0,0,0,0,0,0,0
TF,BK604,44.887511,17.286656,0, ,0.0,0.0,0.0,0.0,0,0,0,0,0,0,0,0
TF,BK608,44.844217,17.575517,0, ,0.0,0.0,0.0,0.0,0,0,0,1,250,0,0,0
TF,BK612,44.775275,17.616975,0, ,0.0,0.0,0.0,0.0,0,0,0,0,0,0,0,0
TF,IKEWO,44.713183,17.513028,0, ,0.0,0.0,0.0,0.0,2,5300,0,1,230,0,0,0

APPTR,D16,16,LAK1
IF,LAK,44.941636,17.295972, ,0.0,0.0,2,3700,0,1,220,0,1,0
FD,LAK,44.941636,17.295972,0,LAK,0.0,10.9,5.0,10.9,0,0,0,1,220,0,0,0
CF,AZWIM,45.120414,17.250639,1,LAK,344.8,10.9,165.0,1.0,2,2500,0,1,220,0,1,0

APPTR,D16,16,LAK2
IF,LAK,44.941636,17.295972, ,0.0,0.0,2,3700,0,1,220,0,1,0
FD,LAK,44.941636,17.295972,0,LAK,0.0,10.9,353.0,10.9,0,0,0,0,0,0,0,0
CF,AZWIM,45.120414,17.250639,1,LAK,344.8,10.9,165.0,1.0,2,2500,0,1,220,0,1,0

FINAL,D16,16,D,3
IF,AZWIM,45.120414,17.250639,LAK,344.8,10.9,2,2500,0,1,220,0,1,0
CF,FD16,45.038464,17.271889,0,LAK,345.0,5.9,165.0,5.0,2,2100,0,0,0,0,2,0
CF,MD16,44.958047,17.291894,0,LAK,345.0,1.0,165.0,4.9,1,538,0,0,0,0,3,0
CF,LAK,44.941636,17.295972,0,LAK,0.0,0.0,165.0,1.0,0,0,0,0,0,0,0,0
FD,LAK,44.941636,17.295972,0,LAK,0.0,7.5,165.0,7.5,0,0,0,0,0,0,0,0
DF,LAK,44.941636,17.295972,1, ,0.0,0.0,1,3700,0,1,220,0,0,0
HM,LAK,44.941636,17.295972,2, ,0.0,0.0,345.0,04.3,2,3700,0,1,220,0,0,0,0

APPTR,I16,16,LAK1
IF,LAK,44.941636,17.295972, ,0.0,0.0,2,3700,0,1,220,0,1,0
FD,LAK,44.941636,17.295972,0,LAK,0.0,10.9,5.0,10.9,0,0,0,0,0,0,0,0
CF,AZWIM,45.120414,17.250639,1,BAL,344.5,11.8,165.0,1.0,2,2500,0,1,220,0,1,0

APPTR,I16,16,LAK2
IF,LAK,44.941636,17.295972, ,0.0,0.0,2,3700,0,1,220,0,1,0
FD,LAK,44.941636,17.295972,0,LAK,0.0,10.9,353.0,10.9,0,0,0,0,0,0,0,0
CF,AZWIM,45.120414,17.250639,1,BAL,344.5,11.8,165.0,1.0,2,2500,0,1,220,0,1,0

FINAL,I16,16,I,3
IF,AZWIM,45.120414,17.250639,BAL,344.5,11.8,2,2500,0,1,220,0,1,0
CF,FI16,45.036800,17.272575,0,BAL,344.5,6.7,165.0,5.1,1,2100,0,0,0,0,2,0
CF,RW16,44.952461,17.294592,0,BAL,344.5,1.5,165.0,5.1,1,426,0,0,0,0,3,0
CF,D165J,44.785911,17.336144,0,LAK,164.6,9.5,165.0,10.1,0,0,0,0,0,0,0,1
DF,LAK,44.941636,17.295972,1, ,0.0,0.0,2,3700,0,1,220,0,0,0
HM,LAK,44.941636,17.295972,2, ,0.0,0.0,345.0,04.3,2,3700,0,1,220,0,0,0,0

APPTR,R16,16,BACOW
IF,BACOW,45.105269,17.134961, ,0.0,0.0,2,2400,0,1,230,0,1,0
TF,BKI16,45.120553,17.250636,0, ,0.0,0.0,0.0,0.0,2,2100,0,1,230,0,1,0

APPTR,R16,16,LURID
IF,LURID,45.135000,17.399444, ,0.0,0.0,2,5000,0,1,250,0,1,0
TF,BKI16,45.120553,17.250636,0, ,0.0,0.0,0.0,0.0,2,2100,0,1,230,0,1,0

APPTR,R16,16,TARUF
IF,TARUF,44.946419,17.648158, ,0.0,0.0,2,3100,0,1,250,0,1,0
TF,WAZWO,45.135697,17.366381,0, ,0.0,0.0,0.0,0.0,2,2400,0,1,230,0,0,0
TF,BKI16,45.120553,17.250636,0, ,0.0,0.0,0.0,0.0,2,2100,0,1,230,0,1,0

APPTR,R16,16,WAZWO
IF,WAZWO,45.135697,17.366381, ,0.0,0.0,2,2400,0,1,230,0,1,0
TF,BKI16,45.120553,17.250636,0, ,0.0,0.0,0.0,0.0,2,2100,0,1,230,0,1,0

FINAL,R16,16,R,3
IF,BKI16,45.120553,17.250636, ,0.0,0.0,2,2100,0,1,230,0,0,0
TF,JOGUL,45.038628,17.272092,0, ,0.0,0.0,164.0,5.0,1,2100,0,0,0,0,2,0
TF,RW16,44.952461,17.294592,0, ,0.0,0.0,164.0,5.3,1,426,0,0,0,0,3,1
TF,BK428,44.854139,17.320181,0, ,0.0,0.0,0.0,0.0,0,0,0,0,0,0,0,1
DF,TARUF,44.946419,17.648158,1, ,0.0,0.0,1,3100,0,1,230,0,0,1
HM,TARUF,44.946419,17.648158,1, ,0.0,0.0,347.0,04.3,2,3100,0,1,230,0,0,0,0

APPTR,R34,34,IKEWO
IF,IKEWO,44.713183,17.513028, ,0.0,0.0,2,5300,0,1,230,0,1,0
TF,BKI34,44.732628,17.351683,0, ,0.0,0.0,0.0,0.0,2,3500,0,0,0,0,1,0

FINAL,R34,34,R,3
IF,BKI34,44.732628,17.351683, ,0.0,0.0,2,3500,0,0,0,0,0,0
TF,DUBHE,44.814569,17.330453,0, ,0.0,0.0,345.0,5.0,1,2700,0,0,0,0,2,0
TF,RW34,44.930333,17.300358,0, ,0.0,0.0,345.0,7.1,1,450,0,0,0,0,3,1
TF,BK403,44.987686,17.285403,0, ,0.0,0.0,0.0,0.0,0,0,0,0,0,0,0,1
DF,BK404,44.963408,17.554258,2, ,0.0,0.0,0,0,0,0,0,0,0,0
TF,IKEWO,44.713183,17.513028,0, ,0.0,0.0,0.0,0.0,1,5300,0,1,230,0,0,0

