SID,DIRC1A,16,2
DF,B,46.501444,26.918222,0, ,0.0,0.0,0,0,0,0,0,0,0,0
TF,FQ34,46.427389,26.946917,0, ,0.0,0.0,0.0,0.0,0,0,0,0,0,0,0,1
DF,BCU,46.510917,26.825556,2, ,0.0,0.0,0,0,0,1,230,0,0,0
TF,DIRCO,46.599444,27.254722,0, ,0.0,0.0,0.0,0.0,2,7000,0,0,0,0,0,0

SID,DIRC1B,34,2
CF,D338G,46.617278,26.873167,0,BCU,10.1,6.7,338.0,6.0,0,0,0,0,0,0,0,1
DF,BCU,46.510917,26.825556,1, ,0.0,0.0,0,0,0,1,250,0,0,0
TF,DIRCO,46.599444,27.254722,0, ,0.0,0.0,0.0,0.0,2,7000,0,0,0,0,0,0

SID,GUXV1A,16,2
DF,B,46.501444,26.918222,0, ,0.0,0.0,0,0,0,0,0,0,0,0
TF,FQ34,46.427389,26.946917,0, ,0.0,0.0,0.0,0.0,0,0,0,0,0,0,0,1
DF,BCU,46.510917,26.825556,2, ,0.0,0.0,0,0,0,1,230,0,0,0
TF,GUXVA,46.746667,27.068611,0, ,0.0,0.0,0.0,0.0,2,5000,0,0,0,0,0,0

SID,GUXV1B,34,2
CF,D338G,46.617278,26.873167,0,BCU,10.1,6.7,338.0,6.0,0,0,0,0,0,0,0,1
VI,0, ,0.0,58.0,0,0,0,1,250,0,0,0
CF,GUXVA,46.746667,27.068611,0,BCU,28.3,17.4,28.0,4.0,2,5000,0,0,0,0,0,0

SID,KENU1A,16,2
DF,B,46.501444,26.918222,0, ,0.0,0.0,0,0,0,0,0,0,0,0
TF,D158B,46.474083,26.928944,0, ,0.0,0.0,0.0,0.0,0,0,0,0,0,0,0,1
VI,0, ,0.0,228.0,0,0,0,1,210,0,0,0
CF,KENUX,46.292222,26.767778,0,BCU,183.4,13.3,183.0,6.0,2,7000,0,0,0,0,0,0

SID,KENU1B,34,2
CF,D338G,46.617278,26.873167,0,BCU,10.1,6.7,338.0,6.0,0,0,0,0,0,0,0,1
DF,BCU,46.510917,26.825556,1, ,0.0,0.0,0,0,0,1,250,0,0,0
TF,KENUX,46.292222,26.767778,0, ,0.0,0.0,0.0,0.0,2,7000,0,0,0,0,0,0

SID,KENU1T,16,2
DF,B,46.501444,26.918222,0, ,0.0,0.0,0,0,0,0,0,0,0,0
TF,D158C,46.459583,26.934444,0, ,0.0,0.0,0.0,0.0,0,0,0,0,0,0,0,1
DF,BCU,46.510917,26.825556,1, ,0.0,0.0,0,0,0,1,210,0,0,0
TF,KENUX,46.292222,26.767778,0, ,0.0,0.0,0.0,0.0,2,7000,0,0,0,0,0,0

SID,REDK1A,16,2
DF,B,46.501444,26.918222,0, ,0.0,0.0,0,0,0,0,0,0,0,0
TF,FQ34,46.427389,26.946917,0, ,0.0,0.0,0.0,0.0,0,0,0,0,0,0,0,1
DF,BCU,46.510917,26.825556,2, ,0.0,0.0,0,0,0,1,230,0,0,0
TF,REDKU,46.506667,26.548889,0, ,0.0,0.0,0.0,0.0,2,8000,0,0,0,0,0,0

SID,REDK1B,34,2
CF,D338D,46.562583,26.894472,0,BCU,35.6,4.2,338.0,2.0,0,0,0,0,0,0,0,1
VI,1, ,0.0,217.0,0,0,0,1,210,0,0,0
CF,REDKU,46.506667,26.548889,0,BCU,261.8,11.5,262.0,7.0,2,8000,0,0,0,0,0,0

SID,REDK1R,34,2
CF,D338J,46.665556,26.854333,0,BCU,0.3,9.4,338.0,9.0,0,0,0,0,0,0,0,1
DF,BCU,46.510917,26.825556,1, ,0.0,0.0,0,0,0,1,210,0,0,0
TF,REDKU,46.506667,26.548889,2, ,0.0,0.0,0.0,0.0,2,8000,0,0,0,0,0,0

SID,SALA1A,16,2
DF,B,46.501444,26.918222,0, ,0.0,0.0,0,0,0,0,0,0,0,0
TF,D158C,46.459583,26.934444,0, ,0.0,0.0,0.0,0.0,0,0,0,0,0,0,0,1
DF,BCU,46.510917,26.825556,2, ,0.0,0.0,0,0,0,1,210,0,0,0
TF,SALAC,46.740833,26.735278,0, ,0.0,0.0,0.0,0.0,2,5000,0,0,0,0,0,0

SID,SALA1B,34,2
CF,D338G,46.617278,26.873167,0,BCU,10.1,6.7,338.0,6.0,0,0,0,0,0,0,0,1
VI,0, ,0.0,293.0,0,0,0,1,250,0,0,0
CF,SALAC,46.740833,26.735278,0,BCU,337.9,14.3,338.0,5.0,2,5000,0,0,0,0,0,0

SID,TULN1A,16,2
DF,B,46.501444,26.918222,0, ,0.0,0.0,0,0,0,0,0,0,0,0
TF,TULNU,46.280556,27.004444,0, ,0.0,0.0,0.0,0.0,2,5000,0,0,0,0,0,0

SID,TULN1B,34,2
CF,D338G,46.617278,26.873167,0,BCU,10.1,6.7,338.0,6.0,0,0,0,0,0,0,0,1
DF,BCU,46.510917,26.825556,1, ,0.0,0.0,0,0,0,1,250,0,0,0
TF,TULNU,46.280556,27.004444,0, ,0.0,0.0,0.0,0.0,2,5000,0,0,0,0,0,0

APPTR,I16-X,16,BC400
IF,BC400,46.513222,26.763111, ,0.0,0.0,2,4000,0,0,0,0,1,0
TF,BC412,46.667556,26.702278,0, ,0.0,0.0,0.0,0.0,2,4000,0,0,0,0,0,0
TF,CANJE,46.693861,26.842389,0,IBA,0.0,0.0,0.0,0.0,2,2900,0,1,210,0,1,0

APPTR,I16-X,16,DIRCO
IF,DIRCO,46.599444,27.254722, ,0.0,0.0,2,7000,0,0,0,0,1,0
TF,BC416,46.663056,27.089472,0, ,0.0,0.0,0.0,0.0,2,5000,0,0,0,0,0,0
TF,BC414,46.718056,26.945528,0, ,0.0,0.0,0.0,0.0,2,2900,0,0,0,0,0,0
TF,CANJE,46.693861,26.842389,0,IBA,0.0,0.0,0.0,0.0,2,2900,0,1,210,0,1,0

APPTR,I16-X,16,GUXVA
IF,GUXVA,46.746667,27.068611, ,0.0,0.0,2,5000,0,0,0,0,1,0
TF,BC414,46.718056,26.945528,0, ,0.0,0.0,0.0,0.0,2,2900,0,0,0,0,0,0
TF,CANJE,46.693861,26.842389,0,IBA,0.0,0.0,0.0,0.0,2,2900,0,1,210,0,1,0

APPTR,I16-X,16,KENUX
IF,KENUX,46.292222,26.767778, ,0.0,0.0,2,7000,0,0,0,0,1,0
TF,BC400,46.513222,26.763111,0, ,0.0,0.0,0.0,0.0,2,4000,0,0,0,0,0,0
TF,BC412,46.667556,26.702278,0, ,0.0,0.0,0.0,0.0,2,4000,0,0,0,0,0,0
TF,CANJE,46.693861,26.842389,0,IBA,0.0,0.0,0.0,0.0,2,2900,0,1,210,0,1,0

APPTR,I16-X,16,REDKU
IF,REDKU,46.506667,26.548889, ,0.0,0.0,2,9000,0,0,0,0,1,0
TF,BC412,46.667556,26.702278,0, ,0.0,0.0,0.0,0.0,2,4000,0,0,0,0,0,0
TF,CANJE,46.693861,26.842389,0,IBA,0.0,0.0,0.0,0.0,2,2900,0,1,210,0,1,0

APPTR,I16-X,16,SALAC
IF,SALAC,46.740833,26.735278, ,0.0,0.0,2,5000,0,1,230,0,1,0
TF,CANJE,46.693861,26.842389,0,IBA,0.0,0.0,0.0,0.0,2,2900,0,1,210,0,1,0

APPTR,I16-X,16,TULNU
IF,TULNU,46.280556,27.004444, ,0.0,0.0,2,5000,0,0,0,0,1,0
TF,BC400,46.513222,26.763111,0, ,0.0,0.0,0.0,0.0,2,4000,0,0,0,0,0,0
TF,BC412,46.667556,26.702278,0, ,0.0,0.0,0.0,0.0,2,4000,0,0,0,0,0,0
TF,CANJE,46.693861,26.842389,0,IBA,0.0,0.0,0.0,0.0,2,2900,0,1,210,0,1,0

FINAL,I16-X,16,I,3
IF,CANJE,46.693861,26.842389,IBA,337.8,11.5,2,2900,0,1,210,0,0,0
CF,FF16,46.614389,26.873778,0,IBA,337.8,6.6,158.0,4.9,1,2300,0,0,0,0,2,0
CF,RW16,46.532758,26.905914,0,IBA,337.8,1.5,158.0,5.1,1,662,0,0,0,0,3,1
TF,BC491,46.360694,26.973333,0, ,0.0,0.0,0.0,0.0,0,0,0,1,200,0,0,0
TF,BC492,46.334444,26.833639,0, ,0.0,0.0,0.0,0.0,0,0,0,1,200,0,0,0
TF,BC400,46.513222,26.763111,0, ,0.0,0.0,0.0,0.0,2,4000,0,0,0,0,0,0
HM,BC400,46.513222,26.763111,2, ,0.0,0.0,323.0,04.3,2,4000,0,1,220,0,0,0,0

APPTR,I16-Y,16,BCU
IF,BCU,46.510917,26.825556, ,0.0,0.0,2,4100,0,0,0,0,1,0
FD,BCU,46.510917,26.825556,0,BCU,0.0,11.0,14.0,11.0,2,3100,0,1,205,0,0,0
CF,CANJE,46.693861,26.842389,1,IBA,337.8,11.5,158.0,1.0,2,3100,0,1,210,0,1,0

APPTR,I16-Y,16,DIRCO
IF,DIRCO,46.599444,27.254722, ,0.0,0.0,2,7000,0,0,0,0,1,0
TF,BCU,46.510917,26.825556,0, ,0.0,0.0,0.0,0.0,2,4100,0,0,0,0,0,0
FD,BCU,46.510917,26.825556,2,BCU,0.0,11.0,14.0,11.0,2,3100,0,1,205,0,0,0
CF,CANJE,46.693861,26.842389,1,IBA,337.8,11.5,158.0,1.0,2,3100,0,1,210,0,1,0

APPTR,I16-Y,16,GUXVA
IF,GUXVA,46.746667,27.068611, ,0.0,0.0,2,5000,0,0,0,0,1,0
TF,BCU,46.510917,26.825556,0, ,0.0,0.0,0.0,0.0,2,4100,0,0,0,0,0,0
FD,BCU,46.510917,26.825556,2,BCU,0.0,11.0,14.0,11.0,2,3100,0,1,205,0,0,0
CF,CANJE,46.693861,26.842389,1,IBA,337.8,11.5,158.0,1.0,2,3100,0,1,210,0,1,0

APPTR,I16-Y,16,KENUX
IF,KENUX,46.292222,26.767778, ,0.0,0.0,2,7000,0,0,0,0,1,0
TF,BCU,46.510917,26.825556,0, ,0.0,0.0,0.0,0.0,2,4100,0,0,0,0,0,0
FD,BCU,46.510917,26.825556,0,BCU,0.0,11.0,14.0,11.0,2,3100,0,1,205,0,0,0
CF,CANJE,46.693861,26.842389,1,IBA,337.8,11.5,158.0,1.0,2,3100,0,1,210,0,1,0

APPTR,I16-Y,16,REDKU
IF,REDKU,46.506667,26.548889, ,0.0,0.0,2,8000,0,0,0,0,1,0
TF,BCU,46.510917,26.825556,0, ,0.0,0.0,0.0,0.0,2,4100,0,0,0,0,0,0
FD,BCU,46.510917,26.825556,0,BCU,0.0,11.0,14.0,11.0,2,3100,0,1,205,0,0,0
CF,CANJE,46.693861,26.842389,1,IBA,337.8,11.5,158.0,1.0,2,3100,0,1,210,0,1,0

APPTR,I16-Y,16,SALAC
IF,SALAC,46.740833,26.735278, ,0.0,0.0,2,5000,0,0,0,0,1,0
TF,CANJE,46.693861,26.842389,0,IBA,0.0,0.0,0.0,0.0,2,3100,0,1,210,0,1,0

APPTR,I16-Y,16,TULNU
IF,TULNU,46.280556,27.004444, ,0.0,0.0,2,5000,0,0,0,0,1,0
TF,D145K,46.353917,26.947667,0, ,0.0,0.0,0.0,0.0,0,0,0,0,0,0,0,0
TF,D164F,46.412194,26.848167,0, ,0.0,0.0,0.0,0.0,0,0,0,0,0,0,0,0
TF,BCU,46.510917,26.825556,0, ,0.0,0.0,0.0,0.0,2,4100,0,0,0,0,0,0
FD,BCU,46.510917,26.825556,0,BCU,0.0,11.0,14.0,11.0,2,3100,0,1,205,0,0,0
CF,CANJE,46.693861,26.842389,1,IBA,337.8,11.5,158.0,1.0,2,3100,0,1,210,0,1,0

FINAL,I16-Y,16,I,3
IF,CANJE,46.693861,26.842389,IBA,337.8,11.5,2,3100,0,1,210,0,0,0
CF,FF16,46.614389,26.873778,0,IBA,337.8,6.6,158.0,4.9,1,2300,0,0,0,0,2,0
CF,RW16,46.532758,26.905914,0,IBA,337.8,1.5,158.0,5.1,1,662,0,0,0,0,3,0
CF,D158I,46.367433,26.970061,0,BCU,138.1,10.5,158.0,10.3,0,0,0,0,0,0,0,1
DF,BCU,46.510917,26.825556,2, ,0.0,0.0,1,4100,0,1,210,0,0,0
HM,BCU,46.510917,26.825556,2, ,0.0,0.0,350.0,04.3,0,0,0,1,210,0,0,0,0

APPTR,I16-Z,16,BCU
IF,BCU,46.510917,26.825556, ,0.0,0.0,2,4100,0,0,0,0,1,0
FD,BCU,46.510917,26.825556,0,BCU,0.0,11.0,6.0,11.0,2,3100,0,1,140,0,0,0
CF,CANJE,46.693861,26.842389,1,IBA,337.8,11.5,158.0,1.0,2,3100,0,1,210,0,1,0

APPTR,I16-Z,16,DIRCO
IF,DIRCO,46.599444,27.254722, ,0.0,0.0,2,7000,0,0,0,0,1,0
TF,BCU,46.510917,26.825556,0, ,0.0,0.0,0.0,0.0,2,4100,0,0,0,0,0,0
FD,BCU,46.510917,26.825556,2,BCU,0.0,11.0,6.0,11.0,2,3100,0,1,140,0,0,0
CF,CANJE,46.693861,26.842389,1,IBA,337.8,11.5,158.0,1.0,2,3100,0,1,210,0,1,0

APPTR,I16-Z,16,GUXVA
IF,GUXVA,46.746667,27.068611, ,0.0,0.0,2,5000,0,0,0,0,1,0
TF,BCU,46.510917,26.825556,0, ,0.0,0.0,0.0,0.0,2,4100,0,0,0,0,0,0
FD,BCU,46.510917,26.825556,2,BCU,0.0,11.0,6.0,11.0,2,3100,0,1,140,0,0,0
CF,CANJE,46.693861,26.842389,1,IBA,337.8,11.5,158.0,1.0,2,3100,0,1,210,0,1,0

APPTR,I16-Z,16,KENUX
IF,KENUX,46.292222,26.767778, ,0.0,0.0,2,7000,0,0,0,0,1,0
TF,BCU,46.510917,26.825556,0, ,0.0,0.0,0.0,0.0,2,4100,0,0,0,0,0,0
FD,BCU,46.510917,26.825556,0,BCU,0.0,11.0,6.0,11.0,2,3100,0,1,140,0,0,0
CF,CANJE,46.693861,26.842389,1,IBA,337.8,11.5,158.0,1.0,2,3100,0,1,210,0,1,0

APPTR,I16-Z,16,REDKU
IF,REDKU,46.506667,26.548889, ,0.0,0.0,2,8000,0,0,0,0,1,0
TF,BCU,46.510917,26.825556,0, ,0.0,0.0,0.0,0.0,2,4100,0,0,0,0,0,0
FD,BCU,46.510917,26.825556,0,BCU,0.0,11.0,6.0,11.0,2,3100,0,1,140,0,0,0
CF,CANJE,46.693861,26.842389,1,IBA,337.8,11.5,158.0,1.0,2,3100,0,1,210,0,1,0

APPTR,I16-Z,16,SALAC
IF,SALAC,46.740833,26.735278, ,0.0,0.0,2,5000,0,0,0,0,1,0
TF,CANJE,46.693861,26.842389,0,IBA,0.0,0.0,0.0,0.0,2,3100,0,1,210,0,1,0

APPTR,I16-Z,16,TULNU
IF,TULNU,46.280556,27.004444, ,0.0,0.0,2,5000,0,0,0,0,1,0
TF,D145K,46.353917,26.947667,0, ,0.0,0.0,0.0,0.0,0,0,0,0,0,0,0,0
TF,D164F,46.412194,26.848167,0, ,0.0,0.0,0.0,0.0,0,0,0,0,0,0,0,0
TF,BCU,46.510917,26.825556,0, ,0.0,0.0,0.0,0.0,2,4100,0,0,0,0,0,0
FD,BCU,46.510917,26.825556,0,BCU,0.0,11.0,6.0,11.0,2,3100,0,1,140,0,0,0
CF,CANJE,46.693861,26.842389,1,IBA,337.8,11.5,158.0,1.0,2,3100,0,1,210,0,1,0

FINAL,I16-Z,16,I,3
IF,CANJE,46.693861,26.842389,IBA,337.8,11.5,2,3100,0,1,210,0,0,0
CF,FF16,46.614389,26.873778,0,IBA,337.8,6.6,158.0,4.9,1,2300,0,0,0,0,2,0
CF,RW16,46.532758,26.905914,0,IBA,337.8,1.5,158.0,5.1,1,662,0,0,0,0,3,0
CF,D158I,46.367433,26.970061,0,BCU,138.1,10.5,158.0,10.3,0,0,0,0,0,0,0,1
DF,BCU,46.510917,26.825556,2, ,0.0,0.0,1,4100,0,0,0,0,0,0
HM,BCU,46.510917,26.825556,2, ,0.0,0.0,350.0,04.3,0,0,0,1,210,0,0,0,0

APPTR,I34-Y,34,BCU
IF,BCU,46.510917,26.825556, ,0.0,0.0,2,4000,0,0,0,0,1,0
FD,BCU,46.510917,26.825556,0,BCU,0.0,11.7,125.0,11.7,0,0,0,1,205,0,0,0
CF,SETCU,46.347000,26.978667,2,IBC,157.8,11.7,338.0,1.0,2,3400,0,1,210,0,1,0

APPTR,I34-Y,34,DIRCO
IF,DIRCO,46.599444,27.254722, ,0.0,0.0,2,7000,0,0,0,0,1,0
TF,BCU,46.510917,26.825556,0, ,0.0,0.0,0.0,0.0,2,4000,0,0,0,0,0,0
HF,BCU,46.510917,26.825556,2, ,0.0,0.0,128.0,04.3,2,4000,0,1,210,0,0,0,0
FD,BCU,46.510917,26.825556,0,BCU,0.0,11.7,125.0,11.7,0,0,0,1,205,0,0,0
CF,SETCU,46.347000,26.978667,2,IBC,157.8,11.7,338.0,1.0,2,3400,0,1,210,0,1,0

APPTR,I34-Y,34,GUXVA
IF,GUXVA,46.746667,27.068611, ,0.0,0.0,2,5000,0,0,0,0,1,0
TF,BCU,46.510917,26.825556,0, ,0.0,0.0,0.0,0.0,2,4000,0,0,0,0,0,0
HF,BCU,46.510917,26.825556,2, ,0.0,0.0,128.0,04.3,2,4000,0,1,210,0,0,0,0
FD,BCU,46.510917,26.825556,0,BCU,0.0,11.7,125.0,11.7,0,0,0,1,205,0,0,0
CF,SETCU,46.347000,26.978667,2,IBC,157.8,11.7,338.0,1.0,2,3400,0,1,210,0,1,0

APPTR,I34-Y,34,KENUX
IF,KENUX,46.292222,26.767778, ,0.0,0.0,2,7000,0,0,0,0,1,0
TF,D183L,46.319167,26.774861,0, ,0.0,0.0,0.0,0.0,0,0,0,0,0,0,0,0
AF,D158L,46.322611,26.898389,1,BCU,158.0,11.7,183.0,2,4500,0,0,0,0,0,0
AF,D150L,46.331425,26.935511,1,BCU,150.0,11.7,158.0,2,3400,0,0,0,0,0,0
CI,0,IBC,0.0,8.0,0,0,0,0,0,0,0,0

APPTR,I34-Y,34,REDKU
IF,REDKU,46.506667,26.548889, ,0.0,0.0,2,8000,0,0,0,0,1,0
TF,BCU,46.510917,26.825556,0, ,0.0,0.0,0.0,0.0,2,4000,0,0,0,0,0,0
HF,BCU,46.510917,26.825556,2, ,0.0,0.0,128.0,04.3,2,4000,0,1,210,0,0,0,0
FD,BCU,46.510917,26.825556,0,BCU,0.0,11.7,125.0,11.7,0,0,0,1,205,0,0,0
CF,SETCU,46.347000,26.978667,2,IBC,157.8,11.7,338.0,1.0,2,3400,0,1,210,0,1,0

APPTR,I34-Y,34,SALAC
IF,SALAC,46.740833,26.735278, ,0.0,0.0,2,5000,0,0,0,0,1,0
TF,BCU,46.510917,26.825556,0, ,0.0,0.0,0.0,0.0,2,4000,0,0,0,0,0,0
FD,BCU,46.510917,26.825556,0,BCU,0.0,11.7,125.0,11.7,0,0,0,1,205,0,0,0
CF,SETCU,46.347000,26.978667,2,IBC,157.8,11.7,338.0,1.0,2,3400,0,1,210,0,1,0

APPTR,I34-Y,34,TULNU
IF,TULNU,46.280556,27.004444, ,0.0,0.0,2,5000,0,0,0,0,1,0
TF,SETCU,46.347000,26.978667,0,IBC,0.0,0.0,0.0,0.0,2,3400,0,1,210,0,1,0

FINAL,I34-Y,34,I,3
IF,SETCU,46.347000,26.978667,IBC,157.8,11.7,2,3400,0,1,210,0,0,0
CF,FF34,46.426861,26.947444,0,IBC,157.8,6.8,338.0,5.0,1,2300,0,0,0,0,2,0
CF,RW34,46.511053,26.914442,0,IBC,157.9,1.5,338.0,5.2,1,644,0,0,0,0,3,0
TF,D158J,46.674472,26.850083,0, ,0.0,0.0,0.0,0.0,0,0,0,0,0,0,0,1
DF,BCU,46.510917,26.825556,1, ,0.0,0.0,0,0,0,1,205,0,0,0
TF,KENUX,46.292222,26.767778,0, ,0.0,0.0,0.0,0.0,1,7000,0,0,0,0,0,0
HM,KENUX,46.292222,26.767778,1, ,0.0,0.0,3.0,05.2,2,7000,0,1,220,0,0,0,0

APPTR,I34-Z,34,BCU
IF,BCU,46.510917,26.825556, ,0.0,0.0,2,4000,0,0,0,0,1,0
FD,BCU,46.510917,26.825556,0,BCU,0.0,11.7,132.0,11.7,0,0,0,0,0,0,0,0
CF,SETCU,46.347000,26.978667,2,IBC,157.8,11.7,338.0,1.0,2,3400,0,0,0,0,1,0

APPTR,I34-Z,34,DIRCO
IF,DIRCO,46.599444,27.254722, ,0.0,0.0,2,7000,0,0,0,0,1,0
TF,BCU,46.510917,26.825556,0, ,0.0,0.0,0.0,0.0,2,4000,0,0,0,0,0,0
HF,BCU,46.510917,26.825556,2, ,0.0,0.0,128.0,04.3,2,4000,0,1,210,0,0,0,0
FD,BCU,46.510917,26.825556,0,BCU,0.0,11.7,132.0,11.7,0,0,0,0,0,0,0,0
CF,SETCU,46.347000,26.978667,2,IBC,157.8,11.7,338.0,1.0,2,3400,0,0,0,0,1,0

APPTR,I34-Z,34,GUXVA
IF,GUXVA,46.746667,27.068611, ,0.0,0.0,2,5000,0,0,0,0,1,0
TF,BCU,46.510917,26.825556,0, ,0.0,0.0,0.0,0.0,2,4000,0,0,0,0,0,0
HF,BCU,46.510917,26.825556,2, ,0.0,0.0,128.0,04.3,2,4000,0,1,210,0,0,0,0
FD,BCU,46.510917,26.825556,0,BCU,0.0,11.7,132.0,11.7,0,0,0,0,0,0,0,0
CF,SETCU,46.347000,26.978667,2,IBC,157.8,11.7,338.0,1.0,2,3400,0,0,0,0,1,0

APPTR,I34-Z,34,KENUX
IF,KENUX,46.292222,26.767778, ,0.0,0.0,2,7000,0,0,0,0,1,0
TF,D183L,46.319167,26.774861,0, ,0.0,0.0,0.0,0.0,0,0,0,0,0,0,0,0
AF,D158L,46.322611,26.898389,1,BCU,158.0,11.7,183.0,2,4500,0,0,0,0,0,0
AF,D150L,46.331425,26.935511,1,BCU,150.0,11.7,158.0,2,3400,0,0,0,0,0,0
CI,0,IBC,0.0,8.0,0,0,0,0,0,0,0,0

APPTR,I34-Z,34,REDKU
IF,REDKU,46.506667,26.548889, ,0.0,0.0,2,8000,0,0,0,0,1,0
TF,BCU,46.510917,26.825556,0, ,0.0,0.0,0.0,0.0,2,4000,0,0,0,0,0,0
HF,BCU,46.510917,26.825556,2, ,0.0,0.0,128.0,04.3,2,4000,0,1,210,0,0,0,0
FD,BCU,46.510917,26.825556,0,BCU,0.0,11.7,132.0,11.7,0,0,0,0,0,0,0,0
CF,SETCU,46.347000,26.978667,2,IBC,157.8,11.7,338.0,1.0,2,3400,0,0,0,0,1,0

APPTR,I34-Z,34,SALAC
IF,SALAC,46.740833,26.735278, ,0.0,0.0,2,5000,0,0,0,0,1,0
TF,BCU,46.510917,26.825556,0, ,0.0,0.0,0.0,0.0,2,4000,0,0,0,0,0,0
FD,BCU,46.510917,26.825556,0,BCU,0.0,11.7,132.0,11.7,0,0,0,0,0,0,0,0
CF,SETCU,46.347000,26.978667,2,IBC,157.8,11.7,338.0,1.0,2,3400,0,0,0,0,1,0

APPTR,I34-Z,34,TULNU
IF,TULNU,46.280556,27.004444, ,0.0,0.0,2,5000,0,0,0,0,1,0
TF,SETCU,46.347000,26.978667,0,IBC,0.0,0.0,0.0,0.0,2,3400,0,0,0,0,1,0

FINAL,I34-Z,34,I,3
IF,SETCU,46.347000,26.978667,IBC,157.8,11.7,2,3400,0,0,0,0,0,0
CF,FF34,46.426861,26.947444,0,IBC,157.8,6.8,338.0,5.0,1,2300,0,0,0,0,2,0
CF,RW34,46.511053,26.914442,0,IBC,157.9,1.5,338.0,5.2,1,644,0,0,0,0,3,0
TF,D158J,46.674472,26.850083,0, ,0.0,0.0,0.0,0.0,0,0,0,0,0,0,0,1
DF,BCU,46.510917,26.825556,1, ,0.0,0.0,0,0,0,0,0,0,0,0
TF,KENUX,46.292222,26.767778,0, ,0.0,0.0,0.0,0.0,1,7000,0,0,0,0,0,0
HM,KENUX,46.292222,26.767778,1, ,0.0,0.0,3.0,05.2,2,7000,0,1,220,0,0,0,0

APPTR,Q16-Y,16,BCU
IF,BCU,46.510917,26.825556, ,0.0,0.0,2,4100,0,0,0,0,1,0
FD,BCU,46.510917,26.825556,0,BCU,0.0,11.0,14.0,11.0,0,0,0,1,205,0,0,0
CF,CANJE,46.693861,26.842389,1,BCU,356.6,11.0,158.0,1.0,2,3100,0,1,210,0,1,0

APPTR,Q16-Y,16,DIRCO
IF,DIRCO,46.599444,27.254722, ,0.0,0.0,2,7000,0,0,0,0,1,0
TF,BCU,46.510917,26.825556,0, ,0.0,0.0,0.0,0.0,2,4100,0,0,0,0,0,0
HF,BCU,46.510917,26.825556,1, ,0.0,0.0,354.0,04.3,2,4100,0,1,210,0,0,0,0
FD,BCU,46.510917,26.825556,0,BCU,0.0,11.0,14.0,11.0,0,0,0,1,205,0,0,0
CF,CANJE,46.693861,26.842389,1,BCU,356.6,11.0,158.0,1.0,2,3100,0,1,210,0,1,0

APPTR,Q16-Y,16,GUXVA
IF,GUXVA,46.746667,27.068611, ,0.0,0.0,2,5000,0,0,0,0,1,0
TF,BCU,46.510917,26.825556,0, ,0.0,0.0,0.0,0.0,2,4100,0,0,0,0,0,0
HF,BCU,46.510917,26.825556,1, ,0.0,0.0,354.0,04.3,2,4100,0,1,210,0,0,0,0
FD,BCU,46.510917,26.825556,0,BCU,0.0,11.0,14.0,11.0,0,0,0,1,205,0,0,0
CF,CANJE,46.693861,26.842389,1,BCU,356.6,11.0,158.0,1.0,2,3100,0,1,210,0,1,0

APPTR,Q16-Y,16,KENUX
IF,KENUX,46.292222,26.767778, ,0.0,0.0,2,7000,0,0,0,0,1,0
TF,BCU,46.510917,26.825556,0, ,0.0,0.0,0.0,0.0,2,4100,0,0,0,0,0,0
FD,BCU,46.510917,26.825556,0,BCU,0.0,11.0,14.0,11.0,0,0,0,1,205,0,0,0
CF,CANJE,46.693861,26.842389,1,BCU,356.6,11.0,158.0,1.0,2,3100,0,1,210,0,1,0

APPTR,Q16-Y,16,REDKU
IF,REDKU,46.506667,26.548889, ,0.0,0.0,2,8000,0,0,0,0,1,0
TF,BCU,46.510917,26.825556,0, ,0.0,0.0,0.0,0.0,2,4100,0,0,0,0,0,0
HF,BCU,46.510917,26.825556,1, ,0.0,0.0,354.0,04.3,2,4100,0,1,210,0,0,0,0
FD,BCU,46.510917,26.825556,0,BCU,0.0,11.0,14.0,11.0,0,0,0,1,205,0,0,0
CF,CANJE,46.693861,26.842389,1,BCU,356.6,11.0,158.0,1.0,2,3100,0,1,210,0,1,0

APPTR,Q16-Y,16,SALAC
IF,SALAC,46.740833,26.735278, ,0.0,0.0,2,5000,0,0,0,0,1,0
TF,CANJE,46.693861,26.842389,0, ,0.0,0.0,0.0,0.0,2,3100,0,1,210,0,1,0

APPTR,Q16-Y,16,TULNU
IF,TULNU,46.280556,27.004444, ,0.0,0.0,2,5000,0,0,0,0,1,0
TF,D145K,46.353917,26.947667,0, ,0.0,0.0,0.0,0.0,0,0,0,0,0,0,0,0
TF,D164F,46.412194,26.848167,0, ,0.0,0.0,0.0,0.0,0,0,0,0,0,0,0,0
TF,BCU,46.510917,26.825556,0, ,0.0,0.0,0.0,0.0,2,4100,0,0,0,0,0,0
FD,BCU,46.510917,26.825556,0,BCU,0.0,11.0,14.0,11.0,0,0,0,1,205,0,0,0
CF,CANJE,46.693861,26.842389,1,BCU,356.6,11.0,158.0,1.0,2,3100,0,1,210,0,1,0

FINAL,Q16-Y,16,N,4
IF,CANJE,46.693861,26.842389,B,0.0,0.0,2,3100,0,1,210,0,0,0
CF,FQ16,46.615667,26.873806,0,B,0.0,0.0,158.0,4.9,2,2300,0,0,0,0,2,0
CF,46NDB,46.575444,26.889472,0,B,0.0,0.0,158.0,2.5,2,1500,0,0,0,0,0,0
CF,RW16,46.532758,26.905914,0,BAC,0.0,1.9,158.0,2.7,1,662,0,0,0,0,3,0
TF,B,46.501444,26.918222,0, ,0.0,0.0,0.0,0.0,0,0,0,0,0,0,0,0
TF,D338H,46.367833,26.969917,0, ,0.0,0.0,0.0,0.0,0,0,0,0,0,0,0,1
DF,BCU,46.510917,26.825556,2, ,0.0,0.0,1,4100,0,1,210,0,0,0
HM,BCU,46.510917,26.825556,1, ,0.0,0.0,354.0,04.3,2,4100,0,1,210,0,0,0,0

APPTR,Q16-Z,16,BCU
IF,BCU,46.510917,26.825556, ,0.0,0.0,2,4100,0,0,0,0,1,0
FD,BCU,46.510917,26.825556,0,BCU,0.0,11.0,6.0,11.0,0,0,0,0,0,0,0,0
CF,CANJE,46.693861,26.842389,1,BCU,356.6,11.0,158.0,1.0,2,3100,0,0,0,0,1,0

APPTR,Q16-Z,16,DIRCO
IF,DIRCO,46.599444,27.254722, ,0.0,0.0,2,7000,0,0,0,0,1,0
TF,BCU,46.510917,26.825556,0, ,0.0,0.0,0.0,0.0,2,4100,0,0,0,0,0,0
HF,BCU,46.510917,26.825556,1, ,0.0,0.0,354.0,04.3,2,4100,0,1,210,0,0,0,0
FD,BCU,46.510917,26.825556,0,BCU,0.0,11.0,6.0,11.0,0,0,0,0,0,0,0,0
CF,CANJE,46.693861,26.842389,1,BCU,356.6,11.0,158.0,1.0,2,3100,0,0,0,0,1,0

APPTR,Q16-Z,16,GUXVA
IF,GUXVA,46.746667,27.068611, ,0.0,0.0,2,5000,0,0,0,0,1,0
TF,BCU,46.510917,26.825556,0, ,0.0,0.0,0.0,0.0,2,4100,0,0,0,0,0,0
HF,BCU,46.510917,26.825556,1, ,0.0,0.0,354.0,04.3,2,4100,0,1,210,0,0,0,0
FD,BCU,46.510917,26.825556,0,BCU,0.0,11.0,6.0,11.0,0,0,0,0,0,0,0,0
CF,CANJE,46.693861,26.842389,1,BCU,356.6,11.0,158.0,1.0,2,3100,0,0,0,0,1,0

APPTR,Q16-Z,16,KENUX
IF,KENUX,46.292222,26.767778, ,0.0,0.0,2,7000,0,0,0,0,1,0
TF,BCU,46.510917,26.825556,0, ,0.0,0.0,0.0,0.0,2,4100,0,0,0,0,0,0
FD,BCU,46.510917,26.825556,0,BCU,0.0,11.0,6.0,11.0,0,0,0,0,0,0,0,0
CF,CANJE,46.693861,26.842389,1,BCU,356.6,11.0,158.0,1.0,2,3100,0,0,0,0,1,0

APPTR,Q16-Z,16,REDKU
IF,REDKU,46.506667,26.548889, ,0.0,0.0,2,8000,0,0,0,0,1,0
TF,BCU,46.510917,26.825556,0, ,0.0,0.0,0.0,0.0,2,4100,0,0,0,0,0,0
HF,BCU,46.510917,26.825556,1, ,0.0,0.0,354.0,04.3,2,4100,0,1,210,0,0,0,0
FD,BCU,46.510917,26.825556,0,BCU,0.0,11.0,6.0,11.0,0,0,0,0,0,0,0,0
CF,CANJE,46.693861,26.842389,1,BCU,356.6,11.0,158.0,1.0,2,3100,0,0,0,0,1,0

APPTR,Q16-Z,16,SALAC
IF,SALAC,46.740833,26.735278, ,0.0,0.0,2,5000,0,0,0,0,1,0
TF,CANJE,46.693861,26.842389,0, ,0.0,0.0,0.0,0.0,2,3100,0,0,0,0,1,0

APPTR,Q16-Z,16,TULNU
IF,TULNU,46.280556,27.004444, ,0.0,0.0,2,5000,0,0,0,0,1,0
TF,D145K,46.353917,26.947667,0, ,0.0,0.0,0.0,0.0,0,0,0,0,0,0,0,0
TF,D164F,46.412194,26.848167,0, ,0.0,0.0,0.0,0.0,0,0,0,0,0,0,0,0
TF,BCU,46.510917,26.825556,0, ,0.0,0.0,0.0,0.0,2,4100,0,0,0,0,0,0
FD,BCU,46.510917,26.825556,0,BCU,0.0,11.0,6.0,11.0,0,0,0,0,0,0,0,0
CF,CANJE,46.693861,26.842389,1,BCU,356.6,11.0,158.0,1.0,2,3100,0,0,0,0,1,0

FINAL,Q16-Z,16,N,4
IF,CANJE,46.693861,26.842389,B,0.0,0.0,2,3100,0,0,0,0,0,0
CF,FQ16,46.615667,26.873806,0,B,0.0,0.0,158.0,4.9,2,2300,0,0,0,0,2,0
CF,46NDB,46.575444,26.889472,0,B,0.0,0.0,158.0,2.5,2,1500,0,0,0,0,0,0
CF,RW16,46.532758,26.905914,0,BAC,0.0,1.9,158.0,2.7,1,662,0,0,0,0,3,0
TF,B,46.501444,26.918222,0, ,0.0,0.0,0.0,0.0,0,0,0,0,0,0,0,0
TF,D338H,46.367833,26.969917,0, ,0.0,0.0,0.0,0.0,0,0,0,0,0,0,0,1
DF,BCU,46.510917,26.825556,2, ,0.0,0.0,1,4100,0,0,0,0,0,0
HM,BCU,46.510917,26.825556,1, ,0.0,0.0,354.0,04.3,2,4100,0,1,210,0,0,0,0

APPTR,Q34-Y,34,BCU
IF,BCU,46.510917,26.825556, ,0.0,0.0,2,4000,0,0,0,0,1,0
FD,BCU,46.510917,26.825556,0,BCU,0.0,11.7,125.0,11.7,0,0,0,1,205,0,0,0
CF,SETCU,46.347000,26.978667,2,BCU,140.1,11.7,338.0,1.0,2,3400,0,1,210,0,1,0

APPTR,Q34-Y,34,DIRCO
IF,DIRCO,46.599444,27.254722, ,0.0,0.0,2,7000,0,0,0,0,1,0
TF,BCU,46.510917,26.825556,0, ,0.0,0.0,0.0,0.0,2,4000,0,0,0,0,0,0
HF,BCU,46.510917,26.825556,2, ,0.0,0.0,128.0,04.3,2,4000,0,1,210,0,0,0,0
FD,BCU,46.510917,26.825556,0,BCU,0.0,11.7,125.0,11.7,0,0,0,1,205,0,0,0
CF,SETCU,46.347000,26.978667,2,BCU,140.1,11.7,338.0,1.0,2,3400,0,1,210,0,1,0

APPTR,Q34-Y,34,GUXVA
IF,GUXVA,46.746667,27.068611, ,0.0,0.0,2,5000,0,0,0,0,1,0
TF,BCU,46.510917,26.825556,0, ,0.0,0.0,0.0,0.0,2,4000,0,0,0,0,0,0
HF,BCU,46.510917,26.825556,2, ,0.0,0.0,128.0,04.3,2,4000,0,1,210,0,0,0,0
FD,BCU,46.510917,26.825556,0,BCU,0.0,11.7,125.0,11.7,0,0,0,1,205,0,0,0
CF,SETCU,46.347000,26.978667,2,BCU,140.1,11.7,338.0,1.0,2,3400,0,1,210,0,1,0

APPTR,Q34-Y,34,KENUX
IF,KENUX,46.292222,26.767778, ,0.0,0.0,2,7000,0,0,0,0,1,0
TF,D183L,46.319167,26.774861,0, ,0.0,0.0,0.0,0.0,0,0,0,0,0,0,0,0
AF,D158L,46.322611,26.898389,1,BCU,158.0,11.7,183.0,2,4500,0,0,0,0,0,0
AF,SETCU,46.347000,26.978667,1,BCU,140.1,11.7,158.0,2,3400,0,1,210,0,1,0

APPTR,Q34-Y,34,REDKU
IF,REDKU,46.506667,26.548889, ,0.0,0.0,2,8000,0,0,0,0,1,0
TF,BCU,46.510917,26.825556,0, ,0.0,0.0,0.0,0.0,2,4000,0,0,0,0,0,0
HF,BCU,46.510917,26.825556,2, ,0.0,0.0,128.0,04.3,2,4000,0,1,210,0,0,0,0
FD,BCU,46.510917,26.825556,0,BCU,0.0,11.7,125.0,11.7,0,0,0,1,205,0,0,0
CF,SETCU,46.347000,26.978667,2,BCU,140.1,11.7,338.0,1.0,2,3400,0,1,210,0,1,0

APPTR,Q34-Y,34,SALAC
IF,SALAC,46.740833,26.735278, ,0.0,0.0,2,5000,0,0,0,0,1,0
TF,BCU,46.510917,26.825556,0, ,0.0,0.0,0.0,0.0,2,4000,0,0,0,0,0,0
FD,BCU,46.510917,26.825556,0,BCU,0.0,11.7,125.0,11.7,0,0,0,1,205,0,0,0
CF,SETCU,46.347000,26.978667,2,BCU,140.1,11.7,338.0,1.0,2,3400,0,1,210,0,1,0

APPTR,Q34-Y,34,TULNU
IF,TULNU,46.280556,27.004444, ,0.0,0.0,2,5000,0,0,0,0,1,0
TF,SETCU,46.347000,26.978667,0, ,0.0,0.0,0.0,0.0,2,3400,0,1,210,0,1,0

FINAL,Q34-Y,34,N,3
IF,SETCU,46.347000,26.978667,B,0.0,0.0,2,3400,0,1,210,0,0,0
CF,FQ34,46.427389,26.946917,0,B,0.0,0.0,338.0,5.0,2,2300,0,0,0,0,2,0
CF,B,46.501444,26.918222,0,BAC,0.0,0.0,338.0,4.6,1,835,0,0,0,0,3,0
TF,D158K,46.673583,26.851194,0, ,0.0,0.0,0.0,0.0,0,0,0,0,0,0,0,1
DF,BCU,46.510917,26.825556,1, ,0.0,0.0,0,0,0,1,205,0,0,0
TF,KENUX,46.292222,26.767778,0, ,0.0,0.0,0.0,0.0,1,7000,0,0,0,0,0,0
HM,KENUX,46.292222,26.767778,1, ,0.0,0.0,3.0,05.2,2,7000,0,1,220,0,0,0,0

APPTR,Q34-Z,34,BCU
IF,BCU,46.510917,26.825556, ,0.0,0.0,2,4000,0,0,0,0,1,0
FD,BCU,46.510917,26.825556,0,BCU,0.0,11.7,132.0,11.7,0,0,0,0,0,0,0,0
CF,SETCU,46.347000,26.978667,2,BCU,140.1,11.7,338.0,1.0,2,3400,0,1,210,0,1,0

APPTR,Q34-Z,34,DIRCO
IF,DIRCO,46.599444,27.254722, ,0.0,0.0,2,7000,0,0,0,0,1,0
TF,BCU,46.510917,26.825556,0, ,0.0,0.0,0.0,0.0,2,4000,0,0,0,0,0,0
HF,BCU,46.510917,26.825556,2, ,0.0,0.0,128.0,04.3,2,4000,0,1,210,0,0,0,0
FD,BCU,46.510917,26.825556,0,BCU,0.0,11.7,132.0,11.7,0,0,0,0,0,0,0,0
CF,SETCU,46.347000,26.978667,2,BCU,140.1,11.7,338.0,1.0,2,3400,0,1,210,0,1,0

APPTR,Q34-Z,34,GUXVA
IF,GUXVA,46.746667,27.068611, ,0.0,0.0,2,5000,0,0,0,0,1,0
TF,BCU,46.510917,26.825556,0, ,0.0,0.0,0.0,0.0,2,4000,0,0,0,0,0,0
HF,BCU,46.510917,26.825556,2, ,0.0,0.0,128.0,04.3,2,4000,0,1,210,0,0,0,0
FD,BCU,46.510917,26.825556,0,BCU,0.0,11.7,132.0,11.7,0,0,0,0,0,0,0,0
CF,SETCU,46.347000,26.978667,2,BCU,140.1,11.7,338.0,1.0,2,3400,0,1,210,0,1,0

APPTR,Q34-Z,34,KENUX
IF,KENUX,46.292222,26.767778, ,0.0,0.0,2,7000,0,0,0,0,1,0
TF,D183L,46.319167,26.774861,0, ,0.0,0.0,0.0,0.0,0,0,0,0,0,0,0,0
AF,D158L,46.322611,26.898389,1,BCU,158.0,11.7,183.0,2,4500,0,0,0,0,0,0
AF,SETCU,46.347000,26.978667,1,BCU,140.1,11.7,158.0,2,3400,0,1,210,0,1,0

APPTR,Q34-Z,34,REDKU
IF,REDKU,46.506667,26.548889, ,0.0,0.0,2,8000,0,0,0,0,1,0
TF,BCU,46.510917,26.825556,0, ,0.0,0.0,0.0,0.0,2,4000,0,0,0,0,0,0
HF,BCU,46.510917,26.825556,2, ,0.0,0.0,128.0,04.3,2,4000,0,1,210,0,0,0,0
FD,BCU,46.510917,26.825556,0,BCU,0.0,11.7,132.0,11.7,0,0,0,0,0,0,0,0
CF,SETCU,46.347000,26.978667,2,BCU,140.1,11.7,338.0,1.0,2,3400,0,1,210,0,1,0

APPTR,Q34-Z,34,SALAC
IF,SALAC,46.740833,26.735278, ,0.0,0.0,2,5000,0,0,0,0,1,0
TF,BCU,46.510917,26.825556,0, ,0.0,0.0,0.0,0.0,2,4000,0,0,0,0,0,0
FD,BCU,46.510917,26.825556,0,BCU,0.0,11.7,132.0,11.7,0,0,0,0,0,0,0,0
CF,SETCU,46.347000,26.978667,2,BCU,140.1,11.7,338.0,1.0,2,3400,0,1,210,0,1,0

APPTR,Q34-Z,34,TULNU
IF,TULNU,46.280556,27.004444, ,0.0,0.0,2,5000,0,0,0,0,1,0
TF,SETCU,46.347000,26.978667,0, ,0.0,0.0,0.0,0.0,2,3400,0,1,210,0,1,0

FINAL,Q34-Z,34,N,3
IF,SETCU,46.347000,26.978667,B,0.0,0.0,2,3400,0,1,210,0,0,0
CF,FQ34,46.427389,26.946917,0,B,0.0,0.0,338.0,5.0,2,2300,0,0,0,0,2,0
CF,B,46.501444,26.918222,0,BAC,0.0,0.0,338.0,4.6,1,835,0,0,0,0,3,0
TF,D158K,46.673583,26.851194,0, ,0.0,0.0,0.0,0.0,0,0,0,0,0,0,0,1
DF,BCU,46.510917,26.825556,1, ,0.0,0.0,0,0,0,0,0,0,0,0
TF,KENUX,46.292222,26.767778,0, ,0.0,0.0,0.0,0.0,1,7000,0,0,0,0,0,0
HM,KENUX,46.292222,26.767778,1, ,0.0,0.0,3.0,05.2,2,7000,0,1,220,0,0,0,0

APPTR,R16,16,BC400
IF,BC400,46.513222,26.763111, ,0.0,0.0,2,4000,0,0,0,0,1,0
TF,BC412,46.667556,26.702278,0, ,0.0,0.0,0.0,0.0,2,4000,0,0,0,0,0,0
TF,CANJE,46.693861,26.842389,0, ,0.0,0.0,0.0,0.0,2,2900,0,1,210,0,1,0

APPTR,R16,16,DIRCO
IF,DIRCO,46.599444,27.254722, ,0.0,0.0,2,7000,0,0,0,0,1,0
TF,BC416,46.663056,27.089472,0, ,0.0,0.0,0.0,0.0,2,5000,0,0,0,0,0,0
TF,BC414,46.718056,26.945528,0, ,0.0,0.0,0.0,0.0,2,2900,0,0,0,0,0,0
TF,CANJE,46.693861,26.842389,0, ,0.0,0.0,0.0,0.0,2,2900,0,1,210,0,1,0

APPTR,R16,16,GUXVA
IF,GUXVA,46.746667,27.068611, ,0.0,0.0,2,5000,0,0,0,0,1,0
TF,BC414,46.718056,26.945528,0, ,0.0,0.0,0.0,0.0,2,2900,0,0,0,0,0,0
TF,CANJE,46.693861,26.842389,0, ,0.0,0.0,0.0,0.0,2,2900,0,1,210,0,1,0

APPTR,R16,16,KENUX
IF,KENUX,46.292222,26.767778, ,0.0,0.0,2,7000,0,0,0,0,1,0
TF,BC400,46.513222,26.763111,0, ,0.0,0.0,0.0,0.0,2,4000,0,0,0,0,0,0
TF,BC412,46.667556,26.702278,0, ,0.0,0.0,0.0,0.0,2,4000,0,0,0,0,0,0
TF,CANJE,46.693861,26.842389,0, ,0.0,0.0,0.0,0.0,2,2900,0,1,210,0,1,0

APPTR,R16,16,REDKU
IF,REDKU,46.506667,26.548889, ,0.0,0.0,2,9000,0,0,0,0,1,0
TF,BC412,46.667556,26.702278,0, ,0.0,0.0,0.0,0.0,2,4000,0,0,0,0,0,0
TF,CANJE,46.693861,26.842389,0, ,0.0,0.0,0.0,0.0,2,2900,0,1,210,0,1,0

APPTR,R16,16,SALAC
IF,SALAC,46.740833,26.735278, ,0.0,0.0,2,5000,0,1,230,0,1,0
TF,CANJE,46.693861,26.842389,0, ,0.0,0.0,0.0,0.0,2,2900,0,1,210,0,1,0

APPTR,R16,16,TULNU
IF,TULNU,46.280556,27.004444, ,0.0,0.0,2,5000,0,0,0,0,1,0
TF,BC400,46.513222,26.763111,0, ,0.0,0.0,0.0,0.0,2,4000,0,0,0,0,0,0
TF,BC412,46.667556,26.702278,0, ,0.0,0.0,0.0,0.0,2,4000,0,0,0,0,0,0
TF,CANJE,46.693861,26.842389,0, ,0.0,0.0,0.0,0.0,2,2900,0,1,210,0,1,0

FINAL,R16,16,R,3
IF,CANJE,46.693861,26.842389, ,0.0,0.0,2,2900,0,1,210,0,0,0
TF,BC408,46.615472,26.873333,0, ,0.0,0.0,158.0,4.9,1,2300,0,0,0,0,2,0
TF,RW16,46.532758,26.905914,0, ,0.0,0.0,158.0,5.2,1,662,0,0,0,0,3,1
TF,BC491,46.360694,26.973333,0, ,0.0,0.0,0.0,0.0,0,0,0,0,0,0,0,1
DF,BC400,46.513222,26.763111,2, ,0.0,0.0,2,4000,0,1,200,0,0,0
HM,BC400,46.513222,26.763111,2, ,0.0,0.0,323.0,04.3,2,4000,0,1,220,0,0,0,0

APPTR,R34,34,DIRCO
IF,DIRCO,46.599444,27.254722, ,0.0,0.0,2,7000,0,0,0,0,1,0
TF,BC512,46.373056,27.118083,0, ,0.0,0.0,0.0,0.0,2,5000,0,0,0,0,0,0
TF,SETCU,46.347000,26.978667,0, ,0.0,0.0,0.0,0.0,2,3200,0,1,200,0,1,0

APPTR,R34,34,GUXVA
IF,GUXVA,46.746667,27.068611, ,0.0,0.0,2,5000,0,0,0,0,1,0
TF,BC512,46.373056,27.118083,0, ,0.0,0.0,0.0,0.0,2,5000,0,0,0,0,0,0
TF,SETCU,46.347000,26.978667,0, ,0.0,0.0,0.0,0.0,2,3200,0,1,200,0,1,0

APPTR,R34,34,KENUX
IF,KENUX,46.292222,26.767778, ,0.0,0.0,2,7000,0,0,0,0,1,0
TF,BC513,46.333917,26.909028,0, ,0.0,0.0,0.0,0.0,2,4500,0,1,200,0,0,0
TF,SETCU,46.347000,26.978667,0, ,0.0,0.0,0.0,0.0,2,3200,0,1,200,0,1,0

APPTR,R34,34,REDKU
IF,REDKU,46.506667,26.548889, ,0.0,0.0,2,9000,0,0,0,0,1,0
TF,BC500,46.505722,26.766972,0, ,0.0,0.0,0.0,0.0,2,5000,0,0,0,0,0,0
TF,BC514,46.320806,26.839417,0, ,0.0,0.0,0.0,0.0,2,5000,0,1,200,0,0,0
TF,BC513,46.333917,26.909028,0, ,0.0,0.0,0.0,0.0,2,4500,0,1,200,0,0,0
TF,SETCU,46.347000,26.978667,0, ,0.0,0.0,0.0,0.0,2,3200,0,1,200,0,1,0

APPTR,R34,34,SALAC
IF,SALAC,46.740833,26.735278, ,0.0,0.0,2,5000,0,0,0,0,1,0
TF,BC500,46.505722,26.766972,0, ,0.0,0.0,0.0,0.0,2,5000,0,0,0,0,0,0
TF,BC514,46.320806,26.839417,0, ,0.0,0.0,0.0,0.0,2,5000,0,1,200,0,0,0
TF,BC513,46.333917,26.909028,0, ,0.0,0.0,0.0,0.0,2,4500,0,1,200,0,0,0
TF,SETCU,46.347000,26.978667,0, ,0.0,0.0,0.0,0.0,2,3200,0,1,200,0,1,0

APPTR,R34,34,TULNU
IF,TULNU,46.280556,27.004444, ,0.0,0.0,2,5000,0,0,0,0,1,0
TF,SETCU,46.347000,26.978667,0, ,0.0,0.0,0.0,0.0,2,3200,0,1,200,0,1,0

FINAL,R34,34,R,3
IF,SETCU,46.347000,26.978667, ,0.0,0.0,2,3200,0,1,200,0,0,0
TF,BC508,46.427417,26.947250,0, ,0.0,0.0,338.0,5.0,1,2300,0,0,0,0,2,0
TF,RW34,46.511053,26.914442,0, ,0.0,0.0,338.0,5.2,1,644,0,0,0,0,3,1
TF,BC591,46.673444,26.850472,0, ,0.0,0.0,0.0,0.0,0,0,0,0,0,0,0,1
DF,KENUX,46.292222,26.767778,1, ,0.0,0.0,2,7000,0,1,210,0,0,0
HM,KENUX,46.292222,26.767778,2, ,0.0,0.0,60.0,04.3,2,7000,0,1,220,0,0,0,0

