SID,JIBO1A,01,2
CD, ,0,0,0,SAT,0,0.0,7.0,3.0,0,0,0,0,0,0,0,0
CI,2, ,0.0,200.0,0,0,0,1,230,0,0,0
CF,JIBOU,47.491389,23.125000,0,SAT,140.4,17.0,141.0,14.0,2,6000,0,0,0,0,0,0

SID,JIBO1B,19,2
CD, ,0,0,0,SAT,0,0.0,187.0,5.1,0,0,0,0,0,0,0,0
CI,1, ,0.0,96.0,0,0,0,0,0,0,0,0
CF,JIBOU,47.491389,23.125000,0,SAT,140.4,17.0,141.0,8.0,2,6000,0,0,0,0,0,0

SID,KARI1A,01,2
CD, ,0,0,0,SAT,0,0.0,7.0,3.0,0,0,0,0,0,0,0,0
CI,1, ,0.0,227.0,0,0,0,1,210,0,0,0
CF,KARIL,47.793889,22.442222,0,SAT,276.5,18.7,276.0,12.0,2,10000,0,0,0,0,0,0

SID,KARI1B,19,2
CD, ,0,0,0,SAT,0,0.0,187.0,5.1,0,0,0,0,0,0,0,0
CI,2, ,0.0,341.0,0,0,0,1,270,0,0,0
CF,KARIL,47.793889,22.442222,0,SAT,276.5,18.7,276.0,12.0,2,10000,0,0,0,0,0,0

SID,SOME1A,01,2
CD, ,0,0,0,SAT,0,0.0,7.0,3.0,0,0,0,0,0,0,0,0
CI,2, ,0.0,152.0,0,0,0,1,230,0,0,0
CF,SOMET,47.694444,23.160833,0,SAT,94.3,11.0,95.0,5.0,2,6000,0,0,0,0,0,0

SID,SOME1B,19,2
CD, ,0,0,0,SAT,0,0.0,187.0,5.1,0,0,0,0,0,0,0,0
CI,1, ,0.0,30.0,0,0,0,1,210,0,0,0
CF,SOMET,47.694444,23.160833,0,SAT,94.3,11.0,95.0,5.0,2,6000,0,0,0,0,0,0

SID,TISA1A,01,2
CD, ,0,0,0,SAT,0,0.0,7.0,3.0,0,0,0,0,0,0,0,0
CI,1, ,0.0,166.0,0,0,0,1,210,0,0,0
CF,TISAD,47.533056,22.589444,0,SAT,220.8,17.0,221.0,14.0,2,6000,0,0,0,0,0,0

SID,TISA1B,19,2
CD, ,0,0,0,SAT,0,0.0,187.0,5.1,0,0,0,0,0,0,0,0
CI,0, ,0.0,265.0,0,0,0,0,0,0,0,0
CF,TISAD,47.533056,22.589444,0,SAT,220.8,17.0,221.0,8.0,2,6000,0,0,0,0,0,0

APPTR,D01,01,JIBOU
IF,JIBOU,47.491389,23.125000, ,0.0,0.0,2,6000,0,0,0,0,1,0
FD,JIBOU,47.491389,23.125000,0,SAT,140.4,14.3,321.0,14.3,0,0,0,0,0,0,0,0
CI,0, ,0.0,321.0,0,0,0,0,0,0,0,0
AF,PUBPE,47.527861,22.825500,2,SAT,187.1,12.3,141.0,2,3200,0,0,0,0,1,0

APPTR,D01,01,SOME1
IF,SOMET,47.694444,23.160833, ,0.0,0.0,2,6000,0,0,0,0,0,0
CF,SAT,47.727417,22.893861,0,SAT,0.0,0.0,275.0,11.0,2,3200,0,0,0,0,1,0
FD,SAT,47.727417,22.893861,1,SAT,0.0,10.3,141.0,10.3,0,0,0,0,0,0,0,0
CF,D141L,47.555467,23.058703,0,SAT,141.0,12.3,141.0,2.0,0,0,0,0,0,0,0,0
AF,PUBPE,47.527861,22.825500,2,SAT,187.1,12.3,141.0,2,3200,0,0,0,0,1,0

APPTR,D01,01,SOME2
IF,SOMET,47.694444,23.160833, ,0.0,0.0,2,6000,0,0,0,0,0,0
CF,SAT,47.727417,22.893861,0,SAT,0.0,0.0,275.0,11.0,2,3200,0,0,0,0,1,0
FD,SAT,47.727417,22.893861,0,SAT,0.0,10.3,220.0,10.3,0,0,0,0,0,0,0,0
CF,D220L,47.584883,22.676019,0,SAT,220.0,12.3,220.0,2.0,0,0,0,0,0,0,0,0
AF,PUBPE,47.527861,22.825500,1,SAT,187.1,12.3,220.0,2,3200,0,0,0,0,1,0

APPTR,D01,01,TISAD
IF,TISAD,47.533056,22.589444, ,0.0,0.0,2,6000,0,0,0,0,1,0
FD,TISAD,47.533056,22.589444,0,SAT,220.8,14.3,41.0,14.3,0,0,0,0,0,0,0,0
CI,0, ,0.0,41.0,0,0,0,0,0,0,0,0
AF,PUBPE,47.527861,22.825500,1,SAT,187.1,12.3,221.0,2,3200,0,0,0,0,1,0

FINAL,D01,01,D,4
IF,PUBPE,47.527861,22.825500,SAT,187.1,12.3,2,3200,0,0,0,0,0,0
CF,FF01,47.609028,22.853250,0,SAT,187.1,7.3,7.0,5.0,2,2100,0,0,0,0,2,0
CF,42VOR,47.660000,22.870694,0,SAT,187.1,4.2,7.0,3.1,2,1100,0,0,0,0,0,0
CF,RW01,47.692464,22.881844,0,SAT,187.1,2.2,7.0,2.0,1,464,0,0,0,0,3,0
FD,RW01,47.692464,22.881844,0,SAT,187.1,6.0,7.0,6.0,0,0,0,0,0,0,0,0
DF,SAT,47.727417,22.893861,2, ,0.0,0.0,2,2400,0,1,240,0,0,0
HM,SAT,47.727417,22.893861,1, ,0.0,0.0,221.0,04.3,2,2400,0,1,230,0,0,0,0

APPTR,D19-Y,19,JIBOU
IF,JIBOU,47.491389,23.125000, ,0.0,0.0,2,6000,0,0,0,0,0,0
CF,SAT,47.727417,22.893861,0,SAT,0.0,0.0,321.0,17.0,2,3100,0,0,0,0,1,0
FD,SAT,47.727417,22.893861,0,SAT,0.0,9.4,17.0,9.4,2,3000,0,1,140,0,0,0
CF,KEDZE,47.879083,22.946167,1,SAT,7.1,9.4,187.0,1.0,2,3000,0,0,0,0,1,0

APPTR,D19-Y,19,SOMET
IF,SOMET,47.694444,23.160833, ,0.0,0.0,2,6000,0,0,0,0,1,0
CI,0, ,0.0,275.0,0,0,0,0,0,0,0,0
AF,D017I,47.871508,22.984786,1,SAT,17.0,9.4,95.0,2,3000,0,1,140,0,0,0
AF,KEDZE,47.879083,22.946167,1,SAT,7.1,9.4,17.0,2,3000,0,0,0,0,1,0

APPTR,D19-Y,19,TISAD
IF,TISAD,47.533056,22.589444, ,0.0,0.0,2,6000,0,0,0,0,0,0
CF,SAT,47.727417,22.893861,0,SAT,0.0,0.0,41.0,17.0,2,3100,0,0,0,0,1,0
FD,SAT,47.727417,22.893861,0,SAT,0.0,9.4,17.0,9.4,2,3000,0,1,140,0,0,0
CF,KEDZE,47.879083,22.946167,1,SAT,7.1,9.4,187.0,1.0,2,3000,0,0,0,0,1,0

FINAL,D19-Y,19,D,4
IF,KEDZE,47.879083,22.946167,SAT,7.1,9.4,2,3000,0,0,0,0,0,0
CF,FF19,47.797944,22.918139,0,SAT,7.1,4.4,187.0,5.0,2,2100,0,0,0,0,2,0
CF,06VOR,47.736972,22.897139,0,SAT,7.0,0.6,187.0,3.8,2,900,0,0,0,0,0,0
CF,RW19,47.714367,22.889369,0,SAT,187.1,0.8,187.0,1.4,1,461,0,0,0,0,3,0
FD,RW19,47.714367,22.889369,0,SAT,187.1,9.0,187.0,9.0,0,0,0,0,0,0,0,0
DF,SAT,47.727417,22.893861,2, ,0.0,0.0,2,2800,0,0,0,0,0,0
HM,SAT,47.727417,22.893861,2, ,0.0,0.0,41.0,04.3,2,2800,0,1,230,0,0,0,0

APPTR,D19-Z,19,JIBOU
IF,JIBOU,47.491389,23.125000, ,0.0,0.0,2,6000,0,0,0,0,0,0
CF,SAT,47.727417,22.893861,0,SAT,0.0,0.0,321.0,17.0,2,3100,0,0,0,0,1,0
FD,SAT,47.727417,22.893861,0,SAT,0.0,9.4,27.0,9.4,2,3000,0,1,210,0,0,0
CF,KEDZE,47.879083,22.946167,1,SAT,7.1,9.4,187.0,1.0,2,3000,0,0,0,0,1,0

APPTR,D19-Z,19,SOMET
IF,SOMET,47.694444,23.160833, ,0.0,0.0,2,6000,0,0,0,0,1,0
CI,0, ,0.0,275.0,0,0,0,0,0,0,0,0
AF,D027I,47.858661,23.020569,1,SAT,27.0,9.4,95.0,2,3000,0,1,210,0,0,0
AF,KEDZE,47.879083,22.946167,1,SAT,7.1,9.4,27.0,2,3000,0,0,0,0,1,0

APPTR,D19-Z,19,TISAD
IF,TISAD,47.533056,22.589444, ,0.0,0.0,2,6000,0,0,0,0,0,0
CF,SAT,47.727417,22.893861,0,SAT,0.0,0.0,41.0,17.0,2,3100,0,0,0,0,1,0
FD,SAT,47.727417,22.893861,0,SAT,0.0,9.4,27.0,9.4,2,3000,0,1,210,0,0,0
CF,KEDZE,47.879083,22.946167,1,SAT,7.1,9.4,187.0,1.0,2,3000,0,0,0,0,1,0

FINAL,D19-Z,19,D,4
IF,KEDZE,47.879083,22.946167,SAT,7.1,9.4,2,3000,0,0,0,0,0,0
CF,FF19,47.797944,22.918139,0,SAT,7.1,4.4,187.0,5.0,1,2100,0,0,0,0,2,0
CF,06VOR,47.736972,22.897139,0,SAT,7.0,0.6,187.0,3.8,2,900,0,0,0,0,0,0
CF,RW19,47.714367,22.889369,0,SAT,187.1,0.8,187.0,1.4,1,461,0,0,0,0,3,0
FD,RW19,47.714367,22.889369,0,SAT,187.1,9.0,187.0,9.0,0,0,0,0,0,0,0,0
DF,SAT,47.727417,22.893861,2, ,0.0,0.0,2,2800,0,0,0,0,0,0
HM,SAT,47.727417,22.893861,2, ,0.0,0.0,41.0,04.3,2,2800,0,1,230,0,0,0,0

APPTR,I19-Y,19,JIBOU
IF,JIBOU,47.491389,23.125000, ,0.0,0.0,2,6000,0,0,0,0,0,0
CF,SAT,47.727417,22.893861,0,SAT,0.0,0.0,321.0,17.0,2,3100,0,0,0,0,1,0
FD,SAT,47.727417,22.893861,0,SAT,0.0,9.4,17.0,9.4,2,3000,0,1,140,0,0,0
CF,KEDZE,47.879083,22.946167,1,ISM,7.1,11.7,187.0,1.0,2,3000,0,0,0,0,1,0

APPTR,I19-Y,19,SOMET
IF,SOMET,47.694444,23.160833, ,0.0,0.0,2,6000,0,0,0,0,1,0
CI,0, ,0.0,275.0,0,0,0,0,0,0,0,0
AF,D017I,47.871508,22.984786,1,SAT,17.0,9.4,95.0,2,3000,0,1,140,0,0,0
CI,0,ISM,0.0,217.0,0,0,0,0,0,0,0,0

APPTR,I19-Y,19,TISAD
IF,TISAD,47.533056,22.589444, ,0.0,0.0,2,6000,0,0,0,0,0,0
CF,SAT,47.727417,22.893861,0,SAT,0.0,0.0,41.0,17.0,2,3100,0,0,0,0,1,0
FD,SAT,47.727417,22.893861,0,SAT,0.0,9.4,17.0,9.4,2,3000,0,1,140,0,0,0
CF,KEDZE,47.879083,22.946167,1,ISM,7.1,11.7,187.0,1.0,2,3000,0,0,0,0,1,0

FINAL,I19-Y,19,I,3
IF,KEDZE,47.879083,22.946167,ISM,7.1,11.7,2,3000,0,0,0,0,0,0
CF,FF19,47.797944,22.918139,0,ISM,7.1,6.7,187.0,5.0,1,2100,0,0,0,0,2,0
CF,RW19,47.714367,22.889369,0,ISM,7.1,1.5,187.0,5.2,1,461,0,0,0,0,3,0
FD,RW19,47.714367,22.889369,0,SAT,187.1,9.0,187.0,9.0,0,0,0,0,0,0,0,0
DF,SAT,47.727417,22.893861,2, ,0.0,0.0,2,2800,0,0,0,0,0,0
HM,SAT,47.727417,22.893861,2, ,0.0,0.0,41.0,04.3,2,2800,0,1,230,0,0,0,0

APPTR,I19-Z,19,JIBOU
IF,JIBOU,47.491389,23.125000, ,0.0,0.0,2,6000,0,0,0,0,0,0
CF,SAT,47.727417,22.893861,0,SAT,0.0,0.0,321.0,17.0,2,3100,0,0,0,0,1,0
FD,SAT,47.727417,22.893861,0,SAT,0.0,9.4,27.0,9.4,2,3000,0,1,210,0,0,0
CF,KEDZE,47.879083,22.946167,1,ISM,7.1,11.7,187.0,1.0,2,3000,0,0,0,0,1,0

APPTR,I19-Z,19,SOMET
IF,SOMET,47.694444,23.160833, ,0.0,0.0,2,6000,0,0,0,0,1,0
CI,0, ,0.0,275.0,0,0,0,0,0,0,0,0
AF,D027I,47.858661,23.020569,1,SAT,27.0,9.4,95.0,2,3000,0,1,210,0,0,0
AF,D017I,47.871508,22.984786,1,SAT,17.0,9.4,27.0,2,3000,0,0,0,0,0,0
CI,0,ISM,0.0,217.0,0,0,0,0,0,0,0,0

APPTR,I19-Z,19,TISAD
IF,TISAD,47.533056,22.589444, ,0.0,0.0,2,6000,0,0,0,0,0,0
CF,SAT,47.727417,22.893861,0,SAT,0.0,0.0,41.0,17.0,2,3100,0,0,0,0,1,0
FD,SAT,47.727417,22.893861,0,SAT,0.0,9.4,27.0,9.4,2,3000,0,1,210,0,0,0
CF,KEDZE,47.879083,22.946167,1,ISM,7.1,11.7,187.0,1.0,2,3000,0,0,0,0,1,0

FINAL,I19-Z,19,I,3
IF,KEDZE,47.879083,22.946167,ISM,7.1,11.7,2,3000,0,0,0,0,0,0
CF,FF19,47.797944,22.918139,0,ISM,7.1,6.7,187.0,5.0,1,2100,0,0,0,0,2,0
CF,RW19,47.714367,22.889369,0,ISM,7.1,1.5,187.0,5.2,1,461,0,0,0,0,3,0
FD,RW19,47.714367,22.889369,0,SAT,187.1,9.0,187.0,9.0,0,0,0,0,0,0,0,0
DF,SAT,47.727417,22.893861,2, ,0.0,0.0,2,2800,0,0,0,0,0,0
HM,SAT,47.727417,22.893861,2, ,0.0,0.0,41.0,04.3,2,2800,0,1,230,0,0,0,0

APPTR,R01,01,JIBOU
IF,JIBOU,47.491389,23.125000, ,0.0,0.0,2,6000,0,0,0,0,0,0
TF,SM403,47.509056,22.945306,0, ,0.0,0.0,0.0,0.0,2,5000,0,0,0,0,1,0
TF,PUBPE,47.527861,22.825500,0, ,0.0,0.0,0.0,0.0,2,3200,0,0,0,0,1,0

APPTR,R01,01,SAT
IF,SAT,47.727417,22.893861, ,0.0,0.0,2,6000,0,0,0,0,0,0
TF,SM405,47.627778,22.733028,0, ,0.0,0.0,0.0,0.0,2,5000,0,0,0,0,0,0
TF,SM404,47.546556,22.705639,0, ,0.0,0.0,0.0,0.0,2,5000,0,0,0,0,1,0
TF,PUBPE,47.527861,22.825500,0, ,0.0,0.0,0.0,0.0,2,3200,0,0,0,0,1,0

APPTR,R01,01,SOMET
IF,SOMET,47.694444,23.160833, ,0.0,0.0,2,6000,0,0,0,0,0,0
TF,SM403,47.509056,22.945306,0, ,0.0,0.0,0.0,0.0,2,5000,0,0,0,0,1,0
TF,PUBPE,47.527861,22.825500,0, ,0.0,0.0,0.0,0.0,2,3200,0,0,0,0,1,0

APPTR,R01,01,TISAD
IF,TISAD,47.533056,22.589444, ,0.0,0.0,2,6000,0,0,0,0,0,0
TF,SM404,47.546556,22.705639,0, ,0.0,0.0,0.0,0.0,2,5000,0,0,0,0,1,0
TF,PUBPE,47.527861,22.825500,0, ,0.0,0.0,0.0,0.0,2,3200,0,0,0,0,1,0

FINAL,R01,01,R,4
IF,PUBPE,47.527861,22.825500, ,0.0,0.0,2,3200,0,0,0,0,0,0
TF,SM402,47.609028,22.853250,0, ,0.0,0.0,7.0,5.0,1,2100,0,0,0,0,2,0
TF,SM401,47.660000,22.870694,0, ,0.0,0.0,7.0,3.1,2,1100,0,0,0,0,0,0
TF,RW01,47.692464,22.881844,0, ,0.0,0.0,7.0,2.0,1,464,0,0,0,0,3,1
TF,SM408,47.822278,22.926556,0, ,0.0,0.0,0.0,0.0,0,0,0,1,240,0,0,1
DF,SAT,47.727417,22.893861,2, ,0.0,0.0,4,6000,2400,0,0,0,0,0
HM,SAT,47.727417,22.893861,1, ,0.0,0.0,221.0,04.3,2,2400,0,1,230,0,0,0,0

APPTR,R19,19,JIBOU
IF,JIBOU,47.491389,23.125000, ,0.0,0.0,2,6000,0,0,0,0,0,0
TF,SM905,47.624194,23.010250,0, ,0.0,0.0,0.0,0.0,2,5000,0,0,0,0,0,0
TF,SM904,47.786194,23.032083,0, ,0.0,0.0,0.0,0.0,2,3000,0,0,0,0,1,0
TF,SM903,47.863917,23.042611,0, ,0.0,0.0,0.0,0.0,2,3000,0,1,210,0,0,0
TF,KEDZE,47.879083,22.946167,0, ,0.0,0.0,0.0,0.0,2,3000,0,1,210,0,1,0

APPTR,R19,19,SOMET
IF,SOMET,47.694444,23.160833, ,0.0,0.0,2,6000,0,0,0,0,0,0
TF,SM904,47.786194,23.032083,0, ,0.0,0.0,0.0,0.0,2,3000,0,0,0,0,1,0
TF,SM903,47.863917,23.042611,0, ,0.0,0.0,0.0,0.0,2,3000,0,1,210,0,0,0
TF,KEDZE,47.879083,22.946167,0, ,0.0,0.0,0.0,0.0,2,3000,0,1,210,0,1,0

APPTR,R19,19,TISAD
IF,TISAD,47.533056,22.589444, ,0.0,0.0,2,6000,0,0,0,0,0,0
TF,SAT,47.727417,22.893861,0, ,0.0,0.0,0.0,0.0,2,3000,0,0,0,0,0,0
TF,SM904,47.786194,23.032083,0, ,0.0,0.0,0.0,0.0,2,3000,0,0,0,0,1,0
TF,SM903,47.863917,23.042611,0, ,0.0,0.0,0.0,0.0,2,3000,0,1,210,0,0,0
TF,KEDZE,47.879083,22.946167,0, ,0.0,0.0,0.0,0.0,2,3000,0,1,210,0,1,0

FINAL,R19,19,R,4
IF,KEDZE,47.879083,22.946167, ,0.0,0.0,2,3000,0,1,210,0,0,0
TF,SM902,47.797944,22.918139,0, ,0.0,0.0,187.0,5.0,1,2100,0,0,0,0,2,0
TF,SM901,47.733194,22.895833,0, ,0.0,0.0,187.0,4.0,2,830,0,0,0,0,0,0
TF,RW19,47.714367,22.889369,0, ,0.0,0.0,187.0,1.2,1,461,0,0,0,0,3,1
TF,SM995,47.581278,22.843750,0, ,0.0,0.0,0.0,0.0,0,0,0,0,0,0,0,1
DF,SAT,47.727417,22.893861,2, ,0.0,0.0,4,6000,2800,0,0,0,0,0
HM,SAT,47.727417,22.893861,2, ,0.0,0.0,41.0,04.3,2,2800,0,1,230,0,0,0,0

