SID,HISA1A,01L,2
CA,0,11.0,2,3800,0,0,0,0,0,0
CF,D017H,38.119739,32.630711,0,KNY,17.0,8.0,17.0,7.0,0,0,0,0,0,0,0,1
DF,KNY,37.996889,32.564694,1, ,0.0,0.0,2,8300,0,1,204,0,0,0
TF,PENON,38.046389,32.147222,2, ,0.0,0.0,0.0,0.0,0,0,0,0,0,0,0,0
TF,HISAR,38.115556,31.541111,0, ,0.0,0.0,0.0,0.0,0,0,0,0,0,0,0,0

SID,HISA1A,01R,2
CA,0,11.0,2,3800,0,0,0,0,0,0
CF,D017H,38.119739,32.630711,0,KNY,17.0,8.0,17.0,7.0,0,0,0,0,0,0,0,1
DF,KNY,37.996889,32.564694,1, ,0.0,0.0,2,8300,0,1,204,0,0,0
TF,PENON,38.046389,32.147222,2, ,0.0,0.0,0.0,0.0,0,0,0,0,0,0,0,0
TF,HISAR,38.115556,31.541111,0, ,0.0,0.0,0.0,0.0,0,0,0,0,0,0,0,0

SID,HISA1B,19L,2
CA,0,191.0,2,3800,0,0,0,0,0,0
CF,D187H,37.866817,32.526817,0,KNY,187.0,8.0,187.0,5.0,0,0,0,0,0,0,0,1
DF,KNY,37.996889,32.564694,2, ,0.0,0.0,2,7700,0,1,204,0,0,0
TF,PENON,38.046389,32.147222,1, ,0.0,0.0,0.0,0.0,0,0,0,0,0,0,0,0
TF,HISAR,38.115556,31.541111,0, ,0.0,0.0,0.0,0.0,0,0,0,0,0,0,0,0

SID,HISA1B,19R,2
CA,0,191.0,2,3800,0,0,0,0,0,0
CF,D187H,37.866817,32.526817,0,KNY,187.0,8.0,187.0,5.0,0,0,0,0,0,0,0,1
DF,KNY,37.996889,32.564694,2, ,0.0,0.0,2,7700,0,1,204,0,0,0
TF,PENON,38.046389,32.147222,1, ,0.0,0.0,0.0,0.0,0,0,0,0,0,0,0,0
TF,HISAR,38.115556,31.541111,0, ,0.0,0.0,0.0,0.0,0,0,0,0,0,0,0,0

SID,HISA1C,01L,2
CA,0,11.0,2,3800,0,0,0,0,0,0
FA,KNY,37.996889,32.564694,0,KNY,0.0,0.0,17.0,2,6000,0,0,0,0,0,0
DF,KNY,37.996889,32.564694,1, ,0.0,0.0,2,8300,0,1,204,0,0,0
TF,PENON,38.046389,32.147222,2, ,0.0,0.0,0.0,0.0,0,0,0,0,0,0,0,0
TF,HISAR,38.115556,31.541111,0, ,0.0,0.0,0.0,0.0,0,0,0,0,0,0,0,0

SID,HISA1C,01R,2
CA,0,11.0,2,3800,0,0,0,0,0,0
FA,KNY,37.996889,32.564694,0,KNY,0.0,0.0,17.0,2,6000,0,0,0,0,0,0
DF,KNY,37.996889,32.564694,1, ,0.0,0.0,2,8300,0,1,204,0,0,0
TF,PENON,38.046389,32.147222,2, ,0.0,0.0,0.0,0.0,0,0,0,0,0,0,0,0
TF,HISAR,38.115556,31.541111,0, ,0.0,0.0,0.0,0.0,0,0,0,0,0,0,0,0

SID,HISA1D,19L,2
CA,0,191.0,2,3800,0,0,0,0,0,0
FA,KNY,37.996889,32.564694,0,KNY,0.0,0.0,187.0,2,5200,0,0,0,0,0,0
DF,KNY,37.996889,32.564694,2, ,0.0,0.0,2,7700,0,1,204,0,0,0
TF,PENON,38.046389,32.147222,1, ,0.0,0.0,0.0,0.0,0,0,0,0,0,0,0,0
TF,HISAR,38.115556,31.541111,0, ,0.0,0.0,0.0,0.0,0,0,0,0,0,0,0,0

SID,HISA1D,19R,2
CA,0,191.0,2,3800,0,0,0,0,0,0
FA,KNY,37.996889,32.564694,0,KNY,0.0,0.0,187.0,2,5200,0,0,0,0,0,0
DF,KNY,37.996889,32.564694,2, ,0.0,0.0,2,7700,0,1,204,0,0,0
TF,PENON,38.046389,32.147222,1, ,0.0,0.0,0.0,0.0,0,0,0,0,0,0,0,0
TF,HISAR,38.115556,31.541111,0, ,0.0,0.0,0.0,0.0,0,0,0,0,0,0,0,0

SID,OBRU1A,01L,2
CA,0,11.0,2,3800,0,0,0,0,0,0
CF,D017C,38.042961,32.589425,0,KNY,17.0,3.0,17.0,3.0,0,0,0,0,0,0,0,1
VI,2, ,0.0,110.0,0,0,0,1,220,0,0,0
CF,D080L,38.009517,32.817231,0,KNY,80.3,12.0,80.0,3.0,0,0,0,0,0,0,0,0
TF,OBRUK,38.023889,33.118889,0, ,0.0,0.0,0.0,0.0,0,0,0,0,0,0,0,0

SID,OBRU1A,01R,2
CA,0,11.0,2,3800,0,0,0,0,0,0
CF,D017C,38.042961,32.589425,0,KNY,17.0,3.0,17.0,3.0,0,0,0,0,0,0,0,1
VI,2, ,0.0,110.0,0,0,0,1,220,0,0,0
CF,D080L,38.009517,32.817231,0,KNY,80.3,12.0,80.0,3.0,0,0,0,0,0,0,0,0
TF,OBRUK,38.023889,33.118889,0, ,0.0,0.0,0.0,0.0,0,0,0,0,0,0,0,0

SID,OBRU1B,19L,2
CA,0,191.0,2,3800,0,0,0,0,0,0
CF,D187E,37.915594,32.541003,0,KNY,187.0,5.0,187.0,3.0,0,0,0,0,0,0,0,1
VI,1, ,0.0,35.0,0,0,0,1,220,0,0,0
CF,D080L,38.009517,32.817231,0,KNY,80.3,12.0,80.0,4.0,0,0,0,0,0,0,0,0
TF,OBRUK,38.023889,33.118889,0, ,0.0,0.0,0.0,0.0,0,0,0,0,0,0,0,0

SID,OBRU1B,19R,2
CA,0,191.0,2,3800,0,0,0,0,0,0
CF,D187E,37.915594,32.541003,0,KNY,187.0,5.0,187.0,3.0,0,0,0,0,0,0,0,1
VI,1, ,0.0,35.0,0,0,0,1,220,0,0,0
CF,D080L,38.009517,32.817231,0,KNY,80.3,12.0,80.0,4.0,0,0,0,0,0,0,0,0
TF,OBRUK,38.023889,33.118889,0, ,0.0,0.0,0.0,0.0,0,0,0,0,0,0,0,0

SID,OBRU1C,19L,2
CA,0,191.0,2,3800,0,0,0,0,0,0
CF,D187H,37.866817,32.526817,0,KNY,187.0,8.0,187.0,5.0,0,0,0,0,0,0,0,1
DF,KNY,37.996889,32.564694,2, ,0.0,0.0,2,7500,0,1,204,0,0,0
TF,D080L,38.009517,32.817231,0, ,0.0,0.0,0.0,0.0,0,0,0,0,0,0,0,0
TF,OBRUK,38.023889,33.118889,0, ,0.0,0.0,0.0,0.0,0,0,0,0,0,0,0,0

SID,OBRU1C,19R,2
CA,0,191.0,2,3800,0,0,0,0,0,0
CF,D187H,37.866817,32.526817,0,KNY,187.0,8.0,187.0,5.0,0,0,0,0,0,0,0,1
DF,KNY,37.996889,32.564694,2, ,0.0,0.0,2,7500,0,1,204,0,0,0
TF,D080L,38.009517,32.817231,0, ,0.0,0.0,0.0,0.0,0,0,0,0,0,0,0,0
TF,OBRUK,38.023889,33.118889,0, ,0.0,0.0,0.0,0.0,0,0,0,0,0,0,0,0

SID,OBRU1D,01L,2
CA,0,11.0,2,3800,0,0,0,0,0,0
FA,KNY,37.996889,32.564694,0,KNY,0.0,0.0,17.0,2,4400,0,0,0,0,0,0
VI,2, ,0.0,125.0,0,0,0,1,220,0,0,0
CF,OBRUK,38.023889,33.118889,0,KNY,80.3,26.3,80.0,20.0,0,0,0,0,0,0,0,0

SID,OBRU1D,01R,2
CA,0,11.0,2,3800,0,0,0,0,0,0
FA,KNY,37.996889,32.564694,0,KNY,0.0,0.0,17.0,2,4400,0,0,0,0,0,0
VI,2, ,0.0,125.0,0,0,0,1,220,0,0,0
CF,OBRUK,38.023889,33.118889,0,KNY,80.3,26.3,80.0,20.0,0,0,0,0,0,0,0,0

SID,OBRU1E,19L,2
CA,0,191.0,2,3800,0,0,0,0,0,0
FA,KNY,37.996889,32.564694,0,KNY,0.0,0.0,187.0,2,4300,0,0,0,0,0,0
VI,1, ,0.0,35.0,0,0,0,1,220,0,0,0
CF,OBRUK,38.023889,33.118889,0,KNY,80.3,26.3,80.0,20.0,0,0,0,0,0,0,0,0

SID,OBRU1E,19R,2
CA,0,191.0,2,3800,0,0,0,0,0,0
FA,KNY,37.996889,32.564694,0,KNY,0.0,0.0,187.0,2,4300,0,0,0,0,0,0
VI,1, ,0.0,35.0,0,0,0,1,220,0,0,0
CF,OBRUK,38.023889,33.118889,0,KNY,80.3,26.3,80.0,20.0,0,0,0,0,0,0,0,0

SID,OBRU1F,19L,2
CA,0,191.0,2,3800,0,0,0,0,0,0
FA,KNY,37.996889,32.564694,0,KNY,0.0,0.0,187.0,2,5100,0,0,0,0,0,0
DF,KNY,37.996889,32.564694,2, ,0.0,0.0,2,7500,0,1,204,0,0,0
TF,OBRUK,38.023889,33.118889,0, ,0.0,0.0,0.0,0.0,0,0,0,0,0,0,0,0

SID,OBRU1F,19R,2
CA,0,191.0,2,3800,0,0,0,0,0,0
FA,KNY,37.996889,32.564694,0,KNY,0.0,0.0,187.0,2,5100,0,0,0,0,0,0
DF,KNY,37.996889,32.564694,2, ,0.0,0.0,2,7500,0,1,204,0,0,0
TF,OBRUK,38.023889,33.118889,0, ,0.0,0.0,0.0,0.0,0,0,0,0,0,0,0,0

SID,OKEL1A,01L,2
CA,0,11.0,2,3800,0,0,0,0,0,0
FD,KNY,37.996889,32.564694,0,KNY,0.0,8.0,20.0,8.0,2,5800,0,0,0,0,0,0
CF,TUTUM,38.348611,32.780556,0,KNY,19.8,23.4,20.0,15.0,0,0,0,0,0,0,0,0
TF,OKELI,38.728889,33.016667,0, ,0.0,0.0,0.0,0.0,0,0,0,0,0,0,0,0

SID,OKEL1A,01R,2
CA,0,11.0,2,3800,0,0,0,0,0,0
FD,KNY,37.996889,32.564694,0,KNY,0.0,8.0,20.0,8.0,2,5800,0,0,0,0,0,0
CF,TUTUM,38.348611,32.780556,0,KNY,19.8,23.4,20.0,15.0,0,0,0,0,0,0,0,0
TF,OKELI,38.728889,33.016667,0, ,0.0,0.0,0.0,0.0,0,0,0,0,0,0,0,0

SID,OKEL1B,19L,2
CA,0,191.0,2,3800,0,0,0,0,0,0
CF,D187H,37.866817,32.526817,0,KNY,187.0,8.0,187.0,5.0,0,0,0,0,0,0,0,1
DF,KNY,37.996889,32.564694,2, ,0.0,0.0,2,7500,0,1,204,0,0,0
TF,TUTUM,38.348611,32.780556,0, ,0.0,0.0,0.0,0.0,0,0,0,0,0,0,0,0
TF,OKELI,38.728889,33.016667,0, ,0.0,0.0,0.0,0.0,0,0,0,0,0,0,0,0

SID,OKEL1B,19R,2
CA,0,191.0,2,3800,0,0,0,0,0,0
CF,D187H,37.866817,32.526817,0,KNY,187.0,8.0,187.0,5.0,0,0,0,0,0,0,0,1
DF,KNY,37.996889,32.564694,2, ,0.0,0.0,2,7500,0,1,204,0,0,0
TF,TUTUM,38.348611,32.780556,0, ,0.0,0.0,0.0,0.0,0,0,0,0,0,0,0,0
TF,OKELI,38.728889,33.016667,0, ,0.0,0.0,0.0,0.0,0,0,0,0,0,0,0,0

SID,OKEL1C,19L,2
CA,0,191.0,2,3800,0,0,0,0,0,0
FA,KNY,37.996889,32.564694,0,KNY,0.0,0.0,187.0,2,5100,0,0,0,0,0,0
DF,KNY,37.996889,32.564694,2, ,0.0,0.0,2,7500,0,1,204,0,0,0
TF,TUTUM,38.348611,32.780556,0, ,0.0,0.0,0.0,0.0,0,0,0,0,0,0,0,0
TF,OKELI,38.728889,33.016667,0, ,0.0,0.0,0.0,0.0,0,0,0,0,0,0,0,0

SID,OKEL1C,19R,2
CA,0,191.0,2,3800,0,0,0,0,0,0
FA,KNY,37.996889,32.564694,0,KNY,0.0,0.0,187.0,2,5100,0,0,0,0,0,0
DF,KNY,37.996889,32.564694,2, ,0.0,0.0,2,7500,0,1,204,0,0,0
TF,TUTUM,38.348611,32.780556,0, ,0.0,0.0,0.0,0.0,0,0,0,0,0,0,0,0
TF,OKELI,38.728889,33.016667,0, ,0.0,0.0,0.0,0.0,0,0,0,0,0,0,0,0

SID,OKEL1D,01L,2
CA,0,11.0,2,3800,0,0,0,0,0,0
CF,D017H,38.119739,32.630711,0,KNY,17.0,8.0,17.0,7.0,0,0,0,0,0,0,0,1
DF,KNY,37.996889,32.564694,1, ,0.0,0.0,2,8300,0,1,204,0,0,0
TF,D020N,38.207153,32.693458,1, ,0.0,0.0,0.0,0.0,2,11500,0,0,0,0,0,0
TF,TUTUM,38.348611,32.780556,0, ,0.0,0.0,0.0,0.0,0,0,0,0,0,0,0,0
TF,OKELI,38.728889,33.016667,0, ,0.0,0.0,0.0,0.0,0,0,0,0,0,0,0,0

SID,OKEL1D,01R,2
CA,0,11.0,2,3800,0,0,0,0,0,0
CF,D017H,38.119739,32.630711,0,KNY,17.0,8.0,17.0,7.0,0,0,0,0,0,0,0,1
DF,KNY,37.996889,32.564694,1, ,0.0,0.0,2,8300,0,1,204,0,0,0
TF,D020N,38.207153,32.693458,1, ,0.0,0.0,0.0,0.0,2,11500,0,0,0,0,0,0
TF,TUTUM,38.348611,32.780556,0, ,0.0,0.0,0.0,0.0,0,0,0,0,0,0,0,0
TF,OKELI,38.728889,33.016667,0, ,0.0,0.0,0.0,0.0,0,0,0,0,0,0,0,0

SID,SEHI1A,01L,2
CA,0,11.0,2,3800,0,0,0,0,0,0
CF,D017E,38.073675,32.605928,0,KNY,17.0,5.0,17.0,4.0,0,0,0,0,0,0,0,1
DF,KNY,37.996889,32.564694,2, ,0.0,0.0,0,0,0,1,220,0,0,0
TF,SEHIR,37.651667,32.203611,0, ,0.0,0.0,0.0,0.0,0,0,0,0,0,0,0,0

SID,SEHI1A,01R,2
CA,0,11.0,2,3800,0,0,0,0,0,0
CF,D017E,38.073675,32.605928,0,KNY,17.0,5.0,17.0,4.0,0,0,0,0,0,0,0,1
DF,KNY,37.996889,32.564694,2, ,0.0,0.0,0,0,0,1,220,0,0,0
TF,SEHIR,37.651667,32.203611,0, ,0.0,0.0,0.0,0.0,0,0,0,0,0,0,0,0

SID,SEHI1B,01L,2
CA,0,11.0,2,3800,0,0,0,0,0,0
CF,D017H,38.119739,32.630711,0,KNY,17.0,8.0,17.0,7.0,0,0,0,0,0,0,0,1
DF,KNY,37.996889,32.564694,1, ,0.0,0.0,2,8300,0,1,204,0,0,0
TF,SEHIR,37.651667,32.203611,0, ,0.0,0.0,0.0,0.0,0,0,0,0,0,0,0,0

SID,SEHI1B,01R,2
CA,0,11.0,2,3800,0,0,0,0,0,0
CF,D017H,38.119739,32.630711,0,KNY,17.0,8.0,17.0,7.0,0,0,0,0,0,0,0,1
DF,KNY,37.996889,32.564694,1, ,0.0,0.0,2,8300,0,1,204,0,0,0
TF,SEHIR,37.651667,32.203611,0, ,0.0,0.0,0.0,0.0,0,0,0,0,0,0,0,0

SID,SEHI1C,19L,2
CA,0,191.0,2,3800,0,0,0,0,0,0
CF,D187N,37.769256,32.498494,0,KNY,187.0,14.0,187.0,11.0,0,0,0,0,0,0,0,1
VI,0, ,0.0,259.0,0,0,0,0,0,0,0,0
CF,SEHIR,37.651667,32.203611,0,KNY,213.8,26.9,214.0,7.0,0,0,0,0,0,0,0,0

SID,SEHI1C,19R,2
CA,0,191.0,2,3800,0,0,0,0,0,0
CF,D187N,37.769256,32.498494,0,KNY,187.0,14.0,187.0,11.0,0,0,0,0,0,0,0,1
VI,0, ,0.0,259.0,0,0,0,0,0,0,0,0
CF,SEHIR,37.651667,32.203611,0,KNY,213.8,26.9,214.0,7.0,0,0,0,0,0,0,0,0

SID,SEHI1D,01L,2
CA,0,11.0,2,3800,0,0,0,0,0,0
FA,KNY,37.996889,32.564694,0,KNY,0.0,0.0,17.0,2,5000,0,0,0,0,0,0
DF,KNY,37.996889,32.564694,2, ,0.0,0.0,0,0,0,1,220,0,0,0
TF,SEHIR,37.651667,32.203611,0, ,0.0,0.0,0.0,0.0,0,0,0,0,0,0,0,0

SID,SEHI1D,01R,2
CA,0,11.0,2,3800,0,0,0,0,0,0
FA,KNY,37.996889,32.564694,0,KNY,0.0,0.0,17.0,2,5000,0,0,0,0,0,0
DF,KNY,37.996889,32.564694,2, ,0.0,0.0,0,0,0,1,220,0,0,0
TF,SEHIR,37.651667,32.203611,0, ,0.0,0.0,0.0,0.0,0,0,0,0,0,0,0,0

SID,SEHI1E,01L,2
CA,0,11.0,2,3800,0,0,0,0,0,0
FA,KNY,37.996889,32.564694,0,KNY,0.0,0.0,17.0,2,6000,0,0,0,0,0,0
DF,KNY,37.996889,32.564694,1, ,0.0,0.0,2,8300,0,1,204,0,0,0
TF,SEHIR,37.651667,32.203611,0, ,0.0,0.0,0.0,0.0,0,0,0,0,0,0,0,0

SID,SEHI1E,01R,2
CA,0,11.0,2,3800,0,0,0,0,0,0
FA,KNY,37.996889,32.564694,0,KNY,0.0,0.0,17.0,2,6000,0,0,0,0,0,0
DF,KNY,37.996889,32.564694,1, ,0.0,0.0,2,8300,0,1,204,0,0,0
TF,SEHIR,37.651667,32.203611,0, ,0.0,0.0,0.0,0.0,0,0,0,0,0,0,0,0

SID,SEHI1F,19L,2
CA,0,191.0,2,3800,0,0,0,0,0,0
FA,KNY,37.996889,32.564694,0,KNY,0.0,0.0,187.0,2,7000,0,0,0,0,0,0
VI,0, ,0.0,259.0,0,0,0,0,0,0,0,0
CF,SEHIR,37.651667,32.203611,0,KNY,213.8,26.9,214.0,15.0,0,0,0,0,0,0,0,0

SID,SEHI1F,19R,2
CA,0,191.0,2,3800,0,0,0,0,0,0
FA,KNY,37.996889,32.564694,0,KNY,0.0,0.0,187.0,2,7000,0,0,0,0,0,0
VI,0, ,0.0,259.0,0,0,0,0,0,0,0,0
CF,SEHIR,37.651667,32.203611,0,KNY,213.8,26.9,214.0,15.0,0,0,0,0,0,0,0,0

STAR,HISA1S,01L,2
IF,HISAR,38.115556,31.541111, ,0.0,0.0,0,0,0,0,0,0,0,0
TF,KNY30,38.070547,31.938717,0, ,0.0,0.0,0.0,0.0,0,0,0,0,0,0,0,0
TF,PENON,38.046389,32.147222,0, ,0.0,0.0,0.0,0.0,0,0,0,0,0,0,0,0
TF,D273E,38.009392,32.460450,0, ,0.0,0.0,0.0,0.0,0,0,0,0,0,0,0,0
TF,KNY,37.996889,32.564694,0, ,0.0,0.0,0.0,0.0,0,0,0,0,0,0,0,0

STAR,HISA1S,01R,2
IF,HISAR,38.115556,31.541111, ,0.0,0.0,0,0,0,0,0,0,0,0
TF,KNY30,38.070547,31.938717,0, ,0.0,0.0,0.0,0.0,0,0,0,0,0,0,0,0
TF,PENON,38.046389,32.147222,0, ,0.0,0.0,0.0,0.0,0,0,0,0,0,0,0,0
TF,D273E,38.009392,32.460450,0, ,0.0,0.0,0.0,0.0,0,0,0,0,0,0,0,0
TF,KNY,37.996889,32.564694,0, ,0.0,0.0,0.0,0.0,0,0,0,0,0,0,0,0

STAR,HISA1T,01L,5
IF,HISAR,38.115556,31.541111, ,0.0,0.0,0,0,0,0,0,0,0,0
TF,KNY30,38.070547,31.938717,0, ,0.0,0.0,0.0,0.0,0,0,0,0,0,0,0,0
TF,PENON,38.046389,32.147222,0, ,0.0,0.0,0.0,0.0,0,0,0,0,0,0,0,0
TF,LUMOS,37.672500,32.464167,0, ,0.0,0.0,0.0,0.0,0,0,0,0,0,0,0,0

STAR,HISA1T,01R,5
IF,HISAR,38.115556,31.541111, ,0.0,0.0,0,0,0,0,0,0,0,0
TF,KNY30,38.070547,31.938717,0, ,0.0,0.0,0.0,0.0,0,0,0,0,0,0,0,0
TF,PENON,38.046389,32.147222,0, ,0.0,0.0,0.0,0.0,0,0,0,0,0,0,0,0
TF,LUMOS,37.672500,32.464167,0, ,0.0,0.0,0.0,0.0,0,0,0,0,0,0,0,0

STAR,HISA1V,19L,2
IF,HISAR,38.115556,31.541111, ,0.0,0.0,0,0,0,0,0,0,0,0
TF,KNY30,38.070547,31.938717,0, ,0.0,0.0,0.0,0.0,0,0,0,0,0,0,0,0
TF,PENON,38.046389,32.147222,0, ,0.0,0.0,0.0,0.0,0,0,0,0,0,0,0,0
TF,D273E,38.009392,32.460450,0, ,0.0,0.0,0.0,0.0,0,0,0,0,0,0,0,0
TF,KNY,37.996889,32.564694,0, ,0.0,0.0,0.0,0.0,0,0,0,0,0,0,0,0

STAR,HISA1V,19R,2
IF,HISAR,38.115556,31.541111, ,0.0,0.0,0,0,0,0,0,0,0,0
TF,KNY30,38.070547,31.938717,0, ,0.0,0.0,0.0,0.0,0,0,0,0,0,0,0,0
TF,PENON,38.046389,32.147222,0, ,0.0,0.0,0.0,0.0,0,0,0,0,0,0,0,0
TF,D273E,38.009392,32.460450,0, ,0.0,0.0,0.0,0.0,0,0,0,0,0,0,0,0
TF,KNY,37.996889,32.564694,0, ,0.0,0.0,0.0,0.0,0,0,0,0,0,0,0,0

STAR,HISA1Y,19L,5
IF,HISAR,38.115556,31.541111, ,0.0,0.0,0,0,0,0,0,0,0,0
TF,KNY30,38.070547,31.938717,0, ,0.0,0.0,0.0,0.0,0,0,0,0,0,0,0,0
TF,PENON,38.046389,32.147222,0, ,0.0,0.0,0.0,0.0,0,0,0,0,0,0,0,0
TF,D273E,38.009392,32.460450,0, ,0.0,0.0,0.0,0.0,0,0,0,0,0,0,0,0
TF,KNY,37.996889,32.564694,0, ,0.0,0.0,0.0,0.0,0,0,0,0,0,0,0,0
TF,GIPIR,38.221944,32.702500,0, ,0.0,0.0,0.0,0.0,0,0,0,0,0,0,0,0

STAR,HISA1Y,19R,5
IF,HISAR,38.115556,31.541111, ,0.0,0.0,0,0,0,0,0,0,0,0
TF,KNY30,38.070547,31.938717,0, ,0.0,0.0,0.0,0.0,0,0,0,0,0,0,0,0
TF,PENON,38.046389,32.147222,0, ,0.0,0.0,0.0,0.0,0,0,0,0,0,0,0,0
TF,D273E,38.009392,32.460450,0, ,0.0,0.0,0.0,0.0,0,0,0,0,0,0,0,0
TF,KNY,37.996889,32.564694,0, ,0.0,0.0,0.0,0.0,0,0,0,0,0,0,0,0
TF,GIPIR,38.221944,32.702500,0, ,0.0,0.0,0.0,0.0,0,0,0,0,0,0,0,0

STAR,HISA1Z,19L,5
IF,HISAR,38.115556,31.541111, ,0.0,0.0,0,0,0,0,0,0,0,0
TF,KNY30,38.070547,31.938717,0, ,0.0,0.0,0.0,0.0,0,0,0,0,0,0,0,0
TF,PENON,38.046389,32.147222,0, ,0.0,0.0,0.0,0.0,0,0,0,0,0,0,0,0
TF,GIPIR,38.221944,32.702500,0, ,0.0,0.0,0.0,0.0,0,0,0,0,0,0,0,0

STAR,HISA1Z,19R,5
IF,HISAR,38.115556,31.541111, ,0.0,0.0,0,0,0,0,0,0,0,0
TF,KNY30,38.070547,31.938717,0, ,0.0,0.0,0.0,0.0,0,0,0,0,0,0,0,0
TF,PENON,38.046389,32.147222,0, ,0.0,0.0,0.0,0.0,0,0,0,0,0,0,0,0
TF,GIPIR,38.221944,32.702500,0, ,0.0,0.0,0.0,0.0,0,0,0,0,0,0,0,0

STAR,OBRU1S,01L,2
IF,OBRUK,38.023889,33.118889, ,0.0,0.0,0,0,0,0,0,0,0,0
TF,KNY,37.996889,32.564694,0, ,0.0,0.0,0.0,0.0,0,0,0,0,0,0,0,0

STAR,OBRU1S,01R,2
IF,OBRUK,38.023889,33.118889, ,0.0,0.0,0,0,0,0,0,0,0,0
TF,KNY,37.996889,32.564694,0, ,0.0,0.0,0.0,0.0,0,0,0,0,0,0,0,0

STAR,OBRU1T,01L,5
IF,OBRUK,38.023889,33.118889, ,0.0,0.0,0,0,0,0,0,0,0,0
TF,LUMOS,37.672500,32.464167,0, ,0.0,0.0,0.0,0.0,0,0,0,0,0,0,0,0

STAR,OBRU1T,01R,5
IF,OBRUK,38.023889,33.118889, ,0.0,0.0,0,0,0,0,0,0,0,0
TF,LUMOS,37.672500,32.464167,0, ,0.0,0.0,0.0,0.0,0,0,0,0,0,0,0,0

STAR,OBRU1V,19L,2
IF,OBRUK,38.023889,33.118889, ,0.0,0.0,0,0,0,0,0,0,0,0
TF,KNY,37.996889,32.564694,0, ,0.0,0.0,0.0,0.0,0,0,0,0,0,0,0,0

STAR,OBRU1V,19R,2
IF,OBRUK,38.023889,33.118889, ,0.0,0.0,0,0,0,0,0,0,0,0
TF,KNY,37.996889,32.564694,0, ,0.0,0.0,0.0,0.0,0,0,0,0,0,0,0,0

STAR,OBRU1Y,19L,5
IF,OBRUK,38.023889,33.118889, ,0.0,0.0,0,0,0,0,0,0,0,0
TF,GIPIR,38.221944,32.702500,0, ,0.0,0.0,0.0,0.0,0,0,0,0,0,0,0,0

STAR,OBRU1Y,19R,5
IF,OBRUK,38.023889,33.118889, ,0.0,0.0,0,0,0,0,0,0,0,0
TF,GIPIR,38.221944,32.702500,0, ,0.0,0.0,0.0,0.0,0,0,0,0,0,0,0,0

STAR,OKEL1S,01L,2
IF,OKELI,38.728889,33.016667, ,0.0,0.0,0,0,0,0,0,0,0,0
TF,TUTUM,38.348611,32.780556,0, ,0.0,0.0,0.0,0.0,0,0,0,0,0,0,0,0
TF,KNY,37.996889,32.564694,0, ,0.0,0.0,0.0,0.0,0,0,0,0,0,0,0,0

STAR,OKEL1S,01R,2
IF,OKELI,38.728889,33.016667, ,0.0,0.0,0,0,0,0,0,0,0,0
TF,TUTUM,38.348611,32.780556,0, ,0.0,0.0,0.0,0.0,0,0,0,0,0,0,0,0
TF,KNY,37.996889,32.564694,0, ,0.0,0.0,0.0,0.0,0,0,0,0,0,0,0,0

STAR,OKEL1T,01L,5
IF,OKELI,38.728889,33.016667, ,0.0,0.0,0,0,0,0,0,0,0,0
TF,TUTUM,38.348611,32.780556,0, ,0.0,0.0,0.0,0.0,0,0,0,0,0,0,0,0
TF,KNY,37.996889,32.564694,0, ,0.0,0.0,0.0,0.0,0,0,0,0,0,0,0,0
TF,LUMOS,37.672500,32.464167,0, ,0.0,0.0,0.0,0.0,0,0,0,0,0,0,0,0

STAR,OKEL1T,01R,5
IF,OKELI,38.728889,33.016667, ,0.0,0.0,0,0,0,0,0,0,0,0
TF,TUTUM,38.348611,32.780556,0, ,0.0,0.0,0.0,0.0,0,0,0,0,0,0,0,0
TF,KNY,37.996889,32.564694,0, ,0.0,0.0,0.0,0.0,0,0,0,0,0,0,0,0
TF,LUMOS,37.672500,32.464167,0, ,0.0,0.0,0.0,0.0,0,0,0,0,0,0,0,0

STAR,OKEL1V,19L,2
IF,OKELI,38.728889,33.016667, ,0.0,0.0,0,0,0,0,0,0,0,0
TF,TUTUM,38.348611,32.780556,0, ,0.0,0.0,0.0,0.0,0,0,0,0,0,0,0,0
TF,KNY,37.996889,32.564694,0, ,0.0,0.0,0.0,0.0,0,0,0,0,0,0,0,0

STAR,OKEL1V,19R,2
IF,OKELI,38.728889,33.016667, ,0.0,0.0,0,0,0,0,0,0,0,0
TF,TUTUM,38.348611,32.780556,0, ,0.0,0.0,0.0,0.0,0,0,0,0,0,0,0,0
TF,KNY,37.996889,32.564694,0, ,0.0,0.0,0.0,0.0,0,0,0,0,0,0,0,0

STAR,OKEL1Y,19L,5
IF,OKELI,38.728889,33.016667, ,0.0,0.0,0,0,0,0,0,0,0,0
TF,TUTUM,38.348611,32.780556,0, ,0.0,0.0,0.0,0.0,0,0,0,0,0,0,0,0
TF,GIPIR,38.221944,32.702500,0, ,0.0,0.0,0.0,0.0,0,0,0,0,0,0,0,0

STAR,OKEL1Y,19R,5
IF,OKELI,38.728889,33.016667, ,0.0,0.0,0,0,0,0,0,0,0,0
TF,TUTUM,38.348611,32.780556,0, ,0.0,0.0,0.0,0.0,0,0,0,0,0,0,0,0
TF,GIPIR,38.221944,32.702500,0, ,0.0,0.0,0.0,0.0,0,0,0,0,0,0,0,0

STAR,SEHI1S,01L,2
IF,SEHIR,37.651667,32.203611, ,0.0,0.0,0,0,0,0,0,0,0,0
TF,D214E,37.932764,32.497281,0, ,0.0,0.0,0.0,0.0,0,0,0,0,0,0,0,0
TF,KNY,37.996889,32.564694,0, ,0.0,0.0,0.0,0.0,0,0,0,0,0,0,0,0

STAR,SEHI1S,01R,2
IF,SEHIR,37.651667,32.203611, ,0.0,0.0,0,0,0,0,0,0,0,0
TF,D214E,37.932764,32.497281,0, ,0.0,0.0,0.0,0.0,0,0,0,0,0,0,0,0
TF,KNY,37.996889,32.564694,0, ,0.0,0.0,0.0,0.0,0,0,0,0,0,0,0,0

STAR,SEHI1T,01L,5
IF,SEHIR,37.651667,32.203611, ,0.0,0.0,0,0,0,0,0,0,0,0
TF,LUMOS,37.672500,32.464167,0, ,0.0,0.0,0.0,0.0,0,0,0,0,0,0,0,0

STAR,SEHI1T,01R,5
IF,SEHIR,37.651667,32.203611, ,0.0,0.0,0,0,0,0,0,0,0,0
TF,LUMOS,37.672500,32.464167,0, ,0.0,0.0,0.0,0.0,0,0,0,0,0,0,0,0

STAR,SEHI1V,19L,2
IF,SEHIR,37.651667,32.203611, ,0.0,0.0,0,0,0,0,0,0,0,0
TF,D214E,37.932764,32.497281,0, ,0.0,0.0,0.0,0.0,0,0,0,0,0,0,0,0
TF,KNY,37.996889,32.564694,0, ,0.0,0.0,0.0,0.0,0,0,0,0,0,0,0,0

STAR,SEHI1V,19R,2
IF,SEHIR,37.651667,32.203611, ,0.0,0.0,0,0,0,0,0,0,0,0
TF,D214E,37.932764,32.497281,0, ,0.0,0.0,0.0,0.0,0,0,0,0,0,0,0,0
TF,KNY,37.996889,32.564694,0, ,0.0,0.0,0.0,0.0,0,0,0,0,0,0,0,0

STAR,SEHI1Y,19L,5
IF,SEHIR,37.651667,32.203611, ,0.0,0.0,0,0,0,0,0,0,0,0
TF,D214E,37.932764,32.497281,0, ,0.0,0.0,0.0,0.0,0,0,0,0,0,0,0,0
TF,KNY,37.996889,32.564694,0, ,0.0,0.0,0.0,0.0,0,0,0,0,0,0,0,0
TF,GIPIR,38.221944,32.702500,0, ,0.0,0.0,0.0,0.0,0,0,0,0,0,0,0,0

STAR,SEHI1Y,19R,5
IF,SEHIR,37.651667,32.203611, ,0.0,0.0,0,0,0,0,0,0,0,0
TF,D214E,37.932764,32.497281,0, ,0.0,0.0,0.0,0.0,0,0,0,0,0,0,0,0
TF,KNY,37.996889,32.564694,0, ,0.0,0.0,0.0,0.0,0,0,0,0,0,0,0,0
TF,GIPIR,38.221944,32.702500,0, ,0.0,0.0,0.0,0.0,0,0,0,0,0,0,0,0

APPTR,D01LT,01L,LUMOS
IF,LUMOS,37.672500,32.464167, ,0.0,0.0,2,8500,0,0,0,0,0,0
TF,UVCUZ,37.740722,32.469333,0, ,0.0,0.0,0.0,0.0,2,7300,0,0,0,0,0,0
CF,CF01L,37.836675,32.505561,0,KNY,190.3,10.0,10.0,6.0,2,5700,0,0,0,0,0,0

FINAL,D01LT,01L,D,3
IF,CF01L,37.836675,32.505561,KNY,190.3,10.0,2,5700,0,0,0,0,0,0
CF,FF01L,37.868642,32.517642,0,KNY,190.2,8.0,10.0,2.0,2,5300,0,0,0,0,2,0
CF,MA01L,37.943761,32.546072,0,KNY,189.5,3.3,10.0,4.7,1,3844,0,0,0,0,3,0
CF,KNY,37.996889,32.564694,0,KNY,0.0,0.0,10.0,3.3,0,0,0,0,0,0,0,0
FA,KNY,37.996889,32.564694,0,KNY,0.0,0.0,8.0,2,6300,0,0,0,0,0,0
DF,KNY,37.996889,32.564694,1, ,0.0,0.0,2,8500,0,1,240,0,0,0
TF,LUMOS,37.672500,32.464167,0, ,0.0,0.0,0.0,0.0,1,8500,0,0,0,0,0,0
HM,LUMOS,37.672500,32.464167,2, ,0.0,0.0,8.0,04.3,2,8500,0,1,230,0,0,0,0

APPTR,D01LU,01L,KNY
IF,KNY,37.996889,32.564694, ,0.0,0.0,2,8000,0,0,0,0,0,0
CF,FF01L,37.868642,32.517642,0,KNY,190.2,8.0,190.0,8.0,2,5700,0,0,0,0,0,0
FC,FF01L,37.868642,32.517642,0,KNY,0.0,0.0,145.0,4.6,0,0,0,1,220,0,0,1
CF,D190J,37.836481,32.506700,2,KNY,190.0,10.0,10.0,3.0,2,5700,0,0,0,0,0,0
CF,FF01L,37.868642,32.517642,0,KNY,190.2,8.0,10.0,2.0,2,5300,0,0,0,0,0,0

FINAL,D01LU,01L,D,2
IF,FF01L,37.868642,32.517642,KNY,190.2,8.0,2,5300,0,0,0,0,2,0
CF,MA01L,37.943761,32.546072,0,KNY,189.5,3.3,10.0,4.7,1,3844,0,0,0,0,3,0
CF,KNY,37.996889,32.564694,0,KNY,0.0,0.0,10.0,3.3,0,0,0,0,0,0,0,0
FD,KNY,37.996889,32.564694,0,KNY,0.0,14.0,8.0,14.0,2,6000,0,0,0,0,0,0
DF,KNY,37.996889,32.564694,2, ,0.0,0.0,1,8000,0,0,0,0,0,0
HM,KNY,37.996889,32.564694,1, ,0.0,0.0,188.0,04.3,2,8000,0,1,230,0,0,0,0

FINAL,D01RW,01R,D,3
IF,LUMOS,37.672500,32.464167,KNY,187.8,20.0,2,8500,0,0,0,0,0,0
CF,FF01R,37.867361,32.523958,0,KNY,188.0,8.0,8.0,12.0,2,5300,0,0,0,0,2,0
CF,MA01R,37.943461,32.547872,0,KNY,188.0,3.3,8.0,4.7,1,3825,0,0,0,0,3,0
CF,KNY,37.996889,32.564694,0,KNY,0.0,0.0,8.0,3.3,0,0,0,0,0,0,0,0
FA,KNY,37.996889,32.564694,0,KNY,0.0,0.0,8.0,2,6300,0,0,0,0,0,0
DF,KNY,37.996889,32.564694,1, ,0.0,0.0,2,8500,0,1,240,0,0,0
CF,LUMOS,37.672500,32.464167,0,KNY,187.8,20.0,188.0,20.0,1,8500,0,0,0,0,0,0
HM,LUMOS,37.672500,32.464167,2, ,0.0,0.0,8.0,04.3,2,8500,0,1,230,0,0,0,0

APPTR,D01RY,01R,KNY
IF,KNY,37.996889,32.564694, ,0.0,0.0,2,8000,0,0,0,0,0,0
CF,FF01R,37.867361,32.523958,0,KNY,188.0,8.0,188.0,8.0,2,5700,0,0,0,0,0,0
FC,FF01R,37.867361,32.523958,0,KNY,0.0,0.0,143.0,4.3,0,0,0,1,220,0,0,1
CF,D188J,37.834978,32.513794,2,KNY,188.0,10.0,8.0,3.0,2,5700,0,0,0,0,0,0
CF,FF01R,37.867361,32.523958,0,KNY,188.0,8.0,8.0,2.0,2,5300,0,0,0,0,0,0

FINAL,D01RY,01R,D,2
IF,FF01R,37.867361,32.523958,KNY,188.0,8.0,2,5300,0,0,0,0,2,0
CF,MA01R,37.943461,32.547872,0,KNY,188.0,3.3,8.0,4.7,1,3825,0,0,0,0,3,0
CF,KNY,37.996889,32.564694,0,KNY,0.0,0.0,8.0,3.3,0,0,0,0,0,0,0,0
FD,KNY,37.996889,32.564694,0,KNY,0.0,14.0,8.0,14.0,2,6000,0,0,0,0,0,0
DF,KNY,37.996889,32.564694,2, ,0.0,0.0,1,8000,0,0,0,0,0,0
HM,KNY,37.996889,32.564694,1, ,0.0,0.0,188.0,04.3,2,8000,0,1,230,0,0,0,0

FINAL,D19LX,19L,D,3
IF,GIPIR,38.221944,32.702500,KNY,19.8,15.0,2,7500,0,0,0,0,0,0
CF,FF19L,38.087025,32.619772,0,KNY,19.8,6.0,200.0,9.0,2,5700,0,0,0,0,2,0
CF,MA19L,38.010411,32.572947,0,KNY,19.8,0.9,200.0,5.1,1,3815,0,0,0,0,3,0
CF,KNY,37.996889,32.564694,0,KNY,0.0,0.0,200.0,0.9,0,0,0,0,0,0,0,0
FA,KNY,37.996889,32.564694,0,KNY,0.0,0.0,187.0,2,5100,0,0,0,0,0,0
DF,KNY,37.996889,32.564694,2, ,0.0,0.0,2,6500,0,1,185,0,0,0
CF,GIPIR,38.221944,32.702500,0,KNY,19.8,15.0,20.0,15.0,1,7500,0,0,0,0,0,0
HM,GIPIR,38.221944,32.702500,2, ,0.0,0.0,200.0,04.3,2,7500,0,1,230,0,0,0,0

APPTR,D19LZ,19L,KNY
IF,KNY,37.996889,32.564694, ,0.0,0.0,2,8000,0,0,0,0,0,0
CF,FF19L,38.087025,32.619772,0,KNY,19.8,6.0,20.0,6.0,2,6300,0,0,0,0,0,0
FC,FF19L,38.087025,32.619772,0,KNY,0.0,0.0,65.0,4.6,0,0,0,1,220,0,0,1
CF,D020H,38.116836,32.638758,1,KNY,20.0,8.0,200.0,3.0,2,6300,0,0,0,0,0,0
CF,FF19L,38.087025,32.619772,0,KNY,19.8,6.0,200.0,2.0,2,5700,0,0,0,0,0,0

FINAL,D19LZ,19L,D,2
IF,FF19L,38.087025,32.619772,KNY,19.8,6.0,2,5700,0,0,0,0,2,0
CF,MA19L,38.010411,32.572947,0,KNY,19.8,0.9,200.0,5.1,1,3815,0,0,0,0,3,0
CF,KNY,37.996889,32.564694,0,KNY,0.0,0.0,200.0,0.9,0,0,0,0,0,0,0,0
FD,KNY,37.996889,32.564694,0,KNY,0.0,15.0,187.0,15.0,2,6000,0,0,0,0,0,0
DF,KNY,37.996889,32.564694,1, ,0.0,0.0,1,8000,0,0,0,0,0,0
HM,KNY,37.996889,32.564694,2, ,0.0,0.0,20.0,04.3,2,8000,0,1,230,0,0,0,0

APPTR,D19RS,19R,GIPIR
IF,GIPIR,38.221944,32.702500, ,0.0,0.0,2,7500,0,0,0,0,0,0
CF,NIHOZ,38.166533,32.655481,0,KNY,16.9,11.0,208.0,4.0,2,7200,0,0,0,0,0,0

FINAL,D19RS,19R,D,3
IF,NIHOZ,38.166533,32.655481,KNY,16.9,11.0,2,7200,0,0,0,0,0,0
CF,FF19R,38.089031,32.614186,0,KNY,17.0,6.0,197.0,5.0,2,5700,0,0,0,0,2,0
CF,MA19R,38.010711,32.572108,0,KNY,17.0,0.9,197.0,5.1,1,3829,0,0,0,0,3,0
CF,KNY,37.996889,32.564694,0,KNY,0.0,0.0,197.0,0.9,0,0,0,0,0,0,0,0
FA,KNY,37.996889,32.564694,0,KNY,0.0,0.0,187.0,2,5100,0,0,0,0,0,0
DF,KNY,37.996889,32.564694,2, ,0.0,0.0,2,6500,0,1,185,0,0,0
TF,GIPIR,38.221944,32.702500,0, ,0.0,0.0,0.0,0.0,1,7500,0,0,0,0,0,0
HM,GIPIR,38.221944,32.702500,2, ,0.0,0.0,200.0,04.3,2,7500,0,1,230,0,0,0,0

APPTR,D19RV,19R,KNY
IF,KNY,37.996889,32.564694, ,0.0,0.0,2,8000,0,0,0,0,0,0
CF,FF19R,38.089031,32.614186,0,KNY,17.0,6.0,17.0,6.0,2,6300,0,0,0,0,0,0
FC,FF19R,38.089031,32.614186,0,KNY,0.0,0.0,62.0,4.6,0,0,0,1,220,0,0,1
CF,D017H,38.119739,32.630711,1,KNY,17.0,8.0,197.0,3.0,2,6300,0,0,0,0,0,0
CF,FF19R,38.089031,32.614186,0,KNY,17.0,6.0,197.0,2.0,2,5700,0,0,0,0,0,0

FINAL,D19RV,19R,D,2
IF,FF19R,38.089031,32.614186,KNY,17.0,6.0,2,5700,0,0,0,0,2,0
CF,MA19R,38.010711,32.572108,0,KNY,17.0,0.9,197.0,5.1,1,3829,0,0,0,0,3,0
CF,KNY,37.996889,32.564694,0,KNY,0.0,0.0,197.0,0.9,0,0,0,0,0,0,0,0
FD,KNY,37.996889,32.564694,0,KNY,0.0,15.0,187.0,15.0,2,6000,0,0,0,0,0,0
DF,KNY,37.996889,32.564694,1, ,0.0,0.0,1,8000,0,0,0,0,0,0
HM,KNY,37.996889,32.564694,2, ,0.0,0.0,20.0,04.3,2,8000,0,1,230,0,0,0,0

APPTR,I01LW,01L,LUMOS
IF,LUMOS,37.672500,32.464167, ,0.0,0.0,2,8500,0,0,0,0,0,0
TF,UVCUZ,37.740722,32.469333,0, ,0.0,0.0,0.0,0.0,2,7300,0,0,0,0,0,0
CF,CI01L,37.821011,32.499644,0,IKNY,190.7,11.1,11.0,5.0,2,5700,0,0,0,0,0,0

FINAL,I01LW,01L,I,3
IF,CI01L,37.821011,32.499644,IKNY,190.7,11.1,2,5700,0,0,0,0,0,0
CF,FI01L,37.851381,32.511117,0,IKNY,190.7,9.2,11.0,1.9,1,5700,0,0,0,0,2,0
CF,RW01L,37.965100,32.554161,0,IKNY,190.7,2.0,11.0,7.1,1,3418,0,0,0,0,3,0
CA,0,11.0,2,3800,0,0,0,0,0,0
FA,KNY,37.996889,32.564694,0,KNY,0.0,0.0,8.0,2,6300,0,0,0,0,0,0
DF,KNY,37.996889,32.564694,1, ,0.0,0.0,2,8500,0,1,240,0,0,0
TF,LUMOS,37.672500,32.464167,0, ,0.0,0.0,0.0,0.0,1,8500,0,0,0,0,0,0
HM,LUMOS,37.672500,32.464167,2, ,0.0,0.0,8.0,04.3,2,8500,0,1,230,0,0,0,0

APPTR,I01LZ,01L,KNYN1
IF,KNY,37.996889,32.564694, ,0.0,0.0,2,8000,0,0,0,0,0,0
FC,KNY,37.996889,32.564694,0,KNY,0.0,0.0,173.0,11.0,2,5700,0,1,220,0,0,1
CF,CI01L,37.821011,32.499644,2,IKNY,190.7,11.1,11.0,1.0,2,5700,0,0,0,0,0,0

APPTR,I01LZ,01L,KNYN2
IF,KNY,37.996889,32.564694, ,0.0,0.0,2,8000,0,0,0,0,0,0
FC,KNY,37.996889,32.564694,0,KNY,0.0,0.0,181.0,11.0,2,5700,0,1,220,0,0,1
CF,CI01L,37.821011,32.499644,2,IKNY,190.7,11.1,11.0,1.0,2,5700,0,0,0,0,0,0

APPTR,I01LZ,01L,KNYV1
IF,KNY,37.996889,32.564694, ,0.0,0.0,2,8000,0,0,0,0,0,0
FD,KNY,37.996889,32.564694,0,KNY,0.0,11.0,173.0,11.0,2,5700,0,1,220,0,0,0
CF,CI01L,37.821011,32.499644,2,IKNY,190.7,11.1,11.0,1.0,2,5700,0,0,0,0,0,0

APPTR,I01LZ,01L,KNYV2
IF,KNY,37.996889,32.564694, ,0.0,0.0,2,8000,0,0,0,0,0,0
FD,KNY,37.996889,32.564694,0,KNY,0.0,11.0,181.0,11.0,2,5700,0,1,220,0,0,0
CF,CI01L,37.821011,32.499644,2,IKNY,190.7,11.1,11.0,1.0,2,5700,0,0,0,0,0,0

FINAL,I01LZ,01L,I,3
IF,CI01L,37.821011,32.499644,IKNY,190.7,11.1,2,5700,0,0,0,0,0,0
CF,FI01L,37.851381,32.511117,0,IKNY,190.7,9.2,11.0,1.9,1,5700,0,0,0,0,2,0
CF,RW01L,37.965100,32.554161,0,IKNY,190.7,2.0,11.0,7.1,1,3418,0,0,0,0,3,0
CA,0,11.0,2,4350,0,0,0,0,0,0
FA,KNY,37.996889,32.564694,0,KNY,0.0,0.0,8.0,2,6000,0,0,0,0,0,0
DF,KNY,37.996889,32.564694,2, ,0.0,0.0,1,8000,0,0,0,0,0,0
HM,KNY,37.996889,32.564694,1, ,0.0,0.0,188.0,04.3,2,8000,0,1,230,0,0,0,0

APPTR,L01LT,01L,LUMOS
IF,LUMOS,37.672500,32.464167, ,0.0,0.0,2,8500,0,0,0,0,0,0
TF,UVCUZ,37.740722,32.469333,0, ,0.0,0.0,0.0,0.0,2,7300,0,0,0,0,0,0
CF,CF01L,37.836675,32.505561,0,IKNY,190.7,10.1,11.0,6.0,2,5700,0,0,0,0,0,0

FINAL,L01LT,01L,D,3
IF,CF01L,37.836675,32.505561,IKNY,190.7,10.1,2,5700,0,0,0,0,0,0
CF,FF01L,37.868642,32.517642,0,IKNY,190.7,8.1,11.0,2.0,2,5300,0,0,0,0,2,0
CF,MA01L,37.943761,32.546072,0,IKNY,190.7,3.4,11.0,4.7,1,3844,0,0,0,0,3,0
CF,KNY,37.996889,32.564694,0,KNY,0.0,0.0,11.0,3.3,0,0,0,0,0,0,0,0
FA,KNY,37.996889,32.564694,0,KNY,0.0,0.0,8.0,2,6300,0,0,0,0,0,0
DF,KNY,37.996889,32.564694,1, ,0.0,0.0,2,8500,0,1,240,0,0,0
TF,LUMOS,37.672500,32.464167,0, ,0.0,0.0,0.0,0.0,1,8500,0,0,0,0,0,0
HM,LUMOS,37.672500,32.464167,2, ,0.0,0.0,8.0,04.3,2,8500,0,1,230,0,0,0,0

APPTR,L01LU,01L,KNY
IF,KNY,37.996889,32.564694, ,0.0,0.0,2,8000,0,0,0,0,0,0
CF,FF01L,37.868642,32.517642,0,KNY,190.2,8.0,190.0,8.0,2,5700,0,0,0,0,0,0
FC,FF01L,37.868642,32.517642,0,KNY,0.0,0.0,145.0,4.6,0,0,0,1,220,0,0,1
CF,CF01L,37.836675,32.505561,2,IKNY,190.7,10.1,10.0,3.0,2,5700,0,0,0,0,0,0

FINAL,L01LU,01L,D,3
IF,CF01L,37.836675,32.505561,IKNY,190.7,10.1,2,5700,0,0,0,0,0,0
CF,FF01L,37.868642,32.517642,0,IKNY,190.7,8.1,11.0,2.0,2,5300,0,0,0,0,2,0
CF,MA01L,37.943761,32.546072,0,IKNY,190.7,3.4,11.0,4.7,1,3844,0,0,0,0,3,0
CF,KNY,37.996889,32.564694,0,KNY,0.0,0.0,11.0,3.3,0,0,0,0,0,0,0,0
FD,KNY,37.996889,32.564694,0,KNY,0.0,14.0,8.0,14.0,2,6000,0,0,0,0,0,0
DF,KNY,37.996889,32.564694,2, ,0.0,0.0,1,8000,0,0,0,0,0,0
HM,KNY,37.996889,32.564694,1, ,0.0,0.0,188.0,04.3,2,8000,0,1,230,0,0,0,0

APPTR,N01LA,01L,KNY1
IF,KNY,37.996889,32.564694, ,0.0,0.0,2,8000,0,0,0,0,0,0
TF,FF008,37.883553,32.529042,0, ,0.0,0.0,0.0,0.0,2,5700,0,0,0,0,0,0
FC,FF008,37.883553,32.529042,0,KNY,0.0,0.0,143.0,3.9,0,0,0,1,185,0,0,1
CF,FF008,37.883553,32.529042,2,KNY,188.0,7.0,8.0,5.0,2,5700,0,0,0,0,0,0

APPTR,N01LA,01L,KNY2
IF,KNY,37.996889,32.564694, ,0.0,0.0,2,8000,0,0,0,0,0,0
TF,FF008,37.883553,32.529042,0, ,0.0,0.0,0.0,0.0,2,5700,0,0,0,0,0,0
FC,FF008,37.883553,32.529042,0,KNY,0.0,0.0,143.0,3.1,0,0,0,1,185,0,0,1
CF,FF008,37.883553,32.529042,2,KNY,188.0,7.0,8.0,4.0,2,5700,0,0,0,0,0,0

FINAL,N01LA,01L,N,2
IF,FF008,37.883553,32.529042,KNY,0.0,0.0,2,5700,0,0,0,0,2,0
CF,KNY,37.996889,32.564694,0,KNY,0.0,0.0,8.0,7.0,1,4500,0,0,0,0,3,0
FA,KNY,37.996889,32.564694,0,KNY,0.0,0.0,8.0,2,6500,0,0,0,0,0,0
DF,KNY,37.996889,32.564694,2, ,0.0,0.0,1,8000,0,0,0,0,0,0
HM,KNY,37.996889,32.564694,1, ,0.0,0.0,188.0,04.3,2,8000,0,1,230,0,0,0,0

APPTR,N01RA,01R,KNY1
IF,KNY,37.996889,32.564694, ,0.0,0.0,2,8000,0,0,0,0,0,0
TF,FF008,37.883553,32.529042,0, ,0.0,0.0,0.0,0.0,2,5700,0,0,0,0,0,0
FC,FF008,37.883553,32.529042,0,KNY,0.0,0.0,143.0,3.9,0,0,0,1,185,0,0,1
CF,FF008,37.883553,32.529042,2,KNY,188.0,7.0,8.0,5.0,2,5700,0,0,0,0,0,0

APPTR,N01RA,01R,KNY2
IF,KNY,37.996889,32.564694, ,0.0,0.0,2,8000,0,0,0,0,0,0
TF,FF008,37.883553,32.529042,0, ,0.0,0.0,0.0,0.0,2,5700,0,0,0,0,0,0
FC,FF008,37.883553,32.529042,0,KNY,0.0,0.0,143.0,3.1,0,0,0,1,185,0,0,1
CF,FF008,37.883553,32.529042,2,KNY,188.0,7.0,8.0,4.0,2,5700,0,0,0,0,0,0

FINAL,N01RA,01R,N,2
IF,FF008,37.883553,32.529042,KNY,0.0,0.0,2,5700,0,0,0,0,2,0
CF,KNY,37.996889,32.564694,0,KNY,0.0,0.0,8.0,7.0,1,4500,0,0,0,0,3,0
FA,KNY,37.996889,32.564694,0,KNY,0.0,0.0,8.0,2,6500,0,0,0,0,0,0
DF,KNY,37.996889,32.564694,2, ,0.0,0.0,1,8000,0,0,0,0,0,0
HM,KNY,37.996889,32.564694,1, ,0.0,0.0,188.0,04.3,2,8000,0,1,230,0,0,0,0

APPTR,N19LA,19L,KNY1
IF,KNY,37.996889,32.564694, ,0.0,0.0,2,8000,0,0,0,0,0,0
TF,FF008,37.883553,32.529042,0, ,0.0,0.0,0.0,0.0,2,5700,0,0,0,0,0,0
FC,FF008,37.883553,32.529042,0,KNY,0.0,0.0,143.0,3.9,0,0,0,1,185,0,0,1
CF,FF008,37.883553,32.529042,2,KNY,188.0,7.0,8.0,5.0,2,5700,0,0,0,0,0,0

APPTR,N19LA,19L,KNY2
IF,KNY,37.996889,32.564694, ,0.0,0.0,2,8000,0,0,0,0,0,0
TF,FF008,37.883553,32.529042,0, ,0.0,0.0,0.0,0.0,2,5700,0,0,0,0,0,0
FC,FF008,37.883553,32.529042,0,KNY,0.0,0.0,143.0,3.1,0,0,0,1,185,0,0,1
CF,FF008,37.883553,32.529042,2,KNY,188.0,7.0,8.0,4.0,2,5700,0,0,0,0,0,0

FINAL,N19LA,19L,N,2
IF,FF008,37.883553,32.529042,KNY,0.0,0.0,2,5700,0,0,0,0,2,0
CF,KNY,37.996889,32.564694,0,KNY,0.0,0.0,8.0,7.0,1,4500,0,0,0,0,3,0
FA,KNY,37.996889,32.564694,0,KNY,0.0,0.0,8.0,2,6500,0,0,0,0,0,0
DF,KNY,37.996889,32.564694,2, ,0.0,0.0,1,8000,0,0,0,0,0,0
HM,KNY,37.996889,32.564694,1, ,0.0,0.0,188.0,04.3,2,8000,0,1,230,0,0,0,0

APPTR,N19RA,19R,KNY1
IF,KNY,37.996889,32.564694, ,0.0,0.0,2,8000,0,0,0,0,0,0
TF,FF008,37.883553,32.529042,0, ,0.0,0.0,0.0,0.0,2,5700,0,0,0,0,0,0
FC,FF008,37.883553,32.529042,0,KNY,0.0,0.0,143.0,3.9,0,0,0,1,185,0,0,1
CF,FF008,37.883553,32.529042,2,KNY,188.0,7.0,8.0,5.0,2,5700,0,0,0,0,0,0

APPTR,N19RA,19R,KNY2
IF,KNY,37.996889,32.564694, ,0.0,0.0,2,8000,0,0,0,0,0,0
TF,FF008,37.883553,32.529042,0, ,0.0,0.0,0.0,0.0,2,5700,0,0,0,0,0,0
FC,FF008,37.883553,32.529042,0,KNY,0.0,0.0,143.0,3.1,0,0,0,1,185,0,0,1
CF,FF008,37.883553,32.529042,2,KNY,188.0,7.0,8.0,4.0,2,5700,0,0,0,0,0,0

FINAL,N19RA,19R,N,2
IF,FF008,37.883553,32.529042,KNY,0.0,0.0,2,5700,0,0,0,0,2,0
CF,KNY,37.996889,32.564694,0,KNY,0.0,0.0,8.0,7.0,1,4500,0,0,0,0,3,0
FA,KNY,37.996889,32.564694,0,KNY,0.0,0.0,8.0,2,6500,0,0,0,0,0,0
DF,KNY,37.996889,32.564694,2, ,0.0,0.0,1,8000,0,0,0,0,0,0
HM,KNY,37.996889,32.564694,1, ,0.0,0.0,188.0,04.3,2,8000,0,1,230,0,0,0,0

APPTR,Q01LT,01L,LUMOS
IF,LUMOS,37.672500,32.464167, ,0.0,0.0,2,8500,0,0,0,0,0,0
TF,UVCUZ,37.740722,32.469333,0, ,0.0,0.0,0.0,0.0,2,7300,0,0,0,0,0,0
CF,CF01L,37.836675,32.505561,0,KNY,190.3,10.0,10.0,6.0,2,5700,0,0,0,0,0,0

FINAL,Q01LT,01L,N,3
IF,CF01L,37.836675,32.505561,KNY,0.0,0.0,2,5700,0,0,0,0,0,0
CF,FF01L,37.868642,32.517642,0,KNY,0.0,0.0,10.0,2.0,2,5300,0,0,0,0,2,0
CF,MA01L,37.943761,32.546072,0,KNY,0.0,3.3,10.0,4.7,1,3844,0,0,0,0,3,0
CF,KNY,37.996889,32.564694,0,KNY,0.0,0.0,10.0,3.3,0,0,0,0,0,0,0,0
FA,KNY,37.996889,32.564694,0,KNY,0.0,0.0,8.0,2,6300,0,0,0,0,0,0
DF,KNY,37.996889,32.564694,1, ,0.0,0.0,2,8500,0,1,240,0,0,0
TF,LUMOS,37.672500,32.464167,0, ,0.0,0.0,0.0,0.0,1,8500,0,0,0,0,0,0
HM,LUMOS,37.672500,32.464167,2, ,0.0,0.0,8.0,04.3,2,8500,0,1,230,0,0,0,0

APPTR,Q01LU,01L,KNY
IF,KNY,37.996889,32.564694, ,0.0,0.0,2,8000,0,0,0,0,0,0
CF,FF01L,37.868642,32.517642,0,KNY,190.2,8.0,190.0,8.0,2,5700,0,0,0,0,0,0
FC,FF01L,37.868642,32.517642,0,KNY,0.0,0.0,145.0,4.6,0,0,0,1,220,0,0,1
CF,D190J,37.836481,32.506700,2,KNY,190.0,10.0,10.0,3.0,2,5700,0,0,0,0,0,0
CF,FF01L,37.868642,32.517642,0,KNY,190.2,8.0,10.0,2.0,2,5300,0,0,0,0,0,0

FINAL,Q01LU,01L,N,2
IF,FF01L,37.868642,32.517642,KNY,0.0,0.0,2,5300,0,0,0,0,2,0
CF,MA01L,37.943761,32.546072,0,KNY,0.0,3.3,10.0,4.7,1,3844,0,0,0,0,3,0
CF,KNY,37.996889,32.564694,0,KNY,0.0,0.0,10.0,3.3,0,0,0,0,0,0,0,0
FC,KNY,37.996889,32.564694,0,KNY,0.0,0.0,8.0,14.0,2,6000,0,0,0,0,0,1
DF,KNY,37.996889,32.564694,2, ,0.0,0.0,1,8000,0,0,0,0,0,0
HM,KNY,37.996889,32.564694,1, ,0.0,0.0,188.0,04.3,2,8000,0,1,230,0,0,0,0

FINAL,Q01RW,01R,N,3
IF,LUMOS,37.672500,32.464167,KNY,0.0,0.0,2,8500,0,0,0,0,0,0
CF,FF01R,37.867361,32.523958,0,KNY,0.0,0.0,8.0,12.0,2,5300,0,0,0,0,2,0
CF,MA01R,37.943461,32.547872,0,KNY,0.0,3.3,8.0,4.7,1,3825,0,0,0,0,3,0
CF,KNY,37.996889,32.564694,0,KNY,0.0,0.0,8.0,3.3,0,0,0,0,0,0,0,0
FA,KNY,37.996889,32.564694,0,KNY,0.0,0.0,8.0,2,6300,0,0,0,0,0,0
DF,KNY,37.996889,32.564694,1, ,0.0,0.0,2,8500,0,1,240,0,0,0
CF,LUMOS,37.672500,32.464167,0,KNY,187.8,20.0,188.0,20.0,1,8500,0,0,0,0,0,0
HM,LUMOS,37.672500,32.464167,2, ,0.0,0.0,8.0,04.3,2,8500,0,1,230,0,0,0,0

APPTR,Q01RY,01R,KNY
IF,KNY,37.996889,32.564694, ,0.0,0.0,2,8000,0,0,0,0,0,0
CF,FF01R,37.867361,32.523958,0,KNY,188.0,8.0,188.0,8.0,2,5700,0,0,0,0,0,0
FC,FF01R,37.867361,32.523958,0,KNY,0.0,0.0,143.0,4.3,0,0,0,1,220,0,0,1
CF,D188J,37.834978,32.513794,2,KNY,188.0,10.0,8.0,3.0,2,5700,0,0,0,0,0,0
CF,FF01R,37.867361,32.523958,0,KNY,188.0,8.0,8.0,2.0,2,5300,0,0,0,0,0,0

FINAL,Q01RY,01R,N,2
IF,FF01R,37.867361,32.523958,KNY,0.0,0.0,2,5300,0,0,0,0,2,0
CF,MA01R,37.943461,32.547872,0,KNY,0.0,3.3,8.0,4.7,1,3825,0,0,0,0,3,0
CF,KNY,37.996889,32.564694,0,KNY,0.0,0.0,8.0,3.3,0,0,0,0,0,0,0,0
FC,KNY,37.996889,32.564694,0,KNY,0.0,0.0,8.0,14.0,2,6000,0,0,0,0,0,1
DF,KNY,37.996889,32.564694,2, ,0.0,0.0,1,8000,0,0,0,0,0,0
HM,KNY,37.996889,32.564694,1, ,0.0,0.0,188.0,04.3,2,8000,0,1,230,0,0,0,0

FINAL,Q19LX,19L,N,3
IF,GIPIR,38.221944,32.702500,KNY,0.0,0.0,2,7500,0,0,0,0,0,0
CF,FF19L,38.087025,32.619772,0,KNY,0.0,0.0,200.0,9.0,2,5700,0,0,0,0,2,0
CF,MA19L,38.010411,32.572947,0,KNY,0.0,0.9,200.0,5.1,1,3815,0,0,0,0,3,0
CF,KNY,37.996889,32.564694,0,KNY,0.0,0.0,200.0,0.9,0,0,0,0,0,0,0,0
FA,KNY,37.996889,32.564694,0,KNY,0.0,0.0,187.0,2,5100,0,0,0,0,0,0
DF,KNY,37.996889,32.564694,2, ,0.0,0.0,2,6500,0,1,185,0,0,0
CF,GIPIR,38.221944,32.702500,0,KNY,19.8,15.0,20.0,15.0,1,7500,0,0,0,0,0,0
HM,GIPIR,38.221944,32.702500,2, ,0.0,0.0,200.0,04.3,2,7500,0,1,230,0,0,0,0

APPTR,Q19LZ,19L,KNY
IF,KNY,37.996889,32.564694, ,0.0,0.0,2,8000,0,0,0,0,0,0
CF,FF19L,38.087025,32.619772,0,KNY,19.8,6.0,20.0,6.0,2,6300,0,0,0,0,0,0
FC,FF19L,38.087025,32.619772,0,KNY,0.0,0.0,65.0,4.6,0,0,0,1,220,0,0,1
CF,D020H,38.116836,32.638758,1,KNY,20.0,8.0,200.0,3.0,2,6300,0,0,0,0,0,0
CF,FF19L,38.087025,32.619772,0,KNY,19.8,6.0,200.0,2.0,2,5700,0,0,0,0,0,0

FINAL,Q19LZ,19L,N,2
IF,FF19L,38.087025,32.619772,KNY,0.0,0.0,2,5700,0,0,0,0,2,0
CF,MA19L,38.010411,32.572947,0,KNY,0.0,0.9,200.0,5.1,1,3815,0,0,0,0,3,0
CF,KNY,37.996889,32.564694,0,KNY,0.0,0.0,200.0,0.9,0,0,0,0,0,0,0,0
FD,KNY,37.996889,32.564694,0,KNY,0.0,15.0,187.0,15.0,2,6000,0,0,0,0,0,0
DF,KNY,37.996889,32.564694,1, ,0.0,0.0,1,8000,0,0,0,0,0,0
HM,KNY,37.996889,32.564694,2, ,0.0,0.0,20.0,04.3,2,8000,0,1,230,0,0,0,0

APPTR,Q19RS,19R,GIPIR
IF,GIPIR,38.221944,32.702500, ,0.0,0.0,2,7500,0,0,0,0,0,0
CF,NIHOZ,38.166533,32.655481,0,KNY,16.9,11.0,208.0,4.0,2,7200,0,0,0,0,0,0

FINAL,Q19RS,19R,N,3
IF,NIHOZ,38.166533,32.655481,KNY,0.0,0.0,2,7200,0,0,0,0,0,0
CF,FF19R,38.089031,32.614186,0,KNY,0.0,0.0,197.0,5.0,2,5700,0,0,0,0,2,0
CF,MA19R,38.010711,32.572108,0,KNY,0.0,0.9,197.0,5.1,1,3829,0,0,0,0,3,0
CF,KNY,37.996889,32.564694,0,KNY,0.0,0.0,197.0,0.9,0,0,0,0,0,0,0,0
FA,KNY,37.996889,32.564694,0,KNY,0.0,0.0,187.0,2,5100,0,0,0,0,0,0
DF,KNY,37.996889,32.564694,2, ,0.0,0.0,2,6500,0,1,185,0,0,0
TF,GIPIR,38.221944,32.702500,0, ,0.0,0.0,0.0,0.0,1,7500,0,0,0,0,0,0
HM,GIPIR,38.221944,32.702500,2, ,0.0,0.0,200.0,04.3,2,7500,0,1,230,0,0,0,0

APPTR,Q19RV,19R,KNY
IF,KNY,37.996889,32.564694, ,0.0,0.0,2,8000,0,0,0,0,0,0
CF,FF19R,38.089031,32.614186,0,KNY,17.0,6.0,17.0,6.0,2,6300,0,0,0,0,0,0
FC,FF19R,38.089031,32.614186,0,KNY,0.0,0.0,62.0,4.6,0,0,0,1,220,0,0,1
CF,D017H,38.119739,32.630711,1,KNY,17.0,8.0,197.0,3.0,2,6300,0,0,0,0,0,0
CF,FF19R,38.089031,32.614186,0,KNY,17.0,6.0,197.0,2.0,2,5700,0,0,0,0,0,0

FINAL,Q19RV,19R,N,2
IF,FF19R,38.089031,32.614186,KNY,0.0,0.0,2,5700,0,0,0,0,2,0
CF,MA19R,38.010711,32.572108,0,KNY,0.0,0.9,197.0,5.1,1,3829,0,0,0,0,3,0
CF,KNY,37.996889,32.564694,0,KNY,0.0,0.0,197.0,0.9,0,0,0,0,0,0,0,0
FC,KNY,37.996889,32.564694,0,KNY,0.0,0.0,187.0,15.0,2,6000,0,0,0,0,0,1
DF,KNY,37.996889,32.564694,1, ,0.0,0.0,1,8000,0,0,0,0,0,0
HM,KNY,37.996889,32.564694,2, ,0.0,0.0,20.0,04.3,2,8000,0,1,230,0,0,0,0

APPTR,R01L,01L,YANIK
IF,YANIK,37.645450,32.433353, ,0.0,0.0,4,14000,8000,0,0,0,1,0
TF,CESUR,37.773317,32.481594,0, ,0.0,0.0,0.0,0.0,2,7000,0,0,0,0,1,0

APPTR,R01L,01L,YENER
IF,YENER,37.693464,32.616283, ,0.0,0.0,4,14000,7000,0,0,0,1,0
TF,CESUR,37.773317,32.481594,0, ,0.0,0.0,0.0,0.0,2,7000,0,0,0,0,1,0

FINAL,R01L,01L,R,3
IF,CESUR,37.773317,32.481594, ,0.0,0.0,2,7000,0,0,0,0,0,0
TF,ANZER,37.885200,32.523878,0, ,0.0,0.0,11.0,7.0,1,5000,0,1,200,0,2,0
TF,RW01L,37.965100,32.554161,0, ,0.0,0.0,11.0,5.0,1,3417,0,0,0,0,3,1
DF,YENER,37.693464,32.616283,2, ,0.0,0.0,2,7000,0,0,0,0,0,1
HM,YENER,37.693464,32.616283,2, ,0.0,0.0,301.0,07,3,14000,0,0,0,0,0,0,0

APPTR,V01LA,01L,KNY1
IF,KNY,37.996889,32.564694, ,0.0,0.0,2,8000,0,0,0,0,0,0
TF,FF008,37.883553,32.529042,0, ,0.0,0.0,0.0,0.0,2,5700,0,0,0,0,0,0
FC,FF008,37.883553,32.529042,0,KNY,0.0,0.0,143.0,3.9,0,0,0,1,185,0,0,1
CF,FF008,37.883553,32.529042,2,KNY,188.0,7.0,8.0,5.0,2,5700,0,0,0,0,0,0

APPTR,V01LA,01L,KNY2
IF,KNY,37.996889,32.564694, ,0.0,0.0,2,8000,0,0,0,0,0,0
TF,FF008,37.883553,32.529042,0, ,0.0,0.0,0.0,0.0,2,5700,0,0,0,0,0,0
FC,FF008,37.883553,32.529042,0,KNY,0.0,0.0,143.0,3.1,0,0,0,1,185,0,0,1
CF,FF008,37.883553,32.529042,2,KNY,188.0,7.0,8.0,4.0,2,5700,0,0,0,0,0,0

FINAL,V01LA,01L,D,2
IF,FF008,37.883553,32.529042,KNY,188.0,7.0,2,5700,0,0,0,0,2,0
CF,KNY,37.996889,32.564694,0,KNY,0.0,0.0,8.0,7.0,1,4500,0,0,0,0,3,0
FA,KNY,37.996889,32.564694,0,KNY,0.0,0.0,8.0,2,6500,0,0,0,0,0,0
DF,KNY,37.996889,32.564694,2, ,0.0,0.0,1,8000,0,0,0,0,0,0
HM,KNY,37.996889,32.564694,1, ,0.0,0.0,188.0,04.3,2,8000,0,1,230,0,0,0,0

APPTR,V01RA,01R,KNY1
IF,KNY,37.996889,32.564694, ,0.0,0.0,2,8000,0,0,0,0,0,0
TF,FF008,37.883553,32.529042,0, ,0.0,0.0,0.0,0.0,2,5700,0,0,0,0,0,0
FC,FF008,37.883553,32.529042,0,KNY,0.0,0.0,143.0,3.9,0,0,0,1,185,0,0,1
CF,FF008,37.883553,32.529042,2,KNY,188.0,7.0,8.0,5.0,2,5700,0,0,0,0,0,0

APPTR,V01RA,01R,KNY2
IF,KNY,37.996889,32.564694, ,0.0,0.0,2,8000,0,0,0,0,0,0
TF,FF008,37.883553,32.529042,0, ,0.0,0.0,0.0,0.0,2,5700,0,0,0,0,0,0
FC,FF008,37.883553,32.529042,0,KNY,0.0,0.0,143.0,3.1,0,0,0,1,185,0,0,1
CF,FF008,37.883553,32.529042,2,KNY,188.0,7.0,8.0,4.0,2,5700,0,0,0,0,0,0

FINAL,V01RA,01R,D,2
IF,FF008,37.883553,32.529042,KNY,188.0,7.0,2,5700,0,0,0,0,2,0
CF,KNY,37.996889,32.564694,0,KNY,0.0,0.0,8.0,7.0,1,4500,0,0,0,0,3,0
FA,KNY,37.996889,32.564694,0,KNY,0.0,0.0,8.0,2,6500,0,0,0,0,0,0
DF,KNY,37.996889,32.564694,2, ,0.0,0.0,1,8000,0,0,0,0,0,0
HM,KNY,37.996889,32.564694,1, ,0.0,0.0,188.0,04.3,2,8000,0,1,230,0,0,0,0

APPTR,V19LA,19L,KNY1
IF,KNY,37.996889,32.564694, ,0.0,0.0,2,8000,0,0,0,0,0,0
TF,FF008,37.883553,32.529042,0, ,0.0,0.0,0.0,0.0,2,5700,0,0,0,0,0,0
FC,FF008,37.883553,32.529042,0,KNY,0.0,0.0,143.0,3.9,0,0,0,1,185,0,0,1
CF,FF008,37.883553,32.529042,2,KNY,188.0,7.0,8.0,5.0,2,5700,0,0,0,0,0,0

APPTR,V19LA,19L,KNY2
IF,KNY,37.996889,32.564694, ,0.0,0.0,2,8000,0,0,0,0,0,0
TF,FF008,37.883553,32.529042,0, ,0.0,0.0,0.0,0.0,2,5700,0,0,0,0,0,0
FC,FF008,37.883553,32.529042,0,KNY,0.0,0.0,143.0,3.1,0,0,0,1,185,0,0,1
CF,FF008,37.883553,32.529042,2,KNY,188.0,7.0,8.0,4.0,2,5700,0,0,0,0,0,0

FINAL,V19LA,19L,D,2
IF,FF008,37.883553,32.529042,KNY,188.0,7.0,2,5700,0,0,0,0,2,0
CF,KNY,37.996889,32.564694,0,KNY,0.0,0.0,8.0,7.0,1,4500,0,0,0,0,3,0
FA,KNY,37.996889,32.564694,0,KNY,0.0,0.0,8.0,2,6500,0,0,0,0,0,0
DF,KNY,37.996889,32.564694,2, ,0.0,0.0,1,8000,0,0,0,0,0,0
HM,KNY,37.996889,32.564694,1, ,0.0,0.0,188.0,04.3,2,8000,0,1,230,0,0,0,0

APPTR,V19RA,19R,KNY1
IF,KNY,37.996889,32.564694, ,0.0,0.0,2,8000,0,0,0,0,0,0
TF,FF008,37.883553,32.529042,0, ,0.0,0.0,0.0,0.0,2,5700,0,0,0,0,0,0
FC,FF008,37.883553,32.529042,0,KNY,0.0,0.0,143.0,3.9,0,0,0,1,185,0,0,1
CF,FF008,37.883553,32.529042,2,KNY,188.0,7.0,8.0,5.0,2,5700,0,0,0,0,0,0

APPTR,V19RA,19R,KNY2
IF,KNY,37.996889,32.564694, ,0.0,0.0,2,8000,0,0,0,0,0,0
TF,FF008,37.883553,32.529042,0, ,0.0,0.0,0.0,0.0,2,5700,0,0,0,0,0,0
FC,FF008,37.883553,32.529042,0,KNY,0.0,0.0,143.0,3.1,0,0,0,1,185,0,0,1
CF,FF008,37.883553,32.529042,2,KNY,188.0,7.0,8.0,4.0,2,5700,0,0,0,0,0,0

FINAL,V19RA,19R,D,2
IF,FF008,37.883553,32.529042,KNY,188.0,7.0,2,5700,0,0,0,0,2,0
CF,KNY,37.996889,32.564694,0,KNY,0.0,0.0,8.0,7.0,1,4500,0,0,0,0,3,0
FA,KNY,37.996889,32.564694,0,KNY,0.0,0.0,8.0,2,6500,0,0,0,0,0,0
DF,KNY,37.996889,32.564694,2, ,0.0,0.0,1,8000,0,0,0,0,0,0
HM,KNY,37.996889,32.564694,1, ,0.0,0.0,188.0,04.3,2,8000,0,1,230,0,0,0,0

