SID,ENFO2A,06,2
CA,0,64.0,2,2260,0,0,0,0,0,0
CF,D077P,40.345872,36.716194,0,TKT,77.0,16.0,77.0,13.0,0,0,0,0,0,0,0,0
AF,D183P,40.055136,36.313139,2,TKT,182.3,16.0,77.0,0,0,0,0,0,0,0,0
TF,ENFOR,39.873889,36.274722,0, ,0.0,0.0,0.0,0.0,0,0,0,0,0,0,0,0

SID,ENFO2B,24,2
CF,D242W,40.180081,35.902411,0,TKT,242.0,23.0,242.0,24.0,0,0,0,0,0,0,0,0
AF,D183W,39.939903,36.288689,1,TKT,182.3,23.0,242.0,0,0,0,0,0,0,0,0
TF,ENFOR,39.873889,36.274722,0, ,0.0,0.0,0.0,0.0,0,0,0,0,0,0,0,0

SID,ENFO3A,06,5
VA,0,64.0,2,2250,0,0,0,0,0,0
CF,AW101,40.341639,36.599800,0,TKT,75.5,10.7,79.0,9.0,0,0,0,1,240,0,0,0
TF,AW102,40.258358,36.605189,2, ,0.0,0.0,0.0,0.0,0,0,0,0,0,0,0,0
TF,AW103,40.092344,36.346014,0, ,0.0,0.0,0.0,0.0,0,0,0,0,0,0,0,0
TF,ENFOR,39.873889,36.274722,0, ,0.0,0.0,0.0,0.0,0,0,0,0,0,0,0,0

SID,ENFO3B,24,5
CF,AW104,40.249622,36.118628,0,TKT,243.4,12.2,244.0,12.5,0,0,0,1,240,0,0,0
TF,AW103,40.092344,36.346014,1, ,0.0,0.0,0.0,0.0,0,0,0,0,0,0,0,0
TF,ENFOR,39.873889,36.274722,0, ,0.0,0.0,0.0,0.0,0,0,0,0,0,0,0,0

STAR,HAKC1A,ALL,2
IF,HAKCE,39.918594,35.935697, ,0.0,0.0,2,18000,0,0,0,0,0,0
TF,D214V,40.036656,36.063003,0, ,0.0,0.0,0.0,0.0,0,0,0,0,0,0,0,0
TF,TKT,40.318500,36.369333,0, ,0.0,0.0,0.0,0.0,0,0,0,0,0,0,0,0

APPTR,D06-Y,06,HAKCE
IF,HAKCE,39.918594,35.935697, ,0.0,0.0,2,13000,0,1,230,0,1,0
TF,AW001,40.170739,35.995336,0, ,0.0,0.0,0.0,0.0,2,8240,0,0,0,0,1,0
TF,FD06,40.246564,36.131778,0, ,0.0,0.0,0.0,0.0,2,6350,0,0,0,0,0,0

FINAL,D06-Y,06,D,3
IF,FD06,40.246564,36.131778,TKT,241.5,11.7,2,6350,0,0,0,0,2,0
CF,72VOR,40.274400,36.223456,0,TKT,241.5,7.2,62.0,4.5,2,4690,0,0,0,0,0,0
CF,MD06,40.304431,36.322711,0,TKT,241.5,2.3,62.0,4.9,1,2862,0,0,0,0,3,0
CF,TKT,40.318500,36.369333,0,TKT,0.0,0.0,62.0,2.3,0,0,0,0,0,0,0,0
FA,TKT,40.318500,36.369333,0,TKT,0.0,0.0,71.0,2,4000,0,0,0,0,0,0
DF,TKT,40.318500,36.369333,2, ,0.0,0.0,1,10000,0,1,210,0,0,0
HM,TKT,40.318500,36.369333,2, ,0.0,0.0,246.0,04.3,2,10000,0,0,0,0,0,0,0

APPTR,D06-Z,06,TKT
IF,TKT,40.318500,36.369333, ,0.0,0.0,2,10000,0,0,0,0,0,0
TF,CD06,40.215933,36.031269,0, ,0.0,0.0,0.0,0.0,2,7300,0,0,0,0,0,0
FC,CD06,40.215933,36.031269,0,TKT,0.0,0.0,287.0,4.0,0,0,0,1,185,0,0,1
CF,D242U,40.191222,35.950447,1,TKT,241.5,20.7,62.0,1.0,2,7300,0,0,0,0,0,0
CF,CD06,40.215933,36.031269,0,TKT,241.5,16.7,62.0,4.0,2,7300,0,0,0,0,1,0

FINAL,D06-Z,06,D,4
IF,CD06,40.215933,36.031269,TKT,241.5,16.7,2,7300,0,0,0,0,0,0
CF,FD06,40.246564,36.131778,0,TKT,241.5,11.7,62.0,5.0,2,6350,0,0,0,0,2,0
CF,72VOR,40.274400,36.223456,0,TKT,241.5,7.2,62.0,4.5,2,4690,0,0,0,0,0,0
CF,MD06,40.304431,36.322711,0,TKT,241.5,2.3,62.0,4.9,1,2862,0,0,0,0,3,0
CF,TKT,40.318500,36.369333,0,TKT,0.0,0.0,62.0,2.3,0,0,0,0,0,0,0,0
FA,TKT,40.318500,36.369333,0,TKT,0.0,0.0,71.0,2,4000,0,0,0,0,0,0
DF,TKT,40.318500,36.369333,2, ,0.0,0.0,1,10000,0,1,210,0,0,0
HM,TKT,40.318500,36.369333,2, ,0.0,0.0,246.0,04.3,2,10000,0,0,0,0,0,0,0

APPTR,I06-Y,06,HAKCE
IF,HAKCE,39.918594,35.935697, ,0.0,0.0,2,13000,0,1,230,0,1,0
TF,AW001,40.170739,35.995336,0, ,0.0,0.0,0.0,0.0,2,8240,0,0,0,0,0,0
TF,EZIKE,40.234675,36.065150,0,ITKA,0.0,0.0,0.0,0.0,2,6645,0,0,0,0,1,0

FINAL,I06-Y,06,I,3
IF,EZIKE,40.234675,36.065150,ITKA,243.2,16.8,2,6645,0,0,0,0,0,0
CF,FF06,40.264111,36.170542,0,ITKA,243.2,11.6,64.0,5.2,1,5615,0,0,0,0,2,0
CF,RW06,40.320817,36.375314,0,ITKA,243.2,1.6,64.0,10.0,1,1897,0,0,0,0,3,0
CF,TKT,40.318500,36.369333,0,TKT,0.0,0.0,64.0,0.3,0,0,0,0,0,0,0,0
FA,TKT,40.318500,36.369333,0,TKT,0.0,0.0,71.0,2,4000,0,0,0,0,0,0
DF,TKT,40.318500,36.369333,2, ,0.0,0.0,1,10000,0,1,210,0,0,0
HM,TKT,40.318500,36.369333,2, ,0.0,0.0,246.0,04.3,2,10000,0,0,0,0,0,0,0

APPTR,I06-Z,06,TKT
IF,TKT,40.318500,36.369333, ,0.0,0.0,2,10000,0,0,0,0,0,0
CF,D244M,40.248694,36.105892,0,TKT,244.0,12.8,244.0,12.8,2,6600,0,0,0,0,0,0
FC,D244M,40.248694,36.105892,0,TKT,0.0,0.0,289.0,3.9,0,0,0,1,185,0,0,1
CF,CF06,40.234831,36.065589,1,ITKA,243.2,16.7,64.0,3.0,2,6600,0,0,0,0,0,0

FINAL,I06-Z,06,I,3
IF,CF06,40.234831,36.065589,ITKA,243.2,16.7,2,6600,0,0,0,0,0,0
CF,FF06,40.264111,36.170542,0,ITKA,243.2,11.6,64.0,5.1,1,5615,0,0,0,0,2,0
CF,RW06,40.320817,36.375314,0,ITKA,243.2,1.6,64.0,10.0,1,1897,0,0,0,0,3,0
CF,TKT,40.318500,36.369333,0,TKT,0.0,0.0,64.0,0.3,0,0,0,0,0,0,0,0
FA,TKT,40.318500,36.369333,0,TKT,0.0,0.0,71.0,2,4000,0,0,0,0,0,0
DF,TKT,40.318500,36.369333,2, ,0.0,0.0,1,10000,0,1,210,0,0,0
HM,TKT,40.318500,36.369333,2, ,0.0,0.0,246.0,04.3,2,10000,0,0,0,0,0,0,0

APPTR,R06,06,HAKCE
IF,HAKCE,39.918594,35.935697, ,0.0,0.0,2,13000,0,1,230,0,1,0
TF,AW001,40.170739,35.995336,0, ,0.0,0.0,0.0,0.0,2,8240,0,0,0,0,0,0
TF,EZIKE,40.234675,36.065150,0, ,0.0,0.0,0.0,0.0,2,6645,0,1,185,0,1,0

FINAL,R06,06,R,3
IF,EZIKE,40.234675,36.065150, ,0.0,0.0,2,6645,0,1,185,0,0,0
TF,OFILE,40.263200,36.167383,0, ,0.0,0.0,63.0,5.0,1,5665,0,0,0,0,2,0
TF,MA06,40.315158,36.354822,0, ,0.0,0.0,63.0,9.2,1,2263,0,0,0,0,3,1
TF,AW002,40.350411,36.597031,0, ,0.0,0.0,0.0,0.0,0,0,0,1,185,0,0,0
TF,AW003,40.008083,36.369097,2, ,0.0,0.0,0.0,0.0,0,0,0,1,230,0,0,0
TF,HAKCE,39.918594,35.935697,0, ,0.0,0.0,0.0,0.0,2,13000,0,1,230,0,0,0
HM,HAKCE,39.918594,35.935697,2, ,0.0,0.0,68.0,04.3,2,13000,0,0,0,0,0,0,0

APPTR,R24,24,HAKCE
IF,HAKCE,39.918594,35.935697, ,0.0,0.0,2,13000,0,1,230,0,1,0
TF,AW003,40.008083,36.369097,0, ,0.0,0.0,0.0,0.0,1,9000,0,0,0,0,0,0
TF,AW004,40.280789,36.829678,0, ,0.0,0.0,0.0,0.0,2,8800,0,1,185,0,0,0
TF,ELZAD,40.339911,36.698178,1, ,0.0,0.0,0.0,0.0,2,6040,0,0,0,0,1,0

FINAL,R24,24,R,5
IF,ELZAD,40.339911,36.698178, ,0.0,0.0,2,6040,0,0,0,0,0,0
TF,AW005,40.340275,36.621897,0, ,0.0,0.0,264.0,3.5,2,4930,0,0,0,0,0,0
TF,SELCI,40.340628,36.534725,0, ,0.0,0.0,264.0,4.0,1,4130,0,1,185,0,2,0
TF,AW006,40.337181,36.480431,0, ,0.0,0.0,259.0,2.5,2,3200,0,0,0,0,0,0
TF,MA24,40.333369,36.420842,0, ,0.0,0.0,259.0,2.7,1,2185,0,0,0,0,3,1
TF,AW007,40.268883,36.187825,0, ,0.0,0.0,0.0,0.0,0,0,0,0,0,0,0,0
TF,HAKCE,39.918594,35.935697,0, ,0.0,0.0,0.0,0.0,2,13000,0,1,230,0,0,0
HM,HAKCE,39.918594,35.935697,2, ,0.0,0.0,68.0,04.3,2,13000,0,0,0,0,0,0,0

