SID,AZBU1A,11,2
CA,0,111.0,2,3490,0,0,0,0,0,0
CF,D109E,38.732947,34.640233,0,TZK,107.7,5.0,109.0,5.0,0,0,0,0,0,0,0,1
CF,TZK,38.766750,34.542083,2,TZK,0.0,0.0,325.0,5.0,0,0,0,1,210,0,0,0
TF,KOVEM,38.877178,34.333300,0, ,0.0,0.0,0.0,0.0,0,0,0,0,0,0,0,0
TF,ULRAS,38.993300,34.112536,0, ,0.0,0.0,0.0,0.0,0,0,0,0,0,0,0,0
TF,AZBUL,39.382222,33.361944,0, ,0.0,0.0,0.0,0.0,0,0,0,0,0,0,0,0

SID,AZBU1B,29,2
CA,0,291.0,2,3490,0,0,0,0,0,0
CF,KOVEM,38.877178,34.333300,0,TZK,298.1,11.8,298.0,10.0,0,0,0,0,0,0,0,0
TF,ULRAS,38.993300,34.112536,0, ,0.0,0.0,0.0,0.0,0,0,0,0,0,0,0,0
TF,AZBUL,39.382222,33.361944,0, ,0.0,0.0,0.0,0.0,0,0,0,0,0,0,0,0

SID,AZBU1Z,11,2
CA,0,109.0,2,4300,0,0,0,0,0,0
CF,TZK,38.766750,34.542083,2,TZK,0.0,0.0,325.0,4.0,0,0,0,1,210,0,0,0
TF,KOVEM,38.877178,34.333300,0, ,0.0,0.0,0.0,0.0,0,0,0,0,0,0,0,0
TF,ULRAS,38.993300,34.112536,0, ,0.0,0.0,0.0,0.0,0,0,0,0,0,0,0,0
TF,AZBUL,39.382222,33.361944,0, ,0.0,0.0,0.0,0.0,0,0,0,0,0,0,0,0

SID,URGU1A,11,2
CA,0,111.0,2,3490,0,0,0,0,0,0
CF,D109E,38.732947,34.640233,0,TZK,107.7,5.0,109.0,5.0,0,0,0,0,0,0,0,1
CF,TZK,38.766750,34.542083,2,TZK,0.0,0.0,325.0,5.0,0,0,0,1,210,0,0,0
TF,UNOBA,38.666433,34.333311,0, ,0.0,0.0,0.0,0.0,0,0,0,0,0,0,0,0
TF,ETVER,38.615817,34.227336,0, ,0.0,0.0,0.0,0.0,0,0,0,0,0,0,0,0
TF,URGUP,38.521111,34.030000,0, ,0.0,0.0,0.0,0.0,0,0,0,0,0,0,0,0

SID,URGU1B,29,2
CF,D292I,38.837117,34.372578,0,TZK,292.0,9.0,292.0,8.0,0,0,0,0,0,0,0,0
AF,D232I,38.688278,34.378661,1,TZK,232.5,9.0,292.0,0,0,0,1,230,0,0,0
TF,UNOBA,38.666433,34.333311,0, ,0.0,0.0,0.0,0.0,0,0,0,0,0,0,0,0
TF,ETVER,38.615817,34.227336,0, ,0.0,0.0,0.0,0.0,0,0,0,0,0,0,0,0
TF,URGUP,38.521111,34.030000,0, ,0.0,0.0,0.0,0.0,0,0,0,0,0,0,0,0

SID,URGU1Y,29,2
CA,0,292.0,2,3800,0,0,0,0,0,0
CI,1, ,0.0,187.0,0,0,0,1,230,0,0,0
CF,UNOBA,38.666433,34.333311,0,TZK,232.5,11.5,232.0,5.0,0,0,0,0,0,0,0,0
TF,ETVER,38.615817,34.227336,0, ,0.0,0.0,0.0,0.0,0,0,0,0,0,0,0,0
TF,URGUP,38.521111,34.030000,0, ,0.0,0.0,0.0,0.0,0,0,0,0,0,0,0,0

SID,URGU1Z,11,2
CA,0,109.0,2,4300,0,0,0,0,0,0
CF,TZK,38.766750,34.542083,2,TZK,0.0,0.0,325.0,4.0,0,0,0,1,210,0,0,0
TF,UNOBA,38.666433,34.333311,1, ,0.0,0.0,0.0,0.0,0,0,0,0,0,0,0,0
TF,ETVER,38.615817,34.227336,0, ,0.0,0.0,0.0,0.0,0,0,0,0,0,0,0,0
TF,URGUP,38.521111,34.030000,0, ,0.0,0.0,0.0,0.0,0,0,0,0,0,0,0,0

STAR,ETVE1C,ALL,2
IF,ETVER,38.615817,34.227336, ,0.0,0.0,0,0,0,0,0,0,0,0
TF,UNOBA,38.666433,34.333311,0, ,0.0,0.0,0.0,0.0,0,0,0,0,0,0,0,0
TF,TZK,38.766750,34.542083,0, ,0.0,0.0,0.0,0.0,0,0,0,0,0,0,0,0

STAR,ULRA1C,ALL,2
IF,ULRAS,38.993300,34.112536, ,0.0,0.0,0,0,0,0,0,0,0,0
TF,KOVEM,38.877178,34.333300,0, ,0.0,0.0,0.0,0.0,0,0,0,0,0,0,0,0
TF,TZK,38.766750,34.542083,0, ,0.0,0.0,0.0,0.0,0,0,0,0,0,0,0,0

STAR,ULRA1E,ALL,2
IF,ULRAS,38.993300,34.112536, ,0.0,0.0,0,0,0,0,0,0,0,0
TF,BUGIV,38.897417,34.220917,0, ,0.0,0.0,0.0,0.0,0,0,0,0,0,0,0,0

FINAL,D11-U,11,D,2
IF,FF11,38.855539,34.336811,TZK,293.0,11.0,2,6300,0,0,0,0,2,0
CF,MA11,38.794400,34.478472,0,TZK,293.1,3.4,113.0,7.6,1,3819,0,0,0,0,3,0
CF,TZK,38.766750,34.542083,0,TZK,0.0,0.0,113.0,3.4,0,0,0,0,0,0,0,0
FD,TZK,38.766750,34.542083,0,TZK,0.0,5.0,110.0,5.0,0,0,0,0,0,0,0,0
DF,TZK,38.766750,34.542083,2, ,0.0,0.0,1,6600,0,1,185,0,0,0
HM,TZK,38.766750,34.542083,2, ,0.0,0.0,113.0,04.3,2,6600,0,1,230,0,0,0,0

APPTR,D11-W,11,BUGIV
IF,BUGIV,38.897417,34.220917, ,0.0,0.0,2,7500,0,0,0,0,1,0
CF,CF11,38.871642,34.299436,0,TZK,293.0,13.0,106.0,4.0,2,6300,0,0,0,0,0,0

FINAL,D11-W,11,D,3
IF,CF11,38.871642,34.299436,TZK,293.0,13.0,2,6300,0,0,0,0,0,0
CF,FF11,38.855539,34.336811,0,TZK,293.0,11.0,113.0,2.0,2,6300,0,0,0,0,2,0
CF,MA11,38.794400,34.478472,0,TZK,293.1,3.4,113.0,7.6,1,3819,0,0,0,0,3,0
CF,TZK,38.766750,34.542083,0,TZK,0.0,0.0,113.0,3.4,0,0,0,0,0,0,0,0
FD,TZK,38.766750,34.542083,0,TZK,0.0,5.0,110.0,5.0,0,0,0,0,0,0,0,0
DF,TZK,38.766750,34.542083,2, ,0.0,0.0,1,6600,0,1,185,0,0,0
HM,TZK,38.766750,34.542083,2, ,0.0,0.0,113.0,04.3,2,6600,0,1,230,0,0,0,0

FINAL,I11-Y,11,I,3
IF,CI11,38.869617,34.290483,ITZK,291.2,13.8,2,6300,0,0,0,0,0,0
CF,FI11,38.854447,34.328492,0,ITZK,291.2,11.8,111.0,2.0,1,6300,0,0,0,0,2,0
CF,RW11,38.778044,34.519203,0,ITZK,291.2,1.8,111.0,10.0,1,3117,0,0,0,0,3,0
CF,TZK,38.766750,34.542083,0,TZK,0.0,0.0,111.0,1.3,0,0,0,0,0,0,0,0
FD,TZK,38.766750,34.542083,0,TZK,0.0,5.0,110.0,5.0,0,0,0,0,0,0,0,0
DF,TZK,38.766750,34.542083,2, ,0.0,0.0,1,6600,0,1,185,0,0,0
HM,TZK,38.766750,34.542083,2, ,0.0,0.0,113.0,04.3,2,6600,0,1,230,0,0,0,0

APPTR,I11-Z,11,BUGIV
IF,BUGIV,38.897417,34.220917, ,0.0,0.0,2,7500,0,0,0,0,1,0
CF,CI11,38.869617,34.290483,0,ITZK,291.2,13.8,111.0,3.7,2,6300,0,0,0,0,0,0

FINAL,I11-Z,11,I,3
IF,CI11,38.869617,34.290483,ITZK,291.2,13.8,2,6300,0,0,0,0,0,0
CF,FI11,38.854447,34.328492,0,ITZK,291.2,11.8,111.0,2.0,1,6300,0,0,0,0,2,0
CF,RW11,38.778044,34.519203,0,ITZK,291.2,1.8,111.0,10.0,1,3117,0,0,0,0,3,0
CF,TZK,38.766750,34.542083,0,TZK,0.0,0.0,111.0,1.3,0,0,0,0,0,0,0,0
FD,TZK,38.766750,34.542083,0,TZK,0.0,5.0,110.0,5.0,0,0,0,0,0,0,0,0
DF,TZK,38.766750,34.542083,2, ,0.0,0.0,1,6600,0,1,185,0,0,0
HM,TZK,38.766750,34.542083,2, ,0.0,0.0,113.0,04.3,2,6600,0,1,230,0,0,0,0

FINAL,N11-A,11,N,2
IF,FF113,38.823292,34.411514,TZK,0.0,0.0,2,6300,0,0,0,0,2,0
CF,TZK,38.766750,34.542083,0,TZK,0.0,0.0,113.0,7.0,1,4500,0,0,0,0,3,0
FA,TZK,38.766750,34.542083,0,TZK,0.0,0.0,110.0,2,5100,0,0,0,0,0,0
DF,TZK,38.766750,34.542083,2, ,0.0,0.0,1,6600,0,1,185,0,0,0
HM,TZK,38.766750,34.542083,2, ,0.0,0.0,113.0,04.3,2,6600,0,1,230,0,0,0,0

FINAL,N29-A,29,N,2
IF,FF113,38.823292,34.411514,TZK,0.0,0.0,2,6300,0,0,0,0,2,0
CF,TZK,38.766750,34.542083,0,TZK,0.0,0.0,113.0,7.0,1,4500,0,0,0,0,3,0
FA,TZK,38.766750,34.542083,0,TZK,0.0,0.0,110.0,2,5100,0,0,0,0,0,0
DF,TZK,38.766750,34.542083,2, ,0.0,0.0,1,6600,0,1,185,0,0,0
HM,TZK,38.766750,34.542083,2, ,0.0,0.0,113.0,04.3,2,6600,0,1,230,0,0,0,0

FINAL,Q11-U,11,N,2
IF,FF11,38.855539,34.336811,TZK,0.0,0.0,2,6300,0,0,0,0,2,0
CF,MA11,38.794400,34.478472,0,TZK,0.0,3.4,113.0,7.6,1,3819,0,0,0,0,3,0
CF,TZK,38.766750,34.542083,0,TZK,0.0,0.0,113.0,3.4,0,0,0,0,0,0,0,0
FD,TZK,38.766750,34.542083,0,TZK,0.0,5.0,110.0,5.0,0,0,0,0,0,0,0,0
DF,TZK,38.766750,34.542083,2, ,0.0,0.0,1,6600,0,1,185,0,0,0
HM,TZK,38.766750,34.542083,2, ,0.0,0.0,113.0,04.3,2,6600,0,1,230,0,0,0,0

APPTR,Q11-W,11,BUGIV
IF,BUGIV,38.897417,34.220917, ,0.0,0.0,2,7500,0,0,0,0,1,0
CF,CF11,38.871642,34.299436,0,TZK,293.0,13.0,106.0,4.0,2,6300,0,0,0,0,0,0

FINAL,Q11-W,11,N,3
IF,CF11,38.871642,34.299436,TZK,0.0,0.0,2,6300,0,0,0,0,0,0
CF,FF11,38.855539,34.336811,0,TZK,0.0,0.0,113.0,2.0,2,6300,0,0,0,0,2,0
CF,MA11,38.794400,34.478472,0,TZK,0.0,3.4,113.0,7.6,1,3819,0,0,0,0,3,0
CF,TZK,38.766750,34.542083,0,TZK,0.0,0.0,113.0,3.4,0,0,0,0,0,0,0,0
FD,TZK,38.766750,34.542083,0,TZK,0.0,5.0,110.0,5.0,0,0,0,0,0,0,0,0
DF,TZK,38.766750,34.542083,2, ,0.0,0.0,1,6600,0,1,185,0,0,0
HM,TZK,38.766750,34.542083,2, ,0.0,0.0,113.0,04.3,2,6600,0,1,230,0,0,0,0

FINAL,V11-A,11,D,2
IF,FF113,38.823292,34.411514,TZK,293.0,7.0,2,6300,0,0,0,0,2,0
CF,TZK,38.766750,34.542083,0,TZK,0.0,0.0,113.0,7.0,1,4500,0,0,0,0,3,0
FA,TZK,38.766750,34.542083,0,TZK,0.0,0.0,110.0,2,5100,0,0,0,0,0,0
DF,TZK,38.766750,34.542083,2, ,0.0,0.0,1,6600,0,1,185,0,0,0
HM,TZK,38.766750,34.542083,2, ,0.0,0.0,113.0,04.3,2,6600,0,1,230,0,0,0,0

FINAL,V29-A,29,D,2
IF,FF113,38.823292,34.411514,TZK,293.0,7.0,2,6300,0,0,0,0,2,0
CF,TZK,38.766750,34.542083,0,TZK,0.0,0.0,113.0,7.0,1,4500,0,0,0,0,3,0
FA,TZK,38.766750,34.542083,0,TZK,0.0,0.0,110.0,2,5100,0,0,0,0,0,0
DF,TZK,38.766750,34.542083,2, ,0.0,0.0,1,6600,0,1,185,0,0,0
HM,TZK,38.766750,34.542083,2, ,0.0,0.0,113.0,04.3,2,6600,0,1,230,0,0,0,0

