SID,BARP1A,05,5
DF,DER05,40.977764,28.836156,0, ,0.0,0.0,0,0,0,0,0,0,0,1
CA,0,52.0,2,2000,0,0,0,0,0,0
DF,BA091,40.940483,28.940653,2, ,0.0,0.0,1,3000,0,1,220,0,0,0
TF,EFESE,40.804931,28.769261,0, ,0.0,0.0,0.0,0.0,1,4000,0,0,0,0,0,0
TF,VAZZO,40.794350,28.594219,0, ,0.0,0.0,0.0,0.0,0,0,0,0,0,0,0,0
TF,ABNIN,40.781914,28.248450,0, ,0.0,0.0,0.0,0.0,0,0,0,0,0,0,0,0
TF,RITGU,40.794131,27.880306,0, ,0.0,0.0,0.0,0.0,0,0,0,0,0,0,0,0
TF,MIVDI,40.795569,27.741297,0, ,0.0,0.0,0.0,0.0,0,0,0,0,0,0,0,0
TF,APSID,40.796839,27.602281,0, ,0.0,0.0,0.0,0.0,0,0,0,0,0,0,0,0
TF,BARPE,40.926111,26.978056,0, ,0.0,0.0,0.0,0.0,0,0,0,0,0,0,0,0

SID,BARP1B,23,5
DF,DER23,40.965650,28.809994,0, ,0.0,0.0,0,0,0,0,0,0,0,1
CF,ASGAX,40.911233,28.692744,0,IST,234.7,6.2,233.0,6.2,0,0,0,0,0,0,0,0
TF,TETPU,40.836850,28.489950,0, ,0.0,0.0,0.0,0.0,0,0,0,0,0,0,0,0
TF,INPIK,40.793825,27.965956,0, ,0.0,0.0,0.0,0.0,0,0,0,0,0,0,0,0
TF,ADMIV,40.771419,27.704236,0, ,0.0,0.0,0.0,0.0,0,0,0,0,0,0,0,0
TF,GUEME,40.758286,27.554008,0, ,0.0,0.0,0.0,0.0,0,0,0,0,0,0,0,0
TF,ORIAC,40.884794,27.336672,0, ,0.0,0.0,0.0,0.0,0,0,0,0,0,0,0,0
TF,BARPE,40.926111,26.978056,0, ,0.0,0.0,0.0,0.0,0,0,0,0,0,0,0,0

SID,BARP1P,23,5
DF,DER23,40.965650,28.809994,0, ,0.0,0.0,0,0,0,0,0,0,0,1
CF,ASGAX,40.911233,28.692744,0,IST,234.7,6.2,233.0,6.2,0,0,0,0,0,0,0,0
TF,UMBEM,40.869050,28.337783,0, ,0.0,0.0,0.0,0.0,0,0,0,0,0,0,0,0
TF,MIVDI,40.795569,27.741297,0, ,0.0,0.0,0.0,0.0,0,0,0,0,0,0,0,0
TF,APSID,40.796839,27.602281,0, ,0.0,0.0,0.0,0.0,0,0,0,0,0,0,0,0
TF,BARPE,40.926111,26.978056,0, ,0.0,0.0,0.0,0.0,0,0,0,0,0,0,0,0

SID,BIG1G,23,2
CA,0,233.0,2,500,0,0,0,0,0,0
CF,D244E,40.932906,28.707372,0,IST,244.0,5.0,244.0,5.0,2,1400,0,0,0,0,0,1
CF,DENIZ,40.832222,28.021667,0,IST,252.1,36.7,252.0,30.0,0,0,0,0,0,0,0,0
TF,BIG,40.284389,27.365528,0, ,0.0,0.0,0.0,0.0,0,0,0,0,0,0,0,0

SID,BKZ1N,05,2
CA,0,53.0,2,500,0,0,0,0,0,0
CF,D050E,41.003406,28.892819,0,IST,50.0,4.5,50.0,3.0,2,1000,0,0,0,0,0,0
TF,BKZ,41.126972,29.142889,0, ,0.0,0.0,0.0,0.0,0,0,0,0,0,0,0,0

SID,BKZ1P,23,2
CA,0,233.0,2,500,0,0,0,0,0,0
CF,D243E,40.931542,28.708047,0,IST,243.0,5.0,244.0,5.0,2,1400,0,0,0,0,0,1
DF,BKZ,41.126972,29.142889,1, ,0.0,0.0,0,0,0,0,0,0,0,0

SID,CRL1G,23,2
CA,0,233.0,2,500,0,0,0,0,0,0
CF,D244E,40.932906,28.707372,0,IST,244.0,5.0,244.0,5.0,2,1400,0,0,0,0,0,0
VI,0, ,0.0,310.0,0,0,0,0,0,0,0,0
CF,CRL,41.150750,27.935000,0,IST,280.2,41.3,280.0,31.0,0,0,0,0,0,0,0,0

SID,EKAW1A,05,5
DF,DER05,40.977764,28.836156,0, ,0.0,0.0,0,0,0,0,0,0,0,1
CF,FILFU,41.019761,28.927028,0,IST,50.5,6.3,52.0,5.0,0,0,0,0,0,0,0,0
TF,IPSUD,41.101683,29.105092,0, ,0.0,0.0,0.0,0.0,0,0,0,0,0,0,0,0
TF,BA071,41.245525,29.104439,0, ,0.0,0.0,0.0,0.0,0,0,0,0,0,0,0,0
TF,BA072,41.389550,29.103797,0, ,0.0,0.0,0.0,0.0,0,0,0,0,0,0,0,0
TF,BETIZ,41.653306,29.358506,0, ,0.0,0.0,0.0,0.0,0,0,0,0,0,0,0,0
TF,OZZAW,41.906800,29.435269,0, ,0.0,0.0,0.0,0.0,0,0,0,0,0,0,0,0
TF,SAFHU,42.062556,29.674025,0, ,0.0,0.0,0.0,0.0,0,0,0,0,0,0,0,0
TF,EKAWE,42.031039,30.123128,0, ,0.0,0.0,0.0,0.0,0,0,0,0,0,0,0,0

SID,EKAW1B,23,5
DF,DER23,40.965650,28.809994,0, ,0.0,0.0,0,0,0,0,0,0,0,1
CA,0,233.0,2,1400,0,0,0,0,0,0
DF,BA085,40.870044,28.834281,1, ,0.0,0.0,0,0,0,1,220,0,0,0
TF,BA086,41.015744,29.219514,0, ,0.0,0.0,0.0,0.0,3,10000,0,0,0,0,0,0
TF,BA087,41.127000,29.316783,0, ,0.0,0.0,0.0,0.0,0,0,0,0,0,0,0,0
TF,NUDMU,41.159686,29.598936,0, ,0.0,0.0,0.0,0.0,0,0,0,0,0,0,0,0
TF,INDUG,41.368969,29.687739,0, ,0.0,0.0,0.0,0.0,2,15000,0,0,0,0,0,0
TF,EVKEB,41.535600,29.758900,0, ,0.0,0.0,0.0,0.0,0,0,0,0,0,0,0,0
TF,UPMIV,41.759767,29.596956,0, ,0.0,0.0,0.0,0.0,0,0,0,0,0,0,0,0
TF,OZZAW,41.906800,29.435269,0, ,0.0,0.0,0.0,0.0,0,0,0,0,0,0,0,0
TF,SAFHU,42.062556,29.674025,0, ,0.0,0.0,0.0,0.0,0,0,0,0,0,0,0,0
TF,EKAWE,42.031039,30.123128,0, ,0.0,0.0,0.0,0.0,0,0,0,0,0,0,0,0

SID,EKAW1N,05,5
DF,DER05,40.977764,28.836156,0, ,0.0,0.0,0,0,0,0,0,0,0,1
CF,FILFU,41.019761,28.927028,0,IST,50.5,6.3,52.0,5.0,0,0,0,0,0,0,0,0
TF,IPSUD,41.101683,29.105092,0, ,0.0,0.0,0.0,0.0,0,0,0,0,0,0,0,0
TF,BA071,41.245525,29.104439,0, ,0.0,0.0,0.0,0.0,0,0,0,0,0,0,0,0
TF,BA072,41.389550,29.103797,0, ,0.0,0.0,0.0,0.0,0,0,0,0,0,0,0,0
TF,LIZTA,41.473047,28.990303,0, ,0.0,0.0,0.0,0.0,0,0,0,0,0,0,0,0
TF,QUNTE,41.614519,28.797003,0, ,0.0,0.0,0.0,0.0,0,0,0,0,0,0,0,0
TF,MUTBE,41.733517,28.931325,0, ,0.0,0.0,0.0,0.0,0,0,0,0,0,0,0,0
TF,OZZAW,41.906800,29.435269,0, ,0.0,0.0,0.0,0.0,0,0,0,0,0,0,0,0
TF,SAFHU,42.062556,29.674025,0, ,0.0,0.0,0.0,0.0,0,0,0,0,0,0,0,0
TF,EKAWE,42.031039,30.123128,0, ,0.0,0.0,0.0,0.0,0,0,0,0,0,0,0,0

SID,EKAW1P,23,5
DF,DER23,40.965650,28.809994,0, ,0.0,0.0,0,0,0,0,0,0,0,1
CA,0,233.0,2,1400,0,0,0,0,0,0
DF,BA085,40.870044,28.834281,1, ,0.0,0.0,0,0,0,1,220,0,0,0
TF,BA086,41.015744,29.219514,0, ,0.0,0.0,0.0,0.0,3,10000,0,0,0,0,0,0
TF,AZBAN,41.237675,29.537456,0, ,0.0,0.0,0.0,0.0,0,0,0,0,0,0,0,0
TF,BEBIS,41.588128,29.618372,0, ,0.0,0.0,0.0,0.0,0,0,0,0,0,0,0,0
TF,UPMIV,41.759767,29.596956,0, ,0.0,0.0,0.0,0.0,0,0,0,0,0,0,0,0
TF,OZZAW,41.906800,29.435269,0, ,0.0,0.0,0.0,0.0,0,0,0,0,0,0,0,0
TF,SAFHU,42.062556,29.674025,0, ,0.0,0.0,0.0,0.0,0,0,0,0,0,0,0,0
TF,EKAWE,42.031039,30.123128,0, ,0.0,0.0,0.0,0.0,0,0,0,0,0,0,0,0

SID,EKI1G,23,2
CA,0,233.0,2,500,0,0,0,0,0,0
CF,D244E,40.932906,28.707372,0,IST,244.0,5.0,244.0,5.0,2,1400,0,0,0,0,0,1
VI,0, ,0.0,294.0,0,0,0,0,0,0,0,0
CF,EKI,40.951056,27.426167,0,IST,263.9,62.9,264.0,56.0,0,0,0,0,0,0,0,0

SID,ERTA1G,23,2
CA,0,233.0,2,500,0,0,0,0,0,0
CF,D244E,40.932906,28.707372,0,IST,244.0,5.0,244.0,5.0,2,1400,0,0,0,0,0,1
DF,BKZ,41.126972,29.142889,1, ,0.0,0.0,0,0,0,0,0,0,0,0
TF,ERTAS,41.461389,29.146667,0, ,0.0,0.0,0.0,0.0,0,0,0,0,0,0,0,0

SID,ERTA1M,05,2
CA,0,53.0,2,500,0,0,0,0,0,0
CF,D050E,41.003406,28.892819,0,IST,50.0,4.5,50.0,3.0,2,1000,0,0,0,0,0,1
VI,0, ,0.0,351.0,0,0,0,0,0,0,0,0
CF,ERTAS,41.461389,29.146667,0,IST,20.8,33.6,21.0,25.0,0,0,0,0,0,0,0,0

SID,ERTA1N,05,2
CA,0,53.0,2,500,0,0,0,0,0,0
CF,D050E,41.003406,28.892819,0,IST,50.0,4.5,50.0,3.0,2,1000,0,0,0,0,0,1
TF,BKZ,41.126972,29.142889,0, ,0.0,0.0,0.0,0.0,0,0,0,0,0,0,0,0
TF,ERTAS,41.461389,29.146667,0, ,0.0,0.0,0.0,0.0,0,0,0,0,0,0,0,0

SID,FENE1G,23,2
CA,0,233.0,2,500,0,0,0,0,0,0
CF,D244E,40.932906,28.707372,0,IST,244.0,5.0,244.0,5.0,2,1400,0,0,0,0,0,1
DF,CEK,41.006556,28.528611,0, ,0.0,0.0,0,0,0,0,0,0,0,0
TF,FENER,41.286389,28.357778,0, ,0.0,0.0,0.0,0.0,0,0,0,0,0,0,0,0

SID,IBLA1A,05,5
DF,DER05,40.977764,28.836156,0, ,0.0,0.0,0,0,0,0,0,0,0,1
CF,FILFU,41.019761,28.927028,0,IST,50.5,6.3,52.0,5.0,0,0,0,0,0,0,0,0
TF,IPSUD,41.101683,29.105092,0, ,0.0,0.0,0.0,0.0,0,0,0,0,0,0,0,0
TF,BA071,41.245525,29.104439,0, ,0.0,0.0,0.0,0.0,0,0,0,0,0,0,0,0
TF,BA072,41.389550,29.103797,0, ,0.0,0.0,0.0,0.0,0,0,0,0,0,0,0,0
TF,LIZTA,41.473047,28.990303,0, ,0.0,0.0,0.0,0.0,0,0,0,0,0,0,0,0
TF,QUNTE,41.614519,28.797003,0, ,0.0,0.0,0.0,0.0,0,0,0,0,0,0,0,0
TF,GITVO,41.669872,28.608456,0, ,0.0,0.0,0.0,0.0,0,0,0,0,0,0,0,0
TF,HITMI,41.711878,28.534250,0, ,0.0,0.0,0.0,0.0,0,0,0,0,0,0,0,0
TF,IBLAX,41.983056,28.285833,0, ,0.0,0.0,0.0,0.0,0,0,0,0,0,0,0,0

SID,IBLA1B,23,5
DF,DER23,40.965650,28.809994,0, ,0.0,0.0,0,0,0,0,0,0,0,1
CF,ASGAX,40.911233,28.692744,0,IST,234.7,6.2,233.0,6.2,0,0,0,0,0,0,0,0
TF,TETPU,40.836850,28.489950,0, ,0.0,0.0,0.0,0.0,0,0,0,0,0,0,0,0
TF,IRDED,40.965592,28.311769,0, ,0.0,0.0,0.0,0.0,0,0,0,0,0,0,0,0
TF,KVITO,41.284569,27.865650,0, ,0.0,0.0,0.0,0.0,0,0,0,0,0,0,0,0
TF,AFGAR,41.450278,27.806944,0, ,0.0,0.0,0.0,0.0,0,0,0,0,0,0,0,0
TF,IBLAX,41.983056,28.285833,0, ,0.0,0.0,0.0,0.0,0,0,0,0,0,0,0,0

SID,IBLA1P,23,5
DF,DER23,40.965650,28.809994,0, ,0.0,0.0,0,0,0,0,0,0,0,1
CA,0,233.0,2,1400,0,0,0,0,0,0
DF,BA085,40.870044,28.834281,1, ,0.0,0.0,0,0,0,1,220,0,0,0
TF,BA086,41.015744,29.219514,0, ,0.0,0.0,0.0,0.0,3,10000,0,0,0,0,0,0
TF,AZBAN,41.237675,29.537456,0, ,0.0,0.0,0.0,0.0,0,0,0,0,0,0,0,0
TF,BEBIS,41.588128,29.618372,0, ,0.0,0.0,0.0,0.0,0,0,0,0,0,0,0,0
TF,BETIZ,41.653306,29.358506,0, ,0.0,0.0,0.0,0.0,0,0,0,0,0,0,0,0
TF,NUSGI,41.712286,29.120853,0, ,0.0,0.0,0.0,0.0,0,0,0,0,0,0,0,0
TF,REKNU,41.779814,28.845789,0, ,0.0,0.0,0.0,0.0,0,0,0,0,0,0,0,0
TF,IBLAX,41.983056,28.285833,0, ,0.0,0.0,0.0,0.0,0,0,0,0,0,0,0,0

SID,IVGU1A,05,5
DF,DER05,40.977764,28.836156,0, ,0.0,0.0,0,0,0,0,0,0,0,1
CA,0,52.0,2,2000,0,0,0,0,0,0
DF,BA091,40.940483,28.940653,2, ,0.0,0.0,1,3000,0,1,220,0,0,0
TF,EFESE,40.804931,28.769261,0, ,0.0,0.0,0.0,0.0,1,4000,0,0,0,0,0,0
TF,VAZZO,40.794350,28.594219,0, ,0.0,0.0,0.0,0.0,0,0,0,0,0,0,0,0
TF,ABNIN,40.781914,28.248450,0, ,0.0,0.0,0.0,0.0,0,0,0,0,0,0,0,0
TF,RITGU,40.794131,27.880306,0, ,0.0,0.0,0.0,0.0,0,0,0,0,0,0,0,0
TF,MIVDI,40.795569,27.741297,0, ,0.0,0.0,0.0,0.0,0,0,0,0,0,0,0,0
TF,IVGUS,40.568889,27.577778,0, ,0.0,0.0,0.0,0.0,0,0,0,0,0,0,0,0

SID,IVGU1B,23,5
DF,DER23,40.965650,28.809994,0, ,0.0,0.0,0,0,0,0,0,0,0,1
CF,ASGAX,40.911233,28.692744,0,IST,234.7,6.2,233.0,6.2,0,0,0,0,0,0,0,0
TF,TETPU,40.836850,28.489950,0, ,0.0,0.0,0.0,0.0,0,0,0,0,0,0,0,0
TF,INPIK,40.793825,27.965956,0, ,0.0,0.0,0.0,0.0,0,0,0,0,0,0,0,0
TF,ADMIV,40.771419,27.704236,0, ,0.0,0.0,0.0,0.0,0,0,0,0,0,0,0,0
TF,IVGUS,40.568889,27.577778,0, ,0.0,0.0,0.0,0.0,0,0,0,0,0,0,0,0

SID,IVGU1P,23,5
DF,DER23,40.965650,28.809994,0, ,0.0,0.0,0,0,0,0,0,0,0,1
CF,ASGAX,40.911233,28.692744,0,IST,234.7,6.2,233.0,6.2,0,0,0,0,0,0,0,0
TF,UMBEM,40.869050,28.337783,0, ,0.0,0.0,0.0,0.0,0,0,0,0,0,0,0,0
TF,MIVDI,40.795569,27.741297,0, ,0.0,0.0,0.0,0.0,0,0,0,0,0,0,0,0
TF,IVGUS,40.568889,27.577778,0, ,0.0,0.0,0.0,0.0,0,0,0,0,0,0,0,0

SID,MAKO1A,05,5
DF,DER05,40.977764,28.836156,0, ,0.0,0.0,0,0,0,0,0,0,0,1
CF,FILFU,41.019761,28.927028,0,IST,50.5,6.3,52.0,5.0,0,0,0,0,0,0,0,0
TF,IPSUD,41.101683,29.105092,0, ,0.0,0.0,0.0,0.0,0,0,0,0,0,0,0,0
TF,BA071,41.245525,29.104439,0, ,0.0,0.0,0.0,0.0,0,0,0,0,0,0,0,0
TF,BA072,41.389550,29.103797,0, ,0.0,0.0,0.0,0.0,0,0,0,0,0,0,0,0
TF,LIZTA,41.473047,28.990303,0, ,0.0,0.0,0.0,0.0,0,0,0,0,0,0,0,0
TF,QUNTE,41.614519,28.797003,0, ,0.0,0.0,0.0,0.0,0,0,0,0,0,0,0,0
TF,MUTBE,41.733517,28.931325,0, ,0.0,0.0,0.0,0.0,0,0,0,0,0,0,0,0
TF,MAKOL,42.170556,29.142778,0, ,0.0,0.0,0.0,0.0,0,0,0,0,0,0,0,0

SID,MAKO1B,23,5
DF,DER23,40.965650,28.809994,0, ,0.0,0.0,0,0,0,0,0,0,0,1
CA,0,233.0,2,1400,0,0,0,0,0,0
DF,BA085,40.870044,28.834281,1, ,0.0,0.0,0,0,0,1,220,0,0,0
TF,BA086,41.015744,29.219514,0, ,0.0,0.0,0.0,0.0,3,10000,0,0,0,0,0,0
TF,BA087,41.127000,29.316783,0, ,0.0,0.0,0.0,0.0,0,0,0,0,0,0,0,0
TF,NUDMU,41.159686,29.598936,0, ,0.0,0.0,0.0,0.0,0,0,0,0,0,0,0,0
TF,INDUG,41.368969,29.687739,0, ,0.0,0.0,0.0,0.0,2,15000,0,0,0,0,0,0
TF,EVKEB,41.535600,29.758900,0, ,0.0,0.0,0.0,0.0,0,0,0,0,0,0,0,0
TF,UPMIV,41.759767,29.596956,0, ,0.0,0.0,0.0,0.0,0,0,0,0,0,0,0,0
TF,OZZAW,41.906800,29.435269,0, ,0.0,0.0,0.0,0.0,0,0,0,0,0,0,0,0
TF,MAKOL,42.170556,29.142778,0, ,0.0,0.0,0.0,0.0,0,0,0,0,0,0,0,0

SID,MAKO1P,23,5
DF,DER23,40.965650,28.809994,0, ,0.0,0.0,0,0,0,0,0,0,0,1
CA,0,233.0,2,1400,0,0,0,0,0,0
DF,BA085,40.870044,28.834281,1, ,0.0,0.0,0,0,0,1,220,0,0,0
TF,BA086,41.015744,29.219514,0, ,0.0,0.0,0.0,0.0,3,10000,0,0,0,0,0,0
TF,AZBAN,41.237675,29.537456,0, ,0.0,0.0,0.0,0.0,0,0,0,0,0,0,0,0
TF,BEBIS,41.588128,29.618372,0, ,0.0,0.0,0.0,0.0,0,0,0,0,0,0,0,0
TF,UPMIV,41.759767,29.596956,0, ,0.0,0.0,0.0,0.0,0,0,0,0,0,0,0,0
TF,OZZAW,41.906800,29.435269,0, ,0.0,0.0,0.0,0.0,0,0,0,0,0,0,0,0
TF,MAKOL,42.170556,29.142778,0, ,0.0,0.0,0.0,0.0,0,0,0,0,0,0,0,0

SID,ROXU1A,05,5
DF,DER05,40.977764,28.836156,0, ,0.0,0.0,0,0,0,0,0,0,0,1
CF,FILFU,41.019761,28.927028,0,IST,50.5,6.3,52.0,5.0,0,0,0,0,0,0,0,0
TF,IPSUD,41.101683,29.105092,0, ,0.0,0.0,0.0,0.0,0,0,0,0,0,0,0,0
TF,BOZDE,41.014928,29.197025,0, ,0.0,0.0,0.0,0.0,0,0,0,0,0,0,0,0
TF,SBH,40.907417,29.332778,0, ,0.0,0.0,0.0,0.0,0,0,0,0,0,0,0,0
TF,INRUV,40.768861,29.533550,0, ,0.0,0.0,0.0,0.0,0,0,0,0,0,0,0,0
TF,IXODU,40.680747,29.687450,0, ,0.0,0.0,0.0,0.0,0,0,0,0,0,0,0,0
TF,IBSIN,40.611175,29.687258,0, ,0.0,0.0,0.0,0.0,0,0,0,0,0,0,0,0
TF,UNKEX,40.409350,29.686717,0, ,0.0,0.0,0.0,0.0,0,0,0,0,0,0,0,0
TF,ASGUK,40.175372,29.686139,0, ,0.0,0.0,0.0,0.0,0,0,0,0,0,0,0,0
TF,ROXUK,39.890278,29.718611,0, ,0.0,0.0,0.0,0.0,0,0,0,0,0,0,0,0

SID,ROXU1B,23,5
DF,DER23,40.965650,28.809994,0, ,0.0,0.0,0,0,0,0,0,0,0,1
CF,ASGAX,40.911233,28.692744,0,IST,234.7,6.2,233.0,6.2,0,0,0,0,0,0,0,0
TF,VRACA,40.668619,28.730975,0, ,0.0,0.0,0.0,0.0,0,0,0,0,0,0,0,0
TF,ROCHE,40.551886,28.934783,0, ,0.0,0.0,0.0,0.0,0,0,0,0,0,0,0,0
TF,ARRSO,40.480631,29.368881,0, ,0.0,0.0,0.0,0.0,0,0,0,0,0,0,0,0
TF,ADVUX,40.350306,29.505000,0, ,0.0,0.0,0.0,0.0,0,0,0,0,0,0,0,0
TF,ASVIK,40.208736,29.652106,0, ,0.0,0.0,0.0,0.0,0,0,0,0,0,0,0,0
TF,ROXUK,39.890278,29.718611,0, ,0.0,0.0,0.0,0.0,0,0,0,0,0,0,0,0

SID,ROXU1N,05,5
DF,DER05,40.977764,28.836156,0, ,0.0,0.0,0,0,0,0,0,0,0,1
CA,0,52.0,2,2000,0,0,0,0,0,0
DF,BA091,40.940483,28.940653,2, ,0.0,0.0,1,3000,0,1,220,0,0,0
TF,EFESE,40.804931,28.769261,0, ,0.0,0.0,0.0,0.0,1,4000,0,0,0,0,0,0
TF,ROCHE,40.551886,28.934783,0, ,0.0,0.0,0.0,0.0,0,0,0,0,0,0,0,0
TF,ARRSO,40.480631,29.368881,0, ,0.0,0.0,0.0,0.0,0,0,0,0,0,0,0,0
TF,ADVUX,40.350306,29.505000,0, ,0.0,0.0,0.0,0.0,0,0,0,0,0,0,0,0
TF,ASVIK,40.208736,29.652106,0, ,0.0,0.0,0.0,0.0,0,0,0,0,0,0,0,0
TF,ROXUK,39.890278,29.718611,0, ,0.0,0.0,0.0,0.0,0,0,0,0,0,0,0,0

SID,ROXU1P,23,5
DF,DER23,40.965650,28.809994,0, ,0.0,0.0,0,0,0,0,0,0,0,1
CA,0,233.0,2,1400,0,0,0,0,0,0
DF,BA085,40.870044,28.834281,1, ,0.0,0.0,0,0,0,1,220,0,0,0
TF,BA086,41.015744,29.219514,0, ,0.0,0.0,0.0,0.0,3,10000,0,0,0,0,0,0
TF,INRUV,40.768861,29.533550,0, ,0.0,0.0,0.0,0.0,0,0,0,0,0,0,0,0
TF,IXODU,40.680747,29.687450,0, ,0.0,0.0,0.0,0.0,0,0,0,0,0,0,0,0
TF,IBSIN,40.611175,29.687258,0, ,0.0,0.0,0.0,0.0,0,0,0,0,0,0,0,0
TF,UNKEX,40.409350,29.686717,0, ,0.0,0.0,0.0,0.0,0,0,0,0,0,0,0,0
TF,ASGUK,40.175372,29.686139,0, ,0.0,0.0,0.0,0.0,0,0,0,0,0,0,0,0
TF,ROXUK,39.890278,29.718611,0, ,0.0,0.0,0.0,0.0,0,0,0,0,0,0,0,0

SID,TUDB1A,05,5
DF,DER05,40.977764,28.836156,0, ,0.0,0.0,0,0,0,0,0,0,0,1
CF,FILFU,41.019761,28.927028,0,IST,50.5,6.3,52.0,5.0,0,0,0,0,0,0,0,0
TF,IPSUD,41.101683,29.105092,0, ,0.0,0.0,0.0,0.0,0,0,0,0,0,0,0,0
TF,BA071,41.245525,29.104439,0, ,0.0,0.0,0.0,0.0,0,0,0,0,0,0,0,0
TF,BA072,41.389550,29.103797,0, ,0.0,0.0,0.0,0.0,0,0,0,0,0,0,0,0
TF,LIZTA,41.473047,28.990303,0, ,0.0,0.0,0.0,0.0,0,0,0,0,0,0,0,0
TF,QUNTE,41.614519,28.797003,0, ,0.0,0.0,0.0,0.0,0,0,0,0,0,0,0,0
TF,GITVO,41.669872,28.608456,0, ,0.0,0.0,0.0,0.0,0,0,0,0,0,0,0,0
TF,GOVGU,41.671617,28.460722,0, ,0.0,0.0,0.0,0.0,0,0,0,0,0,0,0,0
TF,UNLIR,41.794047,28.085047,0, ,0.0,0.0,0.0,0.0,0,0,0,0,0,0,0,0
TF,TUDBU,41.966667,27.776944,0, ,0.0,0.0,0.0,0.0,0,0,0,0,0,0,0,0

SID,TUDB1B,23,5
DF,DER23,40.965650,28.809994,0, ,0.0,0.0,0,0,0,0,0,0,0,1
CF,ASGAX,40.911233,28.692744,0,IST,234.7,6.2,233.0,6.2,0,0,0,0,0,0,0,0
TF,TETPU,40.836850,28.489950,0, ,0.0,0.0,0.0,0.0,0,0,0,0,0,0,0,0
TF,IRDED,40.965592,28.311769,0, ,0.0,0.0,0.0,0.0,0,0,0,0,0,0,0,0
TF,KVITO,41.284569,27.865650,0, ,0.0,0.0,0.0,0.0,0,0,0,0,0,0,0,0
TF,AFGAR,41.450278,27.806944,0, ,0.0,0.0,0.0,0.0,0,0,0,0,0,0,0,0
TF,TUDBU,41.966667,27.776944,0, ,0.0,0.0,0.0,0.0,0,0,0,0,0,0,0,0

SID,TUDB1P,23,5
DF,DER23,40.965650,28.809994,0, ,0.0,0.0,0,0,0,0,0,0,0,1
CA,0,233.0,2,1400,0,0,0,0,0,0
DF,BA085,40.870044,28.834281,1, ,0.0,0.0,0,0,0,1,220,0,0,0
TF,BA086,41.015744,29.219514,0, ,0.0,0.0,0.0,0.0,3,10000,0,0,0,0,0,0
TF,AZBAN,41.237675,29.537456,0, ,0.0,0.0,0.0,0.0,0,0,0,0,0,0,0,0
TF,BEBIS,41.588128,29.618372,0, ,0.0,0.0,0.0,0.0,0,0,0,0,0,0,0,0
TF,INPAP,41.659136,29.118650,0, ,0.0,0.0,0.0,0.0,0,0,0,0,0,0,0,0
TF,EROVA,41.665497,28.829683,0, ,0.0,0.0,0.0,0.0,0,0,0,0,0,0,0,0
TF,GITVO,41.669872,28.608456,0, ,0.0,0.0,0.0,0.0,0,0,0,0,0,0,0,0
TF,GOVGU,41.671617,28.460722,0, ,0.0,0.0,0.0,0.0,0,0,0,0,0,0,0,0
TF,UNLIR,41.794047,28.085047,0, ,0.0,0.0,0.0,0.0,0,0,0,0,0,0,0,0
TF,TUDBU,41.966667,27.776944,0, ,0.0,0.0,0.0,0.0,0,0,0,0,0,0,0,0

SID,VADE1A,05,5
DF,DER05,40.977764,28.836156,0, ,0.0,0.0,0,0,0,0,0,0,0,1
CF,FILFU,41.019761,28.927028,0,IST,50.5,6.3,52.0,5.0,0,0,0,0,0,0,0,0
TF,IPSUD,41.101683,29.105092,0, ,0.0,0.0,0.0,0.0,0,0,0,0,0,0,0,0
TF,BA071,41.245525,29.104439,0, ,0.0,0.0,0.0,0.0,0,0,0,0,0,0,0,0
TF,BA072,41.389550,29.103797,0, ,0.0,0.0,0.0,0.0,0,0,0,0,0,0,0,0
TF,LIZTA,41.473047,28.990303,0, ,0.0,0.0,0.0,0.0,0,0,0,0,0,0,0,0
TF,QUNTE,41.614519,28.797003,0, ,0.0,0.0,0.0,0.0,0,0,0,0,0,0,0,0
TF,GITVO,41.669872,28.608456,0, ,0.0,0.0,0.0,0.0,0,0,0,0,0,0,0,0
TF,GOVGU,41.671617,28.460722,0, ,0.0,0.0,0.0,0.0,0,0,0,0,0,0,0,0
TF,ACCUA,41.675597,28.031372,0, ,0.0,0.0,0.0,0.0,0,0,0,0,0,0,0,0
TF,VADEN,42.065556,27.216111,0, ,0.0,0.0,0.0,0.0,0,0,0,0,0,0,0,0

SID,VADE1B,23,5
DF,DER23,40.965650,28.809994,0, ,0.0,0.0,0,0,0,0,0,0,0,1
CF,ASGAX,40.911233,28.692744,0,IST,234.7,6.2,233.0,6.2,0,0,0,0,0,0,0,0
TF,TETPU,40.836850,28.489950,0, ,0.0,0.0,0.0,0.0,0,0,0,0,0,0,0,0
TF,IRDED,40.965592,28.311769,0, ,0.0,0.0,0.0,0.0,0,0,0,0,0,0,0,0
TF,KVITO,41.284569,27.865650,0, ,0.0,0.0,0.0,0.0,0,0,0,0,0,0,0,0
TF,AFGAR,41.450278,27.806944,0, ,0.0,0.0,0.0,0.0,0,0,0,0,0,0,0,0
TF,VADEN,42.065556,27.216111,0, ,0.0,0.0,0.0,0.0,0,0,0,0,0,0,0,0

SID,VADE1P,23,5
DF,DER23,40.965650,28.809994,0, ,0.0,0.0,0,0,0,0,0,0,0,1
CA,0,233.0,2,1400,0,0,0,0,0,0
DF,BA085,40.870044,28.834281,1, ,0.0,0.0,0,0,0,1,220,0,0,0
TF,BA086,41.015744,29.219514,0, ,0.0,0.0,0.0,0.0,3,10000,0,0,0,0,0,0
TF,AZBAN,41.237675,29.537456,0, ,0.0,0.0,0.0,0.0,0,0,0,0,0,0,0,0
TF,BEBIS,41.588128,29.618372,0, ,0.0,0.0,0.0,0.0,0,0,0,0,0,0,0,0
TF,INPAP,41.659136,29.118650,0, ,0.0,0.0,0.0,0.0,0,0,0,0,0,0,0,0
TF,EROVA,41.665497,28.829683,0, ,0.0,0.0,0.0,0.0,0,0,0,0,0,0,0,0
TF,GITVO,41.669872,28.608456,0, ,0.0,0.0,0.0,0.0,0,0,0,0,0,0,0,0
TF,GOVGU,41.671617,28.460722,0, ,0.0,0.0,0.0,0.0,0,0,0,0,0,0,0,0
TF,ACCUA,41.675597,28.031372,0, ,0.0,0.0,0.0,0.0,0,0,0,0,0,0,0,0
TF,VADEN,42.065556,27.216111,0, ,0.0,0.0,0.0,0.0,0,0,0,0,0,0,0,0

SID,VICE1A,05,5
DF,DER05,40.977764,28.836156,0, ,0.0,0.0,0,0,0,0,0,0,0,1
CF,FILFU,41.019761,28.927028,0,IST,50.5,6.3,52.0,5.0,0,0,0,0,0,0,0,0
TF,IPSUD,41.101683,29.105092,0, ,0.0,0.0,0.0,0.0,0,0,0,0,0,0,0,0
TF,BOZDE,41.014928,29.197025,0, ,0.0,0.0,0.0,0.0,0,0,0,0,0,0,0,0
TF,SBH,40.907417,29.332778,0, ,0.0,0.0,0.0,0.0,0,0,0,0,0,0,0,0
TF,INRUV,40.768861,29.533550,0, ,0.0,0.0,0.0,0.0,0,0,0,0,0,0,0,0
TF,LIDMU,40.734464,29.704364,0, ,0.0,0.0,0.0,0.0,0,0,0,0,0,0,0,0
TF,NOTVI,40.727717,30.066114,0, ,0.0,0.0,0.0,0.0,0,0,0,0,0,0,0,0
TF,VICEN,40.665697,30.300950,0, ,0.0,0.0,0.0,0.0,0,0,0,0,0,0,0,0

SID,VICE1B,23,5
DF,DER23,40.965650,28.809994,0, ,0.0,0.0,0,0,0,0,0,0,0,1
CF,ASGAX,40.911233,28.692744,0,IST,234.7,6.2,233.0,6.2,0,0,0,0,0,0,0,0
TF,VRACA,40.668619,28.730975,0, ,0.0,0.0,0.0,0.0,0,0,0,0,0,0,0,0
TF,ROCHE,40.551886,28.934783,0, ,0.0,0.0,0.0,0.0,0,0,0,0,0,0,0,0
TF,NASNA,40.562311,29.167019,0, ,0.0,0.0,0.0,0.0,0,0,0,0,0,0,0,0
TF,NENVI,40.586922,29.425828,0, ,0.0,0.0,0.0,0.0,0,0,0,0,0,0,0,0
TF,IBSIN,40.611175,29.687258,0, ,0.0,0.0,0.0,0.0,0,0,0,0,0,0,0,0
TF,LECKI,40.628083,29.873578,0, ,0.0,0.0,0.0,0.0,0,0,0,0,0,0,0,0
TF,VICEN,40.665697,30.300950,0, ,0.0,0.0,0.0,0.0,0,0,0,0,0,0,0,0

SID,VICE1N,05,5
DF,DER05,40.977764,28.836156,0, ,0.0,0.0,0,0,0,0,0,0,0,1
CA,0,52.0,2,2000,0,0,0,0,0,0
DF,BA091,40.940483,28.940653,2, ,0.0,0.0,1,3000,0,1,220,0,0,0
TF,EFESE,40.804931,28.769261,0, ,0.0,0.0,0.0,0.0,1,4000,0,0,0,0,0,0
TF,ROCHE,40.551886,28.934783,0, ,0.0,0.0,0.0,0.0,0,0,0,0,0,0,0,0
TF,NENVI,40.586922,29.425828,0, ,0.0,0.0,0.0,0.0,0,0,0,0,0,0,0,0
TF,IBSIN,40.611175,29.687258,0, ,0.0,0.0,0.0,0.0,0,0,0,0,0,0,0,0
TF,LECKI,40.628083,29.873578,0, ,0.0,0.0,0.0,0.0,0,0,0,0,0,0,0,0
TF,VICEN,40.665697,30.300950,0, ,0.0,0.0,0.0,0.0,0,0,0,0,0,0,0,0

SID,VICE1P,23,5
DF,DER23,40.965650,28.809994,0, ,0.0,0.0,0,0,0,0,0,0,0,1
CA,0,233.0,2,1400,0,0,0,0,0,0
DF,BA085,40.870044,28.834281,1, ,0.0,0.0,0,0,0,1,220,0,0,0
TF,BA086,41.015744,29.219514,0, ,0.0,0.0,0.0,0.0,3,10000,0,0,0,0,0,0
TF,INRUV,40.768861,29.533550,0, ,0.0,0.0,0.0,0.0,0,0,0,0,0,0,0,0
TF,LIDMU,40.734464,29.704364,0, ,0.0,0.0,0.0,0.0,0,0,0,0,0,0,0,0
TF,NOTVI,40.727717,30.066114,0, ,0.0,0.0,0.0,0.0,0,0,0,0,0,0,0,0
TF,VICEN,40.665697,30.300950,0, ,0.0,0.0,0.0,0.0,0,0,0,0,0,0,0,0

SID,YAA1G,23,2
CA,0,233.0,2,500,0,0,0,0,0,0
CF,D244E,40.932906,28.707372,0,IST,244.0,5.0,244.0,5.0,2,1400,0,0,0,0,0,0
AF,D142E,40.890742,28.868922,1,IST,142.0,5.0,244.0,0,0,0,0,0,0,0,0
TF,YAA,40.475028,29.207556,0, ,0.0,0.0,0.0,0.0,0,0,0,0,0,0,0,0

SID,YAA1N,05,2
CA,0,53.0,2,500,0,0,0,0,0,0
CF,D050E,41.003406,28.892819,0,IST,50.0,4.5,50.0,3.0,2,1000,0,0,0,0,0,1
TF,BKZ,41.126972,29.142889,0, ,0.0,0.0,0.0,0.0,0,0,0,0,0,0,0,0
TF,YAA,40.475028,29.207556,2, ,0.0,0.0,0.0,0.0,0,0,0,0,0,0,0,0

STAR,ATVE1Q,05,5
IF,ATVEP,41.462222,26.953611, ,0.0,0.0,3,23000,0,0,0,0,0,0
TF,BA355,41.191514,26.946653,0, ,0.0,0.0,0.0,0.0,1,19000,0,0,0,0,0,0
TF,BARPE,40.926111,26.978056,0, ,0.0,0.0,0.0,0.0,0,0,0,0,0,0,0,0
TF,BA356,40.821144,27.165925,0, ,0.0,0.0,0.0,0.0,0,0,0,0,0,0,0,0
TF,GUBUL,40.738567,27.312878,0, ,0.0,0.0,0.0,0.0,0,0,0,0,0,0,0,0
TF,BA357,40.713794,27.557097,0, ,0.0,0.0,0.0,0.0,0,0,0,0,0,0,0,0
TF,BA358,40.711692,27.786972,0, ,0.0,0.0,0.0,0.0,0,0,0,0,0,0,0,0
TF,ABNIN,40.781914,28.248450,0, ,0.0,0.0,0.0,0.0,1,6000,0,1,230,0,0,0
TF,TETPU,40.836850,28.489950,0, ,0.0,0.0,0.0,0.0,0,0,0,0,0,0,0,0
TF,WISNE,40.855539,28.573222,0, ,0.0,0.0,0.0,0.0,1,3000,0,0,0,0,0,0

STAR,ATVE1R,23,5
IF,ATVEP,41.462222,26.953611, ,0.0,0.0,0,0,0,0,0,0,0,0
TF,ULMAR,41.211111,27.186944,0, ,0.0,0.0,0.0,0.0,3,27000,0,0,0,0,0,0
TF,BA373,40.984653,27.406331,0, ,0.0,0.0,0.0,0.0,0,0,0,0,0,0,0,0
TF,BA374,40.847917,27.602336,0, ,0.0,0.0,0.0,0.0,0,0,0,0,0,0,0,0
TF,BA375,40.902644,27.924069,0, ,0.0,0.0,0.0,0.0,4,20000,19000,0,0,0,0,0
TF,IRDED,40.965592,28.311769,0, ,0.0,0.0,0.0,0.0,0,0,0,0,0,0,0,0
TF,ERWAZ,40.999944,28.527164,0, ,0.0,0.0,0.0,0.0,0,0,0,0,0,0,0,0
TF,BA376,41.032872,28.736250,0, ,0.0,0.0,0.0,0.0,0,0,0,0,0,0,0,0
TF,BA377,41.058197,28.903731,0, ,0.0,0.0,0.0,0.0,1,9000,0,0,0,0,0,0
TF,BA378,40.980528,29.073500,0, ,0.0,0.0,0.0,0.0,0,0,0,0,0,0,0,0
TF,BA360,41.023708,29.167519,0, ,0.0,0.0,0.0,0.0,0,0,0,0,0,0,0,0
TF,IPSUD,41.101683,29.105092,0, ,0.0,0.0,0.0,0.0,1,4500,0,1,200,0,0,0

STAR,DRAM1Q,05,5
IF,DRAMO,41.034444,26.611111, ,0.0,0.0,1,19000,0,0,0,0,0,0
TF,BARPE,40.926111,26.978056,0, ,0.0,0.0,0.0,0.0,0,0,0,0,0,0,0,0
TF,BA356,40.821144,27.165925,0, ,0.0,0.0,0.0,0.0,0,0,0,0,0,0,0,0
TF,GUBUL,40.738567,27.312878,0, ,0.0,0.0,0.0,0.0,0,0,0,0,0,0,0,0
TF,BA357,40.713794,27.557097,0, ,0.0,0.0,0.0,0.0,0,0,0,0,0,0,0,0
TF,BA358,40.711692,27.786972,0, ,0.0,0.0,0.0,0.0,0,0,0,0,0,0,0,0
TF,ABNIN,40.781914,28.248450,0, ,0.0,0.0,0.0,0.0,1,6000,0,1,230,0,0,0
TF,TETPU,40.836850,28.489950,0, ,0.0,0.0,0.0,0.0,0,0,0,0,0,0,0,0
TF,WISNE,40.855539,28.573222,0, ,0.0,0.0,0.0,0.0,1,3000,0,0,0,0,0,0

STAR,DRAM1R,23,5
IF,DRAMO,41.034444,26.611111, ,0.0,0.0,0,0,0,0,0,0,0,0
TF,BARPE,40.926111,26.978056,0, ,0.0,0.0,0.0,0.0,3,27000,0,0,0,0,0,0
TF,BA373,40.984653,27.406331,0, ,0.0,0.0,0.0,0.0,0,0,0,0,0,0,0,0
TF,BA374,40.847917,27.602336,0, ,0.0,0.0,0.0,0.0,0,0,0,0,0,0,0,0
TF,BA375,40.902644,27.924069,0, ,0.0,0.0,0.0,0.0,4,20000,19000,0,0,0,0,0
TF,IRDED,40.965592,28.311769,0, ,0.0,0.0,0.0,0.0,0,0,0,0,0,0,0,0
TF,ERWAZ,40.999944,28.527164,0, ,0.0,0.0,0.0,0.0,0,0,0,0,0,0,0,0
TF,BA376,41.032872,28.736250,0, ,0.0,0.0,0.0,0.0,0,0,0,0,0,0,0,0
TF,BA377,41.058197,28.903731,0, ,0.0,0.0,0.0,0.0,1,9000,0,0,0,0,0,0
TF,BA378,40.980528,29.073500,0, ,0.0,0.0,0.0,0.0,0,0,0,0,0,0,0,0
TF,BA360,41.023708,29.167519,0, ,0.0,0.0,0.0,0.0,0,0,0,0,0,0,0,0
TF,IPSUD,41.101683,29.105092,0, ,0.0,0.0,0.0,0.0,1,4500,0,1,200,0,0,0

STAR,GINL1Q,05,5
IF,GINLI,41.871111,28.774444, ,0.0,0.0,4,23000,21000,0,0,0,0,0
TF,ATVAS,41.762583,28.778639,0, ,0.0,0.0,0.0,0.0,0,0,0,0,0,0,0,0
TF,ENFEZ,41.499006,28.558919,0, ,0.0,0.0,0.0,0.0,0,0,0,0,0,0,0,0
TF,REBAH,41.238361,28.343781,0, ,0.0,0.0,0.0,0.0,2,12000,0,0,0,0,0,0
TF,TUZWE,41.039769,28.181256,0, ,0.0,0.0,0.0,0.0,0,0,0,0,0,0,0,0
TF,ABNIN,40.781914,28.248450,0, ,0.0,0.0,0.0,0.0,1,6000,0,1,230,0,0,0
TF,TETPU,40.836850,28.489950,1, ,0.0,0.0,0.0,0.0,0,0,0,0,0,0,0,0
TF,WISNE,40.855539,28.573222,0, ,0.0,0.0,0.0,0.0,1,3000,0,0,0,0,0,0

STAR,GINL1R,23,5
IF,GINLI,41.871111,28.774444, ,0.0,0.0,3,26000,0,0,0,0,0,0
TF,INSTA,41.566675,28.483336,0, ,0.0,0.0,0.0,0.0,0,0,0,0,0,0,0,0
TF,BA457,41.313200,28.379297,0, ,0.0,0.0,0.0,0.0,4,20000,19000,0,0,0,0,0
TF,ENRAW,41.149208,28.381833,0, ,0.0,0.0,0.0,0.0,0,0,0,0,0,0,0,0
TF,ERWAZ,40.999944,28.527164,0, ,0.0,0.0,0.0,0.0,0,0,0,0,0,0,0,0
TF,BA376,41.032872,28.736250,0, ,0.0,0.0,0.0,0.0,0,0,0,0,0,0,0,0
TF,BA377,41.058197,28.903731,0, ,0.0,0.0,0.0,0.0,1,9000,0,0,0,0,0,0
TF,BA378,40.980528,29.073500,0, ,0.0,0.0,0.0,0.0,0,0,0,0,0,0,0,0
TF,BA360,41.023708,29.167519,0, ,0.0,0.0,0.0,0.0,0,0,0,0,0,0,0,0
TF,IPSUD,41.101683,29.105092,0, ,0.0,0.0,0.0,0.0,1,4500,0,1,200,0,0,0

STAR,KONE1Q,05,5
IF,KONEN,39.811667,27.277222, ,0.0,0.0,3,25000,0,0,0,0,0,0
TF,RAUMA,39.983889,27.309167,0, ,0.0,0.0,0.0,0.0,0,0,0,0,0,0,0,0
TF,BIG,40.284389,27.365528,0, ,0.0,0.0,0.0,0.0,1,19000,0,0,0,0,0,0
TF,BA366,40.565094,27.450325,0, ,0.0,0.0,0.0,0.0,0,0,0,0,0,0,0,0
TF,BA357,40.713794,27.557097,0, ,0.0,0.0,0.0,0.0,0,0,0,0,0,0,0,0
TF,BA358,40.711692,27.786972,0, ,0.0,0.0,0.0,0.0,0,0,0,0,0,0,0,0
TF,ABNIN,40.781914,28.248450,0, ,0.0,0.0,0.0,0.0,1,6000,0,1,230,0,0,0
TF,TETPU,40.836850,28.489950,0, ,0.0,0.0,0.0,0.0,0,0,0,0,0,0,0,0
TF,WISNE,40.855539,28.573222,0, ,0.0,0.0,0.0,0.0,1,3000,0,0,0,0,0,0

STAR,KONE1R,23,5
IF,KONEN,39.811667,27.277222, ,0.0,0.0,0,0,0,0,0,0,0,0
TF,RAUMA,39.983889,27.309167,0, ,0.0,0.0,0.0,0.0,0,0,0,0,0,0,0,0
TF,BIG,40.284389,27.365528,0, ,0.0,0.0,0.0,0.0,0,0,0,0,0,0,0,0
TF,BA366,40.565094,27.450325,0, ,0.0,0.0,0.0,0.0,3,27000,0,0,0,0,0,0
TF,LAMVU,40.652481,27.497142,0, ,0.0,0.0,0.0,0.0,0,0,0,0,0,0,0,0
TF,GUEME,40.758286,27.554008,0, ,0.0,0.0,0.0,0.0,0,0,0,0,0,0,0,0
TF,BA374,40.847917,27.602336,0, ,0.0,0.0,0.0,0.0,0,0,0,0,0,0,0,0
TF,BA375,40.902644,27.924069,0, ,0.0,0.0,0.0,0.0,4,20000,19000,0,0,0,0,0
TF,IRDED,40.965592,28.311769,0, ,0.0,0.0,0.0,0.0,0,0,0,0,0,0,0,0
TF,ERWAZ,40.999944,28.527164,0, ,0.0,0.0,0.0,0.0,0,0,0,0,0,0,0,0
TF,BA376,41.032872,28.736250,0, ,0.0,0.0,0.0,0.0,0,0,0,0,0,0,0,0
TF,BA377,41.058197,28.903731,0, ,0.0,0.0,0.0,0.0,1,9000,0,0,0,0,0,0
TF,BA378,40.980528,29.073500,0, ,0.0,0.0,0.0,0.0,0,0,0,0,0,0,0,0
TF,BA360,41.023708,29.167519,0, ,0.0,0.0,0.0,0.0,0,0,0,0,0,0,0,0
TF,IPSUD,41.101683,29.105092,0, ,0.0,0.0,0.0,0.0,1,4500,0,1,200,0,0,0

STAR,NAMA1Q,05,5
IF,NAMAN,40.998889,30.999444, ,0.0,0.0,0,0,0,0,0,0,0,0
TF,NABJA,41.057797,30.716222,0, ,0.0,0.0,0.0,0.0,3,24000,0,0,0,0,0,0
TF,NUMSO,40.922778,30.345278,0, ,0.0,0.0,0.0,0.0,0,0,0,0,0,0,0,0
TF,BA444,40.581486,30.078539,0, ,0.0,0.0,0.0,0.0,3,18000,0,0,0,0,0,0
TF,BA445,40.580922,29.599694,0, ,0.0,0.0,0.0,0.0,0,0,0,0,0,0,0,0
TF,BA446,40.579481,29.287003,0, ,0.0,0.0,0.0,0.0,1,9000,0,0,0,0,0,0
TF,OBIXI,40.770256,29.014869,0, ,0.0,0.0,0.0,0.0,0,0,0,0,0,0,0,0
TF,EFESE,40.804931,28.769261,0, ,0.0,0.0,0.0,0.0,0,0,0,0,0,0,0,0
TF,VAZZO,40.794350,28.594219,0, ,0.0,0.0,0.0,0.0,0,0,0,1,220,0,0,0
TF,WISNE,40.855539,28.573222,0, ,0.0,0.0,0.0,0.0,1,3000,0,0,0,0,0,0

STAR,NAMA1R,23,5
IF,NAMAN,40.998889,30.999444, ,0.0,0.0,0,0,0,0,0,0,0,0
TF,NABJA,41.057797,30.716222,0, ,0.0,0.0,0.0,0.0,3,26000,0,0,0,0,0,0
TF,PAZAR,41.298889,29.999444,0, ,0.0,0.0,0.0,0.0,4,19000,17000,0,0,0,0,0
TF,OKIPI,41.039731,29.695272,0, ,0.0,0.0,0.0,0.0,2,11000,0,0,0,0,0,0
TF,IPSUD,41.101683,29.105092,0, ,0.0,0.0,0.0,0.0,1,4500,0,1,200,0,0,0

STAR,NAMA1T,05,5
IF,NAMAN,40.998889,30.999444, ,0.0,0.0,0,0,0,0,0,0,0,0
TF,NABJA,41.057797,30.716222,0, ,0.0,0.0,0.0,0.0,3,36000,0,0,0,0,0,0
TF,NUMSO,40.922778,30.345278,0, ,0.0,0.0,0.0,0.0,3,30000,0,0,0,0,0,0
TF,BA444,40.581486,30.078539,0, ,0.0,0.0,0.0,0.0,3,27000,0,0,0,0,0,0
TF,RAVIL,40.336186,30.002031,0, ,0.0,0.0,0.0,0.0,0,0,0,0,0,0,0,0
TF,BA997,40.376794,29.424967,0, ,0.0,0.0,0.0,0.0,0,0,0,0,0,0,0,0
TF,BA998,40.391742,29.201400,0, ,0.0,0.0,0.0,0.0,3,14000,0,0,0,0,0,0
TF,BA247,40.415953,28.824478,0, ,0.0,0.0,0.0,0.0,0,0,0,0,0,0,0,0
TF,BA248,40.501003,28.694364,0, ,0.0,0.0,0.0,0.0,3,8000,0,0,0,0,0,0
TF,VAZZO,40.794350,28.594219,0, ,0.0,0.0,0.0,0.0,0,0,0,1,220,0,0,0
TF,WISNE,40.855539,28.573222,0, ,0.0,0.0,0.0,0.0,1,3000,0,0,0,0,0,0

STAR,SISP1Q,05,5
IF,SISPI,39.914722,29.870000, ,0.0,0.0,1,16000,0,0,0,0,0,0
TF,BA234,39.956644,29.637617,0, ,0.0,0.0,0.0,0.0,0,0,0,0,0,0,0,0
TF,BA235,40.030942,29.218878,0, ,0.0,0.0,0.0,0.0,0,0,0,0,0,0,0,0
TF,SPATZ,40.151211,29.146925,0, ,0.0,0.0,0.0,0.0,1,10000,0,0,0,0,0,0
TF,BA246,40.302706,29.055900,0, ,0.0,0.0,0.0,0.0,1,7000,0,0,0,0,0,0
TF,BA247,40.415953,28.824478,0, ,0.0,0.0,0.0,0.0,0,0,0,0,0,0,0,0
TF,BA248,40.501003,28.694364,0, ,0.0,0.0,0.0,0.0,0,0,0,0,0,0,0,0
TF,VAZZO,40.794350,28.594219,0, ,0.0,0.0,0.0,0.0,0,0,0,1,220,0,0,0
TF,WISNE,40.855539,28.573222,0, ,0.0,0.0,0.0,0.0,1,3000,0,0,0,0,0,0

STAR,SISP1R,23,5
IF,SISPI,39.914722,29.870000, ,0.0,0.0,0,0,0,0,0,0,0,0
TF,BA363,40.342728,29.872128,0, ,0.0,0.0,0.0,0.0,3,26000,0,0,0,0,0,0
TF,BA364,40.564136,30.151464,0, ,0.0,0.0,0.0,0.0,0,0,0,0,0,0,0,0
TF,NOTVI,40.727717,30.066114,0, ,0.0,0.0,0.0,0.0,0,0,0,0,0,0,0,0
TF,BA365,40.811981,30.021981,0, ,0.0,0.0,0.0,0.0,4,19000,17000,0,0,0,0,0
TF,OKIPI,41.039731,29.695272,0, ,0.0,0.0,0.0,0.0,2,11000,0,0,0,0,0,0
TF,IPSUD,41.101683,29.105092,0, ,0.0,0.0,0.0,0.0,1,4500,0,1,200,0,0,0

STAR,TOKE1Q,05,5
IF,TOKER,40.313333,30.772222, ,0.0,0.0,3,24000,0,0,0,0,0,0
TF,BA243,40.475922,30.358928,0, ,0.0,0.0,0.0,0.0,3,21000,0,0,0,0,0,0
TF,BA444,40.581486,30.078539,0, ,0.0,0.0,0.0,0.0,3,18000,0,0,0,0,0,0
TF,BA445,40.580922,29.599694,0, ,0.0,0.0,0.0,0.0,0,0,0,0,0,0,0,0
TF,BA446,40.579481,29.287003,0, ,0.0,0.0,0.0,0.0,1,9000,0,0,0,0,0,0
TF,OBIXI,40.770256,29.014869,0, ,0.0,0.0,0.0,0.0,0,0,0,0,0,0,0,0
TF,EFESE,40.804931,28.769261,0, ,0.0,0.0,0.0,0.0,0,0,0,0,0,0,0,0
TF,VAZZO,40.794350,28.594219,0, ,0.0,0.0,0.0,0.0,0,0,0,1,220,0,0,0
TF,WISNE,40.855539,28.573222,0, ,0.0,0.0,0.0,0.0,1,3000,0,0,0,0,0,0

STAR,TOKE1R,23,5
IF,TOKER,40.313333,30.772222, ,0.0,0.0,3,25000,0,0,0,0,0,0
TF,BA243,40.475922,30.358928,0, ,0.0,0.0,0.0,0.0,3,25000,0,0,0,0,0,0
TF,BA364,40.564136,30.151464,0, ,0.0,0.0,0.0,0.0,0,0,0,0,0,0,0,0
TF,NOTVI,40.727717,30.066114,0, ,0.0,0.0,0.0,0.0,0,0,0,0,0,0,0,0
TF,BA365,40.811981,30.021981,0, ,0.0,0.0,0.0,0.0,4,19000,17000,0,0,0,0,0
TF,OKIPI,41.039731,29.695272,0, ,0.0,0.0,0.0,0.0,2,11000,0,0,0,0,0,0
TF,IPSUD,41.101683,29.105092,0, ,0.0,0.0,0.0,0.0,1,4500,0,1,200,0,0,0

STAR,TOKE1T,05,5
IF,TOKER,40.313333,30.772222, ,0.0,0.0,3,34000,0,0,0,0,0,0
TF,BA243,40.475922,30.358928,0, ,0.0,0.0,0.0,0.0,3,28000,0,0,0,0,0,0
TF,EVRUG,40.385594,30.134583,0, ,0.0,0.0,0.0,0.0,0,0,0,0,0,0,0,0
TF,RAVIL,40.336186,30.002031,0, ,0.0,0.0,0.0,0.0,0,0,0,0,0,0,0,0
TF,BA997,40.376794,29.424967,0, ,0.0,0.0,0.0,0.0,0,0,0,0,0,0,0,0
TF,BA998,40.391742,29.201400,0, ,0.0,0.0,0.0,0.0,3,14000,0,0,0,0,0,0
TF,BA247,40.415953,28.824478,0, ,0.0,0.0,0.0,0.0,0,0,0,0,0,0,0,0
TF,BA248,40.501003,28.694364,0, ,0.0,0.0,0.0,0.0,3,8000,0,0,0,0,0,0
TF,VAZZO,40.794350,28.594219,0, ,0.0,0.0,0.0,0.0,0,0,0,1,220,0,0,0
TF,WISNE,40.855539,28.573222,0, ,0.0,0.0,0.0,0.0,1,3000,0,0,0,0,0,0

APPTR,D05-Z,05,WISNE
IF,WISNE,40.855539,28.573222, ,0.0,0.0,1,3000,0,1,210,0,1,0
TF,ATCOS,40.886306,28.639194,0, ,0.0,0.0,0.0,0.0,2,2600,0,0,0,0,0,0
TF,UFMAZ,40.924517,28.687850,0, ,0.0,0.0,0.0,0.0,1,2100,0,1,180,0,0,0

FINAL,D05-Z,05,D,3
IF,UFMAZ,40.924517,28.687850,IST,242.4,6.0,1,2100,0,1,180,0,2,0
CF,42VOR,40.935656,28.724817,0,IST,242.4,4.2,62.0,1.8,2,1500,0,0,0,0,0,0
CF,MD05Z,40.953486,28.784106,0,IST,242.4,1.3,62.0,2.9,1,610,0,0,0,0,3,0
CF,IST,40.961472,28.810694,0,IST,0.0,0.0,62.0,1.3,0,0,0,0,0,0,0,0
CF,BKZ,41.126972,29.142889,0,IST,50.5,18.1,51.0,18.1,1,3000,0,0,0,0,0,0
HM,BKZ,41.126972,29.142889,1, ,0.0,0.0,231.0,04.3,2,3000,0,1,230,0,0,0,0

APPTR,D23-Y,23,BKZ
IF,BKZ,41.126972,29.142889, ,0.0,0.0,2,3000,0,0,0,0,1,0
CF,FF23Y,41.045106,28.976622,0,BKZ,231.0,9.0,231.0,9.0,2,2500,0,0,0,0,0,0

FINAL,D23-Y,23,D,4
IF,FF23Y,41.045106,28.976622,BKZ,231.0,9.0,2,2500,0,0,0,0,2,0
CF,VOR11,41.026883,28.939733,0,BKZ,231.0,11.0,231.0,2.0,2,1800,0,0,0,0,0,0
CF,VOR13,41.008644,28.902861,0,BKZ,231.0,13.0,231.0,2.0,2,1200,0,0,0,0,0,0
CF,MD23Y,40.990397,28.866011,0,BKZ,231.0,15.0,231.0,2.0,1,642,0,0,0,0,3,0
CF,TETPU,40.836850,28.489950,0,BKZ,233.8,34.4,234.0,19.4,1,3000,0,0,0,0,0,0
HM,TETPU,40.836850,28.489950,1, ,0.0,0.0,234.0,04.3,2,3000,0,1,230,0,0,0,0

APPTR,D23-Z,23,IPSUD
IF,IPSUD,41.101683,29.105092, ,0.0,0.0,1,4500,0,1,200,0,1,0
TF,KOFUN,41.059167,28.988056,0, ,0.0,0.0,0.0,0.0,2,3000,0,1,180,0,0,0

FINAL,D23-Z,23,D,3
IF,KOFUN,41.059167,28.988056,IST,47.9,10.0,2,3000,0,1,180,0,2,0
CF,60VOR,41.020350,28.917467,0,IST,47.9,6.0,228.0,4.0,2,1700,0,0,0,0,0,0
CF,MD23Z,40.986017,28.855158,0,IST,47.9,2.5,228.0,3.5,1,490,0,0,0,0,3,0
CF,IST,40.961472,28.810694,0,IST,0.0,0.0,228.0,2.5,0,0,0,0,0,0,0,0
CF,TETPU,40.836850,28.489950,0,IST,237.0,16.4,237.0,16.4,1,3000,0,0,0,0,0,0
HM,TETPU,40.836850,28.489950,1, ,0.0,0.0,237.0,04.3,2,3000,0,1,230,0,0,0,0

APPTR,I05-V,05,WISNE
IF,WISNE,40.855539,28.573222, ,0.0,0.0,1,3000,0,0,0,0,1,0
CF,ATCOS,40.886306,28.639194,0,IIST,232.6,10.6,52.0,3.5,2,2600,0,0,0,0,0,0

FINAL,I05-V,05,I,3
IF,ATCOS,40.886306,28.639194,IIST,232.6,10.6,2,2600,0,0,0,0,0,0
CF,OKFED,40.897717,28.663703,0,IIST,232.6,9.3,52.0,1.3,1,2600,0,0,0,0,2,0
CF,RW05,40.966264,28.811319,0,IIST,232.6,1.4,52.0,7.9,1,150,0,0,0,0,3,0
CI,0, ,0.0,52.0,0,0,0,0,0,0,0,0
CF,BKZ,41.126972,29.142889,0,BKZ,0.0,0.0,51.0,15.0,1,3000,0,0,0,0,0,0
HM,BKZ,41.126972,29.142889,1, ,0.0,0.0,231.0,04.3,2,3000,0,1,230,0,0,0,0

APPTR,I05-W,05,WISNE
IF,WISNE,40.855539,28.573222, ,0.0,0.0,1,3000,0,0,0,0,1,0
CF,ATCOS,40.886306,28.639194,0,IIST,232.6,10.6,52.0,3.5,2,2600,0,0,0,0,0,0

FINAL,I05-W,05,I,3
IF,ATCOS,40.886306,28.639194,IIST,232.6,10.6,2,2600,0,0,0,0,0,0
CF,OKFED,40.897717,28.663703,0,IIST,232.6,9.3,52.0,1.3,1,2600,0,0,0,0,2,0
CF,RW05,40.966264,28.811319,0,IIST,232.6,1.4,52.0,7.9,1,150,0,0,0,0,3,0
CI,0, ,0.0,52.0,0,0,0,0,0,0,0,0
CF,BKZ,41.126972,29.142889,0,IST,50.5,18.1,51.0,15.0,1,3000,0,0,0,0,0,0
HM,BKZ,41.126972,29.142889,1, ,0.0,0.0,231.0,04.3,2,3000,0,1,230,0,0,0,0

APPTR,I05-X,05,WISNE
IF,WISNE,40.855539,28.573222, ,0.0,0.0,1,3000,0,0,0,0,1,0
CF,ATCOS,40.886306,28.639194,0,IIST,232.6,10.6,52.0,3.5,2,2600,0,0,0,0,0,0

FINAL,I05-X,05,I,3
IF,ATCOS,40.886306,28.639194,IIST,232.6,10.6,2,2600,0,0,0,0,0,0
CF,OKFED,40.897717,28.663703,0,IIST,232.6,9.3,52.0,1.3,1,2600,0,0,0,0,2,0
CF,RW05,40.966264,28.811319,0,IIST,232.6,1.4,52.0,7.9,1,150,0,0,0,0,3,0
CI,0, ,0.0,52.0,0,0,0,0,0,0,0,0
CF,BKZ,41.126972,29.142889,0,BKZ,0.0,0.0,51.0,15.0,1,3000,0,0,0,0,0,0
HM,BKZ,41.126972,29.142889,1, ,0.0,0.0,231.0,04.3,2,3000,0,1,230,0,0,0,0

APPTR,I05-Y,05,WISNE
IF,WISNE,40.855539,28.573222, ,0.0,0.0,1,3000,0,0,0,0,1,0
CF,ATCOS,40.886306,28.639194,0,IIST,232.6,10.6,52.0,3.5,2,2600,0,0,0,0,0,0

FINAL,I05-Y,05,I,3
IF,ATCOS,40.886306,28.639194,IIST,232.6,10.6,2,2600,0,0,0,0,0,0
CF,OKFED,40.897717,28.663703,0,IIST,232.6,9.3,52.0,1.3,1,2600,0,0,0,0,2,0
CF,RW05,40.966264,28.811319,0,IIST,232.6,1.4,52.0,7.9,1,150,0,0,0,0,3,0
CI,0, ,0.0,52.0,0,0,0,0,0,0,0,0
CF,BKZ,41.126972,29.142889,0,IST,50.5,18.1,51.0,15.0,1,3000,0,0,0,0,0,0
HM,BKZ,41.126972,29.142889,1, ,0.0,0.0,231.0,04.3,2,3000,0,1,230,0,0,0,0

APPTR,I05-Z,05,WISNE
IF,WISNE,40.855539,28.573222, ,0.0,0.0,1,3000,0,0,0,0,1,0
CF,ATCOS,40.886306,28.639194,0,IIST,232.6,10.6,52.0,3.5,2,2600,0,0,0,0,0,0

FINAL,I05-Z,05,I,3
IF,ATCOS,40.886306,28.639194,IIST,232.6,10.6,2,2600,0,0,0,0,0,0
CF,OKFED,40.897717,28.663703,0,IIST,232.6,9.3,52.0,1.3,1,2600,0,0,0,0,2,0
CF,RW05,40.966264,28.811319,0,IIST,232.6,1.4,52.0,7.9,1,150,0,0,0,0,3,0
CF,BKZ,41.126972,29.142889,0,IST,50.5,18.1,52.0,17.9,1,3000,0,0,0,0,0,0
HM,BKZ,41.126972,29.142889,1, ,0.0,0.0,231.0,04.3,2,3000,0,1,230,0,0,0,0

APPTR,I23-X,23,BKZ
IF,BKZ,41.126972,29.142889, ,0.0,0.0,2,3000,0,0,0,0,1,0
CF,CF23X,41.068325,29.032461,0,IATA,52.6,11.9,233.0,6.1,2,3000,0,0,0,0,0,0

FINAL,I23-X,23,I,3
IF,CF23X,41.068325,29.032461,IATA,52.6,11.9,2,3000,0,0,0,0,0,0
CF,GUNGA,41.050978,28.994758,0,IATA,52.6,9.9,233.0,2.0,1,3000,0,0,0,0,2,0
CF,RW23,40.977764,28.836156,0,IATA,52.6,1.5,233.0,8.4,1,147,0,0,0,0,3,0
CA,0,233.0,2,1400,0,0,0,0,0,0
CF,TETPU,40.836850,28.489950,0,BKZ,233.8,34.4,234.0,17.0,1,3000,0,0,0,0,0,0
HM,TETPU,40.836850,28.489950,1, ,0.0,0.0,234.0,04.3,2,3000,0,1,230,0,0,0,0

FINAL,I23-Y,23,I,3
IF,IPSUD,41.101683,29.105092,IATA,52.6,15.8,1,4500,0,1,200,0,0,0
CF,GUNGA,41.050978,28.994758,0,IATA,52.6,9.9,233.0,5.9,1,3000,0,1,180,0,2,0
CF,RW23,40.977764,28.836156,0,IATA,52.6,1.5,233.0,8.4,1,147,0,0,0,0,3,0
CI,0, ,0.0,233.0,0,0,0,0,0,0,0,0
CF,TETPU,40.836850,28.489950,0,IST,237.0,16.4,237.0,14.0,1,3000,0,0,0,0,0,0
HM,TETPU,40.836850,28.489950,1, ,0.0,0.0,237.0,04.3,2,3000,0,1,230,0,0,0,0

FINAL,I23-Z,23,I,3
IF,IPSUD,41.101683,29.105092,IATA,52.6,15.8,1,4500,0,1,200,0,0,0
CF,GUNGA,41.050978,28.994758,0,IATA,52.6,9.9,233.0,5.9,1,3000,0,1,180,0,2,0
CF,RW23,40.977764,28.836156,0,IATA,52.6,1.5,233.0,8.4,1,147,0,0,0,0,3,0
CA,0,233.0,2,1100,0,0,0,0,0,0
DF,TETPU,40.836850,28.489950,0, ,0.0,0.0,1,3000,0,0,0,0,0,0
HM,TETPU,40.836850,28.489950,1, ,0.0,0.0,237.0,04.3,2,3000,0,1,230,0,0,0,0

FINAL,R05-Z,05,R,5
IF,WISNE,40.855539,28.573222, ,0.0,0.0,1,3000,0,1,210,0,0,0
TF,ATCOS,40.886306,28.639194,0, ,0.0,0.0,52.0,3.5,2,2600,0,0,0,0,0,0
TF,OKFED,40.897717,28.663703,0, ,0.0,0.0,52.0,1.3,1,2600,0,1,180,0,2,0
TF,BA601,40.928250,28.729367,0, ,0.0,0.0,52.0,3.5,2,1500,0,1,160,0,0,0
TF,RW05,40.966264,28.811319,0, ,0.0,0.0,52.0,4.4,1,150,0,0,0,0,3,1
TF,BKZ,41.126972,29.142889,0, ,0.0,0.0,0.0,0.0,1,3000,0,1,230,0,0,0
HM,BKZ,41.126972,29.142889,1, ,0.0,0.0,231.0,04.3,2,3000,0,1,230,0,0,0,0

FINAL,R23-Z,23,R,4
IF,IPSUD,41.101683,29.105092, ,0.0,0.0,1,4500,0,1,200,0,0,0
TF,GUNGA,41.050978,28.994758,0, ,0.0,0.0,233.0,5.9,1,3000,0,1,180,0,2,0
TF,BA602,41.003828,28.892522,0, ,0.0,0.0,233.0,5.4,2,1060,0,0,0,0,0,0
TF,RW23,40.977764,28.836156,0, ,0.0,0.0,233.0,3.0,1,147,0,0,0,0,3,1
TF,TETPU,40.836850,28.489950,0, ,0.0,0.0,0.0,0.0,1,3000,0,1,230,0,0,0
HM,TETPU,40.836850,28.489950,1, ,0.0,0.0,237.0,04.3,2,3000,0,1,230,0,0,0,0

FINAL,V05-A,05,D,2
IF,FF054,40.903025,28.677444,IST,234.0,7.0,2,1500,0,0,0,0,2,0
CF,IST,40.961472,28.810694,0,IST,0.0,0.0,54.0,7.0,1,1100,0,0,0,0,3,0
CF,BKZ,41.126972,29.142889,0,IST,50.5,18.1,51.0,18.1,1,3000,0,0,0,0,0,0
HM,BKZ,41.126972,29.142889,1, ,0.0,0.0,231.0,04.3,2,3000,0,1,230,0,0,0,0

FINAL,V23-A,23,D,2
IF,FF054,40.903025,28.677444,IST,234.0,7.0,2,1500,0,0,0,0,2,0
CF,IST,40.961472,28.810694,0,IST,0.0,0.0,54.0,7.0,1,1100,0,0,0,0,3,0
CF,BKZ,41.126972,29.142889,0,IST,50.5,18.1,51.0,18.1,1,3000,0,0,0,0,0,0
HM,BKZ,41.126972,29.142889,1, ,0.0,0.0,231.0,04.3,2,3000,0,1,230,0,0,0,0

