SID,EKME2W,09,2
CF,D088J,39.801358,30.728169,0,ESR,88.0,10.0,88.0,9.0,0,0,0,0,0,0,0,1
DF,ESR,39.813194,30.512444,1, ,0.0,0.0,0,0,0,0,0,0,0,0
TF,EKMEL,40.376667,30.182778,0, ,0.0,0.0,0.0,0.0,0,0,0,0,0,0,0,0

SID,EKME2Y,27,2
CA,0,267.0,2,3000,0,0,0,0,0,0
CF,D263J,39.810081,30.296194,0,ESR,263.0,10.0,263.0,9.0,0,0,0,1,250,0,0,0
AF,D330J,39.965539,30.424275,2,ESR,330.0,10.0,263.0,0,0,0,0,0,0,0,0
TF,EKMEL,40.376667,30.182778,0, ,0.0,0.0,0.0,0.0,0,0,0,0,0,0,0,0

SID,KARG2F,09,2
CF,D088J,39.801358,30.728169,0,ESR,88.0,10.0,88.0,9.0,0,0,0,0,0,0,0,1
DF,ESR,39.813194,30.512444,1, ,0.0,0.0,0,0,0,0,0,0,0,0
TF,KARGI,39.429167,30.054444,0, ,0.0,0.0,0.0,0.0,0,0,0,0,0,0,0,0

SID,KARG2G,27,2
CA,0,263.0,2,3000,0,0,0,0,0,0
CF,KARGI,39.429167,30.054444,0,ESR,216.8,31.3,217.0,29.0,0,0,0,0,0,0,0,0

SID,SULT2W,09,2
CF,D088J,39.801358,30.728169,0,ESR,88.0,10.0,88.0,9.0,0,0,0,0,0,0,0,1
DF,ESR,39.813194,30.512444,1, ,0.0,0.0,0,0,0,0,0,0,0,0
TF,SULTA,40.045556,29.739722,0, ,0.0,0.0,0.0,0.0,0,0,0,0,0,0,0,0

SID,SULT2Y,27,2
CA,0,267.0,2,3000,0,0,0,0,0,0
CF,D263J,39.810081,30.296194,0,ESR,263.0,10.0,263.0,9.0,0,0,0,1,250,0,0,0
AF,D285J,39.872794,30.310342,2,ESR,285.0,10.0,263.0,0,0,0,0,0,0,0,0
TF,SULTA,40.045556,29.739722,0, ,0.0,0.0,0.0,0.0,0,0,0,0,0,0,0,0

SID,TOKE2B,09,2
CF,D088J,39.801358,30.728169,0,ESR,88.0,10.0,88.0,9.0,0,0,0,0,0,0,0,0
AF,D016J,39.968172,30.592503,1,ESR,15.7,10.0,88.0,0,0,0,0,0,0,0,0
TF,TOKER,40.313333,30.772222,0, ,0.0,0.0,0.0,0.0,0,0,0,0,0,0,0,0

SID,TOKE2C,27,2
CA,0,267.0,2,3000,0,0,0,0,0,0
CF,D263J,39.810081,30.296194,0,ESR,263.0,10.0,263.0,9.0,0,0,0,1,250,0,0,1
DF,ESR,39.813194,30.512444,2, ,0.0,0.0,0,0,0,0,0,0,0,0
TF,TOKER,40.313333,30.772222,0, ,0.0,0.0,0.0,0.0,0,0,0,0,0,0,0,0

STAR,EKME2Z,ALL,2
IF,EKMEL,40.376667,30.182778, ,0.0,0.0,0,0,0,0,0,0,0,0
TF,D330N,40.026308,30.388464,0, ,0.0,0.0,0.0,0.0,0,0,0,0,0,0,0,0
TF,ESR,39.813194,30.512444,0, ,0.0,0.0,0.0,0.0,0,0,0,0,0,0,0,0

STAR,KARG2E,ALL,2
IF,KARGI,39.429167,30.054444, ,0.0,0.0,0,0,0,0,0,0,0,0
TF,D217P,39.617233,30.277833,0, ,0.0,0.0,0.0,0.0,0,0,0,0,0,0,0,0
TF,ESR,39.813194,30.512444,0, ,0.0,0.0,0.0,0.0,0,0,0,0,0,0,0,0

STAR,SULT2Z,ALL,2
IF,SULTA,40.045556,29.739722, ,0.0,0.0,0,0,0,0,0,0,0,0
TF,D285N,39.898750,30.230517,0, ,0.0,0.0,0.0,0.0,0,0,0,0,0,0,0,0
TF,ESR,39.813194,30.512444,0, ,0.0,0.0,0.0,0.0,0,0,0,0,0,0,0,0

STAR,TOKE2A,ALL,2
IF,TOKER,40.313333,30.772222, ,0.0,0.0,0,0,0,0,0,0,0,0
TF,D016N,40.030150,30.624625,0, ,0.0,0.0,0.0,0.0,0,0,0,0,0,0,0,0
TF,ESR,39.813194,30.512444,0, ,0.0,0.0,0.0,0.0,0,0,0,0,0,0,0,0

APPTR,D09-Y,09,ESR1
IF,ESR,39.813194,30.512444, ,0.0,0.0,2,6500,0,1,185,0,0,0
FD,ESR,39.813194,30.512444,0,ESR,0.0,10.0,277.0,10.0,2,5700,0,0,0,0,0,0
CF,FF09Y,39.804261,30.296475,1,ESR,261.0,10.0,81.0,1.0,2,5700,0,0,0,0,0,0

APPTR,D09-Y,09,ESR2
IF,ESR,39.813194,30.512444, ,0.0,0.0,2,6500,0,1,140,0,0,0
FD,ESR,39.813194,30.512444,0,ESR,0.0,10.0,271.0,10.0,2,5700,0,0,0,0,0,0
CF,FF09Y,39.804261,30.296475,1,ESR,261.0,10.0,81.0,1.0,2,5700,0,0,0,0,0,0

FINAL,D09-Y,09,D,2
IF,FF09Y,39.804261,30.296475,ESR,261.0,10.0,2,5700,0,0,0,0,2,0
CF,MA09,39.811439,30.469244,0,ESR,261.0,2.0,81.0,8.0,1,3119,0,0,0,0,3,0
CF,ESR,39.813194,30.512444,0,ESR,0.0,0.0,81.0,2.0,0,0,0,0,0,0,0,0
FA,ESR,39.813194,30.512444,0,ESR,0.0,0.0,86.0,2,4800,0,0,0,0,0,0
DF,ESR,39.813194,30.512444,1, ,0.0,0.0,1,6500,0,1,185,0,0,0
HM,ESR,39.813194,30.512444,2, ,0.0,0.0,267.0,04.3,2,6500,0,1,230,0,0,0,0

APPTR,I09-Z,09,ESRN1
IF,ESR,39.813194,30.512444, ,0.0,0.0,2,6500,0,0,0,0,0,0
FD,ESR,39.813194,30.512444,0,ESR,0.0,11.0,280.0,11.0,2,5400,0,1,185,0,0,0
CF,CI09,39.818722,30.274511,1,IESR,266.8,12.3,87.0,1.0,2,5400,0,0,0,0,0,0

APPTR,I09-Z,09,ESRN2
IF,ESR,39.813194,30.512444, ,0.0,0.0,2,6500,0,0,0,0,0,0
FD,ESR,39.813194,30.512444,0,ESR,0.0,11.0,274.0,11.0,2,5400,0,1,140,0,0,0
CF,CI09,39.818722,30.274511,1,IESR,266.8,12.3,87.0,1.0,2,5400,0,0,0,0,0,0

APPTR,I09-Z,09,ESRV1
IF,ESR,39.813194,30.512444, ,0.0,0.0,2,6500,0,0,0,0,0,0
FD,ESR,39.813194,30.512444,0,ESR,0.0,11.0,280.0,11.0,2,5400,0,1,185,0,0,0
CF,CI09,39.818722,30.274511,1,IESR,266.8,12.3,87.0,1.0,2,5400,0,0,0,0,0,0

APPTR,I09-Z,09,ESRV2
IF,ESR,39.813194,30.512444, ,0.0,0.0,2,6500,0,0,0,0,0,0
FD,ESR,39.813194,30.512444,0,ESR,0.0,11.0,274.0,11.0,2,5400,0,1,140,0,0,0
CF,CI09,39.818722,30.274511,1,IESR,266.8,12.3,87.0,1.0,2,5400,0,0,0,0,0,0

FINAL,I09-Z,09,I,3
IF,CI09,39.818722,30.274511,IESR,266.8,12.3,2,5400,0,0,0,0,0,0
CF,FI09,39.817336,30.313403,0,IESR,266.8,10.5,87.0,1.8,1,5400,0,0,0,0,2,0
CF,RW09,39.810472,30.500958,0,IESR,266.8,1.8,87.0,8.7,1,2653,0,0,0,0,3,0
CF,ESR,39.813194,30.512444,0,ESR,0.0,0.0,87.0,0.6,0,0,0,0,0,0,0,0
FA,ESR,39.813194,30.512444,0,ESR,0.0,0.0,86.0,2,4800,0,0,0,0,0,0
DF,ESR,39.813194,30.512444,1, ,0.0,0.0,1,6500,0,1,185,0,0,0
HM,ESR,39.813194,30.512444,2, ,0.0,0.0,267.0,04.3,2,6500,0,1,230,0,0,0,0

APPTR,N09-Z,09,ESR1
IF,ESR,39.813194,30.512444, ,0.0,0.0,2,6500,0,0,0,0,0,0
FC,ESR,39.813194,30.512444,0,ESR,0.0,0.0,281.0,6.2,2,5500,0,1,185,0,0,1
CF,FF09Z,39.807703,30.378536,1,ESR,261.0,6.2,81.0,1.0,2,5500,0,0,0,0,0,0

APPTR,N09-Z,09,ESR2
IF,ESR,39.813194,30.512444, ,0.0,0.0,2,6500,0,0,0,0,0,0
FC,ESR,39.813194,30.512444,0,ESR,0.0,0.0,274.0,6.2,2,5500,0,1,140,0,0,1
CF,FF09Z,39.807703,30.378536,1,ESR,261.0,6.2,81.0,1.0,2,5500,0,0,0,0,0,0

FINAL,N09-Z,09,N,2
IF,FF09Z,39.807703,30.378536,ESR,0.0,0.0,2,5500,0,0,0,0,2,0
CF,RW09,39.810472,30.500958,0,ESR,0.0,0.0,81.0,5.7,1,2653,0,0,0,0,3,0
CF,ESR,39.813194,30.512444,0,ESR,0.0,0.0,81.0,0.6,0,0,0,0,0,0,0,1
FA,ESR,39.813194,30.512444,0,ESR,0.0,0.0,86.0,2,4800,0,0,0,0,0,0
DF,ESR,39.813194,30.512444,1, ,0.0,0.0,1,6500,0,1,185,0,0,0
HM,ESR,39.813194,30.512444,2, ,0.0,0.0,267.0,04.3,2,6500,0,1,230,0,0,0,0

APPTR,Q09-Y,09,ESR1
IF,ESR,39.813194,30.512444, ,0.0,0.0,2,6500,0,0,0,0,0,0
FD,ESR,39.813194,30.512444,0,ESR,0.0,10.0,277.0,10.0,2,5700,0,1,185,0,0,0
CF,FF09Y,39.804261,30.296475,1,ESR,261.0,10.0,81.0,1.0,2,5700,0,0,0,0,0,0

APPTR,Q09-Y,09,ESR2
IF,ESR,39.813194,30.512444, ,0.0,0.0,2,6500,0,0,0,0,0,0
FD,ESR,39.813194,30.512444,0,ESR,0.0,10.0,271.0,10.0,2,5700,0,1,140,0,0,0
CF,FF09Y,39.804261,30.296475,1,ESR,261.0,10.0,81.0,1.0,2,5700,0,0,0,0,0,0

FINAL,Q09-Y,09,N,2
IF,FF09Y,39.804261,30.296475,ESR,0.0,0.0,2,5700,0,0,0,0,2,0
CF,MA09,39.811439,30.469244,0,ESR,0.0,2.0,81.0,8.0,1,3119,0,0,0,0,3,0
CF,ESR,39.813194,30.512444,0,ESR,0.0,0.0,81.0,2.0,0,0,0,0,0,0,0,0
FA,ESR,39.813194,30.512444,0,ESR,0.0,0.0,86.0,2,4800,0,0,0,0,0,0
DF,ESR,39.813194,30.512444,1, ,0.0,0.0,1,6500,0,1,185,0,0,0
HM,ESR,39.813194,30.512444,2, ,0.0,0.0,267.0,04.3,2,6500,0,1,230,0,0,0,0

APPTR,S09-Z,09,ESR1
IF,ESR,39.813194,30.512444, ,0.0,0.0,2,6500,0,1,185,0,0,0
FC,ESR,39.813194,30.512444,0,ESR,0.0,0.0,281.0,6.2,2,5500,0,0,0,0,0,1
CF,FF09Z,39.807703,30.378536,1,ESR,261.0,6.2,81.0,1.0,2,5500,0,0,0,0,0,0

APPTR,S09-Z,09,ESR2
IF,ESR,39.813194,30.512444, ,0.0,0.0,2,6500,0,1,140,0,0,0
FC,ESR,39.813194,30.512444,0,ESR,0.0,0.0,274.0,6.2,2,5500,0,0,0,0,0,1
CF,FF09Z,39.807703,30.378536,1,ESR,261.0,6.2,81.0,1.0,2,5500,0,0,0,0,0,0

FINAL,S09-Z,09,D,2
IF,FF09Z,39.807703,30.378536,ESR,261.0,6.2,2,5500,0,0,0,0,2,0
CF,RW09,39.810472,30.500958,0,ESR,246.9,0.6,81.0,5.7,1,2653,0,0,0,0,3,0
CF,ESR,39.813194,30.512444,0,ESR,0.0,0.0,81.0,0.6,0,0,0,0,0,0,0,1
FA,ESR,39.813194,30.512444,0,ESR,0.0,0.0,86.0,2,4800,0,0,0,0,0,0
DF,ESR,39.813194,30.512444,1, ,0.0,0.0,1,6500,0,1,185,0,0,0
HM,ESR,39.813194,30.512444,2, ,0.0,0.0,267.0,04.3,2,6500,0,1,230,0,0,0,0

