SID,EZN1A,10,2
CF,D102M,39.637181,39.794211,0,ERN,102.0,13.0,102.0,13.0,0,0,0,0,0,0,0,1
DF,ERN,39.708083,39.529028,2, ,0.0,0.0,0,0,0,1,205,0,0,0
TF,EZN,39.937167,38.887028,0, ,0.0,0.0,0.0,0.0,0,0,0,0,0,0,0,0

SID,EZN1B,10,2
CF,D102T,39.598753,39.936778,0,ERN,102.0,20.0,102.0,20.0,0,0,0,0,0,0,0,1
DF,ERN,39.708083,39.529028,2, ,0.0,0.0,0,0,0,1,205,0,0,0
TF,EZN,39.937167,38.887028,0, ,0.0,0.0,0.0,0.0,0,0,0,0,0,0,0,0

SID,EZN1C,10,2
CA,0,104.0,2,4200,0,0,0,0,0,0
FA,ERN,39.708083,39.529028,0,ERN,0.0,0.0,102.0,2,9000,0,0,0,0,0,0
DF,ERN,39.708083,39.529028,2, ,0.0,0.0,0,0,0,1,205,0,0,0
TF,EZN,39.937167,38.887028,0, ,0.0,0.0,0.0,0.0,0,0,0,0,0,0,0,0

SID,EZN1D,10,2
CA,0,104.0,2,4200,0,0,0,0,0,0
FA,ERN,39.708083,39.529028,0,ERN,0.0,0.0,102.0,2,10000,0,0,0,0,0,0
DF,ERN,39.708083,39.529028,2, ,0.0,0.0,0,0,0,1,205,0,0,0
TF,EZN,39.937167,38.887028,0, ,0.0,0.0,0.0,0.0,0,0,0,0,0,0,0,0

SID,EZN1E,28,2
CA,0,284.0,2,4200,0,0,0,0,0,0
CF,D294R,39.862239,39.195072,0,ERN,294.0,18.0,294.0,17.0,0,0,0,0,0,0,0,1
VI,0, ,0.0,258.0,0,0,0,0,0,0,0,0
CF,EZN,39.937167,38.887028,0,ERN,288.0,32.7,288.0,11.0,0,0,0,0,0,0,0,0

SID,EZN1F,28,2
CA,0,284.0,2,4200,0,0,0,0,0,0
FA,ERN,39.708083,39.529028,0,ERN,0.0,0.0,294.0,2,10000,0,0,0,0,0,0
VI,0, ,0.0,258.0,0,0,0,0,0,0,0,0
CF,EZN,39.937167,38.887028,0,ERN,288.0,32.7,288.0,18.0,0,0,0,0,0,0,0,0

SID,KONU1A,10,2
CF,D102M,39.637181,39.794211,0,ERN,102.0,13.0,102.0,13.0,0,0,0,0,0,0,0,1
DF,ERN,39.708083,39.529028,2, ,0.0,0.0,0,0,0,1,205,0,0,1
TF,KONUK,39.511667,39.468056,1, ,0.0,0.0,0.0,0.0,0,0,0,0,0,0,0,0

SID,KONU1B,10,2
CF,D102T,39.598753,39.936778,0,ERN,102.0,20.0,102.0,20.0,0,0,0,0,0,0,0,1
DF,ERN,39.708083,39.529028,2, ,0.0,0.0,0,0,0,1,205,0,0,1
TF,KONUK,39.511667,39.468056,1, ,0.0,0.0,0.0,0.0,0,0,0,0,0,0,0,0

SID,KONU1C,10,2
CA,0,104.0,2,4200,0,0,0,0,0,0
FA,ERN,39.708083,39.529028,0,ERN,0.0,0.0,102.0,2,9000,0,0,0,0,0,0
DF,ERN,39.708083,39.529028,2, ,0.0,0.0,0,0,0,1,205,0,0,1
TF,KONUK,39.511667,39.468056,1, ,0.0,0.0,0.0,0.0,0,0,0,0,0,0,0,0

SID,KONU1D,10,2
CA,0,104.0,2,4200,0,0,0,0,0,0
FA,ERN,39.708083,39.529028,0,ERN,0.0,0.0,102.0,2,10000,0,0,0,0,0,0
DF,ERN,39.708083,39.529028,2, ,0.0,0.0,0,0,0,1,205,0,0,1
TF,KONUK,39.511667,39.468056,1, ,0.0,0.0,0.0,0.0,0,0,0,0,0,0,0,0

SID,KONU1E,28,2
CA,0,284.0,2,4200,0,0,0,0,0,0
CF,D294M,39.819514,39.287986,0,ERN,294.0,13.0,294.0,12.0,0,0,0,0,0,0,0,1
DF,ERN,39.708083,39.529028,2, ,0.0,0.0,0,0,0,1,205,0,0,0
TF,KONUK,39.511667,39.468056,0, ,0.0,0.0,0.0,0.0,0,0,0,0,0,0,0,0

SID,KONU1F,28,2
CA,0,284.0,2,4200,0,0,0,0,0,0
FA,ERN,39.708083,39.529028,0,ERN,0.0,0.0,294.0,2,8200,0,0,0,0,0,0
DF,ERN,39.708083,39.529028,2, ,0.0,0.0,0,0,0,1,205,0,0,0
TF,KONUK,39.511667,39.468056,0, ,0.0,0.0,0.0,0.0,0,0,0,0,0,0,0,0

SID,ORHA1A,10,2
CF,D102M,39.637181,39.794211,0,ERN,102.0,13.0,102.0,13.0,0,0,0,0,0,0,0,1
DF,ERN,39.708083,39.529028,2, ,0.0,0.0,0,0,0,1,205,0,0,1
TF,ORHAN,39.947500,39.577778,0, ,0.0,0.0,0.0,0.0,0,0,0,0,0,0,0,0

SID,ORHA1B,10,2
CF,D102T,39.598753,39.936778,0,ERN,102.0,20.0,102.0,20.0,0,0,0,0,0,0,0,1
DF,ERN,39.708083,39.529028,2, ,0.0,0.0,0,0,0,1,205,0,0,1
TF,ORHAN,39.947500,39.577778,0, ,0.0,0.0,0.0,0.0,0,0,0,0,0,0,0,0

SID,ORHA1C,10,2
CA,0,104.0,2,4200,0,0,0,0,0,0
FA,ERN,39.708083,39.529028,0,ERN,0.0,0.0,102.0,2,9000,0,0,0,0,0,0
DF,ERN,39.708083,39.529028,2, ,0.0,0.0,0,0,0,1,205,0,0,0
TF,ORHAN,39.947500,39.577778,0, ,0.0,0.0,0.0,0.0,0,0,0,0,0,0,0,0

SID,ORHA1D,10,2
CA,0,104.0,2,4200,0,0,0,0,0,0
FA,ERN,39.708083,39.529028,0,ERN,0.0,0.0,102.0,2,10000,0,0,0,0,0,0
DF,ERN,39.708083,39.529028,2, ,0.0,0.0,0,0,0,1,205,0,0,0
TF,ORHAN,39.947500,39.577778,0, ,0.0,0.0,0.0,0.0,0,0,0,0,0,0,0,0

SID,ORHA1E,28,2
CA,0,284.0,2,4200,0,0,0,0,0,0
CF,D294M,39.819514,39.287986,0,ERN,294.0,13.0,294.0,12.0,0,0,0,0,0,0,0,1
DF,ERN,39.708083,39.529028,2, ,0.0,0.0,0,0,0,1,205,0,0,1
TF,ORHAN,39.947500,39.577778,1, ,0.0,0.0,0.0,0.0,0,0,0,0,0,0,0,0

SID,ORHA1F,28,2
CA,0,284.0,2,4200,0,0,0,0,0,0
FA,ERN,39.708083,39.529028,0,ERN,0.0,0.0,294.0,2,8200,0,0,0,0,0,0
DF,ERN,39.708083,39.529028,2, ,0.0,0.0,0,0,0,1,205,0,0,1
TF,ORHAN,39.947500,39.577778,1, ,0.0,0.0,0.0,0.0,0,0,0,0,0,0,0,0

STAR,EZN1T,10,2
IF,EZN,39.937167,38.887028, ,0.0,0.0,0,0,0,0,0,0,0,0
TF,D288L,39.792558,39.293939,0, ,0.0,0.0,0.0,0.0,0,0,0,0,0,0,0,0
TF,ERN,39.708083,39.529028,0, ,0.0,0.0,0.0,0.0,0,0,0,0,0,0,0,0

STAR,KONU1T,10,2
IF,KONUK,39.511667,39.468056, ,0.0,0.0,0,0,0,0,0,0,0,0
TF,D187E,39.626989,39.503808,0, ,0.0,0.0,0.0,0.0,0,0,0,0,0,0,0,0
TF,ERN,39.708083,39.529028,0, ,0.0,0.0,0.0,0.0,0,0,0,0,0,0,0,0

STAR,ORHA1T,10,2
IF,ORHAN,39.947500,39.577778, ,0.0,0.0,0,0,0,0,0,0,0,0
TF,D002E,39.790478,39.545764,0, ,0.0,0.0,0.0,0.0,0,0,0,0,0,0,0,0
TF,ERN,39.708083,39.529028,0, ,0.0,0.0,0.0,0.0,0,0,0,0,0,0,0,0

APPTR,L28-Z,28,ERNN
IF,ERN,39.708083,39.529028, ,0.0,0.0,2,13500,0,0,0,0,0,0
TF,D104W,39.569669,39.991828,0, ,0.0,0.0,0.0,0.0,2,12500,0,0,0,0,1,0
FC,D104W,39.569669,39.991828,0,ERN,0.0,0.0,149.0,4.4,2,12500,0,1,230,0,0,1
CF,D104Y,39.557544,40.031983,1,ERN,104.0,25.0,284.0,3.0,2,12100,0,0,0,0,0,0
CF,CL28,39.591333,39.932592,0,IEZC,103.8,21.1,284.0,5.0,2,10200,0,0,0,0,1,0

APPTR,L28-Z,28,ERNV
IF,ERN,39.708083,39.529028, ,0.0,0.0,2,13500,0,0,0,0,0,0
TF,D104W,39.569669,39.991828,0, ,0.0,0.0,0.0,0.0,2,12500,0,0,0,0,1,0
FC,D104W,39.569669,39.991828,0,ERN,0.0,0.0,149.0,4.4,2,12500,0,1,230,0,0,1
CF,D104Y,39.557544,40.031983,1,ERN,104.0,25.0,284.0,3.0,2,12100,0,0,0,0,0,0
CF,CL28,39.591333,39.932592,0,IEZC,103.8,21.1,284.0,5.0,2,10200,0,0,0,0,1,0

FINAL,L28-Z,28,D,3
IF,CL28,39.591333,39.932592,IEZC,103.8,21.1,2,10200,0,0,0,0,0,0
CF,FF28,39.621214,39.831925,0,IEZC,103.8,16.1,284.0,5.0,2,8900,0,0,0,0,2,0
CF,ML28,39.698492,39.569789,0,IEZC,103.8,3.1,284.0,13.0,1,4276,0,0,0,0,3,0
CF,ERN,39.708083,39.529028,0,ERN,0.0,0.0,284.0,2.0,0,0,0,0,0,0,0,0
FA,ERN,39.708083,39.529028,0,ERN,0.0,0.0,297.0,2,8550,0,0,0,0,0,0
DF,ERN,39.708083,39.529028,2, ,0.0,0.0,1,13500,0,1,210,0,0,0
HM,ERN,39.708083,39.529028,2, ,0.0,0.0,104.0,04.3,2,13500,0,1,230,0,0,0,0

APPTR,Q10-A,10,ERN
IF,ERN,39.708083,39.529028, ,0.0,0.0,2,13500,0,0,0,0,0,0
TF,FF110,39.783650,39.336392,0, ,0.0,0.0,0.0,0.0,2,11000,0,0,0,0,0,0
FC,FF110,39.783650,39.336392,0,ERN,0.0,0.0,335.0,3.9,0,0,0,1,185,0,0,1
CF,FF110,39.783650,39.336392,1,ERN,290.0,10.0,110.0,4.0,2,11000,0,0,0,0,0,0

FINAL,Q10-A,10,N,3
IF,FF110,39.783650,39.336392,ERN,0.0,0.0,2,11000,0,0,0,0,2,0
CF,50VOR,39.745906,39.432761,0,ERN,0.0,0.0,110.0,5.0,2,9000,0,0,0,0,0,0
CF,ERN,39.708083,39.529028,0,ERN,0.0,0.0,110.0,5.0,1,8800,0,0,0,0,3,0
FA,ERN,39.708083,39.529028,0,ERN,0.0,0.0,102.0,2,10000,0,0,0,0,0,0
DF,ERN,39.708083,39.529028,2, ,0.0,0.0,1,13500,0,1,185,0,0,0
HM,ERN,39.708083,39.529028,1, ,0.0,0.0,264.0,04.3,2,13500,0,1,230,0,0,0,0

APPTR,Q28-A,28,ERN
IF,ERN,39.708083,39.529028, ,0.0,0.0,2,13500,0,0,0,0,0,0
TF,FF110,39.783650,39.336392,0, ,0.0,0.0,0.0,0.0,2,11000,0,0,0,0,0,0
FC,FF110,39.783650,39.336392,0,ERN,0.0,0.0,335.0,3.9,0,0,0,1,185,0,0,1
CF,FF110,39.783650,39.336392,1,ERN,290.0,10.0,110.0,4.0,2,11000,0,0,0,0,0,0

FINAL,Q28-A,28,N,3
IF,FF110,39.783650,39.336392,ERN,0.0,0.0,2,11000,0,0,0,0,2,0
CF,50VOR,39.745906,39.432761,0,ERN,0.0,0.0,110.0,5.0,2,9000,0,0,0,0,0,0
CF,ERN,39.708083,39.529028,0,ERN,0.0,0.0,110.0,5.0,1,8800,0,0,0,0,3,0
FA,ERN,39.708083,39.529028,0,ERN,0.0,0.0,102.0,2,10000,0,0,0,0,0,0
DF,ERN,39.708083,39.529028,2, ,0.0,0.0,1,13500,0,1,185,0,0,0
HM,ERN,39.708083,39.529028,1, ,0.0,0.0,264.0,04.3,2,13500,0,1,230,0,0,0,0

APPTR,V10-A,10,ERN
IF,ERN,39.708083,39.529028, ,0.0,0.0,2,13500,0,0,0,0,0,0
TF,FF110,39.783650,39.336392,0, ,0.0,0.0,0.0,0.0,2,11000,0,0,0,0,0,0
FC,FF110,39.783650,39.336392,0,ERN,0.0,0.0,335.0,3.9,0,0,0,1,185,0,0,1
CF,FF110,39.783650,39.336392,1,ERN,290.0,10.0,110.0,4.0,2,11000,0,0,0,0,0,0

FINAL,V10-A,10,D,3
IF,FF110,39.783650,39.336392,ERN,290.0,10.0,2,11000,0,0,0,0,2,0
CF,50VOR,39.745906,39.432761,0,ERN,290.0,5.0,110.0,5.0,2,9000,0,0,0,0,0,0
CF,ERN,39.708083,39.529028,0,ERN,0.0,0.0,110.0,5.0,1,8800,0,0,0,0,3,0
FA,ERN,39.708083,39.529028,0,ERN,0.0,0.0,102.0,2,10000,0,0,0,0,0,0
DF,ERN,39.708083,39.529028,2, ,0.0,0.0,1,13500,0,1,185,0,0,0
HM,ERN,39.708083,39.529028,1, ,0.0,0.0,264.0,04.3,2,13500,0,1,230,0,0,0,0

APPTR,V28-A,28,ERN
IF,ERN,39.708083,39.529028, ,0.0,0.0,2,13500,0,0,0,0,0,0
TF,FF110,39.783650,39.336392,0, ,0.0,0.0,0.0,0.0,2,11000,0,0,0,0,0,0
FC,FF110,39.783650,39.336392,0,ERN,0.0,0.0,335.0,3.9,0,0,0,1,185,0,0,1
CF,FF110,39.783650,39.336392,1,ERN,290.0,10.0,110.0,4.0,2,11000,0,0,0,0,0,0

FINAL,V28-A,28,D,3
IF,FF110,39.783650,39.336392,ERN,290.0,10.0,2,11000,0,0,0,0,2,0
CF,50VOR,39.745906,39.432761,0,ERN,290.0,5.0,110.0,5.0,2,9000,0,0,0,0,0,0
CF,ERN,39.708083,39.529028,0,ERN,0.0,0.0,110.0,5.0,1,8800,0,0,0,0,3,0
FA,ERN,39.708083,39.529028,0,ERN,0.0,0.0,102.0,2,10000,0,0,0,0,0,0
DF,ERN,39.708083,39.529028,2, ,0.0,0.0,1,13500,0,1,185,0,0,0
HM,ERN,39.708083,39.529028,1, ,0.0,0.0,264.0,04.3,2,13500,0,1,230,0,0,0,0

