SID,INBA1A,16,2
CA,0,158.0,2,5870,0,0,0,0,0,0
CF,D162H,39.515056,43.059872,0,ARI,162.0,8.0,162.0,7.0,2,8100,0,0,0,0,0,0
AF,D276H,39.675978,42.858742,2,ARI,276.0,8.0,162.0,0,0,0,0,0,0,0,0
TF,INBAT,39.702500,42.708333,0, ,0.0,0.0,0.0,0.0,0,0,0,0,0,0,0,0

SID,INBA1B,34,2
CA,0,338.0,2,5870,0,0,0,0,0,0
FD,ARI,39.646056,43.027000,0,ARI,0.0,12.0,342.0,12.0,2,8000,0,1,204,0,0,0
DF,ARI,39.646056,43.027000,2, ,0.0,0.0,2,12000,0,0,0,0,0,0
TF,INBAT,39.702500,42.708333,2, ,0.0,0.0,0.0,0.0,0,0,0,0,0,0,0,0

STAR,ALVU1D,16,2
IF,ALVUH,39.810833,42.783056, ,0.0,0.0,0,0,0,0,0,0,0,0
TF,ARI,39.646056,43.027000,0, ,0.0,0.0,0.0,0.0,0,0,0,0,0,0,0,0
TF,YAVVE,39.679722,42.837778,2, ,0.0,0.0,0.0,0.0,0,0,0,0,0,0,0,0

STAR,ALVU1F,34,2
IF,ALVUH,39.810833,42.783056, ,0.0,0.0,0,0,0,0,0,0,0,0
TF,ARI,39.646056,43.027000,0, ,0.0,0.0,0.0,0.0,0,0,0,0,0,0,0,0

STAR,INBA1D,16,2
IF,INBAT,39.702500,42.708333, ,0.0,0.0,0,0,0,0,0,0,0,0
TF,YAVVE,39.679722,42.837778,0, ,0.0,0.0,0.0,0.0,0,0,0,0,0,0,0,0

STAR,INBA1F,34,2
IF,INBAT,39.702500,42.708333, ,0.0,0.0,0,0,0,0,0,0,0,0
TF,ARI,39.646056,43.027000,0, ,0.0,0.0,0.0,0.0,0,0,0,0,0,0,0,0

STAR,VOSW1D,16,2
IF,VOSWO,39.585833,43.228056, ,0.0,0.0,0,0,0,0,0,0,0,0
TF,ARI,39.646056,43.027000,0, ,0.0,0.0,0.0,0.0,0,0,0,0,0,0,0,0
TF,YAVVE,39.679722,42.837778,0, ,0.0,0.0,0.0,0.0,0,0,0,0,0,0,0,0

STAR,VOSW1F,34,2
IF,VOSWO,39.585833,43.228056, ,0.0,0.0,0,0,0,0,0,0,0,0
TF,ARI,39.646056,43.027000,0, ,0.0,0.0,0.0,0.0,0,0,0,0,0,0,0,0

APPTR,D16-Z,16,YAVVE
IF,YAVVE,39.679722,42.837778, ,0.0,0.0,2,10000,0,0,0,0,1,0
AF,D297I,39.729892,42.865811,2,ARI,297.0,9.0,276.0,2,9700,0,0,0,0,0,0
AF,D339I,39.791708,42.979919,2,ARI,339.0,9.0,297.0,2,7200,0,0,0,0,1,0
CF,FF16,39.734678,42.997689,0,ARI,338.7,5.5,159.0,3.5,2,6720,0,0,0,0,0,0

FINAL,D16-Z,16,D,2
IF,FF16,39.734678,42.997689,ARI,338.7,5.5,2,6720,0,0,0,0,2,0
CF,MD16,39.686517,43.013942,0,ARI,339.0,2.5,159.0,3.0,1,5748,0,0,0,0,3,0
FD,MD16,39.686517,43.013942,0,ARI,339.0,1.5,159.0,1.5,2,6200,0,0,0,0,0,0
CI,0, ,0.0,108.0,0,0,0,0,0,0,0,0
FD,ARI,39.646056,43.027000,0,ARI,0.0,12.0,78.0,12.0,0,0,0,0,0,0,0,0
DF,ARI,39.646056,43.027000,1, ,0.0,0.0,1,12000,0,1,185,0,0,0
HM,ARI,39.646056,43.027000,2, ,0.0,0.0,264.0,04.3,2,12000,0,1,230,0,0,0,0

APPTR,D34-Z,34,ARI1
IF,ARI,39.646056,43.027000, ,0.0,0.0,2,12000,0,0,0,0,0,0
FD,ARI,39.646056,43.027000,0,ARI,0.0,10.5,173.0,10.5,2,9400,0,1,185,0,0,0
CF,FF34,39.479456,43.096842,1,ARI,155.0,10.5,335.0,1.0,2,9400,0,0,0,0,0,0

APPTR,D34-Z,34,ARI2
IF,ARI,39.646056,43.027000, ,0.0,0.0,2,12000,0,0,0,0,0,0
FD,ARI,39.646056,43.027000,0,ARI,0.0,10.5,165.0,10.5,2,9400,0,1,140,0,0,0
CF,FF34,39.479456,43.096842,1,ARI,155.0,10.5,335.0,1.0,2,9400,0,0,0,0,0,0

FINAL,D34-Z,34,D,5
IF,FF34,39.479456,43.096842,ARI,155.0,10.5,2,9400,0,0,0,0,2,0
CF,80DME,39.519128,43.080242,0,ARI,155.0,8.0,335.0,2.5,2,8460,0,0,0,0,0,0
CF,50DME,39.566728,43.060300,0,ARI,155.0,5.0,335.0,3.0,2,7350,0,0,0,0,0,0
CF,33DME,39.593700,43.048986,0,ARI,155.0,3.3,335.0,1.7,2,6720,0,0,0,0,0,0
CF,MA34,39.622258,43.036997,0,ARI,155.0,1.5,335.0,1.8,1,6043,0,0,0,0,3,0
CF,ARI,39.646056,43.027000,0,ARI,0.0,0.0,335.0,1.5,0,0,0,0,0,0,0,0
FD,ARI,39.646056,43.027000,0,ARI,0.0,12.0,350.0,12.0,0,0,0,0,0,0,0,0
DF,ARI,39.646056,43.027000,1, ,0.0,0.0,1,12000,0,1,185,0,0,0
HM,ARI,39.646056,43.027000,1, ,0.0,0.0,160.0,04.3,2,12000,0,1,230,0,0,0,0

APPTR,I16-Z,16,YAVVE
IF,YAVVE,39.679722,42.837778, ,0.0,0.0,2,10000,0,0,0,0,1,0
AF,D297I,39.729892,42.865811,2,ARI,297.0,9.0,276.0,2,9700,0,0,0,0,0,0
AF,D339I,39.791708,42.979919,2,ARI,339.0,9.0,297.0,2,7200,0,0,0,0,1,0
CF,CF16,39.766839,42.986206,0,IAGR,337.6,7.7,159.0,1.5,2,6720,0,0,0,0,0,0

FINAL,I16-Z,16,I,3
IF,CF16,39.766839,42.986206,IAGR,337.6,7.7,2,6720,0,0,0,0,0,0
CF,FF16,39.734678,42.997689,0,IAGR,337.6,5.7,158.0,2.0,1,6720,0,0,0,0,2,0
CF,RW16,39.671525,43.020211,0,IAGR,337.6,1.8,158.0,3.9,1,5447,0,0,0,0,3,0
CA,0,158.0,2,6200,0,0,0,0,0,0
FD,ARI,39.646056,43.027000,0,ARI,0.0,12.0,78.0,12.0,0,0,0,0,0,0,0,0
DF,ARI,39.646056,43.027000,1, ,0.0,0.0,1,12000,0,1,185,0,0,0
HM,ARI,39.646056,43.027000,2, ,0.0,0.0,264.0,04.3,2,12000,0,1,230,0,0,0,0

APPTR,L16-Z,16,YAVVE
IF,YAVVE,39.679722,42.837778, ,0.0,0.0,2,10000,0,0,0,0,1,0
AF,D297I,39.729892,42.865811,2,ARI,297.0,9.0,276.0,2,9700,0,0,0,0,0,0
AF,D339I,39.791708,42.979919,2,ARI,339.0,9.0,297.0,2,7200,0,0,0,0,1,0
CF,CF16,39.766839,42.986206,0,IAGR,337.6,7.7,159.0,1.5,2,6720,0,0,0,0,0,0

FINAL,L16-Z,16,D,3
IF,CF16,39.766839,42.986206,IAGR,337.6,7.7,2,6720,0,0,0,0,0,0
CF,FF16,39.734678,42.997689,0,IAGR,337.6,5.7,158.0,2.0,2,6720,0,0,0,0,2,0
CF,MA16,39.707339,43.007444,0,IAGR,337.6,4.0,158.0,1.7,1,6157,0,0,0,0,3,0
FD,MA16,39.707339,43.007444,0,ARI,339.2,1.5,158.0,1.5,2,6200,0,0,0,0,0,0
CI,0, ,0.0,108.0,0,0,0,0,0,0,0,0
FD,ARI,39.646056,43.027000,0,ARI,0.0,12.0,78.0,12.0,0,0,0,0,0,0,0,0
DF,ARI,39.646056,43.027000,1, ,0.0,0.0,1,12000,0,1,185,0,0,0
HM,ARI,39.646056,43.027000,2, ,0.0,0.0,264.0,04.3,2,12000,0,1,230,0,0,0,0

APPTR,Q16-Z,16,YAVVE
IF,YAVVE,39.679722,42.837778, ,0.0,0.0,2,10000,0,0,0,0,1,0
AF,D297I,39.729892,42.865811,2,ARI,297.0,9.0,276.0,2,9700,0,0,0,0,0,0
AF,D339I,39.791708,42.979919,2,ARI,339.0,9.0,297.0,2,7200,0,0,0,0,1,0
CF,FF16,39.734678,42.997689,0,ARI,338.7,5.5,159.0,3.5,2,6720,0,0,0,0,0,0

FINAL,Q16-Z,16,N,2
IF,FF16,39.734678,42.997689,ARI,0.0,0.0,2,6720,0,0,0,0,2,0
CF,MD16,39.686517,43.013942,0,ARI,0.0,2.5,159.0,3.0,1,5748,0,0,0,0,3,0
FD,MD16,39.686517,43.013942,0,ARI,339.0,1.5,159.0,1.5,2,6200,0,0,0,0,0,0
CI,0, ,0.0,108.0,0,0,0,0,0,0,0,0
FD,ARI,39.646056,43.027000,0,ARI,0.0,12.0,78.0,12.0,0,0,0,0,0,0,0,0
DF,ARI,39.646056,43.027000,1, ,0.0,0.0,1,12000,0,1,185,0,0,0
HM,ARI,39.646056,43.027000,2, ,0.0,0.0,264.0,04.3,2,12000,0,1,230,0,0,0,0

APPTR,Q34-Z,34,ARI1
IF,ARI,39.646056,43.027000, ,0.0,0.0,2,12000,0,1,185,0,0,0
FD,ARI,39.646056,43.027000,0,ARI,0.0,10.5,173.0,10.5,2,9400,0,0,0,0,0,0
CF,FF34,39.479456,43.096842,1,ARI,155.0,10.5,335.0,1.0,2,9400,0,0,0,0,0,0

APPTR,Q34-Z,34,ARI2
IF,ARI,39.646056,43.027000, ,0.0,0.0,2,12000,0,1,140,0,0,0
FD,ARI,39.646056,43.027000,0,ARI,0.0,10.5,165.0,10.5,2,9400,0,0,0,0,0,0
CF,FF34,39.479456,43.096842,1,ARI,155.0,10.5,335.0,1.0,2,9400,0,0,0,0,0,0

FINAL,Q34-Z,34,N,5
IF,FF34,39.479456,43.096842,ARI,0.0,0.0,2,9400,0,0,0,0,2,0
CF,80DME,39.519128,43.080242,0,ARI,0.0,0.0,335.0,2.5,2,8460,0,0,0,0,0,0
CF,50DME,39.566728,43.060300,0,ARI,0.0,0.0,335.0,3.0,2,7350,0,0,0,0,0,0
CF,33DME,39.593700,43.048986,0,ARI,0.0,0.0,335.0,1.7,2,6720,0,0,0,0,0,0
CF,MA34,39.622258,43.036997,0,ARI,0.0,1.5,335.0,1.8,1,6043,0,0,0,0,3,0
CF,ARI,39.646056,43.027000,0,ARI,0.0,0.0,335.0,1.5,0,0,0,0,0,0,0,0
FD,ARI,39.646056,43.027000,0,ARI,0.0,12.0,350.0,12.0,0,0,0,0,0,0,0,0
DF,ARI,39.646056,43.027000,1, ,0.0,0.0,1,12000,0,1,185,0,0,0
HM,ARI,39.646056,43.027000,1, ,0.0,0.0,160.0,04.3,2,12000,0,1,230,0,0,0,0

