SID,ARTA1J,21,2
CF,D211G,37.134175,40.550969,0,MRD,211.0,7.0,211.0,6.0,0,0,0,0,0,0,0,0
AF,D259G,37.217700,40.493219,2,MRD,259.2,7.0,211.0,0,0,0,0,0,0,0,0
TF,GOFCA,37.191667,40.118889,0, ,0.0,0.0,0.0,0.0,0,0,0,0,0,0,0,0
TF,ARTAR,37.093889,38.844722,0, ,0.0,0.0,0.0,0.0,0,0,0,0,0,0,0,0

SID,ARTA1N,21,2
CA,0,211.0,2,2130,0,0,0,0,0,0
FA,MRD,37.227500,40.638778,0,MRD,0.0,0.0,211.0,2,3200,0,0,0,0,0,0
DF,MRD,37.227500,40.638778,2, ,0.0,0.0,2,5000,0,0,0,0,0,0
TF,GOFCA,37.191667,40.118889,1, ,0.0,0.0,0.0,0.0,0,0,0,0,0,0,0,0
TF,ARTAR,37.093889,38.844722,0, ,0.0,0.0,0.0,0.0,0,0,0,0,0,0,0,0

SID,ARTA1P,03,2
CA,0,31.0,2,2130,0,0,0,0,0,0
FA,MRD,37.227500,40.638778,0,MRD,0.0,0.0,44.0,2,3500,0,1,210,0,0,0
DF,MRD,37.227500,40.638778,2, ,0.0,0.0,2,5000,0,0,0,0,0,0
TF,GOFCA,37.191667,40.118889,0, ,0.0,0.0,0.0,0.0,0,0,0,0,0,0,0,0
TF,ARTAR,37.093889,38.844722,0, ,0.0,0.0,0.0,0.0,0,0,0,0,0,0,0,0

SID,ARTA1R,03,2
CA,0,31.0,2,2130,0,0,0,0,0,0
CF,D044E,37.281106,40.718764,0,MRD,44.0,5.0,44.0,4.0,0,0,0,1,210,0,0,1
DF,MRD,37.227500,40.638778,2, ,0.0,0.0,0,0,0,0,0,0,0,0
TF,GOFCA,37.191667,40.118889,0, ,0.0,0.0,0.0,0.0,0,0,0,0,0,0,0,0
TF,ARTAR,37.093889,38.844722,0, ,0.0,0.0,0.0,0.0,0,0,0,0,0,0,0,0

SID,ARTA1U,21,2
CA,0,211.0,2,2130,0,0,0,0,0,0
FA,MRD,37.227500,40.638778,0,DYB,0.0,0.0,211.0,2,3200,0,0,0,0,0,0
DF,MRD,37.227500,40.638778,2, ,0.0,0.0,2,5000,0,0,0,0,0,0
TF,GOFCA,37.191667,40.118889,1, ,0.0,0.0,0.0,0.0,0,0,0,0,0,0,0,0
TF,ARTAR,37.093889,38.844722,0, ,0.0,0.0,0.0,0.0,0,0,0,0,0,0,0,0

SID,ARTA1Y,03,2
CA,0,31.0,2,2130,0,0,0,0,0,0
FA,MRD,37.227500,40.638778,0,DYB,0.0,0.0,44.0,2,3500,0,1,210,0,0,0
DF,MRD,37.227500,40.638778,2, ,0.0,0.0,2,5000,0,0,0,0,0,0
TF,GOFCA,37.191667,40.118889,0, ,0.0,0.0,0.0,0.0,0,0,0,0,0,0,0,0
TF,ARTAR,37.093889,38.844722,0, ,0.0,0.0,0.0,0.0,0,0,0,0,0,0,0,0

SID,ARTA1Z,03,2
CA,0,31.0,2,2130,0,0,0,0,0,0
CF,D044E,37.281106,40.718764,0,DYB,139.4,43.1,44.0,4.0,0,0,0,1,210,0,0,1
DF,MRD,37.227500,40.638778,2, ,0.0,0.0,0,0,0,0,0,0,0,0
TF,GOFCA,37.191667,40.118889,0, ,0.0,0.0,0.0,0.0,0,0,0,0,0,0,0,0
TF,ARTAR,37.093889,38.844722,0, ,0.0,0.0,0.0,0.0,0,0,0,0,0,0,0,0

SID,DYB1A,03,2
CA,0,31.0,2,2130,0,0,0,0,0,0
CF,D044E,37.281106,40.718764,0,DYB,139.4,43.1,44.0,4.0,0,0,0,1,210,0,0,1
DF,MRD,37.227500,40.638778,2, ,0.0,0.0,0,0,0,0,0,0,0,0
TF,DYB,37.873694,40.208361,0, ,0.0,0.0,0.0,0.0,0,0,0,0,0,0,0,0

SID,DYB1B,03,2
CA,0,31.0,2,2130,0,0,0,0,0,0
FA,MRD,37.227500,40.638778,0,DYB,0.0,0.0,44.0,2,3500,0,1,210,0,0,0
DF,MRD,37.227500,40.638778,2, ,0.0,0.0,2,5000,0,0,0,0,0,0
TF,DYB,37.873694,40.208361,0, ,0.0,0.0,0.0,0.0,0,0,0,0,0,0,0,0

SID,DYB1D,21,2
CA,0,211.0,2,2130,0,0,0,0,0,0
FA,MRD,37.227500,40.638778,0,DYB,0.0,0.0,211.0,2,3200,0,0,0,0,0,0
DF,MRD,37.227500,40.638778,2, ,0.0,0.0,2,5000,0,0,0,0,0,0
TF,DYB,37.873694,40.208361,1, ,0.0,0.0,0.0,0.0,0,0,0,0,0,0,0,0

SID,DYB1J,21,2
CF,D211G,37.134175,40.550969,0,MRD,211.0,7.0,211.0,6.0,0,0,0,0,0,0,0,0
AF,D326G,37.330803,40.570536,2,MRD,326.2,7.0,211.0,0,0,0,0,0,0,0,0
TF,DYB,37.873694,40.208361,0, ,0.0,0.0,0.0,0.0,0,0,0,0,0,0,0,0

SID,DYB1N,21,2
CA,0,211.0,2,2130,0,0,0,0,0,0
FA,MRD,37.227500,40.638778,0,MRD,0.0,0.0,211.0,2,3200,0,0,0,0,0,0
DF,MRD,37.227500,40.638778,2, ,0.0,0.0,2,5000,0,0,0,0,0,0
TF,DYB,37.873694,40.208361,1, ,0.0,0.0,0.0,0.0,0,0,0,0,0,0,0,0

SID,DYB1T,03,2
CA,0,31.0,2,2130,0,0,0,0,0,0
CF,D044E,37.281106,40.718764,0,MRD,44.0,5.0,44.0,4.0,0,0,0,1,210,0,0,1
DF,MRD,37.227500,40.638778,2, ,0.0,0.0,0,0,0,0,0,0,0,0
TF,DYB,37.873694,40.208361,0, ,0.0,0.0,0.0,0.0,0,0,0,0,0,0,0,0

SID,DYB1U,03,2
CA,0,31.0,2,2130,0,0,0,0,0,0
FA,MRD,37.227500,40.638778,0,MRD,0.0,0.0,44.0,2,3500,0,1,210,0,0,0
DF,MRD,37.227500,40.638778,2, ,0.0,0.0,2,5000,0,0,0,0,0,0
TF,DYB,37.873694,40.208361,0, ,0.0,0.0,0.0,0.0,0,0,0,0,0,0,0,0

STAR,ARTA1T,ALL,2
IF,ARTAR,37.093889,38.844722, ,0.0,0.0,0,0,0,0,0,0,0,0
TF,GOFCA,37.191667,40.118889,0, ,0.0,0.0,0.0,0.0,0,0,0,0,0,0,0,0
TF,D259O,37.206256,40.326917,0, ,0.0,0.0,0.0,0.0,0,0,0,0,0,0,0,0
TF,MRD,37.227500,40.638778,0, ,0.0,0.0,0.0,0.0,0,0,0,0,0,0,0,0

STAR,DYB1E,ALL,2
IF,DYB,37.873694,40.208361, ,0.0,0.0,0,0,0,0,0,0,0,0
TF,D326O,37.448814,40.492322,0, ,0.0,0.0,0.0,0.0,0,0,0,0,0,0,0,0
TF,MRD,37.227500,40.638778,0, ,0.0,0.0,0.0,0.0,0,0,0,0,0,0,0,0

STAR,DYB1S,ALL,2
IF,DYB,37.873694,40.208361, ,0.0,0.0,0,0,0,0,0,0,0,0
TF,D146X,37.523036,40.442981,0, ,0.0,0.0,0.0,0.0,0,0,0,0,0,0,0,0
TF,DYB29,37.449308,40.491992,0, ,0.0,0.0,0.0,0.0,0,0,0,0,0,0,0,0
TF,MRD,37.227500,40.638778,0, ,0.0,0.0,0.0,0.0,0,0,0,0,0,0,0,0

APPTR,D03-Y,03,MRD1
IF,MRD,37.227500,40.638778, ,0.0,0.0,2,5200,0,1,185,0,0,0
FD,MRD,37.227500,40.638778,0,MRD,0.0,7.0,234.0,7.0,2,3600,0,0,0,0,0,0
CF,FF03,37.136681,40.546956,1,MRD,213.0,7.0,33.0,1.0,2,3600,0,0,0,0,0,0

APPTR,D03-Y,03,MRD2
IF,MRD,37.227500,40.638778, ,0.0,0.0,2,5200,0,1,185,0,0,0
FD,MRD,37.227500,40.638778,0,MRD,0.0,7.0,225.0,7.0,2,3600,0,0,0,0,0,0
CF,FF03,37.136681,40.546956,1,MRD,213.0,7.0,33.0,1.0,2,3600,0,0,0,0,0,0

FINAL,D03-Y,03,D,2
IF,FF03,37.136681,40.546956,MRD,213.0,7.0,2,3600,0,0,0,0,2,0
CF,RW03,37.214400,40.623156,0,MRD,217.7,1.1,33.0,5.9,1,1708,0,0,0,0,3,0
CF,MRD,37.227500,40.638778,0,MRD,0.0,0.0,33.0,1.1,0,0,0,0,0,0,0,1
FA,MRD,37.227500,40.638778,0,MRD,0.0,0.0,79.0,2,3600,0,0,0,0,0,0
CF,MRD,37.227500,40.638778,2,MRD,0.0,0.0,279.0,5.0,1,5200,0,0,0,0,0,0
HM,MRD,37.227500,40.638778,2, ,0.0,0.0,234.0,04.3,2,5200,0,1,230,0,0,0,0

APPTR,I03-Z,03,MRD1
IF,MRD,37.227500,40.638778, ,0.0,0.0,2,5200,0,0,0,0,0,0
FD,MRD,37.227500,40.638778,0,MRD,0.0,8.0,234.0,8.0,2,3300,0,1,185,0,0,0
CF,CI03,37.122219,40.535333,1,IMRD,211.4,8.4,33.0,1.0,2,3300,0,0,0,0,0,0

APPTR,I03-Z,03,MRD2
IF,MRD,37.227500,40.638778, ,0.0,0.0,2,5200,0,0,0,0,0,0
FD,MRD,37.227500,40.638778,0,MRD,0.0,8.0,225.0,8.0,2,3300,0,1,185,0,0,0
CF,CI03,37.122219,40.535333,1,IMRD,211.4,8.4,33.0,1.0,2,3300,0,0,0,0,0,0

FINAL,I03-Z,03,I,3
IF,CI03,37.122219,40.535333,IMRD,211.4,8.4,2,3300,0,0,0,0,0,0
CF,FI03,37.147442,40.559333,0,IMRD,211.4,6.5,33.0,1.9,1,3300,0,0,0,0,2,0
CF,RW03,37.214400,40.623156,0,IMRD,211.4,1.5,33.0,5.0,1,1708,0,0,0,0,3,0
CA,0,33.0,2,2130,0,0,0,0,0,0
FA,MRD,37.227500,40.638778,0,MRD,0.0,0.0,79.0,2,3600,0,0,0,0,0,0
CF,MRD,37.227500,40.638778,2,MRD,0.0,0.0,279.0,3.5,1,5200,0,0,0,0,0,0
HM,MRD,37.227500,40.638778,2, ,0.0,0.0,234.0,04.3,2,5200,0,1,230,0,0,0,0

FINAL,N03-A,03,N,2
IF,F0791,37.217228,40.493269,MRD,0.0,0.0,2,5500,0,0,0,0,2,0
CF,MRD,37.227500,40.638778,0,MRD,0.0,0.0,79.0,7.0,1,3600,0,0,0,0,3,0
CA,0,79.0,2,4000,0,0,0,0,0,0
DF,MRD,37.227500,40.638778,2, ,0.0,0.0,1,7000,0,0,0,0,0,0
HM,MRD,37.227500,40.638778,1, ,0.0,0.0,79.0,04.3,2,7000,0,1,230,0,0,0,0

APPTR,N03-Z,03,MRD1
IF,MRD,37.227500,40.638778, ,0.0,0.0,2,5200,0,1,185,0,0,0
FC,MRD,37.227500,40.638778,0,MRD,0.0,0.0,234.0,7.0,2,3600,0,0,0,0,0,1
CF,FF03,37.136681,40.546956,1,MRD,213.0,7.0,33.0,1.0,2,3600,0,0,0,0,0,0

APPTR,N03-Z,03,MRD2
IF,MRD,37.227500,40.638778, ,0.0,0.0,2,5200,0,1,185,0,0,0
FC,MRD,37.227500,40.638778,0,MRD,0.0,0.0,225.0,7.0,2,3600,0,0,0,0,0,1
CF,FF03,37.136681,40.546956,1,MRD,213.0,7.0,33.0,1.0,2,3600,0,0,0,0,0,0

FINAL,N03-Z,03,N,2
IF,FF03,37.136681,40.546956,MRD,0.0,0.0,2,3600,0,0,0,0,2,0
CF,RW03,37.214400,40.623156,0,MRD,0.0,0.0,33.0,5.9,1,1708,0,0,0,0,3,0
CF,MRD,37.227500,40.638778,0,MRD,0.0,0.0,33.0,1.1,0,0,0,0,0,0,0,1
FA,MRD,37.227500,40.638778,0,MRD,0.0,0.0,79.0,2,3600,0,0,0,0,0,0
CF,MRD,37.227500,40.638778,2,MRD,0.0,0.0,279.0,5.0,1,5200,0,0,0,0,0,0
HM,MRD,37.227500,40.638778,2, ,0.0,0.0,234.0,04.3,2,5200,0,1,230,0,0,0,0

FINAL,N21-A,21,N,2
IF,F0791,37.217228,40.493269,MRD,0.0,0.0,2,5500,0,0,0,0,2,0
CF,MRD,37.227500,40.638778,0,MRD,0.0,0.0,79.0,7.0,1,3600,0,0,0,0,3,0
CA,0,79.0,2,4000,0,0,0,0,0,0
DF,MRD,37.227500,40.638778,2, ,0.0,0.0,1,7000,0,0,0,0,0,0
HM,MRD,37.227500,40.638778,1, ,0.0,0.0,79.0,04.3,2,7000,0,1,230,0,0,0,0

FINAL,Q03-B,03,N,2
IF,FF079,37.212772,40.430922,MRD,0.0,0.0,2,5500,0,0,0,0,2,0
CF,MRD,37.227500,40.638778,0,MRD,0.0,0.0,79.0,10.0,1,3600,0,0,0,0,3,0
CA,0,79.0,2,4000,0,0,0,0,0,0
DF,MRD,37.227500,40.638778,2, ,0.0,0.0,1,7000,0,0,0,0,0,0
HM,MRD,37.227500,40.638778,1, ,0.0,0.0,79.0,04.3,2,7000,0,1,230,0,0,0,0

APPTR,Q03-Y,03,MRD1
IF,MRD,37.227500,40.638778, ,0.0,0.0,2,5200,0,1,185,0,0,0
FD,MRD,37.227500,40.638778,0,MRD,0.0,7.0,234.0,7.0,2,3600,0,0,0,0,0,0
CF,FF03,37.136681,40.546956,1,MRD,213.0,7.0,33.0,1.0,2,3600,0,0,0,0,0,0

APPTR,Q03-Y,03,MRD2
IF,MRD,37.227500,40.638778, ,0.0,0.0,2,5200,0,1,185,0,0,0
FD,MRD,37.227500,40.638778,0,MRD,0.0,7.0,225.0,7.0,2,3600,0,0,0,0,0,0
CF,FF03,37.136681,40.546956,1,MRD,213.0,7.0,33.0,1.0,2,3600,0,0,0,0,0,0

FINAL,Q03-Y,03,N,2
IF,FF03,37.136681,40.546956,MRD,0.0,0.0,2,3600,0,0,0,0,2,0
CF,RW03,37.214400,40.623156,0,MRD,0.0,1.1,33.0,5.9,1,1708,0,0,0,0,3,0
CF,MRD,37.227500,40.638778,0,MRD,0.0,0.0,33.0,1.1,0,0,0,0,0,0,0,1
FA,MRD,37.227500,40.638778,0,MRD,0.0,0.0,79.0,2,3600,0,0,0,0,0,0
CF,MRD,37.227500,40.638778,2,MRD,0.0,0.0,279.0,5.0,1,5200,0,0,0,0,0,0
HM,MRD,37.227500,40.638778,2, ,0.0,0.0,234.0,04.3,2,5200,0,1,230,0,0,0,0

FINAL,Q21-B,21,N,2
IF,FF079,37.212772,40.430922,MRD,0.0,0.0,2,5500,0,0,0,0,2,0
CF,MRD,37.227500,40.638778,0,MRD,0.0,0.0,79.0,10.0,1,3600,0,0,0,0,3,0
CA,0,79.0,2,4000,0,0,0,0,0,0
DF,MRD,37.227500,40.638778,2, ,0.0,0.0,1,7000,0,0,0,0,0,0
HM,MRD,37.227500,40.638778,1, ,0.0,0.0,79.0,04.3,2,7000,0,1,230,0,0,0,0

APPTR,S03-Z,03,MRD1
IF,MRD,37.227500,40.638778, ,0.0,0.0,2,5200,0,1,185,0,0,0
FC,MRD,37.227500,40.638778,0,MRD,0.0,0.0,234.0,7.0,2,3600,0,0,0,0,0,1
CF,FF03,37.136681,40.546956,1,MRD,213.0,7.0,33.0,1.0,2,3600,0,0,0,0,0,0

APPTR,S03-Z,03,MRD2
IF,MRD,37.227500,40.638778, ,0.0,0.0,2,5200,0,1,185,0,0,0
FC,MRD,37.227500,40.638778,0,MRD,0.0,0.0,225.0,7.0,2,3600,0,0,0,0,0,1
CF,FF03,37.136681,40.546956,1,MRD,213.0,7.0,33.0,1.0,2,3600,0,0,0,0,0,0

FINAL,S03-Z,03,D,2
IF,FF03,37.136681,40.546956,MRD,213.0,7.0,2,3600,0,0,0,0,2,0
CF,RW03,37.214400,40.623156,0,MRD,217.7,1.1,33.0,5.9,1,1708,0,0,0,0,3,0
CF,MRD,37.227500,40.638778,0,MRD,0.0,0.0,33.0,1.1,0,0,0,0,0,0,0,1
FA,MRD,37.227500,40.638778,0,MRD,0.0,0.0,79.0,2,3600,0,0,0,0,0,0
CF,MRD,37.227500,40.638778,2,MRD,0.0,0.0,279.0,5.0,1,5200,0,0,0,0,0,0
HM,MRD,37.227500,40.638778,2, ,0.0,0.0,234.0,04.3,2,5200,0,1,230,0,0,0,0

FINAL,V03-A,03,D,2
IF,F0791,37.217228,40.493269,MRD,259.0,7.0,2,5500,0,0,0,0,2,0
CF,MRD,37.227500,40.638778,0,MRD,0.0,0.0,79.0,7.0,1,3600,0,0,0,0,3,0
CA,0,79.0,2,4000,0,0,0,0,0,0
DF,MRD,37.227500,40.638778,2, ,0.0,0.0,1,7000,0,0,0,0,0,0
HM,MRD,37.227500,40.638778,1, ,0.0,0.0,79.0,04.3,2,7000,0,1,230,0,0,0,0

FINAL,V03-B,03,D,2
IF,FF079,37.212772,40.430922,MRD,259.0,10.0,2,5500,0,0,0,0,2,0
CF,MRD,37.227500,40.638778,0,MRD,0.0,0.0,79.0,10.0,1,3600,0,0,0,0,3,0
CA,0,79.0,2,4000,0,0,0,0,0,0
DF,MRD,37.227500,40.638778,2, ,0.0,0.0,1,7000,0,0,0,0,0,0
HM,MRD,37.227500,40.638778,1, ,0.0,0.0,79.0,04.3,2,7000,0,1,230,0,0,0,0

FINAL,V21-A,21,D,2
IF,F0791,37.217228,40.493269,MRD,259.0,7.0,2,5500,0,0,0,0,2,0
CF,MRD,37.227500,40.638778,0,MRD,0.0,0.0,79.0,7.0,1,3600,0,0,0,0,3,0
CA,0,79.0,2,4000,0,0,0,0,0,0
DF,MRD,37.227500,40.638778,2, ,0.0,0.0,1,7000,0,0,0,0,0,0
HM,MRD,37.227500,40.638778,1, ,0.0,0.0,79.0,04.3,2,7000,0,1,230,0,0,0,0

FINAL,V21-B,21,D,2
IF,FF079,37.212772,40.430922,MRD,259.0,10.0,2,5500,0,0,0,0,2,0
CF,MRD,37.227500,40.638778,0,MRD,0.0,0.0,79.0,10.0,1,3600,0,0,0,0,3,0
CA,0,79.0,2,4000,0,0,0,0,0,0
DF,MRD,37.227500,40.638778,2, ,0.0,0.0,1,7000,0,0,0,0,0,0
HM,MRD,37.227500,40.638778,1, ,0.0,0.0,79.0,04.3,2,7000,0,1,230,0,0,0,0

