SID,ADA1W,22,2
CA,0,217.0,2,670,0,0,0,0,0,0
FA,HTY,36.362944,36.290194,0,HTY,0.0,0.0,215.0,2,2500,0,0,0,0,0,0
CF,HTY,36.362944,36.290194,1,HTY,0.0,0.0,3.0,4.0,2,5000,0,1,204,0,0,1
TF,EKHAS,36.710433,35.644686,0, ,0.0,0.0,0.0,0.0,0,0,0,0,0,0,0,0
TF,ADA,36.940583,35.210389,0, ,0.0,0.0,0.0,0.0,0,0,0,0,0,0,0,0

SID,ADA1X,04,2
CA,0,37.0,2,670,0,0,0,0,0,0
FA,HTY,36.362944,36.290194,0,HTY,0.0,0.0,28.0,2,2600,0,0,0,0,0,0
CF,HTY,36.362944,36.290194,2,HTY,0.0,0.0,228.0,5.0,2,5000,0,1,204,0,0,1
TF,EKHAS,36.710433,35.644686,0, ,0.0,0.0,0.0,0.0,0,0,0,0,0,0,0,0
TF,ADA,36.940583,35.210389,0, ,0.0,0.0,0.0,0.0,0,0,0,0,0,0,0,0

SID,ADA1Y,22,2
CA,0,217.0,2,670,0,0,0,0,0,0
FA,HTY,36.362944,36.290194,0,HTY,0.0,0.0,215.0,2,2500,0,0,0,0,0,0
CF,HTY,36.362944,36.290194,1,HTY,0.0,0.0,3.0,4.0,2,5000,0,1,204,0,0,1
TF,EKHAS,36.710433,35.644686,0, ,0.0,0.0,0.0,0.0,0,0,0,0,0,0,0,0
TF,ADA,36.940583,35.210389,0, ,0.0,0.0,0.0,0.0,0,0,0,0,0,0,0,0

SID,ADA1Z,04,2
CA,0,37.0,2,670,0,0,0,0,0,0
FA,HTY,36.362944,36.290194,0,HTY,0.0,0.0,28.0,2,2600,0,0,0,0,0,0
CF,HTY,36.362944,36.290194,2,HTY,0.0,0.0,228.0,5.0,2,5000,0,1,204,0,0,1
TF,EKHAS,36.710433,35.644686,0, ,0.0,0.0,0.0,0.0,0,0,0,0,0,0,0,0
TF,ADA,36.940583,35.210389,0, ,0.0,0.0,0.0,0.0,0,0,0,0,0,0,0,0

SID,MILB1W,22,2
CA,0,217.0,2,670,0,0,0,0,0,0
FA,HTY,36.362944,36.290194,0,HTY,0.0,0.0,215.0,2,2500,0,0,0,0,0,0
CF,HTY,36.362944,36.290194,1,HTY,0.0,0.0,3.0,4.0,2,5000,0,1,204,0,0,0
TF,MILBA,36.951389,36.479444,0, ,0.0,0.0,0.0,0.0,0,0,0,0,0,0,0,0

SID,MILB1X,04,2
CA,0,37.0,2,670,0,0,0,0,0,0
FA,HTY,36.362944,36.290194,0,HTY,0.0,0.0,28.0,2,2600,0,0,0,0,0,0
CF,HTY,36.362944,36.290194,2,HTY,0.0,0.0,228.0,5.0,2,5000,0,1,204,0,0,1
TF,MILBA,36.951389,36.479444,2, ,0.0,0.0,0.0,0.0,0,0,0,0,0,0,0,0

SID,MILB1Y,22,2
CA,0,217.0,2,670,0,0,0,0,0,0
FA,HTY,36.362944,36.290194,0,HTY,0.0,0.0,215.0,2,2500,0,0,0,0,0,0
CF,HTY,36.362944,36.290194,1,HTY,0.0,0.0,3.0,4.0,2,5000,0,1,204,0,0,0
TF,MILBA,36.951389,36.479444,0, ,0.0,0.0,0.0,0.0,0,0,0,0,0,0,0,0

SID,MILB1Z,04,2
CA,0,37.0,2,670,0,0,0,0,0,0
FA,HTY,36.362944,36.290194,0,HTY,0.0,0.0,28.0,2,2600,0,0,0,0,0,0
CF,HTY,36.362944,36.290194,2,HTY,0.0,0.0,228.0,5.0,2,5000,0,1,204,0,0,1
TF,MILBA,36.951389,36.479444,2, ,0.0,0.0,0.0,0.0,0,0,0,0,0,0,0,0

STAR,ADA1U,ALL,2
IF,ADA,36.940583,35.210389, ,0.0,0.0,0,0,0,0,0,0,0,0
TF,EKHAS,36.710433,35.644686,0, ,0.0,0.0,0.0,0.0,0,0,0,0,0,0,0,0
TF,D298J,36.455911,36.118714,0, ,0.0,0.0,0.0,0.0,0,0,0,0,0,0,0,0
TF,HTY,36.362944,36.290194,0, ,0.0,0.0,0.0,0.0,0,0,0,0,0,0,0,0

STAR,MILB2U,ALL,2
IF,MILBA,36.951389,36.479444, ,0.0,0.0,0,0,0,0,0,0,0,0
TF,D008J,36.524536,36.341864,0, ,0.0,0.0,0.0,0.0,0,0,0,0,0,0,0,0
TF,HTY,36.362944,36.290194,0, ,0.0,0.0,0.0,0.0,0,0,0,0,0,0,0,0

APPTR,D04-Z,04,HTY1
FD,HTY,36.362944,36.290194,0,HTY,0.0,15.0,207.0,15.0,2,5490,0,1,185,0,0,0
CF,CF04,36.185717,36.071814,2,HTY,219.0,15.0,39.0,1.0,2,5490,0,0,0,0,0,0

APPTR,D04-Z,04,HTY2
FD,HTY,36.362944,36.290194,0,HTY,0.0,15.0,212.0,15.0,2,5490,0,1,185,0,0,0
CF,CF04,36.185717,36.071814,2,HTY,219.0,15.0,39.0,1.0,2,5490,0,0,0,0,0,0

FINAL,D04-Z,04,D,3
IF,CF04,36.185717,36.071814,HTY,219.0,15.0,2,5490,0,0,0,0,0,0
CF,FF04,36.244836,36.144497,0,HTY,219.0,10.0,39.0,5.0,2,3630,0,0,0,0,2,0
CF,RW04,36.352086,36.273878,0,HTY,224.6,1.0,39.0,9.0,1,306,0,0,0,0,3,0
CF,HTY,36.362944,36.290194,0,HTY,0.0,0.0,39.0,1.0,0,0,0,0,0,0,0,0
FA,HTY,36.362944,36.290194,0,HTY,0.0,0.0,27.0,2,2350,0,0,0,0,0,0
CF,HTY,36.362944,36.290194,2,HTY,0.0,0.0,228.0,4.0,1,8500,0,1,185,0,0,0
HM,HTY,36.362944,36.290194,2, ,0.0,0.0,219.0,04.3,2,8500,0,1,230,0,0,0,0

APPTR,D22-Z,22,HTY1
FD,HTY,36.362944,36.290194,0,HTY,0.0,14.0,22.0,14.0,2,5310,0,1,185,0,0,0
CF,CF22,36.541789,36.476319,2,HTY,34.0,14.0,214.0,1.0,2,5310,0,0,0,0,0,0

APPTR,D22-Z,22,HTY2
FD,HTY,36.362944,36.290194,0,HTY,0.0,14.0,26.0,14.0,2,5310,0,1,185,0,0,0
CF,CF22,36.541789,36.476319,2,HTY,34.0,14.0,214.0,1.0,2,5310,0,0,0,0,0,0

FINAL,D22-Z,22,D,3
IF,CF22,36.541789,36.476319,HTY,34.0,14.0,2,5310,0,0,0,0,0,0
CF,FF22,36.490719,36.423053,0,HTY,34.0,10.0,214.0,4.0,2,3830,0,0,0,0,2,0
CF,RW22,36.370086,36.294450,0,HTY,19.7,0.5,214.0,9.5,1,309,0,0,0,0,3,0
CF,HTY,36.362944,36.290194,0,HTY,0.0,0.0,214.0,0.5,0,0,0,0,0,0,0,0
FA,HTY,36.362944,36.290194,0,HTY,0.0,0.0,213.0,2,2300,0,0,0,0,0,0
CF,HTY,36.362944,36.290194,1,HTY,0.0,0.0,3.0,4.0,1,8500,0,1,185,0,0,0
HM,HTY,36.362944,36.290194,1, ,0.0,0.0,34.0,04.3,2,8500,0,1,230,0,0,0,0

APPTR,Q04-Z,04,HTY1
FD,HTY,36.362944,36.290194,0,HTY,0.0,15.0,207.0,15.0,2,5490,0,1,185,0,0,0
CF,CF04,36.185717,36.071814,2,HTY,219.0,15.0,39.0,1.0,2,5490,0,0,0,0,0,0

APPTR,Q04-Z,04,HTY2
FD,HTY,36.362944,36.290194,0,HTY,0.0,15.0,212.0,15.0,2,5490,0,1,185,0,0,0
CF,CF04,36.185717,36.071814,2,HTY,219.0,15.0,39.0,1.0,2,5490,0,0,0,0,0,0

FINAL,Q04-Z,04,N,3
IF,CF04,36.185717,36.071814,HTY,0.0,0.0,2,5490,0,0,0,0,0,0
CF,FF04,36.244836,36.144497,0,HTY,0.0,0.0,39.0,5.0,2,3630,0,0,0,0,2,0
CF,RW04,36.352086,36.273878,0,HTY,0.0,1.0,39.0,9.0,1,306,0,0,0,0,3,0
CF,HTY,36.362944,36.290194,0,HTY,0.0,0.0,39.0,1.0,0,0,0,0,0,0,0,0
FA,HTY,36.362944,36.290194,0,HTY,0.0,0.0,27.0,2,2350,0,0,0,0,0,0
CF,HTY,36.362944,36.290194,2,HTY,0.0,0.0,228.0,4.0,1,8500,0,1,185,0,0,0
HM,HTY,36.362944,36.290194,2, ,0.0,0.0,219.0,04.3,2,8500,0,1,230,0,0,0,0

APPTR,Q22-Z,22,HTY1
FD,HTY,36.362944,36.290194,0,HTY,0.0,14.0,22.0,14.0,2,5310,0,1,185,0,0,0
CF,CF22,36.541789,36.476319,2,HTY,34.0,14.0,214.0,1.0,2,5310,0,0,0,0,0,0

APPTR,Q22-Z,22,HTY2
FD,HTY,36.362944,36.290194,0,HTY,0.0,14.0,26.0,14.0,2,5310,0,1,185,0,0,0
CF,CF22,36.541789,36.476319,2,HTY,34.0,14.0,214.0,1.0,2,5310,0,0,0,0,0,0

FINAL,Q22-Z,22,N,3
IF,CF22,36.541789,36.476319,HTY,0.0,0.0,2,5310,0,0,0,0,0,0
CF,FF22,36.490719,36.423053,0,HTY,0.0,0.0,214.0,4.0,2,3830,0,0,0,0,2,0
CF,RW22,36.370086,36.294450,0,HTY,0.0,0.5,214.0,9.5,1,309,0,0,0,0,3,0
CF,HTY,36.362944,36.290194,0,HTY,0.0,0.0,214.0,0.5,0,0,0,0,0,0,0,0
FA,HTY,36.362944,36.290194,0,HTY,0.0,0.0,213.0,2,2300,0,0,0,0,0,0
CF,HTY,36.362944,36.290194,1,HTY,0.0,0.0,3.0,4.0,1,8500,0,1,185,0,0,0
HM,HTY,36.362944,36.290194,1, ,0.0,0.0,34.0,04.3,2,8500,0,1,230,0,0,0,0

