SID,AZBU2C,11,2
DF,DER11,43.332253,21.869547,0, ,0.0,0.0,0,0,0,0,0,0,0,1
CA,0,108.0,2,1200,0,0,0,0,0,0
DF,ZO,43.183639,21.724639,2, ,0.0,0.0,0,0,0,1,220,0,0,0
TF,D219T,43.100539,21.528614,0, ,0.0,0.0,0.0,0.0,2,6500,0,0,0,0,0,1
CF,AZBUX,43.247778,21.640556,2,NII,233.9,10.6,54.0,9.0,2,9000,0,1,220,0,0,0

SID,AZBU2D,29,2
CA,0,288.0,2,1200,0,0,0,0,0,0
DF,ZO,43.183639,21.724639,1, ,0.0,0.0,0,0,0,1,220,0,0,1
CI,0, ,0.0,264.0,0,0,0,0,0,0,0,0
CF,D219T,43.100539,21.528614,0,NII,219.0,20.0,234.0,8.0,2,6500,0,0,0,0,0,1
CF,AZBUX,43.247778,21.640556,2,NII,233.9,10.6,54.0,9.0,2,9000,0,1,220,0,0,0

SID,BAJU2C,11,2
DF,DER11,43.332253,21.869547,0, ,0.0,0.0,0,0,0,0,0,0,0,1
CA,0,108.0,2,1200,0,0,0,0,0,0
DF,ZO,43.183639,21.724639,2, ,0.0,0.0,0,0,0,1,220,0,0,0
TF,BAJUN,43.307083,21.295500,0, ,0.0,0.0,0.0,0.0,2,8000,0,0,0,0,0,0

SID,BAJU2D,29,2
CA,0,288.0,2,1200,0,0,0,0,0,0
DF,ZO,43.183639,21.724639,1, ,0.0,0.0,0,0,0,1,220,0,0,1
CI,2, ,0.0,331.0,0,0,0,0,0,0,0,0
CF,BAJUN,43.307083,21.295500,0,NII,260.0,24.4,286.0,16.0,2,8000,0,0,0,0,0,0

SID,BAJU2E,11,5
CA,0,108.0,2,1200,0,1,220,0,0,0
DF,ZO,43.183639,21.724639,2, ,0.0,0.0,0,0,0,1,220,0,0,0
TF,BAJUN,43.307083,21.295500,0, ,0.0,0.0,0.0,0.0,2,8000,0,1,250,0,0,0

SID,BAJU2F,29,5
CA,0,288.0,2,1200,0,1,220,0,0,0
DF,ZO,43.183639,21.724639,1, ,0.0,0.0,0,0,0,1,220,0,0,0
TF,BAJUN,43.307083,21.295500,2, ,0.0,0.0,0.0,0.0,2,8000,0,1,250,0,0,0

SID,NISV2E,11,5
CF,NI115,43.295361,22.201111,0,NII,93.1,15.6,93.0,14.7,0,0,0,1,250,0,0,0
TF,NISVA,42.972778,22.797500,0, ,0.0,0.0,0.0,0.0,2,9000,0,1,250,0,0,0

SID,NISV3F,29,5
CA,0,288.0,2,1200,0,1,220,0,0,0
DF,NI291,43.156278,21.723028,1, ,0.0,0.0,0,0,0,1,220,0,0,0
TF,NISVA,42.972778,22.797500,0, ,0.0,0.0,0.0,0.0,2,9000,0,1,250,0,0,0

SID,RAVA3K,11,5
CA,0,108.0,2,1200,0,1,220,0,0,0
DF,ZO,43.183639,21.724639,2, ,0.0,0.0,0,0,0,1,220,0,0,0
TF,RAVAK,43.687417,21.626972,0, ,0.0,0.0,0.0,0.0,2,7000,0,1,250,0,0,0

SID,RAVA3L,11,5
DF,DER11,43.332253,21.869547,0, ,0.0,0.0,0,0,0,0,0,0,0,1
CA,0,108.0,2,1200,0,1,210,0,0,0
DF,NI119,43.332750,21.998194,1, ,0.0,0.0,0,0,0,1,220,0,0,0
TF,NI117,43.393944,22.040000,0, ,0.0,0.0,0.0,0.0,0,0,0,1,220,0,0,0
TF,NI118,43.556389,21.875639,0, ,0.0,0.0,0.0,0.0,0,0,0,1,250,0,0,0
TF,RAVAK,43.687417,21.626972,0, ,0.0,0.0,0.0,0.0,2,7000,0,1,250,0,0,0

SID,RAVA3M,29,5
CA,0,288.0,2,1200,0,1,220,0,0,0
DF,NI292,43.141944,21.722167,1, ,0.0,0.0,0,0,0,1,220,0,0,0
TF,NI293,43.138111,21.841722,0, ,0.0,0.0,0.0,0.0,0,0,0,1,220,0,0,0
TF,NI295,43.346472,21.827056,0, ,0.0,0.0,0.0,0.0,0,0,0,1,250,0,0,0
TF,NI294,43.472306,21.753472,0, ,0.0,0.0,0.0,0.0,0,0,0,1,250,0,0,0
TF,RAVAK,43.687417,21.626972,0, ,0.0,0.0,0.0,0.0,2,7000,0,1,250,0,0,0

SID,RAVA3N,29,5
DF,DER29,43.341242,21.841286,0, ,0.0,0.0,0,0,0,0,0,0,0,1
CA,0,293.0,2,1200,0,1,220,0,0,0
DF,NI294,43.472306,21.753472,0, ,0.0,0.0,0,0,0,1,250,0,0,1
TF,NI297,43.594972,21.681444,0, ,0.0,0.0,0.0,0.0,0,0,0,1,250,0,0,0
TF,RAVAK,43.687417,21.626972,0, ,0.0,0.0,0.0,0.0,2,7000,0,1,250,0,0,0

SID,RAVA8D,29,2
CA,0,288.0,2,1200,0,0,0,0,0,0
DF,ZO,43.183639,21.724639,1, ,0.0,0.0,0,0,0,1,220,0,0,1
DF,NII,43.336778,21.850306,1, ,0.0,0.0,0,0,0,0,0,0,0,0
TF,RAVAK,43.687417,21.626972,0, ,0.0,0.0,0.0,0.0,2,7000,0,0,0,0,0,0

SID,RAVA8E,29,2
DF,DER29,43.341242,21.841286,0, ,0.0,0.0,0,0,0,0,0,0,0,1
CA,0,288.0,2,1200,0,0,0,0,0,0
CI,2, ,0.0,24.0,0,0,0,1,220,0,0,0
CF,D339O,43.578267,21.761289,0,NII,339.0,15.0,339.0,8.9,0,0,0,0,0,0,0,0
CF,D329S,43.622167,21.667028,0,NII,329.0,18.9,284.0,5.0,0,0,0,0,0,0,0,0
TF,RAVAK,43.687417,21.626972,0, ,0.0,0.0,0.0,0.0,2,7000,0,0,0,0,0,0

SID,RAVA8F,11,2
DF,DER11,43.332253,21.869547,0, ,0.0,0.0,0,0,0,0,0,0,0,1
CA,0,108.0,2,1260,0,0,0,0,0,0
CR,1,NII,3.0,273.0,0,0,0,1,220,0,0,0
CF,D339O,43.578267,21.761289,0,NII,339.0,15.0,339.0,11.0,0,0,0,0,0,0,0,0
CF,D329S,43.622167,21.667028,0,NII,329.0,18.9,284.0,5.0,0,0,0,0,0,0,0,0
TF,RAVAK,43.687417,21.626972,0, ,0.0,0.0,0.0,0.0,2,7000,0,0,0,0,0,0

SID,RAVA8G,11,2
DF,DER11,43.332253,21.869547,0, ,0.0,0.0,0,0,0,0,0,0,0,1
CA,0,108.0,2,1200,0,0,0,0,0,0
DF,NII,43.336778,21.850306,2, ,0.0,0.0,0,0,0,1,220,0,0,0
TF,RAVAK,43.687417,21.626972,0, ,0.0,0.0,0.0,0.0,2,7000,0,0,0,0,0,0

SID,VAGE3E,11,5
CA,0,108.0,2,1200,0,1,220,0,0,0
CF,NI112,43.199083,21.923278,0,NII,152.8,8.9,167.0,8.0,0,0,0,1,250,0,0,0
TF,VAGEN,42.724583,22.077806,0, ,0.0,0.0,0.0,0.0,2,9000,0,1,250,0,0,0

SID,VAGE3F,29,5
CA,0,288.0,2,1200,0,1,220,0,0,0
DF,ZO,43.183639,21.724639,1, ,0.0,0.0,0,0,0,1,220,0,0,0
TF,VAGEN,42.724583,22.077806,0, ,0.0,0.0,0.0,0.0,2,9000,0,1,250,0,0,0

SID,VAGE8C,11,2
DF,DER11,43.332253,21.869547,0, ,0.0,0.0,0,0,0,0,0,0,0,1
CA,0,108.0,2,1200,0,0,0,0,0,0
DF,ZO,43.183639,21.724639,2, ,0.0,0.0,0,0,0,1,220,0,0,1
CI,1, ,0.0,94.0,0,0,0,0,0,0,0,0
CF,NI29A,42.867175,22.025233,0,NII,158.7,29.2,139.0,18.0,0,0,0,0,0,0,0,0
TF,VAGEN,42.724583,22.077806,0, ,0.0,0.0,0.0,0.0,2,9000,0,0,0,0,0,0

SID,VAGE8D,29,2
CA,0,288.0,2,1200,0,0,0,0,0,0
DF,ZO,43.183639,21.724639,1, ,0.0,0.0,0,0,0,1,220,0,0,0
TF,NI29A,42.867175,22.025233,0, ,0.0,0.0,0.0,0.0,0,0,0,0,0,0,0,0
TF,VAGEN,42.724583,22.077806,0, ,0.0,0.0,0.0,0.0,2,9000,0,0,0,0,0,0

STAR,OBLA3H,29,5
IF,OBLAK,43.486833,22.363944, ,0.0,0.0,0,0,0,0,0,0,0,0
TF,NI902,43.380472,22.308167,0, ,0.0,0.0,0.0,0.0,2,6500,0,1,250,0,0,0
TF,NI901,43.273972,22.252639,0, ,0.0,0.0,0.0,0.0,2,6500,0,1,220,0,0,0

STAR,OBLA4B,29,2
IF,OBLAK,43.486833,22.363944, ,0.0,0.0,0,0,0,0,0,0,0,0
TF,EGNOF,43.430000,22.168333,0, ,0.0,0.0,0.0,0.0,2,8000,0,0,0,0,0,0
TF,NII,43.336778,21.850306,0, ,0.0,0.0,0.0,0.0,2,5500,0,0,0,0,0,0

STAR,OBLA4G,11,5
IF,OBLAK,43.486833,22.363944, ,0.0,0.0,0,0,0,0,0,0,0,0
TF,NI106,43.499278,21.616222,0, ,0.0,0.0,0.0,0.0,2,5000,0,1,220,0,0,0
TF,NI104,43.529000,21.521556,0, ,0.0,0.0,0.0,0.0,2,5000,0,1,220,0,0,0
TF,NI102,43.455833,21.478250,0, ,0.0,0.0,0.0,0.0,2,5000,0,1,220,0,0,0

STAR,OBLA5A,11,2
IF,OBLAK,43.486833,22.363944, ,0.0,0.0,0,0,0,0,0,0,0,0
TF,EGNOF,43.430000,22.168333,0, ,0.0,0.0,0.0,0.0,2,8000,0,0,0,0,0,0
TF,NII,43.336778,21.850306,0, ,0.0,0.0,0.0,0.0,2,5500,0,0,0,0,0,0

STAR,OKAN3H,29,5
IF,OKANA,42.846389,22.493056, ,0.0,0.0,0,0,0,0,0,0,0,0
TF,NI903,43.101500,22.375250,0, ,0.0,0.0,0.0,0.0,2,6500,0,1,250,0,0,0
TF,NI901,43.273972,22.252639,0, ,0.0,0.0,0.0,0.0,2,6500,0,1,220,0,0,0

STAR,OKAN4B,29,2
IF,OKANA,42.846389,22.493056, ,0.0,0.0,2,11000,0,0,0,0,0,0
TF,IZMOR,43.027222,22.257778,0, ,0.0,0.0,0.0,0.0,2,11000,0,0,0,0,0,0
TF,D130J,43.216889,22.008833,0, ,0.0,0.0,0.0,0.0,2,7000,0,0,0,0,0,0
TF,NII,43.336778,21.850306,0, ,0.0,0.0,0.0,0.0,2,5500,0,0,0,0,0,0

STAR,OKAN4G,11,5
IF,OKANA,42.846389,22.493056, ,0.0,0.0,0,0,0,0,0,0,0,0
TF,NI105,43.227528,21.986917,0, ,0.0,0.0,0.0,0.0,2,7000,0,1,250,0,0,0
TF,NI295,43.346472,21.827056,0, ,0.0,0.0,0.0,0.0,2,6000,0,1,250,0,0,0
TF,NI106,43.499278,21.616222,0, ,0.0,0.0,0.0,0.0,2,5000,0,1,220,0,0,0
TF,NI104,43.529000,21.521556,0, ,0.0,0.0,0.0,0.0,2,5000,0,1,220,0,0,0
TF,NI102,43.455833,21.478250,0, ,0.0,0.0,0.0,0.0,2,5000,0,1,220,0,0,0

STAR,OKAN6A,11,2
IF,OKANA,42.846389,22.493056, ,0.0,0.0,2,11000,0,0,0,0,0,0
TF,IZMOR,43.027222,22.257778,0, ,0.0,0.0,0.0,0.0,2,11000,0,0,0,0,0,0
TF,D130J,43.216889,22.008833,0, ,0.0,0.0,0.0,0.0,2,7000,0,0,0,0,0,0
TF,NII,43.336778,21.850306,0, ,0.0,0.0,0.0,0.0,2,5500,0,0,0,0,0,0

STAR,RAMA3G,11,5
IF,RAMAP,43.418361,20.891111, ,0.0,0.0,0,0,0,0,0,0,0,0
TF,NI103,43.505722,21.318667,0, ,0.0,0.0,0.0,0.0,2,6000,0,1,250,0,0,0
TF,NI102,43.455833,21.478250,0, ,0.0,0.0,0.0,0.0,2,5000,0,1,220,0,0,0

STAR,RAMA4B,29,2
IF,RAMAP,43.418361,20.891111, ,0.0,0.0,2,11000,0,0,0,0,0,0
TF,D271O,43.366647,21.510106,0, ,0.0,0.0,0.0,0.0,2,11000,0,0,0,0,0,0
TF,NII,43.336778,21.850306,0, ,0.0,0.0,0.0,0.0,2,5500,0,0,0,0,0,0

STAR,RAMA4H,29,5
IF,RAMAP,43.418361,20.891111, ,0.0,0.0,0,0,0,0,0,0,0,0
TF,NI103,43.505722,21.318667,0, ,0.0,0.0,0.0,0.0,2,6500,0,1,250,0,0,0
TF,NI104,43.529000,21.521556,0, ,0.0,0.0,0.0,0.0,2,6500,0,1,250,0,0,0
TF,NI106,43.499278,21.616222,0, ,0.0,0.0,0.0,0.0,2,6500,0,1,250,0,0,0
TF,NI906,43.453111,21.888278,0, ,0.0,0.0,0.0,0.0,2,6500,0,1,250,0,0,0
TF,NI904,43.403750,22.174750,0, ,0.0,0.0,0.0,0.0,2,6500,0,1,250,0,0,0
TF,NI902,43.380472,22.308167,0, ,0.0,0.0,0.0,0.0,2,6500,0,1,250,0,0,0
TF,NI901,43.273972,22.252639,0, ,0.0,0.0,0.0,0.0,2,6500,0,1,220,0,0,0

STAR,RAMA6A,11,2
IF,RAMAP,43.418361,20.891111, ,0.0,0.0,2,11000,0,0,0,0,0,0
TF,NI29B,43.392875,21.201378,0, ,0.0,0.0,0.0,0.0,2,11000,0,0,0,0,0,1
DF,D276Z,43.425747,21.266403,0, ,0.0,0.0,2,9000,0,0,0,0,0,1
AF,D287Z,43.505456,21.300092,2,NII,287.0,26.1,276.0,2,7000,0,1,220,0,0,0
TF,D292X,43.523181,21.367167,0, ,0.0,0.0,0.0,0.0,2,7000,0,0,0,0,0,0
TF,D292T,43.492903,21.446208,0, ,0.0,0.0,0.0,0.0,2,7000,0,0,0,0,0,0
TF,UZDAH,43.454028,21.547472,0, ,0.0,0.0,0.0,0.0,2,5200,0,0,0,0,0,0

STAR,SOSE4B,29,2
IF,SOSEK,43.780500,20.955500, ,0.0,0.0,2,11000,0,0,0,0,0,0
TF,D298T,43.525481,21.473169,0, ,0.0,0.0,0.0,0.0,2,11000,0,0,0,0,0,0
TF,NII,43.336778,21.850306,0, ,0.0,0.0,0.0,0.0,2,5500,0,0,0,0,0,0

STAR,SOSE4G,11,5
IF,SOSEK,43.780500,20.955500, ,0.0,0.0,0,0,0,0,0,0,0,0
TF,CLODY,43.540278,21.322694,0, ,0.0,0.0,0.0,0.0,2,5500,0,1,250,0,0,0
TF,NI102,43.455833,21.478250,0, ,0.0,0.0,0.0,0.0,2,5000,0,1,220,0,0,0

STAR,SOSE4H,29,5
IF,SOSEK,43.780500,20.955500, ,0.0,0.0,0,0,0,0,0,0,0,0
TF,CLODY,43.540278,21.322694,0, ,0.0,0.0,0.0,0.0,2,6500,0,1,250,0,0,0
TF,NI104,43.529000,21.521556,0, ,0.0,0.0,0.0,0.0,2,6500,0,1,250,0,0,0
TF,NI106,43.499278,21.616222,0, ,0.0,0.0,0.0,0.0,2,6500,0,1,250,0,0,0
TF,NI906,43.453111,21.888278,0, ,0.0,0.0,0.0,0.0,2,6500,0,1,250,0,0,0
TF,NI904,43.403750,22.174750,0, ,0.0,0.0,0.0,0.0,2,6500,0,1,250,0,0,0
TF,NI902,43.380472,22.308167,0, ,0.0,0.0,0.0,0.0,2,6500,0,1,250,0,0,0
TF,NI901,43.273972,22.252639,0, ,0.0,0.0,0.0,0.0,2,6500,0,1,220,0,0,0

STAR,SOSE5A,11,2
IF,SOSEK,43.780500,20.955500, ,0.0,0.0,2,11000,0,0,0,0,0,0
TF,PAVKE,43.625000,21.099722,0, ,0.0,0.0,0.0,0.0,2,11000,0,0,0,0,0,0
TF,CLODY,43.540278,21.322694,0, ,0.0,0.0,0.0,0.0,2,9000,0,0,0,0,0,0
TF,D292X,43.523181,21.367167,0, ,0.0,0.0,0.0,0.0,2,7000,0,0,0,0,0,0
TF,D292T,43.492903,21.446208,0, ,0.0,0.0,0.0,0.0,2,7000,0,0,0,0,0,0
TF,UZDAH,43.454028,21.547472,0, ,0.0,0.0,0.0,0.0,2,5200,0,0,0,0,0,0

STAR,VAGE3H,29,5
IF,VAGEN,42.724583,22.077806, ,0.0,0.0,0,0,0,0,0,0,0,0
TF,NI905,43.005694,22.299222,0, ,0.0,0.0,0.0,0.0,2,6500,0,1,250,0,0,0
TF,NI903,43.101500,22.375250,0, ,0.0,0.0,0.0,0.0,2,6500,0,1,250,0,0,0
TF,NI901,43.273972,22.252639,0, ,0.0,0.0,0.0,0.0,2,6500,0,1,220,0,0,0

STAR,VAGE4B,29,2
IF,VAGEN,42.724583,22.077806, ,0.0,0.0,2,10000,0,0,0,0,0,0
TF,D159T,43.015167,21.970419,0, ,0.0,0.0,0.0,0.0,2,10000,0,0,0,0,0,0
TF,D159J,43.175989,21.910519,0, ,0.0,0.0,0.0,0.0,2,7000,0,0,0,0,0,0
TF,NII,43.336778,21.850306,0, ,0.0,0.0,0.0,0.0,2,5500,0,0,0,0,0,0

STAR,VAGE4G,11,5
IF,VAGEN,42.724583,22.077806, ,0.0,0.0,0,0,0,0,0,0,0,0
TF,NI107,42.872278,22.018722,0, ,0.0,0.0,0.0,0.0,2,7000,0,1,250,0,0,0
TF,NI295,43.346472,21.827056,0, ,0.0,0.0,0.0,0.0,2,6000,0,1,250,0,0,0
TF,NI106,43.499278,21.616222,0, ,0.0,0.0,0.0,0.0,2,5000,0,1,220,0,0,0
TF,NI104,43.529000,21.521556,0, ,0.0,0.0,0.0,0.0,2,5000,0,1,220,0,0,0
TF,NI102,43.455833,21.478250,0, ,0.0,0.0,0.0,0.0,2,5000,0,1,220,0,0,0

STAR,VAGE7A,11,2
IF,VAGEN,42.724583,22.077806, ,0.0,0.0,2,10000,0,0,0,0,0,0
TF,D159T,43.015167,21.970419,0, ,0.0,0.0,0.0,0.0,2,10000,0,0,0,0,0,0
TF,D159J,43.175989,21.910519,0, ,0.0,0.0,0.0,0.0,2,7000,0,0,0,0,0,0
TF,NII,43.336778,21.850306,0, ,0.0,0.0,0.0,0.0,2,5500,0,0,0,0,0,0

APPTR,D11,11,NII1
IF,NII,43.336778,21.850306, ,0.0,0.0,2,5500,0,0,0,0,1,0
CF,TONAC,43.504250,21.595611,0,NII,306.1,15.0,306.0,15.0,2,5000,0,1,220,0,0,1
CF,UZDAH,43.454028,21.547472,1,NII,292.1,15.0,112.0,1.0,2,5000,0,0,0,0,1,0

APPTR,D11,11,NII2
IF,NII,43.336778,21.850306, ,0.0,0.0,2,5500,0,0,0,0,1,0
FD,NII,43.336778,21.850306,0,NII,0.0,15.0,298.0,15.0,2,5000,0,0,0,0,0,0
CF,UZDAH,43.454028,21.547472,1,NII,292.1,15.0,112.0,1.0,2,5000,0,0,0,0,1,0

FINAL,D11,11,D,6
IF,UZDAH,43.454028,21.547472,NII,292.1,15.0,2,5000,0,0,0,0,0,0
CF,BOCKO,43.417889,21.641194,0,NII,292.1,10.4,112.0,4.6,2,4400,0,0,0,0,2,0
CF,76VOR,43.396417,21.696722,0,NII,292.1,7.6,112.0,2.8,2,3390,0,0,0,0,0,0
CF,55VOR,43.379556,21.740194,0,NII,292.1,5.5,112.0,2.1,2,2590,0,0,0,0,0,0
CF,36VOR,43.364833,21.778167,0,NII,292.1,3.6,112.0,1.9,2,1890,0,0,0,0,0,0
CF,MD11,43.344611,21.830167,0,NII,292.1,1.0,112.0,2.6,1,931,0,0,0,0,3,0
CA,0,112.0,2,1050,0,0,0,0,0,0
DF,ZO,43.183639,21.724639,2, ,0.0,0.0,0,0,0,1,220,0,0,0
CF,D195O,43.108361,21.728222,0,NII,195.4,14.7,172.0,4.5,0,0,0,0,0,0,0,1
DF,ZO,43.183639,21.724639,1, ,0.0,0.0,1,4300,0,1,220,0,0,0
HM,ZO,43.183639,21.724639,2, ,0.0,0.0,340.0,04.3,2,4300,0,1,220,0,0,0,0

APPTR,D29,29,NII
IF,NII,43.336778,21.850306, ,0.0,0.0,2,5500,0,0,0,0,1,0
CF,OGRIZ,43.313750,22.074167,0,NII,91.9,9.9,92.0,9.9,2,4100,0,1,165,0,0,1
CF,FD29,43.279778,22.062417,2,NII,104.1,9.9,284.0,1.0,2,4100,0,0,0,0,0,0

FINAL,D29,29,D,4
IF,FD29,43.279778,22.062417,NII,104.1,9.9,2,4100,0,0,0,0,2,0
CF,74VOR,43.294194,22.008917,0,NII,104.1,7.4,284.0,2.5,2,3170,0,0,0,0,0,0
CF,36VO2,43.316083,21.927500,0,NII,104.1,3.6,284.0,3.8,2,1770,0,0,0,0,0,0
CF,MD29,43.325306,21.893194,0,NII,104.1,2.0,284.0,1.6,1,1177,0,0,0,0,3,0
CF,NII,43.336778,21.850306,0,NII,0.0,0.0,284.0,2.0,0,0,0,0,0,0,0,1
VI,1, ,0.0,175.0,0,0,0,1,185,0,0,0
CF,ZO,43.183639,21.724639,0,NII,205.0,10.7,205.0,6.0,0,0,0,0,0,0,0,0
CF,D195O,43.108361,21.728222,0,NII,195.4,14.7,172.0,4.5,0,0,0,0,0,0,0,1
DF,ZO,43.183639,21.724639,1, ,0.0,0.0,1,4300,0,1,220,0,0,0
HM,ZO,43.183639,21.724639,2, ,0.0,0.0,340.0,04.3,2,4300,0,1,220,0,0,0,0

APPTR,I29-Y,29,NI901
IF,NI901,43.273972,22.252639, ,0.0,0.0,2,6500,0,0,0,0,1,0
TF,NI201,43.267028,22.167917,0, ,0.0,0.0,0.0,0.0,2,5090,0,1,185,0,0,0
TF,NI200,43.274361,22.102694,0,YNI,0.0,0.0,0.0,0.0,2,4000,0,1,185,0,1,0

FINAL,I29-Y,29,I,3
IF,NI200,43.274361,22.102694,YNI,102.5,11.6,2,4000,0,1,185,0,0,0
CF,GULDE,43.292111,22.030861,0,YNI,102.5,8.3,283.0,3.3,1,3530,0,1,185,0,2,0
CF,RW29,43.333333,21.866153,0,YNI,98.7,0.6,283.0,7.6,1,703,0,0,0,0,3,0
CF,D276A,43.337278,21.847056,0,NII,275.9,0.2,283.0,0.9,0,0,0,0,0,0,0,1
VI,1, ,0.0,175.0,0,0,0,1,185,0,0,0
CF,ZO,43.183639,21.724639,0,NII,205.0,10.7,205.0,6.0,0,0,0,0,0,0,0,0
CF,D195O,43.108361,21.728222,0,NII,195.4,14.7,172.0,4.5,0,0,0,0,0,0,0,1
DF,ZO,43.183639,21.724639,1, ,0.0,0.0,1,4300,0,1,220,0,0,0
HM,ZO,43.183639,21.724639,2, ,0.0,0.0,340.0,04.3,2,4300,0,1,220,0,0,0,0

APPTR,I29-Z,29,NII
IF,NII,43.336778,21.850306, ,0.0,0.0,2,5500,0,0,0,0,1,0
CF,ZALOM,43.305167,22.118611,0,NII,93.1,11.9,93.0,11.9,2,4000,0,1,160,0,0,1
CF,D103K,43.272828,22.108894,2,NII,102.6,12.0,283.0,1.0,2,4000,0,0,0,0,0,0
CF,CF29Z,43.281381,22.074317,0,YNI,102.5,10.3,283.0,1.6,2,3530,0,0,0,0,0,0

FINAL,I29-Z,29,I,3
IF,CF29Z,43.281381,22.074317,YNI,102.5,10.3,2,3530,0,0,0,0,0,0
CF,GULDE,43.292111,22.030861,0,YNI,102.5,8.3,283.0,2.0,1,3530,0,0,0,0,2,0
CF,RW29,43.333333,21.866153,0,YNI,98.7,0.6,283.0,7.6,1,703,0,0,0,0,3,0
CF,D276A,43.337278,21.847056,0,NII,275.9,0.2,283.0,0.9,0,0,0,0,0,0,0,1
VI,1, ,0.0,175.0,0,0,0,1,185,0,0,0
CF,ZO,43.183639,21.724639,0,NII,205.0,10.7,205.0,6.0,0,0,0,0,0,0,0,0
CF,D195O,43.108361,21.728222,0,NII,195.4,14.7,172.0,4.5,0,0,0,0,0,0,0,1
DF,ZO,43.183639,21.724639,1, ,0.0,0.0,1,4300,0,1,220,0,0,0
HM,ZO,43.183639,21.724639,2, ,0.0,0.0,340.0,04.3,2,4300,0,1,220,0,0,0,0

FINAL,R11,11,R,4
IF,NI102,43.455833,21.478250, ,0.0,0.0,2,5000,0,0,0,0,0,0
TF,NI101,43.430000,21.560556,0, ,0.0,0.0,107.0,3.9,2,4800,0,0,0,0,0,0
TF,NI11F,43.406861,21.634056,0, ,0.0,0.0,107.0,3.5,2,4400,0,0,0,0,2,0
TF,RW11,43.340456,21.843764,0, ,0.0,0.0,107.0,10.0,1,691,0,0,0,0,3,1
TF,ZO,43.183639,21.724639,2, ,0.0,0.0,0.0,0.0,0,0,0,1,185,0,0,0
TF,NI303,43.101750,21.756167,0, ,0.0,0.0,0.0,0.0,0,0,0,1,220,0,0,1
DF,ZO,43.183639,21.724639,1, ,0.0,0.0,2,4300,0,1,220,0,0,0
HM,ZO,43.183639,21.724639,2, ,0.0,0.0,340.0,04.3,2,4300,0,1,220,0,0,0,0

APPTR,R29-Y,29,NI901
IF,NI901,43.273972,22.252639, ,0.0,0.0,2,6500,0,0,0,0,1,0
TF,NI201,43.267028,22.167917,0, ,0.0,0.0,0.0,0.0,2,4900,0,1,220,0,1,0

FINAL,R29-Y,29,R,3
IF,NI201,43.267028,22.167917, ,0.0,0.0,2,4900,0,1,220,0,0,0
TF,NI29F,43.283250,22.023083,0, ,0.0,0.0,273.0,6.4,2,3400,0,1,220,0,2,0
TF,NI29M,43.326000,21.889167,0, ,0.0,0.0,288.0,6.4,1,1106,0,0,0,0,3,1
TF,NI302,43.348389,21.819083,0, ,0.0,0.0,0.0,0.0,0,0,0,1,185,0,0,1
TF,ZO,43.183639,21.724639,1, ,0.0,0.0,0.0,0.0,0,0,0,1,185,0,0,0
TF,NI303,43.101750,21.756167,0, ,0.0,0.0,0.0,0.0,0,0,0,1,220,0,0,1
DF,ZO,43.183639,21.724639,1, ,0.0,0.0,2,4300,0,1,220,0,0,0
HM,ZO,43.183639,21.724639,2, ,0.0,0.0,340.0,04.3,2,4300,0,1,220,0,0,0,0

APPTR,R29-Z,29,NI901
IF,NI901,43.273972,22.252639, ,0.0,0.0,2,6500,0,0,0,0,1,0
TF,NI201,43.267028,22.167917,0, ,0.0,0.0,0.0,0.0,2,5090,0,1,185,0,0,0
TF,NI200,43.274361,22.102694,0, ,0.0,0.0,0.0,0.0,2,4000,0,1,185,0,1,0

FINAL,R29-Z,29,R,3
IF,NI200,43.274361,22.102694, ,0.0,0.0,2,4000,0,0,0,0,0,0
TF,GULDE,43.292111,22.030861,0, ,0.0,0.0,283.0,3.3,2,3530,0,0,0,0,2,0
TF,FTP29,43.332667,21.865844,0, ,0.0,0.0,283.0,7.6,1,703,0,0,0,0,3,1
TF,NI296,43.336194,21.851444,0, ,0.0,0.0,0.0,0.0,0,0,0,1,185,0,0,1
TF,ZO,43.183639,21.724639,0, ,0.0,0.0,0.0,0.0,0,0,0,1,185,0,0,0
TF,NI303,43.101750,21.756167,0, ,0.0,0.0,0.0,0.0,0,0,0,1,220,0,0,1
DF,ZO,43.183639,21.724639,1, ,0.0,0.0,2,4300,0,1,220,0,0,0
HM,ZO,43.183639,21.724639,2, ,0.0,0.0,340.0,04.3,2,4300,0,1,220,0,0,0,0

