SID,BERV2E,04,5
CF,IB541,48.217514,17.281131,0,JAN,277.5,10.8,39.0,3.0,0,0,0,0,0,0,0,1
TF,IB555,48.297439,17.365311,0, ,0.0,0.0,0.0,0.0,2,2000,0,0,0,0,0,0
TF,IB556,48.444503,17.497425,0, ,0.0,0.0,0.0,0.0,2,5500,0,0,0,0,0,0
TF,BERVA,48.617569,17.541167,0, ,0.0,0.0,0.0,0.0,2,5500,0,0,0,0,0,0

SID,BERV2G,13,5
CF,IB511,48.097608,17.324964,0,JAN,236.2,10.1,129.0,5.0,0,0,0,1,205,0,0,0
TF,IB512,48.145511,17.394119,0, ,0.0,0.0,0.0,0.0,2,2000,0,1,205,0,0,0
TF,IB513,48.193628,17.350539,0, ,0.0,0.0,0.0,0.0,2,5000,0,1,250,0,0,0
TF,IB514,48.253750,17.295947,0, ,0.0,0.0,0.0,0.0,2,5000,0,1,250,0,0,0
TF,IB555,48.297439,17.365311,0, ,0.0,0.0,0.0,0.0,2,5000,0,0,0,0,0,0
TF,IB556,48.444503,17.497425,0, ,0.0,0.0,0.0,0.0,2,5500,0,0,0,0,0,0
TF,BERVA,48.617569,17.541167,0, ,0.0,0.0,0.0,0.0,2,5500,0,0,0,0,0,0

SID,BERV2J,22,5
CF,IB521,48.120664,17.141722,0,JAN,253.0,16.6,219.0,3.3,0,0,0,1,205,0,0,0
TF,IB522,48.062919,17.231297,1, ,0.0,0.0,0.0,0.0,0,0,0,1,205,0,0,0
TF,IB523,48.122861,17.317594,0, ,0.0,0.0,0.0,0.0,2,5000,0,1,205,0,0,0
TF,IB524,48.180672,17.228014,0, ,0.0,0.0,0.0,0.0,2,5000,0,1,205,0,0,0
TF,IB555,48.297439,17.365311,0, ,0.0,0.0,0.0,0.0,2,5000,0,0,0,0,0,0
TF,IB556,48.444503,17.497425,0, ,0.0,0.0,0.0,0.0,2,5500,0,0,0,0,0,0
TF,BERVA,48.617569,17.541167,0, ,0.0,0.0,0.0,0.0,2,5500,0,0,0,0,0,0

SID,BERV2Q,31,5
CF,IB531,48.206097,17.156717,0,JAN,271.2,15.7,309.0,2.6,0,0,0,1,220,0,0,1
CF,IB555,48.297439,17.365311,2,JAN,309.8,10.1,51.0,8.0,2,3500,0,0,0,0,0,0
TF,IB556,48.444503,17.497425,0, ,0.0,0.0,0.0,0.0,2,5500,0,0,0,0,0,0
TF,BERVA,48.617569,17.541167,0, ,0.0,0.0,0.0,0.0,2,5500,0,0,0,0,0,0

SID,BERV3A,31,2
CA,0,309.0,2,900,0,0,0,0,0,0
CI,2, ,0.0,106.0,0,0,0,1,205,0,0,0
CF,D039O,48.397769,17.542922,0,JAN,354.7,13.2,39.0,15.0,0,0,0,0,0,0,0,0
TF,BERVA,48.617569,17.541167,0, ,0.0,0.0,0.0,0.0,0,0,0,0,0,0,0,0

SID,BERV3B,22,2
DF,D240C,48.141389,17.171667,0, ,0.0,0.0,0,0,0,0,0,0,0,1
CF,OB,48.114833,17.298361,1,JAN,243.9,10.6,33.0,3.0,0,0,0,1,205,0,0,0
TF,JAN,48.178667,17.544667,0, ,0.0,0.0,0.0,0.0,0,0,0,0,0,0,0,0
TF,BERVA,48.617569,17.541167,0, ,0.0,0.0,0.0,0.0,0,0,0,0,0,0,0,0

SID,BERV3Y,13,2
DF,OB,48.114833,17.298361,0, ,0.0,0.0,0,0,0,0,0,0,0,0
TF,JAN,48.178667,17.544667,0, ,0.0,0.0,0.0,0.0,0,0,0,0,0,0,0,0
TF,BERVA,48.617569,17.541167,0, ,0.0,0.0,0.0,0.0,0,0,0,0,0,0,0,0

SID,BERV3Z,04,2
DF,OKR,48.223861,17.290333,0, ,0.0,0.0,0,0,0,0,0,0,0,0
TF,D039O,48.397769,17.542922,0, ,0.0,0.0,0.0,0.0,0,0,0,0,0,0,0,0
TF,BERVA,48.617569,17.541167,0, ,0.0,0.0,0.0,0.0,0,0,0,0,0,0,0,0

SID,NIT3A,31,2
CA,0,309.0,2,900,0,0,0,0,0,0
VI,2, ,0.0,51.0,0,0,0,1,205,0,0,0
CF,NIT,48.290556,18.050556,0,JAN,66.5,21.4,81.0,34.0,0,0,0,0,0,0,0,0

SID,NIT3B,22,2
DF,D240C,48.141389,17.171667,0, ,0.0,0.0,0,0,0,0,0,0,0,1
CF,OB,48.114833,17.298361,1,JAN,243.9,10.6,33.0,3.0,0,0,0,1,205,0,0,0
TF,JAN,48.178667,17.544667,0, ,0.0,0.0,0.0,0.0,0,0,0,0,0,0,0,0
TF,NIT,48.290556,18.050556,0, ,0.0,0.0,0.0,0.0,0,0,0,0,0,0,0,0

SID,NIT3Y,13,2
DF,OB,48.114833,17.298361,0, ,0.0,0.0,0,0,0,0,0,0,0,0
TF,JAN,48.178667,17.544667,0, ,0.0,0.0,0.0,0.0,0,0,0,0,0,0,0,0
TF,NIT,48.290556,18.050556,0, ,0.0,0.0,0.0,0.0,0,0,0,0,0,0,0,0

SID,NIT3Z,04,2
DF,OKR,48.223861,17.290333,0, ,0.0,0.0,0,0,0,0,0,0,0,0
TF,NIT,48.290556,18.050556,0, ,0.0,0.0,0.0,0.0,0,0,0,0,0,0,0,0

SID,TABI3A,31,2
CA,0,309.0,2,900,0,0,0,0,0,0
VI,2, ,0.0,76.0,0,0,0,1,205,0,0,0
CF,JAN,48.178667,17.544667,0,JAN,0.0,0.0,106.0,12.0,0,0,0,0,0,0,0,0
TF,TABIN,48.015278,18.084444,0, ,0.0,0.0,0.0,0.0,0,0,0,0,0,0,0,0

SID,TABI3B,22,2
DF,D240C,48.141389,17.171667,0, ,0.0,0.0,0,0,0,0,0,0,0,1
CF,OB,48.114833,17.298361,1,JAN,243.9,10.6,33.0,3.0,0,0,0,1,205,0,0,0
TF,TABIN,48.015278,18.084444,0, ,0.0,0.0,0.0,0.0,0,0,0,0,0,0,0,0

SID,TABI3Y,13,2
DF,OB,48.114833,17.298361,0, ,0.0,0.0,0,0,0,0,0,0,0,0
TF,TABIN,48.015278,18.084444,0, ,0.0,0.0,0.0,0.0,0,0,0,0,0,0,0,0

SID,TABI3Z,04,2
DF,OKR,48.223861,17.290333,0, ,0.0,0.0,0,0,0,0,0,0,0,0
CF,JAN,48.178667,17.544667,0,JAN,0.0,0.0,107.0,10.0,0,0,0,0,0,0,0,0
TF,TABIN,48.015278,18.084444,0, ,0.0,0.0,0.0,0.0,0,0,0,0,0,0,0,0

SID,TOVK2E,04,5
CF,IB541,48.217514,17.281131,0,JAN,277.5,10.8,39.0,3.0,0,0,0,1,205,0,0,1
DF,IB542,48.208931,17.110556,1, ,0.0,0.0,2,3000,0,1,205,0,0,0
TF,TOVKA,48.270156,16.926322,0, ,0.0,0.0,0.0,0.0,2,10000,0,0,0,0,0,0

SID,TOVK2G,13,5
CF,IB511,48.097608,17.324964,0,JAN,236.2,10.1,129.0,5.0,0,0,0,1,205,0,0,0
TF,IB512,48.145511,17.394119,0, ,0.0,0.0,0.0,0.0,2,2000,0,1,205,0,0,0
TF,IB513,48.193628,17.350539,0, ,0.0,0.0,0.0,0.0,2,5000,0,0,0,0,0,0
TF,IB514,48.253750,17.295947,0, ,0.0,0.0,0.0,0.0,2,5000,0,0,0,0,0,0
TF,IB515,48.245481,17.014333,0, ,0.0,0.0,0.0,0.0,2,5000,0,0,0,0,0,0
TF,TOVKA,48.270156,16.926322,0, ,0.0,0.0,0.0,0.0,2,10000,0,0,0,0,0,0

SID,TOVK2J,22,5
CF,IB521,48.120664,17.141722,0,JAN,253.0,16.6,219.0,3.3,0,0,0,1,205,0,0,0
TF,IB522,48.062919,17.231297,1, ,0.0,0.0,0.0,0.0,0,0,0,1,205,0,0,0
TF,IB523,48.122861,17.317594,0, ,0.0,0.0,0.0,0.0,2,5000,0,1,205,0,0,0
TF,IB524,48.180672,17.228014,0, ,0.0,0.0,0.0,0.0,2,5000,0,0,0,0,0,0
TF,TOVKA,48.270156,16.926322,0, ,0.0,0.0,0.0,0.0,2,10000,0,0,0,0,0,0

SID,TOVK2Q,31,5
CF,IB531,48.206097,17.156717,0,JAN,271.2,15.7,309.0,2.6,0,0,0,0,0,0,0,1
TF,IB532,48.246206,17.094239,0, ,0.0,0.0,0.0,0.0,2,3000,0,0,0,0,0,0
TF,TOVKA,48.270156,16.926322,0, ,0.0,0.0,0.0,0.0,2,10000,0,0,0,0,0,0

SID,TOVK3A,31,2
CA,0,309.0,2,900,0,0,0,0,0,0
CI,2, ,0.0,252.0,0,0,0,1,205,0,0,0
CF,TOVKA,48.270156,16.926322,0,JAN,277.7,25.4,297.0,13.0,2,10000,0,0,0,0,0,0

SID,TOVK3B,22,2
DF,D240C,48.141389,17.171667,0, ,0.0,0.0,0,0,0,0,0,0,0,1
CF,OB,48.114833,17.298361,1,JAN,243.9,10.6,33.0,3.0,0,0,0,1,205,0,0,1
CI,0, ,0.0,307.0,0,0,0,0,0,0,0,0
CF,TOVKA,48.270156,16.926322,0,JAN,277.7,25.4,277.0,11.0,2,10000,0,0,0,0,0,0

SID,TOVK3K,31,2
DF,D276R,48.235278,17.111389,0, ,0.0,0.0,0,0,0,0,0,0,0,0
CF,TOVKA,48.270156,16.926322,0,JAN,277.7,25.4,277.0,8.0,2,10000,0,0,0,0,0,0

SID,TOVK3L,04,2
DF,D037C,48.213333,17.275278,0, ,0.0,0.0,0,0,0,0,0,0,0,1
CI,1, ,0.0,252.0,0,0,0,1,205,0,0,0
CF,TOVKA,48.270156,16.926322,0,JAN,277.7,25.4,277.0,8.0,2,10000,0,0,0,0,0,0

SID,TOVK3Y,13,2
DF,OB,48.114833,17.298361,0, ,0.0,0.0,0,0,0,0,0,0,0,1
CI,1, ,0.0,302.0,0,0,0,0,0,0,0,0
CF,TOVKA,48.270156,16.926322,0,JAN,277.7,25.4,277.0,14.0,2,10000,0,0,0,0,0,0

SID,TOVK3Z,04,2
DF,OKR,48.223861,17.290333,0, ,0.0,0.0,0,0,0,0,0,0,0,1
CI,2, ,0.0,252.0,0,0,0,0,0,0,0,0
CF,TOVKA,48.270156,16.926322,0,JAN,277.7,25.4,297.0,14.0,2,10000,0,0,0,0,0,0

SID,VAMO3A,31,2
CA,0,309.0,2,900,0,0,0,0,0,0
VI,2, ,0.0,76.0,0,0,0,1,205,0,0,0
CF,JAN,48.178667,17.544667,0,JAN,0.0,0.0,106.0,12.0,0,0,0,0,0,0,0,0
TF,VAMOG,47.787222,17.662583,0, ,0.0,0.0,0.0,0.0,2,10000,0,0,0,0,0,0

SID,VAMO3B,22,2
DF,D240C,48.141389,17.171667,0, ,0.0,0.0,0,0,0,0,0,0,0,1
CF,OB,48.114833,17.298361,1,JAN,243.9,10.6,33.0,3.0,0,0,0,1,205,0,0,0
TF,D128S,47.904189,17.633522,2, ,0.0,0.0,0.0,0.0,0,0,0,0,0,0,0,0
TF,VAMOG,47.787222,17.662583,0, ,0.0,0.0,0.0,0.0,2,10000,0,0,0,0,0,0

SID,VAMO3Y,13,2
DF,OB,48.114833,17.298361,0, ,0.0,0.0,0,0,0,0,0,0,0,0
TF,D129S,47.899728,17.628875,0, ,0.0,0.0,0.0,0.0,0,0,0,0,0,0,0,0
TF,VAMOG,47.787222,17.662583,0, ,0.0,0.0,0.0,0.0,2,10000,0,0,0,0,0,0

SID,VAMO3Z,04,2
DF,OKR,48.223861,17.290333,0, ,0.0,0.0,0,0,0,0,0,0,0,0
CF,JAN,48.178667,17.544667,0,JAN,0.0,0.0,107.0,10.0,0,0,0,0,0,0,0,0
TF,VAMOG,47.787222,17.662583,0, ,0.0,0.0,0.0,0.0,2,10000,0,0,0,0,0,0

STAR,BERV2M,31,5
IF,BERVA,48.617569,17.541167, ,0.0,0.0,4,13000,7500,0,0,0,0,0
TF,IB689,48.558842,17.630167,0, ,0.0,0.0,0.0,0.0,2,7500,0,0,0,0,0,0
TF,IB688,48.353303,17.738956,0, ,0.0,0.0,0.0,0.0,2,5500,0,0,0,0,0,0
TF,IB687,48.266514,17.784608,0, ,0.0,0.0,0.0,0.0,2,3000,0,0,0,0,0,0
TF,INFOS,48.171139,17.645364,0, ,0.0,0.0,0.0,0.0,2,3000,0,0,0,0,0,0
TF,IB633,48.257481,17.512483,0, ,0.0,0.0,0.0,0.0,2,3000,0,0,0,0,0,0
TF,IB686,48.172150,17.388772,0, ,0.0,0.0,0.0,0.0,2,3000,0,0,0,0,0,0
TF,IB685,48.085953,17.521642,0, ,0.0,0.0,0.0,0.0,2,3000,0,0,0,0,0,0
TF,IB684,48.027908,17.610725,0, ,0.0,0.0,0.0,0.0,2,3000,0,0,0,0,0,0
TF,IB683,47.969797,17.699606,0, ,0.0,0.0,0.0,0.0,2,3000,0,1,220,0,0,0
TF,IB682,47.910144,17.613119,0, ,0.0,0.0,0.0,0.0,2,3000,0,1,220,0,0,0
TF,IB681,47.968189,17.524242,0, ,0.0,0.0,0.0,0.0,2,3000,0,1,220,0,0,0
TF,EKLIP,48.026164,17.435167,0, ,0.0,0.0,0.0,0.0,2,2500,0,1,220,0,0,0

STAR,BERV2U,22,5
IF,BERVA,48.617569,17.541167, ,0.0,0.0,4,13000,7500,0,0,0,0,0
TF,IB689,48.558842,17.630167,0, ,0.0,0.0,0.0,0.0,2,7500,0,0,0,0,0,0
TF,IB688,48.353303,17.738956,0, ,0.0,0.0,0.0,0.0,2,5500,0,0,0,0,0,0
TF,IB687,48.266514,17.784608,0, ,0.0,0.0,0.0,0.0,2,3000,0,0,0,0,0,0
TF,INFOS,48.171139,17.645364,0, ,0.0,0.0,0.0,0.0,2,3000,0,0,0,0,0,0
TF,IB685,48.085953,17.521642,0, ,0.0,0.0,0.0,0.0,2,2500,0,1,220,0,0,0
TF,IB686,48.172150,17.388772,0, ,0.0,0.0,0.0,0.0,2,2500,0,1,220,0,0,0
TF,IB633,48.257481,17.512483,0, ,0.0,0.0,0.0,0.0,2,2500,0,1,220,0,0,0
TF,IB632,48.317208,17.599442,0, ,0.0,0.0,0.0,0.0,2,2500,0,1,220,0,0,0
TF,IB631,48.375242,17.509839,0, ,0.0,0.0,0.0,0.0,2,2500,0,1,220,0,0,0
TF,ASTON,48.315444,17.422886,0, ,0.0,0.0,0.0,0.0,2,2500,0,1,220,0,0,0

STAR,BERV2V,22,5
IF,BERVA,48.617569,17.541167, ,0.0,0.0,4,13000,7500,0,0,0,0,0
TF,IB621,48.436811,17.517769,0, ,0.0,0.0,0.0,0.0,2,5500,0,0,0,0,0,0
TF,IB631,48.375242,17.509839,0, ,0.0,0.0,0.0,0.0,2,2500,0,1,220,0,0,0
TF,ASTON,48.315444,17.422886,0, ,0.0,0.0,0.0,0.0,2,2500,0,1,220,0,0,0

STAR,KOXE2M,31,5
IF,KOXER,48.127500,17.048333, ,0.0,0.0,4,7000,6000,0,0,0,0,0
TF,IB686,48.172150,17.388772,0, ,0.0,0.0,0.0,0.0,2,3000,0,0,0,0,0,0
TF,IB685,48.085953,17.521642,0, ,0.0,0.0,0.0,0.0,2,3000,0,0,0,0,0,0
TF,IB684,48.027908,17.610725,0, ,0.0,0.0,0.0,0.0,2,3000,0,0,0,0,0,0
TF,IB683,47.969797,17.699606,0, ,0.0,0.0,0.0,0.0,2,3000,0,1,220,0,0,0
TF,IB682,47.910144,17.613119,0, ,0.0,0.0,0.0,0.0,2,3000,0,1,220,0,0,0
TF,IB681,47.968189,17.524242,0, ,0.0,0.0,0.0,0.0,2,3000,0,1,220,0,0,0
TF,EKLIP,48.026164,17.435167,0, ,0.0,0.0,0.0,0.0,2,2500,0,1,220,0,0,0

STAR,KOXE2U,22,5
IF,KOXER,48.127500,17.048333, ,0.0,0.0,4,7000,6000,0,0,0,0,0
TF,IB686,48.172150,17.388772,0, ,0.0,0.0,0.0,0.0,2,2500,0,1,220,0,0,0
TF,IB633,48.257481,17.512483,0, ,0.0,0.0,0.0,0.0,2,2500,0,1,220,0,0,0
TF,IB632,48.317208,17.599442,0, ,0.0,0.0,0.0,0.0,2,2500,0,1,220,0,0,0
TF,IB631,48.375242,17.509839,0, ,0.0,0.0,0.0,0.0,2,2500,0,1,220,0,0,0
TF,ASTON,48.315444,17.422886,0, ,0.0,0.0,0.0,0.0,2,2500,0,1,220,0,0,0

STAR,KUVE2M,31,5
IF,KUVEX,47.908333,17.437500, ,0.0,0.0,4,7000,6000,1,220,0,0,0
TF,IB671,47.850425,17.526833,0, ,0.0,0.0,0.0,0.0,4,7000,6000,1,220,0,0,0
TF,IB682,47.910144,17.613119,0, ,0.0,0.0,0.0,0.0,2,3000,0,1,220,0,0,0
TF,IB681,47.968189,17.524242,0, ,0.0,0.0,0.0,0.0,2,3000,0,1,220,0,0,0
TF,EKLIP,48.026164,17.435167,0, ,0.0,0.0,0.0,0.0,2,2500,0,1,220,0,0,0

STAR,KUVE2U,22,5
IF,KUVEX,47.908333,17.437500, ,0.0,0.0,4,12500,6000,0,0,0,0,0
TF,IB685,48.085953,17.521642,0, ,0.0,0.0,0.0,0.0,2,2500,0,1,220,0,0,0
TF,IB686,48.172150,17.388772,0, ,0.0,0.0,0.0,0.0,2,2500,0,1,220,0,0,0
TF,IB633,48.257481,17.512483,0, ,0.0,0.0,0.0,0.0,2,2500,0,1,220,0,0,0
TF,IB632,48.317208,17.599442,0, ,0.0,0.0,0.0,0.0,2,2500,0,1,220,0,0,0
TF,IB631,48.375242,17.509839,0, ,0.0,0.0,0.0,0.0,2,2500,0,1,220,0,0,0
TF,ASTON,48.315444,17.422886,0, ,0.0,0.0,0.0,0.0,2,2500,0,1,220,0,0,0

STAR,NIT2M,31,5
IF,NIT,48.290556,18.050556, ,0.0,0.0,4,13000,10000,0,0,0,0,0
TF,IB641,48.277211,17.902689,0, ,0.0,0.0,0.0,0.0,2,5500,0,0,0,0,0,0
TF,IB687,48.266514,17.784608,0, ,0.0,0.0,0.0,0.0,2,3000,0,0,0,0,0,0
TF,INFOS,48.171139,17.645364,0, ,0.0,0.0,0.0,0.0,2,3000,0,0,0,0,0,0
TF,IB633,48.257481,17.512483,0, ,0.0,0.0,0.0,0.0,2,3000,0,0,0,0,0,0
TF,IB686,48.172150,17.388772,0, ,0.0,0.0,0.0,0.0,2,3000,0,0,0,0,0,0
TF,IB685,48.085953,17.521642,0, ,0.0,0.0,0.0,0.0,2,3000,0,0,0,0,0,0
TF,IB684,48.027908,17.610725,0, ,0.0,0.0,0.0,0.0,2,3000,0,0,0,0,0,0
TF,IB683,47.969797,17.699606,0, ,0.0,0.0,0.0,0.0,2,3000,0,1,220,0,0,0
TF,IB682,47.910144,17.613119,0, ,0.0,0.0,0.0,0.0,2,3000,0,1,220,0,0,0
TF,IB681,47.968189,17.524242,0, ,0.0,0.0,0.0,0.0,2,3000,0,1,220,0,0,0
TF,EKLIP,48.026164,17.435167,0, ,0.0,0.0,0.0,0.0,2,2500,0,1,220,0,0,0

STAR,NIT2U,22,5
IF,NIT,48.290556,18.050556, ,0.0,0.0,4,13000,10000,0,0,0,0,0
TF,IB641,48.277211,17.902689,0, ,0.0,0.0,0.0,0.0,2,5500,0,0,0,0,0,0
TF,IB687,48.266514,17.784608,0, ,0.0,0.0,0.0,0.0,2,3000,0,0,0,0,0,0
TF,INFOS,48.171139,17.645364,0, ,0.0,0.0,0.0,0.0,2,3000,0,0,0,0,0,0
TF,IB685,48.085953,17.521642,0, ,0.0,0.0,0.0,0.0,2,2500,0,1,220,0,0,0
TF,IB686,48.172150,17.388772,0, ,0.0,0.0,0.0,0.0,2,2500,0,1,220,0,0,0
TF,IB633,48.257481,17.512483,0, ,0.0,0.0,0.0,0.0,2,2500,0,1,220,0,0,0
TF,IB632,48.317208,17.599442,0, ,0.0,0.0,0.0,0.0,2,2500,0,1,220,0,0,0
TF,IB631,48.375242,17.509839,0, ,0.0,0.0,0.0,0.0,2,2500,0,1,220,0,0,0
TF,ASTON,48.315444,17.422886,0, ,0.0,0.0,0.0,0.0,2,2500,0,1,220,0,0,0

STAR,TABI2M,31,5
IF,TABIN,48.015278,18.084444, ,0.0,0.0,4,13000,10000,0,0,0,0,0
TF,IB651,48.036753,17.942669,0, ,0.0,0.0,0.0,0.0,2,5500,0,0,0,0,0,0
TF,IB635,48.054792,17.823344,0, ,0.0,0.0,0.0,0.0,2,3000,0,0,0,0,0,0
TF,IB634,48.113000,17.734456,0, ,0.0,0.0,0.0,0.0,2,3000,0,0,0,0,0,0
TF,INFOS,48.171139,17.645364,0, ,0.0,0.0,0.0,0.0,2,3000,0,0,0,0,0,0
TF,IB633,48.257481,17.512483,0, ,0.0,0.0,0.0,0.0,2,3000,0,0,0,0,0,0
TF,IB686,48.172150,17.388772,0, ,0.0,0.0,0.0,0.0,2,3000,0,0,0,0,0,0
TF,IB685,48.085953,17.521642,0, ,0.0,0.0,0.0,0.0,2,3000,0,0,0,0,0,0
TF,IB684,48.027908,17.610725,0, ,0.0,0.0,0.0,0.0,2,3000,0,0,0,0,0,0
TF,IB683,47.969797,17.699606,0, ,0.0,0.0,0.0,0.0,2,3000,0,1,220,0,0,0
TF,IB682,47.910144,17.613119,0, ,0.0,0.0,0.0,0.0,2,3000,0,1,220,0,0,0
TF,IB681,47.968189,17.524242,0, ,0.0,0.0,0.0,0.0,2,3000,0,1,220,0,0,0
TF,EKLIP,48.026164,17.435167,0, ,0.0,0.0,0.0,0.0,2,2500,0,1,220,0,0,0

STAR,TABI2U,22,5
IF,TABIN,48.015278,18.084444, ,0.0,0.0,4,13000,10000,0,0,0,0,0
TF,IB651,48.036753,17.942669,0, ,0.0,0.0,0.0,0.0,2,5500,0,0,0,0,0,0
TF,IB635,48.054792,17.823344,0, ,0.0,0.0,0.0,0.0,2,3000,0,0,0,0,0,0
TF,IB634,48.113000,17.734456,0, ,0.0,0.0,0.0,0.0,2,3000,0,0,0,0,0,0
TF,INFOS,48.171139,17.645364,0, ,0.0,0.0,0.0,0.0,2,3000,0,0,0,0,0,0
TF,IB685,48.085953,17.521642,0, ,0.0,0.0,0.0,0.0,2,2500,0,1,220,0,0,0
TF,IB686,48.172150,17.388772,0, ,0.0,0.0,0.0,0.0,2,2500,0,1,220,0,0,0
TF,IB633,48.257481,17.512483,0, ,0.0,0.0,0.0,0.0,2,2500,0,1,220,0,0,0
TF,IB632,48.317208,17.599442,0, ,0.0,0.0,0.0,0.0,2,2500,0,1,220,0,0,0
TF,IB631,48.375242,17.509839,0, ,0.0,0.0,0.0,0.0,2,2500,0,1,220,0,0,0
TF,ASTON,48.315444,17.422886,0, ,0.0,0.0,0.0,0.0,2,2500,0,1,220,0,0,0

STAR,XOMB2M,31,5
IF,XOMBA,47.756625,18.061961, ,0.0,0.0,4,12000,10000,0,0,0,0,0
TF,IB636,47.930786,17.922969,0, ,0.0,0.0,0.0,0.0,2,5500,0,0,0,0,0,0
TF,IB635,48.054792,17.823344,0, ,0.0,0.0,0.0,0.0,2,3000,0,0,0,0,0,0
TF,IB634,48.113000,17.734456,0, ,0.0,0.0,0.0,0.0,2,3000,0,0,0,0,0,0
TF,INFOS,48.171139,17.645364,0, ,0.0,0.0,0.0,0.0,2,3000,0,0,0,0,0,0
TF,IB633,48.257481,17.512483,0, ,0.0,0.0,0.0,0.0,2,3000,0,0,0,0,0,0
TF,IB686,48.172150,17.388772,0, ,0.0,0.0,0.0,0.0,2,3000,0,0,0,0,0,0
TF,IB685,48.085953,17.521642,0, ,0.0,0.0,0.0,0.0,2,3000,0,0,0,0,0,0
TF,IB684,48.027908,17.610725,0, ,0.0,0.0,0.0,0.0,2,3000,0,0,0,0,0,0
TF,IB683,47.969797,17.699606,0, ,0.0,0.0,0.0,0.0,2,3000,0,1,220,0,0,0
TF,IB682,47.910144,17.613119,0, ,0.0,0.0,0.0,0.0,2,3000,0,1,220,0,0,0
TF,IB681,47.968189,17.524242,0, ,0.0,0.0,0.0,0.0,2,3000,0,1,220,0,0,0
TF,EKLIP,48.026164,17.435167,0, ,0.0,0.0,0.0,0.0,2,2500,0,1,220,0,0,0

STAR,XOMB2N,31,5
IF,XOMBA,47.756625,18.061961, ,0.0,0.0,4,12000,10000,0,0,0,0,0
TF,IB661,47.846478,17.800217,0, ,0.0,0.0,0.0,0.0,2,5500,0,0,0,0,0,0
TF,IB682,47.910144,17.613119,0, ,0.0,0.0,0.0,0.0,2,3000,0,1,220,0,0,0
TF,IB681,47.968189,17.524242,0, ,0.0,0.0,0.0,0.0,2,3000,0,1,220,0,0,0
TF,EKLIP,48.026164,17.435167,0, ,0.0,0.0,0.0,0.0,2,2500,0,1,220,0,0,0

STAR,XOMB2U,22,5
IF,XOMBA,47.756625,18.061961, ,0.0,0.0,4,12000,10000,0,0,0,0,0
TF,IB636,47.930786,17.922969,0, ,0.0,0.0,0.0,0.0,2,5500,0,0,0,0,0,0
TF,IB635,48.054792,17.823344,0, ,0.0,0.0,0.0,0.0,2,3000,0,0,0,0,0,0
TF,IB634,48.113000,17.734456,0, ,0.0,0.0,0.0,0.0,2,3000,0,0,0,0,0,0
TF,INFOS,48.171139,17.645364,0, ,0.0,0.0,0.0,0.0,2,3000,0,0,0,0,0,0
TF,IB685,48.085953,17.521642,0, ,0.0,0.0,0.0,0.0,2,2500,0,1,220,0,0,0
TF,IB686,48.172150,17.388772,0, ,0.0,0.0,0.0,0.0,2,2500,0,1,220,0,0,0
TF,IB633,48.257481,17.512483,0, ,0.0,0.0,0.0,0.0,2,2500,0,1,220,0,0,0
TF,IB632,48.317208,17.599442,0, ,0.0,0.0,0.0,0.0,2,2500,0,1,220,0,0,0
TF,IB631,48.375242,17.509839,0, ,0.0,0.0,0.0,0.0,2,2500,0,1,220,0,0,0
TF,ASTON,48.315444,17.422886,0, ,0.0,0.0,0.0,0.0,2,2500,0,1,220,0,0,0

APPTR,I22,22,ASTON
IF,ASTON,48.315444,17.422886, ,0.0,0.0,0,0,0,0,0,0,1,0
CF,CI22,48.279519,17.370789,0,OKR,38.9,10.1,219.0,3.0,2,2500,0,0,0,0,0,0

FINAL,I22,22,I,3
IF,CI22,48.279519,17.370789,OKR,38.9,10.1,2,2500,0,0,0,0,0,0
CF,FI22,48.255583,17.336139,0,OKR,38.9,8.1,219.0,2.0,1,2500,0,0,0,0,2,0
CF,RW22,48.179600,17.226464,0,OKR,38.9,1.7,219.0,6.3,1,482,0,0,0,0,3,0
CF,D219C,48.141028,17.171000,0,JAN,256.6,15.2,219.0,3.2,0,0,0,0,0,0,0,1
DF,JAN,48.178667,17.544667,1, ,0.0,0.0,0,0,0,1,205,0,0,0
CF,INFOS,48.171139,17.645364,0,JAN,91.3,4.1,91.0,4.1,1,3000,0,0,0,0,0,0
HM,INFOS,48.171139,17.645364,2, ,0.0,0.0,271.0,04.9,2,3000,0,0,0,0,0,0,0

APPTR,I31-Y,31,EKLIP
IF,EKLIP,48.026164,17.435167, ,0.0,0.0,0,0,0,0,0,0,1,0
CF,CI31,48.060931,17.381567,0,OB,128.9,10.1,309.0,3.0,2,2500,0,0,0,0,0,0

FINAL,I31-Y,31,I,3
IF,CI31,48.060931,17.381567,OB,128.9,10.1,2,2500,0,0,0,0,0,0
CF,FF31,48.084056,17.345889,0,OB,128.9,8.1,309.0,2.0,1,2500,0,0,0,0,2,0
CF,RW31,48.157303,17.232528,0,OB,128.9,1.8,309.0,6.3,1,484,0,0,0,0,3,0
CF,D309A,48.175417,17.204417,0,JAN,264.3,13.7,309.0,1.6,0,0,0,0,0,0,0,1
DF,JAN,48.178667,17.544667,1, ,0.0,0.0,0,0,0,1,185,0,0,0
CF,INFOS,48.171139,17.645364,0,JAN,91.3,4.1,91.0,4.1,1,4000,0,0,0,0,0,0
HM,INFOS,48.171139,17.645364,2, ,0.0,0.0,271.0,04.9,0,0,0,0,0,0,0,0,0

APPTR,I31-Z,31,EKLIP
IF,EKLIP,48.026164,17.435167, ,0.0,0.0,0,0,0,0,0,0,1,0
CF,CI31,48.060931,17.381567,0,OB,128.9,10.1,309.0,3.0,2,2500,0,0,0,0,0,0

FINAL,I31-Z,31,I,3
IF,CI31,48.060931,17.381567,OB,128.9,10.1,2,2500,0,0,0,0,0,0
CF,FF31,48.084056,17.345889,0,OB,128.9,8.1,309.0,2.0,1,2500,0,0,0,0,2,0
CF,RW31,48.157303,17.232528,0,OB,128.9,1.8,309.0,6.3,1,484,0,0,0,0,3,0
CF,D309B,48.176583,17.202611,0,JAN,264.6,13.7,309.0,1.7,0,0,0,0,0,0,0,1
DF,JAN,48.178667,17.544667,2, ,0.0,0.0,0,0,0,1,185,0,0,0
CF,INFOS,48.171139,17.645364,0,JAN,91.3,4.1,91.0,4.1,1,3000,0,0,0,0,0,0
HM,INFOS,48.171139,17.645364,2, ,0.0,0.0,271.0,04.9,2,3000,0,0,0,0,0,0,0

APPTR,Q22,22,ASTON
IF,ASTON,48.315444,17.422886, ,0.0,0.0,0,0,0,0,0,0,1,0
CF,FQ22,48.255583,17.336139,0,JAN,294.0,9.6,219.0,5.0,2,2500,0,0,0,0,0,0

FINAL,Q22,22,N,3
IF,FQ22,48.255583,17.336139,OKR,0.0,0.0,2,2500,0,0,0,0,2,0
CF,OKR,48.223861,17.290333,0,OKR,0.0,0.0,219.0,2.7,2,1658,0,0,0,0,0,0
CF,MA22,48.186417,17.236278,0,OKR,0.0,0.7,219.0,3.1,1,663,0,0,0,0,3,0
CF,D219C,48.141028,17.171000,0,JAN,256.6,15.2,219.0,3.8,0,0,0,0,0,0,0,1
DF,JAN,48.178667,17.544667,1, ,0.0,0.0,0,0,0,1,205,0,0,0
CF,INFOS,48.171139,17.645364,0,JAN,91.3,4.1,91.0,4.1,1,3000,0,0,0,0,0,0
HM,INFOS,48.171139,17.645364,2, ,0.0,0.0,271.0,04.9,2,3000,0,0,0,0,0,0,0

APPTR,Q31,31,EKLIP
IF,EKLIP,48.026164,17.435167, ,0.0,0.0,0,0,0,0,0,0,1,0
CF,FQ31,48.084083,17.345889,0,JAN,229.7,9.8,309.0,5.0,2,2500,0,0,0,0,0,0

FINAL,Q31,31,N,3
IF,FQ31,48.084083,17.345889,OB,0.0,0.0,2,2500,0,0,0,0,2,0
CF,OB,48.114833,17.298361,0,OB,0.0,0.0,309.0,2.7,2,1655,0,0,0,0,0,0
CF,MM31,48.150778,17.242667,0,OKR,0.0,1.7,309.0,3.1,1,664,0,0,0,0,3,0
CA,0,309.0,2,840,0,0,0,0,0,0
DF,JAN,48.178667,17.544667,2, ,0.0,0.0,0,0,0,1,185,0,0,0
CF,INFOS,48.171139,17.645364,0,JAN,91.3,4.1,91.0,4.1,1,3000,0,0,0,0,0,0
HM,INFOS,48.171139,17.645364,2, ,0.0,0.0,271.0,04.9,2,3000,0,0,0,0,0,0,0

FINAL,R22,22,R,3
IF,ASTON,48.315444,17.422886, ,0.0,0.0,2,2500,0,0,0,0,1,0
TF,IB22F,48.255581,17.336139,0, ,0.0,0.0,219.0,5.0,2,2500,0,0,0,0,2,0
TF,RW22,48.179600,17.226464,0, ,0.0,0.0,219.0,6.3,1,482,0,0,0,0,3,1
TF,IBM22,48.141042,17.170992,0, ,0.0,0.0,0.0,0.0,0,0,0,1,205,0,0,1
DF,JAN,48.178667,17.544667,1, ,0.0,0.0,0,0,0,0,0,0,0,0
TF,INFOS,48.171139,17.645364,0, ,0.0,0.0,0.0,0.0,1,3000,0,0,0,0,0,1
HM,INFOS,48.171139,17.645364,2, ,0.0,0.0,271.0,06.5,2,3000,0,0,0,0,0,0,0

FINAL,R31,31,R,3
IF,EKLIP,48.026164,17.435167, ,0.0,0.0,2,2500,0,0,0,0,1,0
TF,IB31F,48.084069,17.345886,0, ,0.0,0.0,309.0,5.0,2,2500,0,0,0,0,2,0
TF,RW31,48.157303,17.232528,0, ,0.0,0.0,309.0,6.3,1,484,0,0,0,0,3,1
TF,IBM31,48.176578,17.202608,0, ,0.0,0.0,0.0,0.0,0,0,0,1,185,0,0,1
DF,JAN,48.178667,17.544667,2, ,0.0,0.0,0,0,0,0,0,0,0,0
TF,INFOS,48.171139,17.645364,0, ,0.0,0.0,0.0,0.0,1,3000,0,0,0,0,0,1
HM,INFOS,48.171139,17.645364,2, ,0.0,0.0,271.0,06.5,2,3000,0,0,0,0,0,0,0

