SID,DUFE1A,23,2
CA,0,229.0,2,1440,0,0,0,0,0,0
CF,D219H,49.004722,21.233056,0,SLK,218.6,8.2,239.0,3.0,0,0,0,0,0,0,0,1
CF,P,49.032556,21.317778,2,SLK,203.8,4.8,71.0,5.0,0,0,0,0,0,0,0,1
TF,DUFES,48.956389,21.318889,2, ,0.0,0.0,0.0,0.0,0,0,0,0,0,0,0,0

SID,DUFE1B,05,2
CF,P,49.032556,21.317778,0,SLK,203.8,4.8,49.0,1.0,0,0,0,0,0,0,0,1
CF,D219H,49.004722,21.233056,2,SLK,218.6,8.2,251.0,4.0,0,0,0,0,0,0,0,1
CF,P,49.032556,21.317778,2,SLK,203.8,4.8,72.0,4.0,0,0,0,0,0,0,0,1
TF,DUFES,48.956389,21.318889,2, ,0.0,0.0,0.0,0.0,0,0,0,0,0,0,0,0

SID,GIRA1A,23,2
CA,0,229.0,2,1440,0,0,0,0,0,0
CF,D219H,49.004722,21.233056,0,SLK,218.6,8.2,239.0,3.0,0,0,0,0,0,0,0,1
CF,P,49.032556,21.317778,2,SLK,203.8,4.8,71.0,5.0,0,0,0,0,0,0,0,0
TF,GIRAB,49.111111,21.517778,0, ,0.0,0.0,0.0,0.0,0,0,0,0,0,0,0,0

SID,GIRA1B,05,2
CF,P,49.032556,21.317778,0,SLK,203.8,4.8,49.0,1.0,0,0,0,0,0,0,0,1
CF,D219H,49.004722,21.233056,2,SLK,218.6,8.2,251.0,4.0,0,0,0,0,0,0,0,1
CF,P,49.032556,21.317778,2,SLK,203.8,4.8,72.0,4.0,0,0,0,0,0,0,0,0
TF,GIRAB,49.111111,21.517778,0, ,0.0,0.0,0.0,0.0,0,0,0,0,0,0,0,0

SID,HANE1A,23,2
CA,0,229.0,2,1440,0,0,0,0,0,0
CF,D219H,49.004722,21.233056,0,SLK,218.6,8.2,239.0,3.0,0,0,0,0,0,0,0,1
CF,P,49.032556,21.317778,2,SLK,203.8,4.8,71.0,5.0,0,0,0,0,0,0,0,0
TF,HANEZ,49.031944,21.527500,0, ,0.0,0.0,0.0,0.0,0,0,0,0,0,0,0,0

SID,HANE1B,05,2
CF,P,49.032556,21.317778,0,SLK,203.8,4.8,49.0,1.0,0,0,0,0,0,0,0,1
CF,D219H,49.004722,21.233056,2,SLK,218.6,8.2,251.0,4.0,0,0,0,0,0,0,0,1
CF,P,49.032556,21.317778,2,SLK,203.8,4.8,72.0,4.0,0,0,0,0,0,0,0,0
TF,HANEZ,49.031944,21.527500,0, ,0.0,0.0,0.0,0.0,0,0,0,0,0,0,0,0

SID,KOJO1A,23,2
CA,0,229.0,2,1440,0,0,0,0,0,0
CF,D219H,49.004722,21.233056,0,SLK,218.6,8.2,239.0,3.0,0,0,0,0,0,0,0,1
CF,P,49.032556,21.317778,2,SLK,203.8,4.8,71.0,5.0,0,0,0,0,0,0,0,1
CF,D219H,49.004722,21.233056,2,SLK,218.6,8.2,252.0,5.0,0,0,0,0,0,0,0,0
TF,KOJOT,48.975000,21.142500,0, ,0.0,0.0,0.0,0.0,0,0,0,0,0,0,0,0

SID,KOJO1B,05,2
CF,P,49.032556,21.317778,0,SLK,203.8,4.8,49.0,1.0,0,0,0,0,0,0,0,1
CF,D219H,49.004722,21.233056,2,SLK,218.6,8.2,251.0,4.0,0,0,0,0,0,0,0,0
TF,KOJOT,48.975000,21.142500,0, ,0.0,0.0,0.0,0.0,0,0,0,0,0,0,0,0

SID,RATW1A,23,2
CA,0,229.0,2,1440,0,0,0,0,0,0
CF,D219H,49.004722,21.233056,0,SLK,218.6,8.2,239.0,3.0,0,0,0,0,0,0,0,1
CF,P,49.032556,21.317778,2,SLK,203.8,4.8,71.0,5.0,0,0,0,0,0,0,0,0
TF,RATWA,49.147778,21.323611,0, ,0.0,0.0,0.0,0.0,0,0,0,0,0,0,0,0

SID,RATW1B,05,2
CF,P,49.032556,21.317778,0,SLK,203.8,4.8,49.0,1.0,0,0,0,0,0,0,0,1
CF,D219H,49.004722,21.233056,2,SLK,218.6,8.2,251.0,4.0,0,0,0,0,0,0,0,1
CF,P,49.032556,21.317778,2,SLK,203.8,4.8,72.0,4.0,0,0,0,0,0,0,0,0
TF,RATWA,49.147778,21.323611,0, ,0.0,0.0,0.0,0.0,0,0,0,0,0,0,0,0

STAR,DUFE1Z,23,2
IF,DUFES,48.956389,21.318889, ,0.0,0.0,0,0,0,0,0,0,0,0
TF,P,49.032556,21.317778,0, ,0.0,0.0,0.0,0.0,0,0,0,0,0,0,0,0

STAR,GIRA2Z,23,2
IF,GIRAB,49.111111,21.517778, ,0.0,0.0,0,0,0,0,0,0,0,0
TF,KORZA,49.108444,21.478972,0, ,0.0,0.0,0.0,0.0,0,0,0,0,0,0,0,0

STAR,HANE1Z,23,2
IF,HANEZ,49.031944,21.527500, ,0.0,0.0,0,0,0,0,0,0,0,0
TF,P,49.032556,21.317778,0, ,0.0,0.0,0.0,0.0,0,0,0,0,0,0,0,0

STAR,KOJO1Z,23,2
IF,KOJOT,48.975000,21.142500, ,0.0,0.0,0,0,0,0,0,0,0,0
TF,D224K,48.982722,21.165947,0, ,0.0,0.0,0.0,0.0,0,0,0,0,0,0,0,0
TF,P,49.032556,21.317778,0, ,0.0,0.0,0.0,0.0,0,0,0,0,0,0,0,0

STAR,RATW1Z,23,2
IF,RATWA,49.147778,21.323611, ,0.0,0.0,0,0,0,0,0,0,0,0
TF,P,49.032556,21.317778,0, ,0.0,0.0,0.0,0.0,0,0,0,0,0,0,0,0

APPTR,N23,23,KORZA
IF,KORZA,49.108444,21.478972, ,0.0,0.0,0,0,0,0,0,0,1,0
CF,CF23,49.085917,21.431000,0,KSC,10.6,25.3,229.0,2.3,2,3500,0,0,0,0,1,0

APPTR,N23,23,P
IF,P,49.032556,21.317778, ,0.0,0.0,0,0,0,0,0,0,1,0
CF,MELOU,49.069278,21.445417,0,KSC,12.5,24.5,60.0,5.5,2,3500,0,0,0,0,0,1
CF,CF23,49.085917,21.431000,1,KSC,10.6,25.3,229.0,1.0,2,3500,0,0,0,0,1,0

FINAL,N23,23,N,3
IF,CF23,49.085917,21.431000,P,0.0,0.0,2,3500,0,0,0,0,0,0
CF,FF23,49.064667,21.385889,0,P,0.0,0.0,229.0,2.2,2,2500,0,0,0,0,2,0
CF,P,49.032556,21.317778,0,P,0.0,0.0,229.0,3.3,1,1276,0,0,0,0,3,0
CA,0,229.0,2,2700,0,0,0,0,0,0
DF,P,49.032556,21.317778,2, ,0.0,0.0,1,4000,0,0,0,0,0,0
HM,P,49.032556,21.317778,1, ,0.0,0.0,89.0,04.3,2,4000,0,0,0,0,0,0,0

