APPTR,D07,07,DCY
IF,DCY,19.270550,-69.740736, ,0.0,0.0,2,4000,0,0,0,0,0,0
TF,D270M,19.223792,-69.971592,0, ,0.0,0.0,0.0,0.0,2,3000,0,0,0,0,0,0
AF,OVERA,19.148339,-69.938583,1,DCY,249.0,13.4,270.0,2,3000,0,0,0,0,1,0

APPTR,D07,07,KERSO
IF,KERSO,19.050764,-69.697586, ,0.0,0.0,0,0,0,0,0,0,1,0
AF,OVERA,19.148339,-69.938583,2,DCY,249.0,13.4,181.0,2,3000,0,0,0,0,1,0

APPTR,D07,07,LORVU
IF,LORVU,19.389208,-69.941108, ,0.0,0.0,0,0,0,0,0,0,1,0
AF,OVERA,19.148339,-69.938583,1,DCY,249.0,13.4,314.0,2,3000,0,0,0,0,1,0

FINAL,D07,07,D,3
IF,OVERA,19.148339,-69.938583,DCY,249.0,13.4,2,3000,0,0,0,0,0,0
CF,KISOM,19.209603,-69.839786,0,DCY,249.1,6.7,69.0,6.7,2,2000,0,0,0,0,2,0
CF,MA07,19.248269,-69.776964,0,DCY,249.1,2.5,69.0,4.3,1,633,0,0,0,0,3,0
CF,DCY,19.270550,-69.740736,0,DCY,0.0,0.0,69.0,2.5,0,0,0,0,0,0,0,0
FA,DCY,19.270550,-69.740736,0,DCY,0.0,0.0,69.0,2,3000,0,0,0,0,0,0
VI,1, ,0.0,269.0,0,0,0,0,0,0,0,0
CF,LORVU,19.389208,-69.941108,0,DCY,314.0,13.4,314.0,6.0,0,0,0,0,0,0,0,0

APPTR,D25,25,DCY
IF,DCY,19.270550,-69.740736, ,0.0,0.0,2,4000,0,0,0,0,0,0
TF,D057K,19.404178,-69.599847,0, ,0.0,0.0,0.0,0.0,2,3000,0,0,0,0,0,0
AF,RETON,19.350361,-69.560217,2,DCY,77.0,11.3,57.0,2,3000,0,0,0,0,1,0

APPTR,D25,25,KERSO
IF,KERSO,19.050764,-69.697586, ,0.0,0.0,0,0,0,0,0,0,1,0
AF,D087M,19.328431,-69.512617,1,DCY,87.0,13.4,181.0,2,3000,0,0,0,0,0,1
CF,RETON,19.350361,-69.560217,0,DCY,77.0,11.3,257.0,2.1,2,3000,0,0,0,0,1,0

APPTR,D25,25,KOBET
IF,KOBET,19.458333,-69.717778, ,0.0,0.0,0,0,0,0,0,0,1,0
AF,RETON,19.350361,-69.560217,2,DCY,77.0,11.3,19.0,2,3000,0,0,0,0,1,0

FINAL,D25,25,D,3
IF,RETON,19.350361,-69.560217,DCY,77.0,11.3,2,3000,0,0,0,0,0,0
CF,VYREN,19.314792,-69.640369,0,DCY,77.1,6.3,257.0,5.0,2,2000,0,0,0,0,2,0
CF,MA25,19.290989,-69.694394,0,DCY,77.1,2.9,257.0,3.4,1,783,0,0,0,0,3,0
CF,DCY,19.270550,-69.740736,0,DCY,0.0,0.0,257.0,2.9,0,0,0,0,0,0,0,0
FA,DCY,19.270550,-69.740736,0,DCY,0.0,0.0,257.0,2,3000,0,0,0,0,0,0
VI,2, ,0.0,64.0,0,0,0,0,0,0,0,0
CF,KOBET,19.458333,-69.717778,0,DCY,18.6,11.3,19.0,5.0,0,0,0,0,0,0,0,0

APPTR,R07,07,CY361
IF,CY361,19.147667,-69.984092, ,0.0,0.0,2,5000,0,1,220,0,1,0
TF,PUSIM,19.186247,-69.905978,0, ,0.0,0.0,0.0,0.0,2,3250,0,0,0,0,1,0

APPTR,R07,07,KERSO
IF,KERSO,19.050764,-69.697586, ,0.0,0.0,0,0,0,1,220,0,0,0
TF,CY362,19.103289,-69.894644,0, ,0.0,0.0,0.0,0.0,2,5000,0,0,0,0,1,0
TF,PUSIM,19.186247,-69.905978,0, ,0.0,0.0,0.0,0.0,2,3250,0,0,0,0,1,0

APPTR,R07,07,KOBET
IF,KOBET,19.458333,-69.717778, ,0.0,0.0,0,0,0,1,220,0,0,0
TF,GUBIK,19.242858,-69.970811,0, ,0.0,0.0,0.0,0.0,2,5000,0,0,0,0,1,0
TF,PUSIM,19.186247,-69.905978,1, ,0.0,0.0,0.0,0.0,2,3250,0,0,0,0,1,0

APPTR,R07,07,PIRAL
IF,PIRAL,19.438781,-70.024903, ,0.0,0.0,0,0,0,1,220,0,0,0
TF,GUBIK,19.242858,-69.970811,0, ,0.0,0.0,0.0,0.0,2,5000,0,0,0,0,1,0
TF,PUSIM,19.186247,-69.905978,0, ,0.0,0.0,0.0,0.0,2,3250,0,0,0,0,1,0

FINAL,R07,07,R,3
IF,PUSIM,19.186247,-69.905978, ,0.0,0.0,2,3250,0,1,220,0,0,0
TF,CY366,19.224794,-69.827831,0, ,0.0,0.0,75.0,5.0,2,1660,0,0,0,0,2,0
TF,RW07,19.263308,-69.749644,0, ,0.0,0.0,75.0,5.0,1,62,0,0,0,0,3,1
TF,CY368,19.285258,-69.723050,0, ,0.0,0.0,0.0,0.0,0,0,0,0,0,0,0,0
TF,CY369,19.342072,-69.775086,0, ,0.0,0.0,0.0,0.0,0,0,0,0,0,0,0,0
TF,GUBIK,19.242858,-69.970811,0, ,0.0,0.0,0.0,0.0,2,5000,0,1,220,0,0,0
HM,GUBIK,19.242858,-69.970811,2, ,0.0,0.0,145.0,04.3,2,5000,0,1,220,0,0,0,0

APPTR,R25,25,KERSO
IF,KERSO,19.050764,-69.697586, ,0.0,0.0,0,0,0,0,0,0,0,0
TF,TADIM,19.295742,-69.503817,0, ,0.0,0.0,0.0,0.0,2,3000,0,0,0,0,1,0
TF,CY250,19.352353,-69.568689,0, ,0.0,0.0,0.0,0.0,2,3000,0,0,0,0,1,0

APPTR,R25,25,KOBET
IF,KOBET,19.458333,-69.717778, ,0.0,0.0,0,0,0,0,0,0,0,0
TF,IKDAT,19.435306,-69.580078,0, ,0.0,0.0,0.0,0.0,2,3000,0,0,0,0,1,0
TF,CY250,19.352353,-69.568689,0, ,0.0,0.0,0.0,0.0,2,3000,0,0,0,0,1,0

FINAL,R25,25,R,3
IF,CY250,19.352353,-69.568689, ,0.0,0.0,2,3000,0,0,0,0,0,0
TF,CY249,19.313881,-69.646939,0, ,0.0,0.0,255.0,5.0,2,1700,0,0,0,0,2,0
TF,RW25,19.275375,-69.725153,0, ,0.0,0.0,255.0,5.0,1,62,0,0,0,0,3,1
TF,CY248,19.259964,-69.756428,0, ,0.0,0.0,0.0,0.0,0,0,0,0,0,0,0,1
DF,IKDAT,19.435306,-69.580078,2, ,0.0,0.0,2,3000,0,0,0,0,0,0
HM,IKDAT,19.435306,-69.580078,2, ,0.0,0.0,185.0,04.3,2,3000,0,0,0,0,0,0,0

APPTR,S07,07,DCY
IF,DCY,19.270550,-69.740736, ,0.0,0.0,2,4000,0,0,0,0,0,0
FC,DCY,19.270550,-69.740736,0,DCY,0.0,0.0,270.0,7.0,2,3000,0,0,0,0,0,1
CF,FS07,19.206733,-69.844125,1,DCY,249.0,7.0,69.0,1.0,2,3000,0,0,0,0,0,0

FINAL,S07,07,D,2
IF,FS07,19.206733,-69.844125,DCY,249.0,7.0,2,3000,0,0,0,0,2,0
CF,DCY,19.270550,-69.740736,0,DCY,0.0,0.0,69.0,7.0,1,820,0,0,0,0,3,0
FA,DCY,19.270550,-69.740736,0,DCY,0.0,0.0,69.0,2,2000,0,0,0,0,0,0
DF,DCY,19.270550,-69.740736,1, ,0.0,0.0,2,4000,0,0,0,0,0,0

APPTR,S25,25,DCY
IF,DCY,19.270550,-69.740736, ,0.0,0.0,2,4000,0,0,0,0,0,0
FC,DCY,19.270550,-69.740736,0,DCY,0.0,0.0,57.0,7.0,2,3000,0,0,0,0,0,1
CF,FS25,19.320008,-69.628931,2,DCY,77.0,7.0,257.0,1.0,2,3000,0,0,0,0,0,0

FINAL,S25,25,D,2
IF,FS25,19.320008,-69.628931,DCY,77.0,7.0,2,3000,0,0,0,0,2,0
CF,DCY,19.270550,-69.740736,0,DCY,0.0,0.0,257.0,7.0,1,1100,0,0,0,0,3,0
FA,DCY,19.270550,-69.740736,0,DCY,0.0,0.0,257.0,2,3000,0,0,0,0,0,0
DF,DCY,19.270550,-69.740736,2, ,0.0,0.0,2,4000,0,0,0,0,0,0
HM,DCY,19.270550,-69.740736,1, ,0.0,0.0,57.0,04.3,0,0,0,0,0,0,0,0,0

