SID,BERO2J,17,5
CF,REXOL,18.367994,-69.646278,0,CDO,175.1,4.1,173.0,3.0,0,0,0,0,0,0,0,0
TF,SD454,18.087425,-69.605631,0, ,0.0,0.0,0.0,0.0,0,0,0,0,0,0,0,0
TF,BEROX,16.000000,-70.066667,0, ,0.0,0.0,0.0,0.0,0,0,0,0,0,0,0,0

SID,BERO2L,35,5
CF,COSCO,18.522908,-69.703192,0,CDO,350.9,5.7,353.0,5.0,0,0,0,0,0,0,0,1
DF,SD405,18.458117,-69.580931,2, ,0.0,0.0,2,6000,0,0,0,0,0,0
TF,SD407,18.258497,-69.605536,0, ,0.0,0.0,0.0,0.0,2,10000,0,0,0,0,0,0
TF,BEROX,16.000000,-70.066667,0, ,0.0,0.0,0.0,0.0,0,0,0,0,0,0,0,0

SID,BERO4J,18,5
CF,REXOL,18.367994,-69.646278,0,CDO,175.1,4.1,171.0,3.0,0,0,0,0,0,0,0,0
TF,SD454,18.087425,-69.605631,0, ,0.0,0.0,0.0,0.0,0,0,0,0,0,0,0,0
TF,BEROX,16.000000,-70.066667,0, ,0.0,0.0,0.0,0.0,0,0,0,0,0,0,0,0

SID,BERO4L,36,5
CF,COSCO,18.522908,-69.703192,0,CDO,350.9,5.7,354.0,5.0,0,0,0,0,0,0,0,1
DF,SD405,18.458117,-69.580931,2, ,0.0,0.0,2,6000,0,0,0,0,0,0
TF,SD407,18.258497,-69.605536,0, ,0.0,0.0,0.0,0.0,2,10000,0,0,0,0,0,0
TF,BEROX,16.000000,-70.066667,0, ,0.0,0.0,0.0,0.0,0,0,0,0,0,0,0,0

SID,CHUM2J,17,5
CF,REXOL,18.367994,-69.646278,0,CDO,175.1,4.1,173.0,3.0,0,0,0,0,0,0,0,0
TF,SD449,18.403028,-69.547733,1, ,0.0,0.0,0.0,0.0,0,0,0,0,0,0,0,0
TF,SD452,18.441414,-69.439597,0, ,0.0,0.0,0.0,0.0,4,8000,5000,0,0,0,0,0
TF,CHUMA,19.222333,-68.392333,0, ,0.0,0.0,0.0,0.0,0,0,0,0,0,0,0,0

SID,CHUM2L,35,5
CF,KNAPS,18.601850,-69.732233,0,CDO,351.8,10.7,353.0,10.0,0,0,0,0,0,0,0,0
TF,SD401,18.730519,-69.537919,0, ,0.0,0.0,0.0,0.0,3,6000,0,0,0,0,0,0
TF,CHUMA,19.222333,-68.392333,0, ,0.0,0.0,0.0,0.0,0,0,0,0,0,0,0,0

SID,CHUM4J,18,5
CF,REXOL,18.367994,-69.646278,0,CDO,175.1,4.1,171.0,3.0,0,0,0,0,0,0,0,0
TF,SD449,18.403028,-69.547733,1, ,0.0,0.0,0.0,0.0,0,0,0,0,0,0,0,0
TF,SD452,18.441414,-69.439597,0, ,0.0,0.0,0.0,0.0,4,8000,5000,0,0,0,0,0
TF,CHUMA,19.222333,-68.392333,0, ,0.0,0.0,0.0,0.0,0,0,0,0,0,0,0,0

SID,CHUM4L,36,5
CF,KNAPS,18.601850,-69.732233,0,CDO,351.8,10.7,353.0,10.0,0,0,0,0,0,0,0,0
TF,SD401,18.730519,-69.537919,0, ,0.0,0.0,0.0,0.0,3,6000,0,0,0,0,0,0
TF,CHUMA,19.222333,-68.392333,0, ,0.0,0.0,0.0,0.0,0,0,0,0,0,0,0,0

SID,ETBO2J,17,5
CF,REXOL,18.367994,-69.646278,0,CDO,175.1,4.1,173.0,3.0,0,0,0,0,0,0,0,0
TF,SD457,18.327642,-69.778839,2, ,0.0,0.0,0.0,0.0,3,5000,0,0,0,0,0,0
TF,SD459,18.385372,-70.393875,0, ,0.0,0.0,0.0,0.0,2,15000,0,0,0,0,0,0
TF,ETBOD,18.516667,-71.883333,0, ,0.0,0.0,0.0,0.0,0,0,0,0,0,0,0,0

SID,ETBO2L,35,5
CF,KNAPS,18.601850,-69.732233,0,CDO,351.8,10.7,353.0,10.0,0,0,0,0,0,0,0,0
TF,SD410,18.595997,-69.903164,0, ,0.0,0.0,0.0,0.0,3,5000,0,0,0,0,0,0
TF,SD510,18.592925,-69.990839,0, ,0.0,0.0,0.0,0.0,3,5000,0,0,0,0,0,0
TF,SD511,18.586742,-70.166186,0, ,0.0,0.0,0.0,0.0,2,9000,0,0,0,0,0,0
TF,ETBOD,18.516667,-71.883333,0, ,0.0,0.0,0.0,0.0,0,0,0,0,0,0,0,0

SID,ETBO4J,18,5
CF,REXOL,18.367994,-69.646278,0,CDO,175.1,4.1,171.0,3.0,0,0,0,0,0,0,0,0
TF,SD457,18.327642,-69.778839,2, ,0.0,0.0,0.0,0.0,3,5000,0,0,0,0,0,0
TF,SD459,18.385372,-70.393875,0, ,0.0,0.0,0.0,0.0,2,15000,0,0,0,0,0,0
TF,ETBOD,18.516667,-71.883333,0, ,0.0,0.0,0.0,0.0,0,0,0,0,0,0,0,0

SID,ETBO4L,36,5
CF,KNAPS,18.601850,-69.732233,0,CDO,351.8,10.7,353.0,10.0,0,0,0,0,0,0,0,0
TF,SD410,18.595997,-69.903164,0, ,0.0,0.0,0.0,0.0,3,5000,0,0,0,0,0,0
TF,SD510,18.592925,-69.990839,0, ,0.0,0.0,0.0,0.0,3,5000,0,0,0,0,0,0
TF,SD511,18.586742,-70.166186,0, ,0.0,0.0,0.0,0.0,2,9000,0,0,0,0,0,0
TF,ETBOD,18.516667,-71.883333,0, ,0.0,0.0,0.0,0.0,0,0,0,0,0,0,0,0

SID,KARU2J,17,5
CF,REXOL,18.367994,-69.646278,0,CDO,175.1,4.1,173.0,3.0,0,0,0,0,0,0,0,0
TF,SD454,18.087425,-69.605631,0, ,0.0,0.0,0.0,0.0,0,0,0,0,0,0,0,0
TF,KARUM,16.000000,-69.400000,0, ,0.0,0.0,0.0,0.0,0,0,0,0,0,0,0,0

SID,KARU2L,35,5
CF,COSCO,18.522908,-69.703192,0,CDO,350.9,5.7,353.0,5.0,0,0,0,0,0,0,0,1
DF,SD405,18.458117,-69.580931,2, ,0.0,0.0,2,6000,0,0,0,0,0,0
TF,SD406,18.280806,-69.539489,0, ,0.0,0.0,0.0,0.0,2,10000,0,0,0,0,0,0
TF,KARUM,16.000000,-69.400000,0, ,0.0,0.0,0.0,0.0,0,0,0,0,0,0,0,0

SID,LERE2J,17,5
CF,REXOL,18.367994,-69.646278,0,CDO,175.1,4.1,173.0,3.0,0,0,0,0,0,0,0,0
TF,SD449,18.403028,-69.547733,1, ,0.0,0.0,0.0,0.0,0,0,0,0,0,0,0,0
TF,SD450,18.667658,-69.630281,0, ,0.0,0.0,0.0,0.0,2,9000,0,0,0,0,0,0
TF,SD451,18.883975,-69.696392,0, ,0.0,0.0,0.0,0.0,2,17000,0,0,0,0,0,0
TF,SD461,19.387403,-69.945425,0, ,0.0,0.0,0.0,0.0,3,26000,0,0,0,0,0,0
TF,LERED,20.398556,-70.450972,0, ,0.0,0.0,0.0,0.0,0,0,0,0,0,0,0,0

SID,LERE2L,35,5
CF,KNAPS,18.601850,-69.732233,0,CDO,351.8,10.7,353.0,10.0,0,0,0,0,0,0,0,0
TF,SD412,19.464931,-70.075258,0, ,0.0,0.0,0.0,0.0,3,26000,0,0,0,0,0,0
TF,LERED,20.398556,-70.450972,0, ,0.0,0.0,0.0,0.0,0,0,0,0,0,0,0,0

SID,LERE4J,18,5
CF,REXOL,18.367994,-69.646278,0,CDO,175.1,4.1,171.0,3.0,0,0,0,0,0,0,0,0
TF,SD449,18.403028,-69.547733,1, ,0.0,0.0,0.0,0.0,0,0,0,0,0,0,0,0
TF,SD450,18.667658,-69.630281,0, ,0.0,0.0,0.0,0.0,2,9000,0,0,0,0,0,0
TF,SD451,18.883975,-69.696392,0, ,0.0,0.0,0.0,0.0,2,17000,0,0,0,0,0,0
TF,SD461,19.387403,-69.945425,0, ,0.0,0.0,0.0,0.0,3,26000,0,0,0,0,0,0
TF,LERED,20.398556,-70.450972,0, ,0.0,0.0,0.0,0.0,0,0,0,0,0,0,0,0

SID,LERE4L,36,5
CF,KNAPS,18.601850,-69.732233,0,CDO,351.8,10.7,353.0,10.0,0,0,0,0,0,0,0,0
TF,SD412,19.464931,-70.075258,0, ,0.0,0.0,0.0,0.0,3,26000,0,0,0,0,0,0
TF,LERED,20.398556,-70.450972,0, ,0.0,0.0,0.0,0.0,0,0,0,0,0,0,0,0

SID,MALV2J,17,5
CF,REXOL,18.367994,-69.646278,0,CDO,175.1,4.1,173.0,3.0,0,0,0,0,0,0,0,0
TF,SD457,18.327642,-69.778839,2, ,0.0,0.0,0.0,0.0,3,5000,0,0,0,0,0,0
TF,SD460,18.490775,-70.133075,0, ,0.0,0.0,0.0,0.0,2,10000,0,0,0,0,0,0
TF,SGO,19.407317,-70.603806,0, ,0.0,0.0,0.0,0.0,0,0,0,0,0,0,0,0
TF,MALVN,20.416667,-71.392686,0, ,0.0,0.0,0.0,0.0,0,0,0,0,0,0,0,0

SID,MALV2L,35,5
CF,KNAPS,18.601850,-69.732233,0,CDO,351.8,10.7,353.0,10.0,0,0,0,0,0,0,0,0
TF,SD410,18.595997,-69.903164,0, ,0.0,0.0,0.0,0.0,3,5000,0,0,0,0,0,0
TF,SD510,18.592925,-69.990839,0, ,0.0,0.0,0.0,0.0,3,5000,0,0,0,0,0,0
TF,SGO,19.407317,-70.603806,0, ,0.0,0.0,0.0,0.0,0,0,0,0,0,0,0,0
TF,MALVN,20.416667,-71.392686,0, ,0.0,0.0,0.0,0.0,0,0,0,0,0,0,0,0

SID,MALV4J,18,5
CF,REXOL,18.367994,-69.646278,0,CDO,175.1,4.1,171.0,3.0,0,0,0,0,0,0,0,0
TF,SD457,18.327642,-69.778839,2, ,0.0,0.0,0.0,0.0,3,5000,0,0,0,0,0,0
TF,SD460,18.490775,-70.133075,0, ,0.0,0.0,0.0,0.0,2,10000,0,0,0,0,0,0
TF,SGO,19.407317,-70.603806,0, ,0.0,0.0,0.0,0.0,0,0,0,0,0,0,0,0
TF,MALVN,20.416667,-71.392686,0, ,0.0,0.0,0.0,0.0,0,0,0,0,0,0,0,0

SID,MALV4L,36,5
CF,KNAPS,18.601850,-69.732233,0,CDO,351.8,10.7,353.0,10.0,0,0,0,0,0,0,0,0
TF,SD410,18.595997,-69.903164,0, ,0.0,0.0,0.0,0.0,3,5000,0,0,0,0,0,0
TF,SD510,18.592925,-69.990839,0, ,0.0,0.0,0.0,0.0,3,5000,0,0,0,0,0,0
TF,SGO,19.407317,-70.603806,0, ,0.0,0.0,0.0,0.0,0,0,0,0,0,0,0,0
TF,MALVN,20.416667,-71.392686,0, ,0.0,0.0,0.0,0.0,0,0,0,0,0,0,0,0

SID,MELA2J,17,5
CF,REXOL,18.367994,-69.646278,0,CDO,175.1,4.1,173.0,3.0,0,0,0,0,0,0,0,0
TF,SD453,18.307964,-69.418406,0, ,0.0,0.0,0.0,0.0,4,8000,5000,0,0,0,0,0
TF,MELLA,18.200000,-68.000000,0, ,0.0,0.0,0.0,0.0,0,0,0,0,0,0,0,0

SID,MELA2L,35,5
CF,COSCO,18.522908,-69.703192,0,CDO,350.9,5.7,353.0,5.0,0,0,0,0,0,0,0,1
DF,SD402,18.546583,-69.492683,2, ,0.0,0.0,2,9000,0,0,0,0,0,0
TF,SD403,18.425819,-68.939561,0, ,0.0,0.0,0.0,0.0,2,15000,0,0,0,0,0,0
TF,MELLA,18.200000,-68.000000,0, ,0.0,0.0,0.0,0.0,0,0,0,0,0,0,0,0

SID,MELA4J,18,5
CF,REXOL,18.367994,-69.646278,0,CDO,175.1,4.1,171.0,3.0,0,0,0,0,0,0,0,0
TF,SD453,18.307964,-69.418406,0, ,0.0,0.0,0.0,0.0,4,8000,5000,0,0,0,0,0
TF,MELLA,18.200000,-68.000000,0, ,0.0,0.0,0.0,0.0,0,0,0,0,0,0,0,0

SID,MELA4L,36,5
CF,COSCO,18.522908,-69.703192,0,CDO,350.9,5.7,354.0,5.0,0,0,0,0,0,0,0,1
DF,SD402,18.546583,-69.492683,2, ,0.0,0.0,2,9000,0,0,0,0,0,0
TF,SD403,18.425819,-68.939561,0, ,0.0,0.0,0.0,0.0,2,15000,0,0,0,0,0,0
TF,MELLA,18.200000,-68.000000,0, ,0.0,0.0,0.0,0.0,0,0,0,0,0,0,0,0

SID,PALA2J,17,5
CF,REXOL,18.367994,-69.646278,0,CDO,175.1,4.1,173.0,3.0,0,0,0,0,0,0,0,0
TF,SD462,18.251975,-69.629450,0, ,0.0,0.0,0.0,0.0,0,0,0,0,0,0,0,0
TF,SD463,18.100653,-69.816525,0, ,0.0,0.0,0.0,0.0,3,8000,0,0,0,0,0,0
TF,PALAS,16.566667,-71.683333,0, ,0.0,0.0,0.0,0.0,0,0,0,0,0,0,0,0

SID,PALA2L,35,5
CF,COSCO,18.522908,-69.703192,0,CDO,350.9,5.7,353.0,5.0,0,0,0,0,0,0,0,1
DF,SD408,18.415364,-69.663672,2, ,0.0,0.0,2,6000,0,0,0,0,0,0
TF,SD409,18.338322,-69.749142,0, ,0.0,0.0,0.0,0.0,2,8000,0,0,0,0,0,0
TF,PALAS,16.566667,-71.683333,0, ,0.0,0.0,0.0,0.0,0,0,0,0,0,0,0,0

SID,PALA4J,18,5
CF,REXOL,18.367994,-69.646278,0,CDO,175.1,4.1,171.0,3.0,0,0,0,0,0,0,0,0
TF,SD462,18.251975,-69.629450,0, ,0.0,0.0,0.0,0.0,0,0,0,0,0,0,0,0
TF,SD463,18.100653,-69.816525,0, ,0.0,0.0,0.0,0.0,3,8000,0,0,0,0,0,0
TF,PALAS,16.566667,-71.683333,0, ,0.0,0.0,0.0,0.0,0,0,0,0,0,0,0,0

SID,PALA4L,36,5
CF,COSCO,18.522908,-69.703192,0,CDO,350.9,5.7,354.0,5.0,0,0,0,0,0,0,0,1
DF,SD408,18.415364,-69.663672,2, ,0.0,0.0,2,6000,0,0,0,0,0,0
TF,SD409,18.338322,-69.749142,0, ,0.0,0.0,0.0,0.0,2,8000,0,0,0,0,0,0
TF,PALAS,16.566667,-71.683333,0, ,0.0,0.0,0.0,0.0,0,0,0,0,0,0,0,0

SID,POKA2J,17,5
CF,REXOL,18.367994,-69.646278,0,CDO,175.1,4.1,173.0,3.0,0,0,0,0,0,0,0,0
TF,KARIB,17.666422,-69.316994,0, ,0.0,0.0,0.0,0.0,2,17000,0,0,0,0,0,0
TF,POKAK,16.000000,-68.566667,0, ,0.0,0.0,0.0,0.0,0,0,0,0,0,0,0,0

SID,POKA2L,35,5
CF,COSCO,18.522908,-69.703192,0,CDO,350.9,5.7,353.0,5.0,0,0,0,0,0,0,0,1
DF,SD404,18.364056,-69.524844,2, ,0.0,0.0,2,8000,0,0,0,0,0,0
TF,POKAK,16.000000,-68.566667,0, ,0.0,0.0,0.0,0.0,0,0,0,0,0,0,0,0

SID,RETA2J,17,5
CF,REXOL,18.367994,-69.646278,0,CDO,175.1,4.1,173.0,3.0,0,0,0,0,0,0,0,0
TF,SD457,18.327642,-69.778839,2, ,0.0,0.0,0.0,0.0,3,5000,0,0,0,0,0,0
TF,SD460,18.490775,-70.133075,0, ,0.0,0.0,0.0,0.0,2,10000,0,0,0,0,0,0
TF,RETAK,20.195000,-71.691667,0, ,0.0,0.0,0.0,0.0,0,0,0,0,0,0,0,0

SID,RETA2L,35,5
CF,KNAPS,18.601850,-69.732233,0,CDO,351.8,10.7,353.0,10.0,0,0,0,0,0,0,0,0
TF,SD410,18.595997,-69.903164,0, ,0.0,0.0,0.0,0.0,3,5000,0,0,0,0,0,0
TF,SD510,18.592925,-69.990839,0, ,0.0,0.0,0.0,0.0,3,5000,0,0,0,0,0,0
TF,SGO,19.407317,-70.603806,0, ,0.0,0.0,0.0,0.0,0,0,0,0,0,0,0,0
TF,RETAK,20.195000,-71.691667,0, ,0.0,0.0,0.0,0.0,0,0,0,0,0,0,0,0

SID,RETA4J,18,5
CF,REXOL,18.367994,-69.646278,0,CDO,175.1,4.1,171.0,3.0,0,0,0,0,0,0,0,0
TF,SD457,18.327642,-69.778839,2, ,0.0,0.0,0.0,0.0,3,5000,0,0,0,0,0,0
TF,SD460,18.490775,-70.133075,0, ,0.0,0.0,0.0,0.0,2,10000,0,0,0,0,0,0
TF,RETAK,20.195000,-71.691667,0, ,0.0,0.0,0.0,0.0,0,0,0,0,0,0,0,0

SID,RETA4L,36,5
CF,KNAPS,18.601850,-69.732233,0,CDO,351.8,10.7,353.0,10.0,0,0,0,0,0,0,0,0
TF,SD410,18.595997,-69.903164,0, ,0.0,0.0,0.0,0.0,3,5000,0,0,0,0,0,0
TF,SD510,18.592925,-69.990839,0, ,0.0,0.0,0.0,0.0,3,5000,0,0,0,0,0,0
TF,SGO,19.407317,-70.603806,0, ,0.0,0.0,0.0,0.0,0,0,0,0,0,0,0,0
TF,RETAK,20.195000,-71.691667,0, ,0.0,0.0,0.0,0.0,0,0,0,0,0,0,0,0

STAR,AVRE2H,35,5
IF,AVRES,17.601083,-69.574972, ,0.0,0.0,3,17000,0,1,250,0,0,0
TF,SD306,17.904994,-69.621228,0, ,0.0,0.0,0.0,0.0,3,7000,0,1,220,0,0,0
TF,VINRO,18.230553,-69.688067,0, ,0.0,0.0,0.0,0.0,2,3000,0,1,210,0,0,0

STAR,BIBO2G,17,5
IF,BIBOK,18.756389,-69.291389, ,0.0,0.0,4,16000,10000,1,250,0,0,0
TF,SD351,18.667658,-69.630281,0, ,0.0,0.0,0.0,0.0,3,6000,0,1,220,0,0,0
TF,SD150,18.601206,-69.732700,0, ,0.0,0.0,0.0,0.0,2,3000,0,1,210,0,0,0

STAR,DELP2G,17,5
IF,DELPO,17.606736,-69.804153, ,0.0,0.0,2,9000,0,1,250,0,0,0
TF,SD356,18.145119,-69.714964,0, ,0.0,0.0,0.0,0.0,2,9000,0,1,230,0,0,0
TF,SD355,18.254050,-69.753067,0, ,0.0,0.0,0.0,0.0,2,9000,0,1,230,0,0,0
TF,SD354,18.327642,-69.778839,0, ,0.0,0.0,0.0,0.0,2,8000,0,1,220,0,0,0
TF,SD353,18.595431,-69.872814,0, ,0.0,0.0,0.0,0.0,2,3000,0,1,210,0,0,0
TF,SD150,18.601206,-69.732700,2, ,0.0,0.0,0.0,0.0,2,3000,0,1,210,0,0,0

STAR,DELP2H,35,5
IF,DELPO,17.606736,-69.804153, ,0.0,0.0,3,17000,0,1,250,0,0,0
TF,SD307,17.908125,-69.740781,0, ,0.0,0.0,0.0,0.0,3,7000,0,1,220,0,0,0
TF,VINRO,18.230553,-69.688067,0, ,0.0,0.0,0.0,0.0,2,3000,0,1,210,0,0,0

STAR,DELP4G,18,5
IF,DELPO,17.606736,-69.804153, ,0.0,0.0,2,9000,0,1,250,0,0,0
TF,SD356,18.145119,-69.714964,0, ,0.0,0.0,0.0,0.0,2,9000,0,1,230,0,0,0
TF,SD355,18.254050,-69.753067,0, ,0.0,0.0,0.0,0.0,2,9000,0,1,230,0,0,0
TF,SD354,18.327642,-69.778839,0, ,0.0,0.0,0.0,0.0,2,8000,0,1,220,0,0,0
TF,SD353,18.595431,-69.872814,0, ,0.0,0.0,0.0,0.0,2,3000,0,1,210,0,0,0
TF,SD180,18.600828,-69.733833,2, ,0.0,0.0,0.0,0.0,2,3000,0,1,210,0,0,0

STAR,DELP4H,36,5
IF,DELPO,17.606736,-69.804153, ,0.0,0.0,3,17000,0,1,250,0,0,0
TF,SD307,17.908125,-69.740781,0, ,0.0,0.0,0.0,0.0,3,7000,0,1,220,0,0,0
TF,VINRO,18.230553,-69.688067,0, ,0.0,0.0,0.0,0.0,2,3000,0,1,210,0,0,0

STAR,GABO2H,35,5
IF,GABOK,18.790272,-69.251767, ,0.0,0.0,4,16000,10000,1,250,0,0,0
TF,SD302,18.546583,-69.492683,0, ,0.0,0.0,0.0,0.0,3,7000,0,1,220,0,0,0
TF,OTVOG,18.286406,-69.522981,0, ,0.0,0.0,0.0,0.0,2,3000,0,1,210,0,0,0

STAR,GABR2G,17,5
IF,GABRA,17.854167,-70.299444, ,0.0,0.0,2,8000,0,1,250,0,0,0
TF,LECKY,18.225000,-69.895278,0, ,0.0,0.0,0.0,0.0,2,8000,0,1,230,0,0,0
TF,SD354,18.327642,-69.778839,0, ,0.0,0.0,0.0,0.0,2,8000,0,1,220,0,0,0
TF,SD353,18.595431,-69.872814,0, ,0.0,0.0,0.0,0.0,2,3000,0,1,210,0,0,0
TF,SD150,18.601206,-69.732700,2, ,0.0,0.0,0.0,0.0,2,3000,0,1,210,0,0,0

STAR,GABR2H,35,5
IF,GABRA,17.854167,-70.299444, ,0.0,0.0,3,17000,0,1,250,0,0,0
TF,SD308,18.056822,-69.967094,0, ,0.0,0.0,0.0,0.0,3,7000,0,1,220,0,0,0
TF,VINRO,18.230553,-69.688067,0, ,0.0,0.0,0.0,0.0,2,3000,0,1,210,0,0,0

STAR,GABR4G,18,5
IF,GABRA,17.854167,-70.299444, ,0.0,0.0,2,8000,0,1,250,0,0,0
TF,LECKY,18.225000,-69.895278,0, ,0.0,0.0,0.0,0.0,2,8000,0,1,230,0,0,0
TF,SD354,18.327642,-69.778839,0, ,0.0,0.0,0.0,0.0,2,8000,0,1,220,0,0,0
TF,SD353,18.595431,-69.872814,0, ,0.0,0.0,0.0,0.0,2,3000,0,1,210,0,0,0
TF,SD180,18.600828,-69.733833,2, ,0.0,0.0,0.0,0.0,2,3000,0,1,210,0,0,0

STAR,GABR4H,36,5
IF,GABRA,17.854167,-70.299444, ,0.0,0.0,3,17000,0,1,250,0,0,0
TF,SD308,18.056822,-69.967094,0, ,0.0,0.0,0.0,0.0,3,7000,0,1,220,0,0,0
TF,VINRO,18.230553,-69.688067,0, ,0.0,0.0,0.0,0.0,2,3000,0,1,210,0,0,0

STAR,GOSU2G,17,5
IF,GOSUB,18.461389,-68.791111, ,0.0,0.0,2,5000,0,1,250,0,0,0
TF,PIVAR,18.444628,-69.262356,0, ,0.0,0.0,0.0,0.0,2,3000,0,1,220,0,0,0
TF,VILSA,18.441614,-69.439569,0, ,0.0,0.0,0.0,0.0,2,3000,0,1,220,0,0,0
TF,SD351,18.667658,-69.630281,0, ,0.0,0.0,0.0,0.0,2,3000,0,1,220,0,0,0
TF,SD150,18.601206,-69.732700,0, ,0.0,0.0,0.0,0.0,2,3000,0,1,210,0,0,0

STAR,GOSU2H,35,5
IF,GOSUB,18.461389,-68.791111, ,0.0,0.0,3,16000,0,1,250,0,0,0
TF,SD304,18.425819,-68.939561,0, ,0.0,0.0,0.0,0.0,3,14000,0,1,230,0,0,0
TF,SD303,18.363161,-69.199875,0, ,0.0,0.0,0.0,0.0,2,3000,0,1,220,0,0,0
TF,OTVOG,18.286406,-69.522981,0, ,0.0,0.0,0.0,0.0,2,3000,0,1,210,0,0,0

STAR,GOSU4G,18,5
IF,GOSUB,18.461389,-68.791111, ,0.0,0.0,2,5000,0,1,250,0,0,0
TF,PIVAR,18.444628,-69.262356,0, ,0.0,0.0,0.0,0.0,2,3000,0,1,220,0,0,0
TF,VILSA,18.441614,-69.439569,0, ,0.0,0.0,0.0,0.0,2,3000,0,1,220,0,0,0
TF,SD351,18.667658,-69.630281,0, ,0.0,0.0,0.0,0.0,3,6000,0,1,220,0,0,0
TF,SD180,18.600828,-69.733833,0, ,0.0,0.0,0.0,0.0,2,3000,0,1,210,0,0,0

STAR,GOSU4H,36,5
IF,GOSUB,18.461389,-68.791111, ,0.0,0.0,3,16000,0,1,250,0,0,0
TF,SD304,18.425819,-68.939561,0, ,0.0,0.0,0.0,0.0,3,14000,0,1,230,0,0,0
TF,SD303,18.363161,-69.199875,0, ,0.0,0.0,0.0,0.0,2,3000,0,1,220,0,0,0
TF,OTVOG,18.286406,-69.522981,0, ,0.0,0.0,0.0,0.0,2,3000,0,1,210,0,0,0

STAR,KARI2G,17,5
IF,KARIB,17.666422,-69.316994, ,0.0,0.0,3,16000,0,1,250,0,0,0
TF,SD352,18.307964,-69.418406,0, ,0.0,0.0,0.0,0.0,3,4000,0,1,220,0,0,0
TF,VILSA,18.441614,-69.439569,0, ,0.0,0.0,0.0,0.0,2,3000,0,1,220,0,0,0
TF,SD351,18.667658,-69.630281,0, ,0.0,0.0,0.0,0.0,2,3000,0,1,220,0,0,0
TF,SD150,18.601206,-69.732700,0, ,0.0,0.0,0.0,0.0,2,3000,0,1,210,0,0,0

STAR,KARI2H,35,5
IF,KARIB,17.666422,-69.316994, ,0.0,0.0,3,17000,0,1,250,0,0,0
TF,SD305,17.964636,-69.424781,0, ,0.0,0.0,0.0,0.0,3,7000,0,1,220,0,0,0
TF,OTVOG,18.286406,-69.522981,0, ,0.0,0.0,0.0,0.0,2,3000,0,1,210,0,0,0

STAR,KERS2G,17,5
IF,KERSO,19.050764,-69.697586, ,0.0,0.0,3,16000,0,1,250,0,0,0
TF,SD350,18.883975,-69.696392,0, ,0.0,0.0,0.0,0.0,2,4000,0,1,230,0,0,0
TF,SD150,18.601206,-69.732700,0, ,0.0,0.0,0.0,0.0,2,3000,0,1,210,0,0,0

STAR,KERS4G,18,5
IF,KERSO,19.050764,-69.697586, ,0.0,0.0,3,16000,0,1,250,0,0,0
TF,SD350,18.883975,-69.696392,0, ,0.0,0.0,0.0,0.0,2,4000,0,1,230,0,0,0
TF,SD180,18.600828,-69.733833,0, ,0.0,0.0,0.0,0.0,2,3000,0,1,210,0,0,0

STAR,KOBE2H,35,5
IF,KOBET,19.458333,-69.717778, ,0.0,0.0,3,23000,0,1,250,0,0,0
TF,SD301,18.730519,-69.537919,0, ,0.0,0.0,0.0,0.0,2,9000,0,1,230,0,0,0
TF,SD302,18.546583,-69.492683,0, ,0.0,0.0,0.0,0.0,3,7000,0,1,220,0,0,0
TF,OTVOG,18.286406,-69.522981,0, ,0.0,0.0,0.0,0.0,2,3000,0,1,210,0,0,0

STAR,KOBE4H,36,5
IF,KOBET,19.458333,-69.717778, ,0.0,0.0,3,23000,0,1,250,0,0,0
TF,SD301,18.730519,-69.537919,0, ,0.0,0.0,0.0,0.0,2,9000,0,1,230,0,0,0
TF,SD302,18.546583,-69.492683,0, ,0.0,0.0,0.0,0.0,3,7000,0,1,220,0,0,0
TF,OTVOG,18.286406,-69.522981,0, ,0.0,0.0,0.0,0.0,2,3000,0,1,210,0,0,0

STAR,KODI2G,17,5
IF,KODIX,19.136667,-70.142500, ,0.0,0.0,3,20000,0,1,250,0,0,0
TF,SD349,18.913622,-69.943492,0, ,0.0,0.0,0.0,0.0,2,4000,0,1,230,0,0,0
TF,SD150,18.601206,-69.732700,0, ,0.0,0.0,0.0,0.0,2,3000,0,1,210,0,0,0

STAR,KODI2H,35,5
IF,KODIX,19.136667,-70.142500, ,0.0,0.0,2,16000,0,1,280,0,0,0
TF,SD312,18.826839,-70.005144,0, ,0.0,0.0,0.0,0.0,2,10000,0,1,250,0,0,0
TF,SD311,18.595997,-69.903164,0, ,0.0,0.0,0.0,0.0,2,6000,0,1,250,0,0,0
TF,SD310,18.464572,-69.845208,0, ,0.0,0.0,0.0,0.0,2,6000,0,1,230,0,0,0
TF,VINRO,18.230553,-69.688067,0, ,0.0,0.0,0.0,0.0,2,3000,0,1,210,0,0,0

STAR,KODI4G,18,5
IF,KODIX,19.136667,-70.142500, ,0.0,0.0,3,20000,0,1,250,0,0,0
TF,SD349,18.913622,-69.943492,0, ,0.0,0.0,0.0,0.0,2,4000,0,1,230,0,0,0
TF,SD180,18.600828,-69.733833,0, ,0.0,0.0,0.0,0.0,2,3000,0,1,210,0,0,0

STAR,KODI4H,36,5
IF,KODIX,19.136667,-70.142500, ,0.0,0.0,2,16000,0,1,280,0,0,0
TF,SD312,18.826839,-70.005144,0, ,0.0,0.0,0.0,0.0,2,10000,0,1,250,0,0,0
TF,SD311,18.595997,-69.903164,0, ,0.0,0.0,0.0,0.0,2,6000,0,1,250,0,0,0
TF,SD310,18.464572,-69.845208,0, ,0.0,0.0,0.0,0.0,2,6000,0,1,230,0,0,0
TF,VINRO,18.230553,-69.688067,0, ,0.0,0.0,0.0,0.0,2,3000,0,1,210,0,0,0

STAR,OKOS2G,17,5
IF,OKOSO,18.323056,-70.547500, ,0.0,0.0,3,16000,0,1,250,0,0,0
TF,SD357,18.385372,-70.393875,0, ,0.0,0.0,0.0,0.0,3,14000,0,1,250,0,0,0
TF,SD358,18.490775,-70.133075,0, ,0.0,0.0,0.0,0.0,3,9000,0,1,230,0,0,0
TF,SD353,18.595431,-69.872814,0, ,0.0,0.0,0.0,0.0,2,3000,0,1,210,0,0,0
TF,SD150,18.601206,-69.732700,0, ,0.0,0.0,0.0,0.0,2,3000,0,1,210,0,0,0

STAR,OKOS2H,35,5
IF,OKOSO,18.323056,-70.547500, ,0.0,0.0,2,9000,0,1,250,0,0,0
TF,SD309,18.288533,-70.194103,0, ,0.0,0.0,0.0,0.0,2,5000,0,1,230,0,0,0
TF,VINRO,18.230553,-69.688067,0, ,0.0,0.0,0.0,0.0,2,3000,0,1,210,0,0,0

STAR,OKOS4G,18,5
IF,OKOSO,18.323056,-70.547500, ,0.0,0.0,3,16000,0,1,250,0,0,0
TF,SD357,18.385372,-70.393875,0, ,0.0,0.0,0.0,0.0,3,14000,0,1,250,0,0,0
TF,SD358,18.490775,-70.133075,0, ,0.0,0.0,0.0,0.0,3,9000,0,1,230,0,0,0
TF,SD353,18.595431,-69.872814,0, ,0.0,0.0,0.0,0.0,2,3000,0,1,210,0,0,0
TF,SD180,18.600828,-69.733833,0, ,0.0,0.0,0.0,0.0,2,3000,0,1,210,0,0,0

STAR,OKOS4H,36,5
IF,OKOSO,18.323056,-70.547500, ,0.0,0.0,2,9000,0,1,250,0,0,0
TF,SD309,18.288533,-70.194103,0, ,0.0,0.0,0.0,0.0,2,5000,0,1,230,0,0,0
TF,VINRO,18.230553,-69.688067,0, ,0.0,0.0,0.0,0.0,2,3000,0,1,210,0,0,0

APPTR,D17,17,VILSA
IF,VILSA,18.441614,-69.439569, ,0.0,0.0,0,0,0,0,0,0,1,0
AF,ULOPA,18.634361,-69.756492,1,CDO,349.0,13.0,100.0,2,3000,0,0,0,0,0,0

FINAL,D17,17,D,3
IF,ULOPA,18.634361,-69.756492,CDO,349.0,13.0,2,3000,0,0,0,0,0,0
CF,ROSAM,18.521944,-69.706403,0,CDO,349.0,5.7,169.0,7.3,2,1690,0,0,0,0,2,0
CF,MD17,18.463422,-69.680358,0,CDO,349.0,1.9,169.0,3.8,1,477,0,0,0,0,3,0
CF,CDO,18.434158,-69.667342,0,CDO,0.0,0.0,169.0,1.9,0,0,0,0,0,0,0,0
FA,CDO,18.434158,-69.667342,0,CDO,0.0,0.0,169.0,2,2000,0,0,0,0,0,0
CF,VILSA,18.441614,-69.439569,0,CDO,100.0,13.0,100.0,13.0,2,3000,0,0,0,0,0,0

APPTR,D18,18,VILSA
IF,VILSA,18.441614,-69.439569, ,0.0,0.0,0,0,0,0,0,0,1,0
AF,EPTOR,18.619822,-69.786139,1,CDO,340.6,13.0,100.0,2,3000,0,0,0,0,0,0

FINAL,D18,18,D,3
IF,EPTOR,18.619822,-69.786139,CDO,340.6,13.0,2,3000,0,0,0,0,0,0
CF,ATUBA,18.514497,-69.718711,0,CDO,340.6,5.6,161.0,7.4,2,1700,0,0,0,0,2,0
CF,MD18,18.459300,-69.683411,0,CDO,340.6,1.8,161.0,3.8,1,459,0,0,0,0,3,0
CF,CDO,18.434158,-69.667342,0,CDO,0.0,0.0,161.0,1.8,0,0,0,0,0,0,0,0
CA,0,161.0,2,1000,0,0,0,0,0,0
CI,1, ,0.0,70.0,0,0,0,0,0,0,0,0
CF,VILSA,18.441614,-69.439569,0,CDO,100.0,13.0,100.0,8.0,2,3000,0,0,0,0,0,0

APPTR,D35,35,MENGO
IF,MENGO,18.282986,-69.831136, ,0.0,0.0,0,0,0,0,0,0,1,0
AF,NABUL,18.223092,-69.612358,1,CDO,178.0,13.0,238.0,2,3000,0,0,0,0,0,0

APPTR,D35,35,VILSA
IF,VILSA,18.441614,-69.439569, ,0.0,0.0,0,0,0,0,0,0,1,0
AF,NABUL,18.223092,-69.612358,2,CDO,178.0,13.0,100.0,2,3000,0,0,0,0,0,0

FINAL,D35,35,D,3
IF,NABUL,18.223092,-69.612358,CDO,178.0,13.0,2,3000,0,0,0,0,0,0
CF,MABOY,18.334472,-69.641317,0,CDO,178.0,6.1,358.0,6.9,2,1700,0,0,0,0,2,0
CF,MD35,18.396167,-69.657419,0,CDO,178.0,2.3,358.0,3.8,1,493,0,0,0,0,3,0
CF,CDO,18.434158,-69.667342,0,CDO,0.0,0.0,358.0,2.3,0,0,0,0,0,0,0,0
FA,CDO,18.434158,-69.667342,0,CDO,0.0,0.0,358.0,2,2000,0,0,0,0,0,0
CF,VILSA,18.441614,-69.439569,2,CDO,100.0,13.0,100.0,13.0,2,3000,0,0,0,0,0,0

APPTR,D36,36,MENGO
IF,MENGO,18.282986,-69.831136, ,0.0,0.0,0,0,0,0,0,0,1,0
AF,LESUK,18.220297,-69.625744,1,CDO,181.5,13.0,238.0,2,3000,0,0,0,0,0,0

APPTR,D36,36,VILSA
IF,VILSA,18.441614,-69.439569, ,0.0,0.0,0,0,0,0,0,0,1,0
AF,LESUK,18.220297,-69.625744,2,CDO,181.5,13.0,100.0,2,3000,0,0,0,0,0,0

FINAL,D36,36,D,3
IF,LESUK,18.220297,-69.625744,CDO,181.5,13.0,2,3000,0,0,0,0,0,0
CF,ETMET,18.333811,-69.647811,0,CDO,181.5,6.1,1.0,6.9,2,1700,0,0,0,0,2,0
CF,MD36,18.396322,-69.659975,0,CDO,181.5,2.3,1.0,3.8,1,492,0,0,0,0,3,0
CF,CDO,18.434158,-69.667342,0,CDO,0.0,0.0,1.0,2.3,0,0,0,0,0,0,0,0
CA,0,1.0,2,1000,0,0,0,0,0,0
CI,2, ,0.0,130.0,0,0,0,0,0,0,0,0
CF,VILSA,18.441614,-69.439569,0,CDO,100.0,13.0,100.0,5.0,2,3000,0,0,0,0,0,0

APPTR,L17,17,CDO
IF,CDO,18.434158,-69.667342, ,0.0,0.0,0,0,0,0,0,0,0,0
TF,D013M,18.651642,-69.663358,0, ,0.0,0.0,0.0,0.0,2,3000,0,0,0,0,0,0
AF,D002M,18.648367,-69.706964,1,CDO,2.0,13.0,13.0,2,3000,0,0,0,0,0,0
VI,0,ICDO,0.0,203.0,0,0,0,0,0,0,0,0

APPTR,L17,17,VILSA
IF,VILSA,18.441614,-69.439569, ,0.0,0.0,0,0,0,0,0,0,1,0
AF,D002M,18.648367,-69.706964,1,CDO,2.0,13.0,100.0,2,3000,0,0,0,0,0,0
VI,0,ICDO,0.0,203.0,0,0,0,0,0,0,0,0

APPTR,L17,17,VOLAM
HF,VOLAM,18.637356,-69.745253,1, ,0.0,0.0,173.0,04.3,2,3000,0,0,0,0,0,0,0

FINAL,L17,17,D,3
IF,VOLAM,18.637356,-69.745253,ICDO,352.7,14.1,2,3000,0,0,0,0,0,0
CF,KEBRO,18.537875,-69.708658,0,ICDO,352.7,7.8,173.0,6.3,2,2000,0,0,0,0,2,0
CF,MA17,18.464956,-69.681903,0,ICDO,352.7,3.2,173.0,4.6,1,515,0,0,0,0,3,0
CF,CDO,18.434158,-69.667342,0,CDO,0.0,0.0,173.0,2.0,0,0,0,0,0,0,0,0
FA,CDO,18.434158,-69.667342,0,CDO,0.0,0.0,172.0,2,2000,0,0,0,0,0,0
VI,1, ,0.0,55.0,0,0,0,0,0,0,0,0
CF,VILSA,18.441614,-69.439569,0,CDO,100.0,13.0,100.0,6.0,2,3000,0,0,0,0,0,0
AF,VOLAM,18.637356,-69.745253,1,CDO,351.9,12.9,100.0,0,0,0,0,0,0,0,0
HM,VOLAM,18.637356,-69.745253,1, ,0.0,0.0,173.0,04.3,0,0,0,0,0,0,0,0,0

APPTR,R17,17,EMULU
IF,EMULU,18.629114,-69.649981, ,0.0,0.0,2,3000,0,0,0,0,1,0
TF,SD150,18.601206,-69.732700,0, ,0.0,0.0,0.0,0.0,2,3000,0,0,0,0,1,0

APPTR,R17,17,KEPTI
IF,KEPTI,18.573261,-69.815392, ,0.0,0.0,2,3000,0,0,0,0,1,0
TF,SD150,18.601206,-69.732700,0, ,0.0,0.0,0.0,0.0,2,3000,0,0,0,0,1,0

FINAL,R17,17,R,3
IF,SD150,18.601206,-69.732700, ,0.0,0.0,2,3000,0,0,0,0,0,0
TF,DATRU,18.538125,-69.709250,0, ,0.0,0.0,173.0,4.0,2,2000,0,0,0,0,2,0
TF,RW17,18.443956,-69.674186,0, ,0.0,0.0,173.0,6.0,1,103,0,0,0,0,3,1
TF,SD155,18.380872,-69.650881,0, ,0.0,0.0,0.0,0.0,0,0,0,0,0,0,0,1
DF,EMULU,18.629114,-69.649981,1, ,0.0,0.0,1,3000,0,0,0,0,0,0

APPTR,R18,18,EMULU
IF,EMULU,18.629114,-69.649981, ,0.0,0.0,0,0,0,0,0,0,1,0
TF,SD180,18.600828,-69.733833,0, ,0.0,0.0,0.0,0.0,2,3000,0,0,0,0,1,0

APPTR,R18,18,KEPTI
IF,KEPTI,18.573261,-69.815392, ,0.0,0.0,0,0,0,0,0,0,1,0
TF,SD180,18.600828,-69.733833,0, ,0.0,0.0,0.0,0.0,2,3000,0,0,0,0,1,0

FINAL,R18,18,R,3
IF,SD180,18.600828,-69.733833, ,0.0,0.0,2,3000,0,0,0,0,0,0
TF,SD182,18.520344,-69.704225,0, ,0.0,0.0,173.0,5.1,2,1700,0,0,0,0,2,0
TF,RW18,18.441397,-69.675211,0, ,0.0,0.0,173.0,5.0,1,89,0,0,0,0,3,1
TF,SD183,18.378236,-69.652019,0, ,0.0,0.0,0.0,0.0,0,0,0,0,0,0,0,1
DF,EMULU,18.629114,-69.649981,1, ,0.0,0.0,1,3000,0,0,0,0,0,0

APPTR,R35,35,OTVOG
IF,OTVOG,18.286406,-69.522981, ,0.0,0.0,2,3000,0,0,0,0,1,0
TF,SD160,18.258497,-69.605536,0, ,0.0,0.0,0.0,0.0,2,3000,0,0,0,0,1,0

APPTR,R35,35,VINRO
IF,VINRO,18.230553,-69.688067, ,0.0,0.0,2,3000,0,0,0,0,1,0
TF,SD160,18.258497,-69.605536,0, ,0.0,0.0,0.0,0.0,2,3000,0,0,0,0,1,0

FINAL,R35,35,R,3
IF,SD160,18.258497,-69.605536, ,0.0,0.0,2,3000,0,0,0,0,0,0
TF,KERVA,18.321594,-69.628906,0, ,0.0,0.0,353.0,4.0,2,2000,0,0,0,0,2,0
TF,RW35,18.415361,-69.663681,0, ,0.0,0.0,353.0,6.0,1,110,0,0,0,0,3,1
TF,SD165,18.446908,-69.675378,0, ,0.0,0.0,0.0,0.0,0,0,0,0,0,0,0,1
DF,OTVOG,18.286406,-69.522981,2, ,0.0,0.0,1,3000,0,0,0,0,0,0

APPTR,R36,36,OTVOG
IF,OTVOG,18.286406,-69.522981, ,0.0,0.0,0,0,0,0,0,0,1,0
TF,SD360,18.257733,-69.607811,0, ,0.0,0.0,0.0,0.0,2,3000,0,0,0,0,1,0

APPTR,R36,36,VINRO
IF,VINRO,18.230553,-69.688067, ,0.0,0.0,0,0,0,0,0,0,1,0
TF,SD360,18.257733,-69.607811,0, ,0.0,0.0,0.0,0.0,2,3000,0,0,0,0,1,0

FINAL,R36,36,R,3
IF,SD360,18.257733,-69.607811, ,0.0,0.0,2,3000,0,0,0,0,0,0
TF,SD361,18.336936,-69.636858,0, ,0.0,0.0,353.0,5.0,2,1700,0,0,0,0,2,0
TF,RW36,18.415889,-69.665842,0, ,0.0,0.0,353.0,5.0,1,105,0,0,0,0,3,1
TF,SD362,18.447469,-69.677442,0, ,0.0,0.0,0.0,0.0,0,0,0,0,0,0,0,1
DF,OTVOG,18.286406,-69.522981,2, ,0.0,0.0,1,3000,0,0,0,0,0,0

APPTR,S17,17,CDO
FC,CDO,18.434158,-69.667342,0,CDO,0.0,0.0,9.0,7.0,2,2000,0,0,0,0,0,1
CF,FS17,18.537114,-69.713158,1,CDO,349.0,6.7,169.0,1.0,2,2000,0,0,0,0,0,0

FINAL,S17,17,D,2
IF,FS17,18.537114,-69.713158,CDO,349.0,6.7,2,2000,0,0,0,0,2,0
CF,RW17,18.443956,-69.674186,0,CDO,338.3,0.7,169.0,6.0,1,91,0,0,0,0,3,0
CF,CDO,18.434158,-69.667342,0,CDO,0.0,0.0,169.0,0.7,0,0,0,0,0,0,0,1
CA,0,169.0,2,2000,0,0,0,0,0,0
DF,CDO,18.434158,-69.667342,1, ,0.0,0.0,0,0,0,0,0,0,0,0
HM,CDO,18.434158,-69.667342,2, ,0.0,0.0,9.0,04.3,0,0,0,0,0,0,0,0,0

APPTR,S18,18,CDO
FC,CDO,18.434158,-69.667342,0,CDO,0.0,0.0,1.0,7.9,2,2000,0,0,0,0,0,1
CF,FS18,18.528850,-69.726992,1,CDO,341.0,6.6,161.0,2.0,2,2000,0,0,0,0,0,0

FINAL,S18,18,D,3
IF,FS18,18.528850,-69.726992,CDO,341.0,6.6,2,2000,0,0,0,0,2,0
CF,ES18,18.442792,-69.672775,0,CDO,341.0,0.6,161.0,6.0,1,89,0,0,0,0,0,1
CF,CDO,18.434158,-69.667342,0,CDO,0.0,0.0,161.0,0.6,2,460,0,0,0,0,3,1
CA,0,161.0,2,2000,0,0,0,0,0,0
DF,CDO,18.434158,-69.667342,1, ,0.0,0.0,0,0,0,0,0,0,0,0
HM,CDO,18.434158,-69.667342,2, ,0.0,0.0,1.0,04.3,0,0,0,0,0,0,0,0,0

APPTR,S35,35,CDO
FC,CDO,18.434158,-69.667342,0,CDO,0.0,0.0,198.0,7.0,2,2000,0,0,0,0,0,1
CF,FS35,18.320508,-69.637672,1,CDO,178.0,7.0,358.0,1.0,2,2000,0,0,0,0,0,0

FINAL,S35,35,D,2
IF,FS35,18.320508,-69.637672,CDO,178.0,7.0,2,2000,0,0,0,0,2,0
CF,RW35,18.415361,-69.663681,0,CDO,181.5,1.1,358.0,5.9,1,110,0,0,0,0,3,0
CF,CDO,18.434158,-69.667342,0,CDO,0.0,0.0,358.0,1.1,0,0,0,0,0,0,0,1
CA,0,358.0,2,2000,0,0,0,0,0,0
DF,CDO,18.434158,-69.667342,2, ,0.0,0.0,0,0,0,0,0,0,0,0
HM,CDO,18.434158,-69.667342,1, ,0.0,0.0,198.0,04.3,0,0,0,0,0,0,0,0,0

APPTR,S36,36,CDO
FC,CDO,18.434158,-69.667342,0,CDO,0.0,0.0,201.0,7.0,2,2000,0,0,0,0,0,1
CF,FS36,18.319181,-69.643942,1,CDO,181.0,7.0,1.0,1.0,2,2000,0,0,0,0,0,0

FINAL,S36,36,D,2
IF,FS36,18.319181,-69.643942,CDO,181.0,7.0,2,2000,0,0,0,0,2,0
CF,RW36,18.415889,-69.665842,0,CDO,187.5,1.1,1.0,5.9,1,105,0,0,0,0,3,0
CF,CDO,18.434158,-69.667342,0,CDO,0.0,0.0,1.0,1.1,0,0,0,0,0,0,0,1
CA,0,1.0,2,2000,0,0,0,0,0,0
DF,CDO,18.434158,-69.667342,2, ,0.0,0.0,0,0,0,0,0,0,0,0
HM,CDO,18.434158,-69.667342,1, ,0.0,0.0,201.0,04.3,0,0,0,0,0,0,0,0,0

