APPTR,D03,03,LECKY
IF,LECKY,18.225000,-69.895278, ,0.0,0.0,2,4000,0,0,0,0,1,0
TF,BOBNI,18.342919,-69.839664,0, ,0.0,0.0,0.0,0.0,2,2000,0,0,0,0,1,0
TF,ANIBU,18.419214,-69.803642,0, ,0.0,0.0,0.0,0.0,2,1700,0,0,0,0,0,0

APPTR,D03,03,SIS
FD,SIS,18.507222,-69.762039,0,SIS,0.0,5.8,173.0,5.8,0,0,0,0,0,0,0,0
CF,ANIBU,18.419214,-69.803642,2,SIS,216.3,5.8,36.0,1.0,2,1700,0,0,0,0,0,0

FINAL,D03,03,D,2
IF,ANIBU,18.419214,-69.803642,SIS,216.3,5.8,2,1700,0,0,0,0,2,0
CF,MD03,18.473364,-69.778053,0,SIS,216.3,2.2,36.0,3.6,1,633,0,0,0,0,3,0
CF,SIS,18.507222,-69.762039,0,SIS,0.0,0.0,36.0,2.2,0,0,0,0,0,0,0,0
CA,0,36.0,2,1000,0,0,0,0,0,0
DF,SIS,18.507222,-69.762039,1, ,0.0,0.0,1,2000,0,0,0,0,0,0
HM,SIS,18.507222,-69.762039,2, ,0.0,0.0,173.0,04.3,0,0,0,0,0,0,0,0,0

APPTR,D21,21,GADOR
IF,GADOR,18.670461,-69.826561, ,0.0,0.0,0,0,0,0,0,0,1,0
AF,BOTOM,18.662094,-69.677861,2,SIS,39.4,10.4,351.0,2,2000,0,0,0,0,1,0
TF,AVEVO,18.587800,-69.718267,0, ,0.0,0.0,0.0,0.0,2,1700,0,0,0,0,0,0

APPTR,D21,21,SIS
FD,SIS,18.507222,-69.762039,0,SIS,0.0,5.4,86.0,5.4,0,0,0,0,0,0,0,0
CF,AVEVO,18.587800,-69.718267,1,SIS,39.4,5.4,219.0,1.0,2,1700,0,0,0,0,0,0

FINAL,D21,21,D,2
IF,AVEVO,18.587800,-69.718267,SIS,39.4,5.4,2,1700,0,0,0,0,2,0
CF,MD21,18.535006,-69.746953,0,SIS,39.4,1.9,219.0,3.6,1,610,0,0,0,0,3,0
CF,SIS,18.507222,-69.762039,0,SIS,0.0,0.0,219.0,1.9,0,0,0,0,0,0,0,0
CA,0,219.0,2,1000,0,0,0,0,0,0
DF,SIS,18.507222,-69.762039,2, ,0.0,0.0,1,2000,0,0,0,0,0,0
HM,SIS,18.507222,-69.762039,2, ,0.0,0.0,86.0,04.3,0,0,0,0,0,0,0,0,0

APPTR,S03,03,SIS
IF,SIS,18.507222,-69.762039, ,0.0,0.0,2,2500,0,0,0,0,0,0
FC,SIS,18.507222,-69.762039,0,SIS,0.0,0.0,236.0,7.0,0,0,0,0,0,0,0,1
CF,FF03,18.431319,-69.797442,1,SIS,216.0,5.0,36.0,3.0,2,1500,0,0,0,0,0,0

FINAL,S03,03,D,2
IF,FF03,18.431319,-69.797442,SIS,216.0,5.0,2,1500,0,0,0,0,2,0
CF,RW03,18.495258,-69.766036,0,SIS,209.7,0.8,36.0,4.2,1,163,0,0,0,0,3,0
CF,SIS,18.507222,-69.762039,0,SIS,0.0,0.0,36.0,0.8,0,0,0,0,0,0,0,1
CA,0,36.0,2,1000,0,0,0,0,0,0
DF,SIS,18.507222,-69.762039,1, ,0.0,0.0,2,2500,0,0,0,0,0,0
HM,SIS,18.507222,-69.762039,2, ,0.0,0.0,236.0,04.3,2,2500,0,0,0,0,0,0,0

APPTR,S21,21,SIS
IF,SIS,18.507222,-69.762039, ,0.0,0.0,2,2500,0,0,0,0,0,0
FC,SIS,18.507222,-69.762039,0,SIS,0.0,0.0,19.0,7.0,0,0,0,0,0,0,0,1
CF,FF21,18.576886,-69.724814,2,SIS,39.0,4.7,219.0,3.0,2,1500,0,0,0,0,0,0

FINAL,S21,21,D,2
IF,FF21,18.576886,-69.724814,SIS,39.0,4.7,2,1500,0,0,0,0,2,0
CF,RW21,18.512503,-69.757225,0,SIS,53.0,0.4,219.0,4.3,1,143,0,0,0,0,3,0
CF,SIS,18.507222,-69.762039,0,SIS,0.0,0.0,219.0,0.4,0,0,0,0,0,0,0,1
CA,0,219.0,2,1000,0,0,0,0,0,0
DF,SIS,18.507222,-69.762039,2, ,0.0,0.0,2,2500,0,0,0,0,0,0
HM,SIS,18.507222,-69.762039,1, ,0.0,0.0,19.0,04.3,2,2500,0,0,0,0,0,0,0

