SID,MTT3A,01,2
CA,0,14.0,2,440,0,0,0,0,0,0
FD,MTT,18.102881,-94.582289,0,MTT,0.0,7.0,14.0,7.0,0,0,0,0,0,0,0,0
DF,MTT,18.102881,-94.582289,2, ,0.0,0.0,0,0,0,0,0,0,0,0

SID,MTT3B,19,2
CA,0,194.0,2,440,0,0,0,0,0,0
FD,MTT,18.102881,-94.582289,0,MTT,0.0,7.0,194.0,7.0,0,0,0,0,0,0,0,0
DF,MTT,18.102881,-94.582289,2, ,0.0,0.0,0,0,0,0,0,0,0,0

APPTR,D01-Z,01,MTT
FD,MTT,18.102881,-94.582289,0,MTT,0.0,8.0,214.0,8.0,2,2000,0,0,0,0,1,0
CF,CD01,17.974861,-94.623183,1,MTT,194.0,8.0,14.0,1.0,2,2000,0,0,0,0,0,0

FINAL,D01-Z,01,D,3
IF,CD01,17.974861,-94.623183,MTT,194.0,8.0,2,2000,0,0,0,0,0,0
CF,FD01,18.022869,-94.607856,0,MTT,194.0,5.0,14.0,3.0,2,1500,0,0,0,0,2,0
CF,RW01,18.094314,-94.583667,0,MTT,185.8,0.5,14.0,4.5,1,84,0,0,0,0,3,0
CF,MTT,18.102881,-94.582289,0,MTT,0.0,0.0,14.0,0.5,0,0,0,0,0,0,0,1
FD,MTT,18.102881,-94.582289,0,MTT,0.0,7.0,14.0,7.0,0,0,0,0,0,0,0,0
DF,MTT,18.102881,-94.582289,2, ,0.0,0.0,2,2000,0,0,0,0,0,0

APPTR,D19-Z,19,MTT
FD,MTT,18.102881,-94.582289,0,MTT,0.0,8.0,34.0,8.0,2,2000,0,0,0,0,1,0
CF,CD19,18.230889,-94.541331,1,MTT,14.0,8.0,194.0,1.0,2,2000,0,0,0,0,0,0

FINAL,D19-Z,19,D,3
IF,CD19,18.230889,-94.541331,MTT,14.0,8.0,2,2000,0,0,0,0,0,0
CF,FD19,18.182886,-94.556697,0,MTT,14.0,5.0,194.0,3.0,2,1500,0,0,0,0,2,0
CF,RW19,18.112369,-94.577561,0,MTT,22.5,0.6,194.0,4.4,1,71,0,0,0,0,3,0
CF,MTT,18.102881,-94.582289,0,MTT,0.0,0.0,194.0,0.6,0,0,0,0,0,0,0,1
FD,MTT,18.102881,-94.582289,0,MTT,0.0,7.0,194.0,7.0,0,0,0,0,0,0,0,0
DF,MTT,18.102881,-94.582289,2, ,0.0,0.0,2,2000,0,0,0,0,0,0

APPTR,S01-Y,01,MTT
PI,MTT,18.102881,-94.582289,2,MTT,149.0,10.0,194,5.0,2,2000,0,0,0,0,1,0
CF,FF01,17.998400,-94.615669,0,MTT,194.0,6.5,14.0,3.5,2,2000,0,0,0,0,0,0

FINAL,S01-Y,01,D,2
IF,FF01,17.998400,-94.615669,MTT,194.0,6.5,2,2000,0,0,0,0,2,0
CF,RW01,18.094314,-94.583667,0,MTT,185.8,0.5,14.0,6.0,1,84,0,0,0,0,3,0
CF,MTT,18.102881,-94.582289,0,MTT,0.0,0.0,14.0,0.5,0,0,0,0,0,0,0,1
FC,MTT,18.102881,-94.582289,0,MTT,0.0,0.0,14.0,7.0,0,0,0,0,0,0,0,1
DF,MTT,18.102881,-94.582289,2, ,0.0,0.0,2,2000,0,0,0,0,0,0

APPTR,S19-Y,19,MTT
PI,MTT,18.102881,-94.582289,1,MTT,59.0,10.0,014,5.0,2,2000,0,0,0,0,1,0
CF,FF19,18.209742,-94.548100,0,MTT,14.0,6.7,194.0,3.3,2,2000,0,0,0,0,0,0

FINAL,S19-Y,19,D,2
IF,FF19,18.209742,-94.548100,MTT,14.0,6.7,2,2000,0,0,0,0,2,0
CF,RW19,18.112369,-94.577561,0,MTT,22.5,0.6,194.0,6.1,1,71,0,0,0,0,3,0
CF,MTT,18.102881,-94.582289,0,MTT,0.0,0.0,194.0,0.6,0,0,0,0,0,0,0,1
FC,MTT,18.102881,-94.582289,0,MTT,0.0,0.0,194.0,7.0,0,0,0,0,0,0,0,1
DF,MTT,18.102881,-94.582289,2, ,0.0,0.0,2,2000,0,0,0,0,0,0

