APPTR,R09,09,ARMIS
IF,ARMIS,9.248278,-82.407417, ,0.0,0.0,2,4000,0,0,0,0,1,0
TF,BT901,9.331889,-82.412167,0, ,0.0,0.0,0.0,0.0,2,2500,0,0,0,0,1,0

APPTR,R09,09,TOROG
IF,TOROG,9.415472,-82.416889, ,0.0,0.0,2,4000,0,0,0,0,1,0
TF,BT901,9.331889,-82.412167,0, ,0.0,0.0,0.0,0.0,2,2500,0,0,0,0,1,0

FINAL,R09,09,R,3
IF,BT901,9.331889,-82.412167, ,0.0,0.0,2,2500,0,0,0,0,1,0
TF,KIBIL,9.335639,-82.344833,0, ,0.0,0.0,91.0,4.0,1,1700,0,0,0,0,2,0
TF,RW09,9.340458,-82.257744,0, ,0.0,0.0,91.0,5.2,1,54,0,0,0,0,3,1
CA,0,91.0,2,700,0,0,0,0,0,0
DF,TOROG,9.415472,-82.416889,1, ,0.0,0.0,2,4000,0,0,0,0,0,1
HM,TOROG,9.415472,-82.416889,1, ,0.0,0.0,181.0,04.3,2,4000,0,1,230,0,0,0,0

APPTR,R27,27,ESIPI
IF,ESIPI,9.264944,-82.106028, ,0.0,0.0,2,4000,0,0,0,0,1,0
TF,BO271,9.348556,-82.110694,0, ,0.0,0.0,0.0,0.0,2,2500,0,1,160,0,1,0

APPTR,R27,27,SIMIX
IF,SIMIX,9.432139,-82.115333, ,0.0,0.0,2,4000,0,0,0,0,1,0
TF,BO271,9.348556,-82.110694,0, ,0.0,0.0,0.0,0.0,2,2500,0,1,160,0,1,0

FINAL,R27,27,R,3
IF,BO271,9.348556,-82.110694, ,0.0,0.0,2,2500,0,1,160,0,0,0
TF,KOMDI,9.344833,-82.178000,0, ,0.0,0.0,271.0,4.0,1,1300,0,0,0,0,2,0
TF,RW27,9.341214,-82.244111,0, ,0.0,0.0,271.0,3.9,1,51,0,0,0,0,3,1
VA,0,271.0,2,700,0,0,0,0,0,0
DF,SIMIX,9.432139,-82.115333,2, ,0.0,0.0,2,4000,0,0,0,0,0,1
HM,SIMIX,9.432139,-82.115333,2, ,0.0,0.0,181.0,04.3,2,4000,0,1,140,0,0,0,0

