APPTR,D04,04,DAV
IF,DAV,8.385894,-82.437606, ,0.0,0.0,2,3000,0,0,0,0,1,0
FD,DAV,8.385894,-82.437606,0,DAV,0.0,10.0,199.0,10.0,0,0,0,0,0,0,0,0
CF,SELKI,8.259500,-82.547889,2,DAV,225.0,10.0,45.0,1.0,2,2000,0,0,0,0,1,0

FINAL,D04,04,D,3
IF,SELKI,8.259500,-82.547889,DAV,225.0,10.0,2,2000,0,0,0,0,0,0
CF,MALEK,8.322700,-82.492756,0,DAV,225.0,5.0,45.0,5.0,2,1500,0,0,0,0,2,0
CF,MD04,8.375783,-82.446431,0,DAV,225.0,0.8,45.0,4.2,1,162,0,0,0,0,3,0
VA,0,42.0,2,600,0,0,0,0,0,0
FA,DAV,8.385894,-82.437606,0,DAV,0.0,0.0,118.0,2,3000,0,0,0,0,0,0
CF,DAV,8.385894,-82.437606,2,DAV,0.0,0.0,312.0,5.0,0,0,0,0,0,0,0,0
HM,DAV,8.385894,-82.437606,1, ,0.0,0.0,225.0,04.3,2,3000,0,1,230,0,0,0,0

APPTR,R04,04,ENLIX
IF,ENLIX,8.309806,-82.626667, ,0.0,0.0,2,3000,0,0,0,0,1,0
TF,DA441,8.247944,-82.547194,0, ,0.0,0.0,0.0,0.0,1,1900,0,0,0,0,1,0

APPTR,R04,04,ESLEK
IF,ESLEK,8.186083,-82.467722, ,0.0,0.0,2,3000,0,0,0,0,1,0
TF,DA441,8.247944,-82.547194,0, ,0.0,0.0,0.0,0.0,1,1900,0,0,0,0,1,0

FINAL,R04,04,R,3
IF,DA441,8.247944,-82.547194, ,0.0,0.0,1,1900,0,0,0,0,0,0
TF,DILUT,8.313944,-82.495444,0, ,0.0,0.0,42.0,5.0,1,1700,0,0,0,0,2,0
TF,RW04,8.379919,-82.443703,0, ,0.0,0.0,42.0,5.0,1,68,0,0,0,0,3,1
CA,0,42.0,2,490,0,0,0,0,0,0
DF,ESLEK,8.186083,-82.467722,2, ,0.0,0.0,2,3000,0,1,230,0,0,1
HM,ESLEK,8.186083,-82.467722,2, ,0.0,0.0,22.0,04.3,2,3000,0,1,230,0,0,0,0

APPTR,R22,22,ASIKA
IF,ASIKA,8.414700,-82.238100, ,0.0,0.0,2,5300,0,1,230,0,1,0
TF,MUCUS,8.508300,-82.334400,0, ,0.0,0.0,0.0,0.0,2,2800,0,1,200,0,1,0

FINAL,R22,22,R,4
IF,MUCUS,8.508300,-82.334400, ,0.0,0.0,2,2800,0,1,200,0,0,0
TF,KOTMU,8.464400,-82.377400,0, ,0.0,0.0,228.0,3.7,2,1700,0,1,170,0,2,0
TF,DA422,8.438033,-82.398119,0, ,0.0,0.0,222.0,2.0,2,1000,0,1,170,0,0,0
TF,RW22,8.398439,-82.429169,0, ,0.0,0.0,222.0,3.0,1,140,0,0,0,0,3,1
DF,ESLEK,8.186083,-82.467722,0, ,0.0,0.0,2,3000,0,1,230,0,0,1
HM,ESLEK,8.186083,-82.467722,2, ,0.0,0.0,22.0,04.3,2,3000,0,1,230,0,0,0,0

