APPTR,R10,10,ERBAK
IF,ERBAK,25.616389,-79.446197, ,0.0,0.0,0,0,0,0,0,0,1,0
TF,ETLAP,25.699978,-79.446267,0, ,0.0,0.0,0.0,0.0,2,1400,0,0,0,0,1,0

APPTR,R10,10,ORNEG
IF,ORNEG,25.783564,-79.446333, ,0.0,0.0,0,0,0,0,0,0,1,0
TF,ETLAP,25.699978,-79.446267,0, ,0.0,0.0,0.0,0.0,2,1400,0,0,0,0,1,0

FINAL,R10,10,R,3
IF,ETLAP,25.699978,-79.446267, ,0.0,0.0,2,1400,0,0,0,0,0,0
TF,JAHAN,25.700008,-79.354008,0, ,0.0,0.0,97.0,5.0,2,1400,0,0,0,0,2,0
TF,RW10,25.699992,-79.276286,0, ,0.0,0.0,97.0,4.2,1,59,0,0,0,0,3,1
TF,BEVUR,25.699783,-79.091769,0, ,0.0,0.0,0.0,0.0,2,2000,0,0,0,0,0,1
HM,BEVUR,25.699783,-79.091769,2, ,0.0,0.0,97.0,04,2,2000,0,1,230,0,0,0,0

APPTR,R28,28,RADAT
IF,RADAT,25.616189,-79.086708, ,0.0,0.0,0,0,0,0,0,0,1,0
TF,KADID,25.699775,-79.086525,0, ,0.0,0.0,0.0,0.0,2,1400,0,0,0,0,1,0

APPTR,R28,28,SATUN
IF,SATUN,25.783361,-79.086342, ,0.0,0.0,0,0,0,0,0,0,1,0
TF,KADID,25.699775,-79.086525,0, ,0.0,0.0,0.0,0.0,2,1400,0,0,0,0,1,0

FINAL,R28,28,R,3
IF,KADID,25.699775,-79.086525, ,0.0,0.0,2,1400,0,0,0,0,0,0
TF,SUXEX,25.699911,-79.178783,0, ,0.0,0.0,277.0,5.0,2,1400,0,0,0,0,2,0
TF,RW28,25.699981,-79.256539,0, ,0.0,0.0,277.0,4.2,1,58,0,0,0,0,3,1
TF,SAVET,25.699981,-79.441056,0, ,0.0,0.0,0.0,0.0,2,2000,0,0,0,0,0,1
HM,SAVET,25.699981,-79.441056,2, ,0.0,0.0,277.0,04,2,2000,0,1,230,0,0,0,0

