APPTR,R04,04,MIDEM
IF,MIDEM,-14.437083,-146.071056, ,0.0,0.0,2,1500,0,0,0,0,1,0
TF,GI403,-14.543778,-146.086361,0, ,0.0,0.0,0.0,0.0,0,0,0,0,0,0,0,0
TF,NISUD,-14.596361,-146.161222,0, ,0.0,0.0,0.0,0.0,2,1500,0,0,0,0,0,0
TF,ARIVA,-14.526750,-146.208917,2, ,0.0,0.0,0.0,0.0,2,1500,0,0,0,0,1,0

APPTR,R04,04,NISUD
IF,NISUD,-14.596361,-146.161222, ,0.0,0.0,2,1500,0,0,0,0,1,0
TF,ARIVA,-14.526750,-146.208917,0, ,0.0,0.0,0.0,0.0,2,1500,0,0,0,0,1,0

FINAL,R04,04,R,3
IF,ARIVA,-14.526750,-146.208917, ,0.0,0.0,2,1500,0,0,0,0,1,0
TF,GI401,-14.480306,-146.137472,0, ,0.0,0.0,44.0,5.0,1,1500,0,0,0,0,2,0
TF,RW04,-14.438589,-146.073367,0, ,0.0,0.0,44.0,4.5,1,62,0,0,0,0,3,1
CA,0,44.0,2,800,0,0,0,0,0,0
DF,GI403,-14.543778,-146.086361,2, ,0.0,0.0,0,0,0,0,0,0,0,0
TF,NISUD,-14.596361,-146.161222,0, ,0.0,0.0,0.0,0.0,2,1500,0,0,0,0,0,0

APPTR,R22,22,MIDEM
IF,MIDEM,-14.437083,-146.071056, ,0.0,0.0,2,1500,0,0,0,0,1,0
TF,GI404,-14.320306,-146.040750,0, ,0.0,0.0,0.0,0.0,0,0,0,0,0,0,0,0
TF,NONAS,-14.274028,-145.975306,0, ,0.0,0.0,0.0,0.0,2,1500,0,0,0,0,0,0
TF,MINIT,-14.343583,-145.927583,2, ,0.0,0.0,0.0,0.0,2,1500,0,0,0,0,1,0

APPTR,R22,22,NONAS
IF,NONAS,-14.274028,-145.975306, ,0.0,0.0,2,1500,0,0,0,0,1,0
TF,MINIT,-14.343583,-145.927583,0, ,0.0,0.0,0.0,0.0,2,1500,0,0,0,0,1,0

FINAL,R22,22,R,3
IF,MINIT,-14.343583,-145.927583, ,0.0,0.0,2,1500,0,0,0,0,1,0
TF,GI402,-14.390111,-145.998944,0, ,0.0,0.0,224.0,5.0,1,1500,0,0,0,0,2,0
TF,RW22,-14.432067,-146.063350,0, ,0.0,0.0,224.0,4.5,1,56,0,0,0,0,3,1
CA,0,224.0,2,800,0,0,0,0,0,0
DF,GI404,-14.320306,-146.040750,2, ,0.0,0.0,0,0,0,0,0,0,0,0
TF,NONAS,-14.274028,-145.975306,0, ,0.0,0.0,0.0,0.0,2,1500,0,0,0,0,0,0

