SID,BAMB1E,07,5
CA,0,67.0,2,500,0,0,0,0,0,0
DF,RUPAL,-16.568000,-151.385583,1, ,0.0,0.0,0,0,0,0,0,0,0,0
TF,BAMBI,-16.443583,-151.752444,0, ,0.0,0.0,0.0,0.0,2,4000,0,0,0,0,0,0

SID,BATO1F,25,5
CA,0,247.0,2,500,0,0,0,0,0,0
DF,UDOLO,-16.503667,-151.174861,0, ,0.0,0.0,0,0,0,0,0,0,0,0
TF,BATOP,-16.482806,-151.509278,0, ,0.0,0.0,0.0,0.0,2,2000,0,0,0,0,0,0

SID,BB3E,07,2
CA,0,67.0,2,400,0,0,0,0,0,0
VI,1, ,0.0,246.0,0,0,0,0,0,0,0,0
CF,BB,-16.444306,-151.754639,0,HHN,275.5,45.2,276.0,41.0,0,0,0,0,0,0,0,0

SID,BB3F,25,2
CA,0,247.0,2,520,0,0,0,0,0,0
VI,0, ,0.0,306.0,0,0,0,0,0,0,0,0
CF,BB,-16.444306,-151.754639,0,HHN,275.5,45.2,276.0,42.0,0,0,0,0,0,0,0,0

SID,IDUT1E,07,5
CA,0,67.0,2,500,0,0,0,0,0,0
DF,TH501,-16.671278,-150.932667,0, ,0.0,0.0,0,0,0,0,0,0,0,0
TF,IDUTA,-17.618139,-150.470694,0, ,0.0,0.0,0.0,0.0,0,0,0,0,0,0,0,0

SID,IDUT1F,25,5
CA,0,247.0,2,500,0,0,0,0,0,0
DF,TH502,-16.702833,-151.110694,0, ,0.0,0.0,0,0,0,0,0,0,0,0
TF,TH504,-16.839167,-151.138222,0, ,0.0,0.0,0.0,0.0,0,0,0,0,0,0,0,0
TF,IDUTA,-17.618139,-150.470694,0, ,0.0,0.0,0.0,0.0,0,0,0,0,0,0,0,0

SID,ORAM3E,07,2
CA,0,67.0,2,520,0,0,0,0,0,0
CD, ,0,0,0,HHN,0,0.0,67.0,4.0,0,0,0,0,0,0,0,0
VI,2, ,0.0,157.0,0,0,0,0,0,0,0,0
CF,ORAMA,-16.858833,-150.769500,0,HHN,113.8,17.3,114.0,10.0,0,0,0,0,0,0,0,0
TF,IDUTA,-17.618139,-150.470694,0, ,0.0,0.0,0.0,0.0,0,0,0,0,0,0,0,0

SID,ORAM3F,25,2
CA,0,247.0,2,520,0,0,0,0,0,0
CD, ,0,0,0,HHN,0,0.0,253.0,5.0,0,0,0,0,0,0,0,0
CF,HHN,-16.685472,-151.010528,2,HHN,0.0,0.0,96.0,8.0,0,0,0,0,0,0,0,0
TF,ORAMA,-16.858833,-150.769500,0, ,0.0,0.0,0.0,0.0,0,0,0,0,0,0,0,0
TF,IDUTA,-17.618139,-150.470694,0, ,0.0,0.0,0.0,0.0,0,0,0,0,0,0,0,0

SID,REVR1F,25,5
CA,0,247.0,2,500,0,0,0,0,0,0
DF,TH502,-16.702833,-151.110694,0, ,0.0,0.0,0,0,0,0,0,0,0,0
TF,REVRI,-16.700500,-151.250556,0, ,0.0,0.0,0.0,0.0,2,2000,0,1,180,0,0,0

SID,RULO1E,07,5
CA,0,67.0,2,500,0,0,0,0,0,0
DF,TH503,-16.665333,-151.140361,1, ,0.0,0.0,0,0,0,0,0,0,0,0
TF,RULOM,-16.723056,-151.466944,0, ,0.0,0.0,0.0,0.0,2,5000,0,0,0,0,0,0

SID,TEAN3E,07,2
CA,0,67.0,2,520,0,0,0,0,0,0
FD,HHN,-16.685472,-151.010528,0,HHN,0.0,4.0,67.0,4.0,0,0,0,0,0,0,0,0
VI,2, ,0.0,157.0,0,0,0,0,0,0,0,0
CF,ORAMA,-16.858833,-150.769500,0,HHN,113.8,17.3,114.0,10.0,0,0,0,0,0,0,0,0
TF,TEANO,-17.298889,-150.154167,0, ,0.0,0.0,0.0,0.0,0,0,0,0,0,0,0,0

SID,TEAN3F,25,2
CA,0,247.0,2,520,0,0,0,0,0,0
FD,HHN,-16.685472,-151.010528,0,HHN,0.0,5.0,253.0,5.0,0,0,0,0,0,0,0,0
CF,HHN,-16.685472,-151.010528,2,HHN,0.0,0.0,96.0,5.0,0,0,0,0,0,0,0,0
TF,ORAMA,-16.858833,-150.769500,0, ,0.0,0.0,0.0,0.0,0,0,0,0,0,0,0,0
TF,TEANO,-17.298889,-150.154167,0, ,0.0,0.0,0.0,0.0,0,0,0,0,0,0,0,0

STAR,BB1H,ALL,2
IF,BB,-16.444306,-151.754639, ,0.0,0.0,0,0,0,0,0,0,0,0
TF,HHN,-16.685472,-151.010528,0, ,0.0,0.0,0.0,0.0,0,0,0,0,0,0,0,0

STAR,VAIT1H,ALL,2
IF,VAITE,-17.085250,-149.976444, ,0.0,0.0,0,0,0,0,0,0,0,0
TF,HHN,-16.685472,-151.010528,0, ,0.0,0.0,0.0,0.0,0,0,0,0,0,0,0,0

APPTR,D07,07,HHN
IF,HHN,-16.685472,-151.010528, ,0.0,0.0,2,4000,0,0,0,0,1,0
FD,HHN,-16.685472,-151.010528,0,HHN,0.0,9.5,234.0,9.5,2,2100,0,0,0,0,0,0
CF,FD07,-16.707228,-151.138789,2,HHN,247.0,7.5,67.0,2.0,2,2100,0,0,0,0,0,0

FINAL,D07,07,D,2
IF,FD07,-16.707228,-151.138789,HHN,247.0,7.5,2,2100,0,0,0,0,2,0
CF,MD07,-16.689817,-151.036164,0,HHN,247.0,1.5,67.0,6.0,1,205,0,0,0,0,3,0
CF,HHN,-16.685472,-151.010528,0,HHN,0.0,0.0,67.0,1.5,0,0,0,0,0,0,0,0
FA,HHN,-16.685472,-151.010528,0,HHN,0.0,0.0,23.0,2,4000,0,0,0,0,0,0
DF,HHN,-16.685472,-151.010528,2, ,0.0,0.0,0,0,0,0,0,0,0,0

APPTR,D25,25,HHN
IF,HHN,-16.685472,-151.010528, ,0.0,0.0,2,4000,0,0,0,0,0,0
CF,D081D,-16.690478,-150.936044,0,HHN,81.0,4.3,81.0,4.3,2,3000,0,0,0,0,0,0
FD,D081D,-16.690478,-150.936044,0,HHN,81.0,8.5,81.0,8.5,2,2000,0,0,0,0,0,0
CF,FD25,-16.666928,-150.911678,1,HHN,66.0,5.8,246.0,3.0,2,2000,0,0,0,0,0,0

FINAL,D25,25,D,2
IF,FD25,-16.666928,-150.911678,HHN,66.0,5.8,2,2000,0,0,0,0,2,0
CF,MD25,-16.681958,-150.991778,0,HHN,66.0,1.1,246.0,4.7,1,485,0,0,0,0,3,0
CF,HHN,-16.685472,-151.010528,0,HHN,0.0,0.0,246.0,1.1,0,0,0,0,0,0,0,0
FD,HHN,-16.685472,-151.010528,0,HHN,0.0,11.3,288.0,11.3,2,2300,0,0,0,0,0,0
DF,HHN,-16.685472,-151.010528,1, ,0.0,0.0,2,4000,0,0,0,0,0,0

APPTR,R07,07,UBKIM
IF,UBKIM,-16.688306,-151.028611, ,0.0,0.0,2,4000,0,0,0,0,1,0
TF,UKALA,-16.604722,-151.134444,0, ,0.0,0.0,0.0,0.0,2,4000,0,0,0,0,0,0
TF,UDINI,-16.622944,-151.236444,0, ,0.0,0.0,0.0,0.0,2,2000,0,0,0,0,0,0
TF,UXINO,-16.721694,-151.217722,0, ,0.0,0.0,0.0,0.0,2,2000,0,0,0,0,1,0

APPTR,R07,07,UDINI
IF,UDINI,-16.622944,-151.236444, ,0.0,0.0,2,2000,0,0,0,0,1,0
TF,UXINO,-16.721694,-151.217722,0, ,0.0,0.0,0.0,0.0,2,2000,0,0,0,0,1,0

FINAL,R07,07,R,3
IF,UXINO,-16.721694,-151.217722, ,0.0,0.0,2,2000,0,0,0,0,1,0
TF,FTH07,-16.706639,-151.132306,0, ,0.0,0.0,67.0,5.0,1,2000,0,0,0,0,2,0
TF,MTH07,-16.691236,-151.045194,0, ,0.0,0.0,67.0,5.1,1,373,0,0,0,0,3,1
DF,TH438,-16.593194,-151.068111,1, ,0.0,0.0,0,0,0,0,0,0,0,0
TF,UDINI,-16.622944,-151.236444,0, ,0.0,0.0,0.0,0.0,2,2000,0,0,0,0,0,0

APPTR,R25,25,UBKIM
IF,UBKIM,-16.688306,-151.028611, ,0.0,0.0,2,4000,0,0,0,0,1,0
TF,UGANI,-16.568500,-150.929583,0, ,0.0,0.0,0.0,0.0,2,4000,0,0,0,0,0,0
TF,UDUMA,-16.550472,-150.827611,0, ,0.0,0.0,0.0,0.0,2,2000,0,0,0,0,0,0
TF,NIVAL,-16.649222,-150.808694,0, ,0.0,0.0,0.0,0.0,2,2000,0,0,0,0,1,0

APPTR,R25,25,UDUMA
IF,UDUMA,-16.550472,-150.827611, ,0.0,0.0,2,2000,0,0,0,0,1,0
TF,NIVAL,-16.649222,-150.808694,0, ,0.0,0.0,0.0,0.0,2,2000,0,0,0,0,1,0

FINAL,R25,25,R,3
IF,NIVAL,-16.649222,-150.808694, ,0.0,0.0,2,2000,0,0,0,0,1,0
TF,FTH25,-16.667444,-150.911139,0, ,0.0,0.0,247.0,6.0,1,2000,0,0,0,0,2,0
TF,RW25,-16.685842,-151.014733,0, ,0.0,0.0,247.0,6.1,1,53,0,0,0,0,3,1
CA,0,247.0,2,1100,0,0,0,0,0,0
DF,TH440,-16.586444,-151.030028,2, ,0.0,0.0,0,0,0,0,0,0,0,0
TF,UDUMA,-16.550472,-150.827611,0, ,0.0,0.0,0.0,0.0,2,2000,0,0,0,0,0,0

