SID,KARN4N,30,5
CA,0,302.0,2,500,0,0,0,0,0,0
DF,TM501,-17.451500,-149.714083,2, ,0.0,0.0,0,0,0,0,0,0,0,0
TF,ATANU,-17.528056,-149.695278,0, ,0.0,0.0,0.0,0.0,0,0,0,0,0,0,0,1
DF,TM502,-17.715639,-149.911750,0, ,0.0,0.0,0,0,0,0,0,0,0,0
TF,KARNO,-17.752972,-149.876722,1, ,0.0,0.0,0.0,0.0,2,3000,0,0,0,0,0,0

SID,KARN4S,12,5
CA,0,122.0,2,500,0,0,0,0,0,0
DF,ATANU,-17.528056,-149.695278,0, ,0.0,0.0,0,0,0,0,0,0,0,1
DF,TM502,-17.715639,-149.911750,2, ,0.0,0.0,0,0,0,0,0,0,0,0
TF,KARNO,-17.752972,-149.876722,1, ,0.0,0.0,0.0,0.0,2,3000,0,0,0,0,0,0

SID,SALU4N,30,5
CA,0,302.0,2,500,0,0,0,0,0,0
DF,TM501,-17.451500,-149.714083,2, ,0.0,0.0,0,0,0,0,0,0,0,0
TF,BOBIX,-17.507222,-149.668056,0, ,0.0,0.0,0.0,0.0,0,0,0,0,0,0,0,1
DF,TORAL,-17.471944,-149.598889,1, ,0.0,0.0,0,0,0,0,0,0,0,0
TF,SALUT,-17.346250,-149.452333,0, ,0.0,0.0,0.0,0.0,2,3000,0,0,0,0,0,0

SID,SALU4S,12,5
CA,0,122.0,2,500,0,0,0,0,0,0
DF,BOBIX,-17.507222,-149.668056,0, ,0.0,0.0,0,0,0,0,0,0,0,1
DF,TORAL,-17.471944,-149.598889,0, ,0.0,0.0,0,0,0,0,0,0,0,0
TF,SALUT,-17.346250,-149.452333,0, ,0.0,0.0,0.0,0.0,2,3000,0,0,0,0,0,0

SID,VAIT3N,30,2
CA,0,302.0,2,500,0,1,145,0,0,0
VI,0, ,0.0,359.0,0,0,0,0,0,0,0,0
CF,VAITE,-17.085250,-149.976444,0,TAF,309.0,35.0,309.0,21.0,0,0,0,0,0,0,0,0

SID,VAIT3S,12,2
CA,0,122.0,2,500,0,1,145,0,0,0
VI,1, ,0.0,344.0,0,0,0,0,0,0,0,0
CF,VAITE,-17.085250,-149.976444,0,TAF,309.0,35.0,309.0,28.0,0,0,0,0,0,0,0,0

APPTR,R12,12,MOSMA
IF,MOSMA,-17.326889,-149.843778, ,0.0,0.0,2,2100,0,1,170,0,1,0
TF,MORNI,-17.368056,-149.887167,0, ,0.0,0.0,0.0,0.0,2,2100,0,0,0,0,1,0

FINAL,R12,12,R,3
IF,MORNI,-17.368056,-149.887167, ,0.0,0.0,2,2100,0,0,0,0,1,0
TF,FTM12,-17.409694,-149.844278,0, ,0.0,0.0,122.0,3.5,1,2100,0,0,0,0,2,0
TF,MTM12,-17.446567,-149.806286,0, ,0.0,0.0,122.0,3.1,1,1104,0,0,0,0,3,1
DF,TM410,-17.364167,-149.796889,1, ,0.0,0.0,0,0,0,0,0,0,0,0
TF,MOSMA,-17.326889,-149.843778,0, ,0.0,0.0,0.0,0.0,2,2100,0,1,170,0,0,0

