APPTR,N10-A,10,BL
FC,BL,-19.722139,163.663361,0,SU,0.0,0.0,292.0,7.5,0,0,0,0,0,0,1,1
CF,FF097,-19.683319,163.537372,1,SU,45.4,709.6,97.0,1.0,2,2000,0,0,0,0,0,0

FINAL,N10-A,10,N,2
IF,FF097,-19.683319,163.537372,BL,0.0,0.0,2,2000,0,0,0,0,2,0
CF,BL,-19.722139,163.663361,0,BL,0.0,0.0,97.0,7.5,1,1290,0,0,0,0,3,0
FM,BL,-19.722139,163.663361,0,BL,0.0,0.0,97.0,2,2100,0,0,0,0,0,0

APPTR,N28-A,28,BL
FC,BL,-19.722139,163.663361,0,SU,0.0,0.0,292.0,7.5,0,0,0,0,0,0,1,1
CF,FF097,-19.683319,163.537372,1,SU,45.4,709.6,97.0,1.0,2,2000,0,0,0,0,0,0

FINAL,N28-A,28,N,2
IF,FF097,-19.683319,163.537372,BL,0.0,0.0,2,2000,0,0,0,0,2,0
CF,BL,-19.722139,163.663361,0,BL,0.0,0.0,97.0,7.5,1,1290,0,0,0,0,3,0
FM,BL,-19.722139,163.663361,0,BL,0.0,0.0,97.0,2,2100,0,0,0,0,0,0

