SID,KARO1P,15,5
CA,0,146.0,2,1000,0,0,0,0,0,0
DF,KAROA,-35.159631,173.616031,2, ,0.0,0.0,0,0,0,0,0,0,0,0

SID,KARO1R,33,5
CA,0,326.0,2,1200,0,0,0,0,0,0
DF,KAROA,-35.159631,173.616031,0, ,0.0,0.0,0,0,0,0,0,0,0,0

SID,OBKO1P,15,5
CA,0,147.0,2,900,0,0,0,0,0,0
CF,SAKIM,-35.585467,174.012669,0,WP,317.2,78.0,147.0,20.0,0,0,0,0,0,0,0,0
TF,OBKOP,-35.747142,174.063767,0, ,0.0,0.0,0.0,0.0,0,0,0,0,0,0,0,0

SID,OBKO1R,33,5
CA,0,326.0,2,1200,0,0,0,0,0,0
DF,KK726,-35.327622,173.828539,1, ,0.0,0.0,0,0,0,1,200,0,0,0
TF,KK877,-35.513947,173.881753,0, ,0.0,0.0,0.0,0.0,0,0,0,0,0,0,0,0
TF,SAKIM,-35.585467,174.012669,0, ,0.0,0.0,0.0,0.0,0,0,0,0,0,0,0,0
TF,OBKOP,-35.747142,174.063767,0, ,0.0,0.0,0.0,0.0,0,0,0,0,0,0,0,0

SID,OBKO2Q,33,5
CA,0,326.0,2,2000,0,0,0,0,0,0
DF,KK738,-35.286961,174.026492,2, ,0.0,0.0,0,0,0,1,200,0,0,0
TF,NUKBI,-35.358864,174.049297,0, ,0.0,0.0,0.0,0.0,0,0,0,0,0,0,0,0
TF,VEDNA,-35.476453,173.979106,0, ,0.0,0.0,0.0,0.0,0,0,0,0,0,0,0,0
TF,SAKIM,-35.585467,174.012669,0, ,0.0,0.0,0.0,0.0,0,0,0,0,0,0,0,0
TF,OBKOP,-35.747142,174.063767,0, ,0.0,0.0,0.0,0.0,0,0,0,0,0,0,0,0

SID,OVMI1P,15,5
CA,0,146.0,2,1000,0,0,0,0,0,0
DF,ELGAV,-35.570431,174.067594,0, ,0.0,0.0,0,0,0,0,0,0,0,0
TF,OVMIL,-35.724544,174.146297,0, ,0.0,0.0,0.0,0.0,0,0,0,0,0,0,0,0

SID,OVMI1Q,33,5
CA,0,326.0,2,2000,0,0,0,0,0,0
DF,KK738,-35.286961,174.026492,2, ,0.0,0.0,0,0,0,1,200,0,0,0
TF,NUKBI,-35.358864,174.049297,0, ,0.0,0.0,0.0,0.0,0,0,0,0,0,0,0,0
TF,ELGAV,-35.570431,174.067594,0, ,0.0,0.0,0.0,0.0,0,0,0,0,0,0,0,0
TF,OVMIL,-35.724544,174.146297,0, ,0.0,0.0,0.0,0.0,0,0,0,0,0,0,0,0

SID,UPGA1P,15,5
CA,0,146.0,2,1000,0,0,0,0,0,0
DF,KK412,-35.333011,174.042322,0, ,0.0,0.0,0,0,0,1,200,0,0,0
TF,URGAR,-35.550892,174.116828,0, ,0.0,0.0,0.0,0.0,0,0,0,0,0,0,0,0
TF,UPGAM,-35.694992,174.220114,0, ,0.0,0.0,0.0,0.0,0,0,0,0,0,0,0,0

SID,UPGA2Q,33,5
CA,0,326.0,2,2000,0,0,0,0,0,0
DF,KK738,-35.286961,174.026492,2, ,0.0,0.0,0,0,0,1,200,0,0,0
TF,NUKBI,-35.358864,174.049297,0, ,0.0,0.0,0.0,0.0,0,0,0,0,0,0,0,0
TF,URGAR,-35.550892,174.116828,0, ,0.0,0.0,0.0,0.0,0,0,0,0,0,0,0,0
TF,UPGAM,-35.694992,174.220114,0, ,0.0,0.0,0.0,0.0,0,0,0,0,0,0,0,0

STAR,DUKE1B,33,5
IF,DUKEG,-35.123003,173.870153, ,0.0,0.0,0,0,0,0,0,0,0,0
TF,KK388,-35.243308,173.991583,0, ,0.0,0.0,0.0,0.0,0,0,0,0,0,0,0,0
TF,SAMKU,-35.375564,174.033233,0, ,0.0,0.0,0.0,0.0,0,0,0,1,210,0,0,0

STAR,SAKI1B,33,5
IF,SAKIM,-35.585467,174.012669, ,0.0,0.0,0,0,0,0,0,0,0,0
TF,VEDNA,-35.476453,173.979106,0, ,0.0,0.0,0.0,0.0,0,0,0,0,0,0,0,0
TF,ESMAV,-35.392197,173.954247,0, ,0.0,0.0,0.0,0.0,0,0,0,0,0,0,0,0

STAR,SAKI2A,15,5
IF,SAKIM,-35.585467,174.012669, ,0.0,0.0,0,0,0,0,0,0,0,0
TF,OMBAL,-35.262028,173.911111,0, ,0.0,0.0,0.0,0.0,0,0,0,0,0,0,0,0
TF,KK611,-35.166264,173.967647,0, ,0.0,0.0,0.0,0.0,0,0,0,0,0,0,0,0
TF,KALVA,-35.106428,173.948900,0, ,0.0,0.0,0.0,0.0,0,0,0,1,210,0,0,0

STAR,URGA1A,15,5
IF,URGAR,-35.550892,174.116828, ,0.0,0.0,0,0,0,0,0,0,0,0
TF,KK527,-35.243597,174.012819,0, ,0.0,0.0,0.0,0.0,0,0,0,0,0,0,0,0
TF,KALVA,-35.106428,173.948900,0, ,0.0,0.0,0.0,0.0,0,0,0,1,210,0,0,0

STAR,URGA1B,33,5
IF,URGAR,-35.550892,174.116828, ,0.0,0.0,0,0,0,0,0,0,0,0
TF,VEDNA,-35.476453,173.979106,0, ,0.0,0.0,0.0,0.0,0,0,0,0,0,0,0,0
TF,ESMAV,-35.392197,173.954247,0, ,0.0,0.0,0.0,0.0,0,0,0,0,0,0,0,0

APPTR,R15,15,DUKEG
HF,DUKEG,-35.123003,173.870153,2, ,0.0,0.0,147.0,04.3,2,2600,0,0,0,0,1,0,0

APPTR,R15,15,KALVA
IF,KALVA,-35.106428,173.948900, ,0.0,0.0,0,0,0,1,210,0,1,0
TF,DUKEG,-35.123003,173.870153,0, ,0.0,0.0,0.0,0.0,2,2200,0,0,0,0,1,0

APPTR,R15,15,MAVNU
IF,MAVNU,-35.139525,173.791375, ,0.0,0.0,0,0,0,1,210,0,1,0
TF,DUKEG,-35.123003,173.870153,0, ,0.0,0.0,0.0,0.0,2,2200,0,0,0,0,1,0

FINAL,R15,15,R,3
IF,DUKEG,-35.123003,173.870153, ,0.0,0.0,2,2200,0,0,0,0,0,0
TF,OLPIM,-35.187711,173.890314,0, ,0.0,0.0,147.0,4.0,2,1800,0,0,0,0,2,0
TF,RW15,-35.252417,173.910506,0, ,0.0,0.0,146.0,4.0,1,528,0,0,0,0,3,1
CA,0,146.0,2,1500,0,0,0,0,0,0
DF,KALVA,-35.106428,173.948900,1, ,0.0,0.0,2,2400,0,0,0,0,0,0
HM,KALVA,-35.106428,173.948900,2, ,0.0,0.0,236.0,04.3,2,2400,0,0,0,0,0,0,0

APPTR,R33,33,ESMAV
HF,ESMAV,-35.392197,173.954247,1, ,0.0,0.0,326.0,04.3,2,3300,0,0,0,0,1,0,0

APPTR,R33,33,POLAB
IF,POLAB,-35.408781,173.875225, ,0.0,0.0,0,0,0,1,210,0,1,0
TF,ESMAV,-35.392197,173.954247,0, ,0.0,0.0,0.0,0.0,2,2200,0,0,0,0,1,0

APPTR,R33,33,SAMKU
IF,SAMKU,-35.375564,174.033233, ,0.0,0.0,0,0,0,1,210,0,1,0
TF,ESMAV,-35.392197,173.954247,0, ,0.0,0.0,0.0,0.0,2,2200,0,0,0,0,1,0

FINAL,R33,33,R,3
IF,ESMAV,-35.392197,173.954247, ,0.0,0.0,2,2200,0,0,0,0,0,0
TF,IVRIP,-35.327517,173.933919,0, ,0.0,0.0,326.0,4.0,2,1820,0,0,0,0,2,0
TF,RW33,-35.262803,173.913750,0, ,0.0,0.0,326.0,4.0,1,542,0,0,0,0,3,1
TF,DUKEG,-35.123003,173.870153,0, ,0.0,0.0,0.0,0.0,2,2600,0,0,0,0,0,0
HM,DUKEG,-35.123003,173.870153,2, ,0.0,0.0,147.0,04.3,2,2600,0,0,0,0,0,0,0

