SID,OLRES1,ALL,5
IF,RR401,-37.838528,178.351281, ,0.0,0.0,2,1100,0,0,0,0,0,0
TF,OLRES,-37.785689,178.458033,0, ,0.0,0.0,0.0,0.0,0,0,0,0,0,0,0,1

SID,OLRES1,BODEM,6
IF,OLRES,-37.785689,178.458033, ,0.0,0.0,0,0,0,0,0,0,0,0
DF,BODEM,-37.562692,178.620069,0, ,0.0,0.0,0,0,0,0,0,0,0,0

SID,OLRES1,IDPIN,6
IF,OLRES,-37.785689,178.458033, ,0.0,0.0,0,0,0,0,0,0,0,0
DF,IDPIN,-37.949303,178.590581,0, ,0.0,0.0,0,0,0,0,0,0,0,0

APPTR,R09-A,09,APENU
IF,APENU,-37.788692,178.645569, ,0.0,0.0,0,0,0,0,0,0,1,0
TF,AKSOB,-37.728586,178.609533,0, ,0.0,0.0,0.0,0.0,2,2300,0,0,0,0,1,0

APPTR,R09-A,09,BODEM
IF,BODEM,-37.562692,178.620069, ,0.0,0.0,0,0,0,0,0,0,1,0
TF,AKSOB,-37.728586,178.609533,0, ,0.0,0.0,0.0,0.0,2,2300,0,0,0,0,1,0

FINAL,R09-A,09,R,3
IF,AKSOB,-37.728586,178.609533, ,0.0,0.0,2,2300,0,0,0,0,1,0
TF,AGRAK,-37.757158,178.533814,0, ,0.0,0.0,223.0,4.0,2,2300,0,0,0,0,2,0
TF,OLRES,-37.785689,178.458033,0, ,0.0,0.0,223.0,4.0,1,1020,0,0,0,0,3,1
DF,APENU,-37.788692,178.645569,1, ,0.0,0.0,2,2300,0,0,0,0,0,0
HM,APENU,-37.788692,178.645569,2, ,0.0,0.0,313.0,04.3,2,2300,0,0,0,0,0,0,0

APPTR,R27-A,27,APENU
IF,APENU,-37.788692,178.645569, ,0.0,0.0,0,0,0,0,0,0,1,0
TF,AKSOB,-37.728586,178.609533,0, ,0.0,0.0,0.0,0.0,2,2300,0,0,0,0,1,0

APPTR,R27-A,27,BODEM
IF,BODEM,-37.562692,178.620069, ,0.0,0.0,0,0,0,0,0,0,1,0
TF,AKSOB,-37.728586,178.609533,0, ,0.0,0.0,0.0,0.0,2,2300,0,0,0,0,1,0

FINAL,R27-A,27,R,3
IF,AKSOB,-37.728586,178.609533, ,0.0,0.0,2,2300,0,0,0,0,1,0
TF,AGRAK,-37.757158,178.533814,0, ,0.0,0.0,223.0,4.0,2,2300,0,0,0,0,2,0
TF,OLRES,-37.785689,178.458033,0, ,0.0,0.0,223.0,4.0,1,1020,0,0,0,0,3,1
DF,APENU,-37.788692,178.645569,1, ,0.0,0.0,2,2300,0,0,0,0,0,0
HM,APENU,-37.788692,178.645569,2, ,0.0,0.0,313.0,04.3,2,2300,0,0,0,0,0,0,0

