APPTR,D34-Z,34,KA345
IF,KA345,24.352444,47.022083, ,0.0,0.0,2,5000,0,0,0,0,1,0
CF,KA331,24.478167,46.973556,0,RAZ,157.8,8.0,337.0,8.0,1,3500,0,0,0,0,1,0

APPTR,D34-Z,34,RAZ
FD,RAZ,24.604194,46.925556,0,RAZ,0.0,8.0,149.0,8.0,1,3500,0,0,0,0,1,0
CF,KA331,24.478167,46.973556,2,RAZ,157.8,8.0,337.0,1.0,1,3500,0,0,0,0,1,0

FINAL,D34-Z,34,D,3
IF,KA331,24.478167,46.973556,RAZ,157.8,8.0,1,3500,0,0,0,0,0,0
CF,KA330,24.531861,46.952833,0,RAZ,158.0,4.6,337.0,3.4,1,3500,0,0,0,0,2,0
CF,RAZ,24.604194,46.925556,0,RAZ,0.0,0.0,337.0,4.6,1,2048,0,0,0,0,3,0
FD,RAZ,24.604194,46.925556,0,RAZ,0.0,4.8,337.0,4.8,1,3500,0,0,0,0,0,0
DF,RAZ,24.604194,46.925556,1, ,0.0,0.0,1,3500,0,0,0,0,0,0
HM,RAZ,24.604194,46.925556,1, ,0.0,0.0,117.0,04.3,2,3500,0,1,90,0,0,0,0

APPTR,I34-Z,34,KA345
IF,KA345,24.352444,47.022083, ,0.0,0.0,2,5000,0,0,0,0,1,0
CF,KA331,24.478167,46.973556,0,IMNG,157.5,9.8,337.0,8.0,1,3500,0,0,0,0,1,0

APPTR,I34-Z,34,RAZ
FD,RAZ,24.604194,46.925556,0,RAZ,0.0,8.0,149.0,8.0,1,3500,0,0,0,0,1,0
CF,KA331,24.478167,46.973556,2,IMNG,157.5,9.8,337.0,1.0,1,3500,0,0,0,0,1,0

FINAL,I34-Z,34,I,3
IF,KA331,24.478167,46.973556,IMNG,157.5,9.8,1,3500,0,0,0,0,0,0
CF,KA330,24.531861,46.952833,0,IMNG,157.5,6.4,337.0,3.4,1,3500,0,0,0,0,2,0
CF,RW34,24.611833,46.921964,0,IMNG,157.5,1.3,337.0,5.1,1,1884,0,0,0,0,3,0
CA,0,337.0,2,3500,0,0,0,0,0,0
DF,RAZ,24.604194,46.925556,1, ,0.0,0.0,1,3500,0,1,90,0,0,0
HM,RAZ,24.604194,46.925556,1, ,0.0,0.0,117.0,04.3,2,3500,0,0,0,0,0,0,0

APPTR,P34,34,KA345
IF,KA345,24.352444,47.022083, ,0.0,0.0,2,5000,0,0,0,0,1,0
TF,KA337,24.453000,46.983250,0, ,0.0,0.0,0.0,0.0,1,3500,0,0,0,0,0,0
TF,KA336,24.500306,46.965000,0, ,0.0,0.0,0.0,0.0,1,3500,0,0,0,0,1,0

APPTR,P34,34,RAZ
IF,RAZ,24.604194,46.925556, ,0.0,0.0,1,3500,0,0,0,0,1,0
TF,KA338,24.480778,47.069389,0, ,0.0,0.0,0.0,0.0,1,3500,0,0,0,0,0,0
TF,KA337,24.453000,46.983250,2, ,0.0,0.0,0.0,0.0,1,3500,0,0,0,0,0,0
TF,KA336,24.500306,46.965000,0, ,0.0,0.0,0.0,0.0,1,3500,0,0,0,0,1,0

FINAL,P34,34,G,3
IF,KA336,24.500306,46.965000, ,0.0,0.0,1,3500,0,0,0,0,0,0
TF,KA335,24.549500,46.946083,0, ,0.0,0.0,0.0,3.1,1,3500,0,0,0,0,2,0
TF,RW34,24.601778,46.925861,0, ,0.0,0.0,0.0,3.3,1,2280,0,0,0,0,3,1
VA,0,337.0,2,3500,0,0,0,0,0,0
DF,RAZ,24.604194,46.925556,1, ,0.0,0.0,1,3500,0,0,0,0,0,0
HM,RAZ,24.604194,46.925556,1, ,0.0,0.0,117.0,04.3,1,3500,0,1,90,0,0,0,0

APPTR,S34-Y,34,RAZ
FC,RAZ,24.604194,46.925556,0,RAZ,0.0,0.0,149.0,6.7,1,3500,0,0,0,0,1,1
CF,FF34,24.534903,46.953122,2,RAZ,157.0,4.4,337.0,3.0,1,3500,0,0,0,0,0,0

FINAL,S34-Y,34,D,2
IF,FF34,24.534903,46.953122,RAZ,157.0,4.4,1,3500,0,0,0,0,2,0
CF,RAZ,24.604194,46.925556,0,RAZ,0.0,0.0,337.0,4.4,1,2048,0,0,0,0,3,0
CA,0,337.0,2,3500,0,0,0,0,0,0
DF,RAZ,24.604194,46.925556,1, ,0.0,0.0,1,3500,0,0,0,0,0,0
HM,RAZ,24.604194,46.925556,1, ,0.0,0.0,117.0,04.3,2,3500,0,1,90,0,0,0,0

