APPTR,R15,15,MAIDA
IF,MAIDA,27.993444,35.498556, ,0.0,0.0,1,10000,0,0,0,0,1,0
TF,NN450,28.149972,35.299778,0, ,0.0,0.0,0.0,0.0,2,4000,0,0,0,0,0,0
TF,NN405,28.107583,35.197278,0, ,0.0,0.0,0.0,0.0,2,2000,0,0,0,0,1,0

APPTR,R15,15,MITIT
IF,MITIT,27.836000,35.215528, ,0.0,0.0,2,5000,0,0,0,0,1,0
TF,NAMTU,28.065083,35.094889,0, ,0.0,0.0,0.0,0.0,2,3000,0,0,0,0,0,0
TF,NN405,28.107583,35.197278,0, ,0.0,0.0,0.0,0.0,2,2000,0,0,0,0,1,0

APPTR,R15,15,MODOD
IF,MODOD,27.743139,35.372583, ,0.0,0.0,2,5000,0,0,0,0,1,0
TF,MITIT,27.836000,35.215528,0, ,0.0,0.0,0.0,0.0,2,5000,0,0,0,0,0,0
TF,NAMTU,28.065083,35.094889,0, ,0.0,0.0,0.0,0.0,2,3000,0,0,0,0,0,0
TF,NN405,28.107583,35.197278,0, ,0.0,0.0,0.0,0.0,2,2000,0,0,0,0,1,0

APPTR,R15,15,RETUL
IF,RETUL,27.962111,34.847750, ,0.0,0.0,2,5000,0,0,0,0,1,0
TF,NAMTU,28.065083,35.094889,0, ,0.0,0.0,0.0,0.0,2,3000,0,0,0,0,0,0
TF,NN405,28.107583,35.197278,0, ,0.0,0.0,0.0,0.0,2,2000,0,0,0,0,1,0

FINAL,R15,15,R,3
IF,NN405,28.107583,35.197278, ,0.0,0.0,2,2000,0,0,0,0,0,0
TF,SISIS,28.031861,35.237139,0, ,0.0,0.0,150.0,5.0,2,2000,0,0,0,0,2,0
TF,RW15,27.939203,35.285856,0, ,0.0,0.0,150.0,6.1,1,67,0,0,0,0,3,1
VA,0,150.0,2,1000,0,0,0,0,0,0
DF,MITIT,27.836000,35.215528,2, ,0.0,0.0,3,2500,0,1,210,0,0,0
HM,MITIT,27.836000,35.215528,1, ,0.0,0.0,330.0,04.3,1,2500,0,1,230,0,0,0,0

APPTR,R33,33,KEBUB
IF,KEBUB,27.569139,34.978444, ,0.0,0.0,2,6000,0,0,0,0,1,0
TF,LONUL,27.683944,35.253861,0, ,0.0,0.0,0.0,0.0,2,4000,0,0,0,0,0,0
TF,NN510,27.740417,35.390028,0, ,0.0,0.0,0.0,0.0,1,2500,0,0,0,0,1,0

APPTR,R33,33,MAIDA
IF,MAIDA,27.993444,35.498556, ,0.0,0.0,1,10000,0,0,0,0,1,0
TF,NN530,27.782667,35.492250,0, ,0.0,0.0,0.0,0.0,2,5000,0,0,0,0,0,0
TF,NN510,27.740417,35.390028,0, ,0.0,0.0,0.0,0.0,1,2500,0,0,0,0,1,0

APPTR,R33,33,RETUL
IF,RETUL,27.962111,34.847750, ,0.0,0.0,2,9000,0,0,0,0,1,0
TF,LONUL,27.683944,35.253861,0, ,0.0,0.0,0.0,0.0,2,4000,0,0,0,0,0,0
TF,NN510,27.740417,35.390028,0, ,0.0,0.0,0.0,0.0,1,2500,0,0,0,0,1,0

APPTR,R33,33,RUMAH
IF,RUMAH,27.580139,35.443306, ,0.0,0.0,2,3000,0,0,0,0,1,0
TF,NN510,27.740417,35.390028,0, ,0.0,0.0,0.0,0.0,1,2500,0,0,0,0,1,0

FINAL,R33,33,R,3
IF,NN510,27.740417,35.390028, ,0.0,0.0,1,2500,0,0,0,0,0,0
TF,LOXOX,27.816167,35.350389,0, ,0.0,0.0,331.0,5.0,2,2000,0,0,0,0,2,0
TF,RW33,27.908458,35.301994,0, ,0.0,0.0,331.0,6.1,1,74,0,0,0,0,3,1
CF,NN570,27.999361,35.254250,0,TBK,249.4,75.2,331.0,6.0,1,1200,0,0,0,0,0,1
DF,LONUL,27.683944,35.253861,1, ,0.0,0.0,2,3000,0,0,0,0,0,0
HM,LONUL,27.683944,35.253861,2, ,0.0,0.0,60.0,04.3,3,6000,0,1,210,0,0,0,0

