SID,OMNI1A,20L,2
DF,DE20L,24.453242,46.649589,0, ,0.0,0.0,0,0,0,0,0,0,0,1
VA,0,202.0,2,3600,0,0,0,0,0,0
VM,0,0,0,202.0,0,0,0,0,0,0,0,0

SID,OMNI1B,20R,2
DF,DE20R,24.454828,46.637608,0, ,0.0,0.0,0,0,0,0,0,0,0,1
VA,0,202.0,2,3500,0,0,0,0,0,0
VM,0,0,0,202.0,0,0,0,0,0,0,0,0

SID,OMNI1C,02L,2
DF,DE02L,24.481839,46.651367,0, ,0.0,0.0,0,0,0,0,0,0,0,1
VA,0,22.0,2,3600,0,0,0,0,0,0
VM,0,0,0,22.0,0,0,0,0,0,0,0,0

SID,OMNI1D,02R,2
DF,DE02R,24.485972,46.666264,0, ,0.0,0.0,0,0,0,0,0,0,0,1
VA,0,22.0,2,3600,0,0,0,0,0,0
VM,0,0,0,22.0,0,0,0,0,0,0,0,0

APPTR,D02L,02L,KSN
IF,KSN,24.476694,46.655083, ,0.0,0.0,1,6000,0,0,0,0,1,0
TF,SN105,24.465333,46.873944,0, ,0.0,0.0,0.0,0.0,1,6000,0,0,0,0,0,0
AF,SN042,24.307306,46.537667,2,KSN,209.4,12.0,90.0,2,4400,0,0,0,0,1,0

APPTR,D02L,02L,RK558
IF,RK558,24.547500,46.815000, ,0.0,0.0,2,7000,0,0,0,0,1,0
TF,KSN,24.476694,46.655083,0, ,0.0,0.0,0.0,0.0,1,6000,0,0,0,0,0,0
HF,KSN,24.476694,46.655083,2, ,0.0,0.0,62.0,04.3,2,6000,0,0,0,0,0,0,0
TF,SN105,24.465333,46.873944,0, ,0.0,0.0,0.0,0.0,1,6000,0,0,0,0,0,0
AF,SN042,24.307306,46.537667,2,KSN,209.4,12.0,90.0,2,4400,0,0,0,0,1,0

APPTR,D02L,02L,SN105
IF,SN105,24.465333,46.873944, ,0.0,0.0,1,6000,0,0,0,0,1,0
AF,SN042,24.307306,46.537667,2,KSN,209.4,12.0,90.0,2,4400,0,0,0,0,1,0

FINAL,D02L,02L,D,3
IF,SN042,24.307306,46.537667,KSN,209.4,12.0,2,4400,0,0,0,0,0,0
CF,SN041,24.384528,46.591167,0,KSN,209.4,6.5,29.0,5.5,1,4100,0,0,0,0,2,0
CF,RW02L,24.455653,46.638031,0,KSN,213.6,1.6,29.0,5.0,1,2499,0,0,0,0,3,0
CF,KSN,24.476694,46.655083,0,KSN,0.0,0.0,29.0,1.6,0,0,0,0,0,0,0,0
FD,KSN,24.476694,46.655083,0,KSN,0.0,6.0,29.0,6.0,0,0,0,0,0,0,0,0
DF,KSN,24.476694,46.655083,2, ,0.0,0.0,1,6000,0,1,230,0,0,0
HM,KSN,24.476694,46.655083,2, ,0.0,0.0,62.0,04.3,2,6000,0,0,0,0,0,0,0

APPTR,D02R,02R,KSN
IF,KSN,24.476694,46.655083, ,0.0,0.0,1,6000,0,0,0,0,1,0
TF,SN105,24.465333,46.873944,0, ,0.0,0.0,0.0,0.0,1,6000,0,0,0,0,0,0
AF,SN108,24.285008,46.590353,2,KSN,194.2,12.0,90.0,2,4400,0,0,0,0,1,0

APPTR,D02R,02R,RK558
IF,RK558,24.547500,46.815000, ,0.0,0.0,2,7000,0,0,0,0,1,0
TF,KSN,24.476694,46.655083,0, ,0.0,0.0,0.0,0.0,1,6000,0,0,0,0,0,0
HF,KSN,24.476694,46.655083,2, ,0.0,0.0,62.0,04.3,2,6000,0,0,0,0,0,0,0
TF,SN105,24.465333,46.873944,0, ,0.0,0.0,0.0,0.0,1,6000,0,0,0,0,0,0
AF,SN108,24.285008,46.590353,2,KSN,194.2,12.0,90.0,2,4400,0,0,0,0,1,0

APPTR,D02R,02R,SN105
IF,SN105,24.465333,46.873944, ,0.0,0.0,1,6000,0,0,0,0,1,0
AF,SN108,24.285008,46.590353,2,KSN,194.2,12.0,90.0,2,4400,0,0,0,0,1,0

FINAL,D02R,02R,D,4
IF,SN108,24.285008,46.590353,KSN,194.2,12.0,2,4400,0,0,0,0,0,0
CF,SN109,24.361006,46.616006,0,KSN,194.2,7.2,14.0,4.8,1,4400,0,0,0,0,2,0
CF,50VOR,24.396825,46.628097,0,KSN,194.2,5.0,14.0,2.2,2,3680,0,0,0,0,0,0
CF,MA02R,24.446147,46.644758,0,KSN,194.2,1.9,14.0,3.1,1,2701,0,0,0,0,3,0
CF,KSN,24.476694,46.655083,0,KSN,0.0,0.0,14.0,1.9,0,0,0,0,0,0,0,0
FD,KSN,24.476694,46.655083,0,KSN,0.0,6.0,14.0,6.0,0,0,0,0,0,0,0,0
DF,KSN,24.476694,46.655083,2, ,0.0,0.0,1,6000,0,1,230,0,0,0
HM,KSN,24.476694,46.655083,2, ,0.0,0.0,62.0,04.3,2,6000,0,0,0,0,0,0,0

APPTR,D20L,20L,KSN
IF,KSN,24.476694,46.655083, ,0.0,0.0,1,6000,0,0,0,0,1,0
TF,SN114,24.466306,46.855694,0, ,0.0,0.0,0.0,0.0,1,6000,0,0,0,0,0,0
AF,SN115,24.565667,46.831028,1,KSN,58.0,11.0,90.0,1,6000,0,0,0,0,0,0
AF,SN116,24.623694,46.775917,1,KSN,33.9,11.0,58.0,1,4000,0,0,0,0,1,0

APPTR,D20L,20L,RK558
IF,RK558,24.547500,46.815000, ,0.0,0.0,2,7000,0,0,0,0,1,0
TF,KSN,24.476694,46.655083,0, ,0.0,0.0,0.0,0.0,1,6000,0,0,0,0,0,0
HF,KSN,24.476694,46.655083,2, ,0.0,0.0,62.0,04.3,2,6000,0,0,0,0,0,0,0
TF,SN114,24.466306,46.855694,0, ,0.0,0.0,0.0,0.0,1,6000,0,0,0,0,0,0
AF,SN115,24.565667,46.831028,1,KSN,58.0,11.0,90.0,1,6000,0,0,0,0,0,0
AF,SN116,24.623694,46.775917,1,KSN,33.9,11.0,58.0,1,4000,0,0,0,0,1,0

FINAL,D20L,20L,D,3
IF,SN116,24.623694,46.775917,KSN,33.9,11.0,1,4000,0,0,0,0,0,0
CF,SN118,24.555556,46.719861,0,KSN,33.9,5.9,214.0,5.1,1,4000,0,0,0,0,2,0
CF,MA20L,24.487333,46.663806,0,KSN,33.9,0.8,214.0,5.1,1,2372,0,0,0,0,3,0
CF,KSN,24.476694,46.655083,0,KSN,0.0,0.0,214.0,0.8,0,0,0,0,0,0,0,0
FD,KSN,24.476694,46.655083,0,KSN,0.0,6.0,214.0,6.0,0,0,0,0,0,0,0,0
DF,KSN,24.476694,46.655083,1, ,0.0,0.0,1,6000,0,1,230,0,0,0
HM,KSN,24.476694,46.655083,2, ,0.0,0.0,62.0,04.3,2,6000,0,0,0,0,0,0,0

APPTR,I02L,02L,KSN
IF,KSN,24.476694,46.655083, ,0.0,0.0,1,6000,0,0,0,0,1,0
TF,SN105,24.465333,46.873944,0, ,0.0,0.0,0.0,0.0,1,6000,0,0,0,0,0,0
AF,D194L,24.284803,46.591081,2,KSN,194.0,12.0,90.0,2,5000,0,0,0,0,0,0
VI,0,KSND,0.0,352.0,0,0,0,0,0,0,0,0

APPTR,I02L,02L,RK558
IF,RK558,24.547500,46.815000, ,0.0,0.0,2,7000,0,0,0,0,1,0
TF,KSN,24.476694,46.655083,0, ,0.0,0.0,0.0,0.0,1,6000,0,0,0,0,0,0
HF,KSN,24.476694,46.655083,2, ,0.0,0.0,62.0,04.3,2,6000,0,0,0,0,0,0,0
TF,SN105,24.465333,46.873944,0, ,0.0,0.0,0.0,0.0,1,6000,0,0,0,0,0,0
AF,D194L,24.284803,46.591081,2,KSN,194.0,12.0,90.0,2,5000,0,0,0,0,0,0
VI,0,KSND,0.0,352.0,0,0,0,0,0,0,0,0

FINAL,I02L,02L,I,3
IF,SN033,24.297111,46.557389,KSND,202.0,12.4,2,5000,0,0,0,0,0,0
CF,SN034,24.379472,46.599278,0,KSND,202.0,6.9,22.0,5.4,1,4100,0,0,0,0,2,0
CF,RW02L,24.455653,46.638031,0,KSND,202.0,1.9,22.0,5.0,1,2499,0,0,0,0,3,0
FA,RW02L,24.455653,46.638031,0,KSN,0.0,0.0,22.0,2,3500,0,0,0,0,0,0
DF,KSN,24.476694,46.655083,2, ,0.0,0.0,1,6000,0,1,210,0,0,0
HM,KSN,24.476694,46.655083,2, ,0.0,0.0,62.0,04.3,2,6000,0,0,0,0,0,0,0

APPTR,I02RY,02R,RK551
IF,RK551,24.446111,46.878889, ,0.0,0.0,2,7000,0,0,0,0,0,0
TF,SN101,24.255000,46.669500,0, ,0.0,0.0,0.0,0.0,1,6000,0,0,0,0,1,0
TF,SN096,24.297378,46.570306,0,ISND,0.0,0.0,0.0,0.0,2,5000,0,0,0,0,1,0

APPTR,I02RY,02R,SN099
IF,SN099,24.342897,46.463514, ,0.0,0.0,2,6000,0,0,0,0,1,0
TF,SN096,24.297378,46.570306,0,ISND,0.0,0.0,0.0,0.0,2,5000,0,0,0,0,1,0

APPTR,I02RY,02R,SN707
IF,SN707,24.544428,46.817125, ,0.0,0.0,1,6000,0,0,0,0,1,0
TF,SN101,24.255000,46.669500,0, ,0.0,0.0,0.0,0.0,1,6000,0,0,0,0,0,0
TF,SN096,24.297378,46.570306,0,ISND,0.0,0.0,0.0,0.0,2,5000,0,0,0,0,1,0

FINAL,I02RY,02R,I,3
IF,SN096,24.297378,46.570306,ISND,202.0,12.6,2,5000,0,0,0,0,0,0
CF,SN094,24.379933,46.612278,0,ISND,202.0,7.2,22.0,5.5,1,4000,0,0,0,0,2,0
CF,RW02R,24.457333,46.651672,0,ISND,202.0,2.1,22.0,5.1,1,2460,0,0,0,0,3,1
TF,SN023,24.650694,46.750333,0, ,0.0,0.0,0.0,0.0,2,4600,0,1,200,0,0,0
TF,SN100,24.608194,46.849750,0, ,0.0,0.0,0.0,0.0,2,5400,0,0,0,0,0,0
TF,SN707,24.544428,46.817125,0, ,0.0,0.0,0.0,0.0,1,6000,0,1,200,0,0,0
TF,SN101,24.255000,46.669500,0, ,0.0,0.0,0.0,0.0,1,6000,0,0,0,0,0,0
HM,SN101,24.255000,46.669500,1, ,0.0,0.0,292.0,04,2,6000,0,0,0,0,0,0,0

APPTR,I02RZ,02R,KSN
IF,KSN,24.476694,46.655083, ,0.0,0.0,1,6000,0,0,0,0,1,0
TF,SN105,24.465333,46.873944,0, ,0.0,0.0,0.0,0.0,1,6000,0,0,0,0,0,0
AF,D191L,24.281997,46.602125,2,KSN,191.0,12.0,90.0,2,5000,0,0,0,0,0,0
VI,0,ISND,0.0,352.0,0,0,0,0,0,0,0,0

APPTR,I02RZ,02R,RK558
IF,RK558,24.547500,46.815000, ,0.0,0.0,2,7000,0,0,0,0,1,0
TF,KSN,24.476694,46.655083,0, ,0.0,0.0,0.0,0.0,1,6000,0,0,0,0,0,0
HF,KSN,24.476694,46.655083,2, ,0.0,0.0,62.0,04.3,2,6000,0,0,0,0,0,0,0
TF,SN105,24.465333,46.873944,0, ,0.0,0.0,0.0,0.0,1,6000,0,0,0,0,0,0
AF,D191L,24.281997,46.602125,2,KSN,191.0,12.0,90.0,2,5000,0,0,0,0,0,0
VI,0,ISND,0.0,352.0,0,0,0,0,0,0,0,0

FINAL,I02RZ,02R,I,3
IF,SN106,24.292611,46.567889,ISND,202.0,12.9,2,5000,0,0,0,0,0,0
CF,SN094,24.379933,46.612278,0,ISND,202.0,7.2,22.0,5.8,1,4000,0,0,0,0,2,0
CF,RW02R,24.457333,46.651672,0,ISND,202.0,2.1,22.0,5.1,1,2460,0,0,0,0,3,0
VA,0,22.0,2,3500,0,0,0,0,0,0
DF,KSN,24.476694,46.655083,2, ,0.0,0.0,1,6000,0,1,210,0,0,0
HM,KSN,24.476694,46.655083,2, ,0.0,0.0,62.0,04.3,2,6000,0,0,0,0,0,0,0

APPTR,L02R,02R,KSN
IF,KSN,24.476694,46.655083, ,0.0,0.0,1,6000,0,0,0,0,1,0
TF,SN105,24.465333,46.873944,0, ,0.0,0.0,0.0,0.0,1,6000,0,0,0,0,0,0
AF,D191L,24.281997,46.602125,2,KSN,191.0,12.0,90.0,2,5000,0,0,0,0,0,0
VI,0,ISND,0.0,352.0,0,0,0,0,0,0,0,0

APPTR,L02R,02R,RK558
IF,RK558,24.547500,46.815000, ,0.0,0.0,2,7000,0,0,0,0,1,0
TF,KSN,24.476694,46.655083,0, ,0.0,0.0,0.0,0.0,1,6000,0,0,0,0,0,0
HF,KSN,24.476694,46.655083,2, ,0.0,0.0,62.0,04.3,2,6000,0,0,0,0,0,0,0
TF,SN105,24.465333,46.873944,0, ,0.0,0.0,0.0,0.0,1,6000,0,0,0,0,0,0
AF,D191L,24.281997,46.602125,2,KSN,191.0,12.0,90.0,2,5000,0,0,0,0,0,0
VI,0,ISND,0.0,352.0,0,0,0,0,0,0,0,0

FINAL,L02R,02R,D,3
IF,SN106,24.292611,46.567889,ISND,202.0,12.9,2,5000,0,0,0,0,0,0
CF,SN094,24.379933,46.612278,0,ISND,202.0,7.2,22.0,5.8,1,4000,0,0,0,0,2,0
CF,RW02R,24.457333,46.651672,0,ISND,202.0,2.1,22.0,5.1,1,2460,0,0,0,0,3,0
VA,0,22.0,2,3500,0,0,0,0,0,0
DF,KSN,24.476694,46.655083,2, ,0.0,0.0,1,6000,0,1,210,0,0,0
HM,KSN,24.476694,46.655083,2, ,0.0,0.0,62.0,04.3,2,6000,0,0,0,0,0,0,0

APPTR,R02L,02L,RK551
IF,RK551,24.446111,46.878889, ,0.0,0.0,2,7000,0,0,0,0,0,0
TF,SN101,24.255000,46.669500,0, ,0.0,0.0,0.0,0.0,1,6000,0,0,0,0,1,0
TF,SN091,24.301858,46.559817,0, ,0.0,0.0,0.0,0.0,2,4100,0,0,0,0,1,0

APPTR,R02L,02L,SN099
IF,SN099,24.342897,46.463514, ,0.0,0.0,2,6000,0,0,0,0,1,0
TF,SN091,24.301858,46.559817,0, ,0.0,0.0,0.0,0.0,2,4100,0,0,0,0,1,0

APPTR,R02L,02L,SN707
IF,SN707,24.544428,46.817125, ,0.0,0.0,1,6000,0,0,0,0,1,0
TF,SN101,24.255000,46.669500,0, ,0.0,0.0,0.0,0.0,1,6000,0,0,0,0,0,0
TF,SN091,24.301858,46.559817,0, ,0.0,0.0,0.0,0.0,2,4100,0,0,0,0,1,0

FINAL,R02L,02L,R,3
IF,SN091,24.301858,46.559817, ,0.0,0.0,2,4100,0,0,0,0,0,0
TF,SN090,24.384250,46.601694,0, ,0.0,0.0,22.0,5.4,1,4000,0,0,0,0,2,0
TF,RW02L,24.455653,46.638031,0, ,0.0,0.0,22.0,4.7,1,2499,0,0,0,0,3,1
TF,SN006,24.655167,46.739806,0, ,0.0,0.0,0.0,0.0,2,4700,0,1,210,0,0,0
TF,SN100,24.608194,46.849750,0, ,0.0,0.0,0.0,0.0,2,5700,0,0,0,0,0,0
TF,SN707,24.544428,46.817125,0, ,0.0,0.0,0.0,0.0,1,6000,0,1,210,0,0,0
TF,SN101,24.255000,46.669500,0, ,0.0,0.0,0.0,0.0,1,6000,0,0,0,0,0,0
HM,SN101,24.255000,46.669500,1, ,0.0,0.0,292.0,04,1,6000,0,0,0,0,0,0,0

APPTR,R02R,02R,RK551
IF,RK551,24.446111,46.878889, ,0.0,0.0,2,7000,0,0,0,0,0,0
TF,SN101,24.255000,46.669500,0, ,0.0,0.0,0.0,0.0,1,6000,0,0,0,0,1,0
TF,SN096,24.297378,46.570306,0, ,0.0,0.0,0.0,0.0,2,5000,0,0,0,0,1,0

APPTR,R02R,02R,SN099
IF,SN099,24.342897,46.463514, ,0.0,0.0,2,6000,0,0,0,0,1,0
TF,SN096,24.297378,46.570306,0, ,0.0,0.0,0.0,0.0,2,5000,0,0,0,0,1,0

APPTR,R02R,02R,SN707
IF,SN707,24.544428,46.817125, ,0.0,0.0,1,6000,0,0,0,0,1,0
TF,SN101,24.255000,46.669500,0, ,0.0,0.0,0.0,0.0,1,6000,0,0,0,0,0,0
TF,SN096,24.297378,46.570306,0, ,0.0,0.0,0.0,0.0,2,5000,0,0,0,0,1,0

FINAL,R02R,02R,R,3
IF,SN096,24.297378,46.570306, ,0.0,0.0,2,5000,0,0,0,0,0,0
TF,SN094,24.379933,46.612278,0, ,0.0,0.0,22.0,5.5,1,4000,0,0,0,0,2,0
TF,RW02R,24.457333,46.651672,0, ,0.0,0.0,22.0,5.1,1,2460,0,0,0,0,3,1
TF,SN023,24.650694,46.750333,0, ,0.0,0.0,0.0,0.0,2,4600,0,1,200,0,0,0
TF,SN100,24.608194,46.849750,0, ,0.0,0.0,0.0,0.0,2,5400,0,0,0,0,0,0
TF,SN707,24.544428,46.817125,0, ,0.0,0.0,0.0,0.0,1,6000,0,1,200,0,0,0
TF,SN101,24.255000,46.669500,0, ,0.0,0.0,0.0,0.0,1,6000,0,0,0,0,0,0
HM,SN101,24.255000,46.669500,1, ,0.0,0.0,292.0,04,1,6000,0,0,0,0,0,0,0

APPTR,R20L,20L,RK551
IF,RK551,24.446111,46.878889, ,0.0,0.0,2,7000,0,0,0,0,0,0
TF,SN101,24.255000,46.669500,0, ,0.0,0.0,0.0,0.0,1,6000,0,0,0,0,1,0
TF,SN100,24.608194,46.849750,2, ,0.0,0.0,0.0,0.0,1,6000,0,0,0,0,0,0
TF,SN023,24.650694,46.750333,0, ,0.0,0.0,0.0,0.0,1,4300,0,0,0,0,1,0

APPTR,R20L,20L,SN100
IF,SN100,24.608194,46.849750, ,0.0,0.0,1,6000,0,0,0,0,1,0
TF,SN023,24.650694,46.750333,0, ,0.0,0.0,0.0,0.0,1,4300,0,0,0,0,1,0

FINAL,R20L,20L,R,3
IF,SN023,24.650694,46.750333, ,0.0,0.0,1,4300,0,0,0,0,0,0
TF,SN024,24.577583,46.712972,0, ,0.0,0.0,202.0,4.8,1,4300,0,0,0,0,2,0
TF,RW20L,24.485972,46.666264,0, ,0.0,0.0,202.0,6.1,1,2375,0,0,0,0,3,1
TF,SN096,24.297378,46.570306,0, ,0.0,0.0,0.0,0.0,2,4400,0,0,0,0,0,0
TF,SN101,24.255000,46.669500,0, ,0.0,0.0,0.0,0.0,1,6000,0,1,230,0,0,0
HM,SN101,24.255000,46.669500,1, ,0.0,0.0,292.0,04,1,6000,0,0,0,0,0,0,0

APPTR,R20R,20R,RK551
IF,RK551,24.446111,46.878889, ,0.0,0.0,2,7000,0,0,0,0,0,0
TF,SN101,24.255000,46.669500,0, ,0.0,0.0,0.0,0.0,1,6000,0,0,0,0,1,0
TF,SN100,24.608194,46.849750,2, ,0.0,0.0,0.0,0.0,1,6000,0,1,230,0,0,0
TF,SN006,24.655167,46.739806,0, ,0.0,0.0,0.0,0.0,1,4300,0,1,230,0,1,0

APPTR,R20R,20R,SN100
IF,SN100,24.608194,46.849750, ,0.0,0.0,1,6000,0,1,230,0,1,0
TF,SN006,24.655167,46.739806,0, ,0.0,0.0,0.0,0.0,1,4300,0,1,230,0,1,0

FINAL,R20R,20R,R,3
IF,SN006,24.655167,46.739806, ,0.0,0.0,1,4300,0,1,230,0,0,0
TF,SN005,24.570806,46.696722,0, ,0.0,0.0,202.0,5.6,1,4300,0,0,0,0,2,0
TF,RW20R,24.481839,46.651367,0, ,0.0,0.0,202.0,5.9,1,2430,0,0,0,0,3,1
TF,SN091,24.301858,46.559817,0, ,0.0,0.0,0.0,0.0,2,4300,0,0,0,0,0,0
TF,SN101,24.255000,46.669500,0, ,0.0,0.0,0.0,0.0,1,6000,0,0,0,0,0,0
HM,SN101,24.255000,46.669500,1, ,0.0,0.0,292.0,04,1,6000,0,0,0,0,0,0,0

