SID,ALMU1A,31L,2
CA,0,310.0,2,3670,0,0,0,0,0,0
FA,MSD,36.231167,59.650556,0,MSD,0.0,0.0,305.0,2,6000,0,0,0,0,0,0
DF,MSD,36.231167,59.650556,2, ,0.0,0.0,2,9000,0,0,0,0,0,0
TF,ALMUX,36.460000,60.855833,1, ,0.0,0.0,0.0,0.0,0,0,0,0,0,0,0,0

SID,ALMU1A,31R,2
CA,0,310.0,2,3670,0,0,0,0,0,0
FA,MSD,36.231167,59.650556,0,MSD,0.0,0.0,305.0,2,6000,0,0,0,0,0,0
DF,MSD,36.231167,59.650556,2, ,0.0,0.0,2,9000,0,0,0,0,0,0
TF,ALMUX,36.460000,60.855833,1, ,0.0,0.0,0.0,0.0,0,0,0,0,0,0,0,0

SID,ALMU1B,13L,2
CA,0,130.0,2,3670,0,0,0,0,0,0
FA,MSD,36.231167,59.650556,0,MSD,0.0,0.0,130.0,2,6000,0,0,0,0,0,0
DF,MSD,36.231167,59.650556,2, ,0.0,0.0,2,9000,0,0,0,0,0,0
TF,ALMUX,36.460000,60.855833,0, ,0.0,0.0,0.0,0.0,0,0,0,0,0,0,0,0

SID,ALMU1B,13R,2
CA,0,130.0,2,3670,0,0,0,0,0,0
FA,MSD,36.231167,59.650556,0,MSD,0.0,0.0,130.0,2,6000,0,0,0,0,0,0
DF,MSD,36.231167,59.650556,2, ,0.0,0.0,2,9000,0,0,0,0,0,0
TF,ALMUX,36.460000,60.855833,0, ,0.0,0.0,0.0,0.0,0,0,0,0,0,0,0,0

SID,BOTE1B,13L,2
CA,0,130.0,2,3670,0,0,0,0,0,0
FA,MSD,36.231167,59.650556,0,MSD,0.0,0.0,130.0,2,6000,0,0,0,0,0,0
DF,MSD,36.231167,59.650556,2, ,0.0,0.0,2,9000,0,0,0,0,0,0
TF,BOTEK,36.798611,58.626111,0, ,0.0,0.0,0.0,0.0,0,0,0,0,0,0,0,0

SID,BOTE1B,13R,2
CA,0,130.0,2,3670,0,0,0,0,0,0
FA,MSD,36.231167,59.650556,0,MSD,0.0,0.0,130.0,2,6000,0,0,0,0,0,0
DF,MSD,36.231167,59.650556,2, ,0.0,0.0,2,9000,0,0,0,0,0,0
TF,BOTEK,36.798611,58.626111,0, ,0.0,0.0,0.0,0.0,0,0,0,0,0,0,0,0

SID,BOTE1F,31L,2
CA,0,310.0,2,3670,0,0,0,0,0,0
CF,BOTEK,36.798611,58.626111,0,MSD,300.8,60.1,302.0,58.0,0,0,0,0,0,0,0,0

SID,BOTE1F,31R,2
CA,0,310.0,2,3670,0,0,0,0,0,0
CF,BOTEK,36.798611,58.626111,0,MSD,300.8,60.1,302.0,58.0,0,0,0,0,0,0,0,0

SID,BOTE1G,13L,2
CA,0,130.0,2,3670,0,0,0,0,0,0
FA,MSD,36.228528,59.637889,0,MSD,0.0,0.0,130.0,2,6000,0,0,0,0,0,0
DF,MSD,36.228528,59.637889,2, ,0.0,0.0,2,9000,0,0,0,0,0,0
TF,BOTEK,36.798611,58.626111,0, ,0.0,0.0,0.0,0.0,0,0,0,0,0,0,0,0

SID,BOTE1G,13R,2
CA,0,130.0,2,3670,0,0,0,0,0,0
FA,MSD,36.228528,59.637889,0,MSD,0.0,0.0,130.0,2,6000,0,0,0,0,0,0
DF,MSD,36.228528,59.637889,2, ,0.0,0.0,2,9000,0,0,0,0,0,0
TF,BOTEK,36.798611,58.626111,0, ,0.0,0.0,0.0,0.0,0,0,0,0,0,0,0,0

SID,BOTE2A,31L,2
CA,0,310.0,2,3670,0,0,0,0,0,0
CF,BOTEK,36.798611,58.626111,0,MSD,300.8,60.1,300.0,58.0,0,0,0,0,0,0,0,0

SID,BOTE2A,31R,2
CA,0,310.0,2,3670,0,0,0,0,0,0
CF,BOTEK,36.798611,58.626111,0,MSD,300.8,60.1,300.0,58.0,0,0,0,0,0,0,0,0

SID,EMES2A,31L,2
CA,0,310.0,2,3670,0,0,0,0,0,0
FA,MSD,36.231167,59.650556,0,MSD,0.0,0.0,305.0,2,6000,0,0,0,0,0,0
DF,MSD,36.231167,59.650556,2, ,0.0,0.0,2,9000,0,0,0,0,0,0
TF,EMESA,35.768056,58.560278,0, ,0.0,0.0,0.0,0.0,0,0,0,0,0,0,0,0

SID,EMES2A,31R,2
CA,0,310.0,2,3670,0,0,0,0,0,0
FA,MSD,36.231167,59.650556,0,MSD,0.0,0.0,305.0,2,6000,0,0,0,0,0,0
DF,MSD,36.231167,59.650556,2, ,0.0,0.0,2,9000,0,0,0,0,0,0
TF,EMESA,35.768056,58.560278,0, ,0.0,0.0,0.0,0.0,0,0,0,0,0,0,0,0

SID,EMES2B,13L,2
CA,0,130.0,2,3670,0,0,0,0,0,0
FA,MSD,36.231167,59.650556,0,MSD,0.0,0.0,130.0,2,6000,0,0,0,0,0,0
DF,MSD,36.231167,59.650556,2, ,0.0,0.0,2,9000,0,0,0,0,0,0
TF,EMESA,35.768056,58.560278,1, ,0.0,0.0,0.0,0.0,0,0,0,0,0,0,0,0

SID,EMES2B,13R,2
CA,0,130.0,2,3670,0,0,0,0,0,0
FA,MSD,36.231167,59.650556,0,MSD,0.0,0.0,130.0,2,6000,0,0,0,0,0,0
DF,MSD,36.231167,59.650556,2, ,0.0,0.0,2,9000,0,0,0,0,0,0
TF,EMESA,35.768056,58.560278,1, ,0.0,0.0,0.0,0.0,0,0,0,0,0,0,0,0

SID,LOSA1A,31L,2
CA,0,310.0,2,3670,0,0,0,0,0,0
FA,MSD,36.231167,59.650556,0,MSD,0.0,0.0,305.0,2,6000,0,0,0,0,0,0
DF,MSD,36.231167,59.650556,2, ,0.0,0.0,2,9000,0,0,0,0,0,0
TF,LOSAN,35.340278,59.093333,0, ,0.0,0.0,0.0,0.0,0,0,0,0,0,0,0,0

SID,LOSA1A,31R,2
CA,0,310.0,2,3670,0,0,0,0,0,0
FA,MSD,36.231167,59.650556,0,MSD,0.0,0.0,305.0,2,6000,0,0,0,0,0,0
DF,MSD,36.231167,59.650556,2, ,0.0,0.0,2,9000,0,0,0,0,0,0
TF,LOSAN,35.340278,59.093333,0, ,0.0,0.0,0.0,0.0,0,0,0,0,0,0,0,0

SID,LOSA1B,13L,2
CA,0,130.0,2,3670,0,0,0,0,0,0
FA,MSD,36.231167,59.650556,0,MSD,0.0,0.0,130.0,2,6000,0,0,0,0,0,0
DF,MSD,36.231167,59.650556,2, ,0.0,0.0,2,9000,0,0,0,0,0,0
TF,LOSAN,35.340278,59.093333,1, ,0.0,0.0,0.0,0.0,0,0,0,0,0,0,0,0

SID,LOSA1B,13R,2
CA,0,130.0,2,3670,0,0,0,0,0,0
FA,MSD,36.231167,59.650556,0,MSD,0.0,0.0,130.0,2,6000,0,0,0,0,0,0
DF,MSD,36.231167,59.650556,2, ,0.0,0.0,2,9000,0,0,0,0,0,0
TF,LOSAN,35.340278,59.093333,1, ,0.0,0.0,0.0,0.0,0,0,0,0,0,0,0,0

SID,MIDM1B,13L,2
CA,0,130.0,2,3670,0,0,0,0,0,0
FA,MSD,36.231167,59.650556,0,MSD,0.0,0.0,130.0,2,6000,0,0,0,0,0,0
DF,MSD,36.231167,59.650556,2, ,0.0,0.0,2,9000,0,0,0,0,0,0
TF,MIDMO,37.095278,59.023333,0, ,0.0,0.0,0.0,0.0,0,0,0,0,0,0,0,0

SID,MIDM1B,13R,2
CA,0,130.0,2,3670,0,0,0,0,0,0
FA,MSD,36.231167,59.650556,0,MSD,0.0,0.0,130.0,2,6000,0,0,0,0,0,0
DF,MSD,36.231167,59.650556,2, ,0.0,0.0,2,9000,0,0,0,0,0,0
TF,MIDMO,37.095278,59.023333,0, ,0.0,0.0,0.0,0.0,0,0,0,0,0,0,0,0

SID,MIDM1F,31L,2
CA,0,310.0,2,3670,0,0,0,0,0,0
FA,MSD,36.228528,59.637889,0,MSD,0.0,0.0,312.0,2,6000,0,0,0,0,0,0
VI,0, ,0.0,357.0,0,0,0,0,0,0,0,0
CF,MIDMO,37.095278,59.023333,0,MSD,325.9,60.0,327.0,41.0,2,16000,0,0,0,0,0,0

SID,MIDM1F,31R,2
CA,0,310.0,2,3670,0,0,0,0,0,0
FA,MSD,36.228528,59.637889,0,MSD,0.0,0.0,312.0,2,6000,0,0,0,0,0,0
VI,0, ,0.0,357.0,0,0,0,0,0,0,0,0
CF,MIDMO,37.095278,59.023333,0,MSD,325.9,60.0,327.0,41.0,2,16000,0,0,0,0,0,0

SID,MIDM1G,13L,2
CA,0,130.0,2,3670,0,0,0,0,0,0
FA,MSD,36.228528,59.637889,0,MSD,0.0,0.0,130.0,2,6000,0,0,0,0,0,0
DF,MSD,36.228528,59.637889,2, ,0.0,0.0,2,9000,0,0,0,0,0,0
TF,MIDMO,37.095278,59.023333,0, ,0.0,0.0,0.0,0.0,0,0,0,0,0,0,0,0

SID,MIDM1G,13R,2
CA,0,130.0,2,3670,0,0,0,0,0,0
FA,MSD,36.228528,59.637889,0,MSD,0.0,0.0,130.0,2,6000,0,0,0,0,0,0
DF,MSD,36.228528,59.637889,2, ,0.0,0.0,2,9000,0,0,0,0,0,0
TF,MIDMO,37.095278,59.023333,0, ,0.0,0.0,0.0,0.0,0,0,0,0,0,0,0,0

SID,MIDM2A,31L,2
CA,0,310.0,2,3670,0,0,0,0,0,0
FA,MSD,36.231167,59.650556,0,MSD,0.0,0.0,305.0,2,6000,0,0,0,0,0,0
VI,0, ,0.0,356.0,0,0,0,0,0,0,0,0
CF,MIDMO,37.095278,59.023333,0,MSD,325.9,60.0,326.0,51.0,2,16000,0,0,0,0,0,0

SID,MIDM2A,31R,2
CA,0,310.0,2,3670,0,0,0,0,0,0
FA,MSD,36.231167,59.650556,0,MSD,0.0,0.0,305.0,2,6000,0,0,0,0,0,0
VI,0, ,0.0,356.0,0,0,0,0,0,0,0,0
CF,MIDMO,37.095278,59.023333,0,MSD,325.9,60.0,326.0,51.0,2,16000,0,0,0,0,0,0

SID,NOTS1B,13L,2
CA,0,130.0,2,3670,0,0,0,0,0,0
FA,MSD,36.231167,59.650556,0,MSD,0.0,0.0,130.0,2,6000,0,0,0,0,0,0
DF,MSD,36.231167,59.650556,2, ,0.0,0.0,2,9000,0,0,0,0,0,0
TF,NOTSO,35.237778,59.509444,1, ,0.0,0.0,0.0,0.0,0,0,0,0,0,0,0,0

SID,NOTS1B,13R,2
CA,0,130.0,2,3670,0,0,0,0,0,0
FA,MSD,36.231167,59.650556,0,MSD,0.0,0.0,130.0,2,6000,0,0,0,0,0,0
DF,MSD,36.231167,59.650556,2, ,0.0,0.0,2,9000,0,0,0,0,0,0
TF,NOTSO,35.237778,59.509444,1, ,0.0,0.0,0.0,0.0,0,0,0,0,0,0,0,0

SID,NOTS1F,31L,2
VA,0,310.0,2,8000,0,0,0,0,0,0
DF,MSD,36.228528,59.637889,2, ,0.0,0.0,0,0,0,0,0,0,0,0
TF,NOTSO,35.237778,59.509444,0, ,0.0,0.0,0.0,0.0,0,0,0,0,0,0,0,0

SID,NOTS1F,31R,2
VA,0,310.0,2,8000,0,0,0,0,0,0
DF,MSD,36.228528,59.637889,2, ,0.0,0.0,0,0,0,0,0,0,0,0
TF,NOTSO,35.237778,59.509444,0, ,0.0,0.0,0.0,0.0,0,0,0,0,0,0,0,0

SID,NOTS1G,13L,2
CA,0,130.0,2,3670,0,0,0,0,0,0
FA,MSD,36.228528,59.637889,0,MSD,0.0,0.0,130.0,2,6000,0,0,0,0,0,0
VI,0, ,0.0,212.0,0,0,0,0,0,0,0,0
CF,NOTSO,35.237778,59.509444,0,MSD,182.7,59.9,182.0,48.0,0,0,0,0,0,0,0,0

SID,NOTS1G,13R,2
CA,0,130.0,2,3670,0,0,0,0,0,0
FA,MSD,36.228528,59.637889,0,MSD,0.0,0.0,130.0,2,6000,0,0,0,0,0,0
VI,0, ,0.0,212.0,0,0,0,0,0,0,0,0
CF,NOTSO,35.237778,59.509444,0,MSD,182.7,59.9,182.0,48.0,0,0,0,0,0,0,0,0

SID,NOTS1H,13L,2
CA,0,130.0,2,3670,0,0,0,0,0,0
FA,MSD,36.228528,59.637889,0,MSD,0.0,0.0,130.0,2,6000,0,0,0,0,0,0
DF,MSD,36.228528,59.637889,2, ,0.0,0.0,2,9000,0,0,0,0,0,0
TF,NOTSO,35.237778,59.509444,1, ,0.0,0.0,0.0,0.0,0,0,0,0,0,0,0,0

SID,NOTS1H,13R,2
CA,0,130.0,2,3670,0,0,0,0,0,0
FA,MSD,36.228528,59.637889,0,MSD,0.0,0.0,130.0,2,6000,0,0,0,0,0,0
DF,MSD,36.228528,59.637889,2, ,0.0,0.0,2,9000,0,0,0,0,0,0
TF,NOTSO,35.237778,59.509444,1, ,0.0,0.0,0.0,0.0,0,0,0,0,0,0,0,0

SID,NOTS2A,31L,2
CA,0,310.0,2,3670,0,0,0,0,0,0
FA,MSD,36.231167,59.650556,0,MSD,0.0,0.0,305.0,2,6000,0,0,0,0,0,0
DF,MSD,36.231167,59.650556,2, ,0.0,0.0,2,9000,0,0,0,0,0,0
TF,NOTSO,35.237778,59.509444,0, ,0.0,0.0,0.0,0.0,0,0,0,0,0,0,0,0

SID,NOTS2A,31R,2
CA,0,310.0,2,3670,0,0,0,0,0,0
FA,MSD,36.231167,59.650556,0,MSD,0.0,0.0,305.0,2,6000,0,0,0,0,0,0
DF,MSD,36.231167,59.650556,2, ,0.0,0.0,2,9000,0,0,0,0,0,0
TF,NOTSO,35.237778,59.509444,0, ,0.0,0.0,0.0,0.0,0,0,0,0,0,0,0,0

SID,ORDO1A,31L,2
CA,0,310.0,2,3670,0,0,0,0,0,0
FA,MSD,36.231167,59.650556,0,MSD,0.0,0.0,305.0,2,6000,0,0,0,0,0,0
DF,MSD,36.231167,59.650556,2, ,0.0,0.0,2,9000,0,0,0,0,0,0
TF,ORDOB,36.269167,58.417778,2, ,0.0,0.0,0.0,0.0,0,0,0,0,0,0,0,0

SID,ORDO1A,31R,2
CA,0,310.0,2,3670,0,0,0,0,0,0
FA,MSD,36.231167,59.650556,0,MSD,0.0,0.0,305.0,2,6000,0,0,0,0,0,0
DF,MSD,36.231167,59.650556,2, ,0.0,0.0,2,9000,0,0,0,0,0,0
TF,ORDOB,36.269167,58.417778,2, ,0.0,0.0,0.0,0.0,0,0,0,0,0,0,0,0

SID,ORDO1B,31L,2
CA,0,310.0,2,3670,0,0,0,0,0,0
FA,MSD,36.231167,59.650556,0,MSD,0.0,0.0,305.0,2,8000,0,0,0,0,0,0
VI,0, ,0.0,239.0,0,0,0,0,0,0,0,0
CF,ORDOB,36.269167,58.417778,0,MSD,268.5,59.9,269.0,39.0,0,0,0,0,0,0,0,0

SID,ORDO1B,31R,2
CA,0,310.0,2,3670,0,0,0,0,0,0
FA,MSD,36.231167,59.650556,0,MSD,0.0,0.0,305.0,2,8000,0,0,0,0,0,0
VI,0, ,0.0,239.0,0,0,0,0,0,0,0,0
CF,ORDOB,36.269167,58.417778,0,MSD,268.5,59.9,269.0,39.0,0,0,0,0,0,0,0,0

SID,ORDO1C,13L,2
CA,0,130.0,2,3670,0,0,0,0,0,0
FA,MSD,36.231167,59.650556,0,MSD,0.0,0.0,130.0,2,6000,0,0,0,0,0,0
DF,MSD,36.231167,59.650556,2, ,0.0,0.0,2,9000,0,0,0,0,0,0
TF,ORDOB,36.269167,58.417778,0, ,0.0,0.0,0.0,0.0,0,0,0,0,0,0,0,0

SID,ORDO1C,13R,2
CA,0,130.0,2,3670,0,0,0,0,0,0
FA,MSD,36.231167,59.650556,0,MSD,0.0,0.0,130.0,2,6000,0,0,0,0,0,0
DF,MSD,36.231167,59.650556,2, ,0.0,0.0,2,9000,0,0,0,0,0,0
TF,ORDOB,36.269167,58.417778,0, ,0.0,0.0,0.0,0.0,0,0,0,0,0,0,0,0

SID,PAMT1A,31L,2
CA,0,310.0,2,3670,0,0,0,0,0,0
FA,MSD,36.231167,59.650556,0,MSD,0.0,0.0,305.0,2,6000,0,0,0,0,0,0
DF,MSD,36.231167,59.650556,2, ,0.0,0.0,2,9000,0,0,0,0,0,0
TF,PAMTU,35.168333,61.135000,0, ,0.0,0.0,0.0,0.0,0,0,0,0,0,0,0,0

SID,PAMT1A,31R,2
CA,0,310.0,2,3670,0,0,0,0,0,0
FA,MSD,36.231167,59.650556,0,MSD,0.0,0.0,305.0,2,6000,0,0,0,0,0,0
DF,MSD,36.231167,59.650556,2, ,0.0,0.0,2,9000,0,0,0,0,0,0
TF,PAMTU,35.168333,61.135000,0, ,0.0,0.0,0.0,0.0,0,0,0,0,0,0,0,0

SID,PAMT1B,31L,2
CA,0,310.0,2,3670,0,0,0,0,0,0
FA,MSD,36.231167,59.650556,0,MSD,0.0,0.0,305.0,2,6000,0,0,0,0,0,0
DF,MSD,36.231167,59.650556,2, ,0.0,0.0,2,9000,0,0,0,0,0,0
FD,MSD,36.231167,59.650556,0,MSD,0.0,30.0,106.0,30.0,2,11000,0,0,0,0,0,0
VI,0, ,0.0,157.0,0,0,0,0,0,0,0,0
CF,PAMTU,35.168333,61.135000,0,MSD,126.8,96.5,127.0,48.0,0,0,0,0,0,0,0,0

SID,PAMT1B,31R,2
CA,0,310.0,2,3670,0,0,0,0,0,0
FA,MSD,36.231167,59.650556,0,MSD,0.0,0.0,305.0,2,6000,0,0,0,0,0,0
DF,MSD,36.231167,59.650556,2, ,0.0,0.0,2,9000,0,0,0,0,0,0
FD,MSD,36.231167,59.650556,0,MSD,0.0,30.0,106.0,30.0,2,11000,0,0,0,0,0,0
VI,0, ,0.0,157.0,0,0,0,0,0,0,0,0
CF,PAMTU,35.168333,61.135000,0,MSD,126.8,96.5,127.0,48.0,0,0,0,0,0,0,0,0

SID,PAMT1D,13L,2
CA,0,130.0,2,3670,0,0,0,0,0,0
FD,MSD,36.231167,59.650556,0,MSD,0.0,30.0,106.0,30.0,2,11000,0,0,0,0,0,0
VI,0, ,0.0,157.0,0,0,0,0,0,0,0,0
CF,PAMTU,35.168333,61.135000,0,MSD,126.8,96.5,127.0,48.0,0,0,0,0,0,0,0,0

SID,PAMT1D,13R,2
CA,0,130.0,2,3670,0,0,0,0,0,0
FD,MSD,36.231167,59.650556,0,MSD,0.0,30.0,106.0,30.0,2,11000,0,0,0,0,0,0
VI,0, ,0.0,157.0,0,0,0,0,0,0,0,0
CF,PAMTU,35.168333,61.135000,0,MSD,126.8,96.5,127.0,48.0,0,0,0,0,0,0,0,0

SID,PAMT1F,31L,2
CA,0,310.0,2,3670,0,0,0,0,0,0
FA,MSD,36.228528,59.637889,0,MSD,0.0,0.0,312.0,2,6000,0,0,0,0,0,0
DF,MSD,36.228528,59.637889,2, ,0.0,0.0,2,9000,0,0,0,0,0,0
TF,PAMTU,35.168333,61.135000,0, ,0.0,0.0,0.0,0.0,0,0,0,0,0,0,0,0

SID,PAMT1F,31R,2
CA,0,310.0,2,3670,0,0,0,0,0,0
FA,MSD,36.228528,59.637889,0,MSD,0.0,0.0,312.0,2,6000,0,0,0,0,0,0
DF,MSD,36.228528,59.637889,2, ,0.0,0.0,2,9000,0,0,0,0,0,0
TF,PAMTU,35.168333,61.135000,0, ,0.0,0.0,0.0,0.0,0,0,0,0,0,0,0,0

SID,PAMT1G,31L,2
CA,0,310.0,2,3670,0,0,0,0,0,0
FA,MSD,36.228528,59.637889,0,MSD,0.0,0.0,312.0,2,6000,0,0,0,0,0,0
DF,MSD,36.228528,59.637889,2, ,0.0,0.0,2,9000,0,0,0,0,0,0
FD,MSD,36.228528,59.637889,0,MSD,251.6,30.0,105.0,30.0,2,11000,0,0,0,0,0,0
VI,0, ,0.0,157.0,0,0,0,0,0,0,0,0
CF,PAMTU,35.168333,61.135000,0,MSD,126.8,96.5,127.0,48.0,0,0,0,0,0,0,0,0

SID,PAMT1G,31R,2
CA,0,310.0,2,3670,0,0,0,0,0,0
FA,MSD,36.228528,59.637889,0,MSD,0.0,0.0,312.0,2,6000,0,0,0,0,0,0
DF,MSD,36.228528,59.637889,2, ,0.0,0.0,2,9000,0,0,0,0,0,0
FD,MSD,36.228528,59.637889,0,MSD,251.6,30.0,105.0,30.0,2,11000,0,0,0,0,0,0
VI,0, ,0.0,157.0,0,0,0,0,0,0,0,0
CF,PAMTU,35.168333,61.135000,0,MSD,126.8,96.5,127.0,48.0,0,0,0,0,0,0,0,0

SID,PAMT1K,13L,2
CA,0,130.0,2,3670,0,0,0,0,0,0
CF,PAMTU,35.168333,61.135000,0,MSD,126.8,96.5,127.0,95.0,0,0,0,0,0,0,0,0

SID,PAMT1K,13R,2
CA,0,130.0,2,3670,0,0,0,0,0,0
CF,PAMTU,35.168333,61.135000,0,MSD,126.8,96.5,127.0,95.0,0,0,0,0,0,0,0,0

SID,PAMT1L,13L,2
CA,0,130.0,2,3670,0,0,0,0,0,0
FD,MSD,36.228528,59.637889,0,MSD,251.6,30.0,105.0,30.0,2,11000,0,0,0,0,0,0
VI,0, ,0.0,157.0,0,0,0,0,0,0,0,0
CF,PAMTU,35.168333,61.135000,0,MSD,126.8,96.5,127.0,48.0,0,0,0,0,0,0,0,0

SID,PAMT1L,13R,2
CA,0,130.0,2,3670,0,0,0,0,0,0
FD,MSD,36.228528,59.637889,0,MSD,251.6,30.0,105.0,30.0,2,11000,0,0,0,0,0,0
VI,0, ,0.0,157.0,0,0,0,0,0,0,0,0
CF,PAMTU,35.168333,61.135000,0,MSD,126.8,96.5,127.0,48.0,0,0,0,0,0,0,0,0

SID,RAMI1B,13L,2
CA,0,130.0,2,3670,0,0,0,0,0,0
FA,MSD,36.231167,59.650556,0,MSD,0.0,0.0,130.0,2,6000,0,0,0,0,0,0
DF,MSD,36.231167,59.650556,2, ,0.0,0.0,2,9000,0,0,0,0,0,0
TF,RAMIL,35.485833,58.828056,1, ,0.0,0.0,0.0,0.0,0,0,0,0,0,0,0,0

SID,RAMI1B,13R,2
CA,0,130.0,2,3670,0,0,0,0,0,0
FA,MSD,36.231167,59.650556,0,MSD,0.0,0.0,130.0,2,6000,0,0,0,0,0,0
DF,MSD,36.231167,59.650556,2, ,0.0,0.0,2,9000,0,0,0,0,0,0
TF,RAMIL,35.485833,58.828056,1, ,0.0,0.0,0.0,0.0,0,0,0,0,0,0,0,0

SID,RAMI1F,31L,2
VA,0,310.0,2,8000,0,0,0,0,0,0
DF,MSD,36.228528,59.637889,2, ,0.0,0.0,0,0,0,0,0,0,0,0
TF,RAMIL,35.485833,58.828056,0, ,0.0,0.0,0.0,0.0,0,0,0,0,0,0,0,0

SID,RAMI1F,31R,2
VA,0,310.0,2,8000,0,0,0,0,0,0
DF,MSD,36.228528,59.637889,2, ,0.0,0.0,0,0,0,0,0,0,0,0
TF,RAMIL,35.485833,58.828056,0, ,0.0,0.0,0.0,0.0,0,0,0,0,0,0,0,0

SID,RAMI1G,13L,2
CA,0,130.0,2,3670,0,0,0,0,0,0
FA,MSD,36.228528,59.637889,0,MSD,0.0,0.0,130.0,2,6000,0,0,0,0,0,0
DF,MSD,36.228528,59.637889,2, ,0.0,0.0,2,9000,0,0,0,0,0,0
TF,RAMIL,35.485833,58.828056,1, ,0.0,0.0,0.0,0.0,0,0,0,0,0,0,0,0

SID,RAMI1G,13R,2
CA,0,130.0,2,3670,0,0,0,0,0,0
FA,MSD,36.228528,59.637889,0,MSD,0.0,0.0,130.0,2,6000,0,0,0,0,0,0
DF,MSD,36.228528,59.637889,2, ,0.0,0.0,2,9000,0,0,0,0,0,0
TF,RAMIL,35.485833,58.828056,1, ,0.0,0.0,0.0,0.0,0,0,0,0,0,0,0,0

SID,RAMI2A,31L,2
CA,0,310.0,2,3670,0,0,0,0,0,0
FA,MSD,36.231167,59.650556,0,MSD,0.0,0.0,305.0,2,6000,0,0,0,0,0,0
DF,MSD,36.231167,59.650556,2, ,0.0,0.0,2,9000,0,0,0,0,0,0
TF,RAMIL,35.485833,58.828056,0, ,0.0,0.0,0.0,0.0,0,0,0,0,0,0,0,0

SID,RAMI2A,31R,2
CA,0,310.0,2,3670,0,0,0,0,0,0
FA,MSD,36.231167,59.650556,0,MSD,0.0,0.0,305.0,2,6000,0,0,0,0,0,0
DF,MSD,36.231167,59.650556,2, ,0.0,0.0,2,9000,0,0,0,0,0,0
TF,RAMIL,35.485833,58.828056,0, ,0.0,0.0,0.0,0.0,0,0,0,0,0,0,0,0

SID,TANB1A,31L,2
CA,0,310.0,2,3670,0,0,0,0,0,0
FA,MSD,36.231167,59.650556,0,MSD,0.0,0.0,305.0,2,6000,0,0,0,0,0,0
DF,MSD,36.231167,59.650556,2, ,0.0,0.0,2,9000,0,0,0,0,0,0
TF,TANBU,35.572778,60.575000,0, ,0.0,0.0,0.0,0.0,0,0,0,0,0,0,0,0

SID,TANB1A,31R,2
CA,0,310.0,2,3670,0,0,0,0,0,0
FA,MSD,36.231167,59.650556,0,MSD,0.0,0.0,305.0,2,6000,0,0,0,0,0,0
DF,MSD,36.231167,59.650556,2, ,0.0,0.0,2,9000,0,0,0,0,0,0
TF,TANBU,35.572778,60.575000,0, ,0.0,0.0,0.0,0.0,0,0,0,0,0,0,0,0

SID,TANB1B,13L,2
CA,0,130.0,2,3670,0,0,0,0,0,0
FA,MSD,36.231167,59.650556,0,MSD,0.0,0.0,130.0,2,6000,0,0,0,0,0,0
DF,MSD,36.231167,59.650556,2, ,0.0,0.0,2,9000,0,0,0,0,0,0
TF,TANBU,35.572778,60.575000,2, ,0.0,0.0,0.0,0.0,0,0,0,0,0,0,0,0

SID,TANB1B,13R,2
CA,0,130.0,2,3670,0,0,0,0,0,0
FA,MSD,36.231167,59.650556,0,MSD,0.0,0.0,130.0,2,6000,0,0,0,0,0,0
DF,MSD,36.231167,59.650556,2, ,0.0,0.0,2,9000,0,0,0,0,0,0
TF,TANBU,35.572778,60.575000,2, ,0.0,0.0,0.0,0.0,0,0,0,0,0,0,0,0

STAR,ALMU1N,ALL,2
IF,ALMUX,36.460000,60.855833, ,0.0,0.0,0,0,0,0,0,0,0,0

STAR,ALMU1N,13L,3
IF,ALMUX,36.460000,60.855833, ,0.0,0.0,0,0,0,0,0,0,0,0
TF,MSD,36.231167,59.650556,0, ,0.0,0.0,0.0,0.0,0,0,0,0,0,0,0,0

STAR,ALMU1N,31R,3
IF,ALMUX,36.460000,60.855833, ,0.0,0.0,0,0,0,0,0,0,0,0
TF,MSD,36.231167,59.650556,0, ,0.0,0.0,0.0,0.0,0,0,0,0,0,0,0,0

STAR,ALMU1P,31R,2
IF,ALMUX,36.460000,60.855833, ,0.0,0.0,0,0,0,0,0,0,0,0
TF,D073P,36.293367,59.971231,0, ,0.0,0.0,0.0,0.0,0,0,0,0,0,0,0,0
AF,D130P,36.045422,59.887100,2,MSD,130.0,16.0,73.0,0,0,0,0,0,0,0,0

STAR,ALMU1Q,13L,2
IF,ALMUX,36.460000,60.855833, ,0.0,0.0,0,0,0,0,0,0,0,0
TF,D073R,36.301083,60.011350,0, ,0.0,0.0,0.0,0.0,0,0,0,0,0,0,0,0
AF,D309R,36.435744,59.378647,1,MSD,309.0,18.0,73.0,0,0,0,0,0,0,0,0

STAR,BOTE1P,31R,2
IF,BOTEK,36.798611,58.626111, ,0.0,0.0,0,0,0,0,0,0,0,0
TF,D300T,36.421008,59.311247,0, ,0.0,0.0,0.0,0.0,0,0,0,0,0,0,0,0
TF,MSD,36.231167,59.650556,0, ,0.0,0.0,0.0,0.0,0,0,0,0,0,0,0,0
TF,D130P,36.045422,59.887100,0, ,0.0,0.0,0.0,0.0,0,0,0,0,0,0,0,0

STAR,BOTE2N,ALL,2
IF,BOTEK,36.798611,58.626111, ,0.0,0.0,0,0,0,0,0,0,0,0
TF,D300T,36.421008,59.311247,0, ,0.0,0.0,0.0,0.0,0,0,0,0,0,0,0,0

STAR,BOTE2N,13L,3
IF,D300T,36.421008,59.311247, ,0.0,0.0,0,0,0,0,0,0,0,0
TF,MSD,36.231167,59.650556,0, ,0.0,0.0,0.0,0.0,0,0,0,0,0,0,0,0

STAR,BOTE2N,31R,3
IF,D300T,36.421008,59.311247, ,0.0,0.0,0,0,0,0,0,0,0,0
TF,MSD,36.231167,59.650556,0, ,0.0,0.0,0.0,0.0,0,0,0,0,0,0,0,0

STAR,BOTE2Q,13L,2
IF,BOTEK,36.798611,58.626111, ,0.0,0.0,0,0,0,0,0,0,0,0
TF,D300Y,36.468317,59.226164,0, ,0.0,0.0,0.0,0.0,0,0,0,0,0,0,0,0
TF,D309R,36.435744,59.378647,0, ,0.0,0.0,0.0,0.0,0,0,0,0,0,0,0,0

STAR,EMES2N,ALL,2
IF,EMESA,35.768056,58.560278, ,0.0,0.0,0,0,0,0,0,0,0,0
TF,MS30H,36.000439,59.102850,0, ,0.0,0.0,0.0,0.0,0,0,0,0,0,0,0,0
TF,D238P,36.105442,59.359986,0, ,0.0,0.0,0.0,0.0,0,0,0,0,0,0,0,0

STAR,EMES2N,13L,3
IF,D238P,36.105442,59.359986, ,0.0,0.0,0,0,0,0,0,0,0,0
TF,MSD,36.231167,59.650556,0, ,0.0,0.0,0.0,0.0,0,0,0,0,0,0,0,0

STAR,EMES2N,31R,3
IF,D238P,36.105442,59.359986, ,0.0,0.0,0,0,0,0,0,0,0,0
TF,MSD,36.231167,59.650556,0, ,0.0,0.0,0.0,0.0,0,0,0,0,0,0,0,0

STAR,EMES2P,31R,2
IF,EMESA,35.768056,58.560278, ,0.0,0.0,0,0,0,0,0,0,0,0
TF,MS30H,36.000439,59.102850,0, ,0.0,0.0,0.0,0.0,0,0,0,0,0,0,0,0
TF,D238P,36.105442,59.359986,0, ,0.0,0.0,0.0,0.0,0,0,0,0,0,0,0,0
AF,D170P,35.965572,59.684892,1,MSD,170.0,16.0,238.0,0,0,0,0,0,0,0,0
AF,D130P,36.045422,59.887100,1,MSD,130.0,16.0,170.0,0,0,0,0,0,0,0,0

STAR,EMES2Q,13L,2
IF,EMESA,35.768056,58.560278, ,0.0,0.0,0,0,0,0,0,0,0,0
TF,MS30H,36.000439,59.102850,0, ,0.0,0.0,0.0,0.0,0,0,0,0,0,0,0,0
TF,D238R,36.089675,59.323731,0, ,0.0,0.0,0.0,0.0,0,0,0,0,0,0,0,0
AF,D280R,36.303303,59.290419,2,MSD,280.0,18.0,238.0,0,0,0,0,0,0,0,0
AF,D309R,36.435744,59.378647,2,MSD,309.0,18.0,280.0,0,0,0,0,0,0,0,0

STAR,LOSA2N,ALL,2
IF,LOSAN,35.340278,59.093333, ,0.0,0.0,0,0,0,0,0,0,0,0
TF,MS30B,35.785353,59.369944,0, ,0.0,0.0,0.0,0.0,0,0,0,0,0,0,0,0
TF,D203P,35.993483,59.500503,0, ,0.0,0.0,0.0,0.0,0,0,0,0,0,0,0,0

STAR,LOSA2N,13L,3
IF,D203P,35.993483,59.500503, ,0.0,0.0,0,0,0,0,0,0,0,0
TF,MSD,36.231167,59.650556,0, ,0.0,0.0,0.0,0.0,0,0,0,0,0,0,0,0

STAR,LOSA2N,31R,3
IF,D203P,35.993483,59.500503, ,0.0,0.0,0,0,0,0,0,0,0,0
TF,MSD,36.231167,59.650556,0, ,0.0,0.0,0.0,0.0,0,0,0,0,0,0,0,0

STAR,LOSA2P,31R,2
IF,LOSAN,35.340278,59.093333, ,0.0,0.0,0,0,0,0,0,0,0,0
TF,MS30B,35.785353,59.369944,0, ,0.0,0.0,0.0,0.0,0,0,0,0,0,0,0,0
TF,D203P,35.993483,59.500503,0, ,0.0,0.0,0.0,0.0,0,0,0,0,0,0,0,0
AF,D170P,35.965572,59.684892,1,MSD,170.0,16.0,203.0,0,0,0,0,0,0,0,0
AF,D130P,36.045422,59.887100,1,MSD,130.0,16.0,170.0,0,0,0,0,0,0,0,0

STAR,LOSA2Q,13L,2
IF,LOSAN,35.340278,59.093333, ,0.0,0.0,0,0,0,0,0,0,0,0
TF,MS30B,35.785353,59.369944,0, ,0.0,0.0,0.0,0.0,0,0,0,0,0,0,0,0
TF,D203R,35.963761,59.481811,0, ,0.0,0.0,0.0,0.0,0,0,0,0,0,0,0,0
AF,D280R,36.303303,59.290419,2,MSD,280.0,18.0,203.0,0,0,0,0,0,0,0,0
AF,D309R,36.435744,59.378647,2,MSD,309.0,18.0,280.0,0,0,0,0,0,0,0,0

STAR,MIDM1P,31R,2
IF,MIDMO,37.095278,59.023333, ,0.0,0.0,0,0,0,0,0,0,0,0
TF,D325Y,36.591750,59.390825,0, ,0.0,0.0,0.0,0.0,0,0,0,0,0,0,0,0
TF,MSD,36.231167,59.650556,0, ,0.0,0.0,0.0,0.0,0,0,0,0,0,0,0,0
TF,D130P,36.045422,59.887100,0, ,0.0,0.0,0.0,0.0,0,0,0,0,0,0,0,0

STAR,MIDM2N,ALL,2
IF,MIDMO,37.095278,59.023333, ,0.0,0.0,0,0,0,0,0,0,0,0
TF,D325Y,36.591750,59.390825,0, ,0.0,0.0,0.0,0.0,0,0,0,0,0,0,0,0

STAR,MIDM2N,13L,3
IF,D325Y,36.591750,59.390825, ,0.0,0.0,0,0,0,0,0,0,0,0
TF,MSD,36.231167,59.650556,0, ,0.0,0.0,0.0,0.0,0,0,0,0,0,0,0,0

STAR,MIDM2N,31R,3
IF,D325Y,36.591750,59.390825, ,0.0,0.0,0,0,0,0,0,0,0,0
TF,MSD,36.231167,59.650556,0, ,0.0,0.0,0.0,0.0,0,0,0,0,0,0,0,0

STAR,MIDM2Q,13L,2
IF,MIDMO,37.095278,59.023333, ,0.0,0.0,0,0,0,0,0,0,0,0
TF,D325Y,36.591750,59.390825,0, ,0.0,0.0,0.0,0.0,0,0,0,0,0,0,0,0
TF,D309R,36.435744,59.378647,0, ,0.0,0.0,0.0,0.0,0,0,0,0,0,0,0,0

STAR,NOTS1Q,13L,2
IF,NOTSO,35.237778,59.509444, ,0.0,0.0,0,0,0,0,0,0,0,0
TF,MS30D,35.733778,59.579456,0, ,0.0,0.0,0.0,0.0,0,0,0,0,0,0,0,0
TF,D183P,35.965903,59.612525,0, ,0.0,0.0,0.0,0.0,0,0,0,0,0,0,0,0
TF,MSD,36.231167,59.650556,0, ,0.0,0.0,0.0,0.0,0,0,0,0,0,0,0,0
TF,D309R,36.435744,59.378647,0, ,0.0,0.0,0.0,0.0,0,0,0,0,0,0,0,0

STAR,NOTS2N,ALL,2
IF,NOTSO,35.237778,59.509444, ,0.0,0.0,0,0,0,0,0,0,0,0

STAR,NOTS2N,13L,3
IF,NOTSO,35.237778,59.509444, ,0.0,0.0,0,0,0,0,0,0,0,0
TF,MS30D,35.733778,59.579456,0, ,0.0,0.0,0.0,0.0,0,0,0,0,0,0,0,0
TF,D183P,35.965903,59.612525,0, ,0.0,0.0,0.0,0.0,0,0,0,0,0,0,0,0
TF,MSD,36.231167,59.650556,0, ,0.0,0.0,0.0,0.0,0,0,0,0,0,0,0,0

STAR,NOTS2N,31R,3
IF,NOTSO,35.237778,59.509444, ,0.0,0.0,0,0,0,0,0,0,0,0
TF,MS30D,35.733778,59.579456,0, ,0.0,0.0,0.0,0.0,0,0,0,0,0,0,0,0
TF,D183P,35.965903,59.612525,0, ,0.0,0.0,0.0,0.0,0,0,0,0,0,0,0,0
TF,MSD,36.231167,59.650556,0, ,0.0,0.0,0.0,0.0,0,0,0,0,0,0,0,0

STAR,NOTS2R,31R,2
IF,NOTSO,35.237778,59.509444, ,0.0,0.0,0,0,0,0,0,0,0,0
TF,MS30D,35.733778,59.579456,0, ,0.0,0.0,0.0,0.0,0,0,0,0,0,0,0,0
TF,D183P,35.965903,59.612525,0, ,0.0,0.0,0.0,0.0,0,0,0,0,0,0,0,0
AF,D170P,35.965572,59.684892,1,MSD,170.0,16.0,183.0,0,0,0,0,0,0,0,0
AF,D130P,36.045422,59.887100,1,MSD,130.0,16.0,170.0,0,0,0,0,0,0,0,0

STAR,PAMT1T,ALL,2
IF,PAMTU,35.168333,61.135000, ,0.0,0.0,0,0,0,0,0,0,0,0
TF,MSD,36.228528,59.637889,0, ,0.0,0.0,0.0,0.0,0,0,0,0,0,0,0,0

STAR,RAMI2N,ALL,2
IF,RAMIL,35.485833,58.828056, ,0.0,0.0,0,0,0,0,0,0,0,0
TF,MS30F,35.859369,59.237553,0, ,0.0,0.0,0.0,0.0,0,0,0,0,0,0,0,0
TF,D218P,36.033056,59.429803,0, ,0.0,0.0,0.0,0.0,0,0,0,0,0,0,0,0

STAR,RAMI2N,13L,3
IF,D218P,36.033056,59.429803, ,0.0,0.0,0,0,0,0,0,0,0,0
TF,MSD,36.231167,59.650556,0, ,0.0,0.0,0.0,0.0,0,0,0,0,0,0,0,0

STAR,RAMI2N,31R,3
IF,D218P,36.033056,59.429803, ,0.0,0.0,0,0,0,0,0,0,0,0
TF,MSD,36.231167,59.650556,0, ,0.0,0.0,0.0,0.0,0,0,0,0,0,0,0,0

STAR,RAMI2Q,13L,2
IF,RAMIL,35.485833,58.828056, ,0.0,0.0,0,0,0,0,0,0,0,0
TF,MS30F,35.859369,59.237553,0, ,0.0,0.0,0.0,0.0,0,0,0,0,0,0,0,0
TF,D218R,36.008261,59.402286,0, ,0.0,0.0,0.0,0.0,0,0,0,0,0,0,0,0
AF,D280R,36.303303,59.290419,2,MSD,280.0,18.0,218.0,0,0,0,0,0,0,0,0
AF,D309R,36.435744,59.378647,2,MSD,309.0,18.0,280.0,0,0,0,0,0,0,0,0

STAR,RAMI2R,31R,2
IF,RAMIL,35.485833,58.828056, ,0.0,0.0,0,0,0,0,0,0,0,0
TF,MS30F,35.859369,59.237553,0, ,0.0,0.0,0.0,0.0,0,0,0,0,0,0,0,0
TF,D218P,36.033056,59.429803,0, ,0.0,0.0,0.0,0.0,0,0,0,0,0,0,0,0
AF,D170P,35.965572,59.684892,1,MSD,170.0,16.0,218.0,0,0,0,0,0,0,0,0
AF,D130P,36.045422,59.887100,1,MSD,130.0,16.0,170.0,0,0,0,0,0,0,0,0

STAR,RIBU2N,ALL,2
IF,RIBUX,36.020000,58.446389, ,0.0,0.0,0,0,0,0,0,0,0,0
TF,MS30I,36.126889,59.046478,0, ,0.0,0.0,0.0,0.0,0,0,0,0,0,0,0,0
TF,D253P,36.175931,59.328153,0, ,0.0,0.0,0.0,0.0,0,0,0,0,0,0,0,0

STAR,RIBU2N,13L,3
IF,D253P,36.175931,59.328153, ,0.0,0.0,0,0,0,0,0,0,0,0
TF,MSD,36.231167,59.650556,0, ,0.0,0.0,0.0,0.0,0,0,0,0,0,0,0,0

STAR,RIBU2N,31R,3
IF,D253P,36.175931,59.328153, ,0.0,0.0,0,0,0,0,0,0,0,0
TF,MSD,36.231167,59.650556,0, ,0.0,0.0,0.0,0.0,0,0,0,0,0,0,0,0

STAR,RIBU2P,31R,2
IF,RIBUX,36.020000,58.446389, ,0.0,0.0,0,0,0,0,0,0,0,0
TF,MS30I,36.126889,59.046478,0, ,0.0,0.0,0.0,0.0,0,0,0,0,0,0,0,0
TF,D253P,36.175931,59.328153,0, ,0.0,0.0,0.0,0.0,0,0,0,0,0,0,0,0
AF,D170P,35.965572,59.684892,1,MSD,170.0,16.0,253.0,0,0,0,0,0,0,0,1
AF,D130P,36.045422,59.887100,1,MSD,130.0,16.0,170.0,0,0,0,0,0,0,0,0

STAR,RIBU3Q,13L,2
IF,RIBUX,36.020000,58.446389, ,0.0,0.0,0,0,0,0,0,0,0,0
TF,MS30I,36.126889,59.046478,0, ,0.0,0.0,0.0,0.0,0,0,0,0,0,0,0,0
TF,D253R,36.168964,59.287917,0, ,0.0,0.0,0.0,0.0,0,0,0,0,0,0,0,0
AF,D280R,36.303303,59.290419,2,MSD,280.0,18.0,253.0,0,0,0,0,0,0,0,0
AF,D309R,36.435744,59.378647,2,MSD,309.0,18.0,280.0,0,0,0,0,0,0,0,0

STAR,TANB1N,ALL,2
IF,TANBU,35.572778,60.575000, ,0.0,0.0,0,0,0,0,0,0,0,0

STAR,TANB1N,13L,3
IF,TANBU,35.572778,60.575000, ,0.0,0.0,0,0,0,0,0,0,0,0
TF,MS30A,35.902244,60.115569,0, ,0.0,0.0,0.0,0.0,0,0,0,0,0,0,0,0
TF,MSD,36.231167,59.650556,0, ,0.0,0.0,0.0,0.0,0,0,0,0,0,0,0,0

STAR,TANB1N,31R,3
IF,TANBU,35.572778,60.575000, ,0.0,0.0,0,0,0,0,0,0,0,0
TF,MS30A,35.902244,60.115569,0, ,0.0,0.0,0.0,0.0,0,0,0,0,0,0,0,0
TF,MSD,36.231167,59.650556,0, ,0.0,0.0,0.0,0.0,0,0,0,0,0,0,0,0

STAR,TANB1P,31R,2
IF,TANBU,35.572778,60.575000, ,0.0,0.0,0,0,0,0,0,0,0,0
TF,MSD30,35.894969,60.107586,0, ,0.0,0.0,0.0,0.0,0,0,0,0,0,0,0,0
TF,D130P,36.045422,59.887100,0, ,0.0,0.0,0.0,0.0,0,0,0,0,0,0,0,0

STAR,TANB1Q,13L,2
IF,TANBU,35.572778,60.575000, ,0.0,0.0,0,0,0,0,0,0,0,0
TF,MS30A,35.902244,60.115569,0, ,0.0,0.0,0.0,0.0,0,0,0,0,0,0,0,0
TF,MSD,36.231167,59.650556,0, ,0.0,0.0,0.0,0.0,0,0,0,0,0,0,0,0
TF,D309R,36.435744,59.378647,0, ,0.0,0.0,0.0,0.0,0,0,0,0,0,0,0,0

APPTR,D13LY,13L,MSD1
IF,MSD,36.231167,59.650556, ,0.0,0.0,2,11000,0,0,0,0,1,0
FD,MSD,36.231167,59.650556,0,MSD,0.0,11.0,331.0,11.0,2,6300,0,0,0,0,0,0
CF,CD13L,36.356261,59.484558,1,MSD,309.0,11.0,129.0,1.0,2,6300,0,0,0,0,1,0

APPTR,D13LY,13L,MSD2
IF,MSD,36.231167,59.650556, ,0.0,0.0,2,11000,0,0,0,0,1,0
FD,MSD,36.231167,59.650556,0,MSD,0.0,11.0,319.0,11.0,2,6300,0,0,0,0,0,0
CF,CD13L,36.356261,59.484558,1,MSD,309.0,11.0,129.0,1.0,2,6300,0,0,0,0,1,0

FINAL,D13LY,13L,D,3
IF,CD13L,36.356261,59.484558,MSD,309.0,11.0,2,6300,0,0,0,0,0,0
CF,FD13L,36.299428,59.560075,0,MSD,309.0,6.0,129.0,5.0,2,4800,0,0,0,0,2,0
CF,MD13L,36.253928,59.620411,0,MSD,309.0,2.0,129.0,4.0,1,3439,0,0,0,0,3,0
CF,MSD,36.231167,59.650556,0,MSD,0.0,0.0,129.0,2.0,0,0,0,0,0,0,0,0
FA,MSD,36.231167,59.650556,0,MSD,0.0,0.0,120.0,2,7500,0,0,0,0,0,0
DF,MSD,36.231167,59.650556,1, ,0.0,0.0,1,11000,0,0,0,0,0,0
HM,MSD,36.231167,59.650556,2, ,0.0,0.0,330.0,04.3,2,11000,0,1,210,0,0,0,0

APPTR,D13LZ,13L,D309R
IF,D309R,36.435744,59.378647, ,0.0,0.0,2,9500,0,0,0,0,1,0
CF,CD13L,36.356261,59.484558,0,MSD,309.0,11.0,129.0,7.0,2,6300,0,0,0,0,1,0

FINAL,D13LZ,13L,D,3
IF,CD13L,36.356261,59.484558,MSD,309.0,11.0,2,6300,0,0,0,0,0,0
CF,FD13L,36.299428,59.560075,0,MSD,309.0,6.0,129.0,5.0,2,4800,0,0,0,0,2,0
CF,MD13L,36.253928,59.620411,0,MSD,309.0,2.0,129.0,4.0,1,3439,0,0,0,0,3,0
CF,MSD,36.231167,59.650556,0,MSD,0.0,0.0,129.0,2.0,0,0,0,0,0,0,0,0
FA,MSD,36.231167,59.650556,0,MSD,0.0,0.0,120.0,2,7500,0,0,0,0,0,0
DF,MSD,36.231167,59.650556,1, ,0.0,0.0,1,11000,0,0,0,0,0,0
HM,MSD,36.231167,59.650556,2, ,0.0,0.0,330.0,04.3,2,11000,0,1,210,0,0,0,0

APPTR,D31RY,31R,MSD1
IF,MSD,36.231167,59.650556, ,0.0,0.0,2,11000,0,1,210,0,1,0
FD,MSD,36.231167,59.650556,0,MSD,0.0,11.0,110.0,11.0,2,6500,0,0,0,0,0,0
CF,CF31R,36.103267,59.813161,2,MSD,130.1,11.0,310.0,1.0,2,6500,0,0,0,0,1,0

APPTR,D31RY,31R,MSD2
IF,MSD,36.231167,59.650556, ,0.0,0.0,2,11000,0,0,0,0,1,0
FD,MSD,36.231167,59.650556,0,MSD,0.0,11.0,121.0,11.0,2,6500,0,0,0,0,0,0
CF,CF31R,36.103267,59.813161,2,MSD,130.1,11.0,310.0,1.0,2,6500,0,0,0,0,1,0

FINAL,D31RY,31R,D,3
IF,CF31R,36.103267,59.813161,MSD,130.1,11.0,2,6500,0,0,0,0,0,0
CF,FD31R,36.173172,59.724594,0,MSD,130.0,5.0,310.0,6.0,2,4900,0,0,0,0,2,0
CF,MD31R,36.219569,59.665372,0,MSD,130.0,1.0,310.0,4.0,1,3489,0,0,0,0,3,0
CF,MSD,36.231167,59.650556,0,MSD,0.0,0.0,310.0,1.0,0,0,0,0,0,0,0,0
FA,MSD,36.231167,59.650556,0,MSD,0.0,0.0,305.0,2,6000,0,0,0,0,0,0
DF,MSD,36.231167,59.650556,2, ,0.0,0.0,1,11000,0,0,0,0,0,0
HM,MSD,36.231167,59.650556,1, ,0.0,0.0,110.0,04.3,2,11000,0,1,210,0,0,0,0

APPTR,D31RZ,31R,D130P
IF,D130P,36.045422,59.887100, ,0.0,0.0,2,8000,0,0,0,0,1,0
CF,CF31R,36.103267,59.813161,0,MSD,130.1,11.0,310.0,5.0,2,6500,0,0,0,0,1,0

FINAL,D31RZ,31R,D,3
IF,CF31R,36.103267,59.813161,MSD,130.1,11.0,2,6500,0,0,0,0,0,0
CF,FD31R,36.173172,59.724594,0,MSD,130.0,5.0,310.0,6.0,2,4900,0,0,0,0,2,0
CF,MD31R,36.219569,59.665372,0,MSD,130.0,1.0,310.0,4.0,1,3489,0,0,0,0,3,0
CF,MSD,36.231167,59.650556,0,MSD,0.0,0.0,310.0,1.0,0,0,0,0,0,0,0,0
FA,MSD,36.231167,59.650556,0,MSD,0.0,0.0,305.0,2,6000,0,0,0,0,0,0
DF,MSD,36.231167,59.650556,2, ,0.0,0.0,0,0,0,0,0,0,0,0
CF,D130P,36.045422,59.887100,0,MSD,130.0,16.0,130.0,16.0,1,8000,0,0,0,0,0,0
HM,D130P,36.045422,59.887100,2, ,0.0,0.0,310.0,04.3,2,8000,0,0,0,0,0,0,0

APPTR,I31RY,31R,MSD1
IF,MSD,36.231167,59.650556, ,0.0,0.0,2,11000,0,0,0,0,0,0
FD,MSD,36.231167,59.650556,0,MSD,0.0,11.0,110.0,11.0,2,6500,0,1,210,0,0,0
CF,CF31R,36.103267,59.813161,2,IMSD,129.6,12.8,309.0,1.0,2,6500,0,0,0,0,1,0

APPTR,I31RY,31R,MSD2
IF,MSD,36.231167,59.650556, ,0.0,0.0,2,11000,0,0,0,0,0,0
FD,MSD,36.231167,59.650556,0,MSD,0.0,11.0,121.0,11.0,2,6500,0,0,0,0,0,0
CF,CF31R,36.103267,59.813161,2,IMSD,129.6,12.8,309.0,1.0,2,6500,0,0,0,0,1,0

FINAL,I31RY,31R,I,3
IF,CF31R,36.103267,59.813161,IMSD,129.6,12.8,2,6500,0,0,0,0,0,0
CF,FF31R,36.166328,59.731772,0,IMSD,129.6,7.3,309.0,5.5,1,5000,0,0,0,0,2,0
CF,RW31R,36.224014,59.657142,0,IMSD,129.6,2.3,309.0,5.0,1,3321,0,0,0,0,3,0
CF,MSD,36.231167,59.650556,0,MSD,0.0,0.0,309.0,0.5,0,0,0,0,0,0,0,0
FA,MSD,36.231167,59.650556,0,MSD,0.0,0.0,305.0,2,6000,0,0,0,0,0,0
DF,MSD,36.231167,59.650556,2, ,0.0,0.0,1,11000,0,0,0,0,0,0
HM,MSD,36.231167,59.650556,1, ,0.0,0.0,110.0,04.3,2,11000,0,1,210,0,0,0,0

APPTR,I31RZ,31R,D130P
IF,D130P,36.045422,59.887100, ,0.0,0.0,2,8000,0,0,0,0,1,0
CF,CF31R,36.103267,59.813161,0,IMSD,129.6,12.8,310.0,5.0,2,6500,0,0,0,0,1,0

FINAL,I31RZ,31R,I,3
IF,CF31R,36.103267,59.813161,IMSD,129.6,12.8,2,6500,0,0,0,0,0,0
CF,FF31R,36.166328,59.731772,0,IMSD,129.6,7.3,309.0,5.5,1,5000,0,0,0,0,2,0
CF,RW31R,36.224014,59.657142,0,IMSD,129.6,2.3,309.0,5.0,1,3321,0,0,0,0,3,0
CF,MSD,36.231167,59.650556,0,MSD,0.0,0.0,309.0,0.5,0,0,0,0,0,0,0,0
FA,MSD,36.231167,59.650556,0,MSD,0.0,0.0,305.0,2,6000,0,0,0,0,0,0
VI,2, ,0.0,160.0,0,0,0,0,0,0,0,0
CF,D130P,36.045422,59.887100,0,MSD,130.0,16.0,130.0,16.0,1,8000,0,0,0,0,0,0
HM,D130P,36.045422,59.887100,2, ,0.0,0.0,310.0,04.3,2,8000,0,0,0,0,0,0,0

APPTR,N13LA,13L,MSD
IF,MSD,36.228528,59.637889, ,0.0,0.0,2,7000,0,1,185,0,1,0
FC,MSD,36.228528,59.637889,0,MSD,0.0,0.0,336.0,9.3,0,0,0,0,0,0,0,1
CF,FF140,36.354047,59.525097,1,MSD,316.5,9.6,140.0,1.0,1,5600,0,0,0,0,0,0

FINAL,N13LA,13L,N,2
IF,FF140,36.354047,59.525097,MSD,0.0,0.0,1,5600,0,0,0,0,2,0
CF,MSD,36.228528,59.637889,0,MSD,0.0,0.0,140.0,9.3,1,4200,0,0,0,0,3,0
CA,0,120.0,2,5500,0,0,0,0,0,0
DF,MSD,36.228528,59.637889,1, ,0.0,0.0,1,7000,0,0,0,0,0,0
HM,MSD,36.228528,59.637889,2, ,0.0,0.0,336.0,04.3,2,7000,0,1,220,0,0,0,0

APPTR,N13RA,13R,MSD
IF,MSD,36.228528,59.637889, ,0.0,0.0,2,7000,0,1,185,0,1,0
FC,MSD,36.228528,59.637889,0,MSD,0.0,0.0,336.0,9.3,0,0,0,0,0,0,0,1
CF,FF140,36.354047,59.525097,1,MSD,316.5,9.6,140.0,1.0,1,5600,0,0,0,0,0,0

FINAL,N13RA,13R,N,2
IF,FF140,36.354047,59.525097,MSD,0.0,0.0,1,5600,0,0,0,0,2,0
CF,MSD,36.228528,59.637889,0,MSD,0.0,0.0,140.0,9.3,1,4200,0,0,0,0,3,0
CA,0,120.0,2,5500,0,0,0,0,0,0
DF,MSD,36.228528,59.637889,1, ,0.0,0.0,1,7000,0,0,0,0,0,0
HM,MSD,36.228528,59.637889,2, ,0.0,0.0,336.0,04.3,2,7000,0,1,220,0,0,0,0

APPTR,N31L,31L,MSD
IF,MSD,36.228528,59.637889, ,0.0,0.0,2,7500,0,1,185,0,1,0
CF,D115H,36.166139,59.776511,0,MSD,118.5,7.3,115.0,7.7,2,5200,0,0,0,0,0,0
FC,D115H,36.166139,59.776511,0,MSD,0.0,0.0,70.0,4.3,2,5200,0,0,0,0,0,1
CF,FN31L,36.172631,59.762119,2,MSD,118.9,6.5,295.0,5.3,2,5200,0,0,0,0,0,0

FINAL,N31L,31L,N,2
IF,FN31L,36.172631,59.762119,MSD,0.0,0.0,2,5200,0,0,0,0,2,0
CF,RW31L,36.222303,59.655975,0,MSD,0.0,0.0,295.0,6.0,1,3316,0,0,0,0,3,0
CF,MSD,36.228528,59.637889,0,MSD,251.6,0.6,295.0,1.0,0,0,0,0,0,0,0,1
FA,MSD,36.228528,59.637889,0,MSD,0.0,0.0,325.0,2,5500,0,0,0,0,0,0
DF,MSD,36.228528,59.637889,2, ,0.0,0.0,1,7500,0,0,0,0,0,0
HM,MSD,36.228528,59.637889,1, ,0.0,0.0,115.0,04.3,2,7500,0,1,230,0,0,0,0

APPTR,N31LA,31L,MSD
IF,MSD,36.228528,59.637889, ,0.0,0.0,2,7000,0,1,185,0,1,0
FC,MSD,36.228528,59.637889,0,MSD,0.0,0.0,336.0,9.3,0,0,0,0,0,0,0,1
CF,FF140,36.354047,59.525097,1,MSD,316.5,9.6,140.0,1.0,1,5600,0,0,0,0,0,0

FINAL,N31LA,31L,N,2
IF,FF140,36.354047,59.525097,MSD,0.0,0.0,1,5600,0,0,0,0,2,0
CF,MSD,36.228528,59.637889,0,MSD,0.0,0.0,140.0,9.3,1,4200,0,0,0,0,3,0
CA,0,120.0,2,5500,0,0,0,0,0,0
DF,MSD,36.228528,59.637889,1, ,0.0,0.0,1,7000,0,0,0,0,0,0
HM,MSD,36.228528,59.637889,2, ,0.0,0.0,336.0,04.3,2,7000,0,1,220,0,0,0,0

APPTR,N31R,31R,MSD
IF,MSD,36.228528,59.637889, ,0.0,0.0,2,7500,0,1,185,0,1,0
CF,D115H,36.166139,59.776511,0,MSD,118.5,7.3,115.0,7.7,2,5200,0,0,0,0,0,0
FC,D115H,36.166139,59.776511,0,MSD,0.0,0.0,70.0,4.3,2,5200,0,0,0,0,0,1
CF,FN31R,36.173042,59.761206,2,MSD,118.9,6.4,295.0,5.3,2,5200,0,0,0,0,0,0

FINAL,N31R,31R,N,3
IF,FN31R,36.173042,59.761206,MSD,0.0,0.0,2,5200,0,0,0,0,2,0
CF,EN31R,36.220850,59.654975,0,MSD,0.0,0.0,295.0,5.9,1,3321,0,0,0,0,0,1
CF,MSD,36.228528,59.637889,0,MSD,0.0,0.0,295.0,1.0,2,3670,0,0,0,0,3,1
FA,MSD,36.228528,59.637889,0,MSD,0.0,0.0,325.0,2,5500,0,0,0,0,0,0
DF,MSD,36.228528,59.637889,2, ,0.0,0.0,1,7500,0,0,0,0,0,0
HM,MSD,36.228528,59.637889,1, ,0.0,0.0,115.0,04.3,2,7500,0,1,230,0,0,0,0

APPTR,N31RA,31R,MSD
IF,MSD,36.228528,59.637889, ,0.0,0.0,2,7000,0,1,185,0,1,0
FC,MSD,36.228528,59.637889,0,MSD,0.0,0.0,336.0,9.3,0,0,0,0,0,0,0,1
CF,FF140,36.354047,59.525097,1,MSD,316.5,9.6,140.0,1.0,1,5600,0,0,0,0,0,0

FINAL,N31RA,31R,N,2
IF,FF140,36.354047,59.525097,MSD,0.0,0.0,1,5600,0,0,0,0,2,0
CF,MSD,36.228528,59.637889,0,MSD,0.0,0.0,140.0,9.3,1,4200,0,0,0,0,3,0
CA,0,120.0,2,5500,0,0,0,0,0,0
DF,MSD,36.228528,59.637889,1, ,0.0,0.0,1,7000,0,0,0,0,0,0
HM,MSD,36.228528,59.637889,2, ,0.0,0.0,336.0,04.3,2,7000,0,1,220,0,0,0,0

