SID,KULD1A,08L,4
CF,ALTEV,31.739061,36.054906,0,QAA,264.6,5.3,75.0,3.0,0,0,0,0,0,0,0,1
CA,0,75.0,2,2800,0,0,0,0,0,0
DF,DENVI,31.498589,36.153556,0, ,0.0,0.0,0,0,0,1,250,0,0,0

SID,KULD1A,08R,4
CF,TASPO,31.726708,36.065894,0,QAA,255.6,4.8,75.0,3.0,0,0,0,0,0,0,0,1
CA,0,75.0,2,2800,0,0,0,0,0,0
DF,DENVI,31.498589,36.153556,2, ,0.0,0.0,0,0,0,1,250,0,0,0

SID,KULD1A,ALL,5
IF,DENVI,31.498589,36.153556, ,0.0,0.0,0,0,0,1,250,0,0,0
TF,KULDI,31.313075,36.537267,0, ,0.0,0.0,0.0,0.0,2,15000,0,0,0,0,0,0

SID,KULD1C,26L,4
CA,0,255.0,2,2800,0,0,0,0,0,0
CF,RETOK,31.706050,35.923011,0,QAA,255.5,12.2,255.0,5.0,0,0,0,0,0,0,0,1
DF,ALVIT,31.477122,35.860147,0, ,0.0,0.0,0,0,0,1,250,0,0,0

SID,KULD1C,26R,4
CA,0,255.0,2,2800,0,0,0,0,0,0
CF,GEPAN,31.718417,35.911997,0,QAA,259.3,12.6,255.0,5.0,0,0,0,0,0,0,0,1
DF,ALVIT,31.477122,35.860147,0, ,0.0,0.0,0,0,0,1,250,0,0,0

SID,KULD1C,ALL,5
IF,ALVIT,31.477122,35.860147, ,0.0,0.0,0,0,0,1,250,0,0,0
TF,AI718,31.403228,36.167275,0, ,0.0,0.0,0.0,0.0,0,0,0,0,0,0,0,0
TF,KULDI,31.313075,36.537267,0, ,0.0,0.0,0.0,0.0,2,15000,0,0,0,0,0,0

SID,KULD1Y,08L,1
CA,0,76.0,2,2800,0,0,0,0,0,0
CF,QAA,31.739722,36.157500,0,QAA,0.0,0.0,82.0,7.0,0,0,0,0,0,0,0,1
VI,0, ,0.0,168.0,0,0,0,1,250,0,0,0
CF,KULDI,31.313075,36.537267,0,QAA,137.6,32.1,138.0,30.0,2,15000,0,0,0,0,0,0

SID,KULD1Y,08R,1
CF,QAA,31.739722,36.157500,0,QAA,0.0,0.0,75.0,8.0,0,0,0,0,0,0,0,1
VI,2, ,0.0,168.0,0,0,0,1,250,0,0,0
CF,KULDI,31.313075,36.537267,0,QAA,137.6,32.1,138.0,29.0,2,15000,0,0,0,0,0,0

SID,KULD1Z,26L,1
CD, ,0,0,0,QAA,0,0.0,255.0,12.6,0,0,0,0,0,0,0,0
CF,D255P,31.692942,35.849692,0,QAA,255.0,16.0,255.0,3.0,0,0,0,0,0,0,0,0
AF,D149P,31.499447,36.294231,1,QAA,149.0,16.0,255.0,0,0,0,0,0,0,0,0

SID,KULD1Z,26R,1
CD, ,0,0,0,QAA,0,0.0,255.0,13.0,0,0,0,0,0,0,0,0
CF,D255P,31.692942,35.849692,0,QAA,255.0,16.0,255.0,3.0,0,0,0,0,0,0,0,0
AF,D149P,31.499447,36.294231,1,QAA,149.0,16.0,255.0,0,0,0,0,0,0,0,0

SID,KULD1Z,ALL,2
IF,D149P,31.499447,36.294231, ,0.0,0.0,0,0,0,0,0,0,0,0
CF,KULDI,31.313075,36.537267,0,QAA,137.6,32.1,138.0,15.0,2,15000,0,1,250,0,0,0

SID,LOSA1A,08L,4
CF,ALTEV,31.739061,36.054906,0,QAA,264.6,5.3,75.0,3.0,0,0,0,0,0,0,0,1
CA,0,75.0,2,2800,0,0,0,0,0,0
DF,ALVAV,31.887911,36.120217,0, ,0.0,0.0,0,0,0,1,220,0,0,0

SID,LOSA1A,08R,4
CF,TASPO,31.726708,36.065894,0,QAA,255.6,4.8,75.0,3.0,0,0,0,0,0,0,0,1
CA,0,75.0,2,2800,0,0,0,0,0,0
DF,ALVAV,31.887911,36.120217,0, ,0.0,0.0,0,0,0,1,220,0,0,0

SID,LOSA1A,ALL,5
IF,ALVAV,31.887911,36.120217, ,0.0,0.0,0,0,0,1,220,0,0,0
TF,LABTO,32.035903,36.151100,0, ,0.0,0.0,0.0,0.0,0,0,0,0,0,0,0,0
TF,LOSAR,32.158350,36.480492,0, ,0.0,0.0,0.0,0.0,2,13000,0,0,0,0,0,0

SID,LOSA1C,26L,4
CA,0,255.0,2,2800,0,0,0,0,0,0
CF,RETOK,31.706050,35.923011,0,QAA,255.5,12.2,255.0,5.0,0,0,0,0,0,0,0,1
DF,LOTEN,31.882394,35.866039,0, ,0.0,0.0,0,0,0,1,230,0,0,0

SID,LOSA1C,26R,4
CA,0,255.0,2,2800,0,0,0,0,0,0
CF,GEPAN,31.718417,35.911997,0,QAA,259.3,12.6,255.0,5.0,0,0,0,0,0,0,0,1
DF,LOTEN,31.882394,35.866039,2, ,0.0,0.0,0,0,0,1,230,0,0,0

SID,LOSA1C,ALL,5
IF,LOTEN,31.882394,35.866039, ,0.0,0.0,0,0,0,1,230,0,0,0
TF,AMN,32.004072,36.065986,0, ,0.0,0.0,0.0,0.0,0,0,0,1,250,0,0,0
TF,LABTO,32.035903,36.151100,0, ,0.0,0.0,0.0,0.0,0,0,0,0,0,0,0,0
TF,LOSAR,32.158350,36.480492,0, ,0.0,0.0,0.0,0.0,2,13000,0,0,0,0,0,0

SID,LOSA1Y,08L,1
CA,0,76.0,2,2800,0,0,0,0,0,0
CD, ,0,0,0,QAA,0,0.0,82.0,4.4,0,0,0,0,0,0,0,0
CA,0,82.0,2,3700,0,0,0,0,0,0
VI,0, ,0.0,9.0,0,0,0,1,250,0,0,0
CF,D159D,31.948014,36.085436,0,AMN,158.5,3.5,339.0,12.0,0,0,0,0,0,0,0,1
VI,0, ,0.0,31.0,0,0,0,1,250,0,0,0
CF,LOSAR,32.158350,36.480492,0,AMN,61.3,23.1,61.0,20.0,2,13000,0,0,0,0,0,0

SID,LOSA1Y,08R,1
CD, ,0,0,0,QAA,0,0.0,75.0,4.4,0,0,0,0,0,0,0,0
CA,0,75.0,2,3700,0,0,0,0,0,0
VI,0, ,0.0,9.0,0,0,0,1,250,0,0,0
CF,D159D,31.948014,36.085436,0,AMN,158.5,3.5,339.0,11.0,0,0,0,0,0,0,0,1
VI,0, ,0.0,31.0,0,0,0,1,250,0,0,0
CF,LOSAR,32.158350,36.480492,0,AMN,61.3,23.1,61.0,20.0,2,13000,0,0,0,0,0,0

SID,LOSA1Z,26L,1
CA,0,255.0,2,2760,0,0,0,0,0,0
VD, ,0,0,0,QAA,0.0,0.0,267.0,12.2,0,0,0,0,0,0,0,0
VI,2, ,0.0,360.0,0,0,0,0,0,0,0,0
CF,AMN,32.004072,36.065986,0,QAA,338.6,16.5,34.0,15.0,0,0,0,0,0,0,0,0

SID,LOSA1Z,26R,1
CA,0,255.0,2,2760,0,0,0,0,0,0
VD, ,0,0,0,QAA,0.0,0.0,267.0,12.6,0,0,0,0,0,0,0,0
VI,2, ,0.0,360.0,0,0,0,0,0,0,0,0
CF,AMN,32.004072,36.065986,0,QAA,338.6,16.5,34.0,15.0,0,0,0,0,0,0,0,0

SID,LOSA1Z,ALL,2
IF,AMN,32.004072,36.065986, ,0.0,0.0,0,0,0,0,0,0,0,0
TF,LOSAR,32.158350,36.480492,0, ,0.0,0.0,0.0,0.0,2,13000,0,0,0,0,0,0

SID,LOSI1A,08L,4
CF,ALTEV,31.739061,36.054906,0,QAA,264.6,5.3,75.0,3.0,0,0,0,0,0,0,0,1
CA,0,75.0,2,2800,0,0,0,0,0,0
DF,DENVI,31.498589,36.153556,0, ,0.0,0.0,0,0,0,1,250,0,0,0

SID,LOSI1A,08R,4
CF,TASPO,31.726708,36.065894,0,QAA,255.6,4.8,75.0,3.0,0,0,0,0,0,0,0,1
CA,0,75.0,2,2800,0,0,0,0,0,0
DF,DENVI,31.498589,36.153556,2, ,0.0,0.0,0,0,0,1,250,0,0,0

SID,LOSI1A,ALL,5
IF,DENVI,31.498589,36.153556, ,0.0,0.0,0,0,0,1,250,0,0,0
TF,LOSEK,31.161728,36.149111,0, ,0.0,0.0,0.0,0.0,0,0,0,0,0,0,0,0
TF,LOSIL,30.814222,35.794808,0, ,0.0,0.0,0.0,0.0,2,9000,0,0,0,0,0,0

SID,LOSI1C,26L,4
CA,0,255.0,2,2800,0,0,0,0,0,0
CF,RETOK,31.706050,35.923011,0,QAA,255.5,12.2,255.0,5.0,0,0,0,0,0,0,0,1
DF,ALVIT,31.477122,35.860147,0, ,0.0,0.0,0,0,0,1,250,0,0,0

SID,LOSI1C,26R,4
CA,0,255.0,2,2800,0,0,0,0,0,0
CF,GEPAN,31.718417,35.911997,0,QAA,259.3,12.6,255.0,5.0,0,0,0,0,0,0,0,1
DF,ALVIT,31.477122,35.860147,0, ,0.0,0.0,0,0,0,1,250,0,0,0

SID,LOSI1C,ALL,5
IF,ALVIT,31.477122,35.860147, ,0.0,0.0,0,0,0,1,250,0,0,0
TF,IMTOD,31.180411,35.830789,0, ,0.0,0.0,0.0,0.0,0,0,0,0,0,0,0,0
TF,LOSIL,30.814222,35.794808,0, ,0.0,0.0,0.0,0.0,2,9000,0,0,0,0,0,0

SID,LOSI1Y,08L,1
CA,0,76.0,2,2800,0,0,0,0,0,0
CD, ,0,0,0,QAA,0,0.0,82.0,4.4,0,0,0,0,0,0,0,0
CA,0,82.0,2,3700,0,0,0,0,0,0
VI,0, ,0.0,164.0,0,0,0,1,250,0,0,0
CF,LOSIL,30.814222,35.794808,0,QAA,193.7,58.5,194.0,57.0,2,9000,0,0,0,0,0,0

SID,LOSI1Y,08R,1
CD, ,0,0,0,QAA,0,0.0,75.0,4.4,0,0,0,0,0,0,0,0
CA,0,75.0,2,3700,0,0,0,0,0,0
VI,0, ,0.0,164.0,0,0,0,1,250,0,0,0
CF,LOSIL,30.814222,35.794808,0,QAA,193.7,58.5,194.0,57.0,2,9000,0,0,0,0,0,0

SID,LOSI1Z,26L,1
CD, ,0,0,0,QAA,0,0.0,255.0,12.6,0,0,0,0,0,0,0,0
CF,D255P,31.692942,35.849692,0,QAA,255.0,16.0,255.0,3.0,0,0,0,0,0,0,0,0
AF,D205P,31.508183,36.001531,1,QAA,205.0,16.0,255.0,0,0,0,0,0,0,0,0

SID,LOSI1Z,26R,1
CD, ,0,0,0,QAA,0,0.0,255.0,13.0,0,0,0,0,0,0,0,0
CF,D255P,31.692942,35.849692,0,QAA,255.0,16.0,255.0,3.0,0,0,0,0,0,0,0,0
AF,D205P,31.508183,36.001531,1,QAA,205.0,16.0,255.0,0,0,0,0,0,0,0,0

SID,LOSI1Z,ALL,2
IF,D205P,31.508183,36.001531, ,0.0,0.0,0,0,0,0,0,0,0,0
CF,LOSIL,30.814222,35.794808,0,QAA,193.7,58.5,194.0,42.0,2,9000,0,0,0,0,0,0

SID,MUNR1A,08L,4
CF,ALTEV,31.739061,36.054906,0,QAA,264.6,5.3,75.0,3.0,0,0,0,0,0,0,0,1
CA,0,75.0,2,2800,0,0,0,0,0,0
DF,DENVI,31.498589,36.153556,0, ,0.0,0.0,0,0,0,1,250,0,0,0

SID,MUNR1A,08R,4
CF,TASPO,31.726708,36.065894,0,QAA,255.6,4.8,75.0,3.0,0,0,0,0,0,0,0,1
CA,0,75.0,2,2800,0,0,0,0,0,0
DF,DENVI,31.498589,36.153556,2, ,0.0,0.0,0,0,0,1,250,0,0,0

SID,MUNR1A,ALL,5
IF,DENVI,31.498589,36.153556, ,0.0,0.0,0,0,0,1,250,0,0,0
TF,LOSEK,31.161728,36.149111,0, ,0.0,0.0,0.0,0.0,0,0,0,0,0,0,0,0
TF,MUNRA,30.828969,36.143022,0, ,0.0,0.0,0.0,0.0,2,25000,0,0,0,0,0,0

SID,MUNR1C,26L,4
CA,0,255.0,2,2800,0,0,0,0,0,0
CF,RETOK,31.706050,35.923011,0,QAA,255.5,12.2,255.0,5.0,0,0,0,0,0,0,0,1
DF,ALVIT,31.477122,35.860147,0, ,0.0,0.0,0,0,0,1,250,0,0,0

SID,MUNR1C,26R,4
CA,0,255.0,2,2800,0,0,0,0,0,0
CF,GEPAN,31.718417,35.911997,0,QAA,259.3,12.6,255.0,5.0,0,0,0,0,0,0,0,1
DF,ALVIT,31.477122,35.860147,0, ,0.0,0.0,0,0,0,1,250,0,0,0

SID,MUNR1C,ALL,5
IF,ALVIT,31.477122,35.860147, ,0.0,0.0,0,0,0,1,250,0,0,0
TF,IMTOD,31.180411,35.830789,0, ,0.0,0.0,0.0,0.0,0,0,0,0,0,0,0,0
TF,MUNRA,30.828969,36.143022,0, ,0.0,0.0,0.0,0.0,2,25000,0,0,0,0,0,0

SID,MUNR1Y,08L,1
CA,0,76.0,2,2800,0,0,0,0,0,0
CD, ,0,0,0,QAA,0,0.0,82.0,4.4,0,0,0,0,0,0,0,0
CA,0,82.0,2,3700,0,0,0,0,0,0
VI,0, ,0.0,146.0,0,0,0,1,250,0,0,0
CF,D176W,31.355586,36.151358,0,QAA,175.8,23.0,176.0,22.0,2,9000,0,0,0,0,0,0
TF,MUNRA,30.828969,36.143022,0, ,0.0,0.0,0.0,0.0,2,25000,0,0,0,0,0,0

SID,MUNR1Y,08R,1
CD, ,0,0,0,QAA,0,0.0,75.0,4.4,0,0,0,0,0,0,0,0
CA,0,75.0,2,3700,0,0,0,0,0,0
VI,0, ,0.0,146.0,0,0,0,1,250,0,0,0
CF,D176W,31.355586,36.151358,0,QAA,175.8,23.0,176.0,21.0,2,9000,0,0,0,0,0,0
TF,MUNRA,30.828969,36.143022,0, ,0.0,0.0,0.0,0.0,2,25000,0,0,0,0,0,0

SID,MUNR1Z,26L,1
CD, ,0,0,0,QAA,0,0.0,255.0,12.6,0,0,0,0,0,0,0,0
CF,D255P,31.692942,35.849692,0,QAA,255.0,16.0,255.0,3.0,0,0,0,0,0,0,0,0
AF,D189P,31.480392,36.082056,1,QAA,189.0,16.0,255.0,0,0,0,0,0,0,0,0

SID,MUNR1Z,26R,1
CD, ,0,0,0,QAA,0,0.0,255.0,13.0,0,0,0,0,0,0,0,0
CF,D255P,31.692942,35.849692,0,QAA,255.0,16.0,255.0,3.0,0,0,0,0,0,0,0,0
AF,D189P,31.480392,36.082056,1,QAA,189.0,16.0,255.0,0,0,0,0,0,0,0,0

SID,MUNR1Z,ALL,2
IF,D189P,31.480392,36.082056, ,0.0,0.0,0,0,0,0,0,0,0,0
CF,MUNRA,30.828969,36.143022,0,QAA,175.8,54.5,176.0,38.0,2,25000,0,0,0,0,0,0

SID,MUVI1A,08L,4
CF,ALTEV,31.739061,36.054906,0,QAA,264.6,5.3,75.0,3.0,0,0,0,0,0,0,0,1
CA,0,75.0,2,2800,0,0,0,0,0,0
DF,ALVAV,31.887911,36.120217,0, ,0.0,0.0,0,0,0,1,220,0,0,0

SID,MUVI1A,08R,4
CF,TASPO,31.726708,36.065894,0,QAA,255.6,4.8,75.0,3.0,0,0,0,0,0,0,0,1
CA,0,75.0,2,2800,0,0,0,0,0,0
DF,ALVAV,31.887911,36.120217,0, ,0.0,0.0,0,0,0,1,220,0,0,0

SID,MUVI1A,ALL,5
IF,ALVAV,31.887911,36.120217, ,0.0,0.0,0,0,0,1,220,0,0,0
TF,AI850,31.916619,35.955561,0, ,0.0,0.0,0.0,0.0,0,0,0,1,260,0,0,0
TF,AI854,31.893589,35.728008,0, ,0.0,0.0,0.0,0.0,0,0,0,0,0,0,0,0
TF,MUVIN,31.816111,35.545000,0, ,0.0,0.0,0.0,0.0,2,12000,0,0,0,0,0,0

SID,MUVI1C,26L,4
CA,0,255.0,2,2800,0,0,0,0,0,0
CF,RETOK,31.706050,35.923011,0,QAA,255.5,12.2,255.0,5.0,0,0,0,0,0,0,0,1
DF,PARIX,31.691169,35.724756,0, ,0.0,0.0,0,0,0,0,0,0,0,0

SID,MUVI1C,26R,4
CA,0,255.0,2,2800,0,0,0,0,0,0
CF,GEPAN,31.718417,35.911997,0,QAA,259.3,12.6,255.0,5.0,0,0,0,0,0,0,0,1
DF,PARIX,31.691169,35.724756,0, ,0.0,0.0,0,0,0,0,0,0,0,0

SID,MUVI1C,ALL,5
IF,PARIX,31.691169,35.724756, ,0.0,0.0,0,0,0,0,0,0,0,0
TF,OBSAN,31.788775,35.651181,0, ,0.0,0.0,0.0,0.0,0,0,0,1,250,0,0,0
TF,MUVIN,31.816111,35.545000,0, ,0.0,0.0,0.0,0.0,2,12000,0,0,0,0,0,0

SID,MUVI1Y,08L,1
CA,0,76.0,2,2800,0,0,0,0,0,0
CD, ,0,0,0,QAA,0,0.0,82.0,4.4,0,0,0,0,0,0,0,0
CA,0,82.0,2,3700,0,0,0,0,0,0
VI,0, ,0.0,9.0,0,0,0,1,250,0,0,0
CF,D159D,31.948014,36.085436,0,AMN,158.5,3.5,339.0,12.0,0,0,0,0,0,0,0,1
VI,0, ,0.0,272.0,0,0,0,1,250,0,0,0
CF,MUVIN,31.816111,35.545000,0,AMN,242.2,28.9,242.0,26.0,2,12000,0,0,0,0,0,0

SID,MUVI1Y,08R,1
CD, ,0,0,0,QAA,0,0.0,75.0,4.4,0,0,0,0,0,0,0,0
CA,0,75.0,2,3700,0,0,0,0,0,0
VI,0, ,0.0,9.0,0,0,0,1,250,0,0,0
CF,D159D,31.948014,36.085436,0,AMN,158.5,3.5,339.0,11.0,0,0,0,0,0,0,0,1
VI,0, ,0.0,272.0,0,0,0,1,250,0,0,0
CF,MUVIN,31.816111,35.545000,0,AMN,242.2,28.9,242.0,26.0,2,12000,0,0,0,0,0,0

SID,MUVI1Z,26L,1
CA,0,255.0,2,2760,0,0,0,0,0,0
VD, ,0,0,0,QAA,0.0,0.0,267.0,12.2,0,0,0,0,0,0,0,0
VI,0, ,0.0,318.0,0,0,0,0,0,0,0,0
CF,MUVIN,31.816111,35.545000,0,QAA,273.5,31.7,273.0,15.0,2,12000,0,0,0,0,0,0

SID,MUVI1Z,26R,1
CA,0,255.0,2,2760,0,0,0,0,0,0
VD, ,0,0,0,QAA,0.0,0.0,267.0,12.6,0,0,0,0,0,0,0,0
VI,0, ,0.0,318.0,0,0,0,0,0,0,0,0
CF,MUVIN,31.816111,35.545000,0,QAA,273.5,31.7,273.0,15.0,2,12000,0,0,0,0,0,0

SID,RALN1A,08L,4
CF,ALTEV,31.739061,36.054906,0,QAA,264.6,5.3,75.0,3.0,0,0,0,0,0,0,0,1
CA,0,75.0,2,2800,0,0,0,0,0,0
DF,ALVAV,31.887911,36.120217,0, ,0.0,0.0,0,0,0,1,220,0,0,0

SID,RALN1A,08R,4
CF,TASPO,31.726708,36.065894,0,QAA,255.6,4.8,75.0,3.0,0,0,0,0,0,0,0,1
CA,0,75.0,2,2800,0,0,0,0,0,0
DF,ALVAV,31.887911,36.120217,0, ,0.0,0.0,0,0,0,1,220,0,0,0

SID,RALN1A,ALL,5
IF,ALVAV,31.887911,36.120217, ,0.0,0.0,0,0,0,1,220,0,0,0
TF,AI850,31.916619,35.955561,0, ,0.0,0.0,0.0,0.0,0,0,0,1,260,0,0,0
TF,AI854,31.893589,35.728008,0, ,0.0,0.0,0.0,0.0,0,0,0,0,0,0,0,0
TF,RALNA,31.932500,35.542500,0, ,0.0,0.0,0.0,0.0,2,8000,0,0,0,0,0,0

SID,RALN1C,26L,4
CA,0,255.0,2,2800,0,0,0,0,0,0
CF,RETOK,31.706050,35.923011,0,QAA,255.5,12.2,255.0,5.0,0,0,0,0,0,0,0,1
DF,PARIX,31.691169,35.724756,0, ,0.0,0.0,0,0,0,0,0,0,0,0

SID,RALN1C,26R,4
CA,0,255.0,2,2800,0,0,0,0,0,0
CF,GEPAN,31.718417,35.911997,0,QAA,259.3,12.6,255.0,5.0,0,0,0,0,0,0,0,1
DF,PARIX,31.691169,35.724756,0, ,0.0,0.0,0,0,0,0,0,0,0,0

SID,RALN1C,ALL,5
IF,PARIX,31.691169,35.724756, ,0.0,0.0,0,0,0,0,0,0,0,0
TF,OBSAN,31.788775,35.651181,0, ,0.0,0.0,0.0,0.0,0,0,0,1,250,0,0,0
TF,RALNA,31.932500,35.542500,0, ,0.0,0.0,0.0,0.0,2,8000,0,0,0,0,0,0

SID,RALN1Y,08L,1
CA,0,76.0,2,2800,0,0,0,0,0,0
CD, ,0,0,0,QAA,0,0.0,82.0,4.4,0,0,0,0,0,0,0,0
CA,0,82.0,2,3700,0,0,0,0,0,0
VI,0, ,0.0,9.0,0,0,0,1,250,0,0,0
CF,D159D,31.948014,36.085436,0,AMN,158.5,3.5,339.0,12.0,0,0,0,0,0,0,0,1
VI,0, ,0.0,286.0,0,0,0,1,250,0,0,0
CF,RALNA,31.932500,35.542500,0,AMN,256.0,27.1,256.0,24.0,2,8000,0,0,0,0,0,0

SID,RALN1Y,08R,1
CD, ,0,0,0,QAA,0,0.0,75.0,4.4,0,0,0,0,0,0,0,0
CA,0,75.0,2,3700,0,0,0,0,0,0
VI,0, ,0.0,9.0,0,0,0,1,250,0,0,0
CF,D159D,31.948014,36.085436,0,AMN,158.5,3.5,339.0,11.0,0,0,0,0,0,0,0,1
VI,0, ,0.0,286.0,0,0,0,1,250,0,0,0
CF,RALNA,31.932500,35.542500,0,AMN,256.0,27.1,256.0,24.0,2,8000,0,0,0,0,0,0

SID,RALN1Z,26L,1
CA,0,255.0,2,2760,0,0,0,0,0,0
VD, ,0,0,0,QAA,0.0,0.0,267.0,12.2,0,0,0,0,0,0,0,0
VI,0, ,0.0,330.0,0,0,0,0,0,0,0,0
CF,RALNA,31.932500,35.542500,0,QAA,285.3,33.5,285.0,15.0,2,8000,0,0,0,0,0,0

SID,RALN1Z,26R,1
CA,0,255.0,2,2760,0,0,0,0,0,0
VD, ,0,0,0,QAA,0.0,0.0,267.0,12.6,0,0,0,0,0,0,0,0
VI,0, ,0.0,330.0,0,0,0,0,0,0,0,0
CF,RALNA,31.932500,35.542500,0,QAA,285.3,33.5,285.0,15.0,2,8000,0,0,0,0,0,0

STAR,LOSI1E,08L,5
IF,LOSIL,30.814222,35.794808, ,0.0,0.0,2,10000,0,0,0,0,0,0
TF,LOPAT,31.238867,35.778564,0, ,0.0,0.0,0.0,0.0,2,7000,0,0,0,0,0,0
TF,TULEN,31.513986,35.767961,0, ,0.0,0.0,0.0,0.0,2,6000,0,1,250,0,0,0

STAR,LOSI1E,08R,5
IF,LOSIL,30.814222,35.794808, ,0.0,0.0,2,10000,0,0,0,0,0,0
TF,LOPAT,31.238867,35.778564,0, ,0.0,0.0,0.0,0.0,2,7000,0,0,0,0,0,0
TF,TULEN,31.513986,35.767961,0, ,0.0,0.0,0.0,0.0,2,6000,0,1,250,0,0,0

STAR,LOSI1G,26L,5
IF,LOSIL,30.814222,35.794808, ,0.0,0.0,2,10000,0,0,0,0,0,0
TF,LOSEK,31.161728,36.149111,0, ,0.0,0.0,0.0,0.0,0,0,0,0,0,0,0,0
TF,AI528,31.363208,36.242761,0, ,0.0,0.0,0.0,0.0,2,9000,0,0,0,0,0,0
TF,EGPIL,31.510533,36.311514,0, ,0.0,0.0,0.0,0.0,2,7000,0,1,250,0,0,0

STAR,LOSI1G,26R,5
IF,LOSIL,30.814222,35.794808, ,0.0,0.0,2,10000,0,0,0,0,0,0
TF,LOSEK,31.161728,36.149111,0, ,0.0,0.0,0.0,0.0,0,0,0,0,0,0,0,0
TF,AI528,31.363208,36.242761,0, ,0.0,0.0,0.0,0.0,2,9000,0,0,0,0,0,0
TF,EGPIL,31.510533,36.311514,0, ,0.0,0.0,0.0,0.0,2,7000,0,1,250,0,0,0

STAR,LOSI1W,ALL,2
IF,LOSIL,30.814222,35.794808, ,0.0,0.0,2,10000,0,0,0,0,0,0
FD,LOSIL,30.814222,35.794808,0,QAA,193.7,13.0,14.0,13.0,2,7000,0,0,0,0,0,0
CF,QAA,31.739722,36.157500,0,QAA,0.0,0.0,14.0,13.0,2,6000,0,1,230,0,0,0

STAR,LUDA1E,08L,5
IF,LUDAN,32.049056,36.620358, ,0.0,0.0,2,11000,0,0,0,0,0,0
TF,LONIN,31.882261,36.387419,0, ,0.0,0.0,0.0,0.0,0,0,0,0,0,0,0,0
TF,AI436,31.851044,36.190400,0, ,0.0,0.0,0.0,0.0,2,11000,0,0,0,0,0,0
TF,AI434,31.821200,36.003950,0, ,0.0,0.0,0.0,0.0,2,9500,0,0,0,0,0,0
TF,AI432,31.797928,35.859811,0, ,0.0,0.0,0.0,0.0,0,0,0,1,250,0,0,0
TF,OBTEL,31.774492,35.715747,0, ,0.0,0.0,0.0,0.0,2,6000,0,1,230,0,0,0

STAR,LUDA1E,08R,5
IF,LUDAN,32.049056,36.620358, ,0.0,0.0,2,11000,0,0,0,0,0,0
TF,LONIN,31.882261,36.387419,0, ,0.0,0.0,0.0,0.0,0,0,0,0,0,0,0,0
TF,AI436,31.851044,36.190400,0, ,0.0,0.0,0.0,0.0,2,11000,0,0,0,0,0,0
TF,AI434,31.821200,36.003950,0, ,0.0,0.0,0.0,0.0,2,9500,0,0,0,0,0,0
TF,AI432,31.797928,35.859811,0, ,0.0,0.0,0.0,0.0,0,0,0,1,250,0,0,0
TF,OBTEL,31.774492,35.715747,0, ,0.0,0.0,0.0,0.0,2,6000,0,1,230,0,0,0

STAR,LUDA1G,26L,5
IF,LUDAN,32.049056,36.620358, ,0.0,0.0,2,11000,0,0,0,0,0,0
TF,AI532,31.882222,36.424722,0, ,0.0,0.0,0.0,0.0,2,8500,0,1,250,0,0,0
TF,VEDAD,31.764681,36.331681,0, ,0.0,0.0,0.0,0.0,2,5300,0,1,230,0,0,0

STAR,LUDA1G,26R,5
IF,LUDAN,32.049056,36.620358, ,0.0,0.0,2,11000,0,0,0,0,0,0
TF,AI532,31.882222,36.424722,0, ,0.0,0.0,0.0,0.0,2,8500,0,1,250,0,0,0
TF,VEDAD,31.764681,36.331681,0, ,0.0,0.0,0.0,0.0,2,5300,0,1,230,0,0,0

STAR,LUDA1W,ALL,2
IF,LUDAN,32.049056,36.620358, ,0.0,0.0,2,11000,0,0,0,0,0,0
CR,0,AMN,121.0,227.0,2,8500,0,0,0,0,0,0
CF,QAA,31.739722,36.157500,0,QAA,0.0,0.0,227.0,11.0,2,6000,0,1,230,0,0,0

STAR,MUNR1E,08L,5
IF,MUNRA,30.828969,36.143022, ,0.0,0.0,2,26000,0,0,0,0,0,0
TF,LOPAT,31.238867,35.778564,0, ,0.0,0.0,0.0,0.0,2,7000,0,0,0,0,0,0
TF,TULEN,31.513986,35.767961,0, ,0.0,0.0,0.0,0.0,2,6000,0,1,250,0,0,0

STAR,MUNR1E,08R,5
IF,MUNRA,30.828969,36.143022, ,0.0,0.0,2,26000,0,0,0,0,0,0
TF,LOPAT,31.238867,35.778564,0, ,0.0,0.0,0.0,0.0,2,7000,0,0,0,0,0,0
TF,TULEN,31.513986,35.767961,0, ,0.0,0.0,0.0,0.0,2,6000,0,1,250,0,0,0

STAR,MUNR1G,26L,5
IF,MUNRA,30.828969,36.143022, ,0.0,0.0,2,26000,0,0,0,0,0,0
TF,LOSEK,31.161728,36.149111,0, ,0.0,0.0,0.0,0.0,0,0,0,0,0,0,0,0
TF,AI528,31.363208,36.242761,0, ,0.0,0.0,0.0,0.0,2,9000,0,0,0,0,0,0
TF,EGPIL,31.510533,36.311514,0, ,0.0,0.0,0.0,0.0,2,7000,0,1,250,0,0,0

STAR,MUNR1G,26R,5
IF,MUNRA,30.828969,36.143022, ,0.0,0.0,2,26000,0,0,0,0,0,0
TF,LOSEK,31.161728,36.149111,0, ,0.0,0.0,0.0,0.0,0,0,0,0,0,0,0,0
TF,AI528,31.363208,36.242761,0, ,0.0,0.0,0.0,0.0,2,9000,0,0,0,0,0,0
TF,EGPIL,31.510533,36.311514,0, ,0.0,0.0,0.0,0.0,2,7000,0,1,250,0,0,0

STAR,MUNR1W,ALL,2
IF,MUNRA,30.828969,36.143022, ,0.0,0.0,2,26000,0,0,0,0,0,0
FD,MUNRA,30.828969,36.143022,0,QAA,175.8,23.0,356.0,23.0,2,9000,0,0,0,0,0,0
CD, ,0,0,0,QAA,0,0.0,356.0,13.0,2,7000,0,0,0,0,0,0
CF,QAA,31.739722,36.157500,0,QAA,0.0,0.0,356.0,13.0,2,6000,0,1,230,0,0,0

STAR,RABE1E,08L,5
IF,RABES,31.524747,36.509753, ,0.0,0.0,2,15000,0,0,0,0,0,0
TF,RIDEX,31.631175,36.226108,0, ,0.0,0.0,0.0,0.0,0,0,0,1,250,0,0,0
TF,KIVAL,31.613528,35.962247,0, ,0.0,0.0,0.0,0.0,2,7000,0,0,0,0,0,0
TF,ORNAV,31.604283,35.848619,0, ,0.0,0.0,0.0,0.0,2,6000,0,1,250,0,0,0

STAR,RABE1E,08R,5
IF,RABES,31.524747,36.509753, ,0.0,0.0,2,15000,0,0,0,0,0,0
TF,RIDEX,31.631175,36.226108,0, ,0.0,0.0,0.0,0.0,0,0,0,1,250,0,0,0
TF,KIVAL,31.613528,35.962247,0, ,0.0,0.0,0.0,0.0,2,7000,0,0,0,0,0,0
TF,ORNAV,31.604283,35.848619,0, ,0.0,0.0,0.0,0.0,2,6000,0,1,250,0,0,0

STAR,RABE1G,26L,5
IF,RABES,31.524747,36.509753, ,0.0,0.0,2,15000,0,0,0,0,0,0
TF,EGPIL,31.510533,36.311514,0, ,0.0,0.0,0.0,0.0,2,7000,0,1,250,0,0,0

STAR,RABE1G,26R,5
IF,RABES,31.524747,36.509753, ,0.0,0.0,2,15000,0,0,0,0,0,0
TF,EGPIL,31.510533,36.311514,0, ,0.0,0.0,0.0,0.0,2,7000,0,1,250,0,0,0

STAR,RABE1W,ALL,2
IF,RABES,31.524747,36.509753, ,0.0,0.0,2,15000,0,0,0,0,0,0
TF,QAA,31.739722,36.157500,0, ,0.0,0.0,0.0,0.0,2,6000,0,1,230,0,0,0

STAR,RALN1E,08L,5
IF,RALNA,31.932500,35.542500, ,0.0,0.0,2,9000,0,0,0,0,0,0
TF,KITEM,31.952722,35.679864,0, ,0.0,0.0,0.0,0.0,0,0,0,1,250,0,0,0
TF,OBTEL,31.774492,35.715747,0, ,0.0,0.0,0.0,0.0,2,6000,0,1,230,0,0,0

STAR,RALN1E,08R,5
IF,RALNA,31.932500,35.542500, ,0.0,0.0,2,9000,0,0,0,0,0,0
TF,KITEM,31.952722,35.679864,0, ,0.0,0.0,0.0,0.0,0,0,0,1,250,0,0,0
TF,OBTEL,31.774492,35.715747,0, ,0.0,0.0,0.0,0.0,2,6000,0,1,230,0,0,0

STAR,RALN1G,26L,5
IF,RALNA,31.932500,35.542500, ,0.0,0.0,2,9000,0,0,0,0,0,0
TF,EMILO,31.818203,35.842419,0, ,0.0,0.0,0.0,0.0,0,0,0,0,0,0,0,0
TF,AI810,31.834058,35.984222,0, ,0.0,0.0,0.0,0.0,2,9000,0,0,0,0,0,0
TF,AI542,31.849797,36.126533,0, ,0.0,0.0,0.0,0.0,2,6500,0,1,250,0,0,0
TF,ORDEN,31.862556,36.242989,0, ,0.0,0.0,0.0,0.0,2,5300,0,1,230,0,0,0

STAR,RALN1G,26R,5
IF,RALNA,31.932500,35.542500, ,0.0,0.0,2,9000,0,0,0,0,0,0
TF,EMILO,31.818203,35.842419,0, ,0.0,0.0,0.0,0.0,0,0,0,0,0,0,0,0
TF,AI810,31.834058,35.984222,0, ,0.0,0.0,0.0,0.0,2,9000,0,0,0,0,0,0
TF,AI542,31.849797,36.126533,0, ,0.0,0.0,0.0,0.0,2,6500,0,1,250,0,0,0
TF,ORDEN,31.862556,36.242989,0, ,0.0,0.0,0.0,0.0,2,5300,0,1,230,0,0,0

STAR,RALN1W,ALL,2
IF,RALNA,31.932500,35.542500, ,0.0,0.0,2,9000,0,0,0,0,0,0
TF,AMN,32.004072,36.065986,0, ,0.0,0.0,0.0,0.0,2,9000,0,1,250,0,0,0
TF,QAA,31.739722,36.157500,0, ,0.0,0.0,0.0,0.0,2,6000,0,1,230,0,0,0

STAR,SOBA1E,08L,5
IF,SOBAK,31.647667,36.480475, ,0.0,0.0,2,7000,0,0,0,0,0,0
TF,RIDEX,31.631175,36.226108,0, ,0.0,0.0,0.0,0.0,0,0,0,1,250,0,0,0
TF,KIVAL,31.613528,35.962247,0, ,0.0,0.0,0.0,0.0,2,7000,0,0,0,0,0,0
TF,ORNAV,31.604283,35.848619,0, ,0.0,0.0,0.0,0.0,2,6000,0,1,250,0,0,0

STAR,SOBA1E,08R,5
IF,SOBAK,31.647667,36.480475, ,0.0,0.0,2,7000,0,0,0,0,0,0
TF,RIDEX,31.631175,36.226108,0, ,0.0,0.0,0.0,0.0,0,0,0,1,250,0,0,0
TF,KIVAL,31.613528,35.962247,0, ,0.0,0.0,0.0,0.0,2,7000,0,0,0,0,0,0
TF,ORNAV,31.604283,35.848619,0, ,0.0,0.0,0.0,0.0,2,6000,0,1,250,0,0,0

STAR,SOBA1G,26L,5
IF,SOBAK,31.647667,36.480475, ,0.0,0.0,2,7000,0,1,250,0,0,0
TF,VEDAD,31.764681,36.331681,0, ,0.0,0.0,0.0,0.0,2,5300,0,1,230,0,0,0

STAR,SOBA1G,26R,5
IF,SOBAK,31.647667,36.480475, ,0.0,0.0,2,7000,0,1,250,0,0,0
TF,VEDAD,31.764681,36.331681,0, ,0.0,0.0,0.0,0.0,2,5300,0,1,230,0,0,0

STAR,SOBA1W,ALL,2
IF,SOBAK,31.647667,36.480475, ,0.0,0.0,2,7000,0,0,0,0,0,0
TF,QAA,31.739722,36.157500,0, ,0.0,0.0,0.0,0.0,2,6000,0,1,230,0,0,0

APPTR,D08R,08R,QAA
IF,QAA,31.739722,36.157500, ,0.0,0.0,2,6000,0,1,230,0,1,0
TF,FD08R,31.697361,35.878536,0, ,0.0,0.0,0.0,0.0,2,4100,0,0,0,0,0,0
FC,FD08R,31.697361,35.878536,0,QAA,0.0,0.0,210.0,4.4,0,0,0,0,0,0,0,1
CF,FD08R,31.697361,35.878536,2,QAA,255.0,14.5,75.0,5.0,2,4100,0,0,0,0,0,0

FINAL,D08R,08R,D,3
IF,FD08R,31.697361,35.878536,QAA,255.0,14.5,2,4100,0,0,0,0,2,0
CF,VOR12,31.706175,35.936231,0,QAA,255.0,11.5,75.0,3.0,2,3140,0,0,0,0,0,0
CF,RW08R,31.714383,35.980514,0,QAA,255.5,9.2,75.0,2.3,1,2407,0,0,0,0,3,0
CF,QAA,31.739722,36.157500,0,QAA,0.0,0.0,75.0,9.2,1,6000,0,0,0,0,0,0
HM,QAA,31.739722,36.157500,1, ,0.0,0.0,255.0,04.3,2,6000,0,1,220,0,0,0,0

FINAL,D26L,26L,D,4
IF,CD26L,31.751300,36.234497,QAA,75.0,4.0,2,4300,0,0,0,0,0,0
CF,FD26L,31.736389,36.132222,0,QAA,256.2,1.3,255.0,5.3,2,4300,0,0,0,0,2,0
CF,46VOR,31.726347,36.068972,0,QAA,255.0,4.6,255.0,3.3,2,3240,0,0,0,0,0,0
CF,RW26L,31.719886,36.018586,0,QAA,255.6,7.2,255.0,2.6,1,2415,0,0,0,0,3,0
FD,RW26L,31.719886,36.018586,0,QAA,255.6,19.0,255.0,19.0,0,0,0,0,0,0,0,0
DF,QAA,31.739722,36.157500,1, ,0.0,0.0,1,6000,0,1,230,0,0,0
HM,QAA,31.739722,36.157500,1, ,0.0,0.0,255.0,04.3,2,6000,0,1,220,0,0,0,0

APPTR,I08LY,08L,QAA
IF,QAA,31.739722,36.157500, ,0.0,0.0,2,6000,0,1,230,0,1,0
TF,FI08L,31.703722,35.811228,0, ,0.0,0.0,0.0,0.0,2,5100,0,0,0,0,0,0
FC,FI08L,31.703722,35.811228,0,QAA,0.0,0.0,303.0,4.4,0,0,0,0,0,0,0,1
CF,CI08L,31.698092,35.772714,1,IQAN,255.4,12.4,75.0,3.0,2,5100,0,1,230,0,0,0

FINAL,I08LY,08L,I,3
IF,CI08L,31.698092,35.772714,IQAN,255.4,12.4,2,5100,0,0,0,0,0,0
CF,FI08L,31.703722,35.811228,0,IQAN,255.4,10.4,75.0,2.0,1,5100,0,0,0,0,2,0
CF,RW08L,31.726731,35.969469,0,IQAN,255.4,2.1,75.0,8.2,1,2416,0,0,0,0,3,0
CF,D075E,31.740303,36.059778,0,QAA,265.4,5.0,75.0,4.7,0,0,0,0,0,0,0,1
DF,QAA,31.739722,36.157500,0, ,0.0,0.0,1,6000,0,1,230,0,0,0
HM,QAA,31.739722,36.157500,1, ,0.0,0.0,255.0,04.3,2,6000,0,1,220,0,0,0,0

APPTR,I08LZ,08L,OBTEL
IF,OBTEL,31.774492,35.715747, ,0.0,0.0,2,6000,0,1,230,0,1,0
TF,TAPNO,31.692183,35.732269,0,IQAN,0.0,0.0,0.0,0.0,2,5500,0,1,210,0,1,0

APPTR,I08LZ,08L,ORNAV
IF,ORNAV,31.604283,35.848619, ,0.0,0.0,2,6000,0,1,250,0,1,0
TF,AI422,31.596300,35.751492,0, ,0.0,0.0,0.0,0.0,0,0,0,1,230,0,0,0
TF,TAPNO,31.692183,35.732269,0,IQAN,0.0,0.0,0.0,0.0,2,5500,0,1,210,0,1,0

APPTR,I08LZ,08L,TULEN
IF,TULEN,31.513986,35.767961, ,0.0,0.0,2,6000,0,1,250,0,1,0
TF,AI422,31.596300,35.751492,0, ,0.0,0.0,0.0,0.0,0,0,0,1,230,0,0,0
TF,TAPNO,31.692183,35.732269,0,IQAN,0.0,0.0,0.0,0.0,2,5500,0,1,210,0,1,0

FINAL,I08LZ,08L,I,3
IF,TAPNO,31.692183,35.732269,IQAN,255.4,14.5,2,5500,0,1,210,0,0,0
CF,AI407,31.704453,35.816558,0,IQAN,255.4,10.1,75.0,4.4,1,5000,0,0,0,0,2,0
CF,RW08L,31.726731,35.969469,0,IQAN,255.4,2.1,75.0,7.9,1,2416,0,0,0,0,3,0
CF,ENADA,31.761281,36.208214,0,QAA,58.5,2.9,75.0,12.4,2,6000,0,1,250,0,0,1
HM,ENADA,31.761281,36.208214,2, ,0.0,0.0,265.0,04.5,2,6000,0,1,220,0,0,0,0

FINAL,I26LY,26L,I,3
IF,CI26L,31.750931,36.234944,IQA,75.4,13.4,2,4300,0,0,0,0,0,0
CF,FI26L,31.736111,36.130556,0,IQA,75.3,8.0,255.0,5.4,1,4300,0,0,0,0,2,0
CF,RW26L,31.719886,36.018586,0,IQA,75.4,2.1,255.0,5.8,1,2421,0,0,0,0,3,0
CF,D255S,31.685475,35.791725,0,QAA,255.3,19.0,255.0,11.8,0,0,0,0,0,0,0,1
DF,QAA,31.739722,36.157500,1, ,0.0,0.0,1,6000,0,1,230,0,0,0
HM,QAA,31.739722,36.157500,1, ,0.0,0.0,255.0,04.3,2,6000,0,1,220,0,0,0,0

APPTR,I26LZ,26L,EGPIL
IF,EGPIL,31.510533,36.311514, ,0.0,0.0,2,7000,0,1,250,0,1,0
TF,AI526,31.623256,36.289628,0, ,0.0,0.0,0.0,0.0,0,0,0,0,0,0,0,0
TF,AI522,31.705636,36.273600,0, ,0.0,0.0,0.0,0.0,1,4300,0,1,230,0,0,0
TF,KAROM,31.755058,36.263953,0,IQA,0.0,0.0,0.0,0.0,1,4300,0,1,210,0,1,0

APPTR,I26LZ,26L,ORDEN
IF,ORDEN,31.862556,36.242989, ,0.0,0.0,2,5300,0,1,230,0,1,0
TF,KAROM,31.755058,36.263953,0,IQA,0.0,0.0,0.0,0.0,1,4300,0,1,210,0,1,0

APPTR,I26LZ,26L,VEDAD
IF,VEDAD,31.764681,36.331681, ,0.0,0.0,2,5300,0,1,230,0,1,0
TF,KAROM,31.755058,36.263953,0,IQA,0.0,0.0,0.0,0.0,1,4300,0,1,210,0,1,0

FINAL,I26LZ,26L,I,3
IF,KAROM,31.755058,36.263953,IQA,75.4,14.9,1,4300,0,1,210,0,0,0
CF,AI517,31.735989,36.130475,0,IQA,75.4,8.0,255.0,6.9,1,4300,0,0,0,0,2,0
CF,RW26L,31.719886,36.018586,0,IQA,75.4,2.1,255.0,5.8,1,2421,0,0,0,0,3,0
CF,ORKED,31.713278,35.972872,0,QAA,255.5,9.6,255.0,2.4,0,0,0,0,0,0,0,1
DF,TULEN,31.513986,35.767961,0, ,0.0,0.0,2,6000,0,1,250,0,0,1
HM,TULEN,31.513986,35.767961,1, ,0.0,0.0,345.0,04.5,2,6000,0,1,220,0,0,0,0

FINAL,I26RY,26R,I,3
IF,CI26R,31.761925,36.214419,IQAR,75.4,12.8,2,5300,0,0,0,0,0,0
CF,FI26R,31.756417,36.175858,0,IQAR,75.4,10.8,256.0,2.0,1,5300,0,0,0,0,2,0
CF,RW26R,31.732244,36.007633,0,IQAR,75.4,2.1,256.0,8.7,1,2447,0,0,0,0,3,0
CA,0,256.0,2,2800,0,0,0,0,0,0
CF,D255R,31.699136,35.789283,0,QAA,257.8,19.0,255.0,12.0,0,0,0,0,0,0,0,1
DF,QAA,31.739722,36.157500,2, ,0.0,0.0,1,6000,0,1,230,0,0,0
HM,QAA,31.739722,36.157500,1, ,0.0,0.0,255.0,04.3,2,6000,0,1,220,0,0,0,0

APPTR,I26RZ,26R,EGPIL
IF,EGPIL,31.510533,36.311514, ,0.0,0.0,2,7000,0,1,250,0,1,0
TF,AI526,31.623256,36.289628,0, ,0.0,0.0,0.0,0.0,0,0,0,0,0,0,0,0
TF,SOLIN,31.768600,36.261331,0,IQAR,0.0,0.0,0.0,0.0,2,5300,0,1,210,0,1,0

APPTR,I26RZ,26R,ORDEN
IF,ORDEN,31.862556,36.242989, ,0.0,0.0,2,5300,0,1,230,0,1,0
TF,SOLIN,31.768600,36.261331,0,IQAR,0.0,0.0,0.0,0.0,2,5300,0,1,210,0,1,0

APPTR,I26RZ,26R,VEDAD
IF,VEDAD,31.764681,36.331681, ,0.0,0.0,2,5300,0,1,230,0,1,0
TF,SOLIN,31.768600,36.261331,0,IQAR,0.0,0.0,0.0,0.0,2,5300,0,1,210,0,1,0

FINAL,I26RZ,26R,I,3
IF,SOLIN,31.768600,36.261331,IQAR,75.4,15.3,2,5300,0,1,210,0,0,0
CF,AI507,31.756447,36.176214,0,IQAR,75.4,10.8,256.0,4.4,1,5300,0,0,0,0,2,0
CF,RW26R,31.732244,36.007633,0,IQAR,75.4,2.1,256.0,8.7,1,2447,0,0,0,0,3,0
CA,0,256.0,2,2800,0,0,0,0,0,0
CF,TOTEK,31.725653,35.962019,0,QAA,260.2,10.0,255.0,2.0,0,0,0,0,0,0,0,1
DF,OBTEL,31.774492,35.715747,0, ,0.0,0.0,2,6000,0,1,250,0,0,1
HM,OBTEL,31.774492,35.715747,2, ,0.0,0.0,165.0,04.5,2,6000,0,1,220,0,0,0,0

APPTR,R08L,08L,OBTEL
IF,OBTEL,31.774492,35.715747, ,0.0,0.0,2,6000,0,1,230,0,1,0
TF,TAPNO,31.692183,35.732269,0, ,0.0,0.0,0.0,0.0,2,5500,0,1,210,0,1,0

APPTR,R08L,08L,ORNAV
IF,ORNAV,31.604283,35.848619, ,0.0,0.0,2,6000,0,1,250,0,1,0
TF,AI422,31.596300,35.751492,0, ,0.0,0.0,0.0,0.0,0,0,0,1,230,0,0,0
TF,TAPNO,31.692183,35.732269,0, ,0.0,0.0,0.0,0.0,2,5500,0,1,210,0,1,0

APPTR,R08L,08L,TULEN
IF,TULEN,31.513986,35.767961, ,0.0,0.0,2,6000,0,1,250,0,1,0
TF,AI422,31.596300,35.751492,0, ,0.0,0.0,0.0,0.0,0,0,0,1,230,0,0,0
TF,TAPNO,31.692183,35.732269,0, ,0.0,0.0,0.0,0.0,2,5500,0,1,210,0,1,0

FINAL,R08L,08L,R,3
IF,TAPNO,31.692183,35.732269, ,0.0,0.0,2,5500,0,1,210,0,0,0
TF,AI408,31.704014,35.813144,0, ,0.0,0.0,75.0,4.2,2,5000,0,0,0,0,2,0
TF,RW08L,31.726731,35.969469,0, ,0.0,0.0,75.0,8.1,1,2416,0,0,0,0,3,1
CF,ENADA,31.761281,36.208214,0,QAA,58.5,2.9,75.0,12.4,2,6000,0,1,250,0,0,1
HM,ENADA,31.761281,36.208214,2, ,0.0,0.0,265.0,04.5,2,6000,0,1,220,0,0,0,0

APPTR,R08R,08R,OBTEL
IF,OBTEL,31.774492,35.715747, ,0.0,0.0,2,6000,0,1,230,0,1,0
TF,ORDAB,31.678614,35.734992,0, ,0.0,0.0,0.0,0.0,1,4500,0,1,210,0,1,0

APPTR,R08R,08R,ORNAV
IF,ORNAV,31.604283,35.848619, ,0.0,0.0,2,6000,0,1,250,0,1,0
TF,AI422,31.596300,35.751492,0, ,0.0,0.0,0.0,0.0,1,4500,0,1,230,0,0,0
TF,ORDAB,31.678614,35.734992,0, ,0.0,0.0,0.0,0.0,1,4500,0,1,210,0,1,0

APPTR,R08R,08R,TULEN
IF,TULEN,31.513986,35.767961, ,0.0,0.0,2,6000,0,1,250,0,1,0
TF,AI422,31.596300,35.751492,0, ,0.0,0.0,0.0,0.0,1,4500,0,1,230,0,0,0
TF,ORDAB,31.678614,35.734992,0, ,0.0,0.0,0.0,0.0,1,4500,0,1,210,0,1,0

FINAL,R08R,08R,R,3
IF,ORDAB,31.678614,35.734992, ,0.0,0.0,1,4500,0,1,210,0,0,0
TF,AI418,31.700408,35.884175,0, ,0.0,0.0,75.0,7.7,1,4000,0,0,0,0,2,0
TF,RW08R,31.714383,35.980514,0, ,0.0,0.0,75.0,5.0,1,2407,0,0,0,0,3,1
CF,SEVNA,31.720508,36.022900,0,QAA,255.6,7.0,75.0,2.2,0,0,0,0,0,0,0,1
DF,RIDEX,31.631175,36.226108,0, ,0.0,0.0,2,6000,0,1,250,0,0,1
HM,RIDEX,31.631175,36.226108,1, ,0.0,0.0,261.0,04.5,2,6000,0,1,220,0,0,0,0

APPTR,R26L,26L,EGPIL
IF,EGPIL,31.510533,36.311514, ,0.0,0.0,2,7000,0,1,250,0,1,0
TF,AI526,31.623256,36.289628,0, ,0.0,0.0,0.0,0.0,0,0,0,0,0,0,0,0
TF,AI522,31.705636,36.273600,0, ,0.0,0.0,0.0,0.0,1,4300,0,1,230,0,0,0
TF,KAROM,31.755058,36.263953,0, ,0.0,0.0,0.0,0.0,1,4300,0,1,210,0,1,0

APPTR,R26L,26L,ORDEN
IF,ORDEN,31.862556,36.242989, ,0.0,0.0,2,5300,0,1,230,0,1,0
TF,KAROM,31.755058,36.263953,0, ,0.0,0.0,0.0,0.0,1,4300,0,1,210,0,1,0

APPTR,R26L,26L,VEDAD
IF,VEDAD,31.764681,36.331681, ,0.0,0.0,2,5300,0,1,230,0,1,0
TF,KAROM,31.755058,36.263953,0, ,0.0,0.0,0.0,0.0,1,4300,0,1,210,0,1,0

FINAL,R26L,26L,R,3
IF,KAROM,31.755058,36.263953, ,0.0,0.0,1,4300,0,1,210,0,0,0
TF,AI518,31.736250,36.132300,0, ,0.0,0.0,256.0,6.8,1,4300,0,0,0,0,2,0
TF,RW26L,31.719886,36.018586,0, ,0.0,0.0,255.0,5.9,1,2421,0,0,0,0,3,1
CF,ORKED,31.713278,35.972872,0,QAA,255.5,9.6,255.0,2.4,0,0,0,0,0,0,0,1
DF,TULEN,31.513986,35.767961,0, ,0.0,0.0,2,6000,0,1,250,0,0,1
HM,TULEN,31.513986,35.767961,1, ,0.0,0.0,345.0,04.5,2,6000,0,1,220,0,0,0,0

APPTR,R26R,26R,EGPIL
IF,EGPIL,31.510533,36.311514, ,0.0,0.0,2,7000,0,1,250,0,1,0
TF,AI526,31.623256,36.289628,0, ,0.0,0.0,0.0,0.0,0,0,0,0,0,0,0,0
TF,SOLIN,31.768600,36.261331,0, ,0.0,0.0,0.0,0.0,2,5300,0,1,210,0,1,0

APPTR,R26R,26R,ORDEN
IF,ORDEN,31.862556,36.242989, ,0.0,0.0,2,5300,0,1,230,0,1,0
TF,SOLIN,31.768600,36.261331,0, ,0.0,0.0,0.0,0.0,2,5300,0,1,210,0,1,0

APPTR,R26R,26R,VEDAD
IF,VEDAD,31.764681,36.331681, ,0.0,0.0,2,5300,0,1,230,0,1,0
TF,SOLIN,31.768600,36.261331,0, ,0.0,0.0,0.0,0.0,2,5300,0,1,210,0,1,0

FINAL,R26R,26R,R,3
IF,SOLIN,31.768600,36.261331, ,0.0,0.0,2,5300,0,1,210,0,0,0
TF,AI508,31.757053,36.180344,0, ,0.0,0.0,256.0,4.2,2,5300,0,0,0,0,2,0
TF,RW26R,31.732244,36.007633,0, ,0.0,0.0,256.0,9.0,1,2447,0,0,0,0,3,1
CF,TOTEK,31.725653,35.962019,0,QAA,260.2,10.0,255.0,2.4,0,0,0,0,0,0,0,1
DF,OBTEL,31.774492,35.715747,0, ,0.0,0.0,2,6000,0,1,250,0,0,1
HM,OBTEL,31.774492,35.715747,2, ,0.0,0.0,165.0,04.5,2,6000,0,1,220,0,0,0,0

