SID,KULD1M,06,5
CA,0,59.0,2,2860,0,0,0,0,0,0
CF,AMN,32.004072,36.065986,0,QAA,338.6,16.5,59.0,3.0,0,0,0,0,0,0,0,1
DF,QAA,31.739722,36.157500,2, ,0.0,0.0,0,0,0,1,250,0,0,0
TF,DENVI,31.498589,36.153556,0, ,0.0,0.0,0.0,0.0,0,0,0,0,0,0,0,0
TF,KULDI,31.313075,36.537267,0, ,0.0,0.0,0.0,0.0,2,15000,0,0,0,0,0,0

SID,KULD1N,24,5
CA,0,239.0,2,2960,0,0,0,0,0,0
CF,KATUN,31.932006,35.893142,0,QAA,305.5,17.8,239.0,4.0,0,0,0,0,0,0,0,1
DF,AM704,31.801517,35.843289,0, ,0.0,0.0,2,8000,0,1,230,0,0,0
TF,ALVIT,31.477122,35.860147,0, ,0.0,0.0,0.0,0.0,0,0,0,0,0,0,0,0
TF,KULDI,31.313075,36.537267,0, ,0.0,0.0,0.0,0.0,2,15000,0,0,0,0,0,0

SID,KULD1T,06,2
CF,AMN,32.004072,36.065986,0,AMN,0.0,0.0,59.0,4.0,0,0,0,0,0,0,0,1
DF,QAA,31.739722,36.157500,2, ,0.0,0.0,0,0,0,1,250,0,0,0
TF,KULDI,31.313075,36.537267,0, ,0.0,0.0,0.0,0.0,2,15000,0,0,0,0,0,0

SID,KULD1V,24,2
CD, ,0,0,0,AMN,0,0.0,239.0,13.3,0,0,0,0,0,0,0,0
DF,QAA,31.739722,36.157500,1, ,0.0,0.0,0,0,0,1,230,0,0,0
TF,KULDI,31.313075,36.537267,0, ,0.0,0.0,0.0,0.0,2,15000,0,0,0,0,0,0

SID,LOSA1M,06,5
CA,0,59.0,2,2860,0,0,0,0,0,0
CF,AMN,32.004072,36.065986,0,QAA,338.6,16.5,59.0,3.0,0,0,0,0,0,0,0,1
TF,LABTO,32.035903,36.151100,0, ,0.0,0.0,0.0,0.0,0,0,0,0,0,0,0,0
TF,LOSAR,32.158350,36.480492,0, ,0.0,0.0,0.0,0.0,2,13000,0,0,0,0,0,0

SID,LOSA1N,24,5
CA,0,239.0,2,2960,0,0,0,0,0,0
CF,KATUN,31.932006,35.893142,0,QAA,305.5,17.8,239.0,4.0,0,0,0,0,0,0,0,1
DF,LABTO,32.035903,36.151100,1, ,0.0,0.0,2,9500,0,1,230,0,0,0
TF,LOSAR,32.158350,36.480492,0, ,0.0,0.0,0.0,0.0,2,13000,0,0,0,0,0,0

SID,LOSA1T,06,2
CF,AMN,32.004072,36.065986,0,AMN,0.0,0.0,59.0,4.0,0,0,0,0,0,0,0,0
TF,LOSAR,32.158350,36.480492,0, ,0.0,0.0,0.0,0.0,2,13000,0,0,0,0,0,0

SID,LOSA1V,24,2
CD, ,0,0,0,AMN,0,0.0,239.0,13.3,0,0,0,0,0,0,0,0
DF,AMN,32.004072,36.065986,1, ,0.0,0.0,0,0,0,1,230,0,0,0
TF,LOSAR,32.158350,36.480492,0, ,0.0,0.0,0.0,0.0,2,13000,0,0,0,0,0,0

SID,LOSI1M,06,5
CA,0,59.0,2,2860,0,0,0,0,0,0
CF,AMN,32.004072,36.065986,0,QAA,338.6,16.5,59.0,3.0,0,0,0,0,0,0,0,1
DF,QAA,31.739722,36.157500,2, ,0.0,0.0,0,0,0,1,250,0,0,0
TF,DENVI,31.498589,36.153556,0, ,0.0,0.0,0.0,0.0,0,0,0,0,0,0,0,0
TF,LOSEK,31.161728,36.149111,0, ,0.0,0.0,0.0,0.0,0,0,0,0,0,0,0,0
TF,LOSIL,30.814222,35.794808,0, ,0.0,0.0,0.0,0.0,2,9000,0,0,0,0,0,0

SID,LOSI1N,24,5
CA,0,239.0,2,2960,0,0,0,0,0,0
CF,KATUN,31.932006,35.893142,0,QAA,305.5,17.8,239.0,4.0,0,0,0,0,0,0,0,1
DF,AM704,31.801517,35.843289,0, ,0.0,0.0,2,8000,0,1,230,0,0,0
TF,ALVIT,31.477122,35.860147,0, ,0.0,0.0,0.0,0.0,0,0,0,0,0,0,0,0
TF,IMTOD,31.180411,35.830789,0, ,0.0,0.0,0.0,0.0,0,0,0,0,0,0,0,0
TF,LOSIL,30.814222,35.794808,0, ,0.0,0.0,0.0,0.0,2,9000,0,0,0,0,0,0

SID,LOSI1T,06,2
CF,AMN,32.004072,36.065986,0,AMN,0.0,0.0,59.0,4.0,0,0,0,0,0,0,0,1
DF,QAA,31.739722,36.157500,2, ,0.0,0.0,0,0,0,1,250,0,0,0
TF,LOSIL,30.814222,35.794808,0, ,0.0,0.0,0.0,0.0,2,9000,0,0,0,0,0,0

SID,LOSI1V,24,2
CD, ,0,0,0,AMN,0,0.0,239.0,13.3,0,0,0,0,0,0,0,0
DF,QAA,31.739722,36.157500,1, ,0.0,0.0,0,0,0,1,230,0,0,0
TF,LOSIL,30.814222,35.794808,0, ,0.0,0.0,0.0,0.0,2,9000,0,0,0,0,0,0

SID,MUNR1M,06,5
CA,0,59.0,2,2860,0,0,0,0,0,0
CF,AMN,32.004072,36.065986,0,QAA,338.6,16.5,59.0,3.0,0,0,0,0,0,0,0,1
DF,QAA,31.739722,36.157500,2, ,0.0,0.0,0,0,0,1,250,0,0,0
TF,DENVI,31.498589,36.153556,0, ,0.0,0.0,0.0,0.0,0,0,0,0,0,0,0,0
TF,LOSEK,31.161728,36.149111,0, ,0.0,0.0,0.0,0.0,0,0,0,0,0,0,0,0
TF,MUNRA,30.828969,36.143022,0, ,0.0,0.0,0.0,0.0,2,25000,0,0,0,0,0,0

SID,MUNR1N,24,5
CA,0,239.0,2,2960,0,0,0,0,0,0
CF,KATUN,31.932006,35.893142,0,QAA,305.5,17.8,239.0,4.0,0,0,0,0,0,0,0,1
DF,AM704,31.801517,35.843289,0, ,0.0,0.0,2,8000,0,1,230,0,0,0
TF,ALVIT,31.477122,35.860147,0, ,0.0,0.0,0.0,0.0,0,0,0,0,0,0,0,0
TF,IMTOD,31.180411,35.830789,0, ,0.0,0.0,0.0,0.0,0,0,0,0,0,0,0,0
TF,MUNRA,30.828969,36.143022,0, ,0.0,0.0,0.0,0.0,2,25000,0,0,0,0,0,0

SID,MUNR1T,06,2
CF,AMN,32.004072,36.065986,0,AMN,0.0,0.0,59.0,4.0,0,0,0,0,0,0,0,1
DF,QAA,31.739722,36.157500,2, ,0.0,0.0,0,0,0,1,250,0,0,0
TF,MUNRA,30.828969,36.143022,0, ,0.0,0.0,0.0,0.0,2,25000,0,0,0,0,0,0

SID,MUNR1V,24,2
CD, ,0,0,0,AMN,0,0.0,239.0,13.3,0,0,0,0,0,0,0,0
DF,QAA,31.739722,36.157500,1, ,0.0,0.0,0,0,0,1,230,0,0,0
TF,MUNRA,30.828969,36.143022,0, ,0.0,0.0,0.0,0.0,2,25000,0,0,0,0,0,0

SID,MUVI1M,06,5
CA,0,59.0,2,2860,0,0,0,0,0,0
CF,AMN,32.004072,36.065986,0,QAA,338.6,16.5,59.0,3.0,0,0,0,0,0,0,0,1
DF,AI850,31.916619,35.955561,2, ,0.0,0.0,0,0,0,1,250,0,0,0
TF,AI854,31.893589,35.728008,0, ,0.0,0.0,0.0,0.0,0,0,0,0,0,0,0,0
TF,MUVIN,31.816111,35.545000,0, ,0.0,0.0,0.0,0.0,2,12000,0,0,0,0,0,0

SID,MUVI1N,24,5
CA,0,239.0,2,2960,0,0,0,0,0,0
CF,KATUN,31.932006,35.893142,0,QAA,305.5,17.8,239.0,4.0,0,0,0,1,230,0,0,1
TF,MUVIN,31.816111,35.545000,0, ,0.0,0.0,0.0,0.0,2,12000,0,0,0,0,0,0

SID,MUVI1T,06,2
CF,AMN,32.004072,36.065986,0,AMN,0.0,0.0,59.0,4.0,0,0,0,0,0,0,0,1
CI,2, ,0.0,287.0,0,0,0,1,250,0,0,0
CF,MUVIN,31.816111,35.545000,0,AMN,242.2,28.9,242.0,25.0,2,12000,0,0,0,0,0,0

SID,MUVI1V,24,2
CD, ,0,0,0,AMN,0,0.0,239.0,13.3,0,0,0,0,0,0,0,0
CI,0, ,0.0,272.0,0,0,0,1,230,0,0,0
CF,MUVIN,31.816111,35.545000,0,AMN,242.2,28.9,242.0,14.0,2,12000,0,0,0,0,0,0

SID,RALN1M,06,5
CA,0,59.0,2,2860,0,0,0,0,0,0
CF,AMN,32.004072,36.065986,0,QAA,338.6,16.5,59.0,3.0,0,0,0,0,0,0,0,1
DF,AI850,31.916619,35.955561,2, ,0.0,0.0,0,0,0,1,250,0,0,0
TF,AI854,31.893589,35.728008,0, ,0.0,0.0,0.0,0.0,0,0,0,0,0,0,0,0
TF,RALNA,31.932500,35.542500,0, ,0.0,0.0,0.0,0.0,2,8000,0,0,0,0,0,0

SID,RALN1N,24,5
CA,0,239.0,2,2960,0,0,0,0,0,0
CF,KATUN,31.932006,35.893142,0,QAA,305.5,17.8,239.0,4.0,0,0,0,1,230,0,0,1
DF,RALNA,31.932500,35.542500,0, ,0.0,0.0,2,8000,0,0,0,0,0,0

SID,RALN1T,06,2
CF,AMN,32.004072,36.065986,0,AMN,0.0,0.0,59.0,4.0,0,0,0,0,0,0,0,1
CI,2, ,0.0,301.0,0,0,0,1,250,0,0,0
CF,RALNA,31.932500,35.542500,0,AMN,256.0,27.1,256.0,23.0,2,8000,0,0,0,0,0,0

SID,RALN1V,24,2
CD, ,0,0,0,AMN,0,0.0,239.0,13.3,0,0,0,0,0,0,0,0
CI,0, ,0.0,301.0,0,0,0,1,230,0,0,0
CF,RALNA,31.932500,35.542500,0,AMN,256.0,27.1,256.0,9.0,2,8000,0,0,0,0,0,0

STAR,LOSI1F,ALL,2
IF,LOSIL,30.814222,35.794808, ,0.0,0.0,2,10000,0,0,0,0,0,0
TF,QAA,31.739722,36.157500,0, ,0.0,0.0,0.0,0.0,0,0,0,1,250,0,0,0
TF,AMN,32.004072,36.065986,0, ,0.0,0.0,0.0,0.0,2,7000,0,1,210,0,0,0

STAR,LOSI1K,24,5
IF,LOSIL,30.814222,35.794808, ,0.0,0.0,2,10000,0,0,0,0,0,0
TF,LOSEK,31.161728,36.149111,0, ,0.0,0.0,0.0,0.0,0,0,0,0,0,0,0,0
TF,PEGAT,31.506806,36.260203,0, ,0.0,0.0,0.0,0.0,0,0,0,0,0,0,0,0
TF,ORKAM,31.864358,36.259492,0, ,0.0,0.0,0.0,0.0,2,9000,0,1,250,0,0,0
TF,LOXER,32.029933,36.380961,0, ,0.0,0.0,0.0,0.0,2,8500,0,1,250,0,0,0

STAR,LOSI1L,06,5
IF,LOSIL,30.814222,35.794808, ,0.0,0.0,2,10000,0,0,0,0,0,0
TF,ORSAD,31.139081,35.970414,0, ,0.0,0.0,0.0,0.0,0,0,0,0,0,0,0,0
TF,AM438,31.484997,35.964467,0, ,0.0,0.0,0.0,0.0,2,7000,0,0,0,0,0,0
TF,KIVAL,31.613528,35.962247,0, ,0.0,0.0,0.0,0.0,0,0,0,1,250,0,0,0
TF,EMILO,31.818203,35.842419,0, ,0.0,0.0,0.0,0.0,2,6000,0,1,210,0,0,0

STAR,LUDA1F,ALL,2
IF,LUDAN,32.049056,36.620358, ,0.0,0.0,2,11000,0,0,0,0,0,0
CR,0,AMN,134.0,227.0,2,8500,0,1,250,0,0,0
CI,2, ,0.0,294.0,0,0,0,0,0,0,0,0
CF,AMN,32.004072,36.065986,0,AMN,0.0,0.0,339.0,10.0,2,7000,0,1,210,0,0,0

STAR,LUDA1K,24,5
IF,LUDAN,32.049056,36.620358, ,0.0,0.0,2,11000,0,0,0,0,0,0
TF,LOXER,32.029933,36.380961,0, ,0.0,0.0,0.0,0.0,2,8500,0,1,250,0,0,0

STAR,LUDA1L,06,5
IF,LUDAN,32.049056,36.620358, ,0.0,0.0,2,11000,0,0,0,0,0,0
TF,LONIN,31.882261,36.387419,0, ,0.0,0.0,0.0,0.0,0,0,0,1,250,0,0,0
TF,ORDUN,31.856672,36.189169,0, ,0.0,0.0,0.0,0.0,2,8500,0,0,0,0,0,0
TF,AI810,31.834058,35.984222,0, ,0.0,0.0,0.0,0.0,0,0,0,0,0,0,0,0
TF,EMILO,31.818203,35.842419,0, ,0.0,0.0,0.0,0.0,2,6000,0,1,210,0,0,0

STAR,MUNR1F,ALL,2
IF,MUNRA,30.828969,36.143022, ,0.0,0.0,2,26000,0,0,0,0,0,0
TF,D176W,31.355586,36.151358,0, ,0.0,0.0,0.0,0.0,2,9000,0,0,0,0,0,0
TF,QAA,31.739722,36.157500,0, ,0.0,0.0,0.0,0.0,0,0,0,1,250,0,0,0
TF,AMN,32.004072,36.065986,0, ,0.0,0.0,0.0,0.0,2,7000,0,1,210,0,0,0

STAR,MUNR1K,24,5
IF,MUNRA,30.828969,36.143022, ,0.0,0.0,2,26000,0,0,0,0,0,0
TF,LOSEK,31.161728,36.149111,0, ,0.0,0.0,0.0,0.0,0,0,0,0,0,0,0,0
TF,PEGAT,31.506806,36.260203,0, ,0.0,0.0,0.0,0.0,0,0,0,0,0,0,0,0
TF,ORKAM,31.864358,36.259492,0, ,0.0,0.0,0.0,0.0,2,9000,0,1,250,0,0,0
TF,LOXER,32.029933,36.380961,0, ,0.0,0.0,0.0,0.0,2,8500,0,1,250,0,0,0

STAR,MUNR1L,06,5
IF,MUNRA,30.828969,36.143022, ,0.0,0.0,2,26000,0,0,0,0,0,0
TF,ORSAD,31.139081,35.970414,0, ,0.0,0.0,0.0,0.0,0,0,0,0,0,0,0,0
TF,AM438,31.484997,35.964467,0, ,0.0,0.0,0.0,0.0,2,7000,0,0,0,0,0,0
TF,KIVAL,31.613528,35.962247,0, ,0.0,0.0,0.0,0.0,0,0,0,1,250,0,0,0
TF,EMILO,31.818203,35.842419,0, ,0.0,0.0,0.0,0.0,2,6000,0,1,210,0,0,0

STAR,RABE1F,ALL,2
IF,RABES,31.524747,36.509753, ,0.0,0.0,2,15000,0,0,0,0,0,0
TF,QAA,31.739722,36.157500,0, ,0.0,0.0,0.0,0.0,0,0,0,1,250,0,0,0
TF,AMN,32.004072,36.065986,0, ,0.0,0.0,0.0,0.0,2,7000,0,1,210,0,0,0

STAR,RABE1K,24,5
IF,RABES,31.524747,36.509753, ,0.0,0.0,2,15000,0,0,0,0,0,0
TF,PEGAT,31.506806,36.260203,0, ,0.0,0.0,0.0,0.0,0,0,0,0,0,0,0,0
TF,ORKAM,31.864358,36.259492,2, ,0.0,0.0,0.0,0.0,2,9000,0,1,250,0,0,0
TF,LOXER,32.029933,36.380961,0, ,0.0,0.0,0.0,0.0,2,8500,0,1,250,0,0,0

STAR,RABE1L,06,5
IF,RABES,31.524747,36.509753, ,0.0,0.0,2,15000,0,0,0,0,0,0
TF,AM828,31.568556,36.241533,0, ,0.0,0.0,0.0,0.0,0,0,0,0,0,0,0,0
TF,KIVAL,31.613528,35.962247,0, ,0.0,0.0,0.0,0.0,0,0,0,1,250,0,0,0
TF,EMILO,31.818203,35.842419,0, ,0.0,0.0,0.0,0.0,2,6000,0,1,210,0,0,0

STAR,RALN1F,ALL,2
IF,RALNA,31.932500,35.542500, ,0.0,0.0,2,9000,0,0,0,0,0,0
TF,AMN,32.004072,36.065986,0, ,0.0,0.0,0.0,0.0,2,7000,0,1,210,0,0,0

STAR,RALN1K,24,5
IF,RALNA,31.932500,35.542500, ,0.0,0.0,2,9000,0,0,0,0,0,0
TF,MUSAL,31.968533,35.757114,0, ,0.0,0.0,0.0,0.0,0,0,0,0,0,0,0,0
TF,ORKAM,31.864358,36.259492,0, ,0.0,0.0,0.0,0.0,2,9000,0,1,250,0,0,0
TF,LOXER,32.029933,36.380961,0, ,0.0,0.0,0.0,0.0,2,8500,0,1,250,0,0,0

STAR,RALN1L,06,5
IF,RALNA,31.932500,35.542500, ,0.0,0.0,2,9000,0,1,250,0,0,0
TF,ORGAB,31.893219,35.799592,0, ,0.0,0.0,0.0,0.0,2,5200,0,1,210,0,0,0

STAR,RALN1Q,06,5
IF,RALNA,31.932500,35.542500, ,0.0,0.0,2,9000,0,1,250,0,0,0
TF,MUSAL,31.968533,35.757114,0, ,0.0,0.0,0.0,0.0,2,6000,0,0,0,0,0,0

STAR,SOBA1F,ALL,2
IF,SOBAK,31.647667,36.480475, ,0.0,0.0,2,7000,0,0,0,0,0,0
TF,QAA,31.739722,36.157500,0, ,0.0,0.0,0.0,0.0,0,0,0,1,250,0,0,0
TF,AMN,32.004072,36.065986,0, ,0.0,0.0,0.0,0.0,2,7000,0,1,210,0,0,0

STAR,SOBA1K,24,5
IF,SOBAK,31.647667,36.480475, ,0.0,0.0,2,9000,0,0,0,0,0,0
TF,ORKAM,31.864358,36.259492,0, ,0.0,0.0,0.0,0.0,2,9000,0,1,250,0,0,0
TF,LOXER,32.029933,36.380961,0, ,0.0,0.0,0.0,0.0,2,8500,0,1,250,0,0,0

STAR,SOBA1L,06,5
IF,SOBAK,31.647667,36.480475, ,0.0,0.0,2,7000,0,1,250,0,0,0
TF,RIDEX,31.631175,36.226108,0, ,0.0,0.0,0.0,0.0,0,0,0,0,0,0,0,0
TF,KIVAL,31.613528,35.962247,0, ,0.0,0.0,0.0,0.0,0,0,0,1,250,0,0,0
TF,EMILO,31.818203,35.842419,0, ,0.0,0.0,0.0,0.0,2,6000,0,1,210,0,0,0

APPTR,D06,06,AMN
IF,AMN,32.004072,36.065986, ,0.0,0.0,2,7000,0,0,0,0,1,0
TF,D059H,32.062564,36.207008,0, ,0.0,0.0,0.0,0.0,2,7000,0,0,0,0,0,0
FC,D059H,32.062564,36.207008,0,AMN,0.0,0.0,104.0,4.4,0,0,0,1,185,0,0,1
CF,D059H,32.062564,36.207008,1,AMN,59.0,8.0,239.0,5.0,2,7000,0,0,0,0,0,0
CF,D239M,31.908681,35.837206,0,AMN,239.0,13.0,239.0,21.0,2,4700,0,1,210,0,0,0
FC,D239M,31.908681,35.837206,0,AMN,0.0,0.0,284.0,4.4,0,0,0,0,0,0,0,1
CF,CF06,31.897647,35.810839,1,AMN,239.0,14.5,59.0,3.0,2,4700,0,0,0,0,1,0

FINAL,D06,06,D,3
IF,CF06,31.897647,35.810839,AMN,239.0,14.5,2,4700,0,0,0,0,0,0
CF,FF06,31.929997,35.888200,0,AMN,239.0,10.1,59.0,4.4,2,4200,0,0,0,0,2,0
CF,MA06,31.965231,35.972656,0,AMN,239.0,5.3,59.0,4.8,1,2662,0,0,0,0,3,0
CF,AMN,32.004072,36.065986,0,AMN,0.0,0.0,59.0,5.3,0,0,0,0,0,0,0,0
CF,D059H,32.062564,36.207008,0,AMN,59.0,8.0,59.0,8.0,0,0,0,0,0,0,0,0
FC,D059H,32.062564,36.207008,0,AMN,0.0,0.0,104.0,4.4,0,0,0,0,0,0,0,1
CF,D059H,32.062564,36.207008,1,AMN,59.0,8.0,239.0,5.0,0,0,0,1,185,0,0,0
CF,AMN,32.004072,36.065986,0,AMN,0.0,0.0,239.0,8.0,2,7000,0,0,0,0,0,0
HM,AMN,32.004072,36.065986,1, ,0.0,0.0,59.0,04.3,2,7000,0,1,210,0,0,0,0

APPTR,D24,24,AMN
IF,AMN,32.004072,36.065986, ,0.0,0.0,2,7000,0,0,0,0,1,0
TF,D059H,32.062564,36.207008,0, ,0.0,0.0,0.0,0.0,0,0,0,0,0,0,0,0
FC,D059H,32.062564,36.207008,0,AMN,0.0,0.0,104.0,4.4,0,0,0,1,185,0,0,1
CF,D059H,32.062564,36.207008,1,AMN,59.0,8.0,239.0,5.0,2,5000,0,0,0,0,0,0
CF,FD24,32.036992,36.145289,0,AMN,59.0,4.5,239.0,3.5,2,5000,0,0,0,0,0,0

FINAL,D24,24,D,2
IF,FD24,32.036992,36.145289,AMN,59.0,4.5,2,5000,0,0,0,0,2,0
CF,MD24,31.991619,36.036042,0,AMN,239.0,1.7,239.0,6.2,1,3032,0,0,0,0,3,0
CA,0,239.0,2,5000,0,0,0,0,0,0
DF,AMN,32.004072,36.065986,2, ,0.0,0.0,1,7000,0,1,230,0,0,0
HM,AMN,32.004072,36.065986,1, ,0.0,0.0,59.0,04.3,2,7000,0,1,210,0,0,0,0

APPTR,I24-Y,24,AMN
IF,AMN,32.004072,36.065986, ,0.0,0.0,2,7000,0,0,0,0,1,0
TF,CI24Y,32.061664,36.207414,0, ,0.0,0.0,0.0,0.0,0,0,0,1,185,0,0,0
FC,CI24Y,32.061664,36.207414,0,AMN,0.0,0.0,104.0,3.9,0,0,0,0,0,0,0,1
CF,CI24Y,32.061664,36.207414,1,IAMN,59.1,13.3,239.0,4.0,2,5000,0,0,0,0,0,0

FINAL,I24-Y,24,I,3
IF,CI24Y,32.061664,36.207414,IAMN,59.1,13.3,2,5000,0,1,185,0,0,0
CF,FI24Y,32.034717,36.141903,0,IAMN,59.1,9.6,239.0,3.7,1,5000,0,0,0,0,2,0
CF,RW24,31.979178,36.007247,0,IAMN,59.1,2.0,239.0,7.6,1,2507,0,0,0,0,3,0
VA,0,239.0,2,5000,0,0,0,0,0,0
DF,AMN,32.004072,36.065986,2, ,0.0,0.0,1,7000,0,1,230,0,0,0
HM,AMN,32.004072,36.065986,1, ,0.0,0.0,59.0,04.3,2,7000,0,1,210,0,0,0,0

APPTR,I24-Z,24,LOXER
IF,LOXER,32.029933,36.380961, ,0.0,0.0,2,8500,0,1,250,0,1,0
TF,RAGBO,32.087983,36.271983,0,IAMN,0.0,0.0,0.0,0.0,2,5000,0,1,220,0,1,0

FINAL,I24-Z,24,I,3
IF,RAGBO,32.087983,36.271983,IAMN,59.2,17.0,2,5000,0,1,220,0,0,0
CF,AM507,32.034875,36.142508,0,IAMN,59.2,9.6,239.0,7.3,1,5000,0,0,0,0,2,0
CF,RW24,31.979178,36.007247,0,IAMN,59.1,2.0,239.0,7.7,1,2507,0,0,0,0,3,0
CF,RESAP,31.929808,35.887769,0,AMN,239.0,10.1,239.0,6.8,0,0,0,0,0,0,0,0
TF,MUSAL,31.968533,35.757114,0, ,0.0,0.0,0.0,0.0,2,6000,0,1,230,0,0,1
HM,MUSAL,31.968533,35.757114,2, ,0.0,0.0,149.0,04.3,2,6000,0,1,210,0,0,0,0

APPTR,R06,06,EMILO
IF,EMILO,31.818203,35.842419, ,0.0,0.0,2,6000,0,1,210,0,1,0
TF,ORGAB,31.893219,35.799592,0, ,0.0,0.0,0.0,0.0,2,5200,0,1,210,0,0,0

APPTR,R06,06,MUSAL
IF,MUSAL,31.968533,35.757114, ,0.0,0.0,2,6000,0,1,250,0,1,0
TF,ORGAB,31.893219,35.799592,0, ,0.0,0.0,0.0,0.0,2,5200,0,1,210,0,0,0

FINAL,R06,06,R,3
IF,ORGAB,31.893219,35.799592, ,0.0,0.0,2,5200,0,1,210,0,1,0
TF,AM408,31.929731,35.887644,0, ,0.0,0.0,59.0,5.0,2,4200,0,0,0,0,2,0
TF,RW06,31.966272,35.975989,0, ,0.0,0.0,59.0,5.0,1,2604,0,0,0,0,3,1
CF,PAVOL,31.982289,36.014786,0,AMN,238.5,2.9,59.0,2.2,0,0,0,0,0,0,0,1
DF,AM492,31.850217,35.953653,2, ,0.0,0.0,0,0,0,1,220,0,0,0
TF,EMILO,31.818203,35.842419,0, ,0.0,0.0,0.0,0.0,2,6000,0,1,210,0,0,0
HM,EMILO,31.818203,35.842419,1, ,0.0,0.0,329.0,04.3,2,6000,0,1,210,0,0,0,0

APPTR,R24,24,LOXER
IF,LOXER,32.029933,36.380961, ,0.0,0.0,2,8500,0,1,250,0,1,0
TF,RAGBO,32.087983,36.271983,0, ,0.0,0.0,0.0,0.0,2,5000,0,1,220,0,1,0

FINAL,R24,24,R,3
IF,RAGBO,32.087983,36.271983, ,0.0,0.0,2,5000,0,1,220,0,0,0
TF,AM508,32.036092,36.145408,0, ,0.0,0.0,240.0,7.2,2,5000,0,0,0,0,2,0
TF,RW24,31.979178,36.007247,0, ,0.0,0.0,239.0,7.8,1,2507,0,0,0,0,3,1
CF,RESAP,31.929808,35.887769,0,AMN,239.0,10.1,239.0,6.8,0,0,0,0,0,0,0,0
TF,MUSAL,31.968533,35.757114,0, ,0.0,0.0,0.0,0.0,2,6000,0,1,230,0,0,1
HM,MUSAL,31.968533,35.757114,2, ,0.0,0.0,149.0,04.3,2,6000,0,1,210,0,0,0,0

