SID,LOXU2J,01,5
CA,0,12.0,2,520,0,0,0,0,0,0
CF,AQ602,29.739475,35.043353,0,RAM,119.3,1.4,4.0,7.0,0,0,0,0,0,0,0,0
CF,MODOV,29.943544,35.128647,0,RAM,21.3,12.7,15.0,13.0,0,0,0,0,0,0,0,1
TF,AQ610,30.057506,35.255442,0, ,0.0,0.0,0.0,0.0,0,0,0,1,240,0,0,0
TF,LOXUS,30.216917,35.433528,0, ,0.0,0.0,0.0,0.0,2,8000,0,0,0,0,0,0

SID,LOXU2P,19,5
CA,0,192.0,2,573,0,0,0,0,0,0
CF,AQ702,29.413828,34.949036,0,AQB,192.0,10.6,192.0,11.0,0,0,0,0,0,0,0,0
TF,AQ714,29.379067,35.078936,0, ,0.0,0.0,0.0,0.0,0,0,0,1,210,0,0,0
TF,AQ716,29.397506,35.449781,0, ,0.0,0.0,0.0,0.0,0,0,0,0,0,0,0,0
TF,AQ718,29.675453,35.482550,0, ,0.0,0.0,0.0,0.0,0,0,0,1,250,0,0,0
TF,ORDOX,29.900472,35.462242,0, ,0.0,0.0,0.0,0.0,0,0,0,0,0,0,0,0
TF,LOXUS,30.216917,35.433528,0, ,0.0,0.0,0.0,0.0,2,8000,0,0,0,0,0,0

SID,TAMI1B,01,2
CD, ,0,0,0,AQB,0,0.0,12.0,6.0,0,0,0,0,0,0,0,0
VI,0, ,0.0,339.0,0,0,0,1,210,0,0,0
CF,D009R,29.874706,35.091506,0,AQB,9.0,18.0,9.0,12.0,0,0,0,0,0,0,0,1
VI,2, ,0.0,234.0,0,0,0,1,220,0,0,0
CF,AQB,29.582928,35.008028,0,AQB,0.0,0.0,189.0,14.0,0,0,0,0,0,0,0,1
VI,1, ,0.0,53.0,0,0,0,1,250,0,0,0
CF,D083Y,29.600272,35.485536,0,AQB,82.5,25.0,83.0,19.0,2,25000,0,0,0,0,0,0
TF,TAMIM,29.611111,35.811111,0, ,0.0,0.0,0.0,0.0,2,26000,0,0,0,0,0,0

SID,TAMI1D,19,2
CF,AQB,29.582928,35.008028,0,AQB,0.0,0.0,192.0,1.0,0,0,0,0,0,0,0,0
TF,D192K,29.407150,34.946656,0, ,0.0,0.0,0.0,0.0,0,0,0,0,0,0,0,1
VI,1, ,0.0,327.0,0,0,0,1,205,0,0,0
CF,AQB,29.582928,35.008028,0,AQB,0.0,0.0,12.0,7.0,0,0,0,0,0,0,0,1
VI,2, ,0.0,113.0,0,0,0,1,250,0,0,0
CF,D083Y,29.600272,35.485536,0,AQB,82.5,25.0,83.0,20.0,2,25000,0,0,0,0,0,0
TF,TAMIM,29.611111,35.811111,0, ,0.0,0.0,0.0,0.0,2,26000,0,0,0,0,0,0

SID,TAMI2J,01,5
CA,0,12.0,2,520,0,0,0,0,0,0
CF,AQ602,29.739475,35.043353,0,RAM,119.3,1.4,4.0,7.0,0,0,0,0,0,0,0,0
CF,MODOV,29.943544,35.128647,0,RAM,21.3,12.7,15.0,13.0,0,0,0,0,0,0,0,1
DF,ORMET,29.731794,35.254500,2, ,0.0,0.0,0,0,0,1,240,0,0,0
TF,ELETA,29.533556,35.483361,0, ,0.0,0.0,0.0,0.0,2,25000,0,1,250,0,0,0
TF,TAMIM,29.611111,35.811111,0, ,0.0,0.0,0.0,0.0,2,26000,0,0,0,0,0,0

SID,TAMI2P,19,5
CA,0,192.0,2,573,0,0,0,0,0,0
CF,AQ702,29.413828,34.949036,0,AQB,192.0,10.6,192.0,11.0,0,0,0,0,0,0,0,0
TF,AQ704,29.364381,35.133653,0, ,0.0,0.0,0.0,0.0,0,0,0,1,210,0,0,0
TF,GESEK,29.523264,35.189369,0, ,0.0,0.0,0.0,0.0,0,0,0,1,230,0,0,0
TF,ELETA,29.533556,35.483361,0, ,0.0,0.0,0.0,0.0,2,25000,0,0,0,0,0,0
TF,TAMIM,29.611111,35.811111,0, ,0.0,0.0,0.0,0.0,2,26000,0,0,0,0,0,0

SID,TAPK1B,01,2
CD, ,0,0,0,AQB,0,0.0,12.0,6.0,0,0,0,0,0,0,0,0
VI,0, ,0.0,339.0,0,0,0,1,210,0,0,0
CF,D009R,29.874706,35.091506,0,AQB,9.0,18.0,9.0,12.0,0,0,0,0,0,0,0,1
VI,0, ,0.0,47.0,0,0,0,1,250,0,0,0
CF,TAPKO,30.280278,35.332778,0,AQB,17.0,45.0,17.0,23.0,2,8000,0,0,0,0,0,0

SID,TAPK1D,19,2
CF,AQB,29.582928,35.008028,0,AQB,0.0,0.0,192.0,1.0,0,0,0,0,0,0,0,0
TF,D192K,29.407150,34.946656,0, ,0.0,0.0,0.0,0.0,0,0,0,0,0,0,0,1
VI,1, ,0.0,327.0,0,0,0,1,205,0,0,0
CF,AQB,29.582928,35.008028,0,AQB,0.0,0.0,12.0,7.0,0,0,0,0,0,0,0,0
TF,TAPKO,30.280278,35.332778,0, ,0.0,0.0,0.0,0.0,2,8000,0,0,0,0,0,0

SID,ULIN1B,01,2
CD, ,0,0,0,AQB,0,0.0,12.0,6.0,0,0,0,0,0,0,0,0
VI,0, ,0.0,339.0,0,0,0,1,210,0,0,0
CF,D009R,29.874706,35.091506,0,AQB,9.0,18.0,9.0,12.0,0,0,0,0,0,0,0,1
VI,2, ,0.0,234.0,0,0,0,1,220,0,0,0
CF,AQB,29.582928,35.008028,0,AQB,0.0,0.0,189.0,14.0,0,0,0,0,0,0,0,0
TF,ULINA,29.414167,34.971667,0, ,0.0,0.0,0.0,0.0,1,16000,0,0,0,0,0,0

SID,ULIN1D,19,2
CF,AQB,29.582928,35.008028,0,AQB,0.0,0.0,192.0,1.0,0,0,0,0,0,0,0,0
TF,D192K,29.407150,34.946656,0, ,0.0,0.0,0.0,0.0,0,0,0,0,0,0,0,1
VI,1, ,0.0,327.0,0,0,0,1,205,0,0,0
CF,AQB,29.582928,35.008028,0,AQB,0.0,0.0,12.0,7.0,0,0,0,0,0,0,0,1
VI,2, ,0.0,231.0,0,0,0,1,250,0,0,0
CF,ULINA,29.414167,34.971667,0,AQB,185.7,10.3,186.0,6.0,1,16000,0,0,0,0,0,0

SID,ULIN2J,01,5
CA,0,12.0,2,520,0,0,0,0,0,0
CF,AQ602,29.739475,35.043353,0,RAM,119.3,1.4,4.0,7.0,0,0,0,0,0,0,0,0
CF,MODOV,29.943544,35.128647,0,RAM,21.3,12.7,15.0,13.0,0,0,0,0,0,0,0,1
DF,ORMET,29.731794,35.254500,2, ,0.0,0.0,0,0,0,1,240,0,0,0
TF,AQ622,29.561856,35.102739,0, ,0.0,0.0,0.0,0.0,0,0,0,1,250,0,0,0
TF,ULINA,29.414167,34.971667,0, ,0.0,0.0,0.0,0.0,1,16000,0,0,0,0,0,0

SID,ULIN2P,19,5
CA,0,192.0,2,573,0,0,0,0,0,0
CF,AQ702,29.413828,34.949036,0,AQB,192.0,10.6,192.0,11.0,0,0,0,0,0,0,0,0
TF,AQ704,29.364381,35.133653,0, ,0.0,0.0,0.0,0.0,0,0,0,1,210,0,0,0
TF,GESEK,29.523264,35.189369,0, ,0.0,0.0,0.0,0.0,0,0,0,1,230,0,0,0
TF,AQ708,29.567394,35.024978,0, ,0.0,0.0,0.0,0.0,0,0,0,0,0,0,0,0
TF,ULINA,29.414167,34.971667,0, ,0.0,0.0,0.0,0.0,1,16000,0,1,250,0,0,0

STAR,LOXU2H,01,5
IF,LOXUS,30.216917,35.433528, ,0.0,0.0,2,8000,0,0,0,0,0,0
TF,AQ430,29.964733,35.383639,0, ,0.0,0.0,0.0,0.0,0,0,0,0,0,0,0,0
TF,KAROL,29.609044,35.313708,0, ,0.0,0.0,0.0,0.0,2,8000,0,1,250,0,0,0

STAR,LOXU2Q,19,5
IF,LOXUS,30.216917,35.433528, ,0.0,0.0,2,8000,0,0,0,0,0,0
TF,LADKO,30.017114,35.243733,0, ,0.0,0.0,0.0,0.0,2,7700,0,1,220,0,0,0

STAR,TAMI1G,ALL,2
IF,TAMIM,29.611111,35.811111, ,0.0,0.0,2,26000,0,0,0,0,0,0
TF,AQB28,29.602367,35.546669,0, ,0.0,0.0,0.0,0.0,0,0,0,0,0,0,0,0
TF,D083U,29.597611,35.409122,0, ,0.0,0.0,0.0,0.0,2,25000,0,0,0,0,0,0
AF,D026U,29.883511,35.215389,1,AQB,26.0,21.0,83.0,2,11000,0,1,250,0,0,0
CF,EGNAP,30.125556,35.260278,0,AQB,17.0,35.0,17.0,14.0,2,9000,0,1,230,0,0,0

STAR,TAMI2H,01,5
IF,TAMIM,29.611111,35.811111, ,0.0,0.0,2,26000,0,0,0,0,0,0
TF,ELETA,29.533556,35.483361,0, ,0.0,0.0,0.0,0.0,2,25000,0,0,0,0,0,0
TF,KAROL,29.609044,35.313708,0, ,0.0,0.0,0.0,0.0,2,8000,0,1,250,0,0,0

STAR,TAMI2Q,19,5
IF,TAMIM,29.611111,35.811111, ,0.0,0.0,2,26000,0,0,0,0,0,0
TF,ELETA,29.533556,35.483361,0, ,0.0,0.0,0.0,0.0,2,25000,0,0,0,0,0,0
TF,DERBU,29.717125,35.292847,0, ,0.0,0.0,0.0,0.0,2,8000,0,1,250,0,0,0

STAR,TAPK1G,ALL,2
IF,TAPKO,30.280278,35.332778, ,0.0,0.0,2,9000,0,0,0,0,0,0
TF,EGNAP,30.125556,35.260278,0, ,0.0,0.0,0.0,0.0,2,9000,0,1,230,0,0,0

STAR,ULIN1G,ALL,2
IF,ULINA,29.414167,34.971667, ,0.0,0.0,2,17000,0,0,0,0,0,0
TF,AQB,29.582928,35.008028,0, ,0.0,0.0,0.0,0.0,0,0,0,0,0,0,0,0
TF,D017U,29.908164,35.158861,0, ,0.0,0.0,0.0,0.0,2,11000,0,0,0,0,0,0
TF,EGNAP,30.125556,35.260278,0, ,0.0,0.0,0.0,0.0,2,9000,0,1,230,0,0,0

STAR,ULIN2H,01,5
IF,ULINA,29.414167,34.971667, ,0.0,0.0,2,17000,0,0,0,0,0,0
TF,TANSI,29.461731,35.174203,0, ,0.0,0.0,0.0,0.0,0,0,0,1,280,0,0,0
TF,KAROL,29.609044,35.313708,0, ,0.0,0.0,0.0,0.0,2,8000,0,1,250,0,0,0

STAR,ULIN2Q,19,5
IF,ULINA,29.414167,34.971667, ,0.0,0.0,2,17000,0,0,0,0,0,0
TF,DERBU,29.717125,35.292847,0, ,0.0,0.0,0.0,0.0,2,8000,0,1,250,0,0,0

APPTR,I01-Y,01,EGNA1
IF,EGNAP,30.125556,35.260278, ,0.0,0.0,2,9000,0,1,230,0,1,0
CF,D017G,29.691356,35.058206,0,AQB,17.0,7.0,197.0,28.0,2,6100,0,0,0,0,0,0
CF,AQB,29.582928,35.008028,0,AQB,0.0,0.0,197.0,7.0,2,4500,0,1,200,0,0,0
FD,AQB,29.582928,35.008028,0,AQB,0.0,11.5,176.0,11.5,0,0,0,0,0,0,0,0
CF,NABAL,29.399722,34.944167,2,IAQA,192.0,14.2,12.0,1.0,2,3600,0,0,0,0,1,0

APPTR,I01-Y,01,EGNA2
IF,EGNAP,30.125556,35.260278, ,0.0,0.0,2,9000,0,1,230,0,1,0
CF,D017G,29.691356,35.058206,0,AQB,17.0,7.0,197.0,28.0,2,6100,0,0,0,0,0,0
CF,AQB,29.582928,35.008028,0,AQB,0.0,0.0,197.0,7.0,2,4500,0,1,200,0,0,0
FD,AQB,29.582928,35.008028,0,AQB,0.0,11.5,184.0,11.5,0,0,0,0,0,0,0,0
CF,NABAL,29.399722,34.944167,2,IAQA,192.0,14.2,12.0,1.0,2,3600,0,0,0,0,1,0

APPTR,I01-Y,01,MITA1
IF,MITAS,29.966944,35.142778, ,0.0,0.0,2,6000,0,0,0,0,1,0
CF,D012G,29.694767,35.047192,0,AQB,12.0,7.0,192.0,17.0,2,5400,0,0,0,0,0,0
CF,AQB,29.582928,35.008028,0,AQB,0.0,0.0,192.0,7.0,2,4500,0,1,200,0,0,0
FD,AQB,29.582928,35.008028,0,AQB,0.0,11.5,176.0,11.5,0,0,0,0,0,0,0,0
CF,NABAL,29.399722,34.944167,2,IAQA,192.0,14.2,12.0,1.0,2,3600,0,0,0,0,1,0

APPTR,I01-Y,01,MITA2
IF,MITAS,29.966944,35.142778, ,0.0,0.0,2,6000,0,0,0,0,1,0
CF,D012G,29.694767,35.047192,0,AQB,12.0,7.0,192.0,17.0,2,5400,0,0,0,0,0,0
CF,AQB,29.582928,35.008028,0,AQB,0.0,0.0,192.0,7.0,2,4500,0,1,200,0,0,0
FD,AQB,29.582928,35.008028,0,AQB,0.0,11.5,184.0,11.5,0,0,0,0,0,0,0,0
CF,NABAL,29.399722,34.944167,2,IAQA,192.0,14.2,12.0,1.0,2,3600,0,0,0,0,1,0

FINAL,I01-Y,01,I,3
IF,NABAL,29.399722,34.944167,IAQA,192.0,14.2,2,3600,0,0,0,0,0,0
CF,DELVU,29.505278,34.980833,0,IAQA,192.0,7.6,12.0,6.6,1,2100,0,0,0,0,2,0
CF,RW01,29.598047,35.013319,0,IAQA,192.0,1.8,12.0,5.8,1,227,0,0,0,0,3,0
CF,D012F,29.678789,35.041592,0,AQB,12.0,6.0,12.0,5.1,0,0,0,0,0,0,0,1
CF,D009Q,29.850394,35.084531,0,AQB,9.0,16.5,9.0,10.5,0,0,0,1,230,0,0,1
CF,MITAS,29.966944,35.142778,0,AQB,12.0,24.0,12.0,7.6,1,6000,0,0,0,0,0,0
HM,MITAS,29.966944,35.142778,1, ,0.0,0.0,192.0,03.4,2,6000,0,1,185,0,0,0,0

APPTR,I01-Z,01,KAROL
IF,KAROL,29.609044,35.313708, ,0.0,0.0,2,8000,0,1,250,0,1,0
HF,KAROL,29.609044,35.313708,2, ,0.0,0.0,185.0,04.3,2,8000,0,1,230,0,0,0,0
TF,AQ420,29.411417,35.275072,0, ,0.0,0.0,0.0,0.0,2,8000,0,0,0,0,0,0
TF,AQ418,29.373517,35.190058,0, ,0.0,0.0,0.0,0.0,0,0,0,0,0,0,0,0
TF,AQ416,29.377069,35.113861,0, ,0.0,0.0,0.0,0.0,2,6300,0,0,0,0,0,0
TF,AQ414,29.379706,35.056708,0, ,0.0,0.0,0.0,0.0,2,6100,0,0,0,0,0,0
TF,AQ412,29.394611,35.002064,0, ,0.0,0.0,0.0,0.0,2,4800,0,0,0,0,0,0
TF,MURSA,29.409467,34.947517,0,IAQA,0.0,0.0,0.0,0.0,2,2100,0,1,185,0,1,0

FINAL,I01-Z,01,I,3
IF,MURSA,29.409467,34.947517,IAQA,192.0,13.6,2,2100,0,1,185,0,0,0
CF,AQ407,29.505261,34.980900,0,IAQA,192.0,7.6,12.0,6.0,1,2100,0,0,0,0,2,0
CF,RW01,29.598047,35.013319,0,IAQA,192.0,1.8,12.0,5.8,1,227,0,0,0,0,3,0
CF,AQ480,29.618692,35.020544,0,AQB,12.0,2.2,12.0,1.3,0,0,0,0,0,0,0,1
TF,AQ484,29.749767,35.038319,0, ,0.0,0.0,0.0,0.0,0,0,0,1,205,0,0,0
CF,MODOV,29.943544,35.128647,0,AQB,11.2,22.5,17.0,12.5,0,0,0,1,220,0,0,1
DF,AQ486,29.757256,35.342786,2, ,0.0,0.0,0,0,0,1,240,0,0,0
TF,KAROL,29.609044,35.313708,0, ,0.0,0.0,0.0,0.0,2,8000,0,1,250,0,0,0
HM,KAROL,29.609044,35.313708,2, ,0.0,0.0,185.0,04.3,2,8000,0,1,230,0,0,0,0

APPTR,I19-Y,19,EGNAP
IF,EGNAP,30.125556,35.260278, ,0.0,0.0,2,9000,0,1,230,0,1,0
CF,AQB32,30.090889,35.186647,0,AQB,12.0,31.8,237.0,4.4,0,0,0,1,185,0,0,0
CF,MITAS,29.966944,35.142778,0,IKHA,12.0,23.3,192.0,7.8,3,7000,0,0,0,0,1,0

FINAL,I19-Y,19,I,3
IF,MITAS,29.966944,35.142778,IKHA,12.0,23.3,2,6000,0,0,0,0,1,0
CF,FF19,29.805556,35.086111,0,IKHA,12.0,13.2,192.0,10.1,1,3900,0,1,160,0,2,0
CF,RW19,29.623964,35.022383,0,IKHA,12.0,1.8,192.0,11.4,1,167,0,0,0,0,3,0
CF,D192L,29.391169,34.941089,0,AQB,192.0,12.0,192.0,14.6,0,0,0,0,0,0,0,1
VI,1, ,0.0,327.0,0,0,0,1,185,0,0,0
CF,AQB,29.582928,35.008028,0,AQB,0.0,0.0,12.0,8.0,0,0,0,0,0,0,0,0
CF,MITAS,29.966944,35.142778,0,AQB,12.0,24.0,12.0,24.0,1,6000,0,0,0,0,0,0
HM,MITAS,29.966944,35.142778,1, ,0.0,0.0,192.0,03.4,2,6000,0,1,185,0,0,0,0

APPTR,I19-Z,19,DERBU
IF,DERBU,29.717125,35.292847, ,0.0,0.0,2,8000,0,1,250,0,1,0
HF,DERBU,29.717125,35.292847,1, ,0.0,0.0,19.0,04.3,2,8000,0,1,230,0,0,0,0
TF,AQ532,29.902131,35.387403,0, ,0.0,0.0,0.0,0.0,0,0,0,0,0,0,0,0
TF,AQ530,29.977561,35.293214,0, ,0.0,0.0,0.0,0.0,2,8000,0,1,250,0,0,0
TF,LADKO,30.017114,35.243733,0, ,0.0,0.0,0.0,0.0,2,7700,0,1,220,0,0,0
TF,AQ510,29.958222,35.139733,0, ,0.0,0.0,0.0,0.0,4,7000,6000,1,185,0,0,0
TF,REVIR,29.909506,35.122578,0,IKHA,0.0,0.0,0.0,0.0,3,5000,0,0,0,0,1,0

APPTR,I19-Z,19,LADKO
IF,LADKO,30.017114,35.243733, ,0.0,0.0,2,7700,0,1,220,0,1,0
TF,AQ510,29.958222,35.139733,0, ,0.0,0.0,0.0,0.0,4,7000,6000,1,185,0,0,0
TF,REVIR,29.909506,35.122578,0,IKHA,0.0,0.0,0.0,0.0,3,5000,0,0,0,0,1,0

FINAL,I19-Z,19,I,3
IF,REVIR,29.909506,35.122578,IKHA,12.0,19.7,2,4600,0,0,0,0,0,0
CF,AQ507,29.805511,35.086008,0,IKHA,12.0,13.1,192.0,6.5,1,3900,0,1,160,0,2,0
CF,RW19,29.623964,35.022383,0,IKHA,12.0,1.8,192.0,11.4,1,167,0,0,0,0,3,0
CF,AQ580,29.420219,34.951264,0,AQB,192.0,10.2,192.0,12.7,0,0,0,0,0,0,0,0
TF,AQ582,29.376250,35.115483,0, ,0.0,0.0,0.0,0.0,0,0,0,1,210,0,0,0
TF,DERBU,29.717125,35.292847,0, ,0.0,0.0,0.0,0.0,2,8000,0,1,250,0,0,0
HM,DERBU,29.717125,35.292847,1, ,0.0,0.0,19.0,04.3,2,8000,0,1,230,0,0,0,0

APPTR,R01-Y,01,KAROL
IF,KAROL,29.609044,35.313708, ,0.0,0.0,2,8000,0,1,250,0,1,0
HF,KAROL,29.609044,35.313708,2, ,0.0,0.0,185.0,04.3,2,8000,0,1,230,0,0,0,0
TF,AQ420,29.411417,35.275072,0, ,0.0,0.0,0.0,0.0,2,8000,0,0,0,0,0,0
TF,AQ418,29.373517,35.190058,0, ,0.0,0.0,0.0,0.0,0,0,0,0,0,0,0,0
TF,AQ416,29.377069,35.113861,0, ,0.0,0.0,0.0,0.0,2,6300,0,0,0,0,0,0
TF,AQ414,29.379706,35.056708,0, ,0.0,0.0,0.0,0.0,2,6100,0,0,0,0,0,0
TF,AQ412,29.394611,35.002064,0, ,0.0,0.0,0.0,0.0,2,4800,0,0,0,0,0,0
TF,MURSA,29.409467,34.947517,0, ,0.0,0.0,0.0,0.0,2,2100,0,1,185,0,1,0

FINAL,R01-Y,01,R,3
IF,MURSA,29.409467,34.947517, ,0.0,0.0,2,2100,0,1,185,0,0,0
TF,AQ408,29.503753,34.980389,0, ,0.0,0.0,12.0,5.9,2,2100,0,0,0,0,2,0
TF,RW01,29.598047,35.013319,0, ,0.0,0.0,12.0,5.9,1,227,0,0,0,0,3,1
CF,AQ484,29.749767,35.038319,0,AQB,4.0,10.1,3.0,9.2,0,0,0,0,0,0,0,0
CF,MODOV,29.943544,35.128647,0,AQB,11.2,22.5,17.0,12.5,0,0,0,1,220,0,0,1
DF,AQ486,29.757256,35.342786,2, ,0.0,0.0,0,0,0,1,240,0,0,0
TF,KAROL,29.609044,35.313708,0, ,0.0,0.0,0.0,0.0,2,8000,0,1,250,0,0,0
HM,KAROL,29.609044,35.313708,2, ,0.0,0.0,185.0,04.3,2,8000,0,1,230,0,0,0,0

APPTR,R01-Z,01,KAROL
IF,KAROL,29.609044,35.313708, ,0.0,0.0,2,8000,0,1,250,0,1,0
HF,KAROL,29.609044,35.313708,2, ,0.0,0.0,185.0,04.3,2,8000,0,1,230,0,0,0,0
TF,AQ420,29.411417,35.275072,0, ,0.0,0.0,0.0,0.0,2,8000,0,0,0,0,0,0
TF,AQ418,29.373517,35.190058,0, ,0.0,0.0,0.0,0.0,0,0,0,0,0,0,0,0
TF,AQ416,29.377069,35.113861,0, ,0.0,0.0,0.0,0.0,2,6300,0,0,0,0,0,0
TF,AQ414,29.379706,35.056708,0, ,0.0,0.0,0.0,0.0,2,6100,0,0,0,0,0,0
TF,AQ412,29.394611,35.002064,0, ,0.0,0.0,0.0,0.0,2,4800,0,0,0,0,0,0
TF,MURSA,29.409467,34.947517,0, ,0.0,0.0,0.0,0.0,2,2100,0,1,185,0,1,0

FINAL,R01-Z,01,R,3
IF,MURSA,29.409467,34.947517, ,0.0,0.0,2,2100,0,1,185,0,0,0
TF,AQ408,29.503753,34.980389,0, ,0.0,0.0,12.0,5.9,2,2100,0,0,0,0,2,0
TF,RW01,29.598047,35.013319,0, ,0.0,0.0,12.0,5.9,1,227,0,0,0,0,3,1
CF,AQ480,29.618692,35.020544,0,AQB,12.0,2.2,12.0,1.3,0,0,0,0,0,0,0,1
TF,AQ484,29.749767,35.038319,0, ,0.0,0.0,0.0,0.0,0,0,0,1,205,0,0,0
CF,MODOV,29.943544,35.128647,0,AQB,11.2,22.5,17.0,12.5,0,0,0,1,220,0,0,1
DF,AQ486,29.757256,35.342786,2, ,0.0,0.0,0,0,0,1,240,0,0,0
TF,KAROL,29.609044,35.313708,0, ,0.0,0.0,0.0,0.0,2,8000,0,1,250,0,0,0
HM,KAROL,29.609044,35.313708,2, ,0.0,0.0,185.0,04.3,2,8000,0,1,230,0,0,0,0

APPTR,R19,19,DERBU
IF,DERBU,29.717125,35.292847, ,0.0,0.0,2,8000,0,1,250,0,1,0
HF,DERBU,29.717125,35.292847,1, ,0.0,0.0,19.0,04.3,2,8000,0,1,230,0,0,0,0
TF,AQ532,29.902131,35.387403,0, ,0.0,0.0,0.0,0.0,0,0,0,0,0,0,0,0
TF,AQ530,29.977561,35.293214,0, ,0.0,0.0,0.0,0.0,2,8000,0,1,250,0,0,0
TF,LADKO,30.017114,35.243733,0, ,0.0,0.0,0.0,0.0,2,7700,0,1,220,0,0,0
TF,AQ510,29.958222,35.139733,0, ,0.0,0.0,0.0,0.0,4,7000,6000,1,185,0,0,0
TF,REVIR,29.909506,35.122578,0, ,0.0,0.0,0.0,0.0,3,5000,0,0,0,0,1,0

APPTR,R19,19,LADKO
IF,LADKO,30.017114,35.243733, ,0.0,0.0,2,7700,0,1,220,0,1,0
TF,AQ510,29.958222,35.139733,0, ,0.0,0.0,0.0,0.0,4,7000,6000,1,185,0,0,0
TF,REVIR,29.909506,35.122578,0, ,0.0,0.0,0.0,0.0,3,5000,0,0,0,0,1,0

FINAL,R19,19,R,3
IF,REVIR,29.909506,35.122578, ,0.0,0.0,2,4600,0,0,0,0,0,0
TF,AQ508,29.811264,35.088042,0, ,0.0,0.0,192.0,6.2,1,3900,0,1,160,0,2,0
TF,RW19,29.623964,35.022383,0, ,0.0,0.0,192.0,11.7,1,167,0,0,0,0,3,1
CF,AQ580,29.420219,34.951264,0,AQB,192.0,10.2,192.0,12.8,0,0,0,0,0,0,0,0
TF,AQ582,29.376250,35.115483,0, ,0.0,0.0,0.0,0.0,0,0,0,1,210,0,0,0
TF,DERBU,29.717125,35.292847,0, ,0.0,0.0,0.0,0.0,2,8000,0,1,250,0,0,0
HM,DERBU,29.717125,35.292847,1, ,0.0,0.0,19.0,04.3,2,8000,0,1,230,0,0,0,0

