APPTR,R18,18,WUMEM
IF,WUMEM,29.801806,47.367597, ,0.0,0.0,2,2400,0,0,0,0,1,0
TF,HOVIK,29.800314,47.438456,0, ,0.0,0.0,0.0,0.0,2,2400,0,0,0,0,1,0

FINAL,R18,18,R,3
IF,HOVIK,29.800314,47.438456, ,0.0,0.0,2,2400,0,1,90,0,1,0
TF,JONAX,29.750203,47.437250,0, ,0.0,0.0,177.0,3.0,2,1500,0,0,0,0,2,0
TF,RW18,29.703431,47.436125,0, ,0.0,0.0,177.0,2.8,1,464,0,0,0,0,3,1
CA,0,177.0,2,824,0,0,0,0,0,0
DF,HOVIK,29.800314,47.438456,2, ,0.0,0.0,2,2400,0,0,0,0,0,1
HM,HOVIK,29.800314,47.438456,2, ,0.0,0.0,177.0,04,1,2400,0,1,175,0,0,0,0

APPTR,R36,36,UFEYY
IF,UFEYY,29.609244,47.363111, ,0.0,0.0,2,2400,0,0,0,0,1,0
TF,ACUGE,29.608183,47.433844,0, ,0.0,0.0,0.0,0.0,2,2400,0,0,0,0,1,0

FINAL,R36,36,R,3
IF,ACUGE,29.608183,47.433844, ,0.0,0.0,2,2400,0,1,90,0,1,0
TF,GIVBE,29.658294,47.435047,0, ,0.0,0.0,357.0,3.0,2,1500,0,0,0,0,2,0
TF,RW36,29.691703,47.435847,0, ,0.0,0.0,357.0,2.0,1,464,0,0,0,0,3,1
CA,0,357.0,2,824,0,0,0,0,0,0
DF,HOVIK,29.800314,47.438456,0, ,0.0,0.0,2,2400,0,0,0,0,0,1
HM,HOVIK,29.800314,47.438456,2, ,0.0,0.0,177.0,04,1,2400,0,1,175,0,0,0,0

