SID,ALVA1I,34,5
CF,KK010,29.351861,47.876111,0,KUA,322.2,7.4,331.0,8.0,0,0,0,0,0,0,0,0
TF,TULGO,29.440800,48.065500,0, ,0.0,0.0,0.0,0.0,0,0,0,0,0,0,0,0
TF,KK009,29.395583,48.221417,0, ,0.0,0.0,0.0,0.0,2,9000,0,0,0,0,0,0
TF,KK037,29.368083,48.315722,0, ,0.0,0.0,0.0,0.0,2,10000,0,0,0,0,0,0
TF,ALVAX,29.341667,48.406111,0, ,0.0,0.0,0.0,0.0,0,0,0,0,0,0,0,0

SID,ALVA1K,16,5
CF,KK012,29.048667,48.037250,0,KUA,156.1,12.8,151.0,10.0,3,6000,0,0,0,0,0,0
TF,KK014,28.992556,48.073917,0, ,0.0,0.0,0.0,0.0,2,4000,0,0,0,0,0,0
TF,KK017,29.151194,48.339778,0, ,0.0,0.0,0.0,0.0,3,8000,0,0,0,0,0,0
TF,KK035,29.243222,48.371778,0, ,0.0,0.0,0.0,0.0,2,9000,0,0,0,0,0,0
TF,ALVAX,29.341667,48.406111,0, ,0.0,0.0,0.0,0.0,0,0,0,0,0,0,0,0

SID,ALVA5E,15R,5
DF,DE15R,29.212706,47.976303,0, ,0.0,0.0,0,0,0,0,0,0,0,1
CA,0,151.0,2,1000,0,0,0,0,0,0
DF,KK016,29.150972,48.101194,0, ,0.0,0.0,3,6000,0,0,0,0,0,0
TF,KK017,29.151194,48.339778,0, ,0.0,0.0,0.0,0.0,3,8000,0,1,250,0,0,0
TF,KK035,29.243222,48.371778,0, ,0.0,0.0,0.0,0.0,2,9000,0,0,0,0,0,0
TF,ALVAX,29.341667,48.406111,0, ,0.0,0.0,0.0,0.0,0,0,0,0,0,0,0,0

SID,ALVA5F,33L,5
CF,SOBAB,29.361575,47.897067,0,KFR,351.9,44.5,331.0,9.0,0,0,0,0,0,0,0,0
TF,TULGO,29.440800,48.065500,0, ,0.0,0.0,0.0,0.0,0,0,0,0,0,0,0,0
TF,KK009,29.395583,48.221417,0, ,0.0,0.0,0.0,0.0,2,9000,0,0,0,0,0,0
TF,KK037,29.368083,48.315722,0, ,0.0,0.0,0.0,0.0,2,10000,0,0,0,0,0,0
TF,ALVAX,29.341667,48.406111,0, ,0.0,0.0,0.0,0.0,0,0,0,0,0,0,0,0

SID,ASVI1I,34,5
CF,KK010,29.351861,47.876111,0,KUA,322.2,7.4,331.0,8.0,0,0,0,1,190,0,0,0
TF,KK031,29.291583,47.781694,1, ,0.0,0.0,0.0,0.0,0,0,0,1,210,0,0,0
TF,KK001,29.206750,47.850167,0, ,0.0,0.0,0.0,0.0,2,6000,0,1,250,0,0,0
TF,KK002,28.935667,47.976222,0, ,0.0,0.0,0.0,0.0,2,11000,0,0,0,0,0,0
TF,KK032,28.804528,48.107528,0, ,0.0,0.0,0.0,0.0,2,13000,0,0,0,0,0,0
TF,KK005,28.680417,48.231444,0, ,0.0,0.0,0.0,0.0,2,16000,0,0,0,0,0,0
TF,ASVIR,28.538889,48.372222,0, ,0.0,0.0,0.0,0.0,0,0,0,0,0,0,0,0

SID,ASVI1K,16,5
CF,KK012,29.048667,48.037250,0,KUA,156.1,12.8,151.0,10.0,3,6000,0,0,0,0,0,0
TF,KK014,28.992556,48.073917,0, ,0.0,0.0,0.0,0.0,2,4000,0,0,0,0,0,0
TF,KK039,28.934139,48.112056,0, ,0.0,0.0,0.0,0.0,3,10000,0,0,0,0,0,0
TF,KK015,28.680444,48.277111,0, ,0.0,0.0,0.0,0.0,2,12000,0,0,0,0,0,0
TF,ASVIR,28.538889,48.372222,0, ,0.0,0.0,0.0,0.0,3,16000,0,0,0,0,0,0

SID,ASVI5E,15R,5
DF,DE15R,29.212706,47.976303,0, ,0.0,0.0,0,0,0,0,0,0,0,1
CF,KK011,29.086861,48.043083,0,KUA,150.4,10.8,151.0,8.2,0,0,0,1,210,0,0,0
TF,KK012,29.048667,48.037250,0, ,0.0,0.0,0.0,0.0,4,6000,4000,1,210,0,0,1
TF,KK039,28.934139,48.112056,0, ,0.0,0.0,0.0,0.0,3,10000,0,0,0,0,0,0
TF,KK015,28.680444,48.277111,0, ,0.0,0.0,0.0,0.0,2,12000,0,0,0,0,0,0
TF,ASVIR,28.538889,48.372222,0, ,0.0,0.0,0.0,0.0,3,16000,0,0,0,0,0,0

SID,ASVI5F,33L,5
CF,SOBAB,29.361575,47.897067,0,KFR,351.9,44.5,331.0,9.0,0,0,0,1,200,0,0,0
TF,KK031,29.291583,47.781694,1, ,0.0,0.0,0.0,0.0,0,0,0,1,210,0,0,0
TF,KK001,29.206750,47.850167,0, ,0.0,0.0,0.0,0.0,2,6000,0,1,250,0,0,0
TF,KK002,28.935667,47.976222,0, ,0.0,0.0,0.0,0.0,2,11000,0,0,0,0,0,0
TF,KK032,28.804528,48.107528,0, ,0.0,0.0,0.0,0.0,2,13000,0,0,0,0,0,0
TF,KK005,28.680417,48.231444,0, ,0.0,0.0,0.0,0.0,2,16000,0,0,0,0,0,0
TF,ASVIR,28.538889,48.372222,0, ,0.0,0.0,0.0,0.0,0,0,0,0,0,0,0,0

SID,BOXI1I,34,5
CF,KK010,29.351861,47.876111,0,KUA,322.2,7.4,331.0,8.0,0,0,0,0,0,0,0,0
TF,TULGO,29.440800,48.065500,0, ,0.0,0.0,0.0,0.0,0,0,0,0,0,0,0,0
TF,KK006,29.327250,48.196000,0, ,0.0,0.0,0.0,0.0,2,9000,0,0,0,0,0,0
TF,KK007,29.178222,48.366500,0, ,0.0,0.0,0.0,0.0,2,11000,0,0,0,0,0,0
TF,BOXIK,28.803889,48.792778,0, ,0.0,0.0,0.0,0.0,0,0,0,0,0,0,0,0

SID,BOXI1K,16,5
CF,KK012,29.048667,48.037250,0,KUA,156.1,12.8,151.0,10.0,3,6000,0,0,0,0,0,0
TF,KK014,28.992556,48.073917,0, ,0.0,0.0,0.0,0.0,2,4000,0,0,0,0,0,0
TF,KK018,28.876722,48.510528,0, ,0.0,0.0,0.0,0.0,3,12000,0,0,0,0,0,0
TF,BOXIK,28.803889,48.792778,0, ,0.0,0.0,0.0,0.0,0,0,0,0,0,0,0,0

SID,BOXI5E,15R,5
DF,DE15R,29.212706,47.976303,0, ,0.0,0.0,0,0,0,0,0,0,0,1
CA,0,151.0,2,1000,0,0,0,0,0,0
DF,KK016,29.150972,48.101194,0, ,0.0,0.0,3,6000,0,0,0,0,0,0
TF,KK017,29.151194,48.339778,0, ,0.0,0.0,0.0,0.0,3,8000,0,0,0,0,0,0
TF,BOXIK,28.803889,48.792778,0, ,0.0,0.0,0.0,0.0,0,0,0,0,0,0,0,0

SID,BOXI5F,33L,5
CF,SOBAB,29.361575,47.897067,0,KFR,351.9,44.5,331.0,9.0,0,0,0,0,0,0,0,0
TF,TULGO,29.440800,48.065500,0, ,0.0,0.0,0.0,0.0,0,0,0,0,0,0,0,0
TF,KK006,29.327250,48.196000,0, ,0.0,0.0,0.0,0.0,2,9000,0,0,0,0,0,0
TF,KK007,29.178222,48.366500,0, ,0.0,0.0,0.0,0.0,2,11000,0,0,0,0,0,0
TF,BOXIK,28.803889,48.792778,0, ,0.0,0.0,0.0,0.0,0,0,0,0,0,0,0,0

SID,DEKO1I,34,5
CF,KK010,29.351861,47.876111,0,KUA,322.2,7.4,331.0,8.0,0,0,0,1,190,0,0,0
TF,KK031,29.291583,47.781694,1, ,0.0,0.0,0.0,0.0,0,0,0,1,210,0,0,0
TF,KK001,29.206750,47.850167,0, ,0.0,0.0,0.0,0.0,2,6000,0,1,250,0,0,0
TF,KK002,28.935667,47.976222,0, ,0.0,0.0,0.0,0.0,2,11000,0,0,0,0,0,0
TF,KK003,28.696639,47.983889,0, ,0.0,0.0,0.0,0.0,2,18000,0,0,0,0,0,0
TF,DEKOB,28.526389,47.851667,0, ,0.0,0.0,0.0,0.0,0,0,0,0,0,0,0,0

SID,DEKO1J,33L,5
CF,SOBAB,29.361575,47.897067,0,KFR,351.9,44.5,331.0,9.0,0,0,0,1,200,0,0,0
TF,KK031,29.291583,47.781694,1, ,0.0,0.0,0.0,0.0,0,0,0,1,210,0,0,0
TF,KK001,29.206750,47.850167,0, ,0.0,0.0,0.0,0.0,2,6000,0,1,250,0,0,0
TF,KK002,28.935667,47.976222,0, ,0.0,0.0,0.0,0.0,2,11000,0,0,0,0,0,0
TF,KK003,28.696639,47.983889,0, ,0.0,0.0,0.0,0.0,2,18000,0,0,0,0,0,0
TF,DEKOB,28.526389,47.851667,0, ,0.0,0.0,0.0,0.0,0,0,0,0,0,0,0,0

SID,DEKO1K,16,5
CF,KK012,29.048667,48.037250,0,KUA,156.1,12.8,151.0,10.0,3,6000,0,0,0,0,0,0
TF,KK036,28.816556,48.002000,0, ,0.0,0.0,0.0,0.0,3,10000,0,0,0,0,0,0
TF,KK003,28.696639,47.983889,0, ,0.0,0.0,0.0,0.0,3,12000,0,0,0,0,0,0
TF,DEKOB,28.526389,47.851667,0, ,0.0,0.0,0.0,0.0,3,20000,0,0,0,0,0,0

SID,DEKO1L,15R,5
DF,DE15R,29.212706,47.976303,0, ,0.0,0.0,0,0,0,0,0,0,0,1
CF,KK011,29.086861,48.043083,0,KUA,150.4,10.8,151.0,8.2,0,0,0,1,210,0,0,0
TF,KK012,29.048667,48.037250,0, ,0.0,0.0,0.0,0.0,4,6000,4000,0,0,0,0,1
TF,KK036,28.816556,48.002000,0, ,0.0,0.0,0.0,0.0,3,10000,0,0,0,0,0,0
TF,KK003,28.696639,47.983889,0, ,0.0,0.0,0.0,0.0,3,12000,0,0,0,0,0,0
TF,DEKOB,28.526389,47.851667,0, ,0.0,0.0,0.0,0.0,3,20000,0,0,0,0,0,0

SID,KATO1I,34,5
CF,KK010,29.351861,47.876111,0,KUA,322.2,7.4,331.0,8.0,0,0,0,1,190,0,0,0
TF,KK031,29.291583,47.781694,1, ,0.0,0.0,0.0,0.0,0,0,0,1,210,0,0,0
TF,KK001,29.206750,47.850167,0, ,0.0,0.0,0.0,0.0,2,6000,0,1,250,0,0,0
TF,KK002,28.935667,47.976222,0, ,0.0,0.0,0.0,0.0,2,11000,0,0,0,0,0,0
TF,KK003,28.696639,47.983889,0, ,0.0,0.0,0.0,0.0,2,18000,0,0,0,0,0,0
TF,KATOD,28.528056,47.931667,0, ,0.0,0.0,0.0,0.0,0,0,0,0,0,0,0,0

SID,KATO1J,33L,5
CF,SOBAB,29.361575,47.897067,0,KFR,351.9,44.5,331.0,9.0,0,0,0,1,200,0,0,0
TF,KK031,29.291583,47.781694,1, ,0.0,0.0,0.0,0.0,0,0,0,1,210,0,0,0
TF,KK001,29.206750,47.850167,0, ,0.0,0.0,0.0,0.0,2,6000,0,1,250,0,0,0
TF,KK002,28.935667,47.976222,0, ,0.0,0.0,0.0,0.0,2,11000,0,0,0,0,0,0
TF,KK003,28.696639,47.983889,0, ,0.0,0.0,0.0,0.0,2,18000,0,0,0,0,0,0
TF,KATOD,28.528056,47.931667,0, ,0.0,0.0,0.0,0.0,0,0,0,0,0,0,0,0

SID,KATO1K,16,5
CF,KK012,29.048667,48.037250,0,KUA,156.1,12.8,151.0,10.0,3,6000,0,0,0,0,0,0
TF,KK036,28.816556,48.002000,0, ,0.0,0.0,0.0,0.0,3,10000,0,0,0,0,0,0
TF,KK003,28.696639,47.983889,0, ,0.0,0.0,0.0,0.0,3,12000,0,0,0,0,0,0
TF,KATOD,28.528056,47.931667,0, ,0.0,0.0,0.0,0.0,3,20000,0,0,0,0,0,0

SID,KATO1L,15R,5
DF,DE15R,29.212706,47.976303,0, ,0.0,0.0,0,0,0,0,0,0,0,1
CF,KK011,29.086861,48.043083,0,KUA,150.4,10.8,151.0,8.2,0,0,0,1,210,0,0,0
TF,KK012,29.048667,48.037250,0, ,0.0,0.0,0.0,0.0,4,6000,4000,0,0,0,0,1
TF,KK036,28.816556,48.002000,0, ,0.0,0.0,0.0,0.0,3,10000,0,0,0,0,0,0
TF,KK003,28.696639,47.983889,0, ,0.0,0.0,0.0,0.0,3,12000,0,0,0,0,0,0
TF,KATOD,28.528056,47.931667,0, ,0.0,0.0,0.0,0.0,3,20000,0,0,0,0,0,0

SID,NIDA1I,34,5
CF,KK010,29.351861,47.876111,0,KUA,322.2,7.4,331.0,8.0,0,0,0,1,190,0,0,0
TF,KK031,29.291583,47.781694,1, ,0.0,0.0,0.0,0.0,0,0,0,1,210,0,0,0
TF,KK001,29.206750,47.850167,0, ,0.0,0.0,0.0,0.0,2,6000,0,1,250,0,0,0
TF,KK002,28.935667,47.976222,0, ,0.0,0.0,0.0,0.0,2,11000,0,0,0,0,0,0
CF,KK003,28.696639,47.983889,0,KUA,173.3,33.1,175.0,14.3,0,0,0,0,0,0,0,1
DF,KK004,28.630500,47.864056,0, ,0.0,0.0,2,19000,0,0,0,0,0,1
DF,NIDAP,28.649167,47.615556,0, ,0.0,0.0,0,0,0,0,0,0,0,0

SID,NIDA1J,33L,5
CF,SOBAB,29.361575,47.897067,0,KFR,351.9,44.5,331.0,9.0,0,0,0,1,200,0,0,0
TF,KK031,29.291583,47.781694,1, ,0.0,0.0,0.0,0.0,0,0,0,1,210,0,0,0
TF,KK001,29.206750,47.850167,0, ,0.0,0.0,0.0,0.0,2,6000,0,1,250,0,0,0
TF,KK002,28.935667,47.976222,0, ,0.0,0.0,0.0,0.0,2,11000,0,0,0,0,0,0
CF,KK003,28.696639,47.983889,0,KFR,12.7,4.7,175.0,14.3,0,0,0,0,0,0,0,1
DF,KK004,28.630500,47.864056,0, ,0.0,0.0,2,19000,0,0,0,0,0,1
DF,NIDAP,28.649167,47.615556,0, ,0.0,0.0,0,0,0,0,0,0,0,0

SID,NIDA1K,16,5
CF,KK012,29.048667,48.037250,0,KUA,156.1,12.8,151.0,10.0,3,6000,0,0,0,0,0,0
TF,KK036,28.816556,48.002000,0, ,0.0,0.0,0.0,0.0,3,10000,0,0,0,0,0,0
TF,KK003,28.696639,47.983889,0, ,0.0,0.0,0.0,0.0,3,12000,0,0,0,0,0,0
TF,KK004,28.630500,47.864056,0, ,0.0,0.0,0.0,0.0,0,0,0,0,0,0,0,1
TF,NIDAP,28.649167,47.615556,0, ,0.0,0.0,0.0,0.0,3,20000,0,0,0,0,0,0

SID,NIDA1L,15R,5
DF,DE15R,29.212706,47.976303,0, ,0.0,0.0,0,0,0,0,0,0,0,1
CF,KK011,29.086861,48.043083,0,KUA,150.4,10.8,151.0,8.2,0,0,0,1,210,0,0,0
TF,KK012,29.048667,48.037250,0, ,0.0,0.0,0.0,0.0,4,6000,4000,0,0,0,0,1
TF,KK036,28.816556,48.002000,0, ,0.0,0.0,0.0,0.0,3,10000,0,0,0,0,0,0
TF,KK003,28.696639,47.983889,0, ,0.0,0.0,0.0,0.0,3,12000,0,0,0,0,0,0
TF,KK004,28.630500,47.864056,0, ,0.0,0.0,0.0,0.0,0,0,0,0,0,0,0,1
TF,NIDAP,28.649167,47.615556,0, ,0.0,0.0,0.0,0.0,3,20000,0,0,0,0,0,0

SID,RALK1K,16,5
CF,KK012,29.048667,48.037250,0,KUA,156.1,12.8,151.0,10.0,3,6000,0,0,0,0,0,0
TF,KK014,28.992556,48.073917,0, ,0.0,0.0,0.0,0.0,2,4000,0,0,0,0,0,0
TF,KK017,29.151194,48.339778,0, ,0.0,0.0,0.0,0.0,3,8000,0,0,0,0,0,0
TF,KK034,29.276583,48.324611,0, ,0.0,0.0,0.0,0.0,2,9000,0,0,0,0,0,0
TF,RALKA,29.436389,48.305278,0, ,0.0,0.0,0.0,0.0,2,11000,0,0,0,0,0,0

SID,RALK5E,15R,5
DF,DE15R,29.212706,47.976303,0, ,0.0,0.0,0,0,0,0,0,0,0,1
CA,0,151.0,2,1000,0,0,0,0,0,0
DF,KK016,29.150972,48.101194,0, ,0.0,0.0,3,6000,0,0,0,0,0,0
TF,KK017,29.151194,48.339778,0, ,0.0,0.0,0.0,0.0,3,8000,0,1,250,0,0,0
TF,KK034,29.276583,48.324611,0, ,0.0,0.0,0.0,0.0,2,9000,0,0,0,0,0,0
TF,RALKA,29.436389,48.305278,0, ,0.0,0.0,0.0,0.0,2,11000,0,0,0,0,0,0

SID,SESR1I,34,5
CF,KK010,29.351861,47.876111,0,KUA,322.2,7.4,331.0,8.0,0,0,0,0,0,0,0,0
TF,TULGO,29.440800,48.065500,0, ,0.0,0.0,0.0,0.0,0,0,0,0,0,0,0,0
TF,KK008,29.385333,48.229000,0, ,0.0,0.0,0.0,0.0,2,9000,0,0,0,0,0,0
TF,SESRU,29.150000,48.913889,0, ,0.0,0.0,0.0,0.0,0,0,0,0,0,0,0,0

SID,SESR1K,16,5
CF,KK012,29.048667,48.037250,0,KUA,156.1,12.8,151.0,10.0,3,6000,0,0,0,0,0,0
TF,KK014,28.992556,48.073917,0, ,0.0,0.0,0.0,0.0,2,4000,0,0,0,0,0,0
TF,KK017,29.151194,48.339778,0, ,0.0,0.0,0.0,0.0,3,8000,0,0,0,0,0,0
TF,SESRU,29.150000,48.913889,0, ,0.0,0.0,0.0,0.0,2,17000,0,0,0,0,0,0

SID,SESR5E,15R,5
DF,DE15R,29.212706,47.976303,0, ,0.0,0.0,0,0,0,0,0,0,0,1
CA,0,151.0,2,1000,0,0,0,0,0,0
DF,KK016,29.150972,48.101194,0, ,0.0,0.0,3,6000,0,0,0,0,0,0
TF,KK017,29.151194,48.339778,0, ,0.0,0.0,0.0,0.0,3,8000,0,0,0,0,0,0
TF,SESRU,29.150000,48.913889,0, ,0.0,0.0,0.0,0.0,2,17000,0,0,0,0,0,0

SID,SESR5F,33L,5
CF,SOBAB,29.361575,47.897067,0,KFR,351.9,44.5,331.0,9.0,0,0,0,0,0,0,0,0
TF,TULGO,29.440800,48.065500,0, ,0.0,0.0,0.0,0.0,0,0,0,0,0,0,0,0
TF,KK008,29.385333,48.229000,0, ,0.0,0.0,0.0,0.0,2,9000,0,0,0,0,0,0
TF,SESRU,29.150000,48.913889,0, ,0.0,0.0,0.0,0.0,0,0,0,0,0,0,0,0

SID,TASM1I,34,5
CF,KK010,29.351861,47.876111,0,KUA,322.2,7.4,331.0,8.0,0,0,0,0,0,0,0,0
TF,TULGO,29.440800,48.065500,0, ,0.0,0.0,0.0,0.0,0,0,0,0,0,0,0,0
TF,KK019,29.525500,48.246694,0, ,0.0,0.0,0.0,0.0,2,9000,0,0,0,0,0,0
TF,TASMI,30.022222,47.918056,0, ,0.0,0.0,0.0,0.0,0,0,0,0,0,0,0,0

SID,TASM5F,33L,5
CF,SOBAB,29.361575,47.897067,0,KFR,351.9,44.5,331.0,9.0,0,0,0,0,0,0,0,0
TF,TULGO,29.440800,48.065500,0, ,0.0,0.0,0.0,0.0,0,0,0,0,0,0,0,0
TF,KK019,29.525500,48.246694,0, ,0.0,0.0,0.0,0.0,2,9000,0,0,0,0,0,0
TF,TASMI,30.022222,47.918056,0, ,0.0,0.0,0.0,0.0,0,0,0,0,0,0,0,0

STAR,ASVI1G,ALL,5
IF,ASVIR,28.538889,48.372222, ,0.0,0.0,2,18000,0,1,250,0,0,0

STAR,ASVI1G,15R,6
IF,ASVIR,28.538889,48.372222, ,0.0,0.0,2,18000,0,1,250,0,0,0
TF,KK024,28.631583,48.143306,0, ,0.0,0.0,0.0,0.0,2,17000,0,0,0,0,0,0
TF,KK013,28.907583,48.015806,0, ,0.0,0.0,0.0,0.0,2,13000,0,1,230,0,0,0
TF,EMEBA,29.036944,47.955833,0, ,0.0,0.0,0.0,0.0,2,11000,0,0,0,0,0,0
TF,ELOSA,29.338361,47.803306,0, ,0.0,0.0,0.0,0.0,2,3000,0,1,220,0,0,0

STAR,ASVI1G,16,6
IF,ASVIR,28.538889,48.372222, ,0.0,0.0,2,18000,0,1,250,0,0,0
TF,KK024,28.631583,48.143306,0, ,0.0,0.0,0.0,0.0,2,17000,0,0,0,0,0,0
TF,KK013,28.907583,48.015806,0, ,0.0,0.0,0.0,0.0,2,13000,0,1,230,0,0,0
TF,EMEBA,29.036944,47.955833,0, ,0.0,0.0,0.0,0.0,2,11000,0,0,0,0,0,0
TF,ELOSA,29.338361,47.803306,0, ,0.0,0.0,0.0,0.0,2,3000,0,1,220,0,0,0

STAR,ASVI1H,ALL,5
IF,ASVIR,28.538889,48.372222, ,0.0,0.0,3,15000,0,1,250,0,0,0

STAR,ASVI1H,33L,6
IF,ASVIR,28.538889,48.372222, ,0.0,0.0,3,15000,0,1,250,0,0,0
TF,KK022,28.680417,48.288333,0, ,0.0,0.0,0.0,0.0,2,12000,0,1,230,0,0,0
TF,PEDEL,28.969722,48.116111,0, ,0.0,0.0,0.0,0.0,2,3000,0,1,220,0,0,0

STAR,ASVI1H,34,6
IF,ASVIR,28.538889,48.372222, ,0.0,0.0,3,15000,0,1,250,0,0,0
TF,KK022,28.680417,48.288333,0, ,0.0,0.0,0.0,0.0,2,12000,0,1,230,0,0,0
TF,PEDEL,28.969722,48.116111,0, ,0.0,0.0,0.0,0.0,2,3000,0,1,220,0,0,0

STAR,ASVI1M,ALL,5
IF,ASVIR,28.538889,48.372222, ,0.0,0.0,2,18000,0,1,250,0,0,0

STAR,ASVI1M,15R,6
IF,ASVIR,28.538889,48.372222, ,0.0,0.0,2,18000,0,1,250,0,0,0
TF,KK024,28.631583,48.143306,0, ,0.0,0.0,0.0,0.0,2,17000,0,0,0,0,0,0
TF,KK013,28.907583,48.015806,0, ,0.0,0.0,0.0,0.0,2,13000,0,1,230,0,0,0
TF,EMEBA,29.036944,47.955833,0, ,0.0,0.0,0.0,0.0,2,11000,0,0,0,0,0,0
TF,KK027,29.300472,48.137861,0, ,0.0,0.0,0.0,0.0,2,7000,0,0,0,0,0,0
TF,EMEMI,29.439389,48.050639,0, ,0.0,0.0,0.0,0.0,2,3000,0,1,220,0,0,0

STAR,ASVI1M,16,6
IF,ASVIR,28.538889,48.372222, ,0.0,0.0,2,18000,0,1,250,0,0,0
TF,KK024,28.631583,48.143306,0, ,0.0,0.0,0.0,0.0,2,17000,0,0,0,0,0,0
TF,KK013,28.907583,48.015806,0, ,0.0,0.0,0.0,0.0,2,13000,0,1,230,0,0,0
TF,EMEBA,29.036944,47.955833,0, ,0.0,0.0,0.0,0.0,2,11000,0,0,0,0,0,0
TF,KK027,29.300472,48.137861,0, ,0.0,0.0,0.0,0.0,2,7000,0,0,0,0,0,0
TF,EMEMI,29.439389,48.050639,0, ,0.0,0.0,0.0,0.0,2,3000,0,1,220,0,0,0

STAR,DEBT1G,ALL,5
IF,DEBTI,28.735278,48.490278, ,0.0,0.0,0,0,0,1,250,0,0,0

STAR,DEBT1G,15R,6
IF,DEBTI,28.735278,48.490278, ,0.0,0.0,0,0,0,1,250,0,0,0
TF,KK025,29.013028,48.317611,0, ,0.0,0.0,0.0,0.0,2,13000,0,0,0,0,0,0
TF,KK026,29.151139,48.231361,0, ,0.0,0.0,0.0,0.0,2,11000,0,1,230,0,0,0
TF,KK033,29.224306,48.185583,0, ,0.0,0.0,0.0,0.0,2,9000,0,0,0,0,0,0
TF,KK027,29.300472,48.137861,0, ,0.0,0.0,0.0,0.0,2,7000,0,0,0,0,0,0
TF,EMEMI,29.439389,48.050639,0, ,0.0,0.0,0.0,0.0,2,3000,0,1,220,0,0,0

STAR,DEBT1G,16,6
IF,DEBTI,28.735278,48.490278, ,0.0,0.0,0,0,0,1,250,0,0,0
TF,KK025,29.013028,48.317611,0, ,0.0,0.0,0.0,0.0,2,13000,0,0,0,0,0,0
TF,KK026,29.151139,48.231361,0, ,0.0,0.0,0.0,0.0,2,11000,0,1,230,0,0,0
TF,KK033,29.224306,48.185583,0, ,0.0,0.0,0.0,0.0,2,9000,0,0,0,0,0,0
TF,KK027,29.300472,48.137861,0, ,0.0,0.0,0.0,0.0,2,7000,0,0,0,0,0,0
TF,EMEMI,29.439389,48.050639,0, ,0.0,0.0,0.0,0.0,2,3000,0,1,220,0,0,0

STAR,DEBT1H,ALL,5
IF,DEBTI,28.735278,48.490278, ,0.0,0.0,3,13000,0,1,230,0,0,0

STAR,DEBT1H,33L,6
IF,DEBTI,28.735278,48.490278, ,0.0,0.0,3,13000,0,1,230,0,0,0
TF,PEDEL,28.969722,48.116111,0, ,0.0,0.0,0.0,0.0,2,3000,0,1,220,0,0,0

STAR,DEBT1H,34,6
IF,DEBTI,28.735278,48.490278, ,0.0,0.0,3,13000,0,1,230,0,0,0
TF,PEDEL,28.969722,48.116111,0, ,0.0,0.0,0.0,0.0,2,3000,0,1,220,0,0,0

STAR,DESL1G,ALL,5
IF,DESLU,29.466667,49.030556, ,0.0,0.0,0,0,0,1,250,0,0,0

STAR,DESL1G,15R,6
IF,DESLU,29.466667,49.030556, ,0.0,0.0,0,0,0,1,250,0,0,0
TF,KK029,29.440750,48.404306,0, ,0.0,0.0,0.0,0.0,3,8000,0,0,0,0,0,0
TF,RALKA,29.436389,48.305278,0, ,0.0,0.0,0.0,0.0,0,0,0,1,230,0,0,0
TF,EMEMI,29.439389,48.050639,0, ,0.0,0.0,0.0,0.0,2,3000,0,1,220,0,0,0

STAR,DESL1G,16,6
IF,DESLU,29.466667,49.030556, ,0.0,0.0,0,0,0,1,250,0,0,0
TF,KK029,29.440750,48.404306,0, ,0.0,0.0,0.0,0.0,3,8000,0,0,0,0,0,0
TF,RALKA,29.436389,48.305278,0, ,0.0,0.0,0.0,0.0,0,0,0,1,230,0,0,0
TF,EMEMI,29.439389,48.050639,0, ,0.0,0.0,0.0,0.0,2,3000,0,1,220,0,0,0

STAR,DESL1H,ALL,5
IF,DESLU,29.466667,49.030556, ,0.0,0.0,0,0,0,1,250,0,0,0

STAR,DESL1H,33L,6
IF,DESLU,29.466667,49.030556, ,0.0,0.0,0,0,0,1,250,0,0,0
TF,ALVAX,29.341667,48.406111,0, ,0.0,0.0,0.0,0.0,3,8000,0,1,230,0,0,0
TF,TABTO,29.105278,48.223333,0, ,0.0,0.0,0.0,0.0,2,3000,0,1,220,0,0,0

STAR,DESL1H,34,6
IF,DESLU,29.466667,49.030556, ,0.0,0.0,0,0,0,1,250,0,0,0
TF,ALVAX,29.341667,48.406111,0, ,0.0,0.0,0.0,0.0,3,8000,0,1,230,0,0,0
TF,TABTO,29.105278,48.223333,0, ,0.0,0.0,0.0,0.0,2,3000,0,1,220,0,0,0

STAR,KUNR1G,ALL,5
IF,KUNRU,28.538889,48.180556, ,0.0,0.0,0,0,0,1,250,0,0,0

STAR,KUNR1G,15R,6
IF,KUNRU,28.538889,48.180556, ,0.0,0.0,0,0,0,1,250,0,0,0
TF,KK024,28.631583,48.143306,0, ,0.0,0.0,0.0,0.0,2,17000,0,0,0,0,0,0
TF,KK013,28.907583,48.015806,0, ,0.0,0.0,0.0,0.0,2,13000,0,1,230,0,0,0
TF,EMEBA,29.036944,47.955833,0, ,0.0,0.0,0.0,0.0,2,11000,0,0,0,0,0,0
TF,ELOSA,29.338361,47.803306,0, ,0.0,0.0,0.0,0.0,2,3000,0,1,220,0,0,0

STAR,KUNR1G,16,6
IF,KUNRU,28.538889,48.180556, ,0.0,0.0,0,0,0,1,250,0,0,0
TF,KK024,28.631583,48.143306,0, ,0.0,0.0,0.0,0.0,2,17000,0,0,0,0,0,0
TF,KK013,28.907583,48.015806,0, ,0.0,0.0,0.0,0.0,2,13000,0,1,230,0,0,0
TF,EMEBA,29.036944,47.955833,0, ,0.0,0.0,0.0,0.0,2,11000,0,0,0,0,0,0
TF,ELOSA,29.338361,47.803306,0, ,0.0,0.0,0.0,0.0,2,3000,0,1,220,0,0,0

STAR,KUNR1H,ALL,5
IF,KUNRU,28.538889,48.180556, ,0.0,0.0,3,13000,0,1,250,0,0,0

STAR,KUNR1H,33L,6
IF,KUNRU,28.538889,48.180556, ,0.0,0.0,3,13000,0,1,250,0,0,0
TF,KK021,28.693722,48.157444,0, ,0.0,0.0,0.0,0.0,3,10000,0,1,230,0,0,0
TF,PEDEL,28.969722,48.116111,0, ,0.0,0.0,0.0,0.0,2,3000,0,1,220,0,0,0

STAR,KUNR1H,34,6
IF,KUNRU,28.538889,48.180556, ,0.0,0.0,3,13000,0,1,250,0,0,0
TF,KK021,28.693722,48.157444,0, ,0.0,0.0,0.0,0.0,3,10000,0,1,230,0,0,0
TF,PEDEL,28.969722,48.116111,0, ,0.0,0.0,0.0,0.0,2,3000,0,1,220,0,0,0

STAR,KUNR1M,ALL,5
IF,KUNRU,28.538889,48.180556, ,0.0,0.0,0,0,0,1,250,0,0,0

STAR,KUNR1M,15R,6
IF,KUNRU,28.538889,48.180556, ,0.0,0.0,0,0,0,1,250,0,0,0
TF,KK024,28.631583,48.143306,0, ,0.0,0.0,0.0,0.0,2,17000,0,0,0,0,0,0
TF,KK013,28.907583,48.015806,0, ,0.0,0.0,0.0,0.0,2,13000,0,1,230,0,0,0
TF,EMEBA,29.036944,47.955833,0, ,0.0,0.0,0.0,0.0,2,11000,0,0,0,0,0,0
TF,KK027,29.300472,48.137861,0, ,0.0,0.0,0.0,0.0,2,7000,0,0,0,0,0,0
TF,EMEMI,29.439389,48.050639,0, ,0.0,0.0,0.0,0.0,2,3000,0,1,220,0,0,0

STAR,KUNR1M,16,6
IF,KUNRU,28.538889,48.180556, ,0.0,0.0,0,0,0,1,250,0,0,0
TF,KK024,28.631583,48.143306,0, ,0.0,0.0,0.0,0.0,2,17000,0,0,0,0,0,0
TF,KK013,28.907583,48.015806,0, ,0.0,0.0,0.0,0.0,2,13000,0,1,230,0,0,0
TF,EMEBA,29.036944,47.955833,0, ,0.0,0.0,0.0,0.0,2,11000,0,0,0,0,0,0
TF,KK027,29.300472,48.137861,0, ,0.0,0.0,0.0,0.0,2,7000,0,0,0,0,0,0
TF,EMEMI,29.439389,48.050639,0, ,0.0,0.0,0.0,0.0,2,3000,0,1,220,0,0,0

STAR,RALK1H,ALL,5
IF,RALKA,29.436389,48.305278, ,0.0,0.0,3,8000,0,1,230,0,0,0

STAR,RALK1H,33L,6
IF,RALKA,29.436389,48.305278, ,0.0,0.0,3,8000,0,1,230,0,0,0
TF,TABTO,29.105278,48.223333,0, ,0.0,0.0,0.0,0.0,2,3000,0,1,220,0,0,0

STAR,RALK1H,34,6
IF,RALKA,29.436389,48.305278, ,0.0,0.0,3,8000,0,1,230,0,0,0
TF,TABTO,29.105278,48.223333,0, ,0.0,0.0,0.0,0.0,2,3000,0,1,220,0,0,0

STAR,SESR1G,ALL,5
IF,SESRU,29.150000,48.913889, ,0.0,0.0,3,15000,0,1,250,0,0,0

STAR,SESR1G,15R,6
IF,SESRU,29.150000,48.913889, ,0.0,0.0,3,15000,0,1,250,0,0,0
TF,KK028,29.302194,48.511250,0, ,0.0,0.0,0.0,0.0,3,8000,0,0,0,0,0,0
TF,ALVAX,29.341667,48.406111,0, ,0.0,0.0,0.0,0.0,0,0,0,1,230,0,0,0
TF,EMEMI,29.439389,48.050639,0, ,0.0,0.0,0.0,0.0,2,3000,0,1,220,0,0,0

STAR,SESR1G,16,6
IF,SESRU,29.150000,48.913889, ,0.0,0.0,3,15000,0,1,250,0,0,0
TF,KK028,29.302194,48.511250,0, ,0.0,0.0,0.0,0.0,3,8000,0,0,0,0,0,0
TF,ALVAX,29.341667,48.406111,0, ,0.0,0.0,0.0,0.0,0,0,0,1,230,0,0,0
TF,EMEMI,29.439389,48.050639,0, ,0.0,0.0,0.0,0.0,2,3000,0,1,220,0,0,0

STAR,SESR1H,ALL,5
IF,SESRU,29.150000,48.913889, ,0.0,0.0,0,0,0,1,250,0,0,0

STAR,SESR1H,33L,6
IF,SESRU,29.150000,48.913889, ,0.0,0.0,0,0,0,1,250,0,0,0
TF,KK023,29.125500,48.528500,0, ,0.0,0.0,0.0,0.0,3,10000,0,1,230,0,0,0
TF,TABTO,29.105278,48.223333,0, ,0.0,0.0,0.0,0.0,2,3000,0,1,220,0,0,0

STAR,SESR1H,34,6
IF,SESRU,29.150000,48.913889, ,0.0,0.0,0,0,0,1,250,0,0,0
TF,KK023,29.125500,48.528500,0, ,0.0,0.0,0.0,0.0,3,10000,0,1,230,0,0,0
TF,TABTO,29.105278,48.223333,0, ,0.0,0.0,0.0,0.0,2,3000,0,1,220,0,0,0

STAR,SIDA1G,ALL,5
IF,SIDAD,29.875278,48.495556, ,0.0,0.0,0,0,0,1,250,0,0,0

STAR,SIDA1G,15R,6
IF,SIDAD,29.875278,48.495556, ,0.0,0.0,0,0,0,1,250,0,0,0
TF,KK030,29.626500,48.240944,0, ,0.0,0.0,0.0,0.0,3,10000,0,1,230,0,0,0
TF,EMEMI,29.439389,48.050639,0, ,0.0,0.0,0.0,0.0,2,3000,0,1,220,0,0,0

STAR,SIDA1G,16,6
IF,SIDAD,29.875278,48.495556, ,0.0,0.0,0,0,0,1,250,0,0,0
TF,KK030,29.626500,48.240944,0, ,0.0,0.0,0.0,0.0,3,10000,0,1,230,0,0,0
TF,EMEMI,29.439389,48.050639,0, ,0.0,0.0,0.0,0.0,2,3000,0,1,220,0,0,0

STAR,SIDA1H,ALL,5
IF,SIDAD,29.875278,48.495556, ,0.0,0.0,0,0,0,1,250,0,0,0

STAR,SIDA1H,33L,6
IF,SIDAD,29.875278,48.495556, ,0.0,0.0,0,0,0,1,250,0,0,0
TF,KK038,29.424250,48.419861,0, ,0.0,0.0,0.0,0.0,3,9000,0,0,0,0,0,0
TF,ALVAX,29.341667,48.406111,0, ,0.0,0.0,0.0,0.0,3,8000,0,1,230,0,0,0
TF,TABTO,29.105278,48.223333,0, ,0.0,0.0,0.0,0.0,2,3000,0,1,220,0,0,0

STAR,SIDA1H,34,6
IF,SIDAD,29.875278,48.495556, ,0.0,0.0,0,0,0,1,250,0,0,0
TF,KK038,29.424250,48.419861,0, ,0.0,0.0,0.0,0.0,3,9000,0,0,0,0,0,0
TF,ALVAX,29.341667,48.406111,0, ,0.0,0.0,0.0,0.0,3,8000,0,1,230,0,0,0
TF,TABTO,29.105278,48.223333,0, ,0.0,0.0,0.0,0.0,2,3000,0,1,220,0,0,0

STAR,SORO1G,ALL,5
IF,SOROR,28.571389,47.658889, ,0.0,0.0,0,0,0,1,250,0,0,0

STAR,SORO1G,15R,6
IF,SOROR,28.571389,47.658889, ,0.0,0.0,0,0,0,1,250,0,0,0
TF,KK020,28.578750,47.985028,0, ,0.0,0.0,0.0,0.0,2,21000,0,0,0,0,0,0
TF,KK024,28.631583,48.143306,0, ,0.0,0.0,0.0,0.0,2,17000,0,0,0,0,0,0
TF,KK013,28.907583,48.015806,0, ,0.0,0.0,0.0,0.0,2,13000,0,1,230,0,0,0
TF,EMEBA,29.036944,47.955833,0, ,0.0,0.0,0.0,0.0,2,11000,0,0,0,0,0,0
TF,ELOSA,29.338361,47.803306,0, ,0.0,0.0,0.0,0.0,2,3000,0,1,220,0,0,0

STAR,SORO1G,16,6
IF,SOROR,28.571389,47.658889, ,0.0,0.0,0,0,0,1,250,0,0,0
TF,KK020,28.578750,47.985028,0, ,0.0,0.0,0.0,0.0,2,21000,0,0,0,0,0,0
TF,KK024,28.631583,48.143306,0, ,0.0,0.0,0.0,0.0,2,17000,0,0,0,0,0,0
TF,KK013,28.907583,48.015806,0, ,0.0,0.0,0.0,0.0,2,13000,0,1,230,0,0,0
TF,EMEBA,29.036944,47.955833,0, ,0.0,0.0,0.0,0.0,2,11000,0,0,0,0,0,0
TF,ELOSA,29.338361,47.803306,0, ,0.0,0.0,0.0,0.0,2,3000,0,1,220,0,0,0

STAR,SORO1H,ALL,5
IF,SOROR,28.571389,47.658889, ,0.0,0.0,3,17000,0,1,250,0,0,0

STAR,SORO1H,33L,6
IF,SOROR,28.571389,47.658889, ,0.0,0.0,3,17000,0,1,250,0,0,0
TF,KK020,28.578750,47.985028,0, ,0.0,0.0,0.0,0.0,0,0,0,0,0,0,0,0
TF,KK021,28.693722,48.157444,0, ,0.0,0.0,0.0,0.0,3,10000,0,1,230,0,0,0
TF,PEDEL,28.969722,48.116111,0, ,0.0,0.0,0.0,0.0,2,3000,0,1,220,0,0,0

STAR,SORO1H,34,6
IF,SOROR,28.571389,47.658889, ,0.0,0.0,3,17000,0,1,250,0,0,0
TF,KK020,28.578750,47.985028,0, ,0.0,0.0,0.0,0.0,0,0,0,0,0,0,0,0
TF,KK021,28.693722,48.157444,0, ,0.0,0.0,0.0,0.0,3,10000,0,1,230,0,0,0
TF,PEDEL,28.969722,48.116111,0, ,0.0,0.0,0.0,0.0,2,3000,0,1,220,0,0,0

STAR,SORO1M,ALL,5
IF,SOROR,28.571389,47.658889, ,0.0,0.0,0,0,0,1,250,0,0,0

STAR,SORO1M,15R,6
IF,SOROR,28.571389,47.658889, ,0.0,0.0,0,0,0,1,250,0,0,0
TF,KK020,28.578750,47.985028,0, ,0.0,0.0,0.0,0.0,2,21000,0,0,0,0,0,0
TF,KK024,28.631583,48.143306,0, ,0.0,0.0,0.0,0.0,2,17000,0,0,0,0,0,0
TF,KK013,28.907583,48.015806,0, ,0.0,0.0,0.0,0.0,2,13000,0,1,230,0,0,0
TF,EMEBA,29.036944,47.955833,0, ,0.0,0.0,0.0,0.0,2,11000,0,0,0,0,0,0
TF,KK027,29.300472,48.137861,0, ,0.0,0.0,0.0,0.0,2,7000,0,0,0,0,0,0
TF,EMEMI,29.439389,48.050639,0, ,0.0,0.0,0.0,0.0,2,3000,0,1,220,0,0,0

STAR,SORO1M,16,6
IF,SOROR,28.571389,47.658889, ,0.0,0.0,0,0,0,1,250,0,0,0
TF,KK020,28.578750,47.985028,0, ,0.0,0.0,0.0,0.0,2,21000,0,0,0,0,0,0
TF,KK024,28.631583,48.143306,0, ,0.0,0.0,0.0,0.0,2,17000,0,0,0,0,0,0
TF,KK013,28.907583,48.015806,0, ,0.0,0.0,0.0,0.0,2,13000,0,1,230,0,0,0
TF,EMEBA,29.036944,47.955833,0, ,0.0,0.0,0.0,0.0,2,11000,0,0,0,0,0,0
TF,KK027,29.300472,48.137861,0, ,0.0,0.0,0.0,0.0,2,7000,0,0,0,0,0,0
TF,EMEMI,29.439389,48.050639,0, ,0.0,0.0,0.0,0.0,2,3000,0,1,220,0,0,0

APPTR,I15LZ,15L,GIBOD
IF,GIBOD,29.236944,48.182778, ,0.0,0.0,0,0,0,0,0,0,1,0
AF,D332M,29.438644,47.878308,1,KUA,336.6,12.0,90.0,2,2400,0,0,0,0,0,0
CF,CI15L,29.375056,47.912206,0,IKIC,331.0,11.2,152.0,4.2,2,2400,0,0,0,0,1,0

APPTR,I15LZ,15L,KUA
IF,KUA,29.249167,47.954722, ,0.0,0.0,2,3000,0,0,0,0,1,0
FD,KUA,29.249167,47.954722,0,KUA,0.0,9.0,6.0,9.0,2,2400,0,0,0,0,0,0
CF,CI15L,29.375056,47.912206,1,IKIC,331.0,11.2,152.0,1.0,2,2400,0,0,0,0,1,0

FINAL,I15LZ,15L,I,3
IF,CI15L,29.375056,47.912206,IKIC,331.0,11.2,2,2400,0,0,0,0,0,0
CF,FI15L,29.326600,47.938006,0,IKIC,331.0,8.0,152.0,3.2,1,2000,0,0,0,0,2,0
CF,RW15L,29.241233,47.983389,0,IKIC,331.0,2.3,152.0,5.6,1,215,0,0,0,0,3,0
CD, ,0,0,0,IKIC,0,0.0,152.0,5.3,0,0,0,0,0,0,0,0
VI,1, ,0.0,45.0,0,0,0,0,0,0,0,0
CF,LUDIM,29.230786,48.296931,0,KUA,89.4,18.0,90.0,6.0,1,5000,0,0,0,0,0,0
HM,LUDIM,29.230786,48.296931,2, ,0.0,0.0,90.0,04.3,2,5000,0,0,0,0,0,0,0

APPTR,I15R,15R,ELOSA
IF,ELOSA,29.338361,47.803306, ,0.0,0.0,2,3000,0,1,220,0,1,0
TF,KUMRI,29.378094,47.888319,0,IKIB,0.0,0.0,0.0,0.0,2,2400,0,1,200,0,1,0

APPTR,I15R,15R,EMEMI
IF,EMEMI,29.439389,48.050639, ,0.0,0.0,2,3000,0,1,220,0,1,0
TF,KUMRI,29.378094,47.888319,0,IKIB,0.0,0.0,0.0,0.0,2,2400,0,1,200,0,1,0

FINAL,I15R,15R,I,3
IF,KUMRI,29.378094,47.888319,IKIB,331.0,11.1,2,2400,0,1,200,0,0,0
CF,KK04E,29.302386,47.928631,0,IKIB,331.0,6.1,151.0,5.0,1,1500,0,1,180,0,2,0
CF,RW15R,29.240522,47.961519,0,IKIB,331.0,2.0,151.0,4.1,1,185,0,0,0,0,3,0
CA,0,151.0,2,660,0,0,0,0,0,0
DF,LUDIM,29.230786,48.296931,0, ,0.0,0.0,1,3000,0,1,220,0,0,0
HM,LUDIM,29.230786,48.296931,2, ,0.0,0.0,73.0,04.3,1,3000,0,1,220,0,0,0,0

APPTR,I16,16,ELOSA
IF,ELOSA,29.338361,47.803306, ,0.0,0.0,2,3000,0,1,220,0,1,0
TF,ITOLO,29.364167,47.869528,0,IKIF,0.0,0.0,0.0,0.0,2,2400,0,1,200,0,1,0

APPTR,I16,16,EMEMI
IF,EMEMI,29.439389,48.050639, ,0.0,0.0,2,3000,0,1,220,0,1,0
TF,ITOLO,29.364167,47.869528,0,IKIF,0.0,0.0,0.0,0.0,2,2400,0,1,200,0,1,0

FINAL,I16,16,I,3
IF,ITOLO,29.364167,47.869528,IKIF,331.0,11.7,2,2400,0,1,200,0,0,0
CF,KK04N,29.288472,47.909889,0,IKIF,331.0,6.7,151.0,5.0,1,1500,0,1,180,0,2,0
CF,RW16,29.228306,47.941903,0,IKIF,331.0,2.7,151.0,4.0,1,221,0,0,0,0,3,0
CA,0,151.0,2,650,0,0,0,0,0,0
DF,EMEBA,29.036944,47.955833,0, ,0.0,0.0,1,3000,0,1,220,0,0,0
HM,EMEBA,29.036944,47.955833,1, ,0.0,0.0,154.0,04.3,1,3000,0,1,220,0,0,0,0

APPTR,I33L,33L,PEDEL
IF,PEDEL,28.969722,48.116111, ,0.0,0.0,2,3000,0,1,220,0,1,0
TF,KUTNO,29.086281,48.043400,0,IKIA,0.0,0.0,0.0,0.0,2,2300,0,1,200,0,1,0

APPTR,I33L,33L,TABTO
IF,TABTO,29.105278,48.223333, ,0.0,0.0,2,3000,0,1,220,0,1,0
TF,KUTNO,29.086281,48.043400,0,IKIA,0.0,0.0,0.0,0.0,2,2300,0,1,200,0,1,0

FINAL,I33L,33L,I,3
IF,KUTNO,29.086281,48.043400,IKIA,151.0,10.4,2,2300,0,1,200,0,0,0
CF,KK03E,29.162014,48.003228,0,IKIA,151.0,5.4,331.0,5.0,1,1300,0,1,180,0,2,0
CF,RW33L,29.212706,47.976303,0,IKIA,151.0,2.1,331.0,3.4,1,225,0,0,0,0,3,0
CA,0,331.0,2,620,0,0,0,0,0,0
DF,TABTO,29.105278,48.223333,2, ,0.0,0.0,1,3000,0,1,220,0,0,0
HM,TABTO,29.105278,48.223333,2, ,0.0,0.0,254.0,04.3,1,3000,0,1,220,0,0,0,0

APPTR,I33RZ,33R,IMGAV
IF,IMGAV,29.233889,48.240000, ,0.0,0.0,0,0,0,0,0,0,1,0
AF,D152L,29.030597,48.095075,2,KUA,146.6,15.0,90.0,2,2400,0,0,0,0,0,0
CF,CI33R,29.079078,48.069411,0,IKID,151.0,10.9,332.0,3.2,2,2400,0,0,0,0,1,0

APPTR,I33RZ,33R,KUA
IF,KUA,29.249167,47.954722, ,0.0,0.0,2,3000,0,0,0,0,1,0
FD,KUA,29.249167,47.954722,0,KUA,0.0,12.1,125.0,12.1,2,2400,0,0,0,0,0,0
CF,CI33R,29.079078,48.069411,2,IKID,151.0,10.9,332.0,1.0,2,2400,0,0,0,0,1,0

FINAL,I33RZ,33R,I,3
IF,CI33R,29.079078,48.069411,IKID,151.0,10.9,2,2400,0,0,0,0,0,0
CF,FI33R,29.130586,48.042117,0,IKID,151.0,7.5,332.0,3.4,1,2000,0,0,0,0,2,0
CF,RW33R,29.212603,47.998594,0,IKID,151.0,2.1,332.0,5.4,1,261,0,0,0,0,3,0
CA,0,332.0,2,2400,0,0,0,0,0,0
VI,2, ,0.0,135.0,0,0,0,0,0,0,0,0
CF,LUDIM,29.230786,48.296931,0,KUA,89.4,18.0,90.0,11.0,1,5000,0,0,0,0,0,0
HM,LUDIM,29.230786,48.296931,2, ,0.0,0.0,90.0,04.3,2,5000,0,0,0,0,0,0,0

APPTR,I34,34,PEDEL
IF,PEDEL,28.969722,48.116111, ,0.0,0.0,2,3000,0,1,220,0,1,0
TF,IVOTO,29.069194,48.026361,0,IKIE,0.0,0.0,0.0,0.0,2,2200,0,1,200,0,1,0

APPTR,I34,34,TABTO
IF,TABTO,29.105278,48.223333, ,0.0,0.0,2,3000,0,1,220,0,1,0
TF,IVOTO,29.069194,48.026361,0,IKIE,0.0,0.0,0.0,0.0,2,2200,0,1,200,0,1,0

FINAL,I34,34,I,3
IF,IVOTO,29.069194,48.026361,IKIE,151.0,10.7,2,2200,0,1,200,0,0,0
CF,KK03S,29.144944,47.986194,0,IKIE,151.0,5.7,331.0,5.0,1,1200,0,1,180,0,2,0
CF,RW34,29.190856,47.961808,0,IKIE,151.0,2.7,331.0,3.0,1,227,0,0,0,0,3,0
CF,KK100,29.232639,47.939611,0,KUA,214.7,1.3,331.0,2.8,0,0,0,0,0,0,0,1
DF,KK200,29.155750,47.875611,1, ,0.0,0.0,0,0,0,0,0,0,0,0
TF,KK300,29.023972,47.945528,0, ,0.0,0.0,0.0,0.0,0,0,0,0,0,0,0,0
TF,KK400,28.928833,48.031806,0, ,0.0,0.0,0.0,0.0,0,0,0,0,0,0,0,0
TF,PEDEL,28.969722,48.116111,0, ,0.0,0.0,0.0,0.0,1,3000,0,1,220,0,0,0
HM,PEDEL,28.969722,48.116111,1, ,0.0,0.0,318.0,04.3,1,3000,0,1,220,0,0,0,0

APPTR,R15R,15R,ELOSA
IF,ELOSA,29.338361,47.803306, ,0.0,0.0,2,3000,0,1,220,0,1,0
TF,KUMRI,29.378094,47.888319,0, ,0.0,0.0,0.0,0.0,2,2400,0,1,200,0,1,0

APPTR,R15R,15R,EMEMI
IF,EMEMI,29.439389,48.050639, ,0.0,0.0,2,3000,0,1,220,0,1,0
TF,KUMRI,29.378094,47.888319,0, ,0.0,0.0,0.0,0.0,2,2400,0,1,200,0,1,0

FINAL,R15R,15R,R,3
IF,KUMRI,29.378094,47.888319, ,0.0,0.0,2,2400,0,1,200,0,0,0
TF,KK04E,29.302386,47.928631,0, ,0.0,0.0,151.0,5.0,2,1500,0,1,180,0,2,0
TF,RW15R,29.240522,47.961519,0, ,0.0,0.0,151.0,4.1,1,185,0,0,0,0,3,1
CA,0,151.0,2,660,0,0,0,0,0,0
DF,LUDIM,29.230786,48.296931,0, ,0.0,0.0,1,3000,0,1,220,0,0,0
HM,LUDIM,29.230786,48.296931,2, ,0.0,0.0,73.0,04.3,1,3000,0,1,220,0,0,0,0

APPTR,R16,16,ELOSA
IF,ELOSA,29.338361,47.803306, ,0.0,0.0,2,3000,0,1,220,0,1,0
TF,ITOLO,29.364167,47.869528,0, ,0.0,0.0,0.0,0.0,2,2400,0,1,200,0,1,0

APPTR,R16,16,EMEMI
IF,EMEMI,29.439389,48.050639, ,0.0,0.0,2,3000,0,1,220,0,1,0
TF,ITOLO,29.364167,47.869528,0, ,0.0,0.0,0.0,0.0,2,2400,0,1,200,0,1,0

FINAL,R16,16,R,3
IF,ITOLO,29.364167,47.869528, ,0.0,0.0,2,2400,0,1,200,0,0,0
TF,KK04N,29.288472,47.909889,0, ,0.0,0.0,151.0,5.0,2,1500,0,1,180,0,2,0
TF,RW16,29.228306,47.941903,0, ,0.0,0.0,151.0,4.0,1,221,0,0,0,0,3,1
CA,0,151.0,2,650,0,0,0,0,0,0
DF,EMEBA,29.036944,47.955833,0, ,0.0,0.0,1,3000,0,1,220,0,0,0
HM,EMEBA,29.036944,47.955833,1, ,0.0,0.0,154.0,04.3,1,3000,0,1,220,0,0,0,0

APPTR,R33L,33L,PEDEL
IF,PEDEL,28.969722,48.116111, ,0.0,0.0,2,3000,0,1,220,0,1,0
TF,KUTNO,29.086281,48.043400,0, ,0.0,0.0,0.0,0.0,2,2300,0,1,200,0,1,0

APPTR,R33L,33L,TABTO
IF,TABTO,29.105278,48.223333, ,0.0,0.0,2,3000,0,1,220,0,1,0
TF,KUTNO,29.086281,48.043400,0, ,0.0,0.0,0.0,0.0,2,2300,0,1,200,0,1,0

FINAL,R33L,33L,R,3
IF,KUTNO,29.086281,48.043400, ,0.0,0.0,2,2300,0,1,200,0,0,0
TF,KK03E,29.162014,48.003228,0, ,0.0,0.0,331.0,5.0,2,1300,0,1,180,0,2,0
TF,RW33L,29.212706,47.976303,0, ,0.0,0.0,331.0,3.4,1,225,0,0,0,0,3,1
CA,0,331.0,2,650,0,0,0,0,0,0
DF,TABTO,29.105278,48.223333,2, ,0.0,0.0,1,3000,0,1,220,0,0,0
HM,TABTO,29.105278,48.223333,2, ,0.0,0.0,254.0,04.3,1,3000,0,1,220,0,0,0,0

APPTR,R34,34,PEDEL
IF,PEDEL,28.969722,48.116111, ,0.0,0.0,2,3000,0,1,220,0,1,0
TF,IVOTO,29.069194,48.026361,0, ,0.0,0.0,0.0,0.0,2,2200,0,1,200,0,1,0

APPTR,R34,34,TABTO
IF,TABTO,29.105278,48.223333, ,0.0,0.0,2,3000,0,1,220,0,1,0
TF,IVOTO,29.069194,48.026361,0, ,0.0,0.0,0.0,0.0,2,2200,0,1,200,0,1,0

FINAL,R34,34,R,3
IF,IVOTO,29.069194,48.026361, ,0.0,0.0,2,2200,0,1,200,0,0,0
TF,KK03S,29.144944,47.986194,0, ,0.0,0.0,331.0,5.0,2,1200,0,1,180,0,2,0
TF,RW34,29.190856,47.961808,0, ,0.0,0.0,331.0,3.1,1,227,0,0,0,0,3,1
CF,KK100,29.232639,47.939611,0,ASB,102.7,23.1,331.0,2.8,0,0,0,1,220,0,0,1
DF,KK200,29.155750,47.875611,1, ,0.0,0.0,0,0,0,0,0,0,0,0
TF,KK300,29.023972,47.945528,0, ,0.0,0.0,0.0,0.0,0,0,0,0,0,0,0,0
TF,KK400,28.928833,48.031806,0, ,0.0,0.0,0.0,0.0,0,0,0,0,0,0,0,0
TF,PEDEL,28.969722,48.116111,0, ,0.0,0.0,0.0,0.0,1,3000,0,1,220,0,0,0
HM,PEDEL,28.969722,48.116111,1, ,0.0,0.0,318.0,04.3,1,3000,0,1,220,0,0,0,0

