SID,ITLA1N,26R,2
CF,ITLAK,23.588278,58.040722,0,MCT,268.2,12.1,264.0,14.0,0,0,0,0,0,0,0,0

SID,MURM1N,08L,2
CF,MURMA,23.626167,58.512422,0,MCT,80.4,14.1,84.0,14.0,0,0,0,0,0,0,0,0

SID,S08RD,08R,2
VA,0,83.0,2,3000,0,0,0,0,0,0
VM,0,0,0,83.0,0,0,0,0,0,0,0,0

SID,S26LD,26L,2
VA,0,263.0,2,3000,0,0,0,0,0,0
VM,0,0,0,263.0,0,0,0,0,0,0,0,0

STAR,ELIG1A,08L,5
IF,ELIGO,23.416111,59.146667, ,0.0,0.0,4,25000,16000,0,0,0,0,0
TF,MIGMO,23.464656,58.898411,0, ,0.0,0.0,0.0,0.0,2,8000,0,0,0,0,0,0
TF,MS493,23.471953,58.570756,0, ,0.0,0.0,0.0,0.0,0,0,0,0,0,0,0,0
TF,ELUNU,23.478564,58.243064,0, ,0.0,0.0,0.0,0.0,0,0,0,1,250,0,0,0
TF,MS491,23.482083,58.052811,0, ,0.0,0.0,0.0,0.0,0,0,0,0,0,0,0,0
TF,ELELA,23.484856,57.893300,0, ,0.0,0.0,0.0,0.0,2,8000,0,1,220,0,0,0

STAR,ELIG1A,08R,5
IF,ELIGO,23.416111,59.146667, ,0.0,0.0,4,25000,16000,0,0,0,0,0
TF,MIGMO,23.464656,58.898411,0, ,0.0,0.0,0.0,0.0,2,8000,0,0,0,0,0,0
TF,MS493,23.471953,58.570756,0, ,0.0,0.0,0.0,0.0,0,0,0,0,0,0,0,0
TF,ELUNU,23.478564,58.243064,0, ,0.0,0.0,0.0,0.0,0,0,0,1,250,0,0,0
TF,MS491,23.482083,58.052811,0, ,0.0,0.0,0.0,0.0,0,0,0,0,0,0,0,0
TF,ELELA,23.484856,57.893300,0, ,0.0,0.0,0.0,0.0,2,8000,0,1,220,0,0,0

STAR,ELIG1B,26L,5
IF,ELIGO,23.416111,59.146667, ,0.0,0.0,4,20000,16000,0,0,0,0,0
TF,MIGMO,23.464656,58.898411,0, ,0.0,0.0,0.0,0.0,2,8000,0,0,0,0,0,0
TF,SUTPA,23.512425,58.653728,0, ,0.0,0.0,0.0,0.0,2,6000,0,0,0,0,0,0

STAR,ELIG1B,26R,5
IF,ELIGO,23.416111,59.146667, ,0.0,0.0,4,20000,16000,0,0,0,0,0
TF,MIGMO,23.464656,58.898411,0, ,0.0,0.0,0.0,0.0,2,8000,0,0,0,0,0,0
TF,SUTPA,23.512425,58.653728,0, ,0.0,0.0,0.0,0.0,2,6000,0,0,0,0,0,0

STAR,GERA1A,08L,5
IF,GERAR,24.100000,57.604444, ,0.0,0.0,4,20000,16000,0,0,0,0,0
TF,KANOL,23.882742,57.751161,0, ,0.0,0.0,0.0,0.0,2,8000,0,1,250,0,0,0
TF,KODIL,23.668425,57.906003,0, ,0.0,0.0,0.0,0.0,2,6000,0,1,220,0,0,0

STAR,GERA1A,08R,5
IF,GERAR,24.100000,57.604444, ,0.0,0.0,4,20000,16000,0,0,0,0,0
TF,KANOL,23.882742,57.751161,0, ,0.0,0.0,0.0,0.0,2,8000,0,1,250,0,0,0
TF,KODIL,23.668425,57.906003,0, ,0.0,0.0,0.0,0.0,2,6000,0,1,220,0,0,0

STAR,GERA1B,26L,5
IF,GERAR,24.100000,57.604444, ,0.0,0.0,4,25000,16000,0,0,0,0,0
TF,KANOL,23.882742,57.751161,0, ,0.0,0.0,0.0,0.0,2,8000,0,0,0,0,0,0
TF,MS546,23.777661,58.401569,0, ,0.0,0.0,0.0,0.0,2,8000,0,0,0,0,0,0
TF,OBNEG,23.739592,58.632847,0, ,0.0,0.0,0.0,0.0,2,6500,0,0,0,0,0,0

STAR,GERA1B,26R,5
IF,GERAR,24.100000,57.604444, ,0.0,0.0,4,25000,16000,0,0,0,0,0
TF,KANOL,23.882742,57.751161,0, ,0.0,0.0,0.0,0.0,2,8000,0,0,0,0,0,0
TF,MS546,23.777661,58.401569,0, ,0.0,0.0,0.0,0.0,2,8000,0,0,0,0,0,0
TF,OBNEG,23.739592,58.632847,0, ,0.0,0.0,0.0,0.0,2,6500,0,0,0,0,0,0

STAR,IMLU1A,08L,5
IF,IMLUM,22.762989,58.135236, ,0.0,0.0,4,25000,16000,0,0,0,0,0
TF,EGREB,23.265067,58.210772,0, ,0.0,0.0,0.0,0.0,2,9000,0,1,250,0,0,0
TF,ELUNU,23.478564,58.243064,0, ,0.0,0.0,0.0,0.0,0,0,0,1,250,0,0,0
TF,MS491,23.482083,58.052811,1, ,0.0,0.0,0.0,0.0,0,0,0,0,0,0,0,0
TF,ELELA,23.484856,57.893300,0, ,0.0,0.0,0.0,0.0,2,8000,0,1,220,0,0,0

STAR,IMLU1A,08R,5
IF,IMLUM,22.762989,58.135236, ,0.0,0.0,4,25000,16000,0,0,0,0,0
TF,EGREB,23.265067,58.210772,0, ,0.0,0.0,0.0,0.0,2,9000,0,1,250,0,0,0
TF,ELUNU,23.478564,58.243064,0, ,0.0,0.0,0.0,0.0,0,0,0,1,250,0,0,0
TF,MS491,23.482083,58.052811,1, ,0.0,0.0,0.0,0.0,0,0,0,0,0,0,0,0
TF,ELELA,23.484856,57.893300,0, ,0.0,0.0,0.0,0.0,2,8000,0,1,220,0,0,0

STAR,IMLU1B,26L,5
IF,IMLUM,22.762989,58.135236, ,0.0,0.0,4,25000,16000,0,0,0,0,0
TF,EGREB,23.265067,58.210772,0, ,0.0,0.0,0.0,0.0,2,9000,0,0,0,0,0,0
TF,ELUNU,23.478564,58.243064,0, ,0.0,0.0,0.0,0.0,2,9000,0,1,250,0,0,0
TF,MS537,23.497942,58.476447,0, ,0.0,0.0,0.0,0.0,2,7200,0,0,0,0,0,0
TF,SUTPA,23.512425,58.653728,0, ,0.0,0.0,0.0,0.0,2,6000,0,0,0,0,0,0

STAR,IMLU1B,26R,5
IF,IMLUM,22.762989,58.135236, ,0.0,0.0,4,25000,16000,0,0,0,0,0
TF,EGREB,23.265067,58.210772,0, ,0.0,0.0,0.0,0.0,2,9000,0,0,0,0,0,0
TF,ELUNU,23.478564,58.243064,0, ,0.0,0.0,0.0,0.0,2,9000,0,1,250,0,0,0
TF,MS537,23.497942,58.476447,0, ,0.0,0.0,0.0,0.0,2,7200,0,0,0,0,0,0
TF,SUTPA,23.512425,58.653728,0, ,0.0,0.0,0.0,0.0,2,6000,0,0,0,0,0,0

STAR,ITIK1A,08L,5
IF,ITIKA,23.811275,57.384200, ,0.0,0.0,4,20000,16000,0,0,0,0,0
TF,KANOL,23.882742,57.751161,0, ,0.0,0.0,0.0,0.0,2,8000,0,1,250,0,0,0
TF,KODIL,23.668425,57.906003,0, ,0.0,0.0,0.0,0.0,2,6000,0,1,220,0,0,0

STAR,ITIK1A,08R,5
IF,ITIKA,23.811275,57.384200, ,0.0,0.0,4,20000,16000,0,0,0,0,0
TF,KANOL,23.882742,57.751161,0, ,0.0,0.0,0.0,0.0,2,8000,0,1,250,0,0,0
TF,KODIL,23.668425,57.906003,0, ,0.0,0.0,0.0,0.0,2,6000,0,1,220,0,0,0

STAR,ITIK1B,26L,5
IF,ITIKA,23.811275,57.384200, ,0.0,0.0,4,25000,16000,0,0,0,0,0
TF,KANOL,23.882742,57.751161,0, ,0.0,0.0,0.0,0.0,2,8000,0,0,0,0,0,0
TF,MS546,23.777661,58.401569,0, ,0.0,0.0,0.0,0.0,2,8000,0,0,0,0,0,0
TF,OBNEG,23.739592,58.632847,0, ,0.0,0.0,0.0,0.0,2,6500,0,0,0,0,0,0

STAR,ITIK1B,26R,5
IF,ITIKA,23.811275,57.384200, ,0.0,0.0,4,25000,16000,0,0,0,0,0
TF,KANOL,23.882742,57.751161,0, ,0.0,0.0,0.0,0.0,2,8000,0,0,0,0,0,0
TF,MS546,23.777661,58.401569,0, ,0.0,0.0,0.0,0.0,2,8000,0,0,0,0,0,0
TF,OBNEG,23.739592,58.632847,0, ,0.0,0.0,0.0,0.0,2,6500,0,0,0,0,0,0

STAR,LAKL1A,08L,5
IF,LAKLU,23.376389,57.066944, ,0.0,0.0,4,20000,16000,0,0,0,0,0
TF,UMIDO,23.483889,57.550725,0, ,0.0,0.0,0.0,0.0,2,13000,0,1,250,0,0,0
TF,ELELA,23.484856,57.893300,0, ,0.0,0.0,0.0,0.0,2,8000,0,1,220,0,0,0

STAR,LAKL1A,08R,5
IF,LAKLU,23.376389,57.066944, ,0.0,0.0,4,20000,16000,0,0,0,0,0
TF,UMIDO,23.483889,57.550725,0, ,0.0,0.0,0.0,0.0,2,13000,0,1,250,0,0,0
TF,ELELA,23.484856,57.893300,0, ,0.0,0.0,0.0,0.0,2,8000,0,1,220,0,0,0

STAR,LAKL1B,26L,5
IF,LAKLU,23.376389,57.066944, ,0.0,0.0,4,25000,16000,0,0,0,0,0
TF,UMIDO,23.483889,57.550725,0, ,0.0,0.0,0.0,0.0,2,13000,0,0,0,0,0,0
TF,ELELA,23.484856,57.893300,0, ,0.0,0.0,0.0,0.0,2,10000,0,0,0,0,0,0
TF,ELUNU,23.478564,58.243064,0, ,0.0,0.0,0.0,0.0,2,9000,0,1,250,0,0,0
TF,MS537,23.497942,58.476447,0, ,0.0,0.0,0.0,0.0,2,7200,0,0,0,0,0,0
TF,SUTPA,23.512425,58.653728,0, ,0.0,0.0,0.0,0.0,2,6000,0,0,0,0,0,0

STAR,LAKL1B,26R,5
IF,LAKLU,23.376389,57.066944, ,0.0,0.0,4,25000,16000,0,0,0,0,0
TF,UMIDO,23.483889,57.550725,0, ,0.0,0.0,0.0,0.0,2,13000,0,0,0,0,0,0
TF,ELELA,23.484856,57.893300,0, ,0.0,0.0,0.0,0.0,2,10000,0,0,0,0,0,0
TF,ELUNU,23.478564,58.243064,0, ,0.0,0.0,0.0,0.0,2,9000,0,1,250,0,0,0
TF,MS537,23.497942,58.476447,0, ,0.0,0.0,0.0,0.0,2,7200,0,0,0,0,0,0
TF,SUTPA,23.512425,58.653728,0, ,0.0,0.0,0.0,0.0,2,6000,0,0,0,0,0,0

STAR,LOPU1A,08L,5
IF,LOPUN,22.791756,58.525439, ,0.0,0.0,4,25000,16000,0,0,0,0,0
TF,EGREB,23.265067,58.210772,0, ,0.0,0.0,0.0,0.0,2,9000,0,1,250,0,0,0
TF,ELUNU,23.478564,58.243064,0, ,0.0,0.0,0.0,0.0,0,0,0,1,250,0,0,0
TF,MS491,23.482083,58.052811,1, ,0.0,0.0,0.0,0.0,0,0,0,0,0,0,0,0
TF,ELELA,23.484856,57.893300,0, ,0.0,0.0,0.0,0.0,2,8000,0,1,220,0,0,0

STAR,LOPU1A,08R,5
IF,LOPUN,22.791756,58.525439, ,0.0,0.0,4,25000,16000,0,0,0,0,0
TF,EGREB,23.265067,58.210772,0, ,0.0,0.0,0.0,0.0,2,9000,0,1,250,0,0,0
TF,ELUNU,23.478564,58.243064,0, ,0.0,0.0,0.0,0.0,0,0,0,1,250,0,0,0
TF,MS491,23.482083,58.052811,1, ,0.0,0.0,0.0,0.0,0,0,0,0,0,0,0,0
TF,ELELA,23.484856,57.893300,0, ,0.0,0.0,0.0,0.0,2,8000,0,1,220,0,0,0

STAR,LOPU1B,26L,5
IF,LOPUN,22.791756,58.525439, ,0.0,0.0,4,25000,16000,0,0,0,0,0
TF,EGREB,23.265067,58.210772,0, ,0.0,0.0,0.0,0.0,2,9000,0,0,0,0,0,0
TF,ELUNU,23.478564,58.243064,0, ,0.0,0.0,0.0,0.0,2,9000,0,1,250,0,0,0
TF,MS537,23.497942,58.476447,0, ,0.0,0.0,0.0,0.0,2,7200,0,0,0,0,0,0
TF,SUTPA,23.512425,58.653728,0, ,0.0,0.0,0.0,0.0,2,6000,0,0,0,0,0,0

STAR,LOPU1B,26R,5
IF,LOPUN,22.791756,58.525439, ,0.0,0.0,4,25000,16000,0,0,0,0,0
TF,EGREB,23.265067,58.210772,0, ,0.0,0.0,0.0,0.0,2,9000,0,0,0,0,0,0
TF,ELUNU,23.478564,58.243064,0, ,0.0,0.0,0.0,0.0,2,9000,0,1,250,0,0,0
TF,MS537,23.497942,58.476447,0, ,0.0,0.0,0.0,0.0,2,7200,0,0,0,0,0,0
TF,SUTPA,23.512425,58.653728,0, ,0.0,0.0,0.0,0.0,2,6000,0,0,0,0,0,0

STAR,OBTI1A,08L,5
IF,OBTIN,23.037778,58.988889, ,0.0,0.0,4,25000,16000,0,0,0,0,0
TF,MS494,23.234911,58.947181,0, ,0.0,0.0,0.0,0.0,2,9000,0,0,0,0,0,0
TF,MIGMO,23.464656,58.898411,0, ,0.0,0.0,0.0,0.0,2,8000,0,0,0,0,0,0
TF,MS493,23.471953,58.570756,0, ,0.0,0.0,0.0,0.0,0,0,0,0,0,0,0,0
TF,ELUNU,23.478564,58.243064,0, ,0.0,0.0,0.0,0.0,0,0,0,1,250,0,0,0
TF,MS491,23.482083,58.052811,0, ,0.0,0.0,0.0,0.0,0,0,0,0,0,0,0,0
TF,ELELA,23.484856,57.893300,0, ,0.0,0.0,0.0,0.0,2,8000,0,1,220,0,0,0

STAR,OBTI1A,08R,5
IF,OBTIN,23.037778,58.988889, ,0.0,0.0,4,25000,16000,0,0,0,0,0
TF,MS494,23.234911,58.947181,0, ,0.0,0.0,0.0,0.0,2,9000,0,0,0,0,0,0
TF,MIGMO,23.464656,58.898411,0, ,0.0,0.0,0.0,0.0,2,8000,0,0,0,0,0,0
TF,MS493,23.471953,58.570756,0, ,0.0,0.0,0.0,0.0,0,0,0,0,0,0,0,0
TF,ELUNU,23.478564,58.243064,0, ,0.0,0.0,0.0,0.0,0,0,0,1,250,0,0,0
TF,MS491,23.482083,58.052811,0, ,0.0,0.0,0.0,0.0,0,0,0,0,0,0,0,0
TF,ELELA,23.484856,57.893300,0, ,0.0,0.0,0.0,0.0,2,8000,0,1,220,0,0,0

STAR,OBTI1B,26L,5
IF,OBTIN,23.037778,58.988889, ,0.0,0.0,4,20000,16000,0,0,0,0,0
TF,MS494,23.234911,58.947181,0, ,0.0,0.0,0.0,0.0,2,9000,0,0,0,0,0,0
TF,MIGMO,23.464656,58.898411,0, ,0.0,0.0,0.0,0.0,2,8000,0,0,0,0,0,0
TF,SUTPA,23.512425,58.653728,0, ,0.0,0.0,0.0,0.0,2,6000,0,0,0,0,0,0

STAR,OBTI1B,26R,5
IF,OBTIN,23.037778,58.988889, ,0.0,0.0,4,20000,16000,0,0,0,0,0
TF,MS494,23.234911,58.947181,0, ,0.0,0.0,0.0,0.0,2,9000,0,0,0,0,0,0
TF,MIGMO,23.464656,58.898411,0, ,0.0,0.0,0.0,0.0,2,8000,0,0,0,0,0,0
TF,SUTPA,23.512425,58.653728,0, ,0.0,0.0,0.0,0.0,2,6000,0,0,0,0,0,0

STAR,VUSE1A,08L,5
IF,VUSET,23.927778,59.136667, ,0.0,0.0,4,25000,16000,0,0,0,0,0
TF,LADBA,23.825181,58.862511,0, ,0.0,0.0,0.0,0.0,2,8000,0,0,0,0,0,0
TF,DATGA,23.766311,58.026767,0, ,0.0,0.0,0.0,0.0,0,0,0,1,250,0,0,0
TF,KODIL,23.668425,57.906003,0, ,0.0,0.0,0.0,0.0,2,6000,0,1,220,0,0,0

STAR,VUSE1A,08R,5
IF,VUSET,23.927778,59.136667, ,0.0,0.0,4,25000,16000,0,0,0,0,0
TF,LADBA,23.825181,58.862511,0, ,0.0,0.0,0.0,0.0,2,8000,0,0,0,0,0,0
TF,DATGA,23.766311,58.026767,0, ,0.0,0.0,0.0,0.0,0,0,0,1,250,0,0,0
TF,KODIL,23.668425,57.906003,0, ,0.0,0.0,0.0,0.0,2,6000,0,1,220,0,0,0

STAR,VUSE1B,26L,5
IF,VUSET,23.927778,59.136667, ,0.0,0.0,4,20000,16000,0,0,0,0,0
TF,LADBA,23.825181,58.862511,0, ,0.0,0.0,0.0,0.0,2,8000,0,0,0,0,0,0
TF,OBNEG,23.739592,58.632847,0, ,0.0,0.0,0.0,0.0,2,6500,0,0,0,0,0,0

STAR,VUSE1B,26R,5
IF,VUSET,23.927778,59.136667, ,0.0,0.0,4,20000,16000,0,0,0,0,0
TF,LADBA,23.825181,58.862511,0, ,0.0,0.0,0.0,0.0,2,8000,0,0,0,0,0,0
TF,OBNEG,23.739592,58.632847,0, ,0.0,0.0,0.0,0.0,2,6500,0,0,0,0,0,0

APPTR,D08R,08R,MCT1
IF,MCT,23.591122,58.260133, ,0.0,0.0,2,6000,0,0,0,0,1,0
FD,MCT,23.591122,58.260133,0,MCT,0.0,12.0,282.0,12.0,0,0,0,1,220,0,0,0
CF,ELOMO,23.573528,58.043528,1,MCT,263.0,12.0,83.0,1.0,2,3400,0,0,0,0,1,0

APPTR,D08R,08R,MCT2
IF,MCT,23.591122,58.260133, ,0.0,0.0,2,6000,0,0,0,0,1,0
FD,MCT,23.591122,58.260133,0,MCT,0.0,12.0,271.0,12.0,0,0,0,0,0,0,0,0
CF,ELOMO,23.573528,58.043528,1,MCT,263.0,12.0,83.0,1.0,2,3400,0,0,0,0,1,0

FINAL,D08R,08R,D,5
IF,ELOMO,23.573528,58.043528,MCT,263.0,12.0,2,3400,0,0,0,0,0,0
CF,FD08R,23.582339,58.151686,0,MCT,263.0,6.0,83.0,6.0,2,2200,0,0,0,0,2,0
CF,40VOR,23.585275,58.187833,0,MCT,263.0,4.0,83.0,2.0,2,1570,0,0,0,0,0,0
CF,19VOR,23.588347,58.225789,0,MCT,263.0,1.9,83.0,2.1,2,910,0,0,0,0,0,0
CF,MCT,23.591122,58.260133,0,MCT,0.0,0.0,83.0,1.9,1,302,0,0,0,0,3,0
CF,D083F,23.599833,58.368583,0,MCT,83.3,6.0,83.0,6.0,0,0,0,0,0,0,0,1
CF,D071M,23.654528,58.485806,0,MCT,71.0,13.0,71.0,7.0,0,0,0,0,0,0,0,0
CA,0,71.0,2,3000,0,0,0,0,0,0
DF,MCT,23.591122,58.260133,1, ,0.0,0.0,1,6000,0,1,230,0,0,0
HM,MCT,23.591122,58.260133,2, ,0.0,0.0,263.0,04.3,2,6000,0,1,230,0,0,0,0

APPTR,D26LY,26L,MCT
IF,MCT,23.591122,58.260133, ,0.0,0.0,2,6000,0,0,0,0,1,0
FD,MCT,23.591122,58.260133,0,MCT,0.0,13.4,76.0,13.4,0,0,0,0,0,0,0,0
CF,ENEGI,23.610422,58.502381,2,MCT,83.0,13.4,263.0,1.0,2,2800,0,0,0,0,1,0

FINAL,D26LY,26L,D,4
IF,ENEGI,23.610422,58.502381,MCT,83.0,13.4,2,2800,0,0,0,0,0,0
CF,FD26L,23.604439,58.426442,0,MCT,83.0,9.2,263.0,4.2,2,2200,0,0,0,0,2,0
CF,53VOR,23.598817,58.355936,0,MCT,83.0,5.3,263.0,3.9,2,950,0,0,0,0,0,0
CF,MD26L,23.595483,58.314361,0,MCT,83.0,3.0,263.0,2.3,1,209,0,0,0,0,3,0
CF,MCT,23.591122,58.260133,0,MCT,0.0,0.0,263.0,3.0,0,0,0,0,0,0,0,0
CF,D289Q,23.694528,57.966861,0,MCT,289.0,17.3,289.0,17.3,0,0,0,0,0,0,0,1
CF,D289S,23.704647,57.938006,0,MCT,289.0,19.0,289.0,1.7,0,0,0,0,0,0,0,0
AF,D319S,23.837889,58.042778,2,MCT,319.0,19.0,289.0,0,0,0,0,0,0,0,1
CF,MCT,23.591122,58.260133,0,MCT,0.0,0.0,145.0,19.0,1,6000,0,0,0,0,0,0
HM,MCT,23.591122,58.260133,1, ,0.0,0.0,83.0,04.3,2,6000,0,1,170,0,0,0,0

APPTR,D26LZ,26L,MCT
IF,MCT,23.591122,58.260133, ,0.0,0.0,2,6000,0,0,0,0,1,0
FD,MCT,23.591122,58.260133,0,MCT,0.0,15.3,68.0,15.3,0,0,0,1,220,0,0,0
CF,GOLGO,23.613175,58.536731,2,MCT,83.0,15.3,263.0,1.0,2,3600,0,0,0,0,1,0

FINAL,D26LZ,26L,D,4
IF,GOLGO,23.613175,58.536731,MCT,83.0,15.3,2,3600,0,0,0,0,0,0
CF,FD26L,23.604439,58.426442,0,MCT,83.0,9.2,263.0,6.1,2,2200,0,0,0,0,2,0
CF,53VOR,23.598817,58.355936,0,MCT,83.0,5.3,263.0,3.9,2,950,0,0,0,0,0,0
CF,MD26L,23.595483,58.314361,0,MCT,83.0,3.0,263.0,2.3,1,209,0,0,0,0,3,0
CF,MCT,23.591122,58.260133,0,MCT,0.0,0.0,263.0,3.0,0,0,0,0,0,0,0,0
CF,D289O,23.681389,58.004167,0,MCT,289.0,15.1,289.0,15.1,0,0,0,0,0,0,0,1
CF,D289S,23.704647,57.938006,0,MCT,289.0,19.0,289.0,3.9,0,0,0,0,0,0,0,0
AF,D317S,23.830750,58.033556,2,MCT,317.0,19.0,289.0,0,0,0,0,0,0,0,1
CF,MCT,23.591122,58.260133,0,MCT,0.0,0.0,145.0,19.0,1,6000,0,1,220,0,0,0
HM,MCT,23.591122,58.260133,1, ,0.0,0.0,83.0,04.3,2,6000,0,1,230,0,0,0,0

APPTR,I08L,08L,BUBIL
IF,BUBIL,23.575417,57.794167, ,0.0,0.0,2,8000,0,1,250,0,1,0
CF,BOTID,23.576642,57.899647,0,MCT,265.6,19.9,86.0,5.8,0,0,0,0,0,0,0,0
TF,ITLAK,23.588278,58.040722,0,IML,0.0,0.0,0.0,0.0,2,3400,0,0,0,0,1,0

APPTR,I08L,08L,MCT1
IF,MCT,23.591122,58.260133, ,0.0,0.0,2,6000,0,1,220,0,1,0
FD,MCT,23.591122,58.260133,0,MCT,0.0,12.0,287.0,12.0,0,0,0,0,0,0,0,0
CF,ITLAK,23.588278,58.040722,1,IML,263.0,14.4,83.0,1.0,2,3400,0,0,0,0,1,0

APPTR,I08L,08L,MCT2
IF,MCT,23.591122,58.260133, ,0.0,0.0,2,6000,0,1,140,0,1,0
FD,MCT,23.591122,58.260133,0,MCT,0.0,12.0,276.0,12.0,0,0,0,0,0,0,0,0
CF,ITLAK,23.588278,58.040722,1,IML,263.0,14.4,83.0,1.0,2,3400,0,0,0,0,1,0

FINAL,I08L,08L,I,3
IF,ITLAK,23.588278,58.040722,IML,263.0,14.4,2,3400,0,0,0,0,0,0
CF,FF08L,23.597386,58.138206,0,IML,263.5,9.0,83.0,5.4,1,2200,0,0,0,0,2,0
CF,RW08L,23.605908,58.257953,0,IML,263.0,2.4,83.0,6.6,1,81,0,0,0,0,3,0
CF,D083C,23.611128,58.317883,0,MCT,67.4,3.4,83.0,3.3,0,0,0,0,0,0,0,1
CI,0, ,0.0,83.0,0,0,0,0,0,0,0,0
FA,MCT,23.591122,58.260133,0,MCT,0.0,0.0,71.0,2,2800,0,0,0,0,0,0
DF,MCT,23.591122,58.260133,1, ,0.0,0.0,1,6000,0,1,220,0,0,0
HM,MCT,23.591122,58.260133,2, ,0.0,0.0,263.0,04.3,2,6000,0,1,230,0,0,0,0

APPTR,I08RY,08R,MCT1
IF,MCT,23.591122,58.260133, ,0.0,0.0,2,6000,0,0,0,0,1,0
FD,MCT,23.591122,58.260133,0,MCT,0.0,12.0,282.0,12.0,0,0,0,0,0,0,0,0
CF,ELOMO,23.573528,58.043528,1,IMW,263.0,14.8,83.0,1.0,2,3400,0,1,220,0,1,0

APPTR,I08RY,08R,MCT2
IF,MCT,23.591122,58.260133, ,0.0,0.0,2,6000,0,0,0,0,1,0
FD,MCT,23.591122,58.260133,0,MCT,0.0,12.0,271.0,12.0,0,0,0,0,0,0,0,0
CF,ELOMO,23.573528,58.043528,1,IMW,263.0,14.8,83.0,1.0,2,3400,0,0,0,0,1,0

FINAL,I08RY,08R,I,3
IF,ELOMO,23.573528,58.043528,IMW,263.0,14.8,2,3400,0,0,0,0,0,0
CF,FF08R,23.582694,58.155583,0,IMW,263.0,8.6,83.0,6.2,1,2200,0,0,0,0,2,0
CF,RW08R,23.592050,58.271608,0,IMW,263.0,2.1,83.0,6.4,1,106,0,0,0,0,3,0
CF,D083F,23.599833,58.368583,0,MCT,83.0,6.0,83.0,5.4,0,0,0,0,0,0,0,1
CF,D071M,23.654528,58.485806,0,MCT,71.0,13.0,71.0,7.0,0,0,0,0,0,0,0,1
CA,0,71.0,2,3000,0,0,0,0,0,0
DF,MCT,23.591122,58.260133,1, ,0.0,0.0,1,6000,0,1,230,0,0,0
HM,MCT,23.591122,58.260133,2, ,0.0,0.0,263.0,04.3,2,6000,0,1,230,0,0,0,0

APPTR,I08RZ,08R,ELELA
IF,ELELA,23.484856,57.893300, ,0.0,0.0,2,8000,0,1,220,0,1,0
TF,BOTID,23.576642,57.899647,0, ,0.0,0.0,0.0,0.0,2,6000,0,1,220,0,0,0
TF,KIRUM,23.570392,58.005233,0,IMW,0.0,0.0,0.0,0.0,2,3200,0,0,0,0,1,0

APPTR,I08RZ,08R,KODIL
IF,KODIL,23.668425,57.906003, ,0.0,0.0,2,6000,0,1,220,0,1,0
TF,BOTID,23.576642,57.899647,0, ,0.0,0.0,0.0,0.0,2,6000,0,1,220,0,0,0
TF,KIRUM,23.570392,58.005233,0,IMW,0.0,0.0,0.0,0.0,2,3200,0,0,0,0,1,0

FINAL,I08RZ,08R,I,3
IF,KIRUM,23.570392,58.005233,IMW,263.0,16.9,2,3200,0,0,0,0,0,0
CF,MS407,23.578189,58.100503,0,IMW,263.0,11.6,83.0,5.3,1,3200,0,0,0,0,2,0
CF,RW08R,23.592050,58.271608,0,IMW,263.0,2.1,83.0,9.5,1,106,0,0,0,0,3,0
CF,MS435,23.609347,58.488553,0,FJV,124.9,147.1,83.0,12.0,2,2000,0,1,250,0,0,0
TF,MS437,23.494064,58.815431,0, ,0.0,0.0,0.0,0.0,0,0,0,0,0,0,0,0
TF,MIGMO,23.464656,58.898411,0, ,0.0,0.0,0.0,0.0,2,7000,0,0,0,0,0,0
HM,MIGMO,23.464656,58.898411,1, ,0.0,0.0,280.0,04.3,1,7000,0,1,230,0,0,0,0

APPTR,I26LX,26L,MCT
FD,MCT,23.591122,58.260133,0,MCT,0.0,13.4,76.0,13.4,0,0,0,0,0,0,1,0
CF,ENEGI,23.610422,58.502381,2,ISB,83.0,13.3,263.0,1.0,2,2800,0,0,0,0,1,0

FINAL,I26LX,26L,I,3
IF,ENEGI,23.610422,58.502381,ISB,83.0,13.3,2,2800,0,0,0,0,0,0
CF,FF26L,23.604278,58.424528,0,ISB,83.0,9.0,263.0,4.3,1,2200,0,0,0,0,2,0
CF,RW26L,23.594872,58.306753,0,ISB,83.0,2.5,263.0,6.5,1,81,0,0,0,0,3,0
CF,MCT,23.591122,58.260133,0,MCT,0.0,0.0,263.0,2.6,0,0,0,0,0,0,0,0
CF,D289Q,23.694528,57.966861,0,MCT,289.0,17.3,289.0,17.3,0,0,0,0,0,0,0,1
CF,D289S,23.704647,57.938006,0,MCT,289.0,19.0,289.0,1.7,0,0,0,0,0,0,0,0
AF,D319S,23.837889,58.042778,2,MCT,319.0,19.0,289.0,0,0,0,0,0,0,0,1
CF,MCT,23.591122,58.260133,0,MCT,0.0,0.0,145.0,19.0,1,6000,0,0,0,0,0,0
HM,MCT,23.591122,58.260133,1, ,0.0,0.0,83.0,04.3,2,6000,0,1,170,0,0,0,0

APPTR,I26LY,26L,MCT
FD,MCT,23.591122,58.260133,0,MCT,0.0,15.3,68.0,15.3,0,0,0,0,0,0,1,0
CF,GOLGO,23.613175,58.536731,2,ISB,83.0,15.2,263.0,1.0,2,3600,0,1,220,0,1,0

FINAL,I26LY,26L,I,3
IF,GOLGO,23.613175,58.536731,ISB,83.0,15.2,2,3600,0,0,0,0,0,0
CF,FF26L,23.604278,58.424528,0,ISB,83.0,9.0,263.0,6.2,1,2200,0,0,0,0,2,0
CF,RW26L,23.594872,58.306753,0,ISB,83.0,2.5,263.0,6.5,1,81,0,0,0,0,3,0
CF,MCT,23.591122,58.260133,0,MCT,0.0,0.0,263.0,2.6,0,0,0,0,0,0,0,0
CF,D289O,23.681389,58.004167,0,MCT,289.0,15.1,289.0,15.1,0,0,0,0,0,0,0,1
CF,D289S,23.704647,57.938006,0,MCT,289.0,19.0,289.0,3.9,0,0,0,0,0,0,0,0
AF,D317S,23.830750,58.033556,2,MCT,317.0,19.0,289.0,0,0,0,0,0,0,0,1
CF,MCT,23.591122,58.260133,0,MCT,0.0,0.0,145.0,19.0,1,6000,0,1,220,0,0,0
HM,MCT,23.591122,58.260133,1, ,0.0,0.0,83.0,04.3,2,6000,0,1,230,0,0,0,0

APPTR,I26LZ,26L,OBNEG
IF,OBNEG,23.739592,58.632847, ,0.0,0.0,2,6500,0,0,0,0,1,0
TF,KUSTO,23.621533,58.643708,0, ,0.0,0.0,0.0,0.0,2,4500,0,0,0,0,0,0
TF,ELEPI,23.614508,58.554028,0,ISB,0.0,0.0,0.0,0.0,2,3600,0,0,0,0,1,0

APPTR,I26LZ,26L,SUTPA
IF,SUTPA,23.512425,58.653728, ,0.0,0.0,2,6000,0,0,0,0,1,0
TF,KUSTO,23.621533,58.643708,0, ,0.0,0.0,0.0,0.0,2,4500,0,0,0,0,0,0
TF,ELEPI,23.614508,58.554028,0,ISB,0.0,0.0,0.0,0.0,2,3600,0,0,0,0,1,0

FINAL,I26LZ,26L,I,3
IF,ELEPI,23.614508,58.554028,ISB,83.0,16.1,2,3600,0,0,0,0,0,0
CF,MS517,23.604294,58.424914,0,ISB,83.0,9.0,263.0,7.1,1,2200,0,0,0,0,2,0
CF,RW26L,23.594872,58.306753,0,ISB,83.0,2.5,263.0,6.5,1,81,0,0,0,0,3,0
CF,MS591,23.591672,58.266928,0,FJV,128.3,138.3,263.0,2.2,0,0,0,1,230,0,0,1
TF,MS593,23.527519,57.895514,0, ,0.0,0.0,0.0,0.0,2,3000,0,1,250,0,0,0
TF,MS595,23.801103,57.784414,0, ,0.0,0.0,0.0,0.0,0,0,0,0,0,0,0,0
TF,KANOL,23.882742,57.751161,0, ,0.0,0.0,0.0,0.0,2,7000,0,0,0,0,0,0
HM,KANOL,23.882742,57.751161,2, ,0.0,0.0,120.0,04.3,1,7000,0,1,230,0,0,0,0

APPTR,I26R,26R,MCT1
IF,MCT,23.591122,58.260133, ,0.0,0.0,2,6000,0,1,220,0,1,0
FD,MCT,23.591122,58.260133,0,MCT,0.0,14.6,63.0,14.6,0,0,0,0,0,0,0,0
CF,GESOS,23.626889,58.521861,2,IMR,83.0,15.0,263.0,1.0,2,3600,0,1,220,0,1,0

APPTR,I26R,26R,MCT2
IF,MCT,23.591122,58.260133, ,0.0,0.0,2,6000,0,1,140,0,1,0
FD,MCT,23.591122,58.260133,0,MCT,0.0,14.6,72.0,14.6,0,0,0,0,0,0,0,0
CF,GESOS,23.626889,58.521861,2,IMR,83.0,15.0,263.0,1.0,2,3600,0,0,0,0,1,0

FINAL,I26R,26R,I,3
IF,GESOS,23.626889,58.521861,IMR,83.0,15.0,2,3600,0,1,220,0,0,0
CF,FF26R,23.618472,58.415194,0,IMR,83.0,9.1,263.0,5.9,1,2200,0,0,0,0,2,0
CF,RW26R,23.608922,58.295461,0,IMR,83.0,2.5,263.0,6.6,1,77,0,0,0,0,3,0
CA,0,263.0,2,450,0,0,0,0,0,0
CI,0, ,0.0,263.0,0,0,0,0,0,0,0,0
FD,MCT,23.591122,58.260133,0,MCT,0.0,15.1,289.0,15.1,0,0,0,0,0,0,0,0
CF,D289S,23.704647,57.938006,0,MCT,289.0,19.0,289.0,3.9,0,0,0,0,0,0,0,0
AF,D317S,23.830750,58.033556,2,MCT,317.0,19.0,289.0,0,0,0,0,0,0,0,1
CF,MCT,23.591122,58.260133,0,MCT,0.0,0.0,145.0,19.0,1,6000,0,1,220,0,0,0
HM,MCT,23.591122,58.260133,1, ,0.0,0.0,83.0,04.3,2,6000,0,1,230,0,0,0,0

APPTR,R08L,08L,ELELA
IF,ELELA,23.484856,57.893300, ,0.0,0.0,2,8000,0,1,220,0,1,0
TF,BOTID,23.576642,57.899647,0, ,0.0,0.0,0.0,0.0,2,6000,0,1,220,0,0,0
TF,ITENU,23.588817,58.047272,0, ,0.0,0.0,0.0,0.0,2,3000,0,0,0,0,1,0

APPTR,R08L,08L,KODIL
IF,KODIL,23.668425,57.906003, ,0.0,0.0,2,6000,0,1,220,0,1,0
TF,BOTID,23.576642,57.899647,0, ,0.0,0.0,0.0,0.0,2,6000,0,1,220,0,0,0
TF,ITENU,23.588817,58.047272,0, ,0.0,0.0,0.0,0.0,2,3000,0,0,0,0,1,0

FINAL,R08L,08L,R,3
IF,ITENU,23.588817,58.047272, ,0.0,0.0,2,3000,0,0,0,0,0,0
TF,MS418,23.596161,58.137358,0, ,0.0,0.0,83.0,5.0,1,2200,0,0,0,0,2,0
TF,RW08L,23.605908,58.257953,0, ,0.0,0.0,83.0,6.7,1,76,0,0,0,0,3,1
CF,MS411,23.609247,58.299550,0,MCT,61.5,2.4,83.0,2.3,0,0,0,1,220,0,0,1
TF,MS413,23.710053,58.455617,0, ,0.0,0.0,0.0,0.0,0,0,0,1,250,0,0,0
TF,MS416,23.802533,58.782108,0, ,0.0,0.0,0.0,0.0,0,0,0,0,0,0,0,0
TF,LADBA,23.825181,58.862511,0, ,0.0,0.0,0.0,0.0,2,7000,0,0,0,0,0,0
HM,LADBA,23.825181,58.862511,2, ,0.0,0.0,245.0,04.3,1,7000,0,1,230,0,0,0,0

APPTR,R08R,08R,ELELA
IF,ELELA,23.484856,57.893300, ,0.0,0.0,2,8000,0,1,220,0,1,0
TF,BOTID,23.576642,57.899647,0, ,0.0,0.0,0.0,0.0,2,6000,0,1,220,0,0,0
TF,KIRUM,23.570392,58.005233,0, ,0.0,0.0,0.0,0.0,2,3200,0,0,0,0,1,0

APPTR,R08R,08R,KODIL
IF,KODIL,23.668425,57.906003, ,0.0,0.0,2,6000,0,1,220,0,1,0
TF,BOTID,23.576642,57.899647,0, ,0.0,0.0,0.0,0.0,2,6000,0,1,220,0,0,0
TF,KIRUM,23.570392,58.005233,0, ,0.0,0.0,0.0,0.0,2,3200,0,0,0,0,1,0

FINAL,R08R,08R,R,3
IF,KIRUM,23.570392,58.005233, ,0.0,0.0,2,3200,0,0,0,0,0,0
TF,MS408,23.577789,58.095589,0, ,0.0,0.0,83.0,5.0,1,3200,0,0,0,0,2,0
TF,RW08R,23.592050,58.271608,0, ,0.0,0.0,83.0,9.7,1,99,0,0,0,0,3,1
CF,MS435,23.609347,58.488553,0,FJV,124.9,147.1,83.0,12.0,2,2000,0,1,250,0,0,0
TF,MS437,23.494064,58.815431,0, ,0.0,0.0,0.0,0.0,0,0,0,0,0,0,0,0
TF,MIGMO,23.464656,58.898411,0, ,0.0,0.0,0.0,0.0,2,7000,0,0,0,0,0,0
HM,MIGMO,23.464656,58.898411,1, ,0.0,0.0,280.0,04.3,1,7000,0,1,230,0,0,0,0

APPTR,R26L,26L,OBNEG
IF,OBNEG,23.739592,58.632847, ,0.0,0.0,2,6500,0,0,0,0,1,0
TF,KUSTO,23.621533,58.643708,0, ,0.0,0.0,0.0,0.0,2,4500,0,0,0,0,0,0
TF,ELEPI,23.614508,58.554028,0, ,0.0,0.0,0.0,0.0,2,3600,0,0,0,0,1,0

APPTR,R26L,26L,SUTPA
IF,SUTPA,23.512425,58.653728, ,0.0,0.0,2,6000,0,0,0,0,1,0
TF,KUSTO,23.621533,58.643708,0, ,0.0,0.0,0.0,0.0,2,4500,0,0,0,0,0,0
TF,ELEPI,23.614508,58.554028,0, ,0.0,0.0,0.0,0.0,2,3600,0,0,0,0,1,0

FINAL,R26L,26L,R,3
IF,ELEPI,23.614508,58.554028, ,0.0,0.0,2,3600,0,0,0,0,0,0
TF,MS519,23.604508,58.427464,0, ,0.0,0.0,263.0,7.0,1,2200,0,0,0,0,2,0
TF,RW26L,23.594872,58.306753,0, ,0.0,0.0,263.0,6.7,1,74,0,0,0,0,3,1
CF,MS591,23.591672,58.266928,0,FJV,128.3,138.3,263.0,2.2,0,0,0,1,230,0,0,1
TF,MS593,23.527519,57.895514,0, ,0.0,0.0,0.0,0.0,2,3000,0,1,250,0,0,0
TF,MS595,23.801103,57.784414,0, ,0.0,0.0,0.0,0.0,0,0,0,0,0,0,0,0
TF,KANOL,23.882742,57.751161,0, ,0.0,0.0,0.0,0.0,2,7000,0,0,0,0,0,0
HM,KANOL,23.882742,57.751161,2, ,0.0,0.0,120.0,04.3,1,7000,0,1,230,0,0,0,0

APPTR,R26R,26R,OBNEG
IF,OBNEG,23.739592,58.632847, ,0.0,0.0,2,6500,0,0,0,0,1,0
TF,UMAGO,23.636344,58.642336,0, ,0.0,0.0,0.0,0.0,2,4500,0,0,0,0,0,0
TF,ITGIS,23.629300,58.552267,0, ,0.0,0.0,0.0,0.0,2,3600,0,0,0,0,1,0

APPTR,R26R,26R,SUTPA
IF,SUTPA,23.512425,58.653728, ,0.0,0.0,2,6000,0,0,0,0,1,0
TF,UMAGO,23.636344,58.642336,0, ,0.0,0.0,0.0,0.0,2,4500,0,0,0,0,0,0
TF,ITGIS,23.629300,58.552267,0, ,0.0,0.0,0.0,0.0,2,3600,0,0,0,0,1,0

FINAL,R26R,26R,R,3
IF,ITGIS,23.629300,58.552267, ,0.0,0.0,2,3600,0,0,0,0,0,0
TF,MS518,23.618575,58.416467,0, ,0.0,0.0,263.0,7.5,1,2200,0,0,0,0,2,0
TF,RW26R,23.608922,58.295461,0, ,0.0,0.0,263.0,6.7,1,70,0,0,0,0,3,1
CF,MS582,23.605289,58.250258,0,MCT,325.3,1.0,263.0,2.5,0,0,0,1,230,0,0,1
TF,MS584,23.707539,57.937547,0, ,0.0,0.0,0.0,0.0,2,3000,0,1,250,0,0,0
TF,MS586,23.834944,57.802083,0, ,0.0,0.0,0.0,0.0,0,0,0,0,0,0,0,0
TF,KANOL,23.882742,57.751161,0, ,0.0,0.0,0.0,0.0,2,7000,0,0,0,0,0,0
HM,KANOL,23.882742,57.751161,2, ,0.0,0.0,120.0,04.3,1,7000,0,1,230,0,0,0,0

