SID,HANG1E,35,5
CF,PS501,34.109556,71.504639,0,PS,352.6,7.9,353.0,7.0,0,0,0,1,220,0,0,1
DF,PS,33.978206,71.516919,2, ,0.0,0.0,0,0,0,1,220,0,0,0
TF,PS401,33.801944,71.333056,0, ,0.0,0.0,0.0,0.0,2,9000,0,0,0,0,0,0
TF,HANGU,33.485833,71.005833,0, ,0.0,0.0,0.0,0.0,0,0,0,0,0,0,0,0

SID,HANG1F,35,5
CF,PS501,34.109556,71.504639,0,PS,352.6,7.9,353.0,7.0,0,0,0,1,220,0,0,1
DF,MILOT,33.857500,71.658333,2, ,0.0,0.0,2,9000,0,1,220,0,0,0
TF,TOMON,33.630278,71.545833,0, ,0.0,0.0,0.0,0.0,0,0,0,0,0,0,0,0
TF,HANGU,33.485833,71.005833,0, ,0.0,0.0,0.0,0.0,0,0,0,0,0,0,0,0

SID,HANG1G,17,5
CF,PS601,33.740083,71.536306,0,PS,173.1,14.3,173.0,14.5,2,5000,0,0,0,0,0,0
TF,TOMON,33.630278,71.545833,0, ,0.0,0.0,0.0,0.0,0,0,0,0,0,0,0,0
TF,HANGU,33.485833,71.005833,0, ,0.0,0.0,0.0,0.0,0,0,0,0,0,0,0,0

SID,HANG1H,17,2
CD, ,0,0,0,PS,0,0.0,173.0,4.0,0,0,0,0,0,0,0,0
CI,2, ,0.0,199.0,0,0,0,0,0,0,0,0
CF,D182N,33.745556,71.491111,0,PS,182.3,14.0,182.0,8.0,2,7000,0,0,0,0,0,0
TF,OGASA,33.514722,71.465833,0, ,0.0,0.0,0.0,0.0,2,9000,0,0,0,0,0,1
CF,HANGU,33.485833,71.005833,2,PS,218.1,39.0,264.0,22.0,0,0,0,0,0,0,0,0

SID,HANG2A,35,2
CA,0,353.0,2,2500,0,0,0,0,0,0
DF,PS,33.978206,71.516919,2, ,0.0,0.0,0,0,0,0,0,0,0,0
TF,D218N,33.801944,71.333056,0, ,0.0,0.0,0.0,0.0,2,9000,0,0,0,0,0,0
TF,HANGU,33.485833,71.005833,0, ,0.0,0.0,0.0,0.0,0,0,0,0,0,0,0,0

SID,KALM1C,35,5
CF,PS501,34.109556,71.504639,0,PS,352.6,7.9,353.0,7.0,0,0,0,1,220,0,0,1
DF,MILOT,33.857500,71.658333,2, ,0.0,0.0,0,0,0,1,220,0,0,0
TF,KALMI,33.548333,72.025556,0, ,0.0,0.0,0.0,0.0,0,0,0,0,0,0,0,0

SID,KALM1D,17,5
CF,PS601,33.740083,71.536306,0,PS,173.1,14.3,173.0,14.5,2,5000,0,1,250,0,0,0
TF,NONIB,33.538333,71.856111,0, ,0.0,0.0,0.0,0.0,0,0,0,0,0,0,0,0
TF,KALMI,33.548333,72.025556,0, ,0.0,0.0,0.0,0.0,0,0,0,0,0,0,0,0

SID,KALM1E,35,2
CA,0,353.0,2,2500,0,0,0,0,0,0
DF,PS,33.978206,71.516919,2, ,0.0,0.0,0,0,0,0,0,0,0,0
VI,1, ,0.0,102.0,0,0,0,0,0,0,0,0
CF,D132N,33.811389,71.713333,0,PS,132.5,14.0,132.0,9.0,2,7000,0,0,0,0,0,0
TF,KALMI,33.548333,72.025556,0, ,0.0,0.0,0.0,0.0,0,0,0,0,0,0,0,0

SID,KALM1F,17,2
CD, ,0,0,0,PS,0,0.0,173.0,4.0,0,0,0,0,0,0,0,0
CI,0, ,0.0,114.0,0,0,0,0,0,0,0,0
CF,D132N,33.811389,71.713333,0,PS,132.5,14.0,132.0,1.0,2,7000,0,0,0,0,0,0
TF,KALMI,33.548333,72.025556,0, ,0.0,0.0,0.0,0.0,0,0,0,0,0,0,0,0

SID,PAKT1D,17,2
CD, ,0,0,0,PS,0,0.0,173.0,4.0,0,0,0,0,0,0,0,0
CI,2, ,0.0,199.0,0,0,0,0,0,0,0,0
CF,D182N,33.745556,71.491111,0,PS,182.3,14.0,182.0,8.0,2,7000,0,0,0,0,0,0
TF,OGASA,33.514722,71.465833,0, ,0.0,0.0,0.0,0.0,0,0,0,0,0,0,0,1
CI,2, ,0.0,249.0,0,0,0,0,0,0,0,0
CF,PAKTA,33.320000,71.231389,0,PS,197.0,41.9,197.0,8.0,0,0,0,0,0,0,0,0

SID,PAKT2A,35,2
CA,0,353.0,2,2500,0,0,0,0,0,0
DF,PS,33.978206,71.516919,2, ,0.0,0.0,0,0,0,0,0,0,0,0
TF,D197N,33.758333,71.421944,0, ,0.0,0.0,0.0,0.0,2,9000,0,0,0,0,0,0
TF,REVNO,33.473333,71.297778,0, ,0.0,0.0,0.0,0.0,0,0,0,0,0,0,0,0
TF,PAKTA,33.320000,71.231389,0, ,0.0,0.0,0.0,0.0,0,0,0,0,0,0,0,0

STAR,BELK1C,ALL,2
IF,BELKO,33.048056,72.627222, ,0.0,0.0,0,0,0,0,0,0,0,0
TF,KALMI,33.548333,72.025556,0, ,0.0,0.0,0.0,0.0,0,0,0,0,0,0,0,0
TF,PS,33.978206,71.516919,0, ,0.0,0.0,0.0,0.0,0,0,0,0,0,0,0,0

STAR,FATE1G,ALL,2
IF,FATEH,33.581667,72.627778, ,0.0,0.0,2,11500,0,0,0,0,0,0
TF,NONIB,33.538333,71.856111,0, ,0.0,0.0,0.0,0.0,0,0,0,0,0,0,0,0
TF,PS,33.978206,71.516919,0, ,0.0,0.0,0.0,0.0,0,0,0,0,0,0,0,0

STAR,HANG1C,ALL,2
IF,HANGU,33.485833,71.005833, ,0.0,0.0,0,0,0,0,0,0,0,0
TF,D218N,33.801944,71.333056,0, ,0.0,0.0,0.0,0.0,2,10000,0,0,0,0,0,0
TF,PS,33.978206,71.516919,0, ,0.0,0.0,0.0,0.0,0,0,0,0,0,0,0,0

STAR,HANG1D,35,5
IF,HANGU,33.485833,71.005833, ,0.0,0.0,0,0,0,0,0,0,0,0
TF,OGASA,33.514722,71.465833,0, ,0.0,0.0,0.0,0.0,0,0,0,1,230,0,0,0
TF,TOMON,33.630278,71.545833,0, ,0.0,0.0,0.0,0.0,0,0,0,1,220,0,0,0

STAR,NONI1A,35,5
IF,NONIB,33.538333,71.856111, ,0.0,0.0,0,0,0,0,0,0,0,0
TF,TOMON,33.630278,71.545833,0, ,0.0,0.0,0.0,0.0,0,0,0,1,220,0,0,0

STAR,PAKT1C,ALL,2
IF,PAKTA,33.320000,71.231389, ,0.0,0.0,0,0,0,0,0,0,0,0
TF,D197N,33.758333,71.421944,0, ,0.0,0.0,0.0,0.0,2,10000,0,0,0,0,0,0
TF,PS,33.978206,71.516919,0, ,0.0,0.0,0.0,0.0,0,0,0,0,0,0,0,0

APPTR,D17,17,PS1
IF,PS,33.978206,71.516919, ,0.0,0.0,2,6000,0,0,0,0,0,0
FD,PS,33.978206,71.516919,0,PS,0.0,10.0,15.0,10.0,2,3000,0,0,0,0,0,0
CF,FD17,34.099622,71.504150,1,PS,352.0,7.3,172.0,3.0,2,3000,0,0,0,0,0,0

APPTR,D17,17,PS2
IF,PS,33.978206,71.516919, ,0.0,0.0,2,6000,0,0,0,0,0,0
FD,PS,33.978206,71.516919,0,PS,0.0,10.0,5.0,10.0,2,3000,0,0,0,0,0,0
CF,FD17,34.099622,71.504150,1,PS,352.0,7.3,172.0,3.0,2,3000,0,0,0,0,0,0

FINAL,D17,17,D,2
IF,FD17,34.099622,71.504150,PS,352.0,7.3,2,3000,0,0,0,0,2,0
CF,MD17,34.011469,71.513422,0,PS,352.0,2.0,172.0,5.3,1,1325,0,0,0,0,3,0
CF,PS,33.978206,71.516919,0,PS,0.0,0.0,172.0,2.0,2,1620,0,0,0,0,0,0
FD,PS,33.978206,71.516919,0,PS,0.0,10.0,172.0,10.0,0,0,0,0,0,0,0,0
DF,PS,33.978206,71.516919,1, ,0.0,0.0,1,6000,0,0,0,0,0,0

APPTR,D35,35,PS
IF,PS,33.978206,71.516919, ,0.0,0.0,2,8000,0,0,0,0,1,0
FD,PS,33.978206,71.516919,0,PS,0.0,8.0,133.0,8.0,0,0,0,0,0,0,0,0
CI,0, ,0.0,133.0,0,0,0,0,0,0,0,0
AF,CD35,33.811339,71.523900,2,PS,175.0,10.0,133.0,2,3600,0,0,0,0,0,0

FINAL,D35,35,D,4
IF,CD35,33.811339,71.523900,PS,175.0,10.0,2,3600,0,0,0,0,0,0
CF,FD35,33.861397,71.521808,0,PS,175.0,7.0,355.0,3.0,2,3600,0,0,0,0,2,0
CF,25VOR,33.936489,71.518667,0,PS,175.0,2.5,355.0,4.5,2,2140,0,0,0,0,0,0
CF,PS,33.978206,71.516919,0,PS,0.0,0.0,355.0,2.5,1,1326,0,0,0,0,3,0
FD,PS,33.978206,71.516919,0,PS,0.0,12.0,360.0,12.0,1,8000,0,1,220,0,0,0
DF,PS,33.978206,71.516919,1, ,0.0,0.0,0,0,0,0,0,0,0,0

APPTR,I35-Y,35,TOMON
IF,TOMON,33.630278,71.545833, ,0.0,0.0,2,7500,0,1,220,0,1,0
TF,PS601,33.740083,71.536306,0, ,0.0,0.0,0.0,0.0,2,5400,0,0,0,0,0,0
TF,PS602,33.813361,71.530028,0,IBKB,0.0,0.0,0.0,0.0,2,4000,0,1,210,0,1,0

FINAL,I35-Y,35,I,3
IF,PS602,33.813361,71.530028,IBKB,172.9,11.7,2,4000,0,1,210,0,0,0
CF,FI35,33.879869,71.524306,0,IBKB,172.9,7.7,353.0,4.0,1,3200,0,0,0,0,2,0
CF,RW35,33.981433,71.515653,0,IBKB,172.9,1.6,353.0,6.1,1,1263,0,0,0,0,3,0
CA,0,353.0,2,1700,0,0,0,0,0,0
CI,0, ,0.0,30.0,0,0,0,0,0,0,0,0
CF,D360L,34.178286,71.529533,0,PS,360.0,12.0,360.0,11.0,0,0,0,1,220,0,0,1
DF,PS,33.978206,71.516919,1, ,0.0,0.0,1,8000,0,0,0,0,0,0

APPTR,I35-Z,35,PS
IF,PS,33.978206,71.516919, ,0.0,0.0,2,8000,0,0,0,0,1,0
FD,PS,33.978206,71.516919,0,PS,0.0,8.0,133.0,8.0,0,0,0,0,0,0,0,0
CI,0, ,0.0,133.0,0,0,0,0,0,0,0,0
AF,D175J,33.811339,71.523900,2,PS,175.0,10.0,133.0,2,3600,0,0,0,0,0,0
CF,CI35,33.845025,71.527431,0,IBKB,172.9,9.8,355.0,2.0,2,3200,0,0,0,0,0,0

FINAL,I35-Z,35,I,3
IF,CI35,33.845025,71.527431,IBKB,172.9,9.8,2,3200,0,0,0,0,0,0
CF,FI35,33.879869,71.524306,0,IBKB,172.9,7.7,353.0,2.1,1,3200,0,0,0,0,2,0
CF,RW35,33.981433,71.515653,0,IBKB,172.9,1.6,353.0,6.1,1,1263,0,0,0,0,3,0
CA,0,353.0,2,1700,0,0,0,0,0,0
CI,0, ,0.0,30.0,0,0,0,0,0,0,0,0
CF,D360L,34.178286,71.529533,0,PS,360.0,12.0,360.0,11.0,0,0,0,1,220,0,0,1
DF,PS,33.978206,71.516919,1, ,0.0,0.0,1,8000,0,0,0,0,0,0

APPTR,N17-B,17,PS
IF,PS,33.999167,71.502778, ,0.0,0.0,2,8000,0,0,0,0,1,0
FC,PS,33.999167,71.502778,0,PS,0.0,0.0,64.0,7.0,2,4000,0,0,0,0,0,1
CF,FN219,34.085983,71.596769,1,PS,28.6,7.6,219.0,1.0,2,4000,0,0,0,0,0,0

FINAL,N17-B,17,N,2
IF,FN219,34.085983,71.596769,PS,0.0,0.0,2,4000,0,0,0,0,2,0
CF,PS,33.999167,71.502778,0,PS,0.0,0.0,219.0,7.0,1,2100,0,0,0,0,3,0
FA,PS,33.999167,71.502778,0,PS,0.0,0.0,170.0,2,3500,0,0,0,0,0,0
DF,PS,33.999167,71.502778,1, ,0.0,0.0,1,8000,0,0,0,0,0,0

APPTR,N35-B,35,PS
IF,PS,33.999167,71.502778, ,0.0,0.0,2,8000,0,0,0,0,1,0
FC,PS,33.999167,71.502778,0,PS,0.0,0.0,64.0,7.0,2,4000,0,0,0,0,0,1
CF,FN219,34.085983,71.596769,1,PS,28.6,7.6,219.0,1.0,2,4000,0,0,0,0,0,0

FINAL,N35-B,35,N,2
IF,FN219,34.085983,71.596769,PS,0.0,0.0,2,4000,0,0,0,0,2,0
CF,PS,33.999167,71.502778,0,PS,0.0,0.0,219.0,7.0,1,2100,0,0,0,0,3,0
FA,PS,33.999167,71.502778,0,PS,0.0,0.0,170.0,2,3500,0,0,0,0,0,0
DF,PS,33.999167,71.502778,1, ,0.0,0.0,1,8000,0,0,0,0,0,0

APPTR,R17,17,LERNO
IF,LERNO,33.753611,71.690556, ,0.0,0.0,2,8000,0,0,0,0,1,0
TF,MILOT,33.857500,71.658333,0, ,0.0,0.0,0.0,0.0,2,8000,0,0,0,0,0,0
TF,PS504,34.084167,71.587500,0, ,0.0,0.0,0.0,0.0,0,0,0,1,220,0,0,0
TF,PS503,34.184278,71.580778,0, ,0.0,0.0,0.0,0.0,2,4000,0,1,210,0,0,0
TF,PS502,34.179500,71.498611,1, ,0.0,0.0,0.0,0.0,2,3200,0,1,210,0,1,0

APPTR,R17,17,PS
IF,PS,33.978206,71.516919, ,0.0,0.0,2,8000,0,1,220,0,1,0
TF,PS504,34.084167,71.587500,0, ,0.0,0.0,0.0,0.0,0,0,0,1,220,0,0,0
TF,PS503,34.184278,71.580778,0, ,0.0,0.0,0.0,0.0,2,4000,0,1,210,0,0,0
TF,PS502,34.179500,71.498611,1, ,0.0,0.0,0.0,0.0,2,3200,0,1,210,0,1,0

FINAL,R17,17,R,3
IF,PS502,34.179500,71.498611, ,0.0,0.0,2,3200,0,1,210,0,0,0
TF,PS501,34.109556,71.504639,0, ,0.0,0.0,173.0,4.2,1,3200,0,1,210,0,2,0
TF,RW17,34.006006,71.513544,0, ,0.0,0.0,173.0,6.2,1,1221,0,0,0,0,3,1
TF,PS500,33.813361,71.530028,0, ,0.0,0.0,0.0,0.0,0,0,0,0,0,0,0,1
DF,PS,33.978206,71.516919,1, ,0.0,0.0,1,8000,0,1,220,0,0,0

APPTR,R35,35,TOMON
IF,TOMON,33.630278,71.545833, ,0.0,0.0,2,7500,0,1,220,0,1,0
TF,PS601,33.740083,71.536306,0, ,0.0,0.0,0.0,0.0,2,5400,0,1,220,0,0,0
TF,PS602,33.813361,71.530028,0, ,0.0,0.0,0.0,0.0,2,4000,0,1,210,0,1,0

FINAL,R35,35,R,3
IF,PS602,33.813361,71.530028, ,0.0,0.0,2,4000,0,1,210,0,0,0
TF,PS603,33.879972,71.524333,0, ,0.0,0.0,353.0,4.0,1,3200,0,0,0,0,2,0
TF,RW35,33.981433,71.515653,0, ,0.0,0.0,353.0,6.1,1,1263,0,0,0,0,3,1
TF,PS605,34.179500,71.498611,0, ,0.0,0.0,0.0,0.0,0,0,0,1,220,0,0,1
DF,PS,33.978206,71.516919,1, ,0.0,0.0,1,8000,0,1,220,0,0,0

APPTR,V17-A,17,PS
IF,PS,33.978206,71.516919, ,0.0,0.0,2,8000,0,0,0,0,1,0
FC,PS,33.978206,71.516919,0,PS,0.0,0.0,67.0,7.0,2,5000,0,0,0,0,0,1
CF,FD219,34.065022,71.610886,1,PS,39.0,7.0,219.0,1.0,2,5000,0,0,0,0,0,0

FINAL,V17-A,17,D,2
IF,FD219,34.065022,71.610886,PS,39.0,7.0,2,5000,0,0,0,0,2,0
CF,PS,33.978206,71.516919,0,PS,0.0,0.0,219.0,7.0,1,2100,0,0,0,0,3,0
FA,PS,33.978206,71.516919,0,PS,0.0,0.0,170.0,2,3000,0,0,0,0,0,0
DF,PS,33.978206,71.516919,1, ,0.0,0.0,1,7000,0,0,0,0,0,0

APPTR,V35-A,35,PS
IF,PS,33.978206,71.516919, ,0.0,0.0,2,8000,0,0,0,0,1,0
FC,PS,33.978206,71.516919,0,PS,0.0,0.0,67.0,7.0,2,5000,0,0,0,0,0,1
CF,FD219,34.065022,71.610886,1,PS,39.0,7.0,219.0,1.0,2,5000,0,0,0,0,0,0

FINAL,V35-A,35,D,2
IF,FD219,34.065022,71.610886,PS,39.0,7.0,2,5000,0,0,0,0,2,0
CF,PS,33.978206,71.516919,0,PS,0.0,0.0,219.0,7.0,1,2100,0,0,0,0,3,0
FA,PS,33.978206,71.516919,0,PS,0.0,0.0,170.0,2,3000,0,0,0,0,0,0
DF,PS,33.978206,71.516919,1, ,0.0,0.0,1,7000,0,0,0,0,0,0

