SID,DAVA1N,36,2
CF,D355G,36.350425,43.946503,0,RER,346.5,6.5,355.0,6.0,0,0,0,0,0,0,0,1
DF,RER,36.243139,43.966361,1, ,0.0,0.0,2,4000,0,1,210,0,0,0
TF,RER30,35.901550,44.417342,0, ,0.0,0.0,0.0,0.0,3,12000,0,0,0,0,0,0
TF,DAVAS,35.290000,45.209722,0, ,0.0,0.0,0.0,0.0,0,0,0,0,0,0,0,0

SID,DAVA1S,18,2
CD, ,0,0,0,RER,0,0.0,175.0,7.0,0,0,0,0,0,0,0,0
VI,0, ,0.0,85.0,0,0,0,1,230,0,0,0
CF,RER30,35.901550,44.417342,0,RER,127.9,30.0,128.0,17.0,3,12000,0,0,0,0,0,0
TF,DAVAS,35.290000,45.209722,0, ,0.0,0.0,0.0,0.0,0,0,0,0,0,0,0,0

SID,EMID1N,36,2
CF,D355G,36.350425,43.946503,0,RER,346.5,6.5,355.0,6.0,0,0,0,0,0,0,0,1
VI,1, ,0.0,252.0,0,0,0,0,0,0,0,0
CF,EMIDO,36.770000,42.915000,0,RER,297.1,59.9,297.0,48.0,0,0,0,0,0,0,0,0

SID,EMID1S,18,2
CD, ,0,0,0,RER,0,0.0,175.0,7.0,0,0,0,0,0,0,0,0
CF,RER,36.243139,43.966361,1,RER,0.0,0.0,320.0,7.0,2,4000,0,1,230,0,0,0
TF,EMIDO,36.770000,42.915000,0, ,0.0,0.0,0.0,0.0,0,0,0,0,0,0,0,0

SID,ROXO1N,36,2
CF,D355G,36.350425,43.946503,0,RER,346.5,6.5,355.0,6.0,0,0,0,0,0,0,0,1
VI,0, ,0.0,277.0,0,0,0,0,0,0,0,0
CF,ROXOP,36.745833,43.556111,0,RER,321.7,36.1,322.0,25.0,0,0,0,0,0,0,0,0

SID,ROXO1S,18,2
CD, ,0,0,0,RER,0,0.0,175.0,7.0,0,0,0,0,0,0,0,0
CF,RER,36.243139,43.966361,1,RER,0.0,0.0,320.0,7.0,2,4000,0,1,230,0,0,0
TF,ROXOP,36.745833,43.556111,0, ,0.0,0.0,0.0,0.0,0,0,0,0,0,0,0,0

SID,UMES1N,36,2
CF,D355G,36.350425,43.946503,0,RER,346.5,6.5,355.0,6.0,0,0,0,0,0,0,0,1
DF,RER,36.243139,43.966361,1, ,0.0,0.0,2,4000,0,1,210,0,0,0
TF,UMESA,35.294722,43.718611,0, ,0.0,0.0,0.0,0.0,0,0,0,0,0,0,0,0

SID,UMES1S,18,2
CD, ,0,0,0,RER,0,0.0,175.0,4.7,0,0,0,0,0,0,0,0
CF,UMESA,35.294722,43.718611,0,RER,187.1,58.1,187.0,53.0,0,0,0,0,0,0,0,0

STAR,KEDI1N,36,2
IF,KEDIM,36.771389,44.152500, ,0.0,0.0,2,17000,0,0,0,0,0,0
TF,D011U,36.580283,44.084853,0, ,0.0,0.0,0.0,0.0,0,0,0,0,0,0,0,0
AF,D076U,36.297203,44.394014,2,RER,76.0,21.0,11.0,2,17000,0,0,0,0,0,0
AF,D128U,36.003678,44.281844,2,RER,128.0,21.0,76.0,2,13000,0,0,0,0,0,0
AF,D180U,35.893958,43.928814,2,RER,180.0,21.0,128.0,2,6000,0,0,0,0,0,0
TF,IMKAS,35.977222,43.937778,0, ,0.0,0.0,0.0,0.0,2,5600,0,1,220,0,0,0

STAR,OTAL1N,36,2
IF,OTALO,35.283333,44.316667, ,0.0,0.0,2,16000,0,0,0,0,0,0
TF,RER35,35.683319,44.171753,0, ,0.0,0.0,0.0,0.0,2,8000,0,0,0,0,0,0
AF,RE35A,35.661153,43.903969,2,RER,180.0,35.0,159.0,0,0,0,0,0,0,0,0
TF,D180U,35.893958,43.928814,0, ,0.0,0.0,0.0,0.0,2,6000,0,0,0,0,0,0
TF,IMKAS,35.977222,43.937778,0, ,0.0,0.0,0.0,0.0,2,5600,0,1,220,0,0,0

STAR,OTAL1S,18,2
IF,OTALO,35.283333,44.316667, ,0.0,0.0,2,16000,0,0,0,0,0,0
TF,D158Y,35.843308,44.113364,0, ,0.0,0.0,0.0,0.0,0,0,0,0,0,0,0,0
AF,D116Y,36.027419,44.406681,1,RER,116.0,25.0,158.0,2,14000,0,0,0,0,0,0
AF,D057Y,36.438158,44.422303,1,RER,57.0,25.0,116.0,0,0,0,0,0,0,0,0
AF,D020Y,36.621092,44.185108,1,RER,20.0,25.0,57.0,2,8500,0,0,0,0,0,0
AF,D358Y,36.659806,43.993461,1,RER,358.0,25.0,20.0,0,0,0,1,250,0,0,0
CF,IVAGI,36.576111,43.937500,0,RER,351.0,20.0,171.0,5.0,2,7100,0,0,0,0,0,0

STAR,OTAL1T,18,2
IF,OTALO,35.283333,44.316667, ,0.0,0.0,2,16000,0,0,0,0,0,0
TF,D158Y,35.843308,44.113364,0, ,0.0,0.0,0.0,0.0,0,0,0,0,0,0,0,0
TF,RER,36.243139,43.966361,0, ,0.0,0.0,0.0,0.0,2,6000,0,0,0,0,0,0

APPTR,I18-Y,18,IVAGI
IF,IVAGI,36.576111,43.937500, ,0.0,0.0,2,7100,0,0,0,0,1,0
TF,D351P,36.509525,43.943286,0, ,0.0,0.0,0.0,0.0,2,3200,0,0,0,0,0,0
TF,CF18,36.450714,43.948342,0,IREA,0.0,0.0,0.0,0.0,2,3100,0,0,0,0,1,0

APPTR,I18-Y,18,RER1
IF,RER,36.243139,43.966361, ,0.0,0.0,2,6000,0,0,0,0,1,0
FD,RER,36.243139,43.966361,0,RER,0.0,13.0,334.0,13.0,0,0,0,1,220,0,0,0
CF,CF18,36.450714,43.948342,2,IREA,355.4,14.2,171.0,1.0,2,3100,0,0,0,0,1,0

APPTR,I18-Y,18,RER2
IF,RER,36.243139,43.966361, ,0.0,0.0,2,6000,0,0,0,0,1,0
FD,RER,36.243139,43.966361,0,RER,0.0,13.0,344.0,13.0,0,0,0,0,0,0,0,0
CF,CF18,36.450714,43.948342,2,IREA,355.4,14.2,171.0,1.0,2,3100,0,0,0,0,1,0

APPTR,I18-Y,18,TATKI
IF,TATKI,36.164722,43.651389, ,0.0,0.0,2,3500,0,1,230,0,1,0
AF,D300P,36.396000,43.695786,2,RER,300.0,16.0,248.0,2,3500,0,0,0,0,0,0
AF,D351P,36.509525,43.943286,2,RER,351.0,16.0,300.0,2,3200,0,0,0,0,0,0
TF,CF18,36.450714,43.948342,0,IREA,0.0,0.0,0.0,0.0,2,3100,0,0,0,0,1,0

FINAL,I18-Y,18,I,3
IF,CF18,36.450714,43.948342,IREA,355.4,14.2,2,3100,0,0,0,0,0,0
CF,FF18,36.347239,43.947539,0,IREA,355.4,8.0,175.0,6.2,1,3000,0,0,0,0,2,0
CF,RW18,36.259733,43.946839,0,IREA,355.4,2.7,175.0,5.2,1,1323,0,0,0,0,3,0
CA,0,175.0,2,2100,0,0,0,0,0,0
CI,2, ,0.0,293.0,0,0,0,1,210,0,0,0
CF,TATKI,36.164722,43.651389,0,RER,248.0,16.0,248.0,12.0,1,3500,0,0,0,0,0,0
HM,TATKI,36.164722,43.651389,1, ,0.0,0.0,68.0,05,2,3500,0,1,230,0,0,0,0

APPTR,I18-Z,18,ER710
IF,ER710,36.514889,43.948806, ,0.0,0.0,2,6000,0,1,220,0,1,0
TF,IER18,36.431278,43.948167,0,IREA,0.0,0.0,0.0,0.0,2,3800,0,1,220,0,1,0

APPTR,I18-Z,18,ER712
IF,ER712,36.432000,43.824250, ,0.0,0.0,2,5000,0,1,230,0,1,0
TF,IER18,36.431278,43.948167,0,IREA,0.0,0.0,0.0,0.0,2,3800,0,1,220,0,1,0

APPTR,I18-Z,18,ER714
IF,ER714,36.430750,44.072083, ,0.0,0.0,2,6000,0,1,230,0,1,0
TF,IER18,36.431278,43.948167,0,IREA,0.0,0.0,0.0,0.0,2,3800,0,1,220,0,1,0

APPTR,I18-Z,18,ER750
IF,ER750,36.164667,43.651417, ,0.0,0.0,2,6000,0,1,230,0,1,0
TF,ER730,36.201639,43.801000,0, ,0.0,0.0,0.0,0.0,0,0,0,0,0,0,0,0
TF,ER729,36.268167,43.807694,0, ,0.0,0.0,0.0,0.0,2,6000,0,0,0,0,0,0
TF,ER712,36.432000,43.824250,0, ,0.0,0.0,0.0,0.0,2,5000,0,1,230,0,0,0
TF,IER18,36.431278,43.948167,0,IREA,0.0,0.0,0.0,0.0,2,3800,0,1,220,0,1,0

FINAL,I18-Z,18,I,3
IF,IER18,36.431278,43.948167,IREA,355.4,13.0,2,3800,0,1,220,0,0,0
CF,ILS18,36.347611,43.947528,0,IREA,355.4,8.0,175.0,5.0,1,3000,0,0,0,0,2,0
CF,RW18,36.259733,43.946839,0,IREA,355.4,2.7,175.0,5.3,1,1323,0,0,0,0,3,0
CF,ER732,36.176278,43.946194,0,RER,188.7,4.1,175.0,5.0,0,0,0,0,0,0,0,1
DF,ER750,36.164667,43.651417,2, ,0.0,0.0,1,6000,0,1,230,0,0,0
HM,ER750,36.164667,43.651417,1, ,0.0,0.0,68.0,04.3,2,6000,0,1,230,0,0,0,0

APPTR,I36-Y,36,IMKAS
IF,IMKAS,35.977222,43.937778, ,0.0,0.0,2,5600,0,1,220,0,1,0
TF,CF36,36.047556,43.945186,0,IREB,0.0,0.0,0.0,0.0,2,4000,0,0,0,0,1,0

APPTR,I36-Y,36,TATKI
IF,TATKI,36.164722,43.651389, ,0.0,0.0,2,6000,0,1,230,0,1,0
AF,TOXUR,36.047778,43.742222,1,RER,218.0,16.0,248.0,2,6000,0,0,0,0,0,0
AF,IMKAS,35.977222,43.937778,1,RER,180.0,16.0,218.0,2,5600,0,1,220,0,0,0
TF,CF36,36.047556,43.945186,0,IREB,0.0,0.0,0.0,0.0,2,4000,0,0,0,0,1,0

APPTR,I36-Y,36,TOXUR
IF,TOXUR,36.047778,43.742222, ,0.0,0.0,2,6000,0,0,0,0,1,0
AF,IMKAS,35.977222,43.937778,1,RER,180.0,16.0,218.0,2,5600,0,1,220,0,0,0
TF,CF36,36.047556,43.945186,0,IREB,0.0,0.0,0.0,0.0,2,4000,0,0,0,0,1,0

FINAL,I36-Y,36,I,3
IF,CF36,36.047556,43.945186,IREB,175.4,12.9,2,4000,0,0,0,0,0,0
CF,FF36,36.131008,43.945842,0,IREB,175.4,7.9,355.0,5.0,1,3000,0,0,0,0,2,0
CF,RW36,36.216478,43.946506,0,IREB,175.4,2.7,355.0,5.1,1,1364,0,0,0,0,3,0
CD, ,0,0,0,RER,0,0.0,355.0,4.0,0,0,0,0,0,0,0,0
CI,1, ,0.0,203.0,0,0,0,1,210,0,0,0
CF,TATKI,36.164722,43.651389,0,RER,248.0,16.0,248.0,8.0,1,6000,0,0,0,0,0,0
HM,TATKI,36.164722,43.651389,1, ,0.0,0.0,68.0,05,2,6000,0,1,230,0,0,0,0

APPTR,I36-Z,36,ER750
IF,ER750,36.164667,43.651417, ,0.0,0.0,2,6000,0,1,230,0,1,0
TF,ER814,36.047611,43.821889,0, ,0.0,0.0,0.0,0.0,2,6000,0,1,230,0,0,0
TF,IER36,36.047056,43.945194,0,IREB,0.0,0.0,0.0,0.0,2,3600,0,1,220,0,1,0

APPTR,I36-Z,36,ER810
IF,ER810,35.963583,43.944556, ,0.0,0.0,2,6000,0,1,250,0,1,0
TF,IER36,36.047056,43.945194,0,IREB,0.0,0.0,0.0,0.0,2,3600,0,1,220,0,1,0

APPTR,I36-Z,36,ER812
IF,ER812,36.046222,44.089056, ,0.0,0.0,2,6000,0,1,250,0,1,0
TF,IER36,36.047056,43.945194,0,IREB,0.0,0.0,0.0,0.0,2,3600,0,1,220,0,1,0

APPTR,I36-Z,36,ER814
IF,ER814,36.047611,43.821889, ,0.0,0.0,2,6000,0,1,230,0,1,0
TF,IER36,36.047056,43.945194,0,IREB,0.0,0.0,0.0,0.0,2,3600,0,1,220,0,1,0

FINAL,I36-Z,36,I,3
IF,IER36,36.047056,43.945194,IREB,175.4,12.9,2,3600,0,1,220,0,0,0
CF,ILS36,36.130722,43.945861,0,IREB,175.4,7.9,355.0,5.0,1,3000,0,0,0,0,2,0
CF,RW36,36.216478,43.946506,0,IREB,175.4,2.7,355.0,5.1,1,1364,0,0,0,0,3,0
CF,ER840,36.299917,43.947139,0,RER,339.7,3.5,355.0,5.0,0,0,0,0,0,0,0,1
DF,ER750,36.164667,43.651417,1, ,0.0,0.0,1,6000,0,1,230,0,0,0
HM,ER750,36.164667,43.651417,1, ,0.0,0.0,68.0,04.3,2,6000,0,1,230,0,0,0,0

APPTR,R18,18,ARAZO
IF,ARAZO,36.425556,44.154722, ,0.0,0.0,1,8500,0,1,210,0,1,0
TF,AFRAN,36.426111,44.051389,0, ,0.0,0.0,0.0,0.0,1,6100,0,0,0,0,0,0
TF,ZANST,36.426667,43.948056,0, ,0.0,0.0,0.0,0.0,1,3800,0,0,0,0,1,0

APPTR,R18,18,NEZAR
IF,NEZAR,36.526944,43.948889, ,0.0,0.0,1,5100,0,1,210,0,1,0
TF,ZANST,36.426667,43.948056,0, ,0.0,0.0,0.0,0.0,1,3800,0,0,0,0,1,0

APPTR,R18,18,SOZAN
IF,SOZAN,36.427222,43.824167, ,0.0,0.0,1,5100,0,1,210,0,1,0
TF,ZANST,36.426667,43.948056,0, ,0.0,0.0,0.0,0.0,1,3800,0,0,0,0,1,0

FINAL,R18,18,R,3
IF,ZANST,36.426667,43.948056, ,0.0,0.0,1,3800,0,0,0,0,0,0
TF,REZAN,36.343333,43.947500,0, ,0.0,0.0,176.0,5.0,1,2900,0,0,0,0,2,0
TF,RW18,36.259733,43.946839,0, ,0.0,0.0,176.0,5.0,1,1320,0,0,0,0,3,1
TF,RIBAZ,36.176389,43.946111,0, ,0.0,0.0,0.0,0.0,2,2200,0,1,210,0,0,0
TF,DAXOG,35.770000,43.757778,0, ,0.0,0.0,0.0,0.0,1,6000,0,1,210,0,0,1
HM,DAXOG,35.770000,43.757778,1, ,0.0,0.0,359.0,06,0,0,0,1,230,0,0,0,0

APPTR,R36,36,DIWAN
IF,DIWAN,35.949444,43.944444, ,0.0,0.0,1,5100,0,1,210,0,1,0
TF,LIZAN,36.049444,43.945278,0, ,0.0,0.0,0.0,0.0,1,3800,0,0,0,0,1,0

APPTR,R36,36,SAFEN
IF,SAFEN,36.048889,44.068611, ,0.0,0.0,1,5100,0,1,210,0,1,0
TF,LIZAN,36.049444,43.945278,0, ,0.0,0.0,0.0,0.0,1,3800,0,0,0,0,1,0

APPTR,R36,36,ZOZIK
IF,ZOZIK,36.050556,43.719167, ,0.0,0.0,1,6100,0,1,210,0,1,0
TF,LIZAN,36.049444,43.945278,0, ,0.0,0.0,0.0,0.0,1,3800,0,0,0,0,1,0

FINAL,R36,36,R,3
IF,LIZAN,36.049444,43.945278, ,0.0,0.0,1,3800,0,0,0,0,0,0
TF,VIYAN,36.133056,43.945833,0, ,0.0,0.0,356.0,5.0,1,2900,0,0,0,0,2,0
TF,RW36,36.216478,43.946506,0, ,0.0,0.0,356.0,5.0,1,1360,0,0,0,0,3,1
TF,LAWAN,36.300000,43.947222,0, ,0.0,0.0,0.0,0.0,2,2400,0,0,0,0,0,0
TF,ROXOP,36.745833,43.556111,0, ,0.0,0.0,0.0,0.0,1,9000,0,1,210,0,0,1
HM,ROXOP,36.745833,43.556111,1, ,0.0,0.0,152.0,06,0,0,0,1,230,0,0,0,0

