STAR,DAVA2A,31,2
IF,DAVAS,35.290000,45.209722, ,0.0,0.0,2,23500,0,0,0,0,0,0
TF,KK374,35.338833,44.982000,0, ,0.0,0.0,0.0,0.0,0,0,0,0,0,0,0,0
TF,KK373,35.410722,44.642528,0, ,0.0,0.0,0.0,0.0,0,0,0,0,0,0,0,0
AF,SOLUK,35.298500,44.565750,2,KIR,129.0,15.0,99.0,2,5000,0,0,0,0,0,0

STAR,DAVA2B,13,2
IF,DAVAS,35.290000,45.209722, ,0.0,0.0,2,23500,0,0,0,0,0,0
TF,KK473,35.369056,44.839917,0, ,0.0,0.0,0.0,0.0,0,0,0,0,0,0,0,0
TF,KIR,35.472636,44.346050,0, ,0.0,0.0,0.0,0.0,2,5300,0,0,0,0,0,0

STAR,KISU2A,31,2
IF,KISUR,34.794806,44.230583, ,0.0,0.0,2,14000,0,0,0,0,0,0
TF,KK372,35.224667,44.303583,0, ,0.0,0.0,0.0,0.0,0,0,0,0,0,0,0,0
AF,SOLUK,35.298500,44.565750,1,KIR,129.0,15.0,183.0,2,5000,0,0,0,0,0,0

STAR,KISU2B,13,2
IF,KISUR,34.794806,44.230583, ,0.0,0.0,2,14000,0,0,0,0,0,0
TF,KIR,35.472636,44.346050,0, ,0.0,0.0,0.0,0.0,2,5300,0,0,0,0,0,0

STAR,LABM2A,31,2
IF,LABMO,35.887639,44.399639, ,0.0,0.0,2,14000,0,0,0,0,0,0
TF,KIR,35.472636,44.346050,0, ,0.0,0.0,0.0,0.0,2,5300,0,0,0,0,0,0

STAR,LABM2B,13,2
IF,LABMO,35.887639,44.399639, ,0.0,0.0,2,14000,0,0,0,0,0,0
TF,MISOD,35.655250,44.369556,0, ,0.0,0.0,0.0,0.0,2,5000,0,0,0,0,0,0

STAR,OVEN2A,31,2
IF,OVENU,34.689861,43.402806, ,0.0,0.0,2,14000,0,0,0,0,0,0
TF,KK371,35.295389,44.130083,0, ,0.0,0.0,0.0,0.0,0,0,0,0,0,0,0,0
AF,KK372,35.224667,44.303583,1,KIR,183.0,15.0,220.0,0,0,0,0,0,0,0,0
AF,SOLUK,35.298500,44.565750,1,KIR,129.0,15.0,183.0,2,5000,0,0,0,0,0,0

STAR,OVEN2B,13,2
IF,OVENU,34.689861,43.402806, ,0.0,0.0,2,14000,0,0,0,0,0,0
TF,KIR,35.472636,44.346050,0, ,0.0,0.0,0.0,0.0,2,5300,0,0,0,0,0,0

APPTR,D13-Y,13,KIR
IF,KIR,35.472636,44.346050, ,0.0,0.0,2,5300,0,0,0,0,1,0
FD,KIR,35.472636,44.346050,0,KIR,0.0,11.0,292.0,11.0,0,0,0,0,0,0,0,0
CF,KK511,35.580417,44.164222,2,KIR,301.0,11.0,121.0,1.0,2,4000,0,1,210,0,1,0

APPTR,D13-Y,13,MISOD
IF,MISOD,35.655250,44.369556, ,0.0,0.0,2,5000,0,1,210,0,1,0
AF,KK511,35.580417,44.164222,1,KIR,301.0,11.0,1.0,2,4000,0,1,210,0,1,0

FINAL,D13-Y,13,D,3
IF,KK511,35.580417,44.164222,KIR,301.0,11.0,2,4000,0,1,210,0,0,0
CF,KK512,35.531444,44.246917,0,KIR,301.0,6.0,121.0,5.0,1,2800,0,0,0,0,2,0
CF,MA13,35.487361,44.321278,0,KIR,301.0,1.5,121.0,4.5,1,1346,0,0,0,0,3,0
CF,KK370,35.413722,44.445028,0,KIR,121.0,6.0,121.0,7.5,0,0,0,0,0,0,0,1
DF,KIR,35.472636,44.346050,2, ,0.0,0.0,0,0,0,1,220,0,0,0
CF,MISOD,35.655250,44.369556,0,KIR,1.0,11.0,1.0,11.0,1,5000,0,0,0,0,0,0
HM,MISOD,35.655250,44.369556,2, ,0.0,0.0,181.0,04.3,2,5000,0,1,210,0,0,0,0

APPTR,D13-Z,13,KIR
IF,KIR,35.472636,44.346050, ,0.0,0.0,2,5300,0,0,0,0,1,0
FD,KIR,35.472636,44.346050,0,KIR,0.0,11.0,280.0,11.0,0,0,0,0,0,0,0,0
CF,KK511,35.580417,44.164222,2,KIR,301.0,11.0,121.0,1.0,2,4000,0,1,210,0,1,0

APPTR,D13-Z,13,MISOD
IF,MISOD,35.655250,44.369556, ,0.0,0.0,2,5000,0,1,210,0,1,0
AF,KK511,35.580417,44.164222,1,KIR,301.0,11.0,1.0,2,4000,0,1,210,0,1,0

FINAL,D13-Z,13,D,3
IF,KK511,35.580417,44.164222,KIR,301.0,11.0,2,4000,0,1,210,0,0,0
CF,KK512,35.531444,44.246917,0,KIR,301.0,6.0,121.0,5.0,1,2800,0,0,0,0,2,0
CF,MA13,35.487361,44.321278,0,KIR,301.0,1.5,121.0,4.5,1,1346,0,0,0,0,3,0
CF,KK370,35.413722,44.445028,0,KIR,121.0,6.0,121.0,7.5,0,0,0,0,0,0,0,1
DF,KIR,35.472636,44.346050,2, ,0.0,0.0,0,0,0,1,220,0,0,0
CF,MISOD,35.655250,44.369556,0,KIR,1.0,11.0,1.0,11.0,1,5000,0,0,0,0,0,0
HM,MISOD,35.655250,44.369556,2, ,0.0,0.0,181.0,04.3,2,5000,0,1,210,0,0,0,0

APPTR,D31-W,31,KIR
IF,KIR,35.472636,44.346050, ,0.0,0.0,2,5300,0,0,0,0,1,0
FD,KIR,35.472636,44.346050,0,KIR,0.0,11.0,138.0,11.0,0,0,0,0,0,0,0,0
CF,KK411,35.344972,44.507250,1,KIR,129.0,11.0,309.0,1.0,2,4000,0,1,220,0,1,0

APPTR,D31-W,31,MISOD
IF,MISOD,35.655250,44.369556, ,0.0,0.0,2,4000,0,0,0,0,1,0
AF,KK411,35.344972,44.507250,2,KIR,129.0,11.0,1.0,2,4000,0,1,220,0,1,0

APPTR,D31-W,31,SOLUK
IF,SOLUK,35.298500,44.565750, ,0.0,0.0,2,5000,0,1,220,0,1,0
CF,KK411,35.344972,44.507250,0,KIR,129.0,11.0,309.0,4.0,2,4000,0,1,220,0,1,0

FINAL,D31-W,31,D,3
IF,KK411,35.344972,44.507250,KIR,129.0,11.0,2,4000,0,1,220,0,0,0
CF,KK412,35.403028,44.434056,0,KIR,129.0,6.0,309.0,5.0,1,2700,0,0,0,0,2,0
CF,MA31,35.455250,44.368056,0,KIR,129.0,1.5,309.0,4.5,1,1287,0,0,0,0,3,0
CF,KK510,35.600083,44.184333,0,KIR,309.0,11.0,309.0,12.5,0,0,0,0,0,0,0,0
AF,MISOD,35.655250,44.369556,2,KIR,1.0,11.0,309.0,1,4000,0,1,220,0,0,0
HM,MISOD,35.655250,44.369556,2, ,0.0,0.0,181.0,04.3,2,4000,0,1,210,0,0,0,0

APPTR,D31-X,31,KIR
IF,KIR,35.472636,44.346050, ,0.0,0.0,2,5300,0,0,0,0,1,0
FD,KIR,35.472636,44.346050,0,KIR,0.0,11.0,150.0,11.0,0,0,0,0,0,0,0,0
CF,KK411,35.344972,44.507250,1,KIR,129.0,11.0,309.0,1.0,2,4000,0,1,220,0,1,0

APPTR,D31-X,31,MISOD
IF,MISOD,35.655250,44.369556, ,0.0,0.0,2,4000,0,0,0,0,1,0
AF,KK411,35.344972,44.507250,2,KIR,129.0,11.0,1.0,2,4000,0,1,220,0,1,0

APPTR,D31-X,31,SOLUK
IF,SOLUK,35.298500,44.565750, ,0.0,0.0,2,5000,0,1,220,0,1,0
CF,KK411,35.344972,44.507250,0,KIR,129.0,11.0,309.0,4.0,2,4000,0,1,220,0,1,0

FINAL,D31-X,31,D,3
IF,KK411,35.344972,44.507250,KIR,129.0,11.0,2,4000,0,1,220,0,0,0
CF,KK412,35.403028,44.434056,0,KIR,129.0,6.0,309.0,5.0,1,2700,0,0,0,0,2,0
CF,MA31,35.455250,44.368056,0,KIR,129.0,1.5,309.0,4.5,1,1287,0,0,0,0,3,0
CF,KK510,35.600083,44.184333,0,KIR,309.0,11.0,309.0,12.5,0,0,0,0,0,0,0,0
AF,MISOD,35.655250,44.369556,2,KIR,1.0,11.0,309.0,1,4000,0,1,220,0,0,0
HM,MISOD,35.655250,44.369556,2, ,0.0,0.0,181.0,04.3,2,4000,0,1,210,0,0,0,0

APPTR,D31-Y,31,KIR
IF,KIR,35.472636,44.346050, ,0.0,0.0,2,5300,0,0,0,0,1,0
FD,KIR,35.472636,44.346050,0,KIR,0.0,11.0,138.0,11.0,0,0,0,0,0,0,0,0
CF,KK411,35.344972,44.507250,1,KIR,129.0,11.0,309.0,1.0,2,4000,0,1,220,0,1,0

APPTR,D31-Y,31,SOLUK
IF,SOLUK,35.298500,44.565750, ,0.0,0.0,2,5000,0,1,220,0,1,0
CF,KK411,35.344972,44.507250,0,KIR,129.0,11.0,309.0,4.0,2,4000,0,1,220,0,1,0

FINAL,D31-Y,31,D,3
IF,KK411,35.344972,44.507250,KIR,129.0,11.0,2,4000,0,1,220,0,0,0
CF,KK412,35.403028,44.434056,0,KIR,129.0,6.0,309.0,5.0,1,2700,0,0,0,0,2,0
CF,MA31,35.455250,44.368056,0,KIR,129.0,1.5,309.0,4.5,1,1287,0,0,0,0,3,0
CF,KK470,35.543417,44.259389,0,KIR,310.0,6.0,309.0,7.5,0,0,0,0,0,0,0,1
DF,KIR,35.472636,44.346050,1, ,0.0,0.0,0,0,0,1,220,0,0,0
CF,SOLUK,35.298500,44.565750,0,KIR,129.0,15.0,129.0,15.0,1,5000,0,0,0,0,0,0
HM,SOLUK,35.298500,44.565750,1, ,0.0,0.0,309.0,04.3,2,5000,0,1,230,0,0,0,0

APPTR,D31-Z,31,KIR
IF,KIR,35.472636,44.346050, ,0.0,0.0,2,5300,0,0,0,0,1,0
FD,KIR,35.472636,44.346050,0,KIR,0.0,11.0,150.0,11.0,0,0,0,0,0,0,0,0
CF,KK411,35.344972,44.507250,1,KIR,129.0,11.0,309.0,1.0,2,4000,0,1,220,0,1,0

APPTR,D31-Z,31,SOLUK
IF,SOLUK,35.298500,44.565750, ,0.0,0.0,2,5000,0,1,220,0,1,0
CF,KK411,35.344972,44.507250,0,KIR,129.0,11.0,309.0,4.0,2,4000,0,1,220,0,1,0

FINAL,D31-Z,31,D,3
IF,KK411,35.344972,44.507250,KIR,129.0,11.0,2,4000,0,1,220,0,0,0
CF,KK412,35.403028,44.434056,0,KIR,129.0,6.0,309.0,5.0,1,2700,0,0,0,0,2,0
CF,MA31,35.455250,44.368056,0,KIR,129.0,1.5,309.0,4.5,1,1287,0,0,0,0,3,0
CF,KK470,35.543417,44.259389,0,KIR,310.0,6.0,309.0,7.5,0,0,0,0,0,0,0,1
DF,KIR,35.472636,44.346050,1, ,0.0,0.0,0,0,0,1,220,0,0,0
CF,SOLUK,35.298500,44.565750,0,KIR,129.0,15.0,129.0,15.0,1,5000,0,0,0,0,0,0
HM,SOLUK,35.298500,44.565750,1, ,0.0,0.0,309.0,04.3,2,5000,0,1,230,0,0,0,0

APPTR,I31-W,31,KIR
IF,KIR,35.472636,44.346050, ,0.0,0.0,2,5300,0,0,0,0,1,0
FD,KIR,35.472636,44.346050,0,KIR,0.0,11.0,138.0,11.0,0,0,0,0,0,0,0,0
CF,KK611,35.346447,44.506158,1,ISAD,128.3,11.7,309.0,1.0,2,4000,0,1,220,0,1,0

APPTR,I31-W,31,MISOD
IF,MISOD,35.655250,44.369556, ,0.0,0.0,2,4000,0,0,0,0,1,0
AF,KK611,35.346447,44.506158,2,KIR,128.9,11.0,1.0,2,4000,0,1,220,0,1,0

APPTR,I31-W,31,SOLUK
IF,SOLUK,35.298500,44.565750, ,0.0,0.0,2,5000,0,1,220,0,1,0
CF,KK611,35.346447,44.506158,0,ISAD,128.3,11.7,309.0,4.1,2,4000,0,1,220,0,1,0

FINAL,I31-W,31,I,3
IF,KK611,35.346447,44.506158,ISAD,128.3,11.7,2,4000,0,1,220,0,0,0
CF,KK612,35.404019,44.431656,0,ISAD,128.3,6.7,309.0,5.0,1,2700,0,0,0,0,2,0
CF,RW31,35.460458,44.358458,0,ISAD,128.3,1.7,309.0,4.9,1,1109,0,0,0,0,3,0
CA,0,309.0,2,1470,0,0,0,0,0,0
CF,KK710,35.595389,44.179000,0,KIR,307.0,11.0,307.0,11.5,0,0,0,0,0,0,0,0
AF,MISOD,35.655250,44.369556,2,KIR,1.0,11.0,307.0,1,4000,0,1,220,0,0,0
HM,MISOD,35.655250,44.369556,2, ,0.0,0.0,181.0,04.3,2,4000,0,1,210,0,0,0,0

APPTR,I31-X,31,KIR
IF,KIR,35.472636,44.346050, ,0.0,0.0,2,5300,0,0,0,0,1,0
FD,KIR,35.472636,44.346050,0,KIR,0.0,11.0,150.0,11.0,0,0,0,0,0,0,0,0
CF,KK611,35.346447,44.506158,1,ISAD,128.3,11.7,309.0,1.0,2,4000,0,1,220,0,1,0

APPTR,I31-X,31,MISOD
IF,MISOD,35.655250,44.369556, ,0.0,0.0,2,4000,0,0,0,0,1,0
AF,KK611,35.346447,44.506158,2,KIR,128.9,11.0,1.0,2,4000,0,1,220,0,1,0

APPTR,I31-X,31,SOLUK
IF,SOLUK,35.298500,44.565750, ,0.0,0.0,2,5000,0,1,220,0,1,0
CF,KK611,35.346447,44.506158,0,ISAD,128.3,11.7,309.0,4.1,2,4000,0,1,220,0,1,0

FINAL,I31-X,31,I,3
IF,KK611,35.346447,44.506158,ISAD,128.3,11.7,2,4000,0,1,220,0,0,0
CF,KK612,35.404019,44.431656,0,ISAD,128.3,6.7,309.0,5.0,1,2700,0,0,0,0,2,0
CF,RW31,35.460458,44.358458,0,ISAD,128.3,1.7,309.0,4.9,1,1109,0,0,0,0,3,0
CA,0,309.0,2,1470,0,0,0,0,0,0
CF,KK710,35.595389,44.179000,0,KIR,307.0,11.0,307.0,11.5,0,0,0,0,0,0,0,0
AF,MISOD,35.655250,44.369556,2,KIR,1.0,11.0,307.0,1,4000,0,1,220,0,0,0
HM,MISOD,35.655250,44.369556,2, ,0.0,0.0,181.0,04.3,2,4000,0,1,210,0,0,0,0

APPTR,I31-Y,31,KIR
IF,KIR,35.472636,44.346050, ,0.0,0.0,2,5300,0,0,0,0,1,0
FD,KIR,35.472636,44.346050,0,KIR,0.0,11.0,138.0,11.0,0,0,0,0,0,0,0,0
CF,KK611,35.346447,44.506158,1,ISAD,128.3,11.7,309.0,1.0,2,4000,0,1,220,0,1,0

APPTR,I31-Y,31,SOLUK
IF,SOLUK,35.298500,44.565750, ,0.0,0.0,2,5000,0,1,220,0,1,0
CF,KK611,35.346447,44.506158,0,ISAD,128.3,11.7,309.0,4.1,2,4000,0,1,220,0,1,0

FINAL,I31-Y,31,I,3
IF,KK611,35.346447,44.506158,ISAD,128.3,11.7,2,4000,0,1,220,0,0,0
CF,KK612,35.404019,44.431656,0,ISAD,128.3,6.7,309.0,5.0,1,2700,0,0,0,0,2,0
CF,RW31,35.460458,44.358458,0,ISAD,128.3,1.7,309.0,4.9,1,1109,0,0,0,0,3,0
CA,0,309.0,2,1470,0,0,0,0,0,0
CF,KK480,35.540139,44.254889,0,KIR,307.2,6.0,307.0,6.5,0,0,0,0,0,0,0,1
DF,KIR,35.472636,44.346050,1, ,0.0,0.0,0,0,0,1,220,0,0,0
CF,SOLUK,35.298500,44.565750,0,KIR,129.0,15.0,129.0,15.0,1,5000,0,0,0,0,0,0
HM,SOLUK,35.298500,44.565750,1, ,0.0,0.0,309.0,04.3,2,5000,0,1,230,0,0,0,0

APPTR,I31-Z,31,KIR
IF,KIR,35.472636,44.346050, ,0.0,0.0,2,5300,0,0,0,0,1,0
FD,KIR,35.472636,44.346050,0,KIR,0.0,11.0,150.0,11.0,0,0,0,0,0,0,0,0
CF,KK611,35.346447,44.506158,1,ISAD,128.3,11.7,309.0,1.0,2,4000,0,1,220,0,1,0

APPTR,I31-Z,31,SOLUK
IF,SOLUK,35.298500,44.565750, ,0.0,0.0,2,5000,0,1,220,0,1,0
CF,KK611,35.346447,44.506158,0,ISAD,128.3,11.7,309.0,4.1,2,4000,0,1,220,0,1,0

FINAL,I31-Z,31,I,3
IF,KK611,35.346447,44.506158,ISAD,128.3,11.7,2,4000,0,1,220,0,0,0
CF,KK612,35.404019,44.431656,0,ISAD,128.3,6.7,309.0,5.0,1,2700,0,0,0,0,2,0
CF,RW31,35.460458,44.358458,0,ISAD,128.3,1.7,309.0,4.9,1,1109,0,0,0,0,3,0
CA,0,309.0,2,1470,0,0,0,0,0,0
CF,KK480,35.540139,44.254889,0,KIR,307.2,6.0,307.0,6.5,0,0,0,0,0,0,0,1
DF,KIR,35.472636,44.346050,1, ,0.0,0.0,0,0,0,1,220,0,0,0
CF,SOLUK,35.298500,44.565750,0,KIR,129.0,15.0,129.0,15.0,1,5000,0,0,0,0,0,0
HM,SOLUK,35.298500,44.565750,1, ,0.0,0.0,309.0,04.3,2,5000,0,1,230,0,0,0,0

