APPTR,R18,18,COGNU
IF,COGNU,65.808119,-167.835050, ,0.0,0.0,3,6000,0,0,0,0,1,0
HF,COGNU,65.808119,-167.835050,2, ,0.0,0.0,206.0,04,2,2600,0,0,0,0,0,0,0

FINAL,R18,18,R,4
IF,COGNU,65.808119,-167.835050, ,0.0,0.0,2,2600,0,0,0,0,0,0
TF,COLEG,65.705822,-168.004092,0, ,0.0,0.0,206.0,7.5,2,1700,0,0,0,0,2,0
TF,SADLY,65.673567,-168.046533,0, ,0.0,0.0,200.0,2.2,2,1000,0,0,0,0,0,0
TF,DIDGE,65.642017,-168.087928,0, ,0.0,0.0,200.0,2.2,1,313,0,0,0,0,3,1
CA,0,200.0,2,500,0,0,0,0,0,0
DF,COGNU,65.808119,-167.835050,2, ,0.0,0.0,2,2600,0,0,0,0,0,1
HM,COGNU,65.808119,-167.835050,2, ,0.0,0.0,206.0,04,0,0,0,0,0,0,0,0,0

APPTR,R36-Y,36,ATAYI
IF,ATAYI,65.233119,-167.085361, ,0.0,0.0,0,0,0,0,0,0,1,0
TF,HOSLO,65.418050,-168.168272,0, ,0.0,0.0,0.0,0.0,2,2200,0,0,0,0,1,0

APPTR,R36-Y,36,COGNU
IF,COGNU,65.808119,-167.835050, ,0.0,0.0,0,0,0,0,0,0,0,0
TF,WALDY,65.610764,-168.251433,0, ,0.0,0.0,0.0,0.0,2,2300,0,0,0,0,0,0
TF,HOSLO,65.418050,-168.168272,0, ,0.0,0.0,0.0,0.0,2,2200,0,0,0,0,0,1
HF,HOSLO,65.418050,-168.168272,2, ,0.0,0.0,347.0,04,2,2200,0,0,0,0,1,0,0

FINAL,R36-Y,36,R,3
IF,HOSLO,65.418050,-168.168272, ,0.0,0.0,2,2200,0,0,0,0,0,0
TF,FOROD,65.523136,-168.189556,0, ,0.0,0.0,347.0,6.4,2,2000,0,0,0,0,2,0
TF,ZUKES,65.609056,-168.099839,0, ,0.0,0.0,15.0,5.6,1,204,0,0,0,0,3,1
CA,0,15.0,2,1000,0,0,0,0,0,0
DF,COGNU,65.808119,-167.835050,0, ,0.0,0.0,2,3000,0,0,0,0,0,1
HM,COGNU,65.808119,-167.835050,2, ,0.0,0.0,197.0,04,0,0,0,0,0,0,0,0,0

APPTR,R36-Z,36,ATAYI
IF,ATAYI,65.233119,-167.085361, ,0.0,0.0,0,0,0,0,0,0,1,0
TF,HOSLO,65.418050,-168.168272,0, ,0.0,0.0,0.0,0.0,2,2200,0,0,0,0,1,0

APPTR,R36-Z,36,COGNU
IF,COGNU,65.808119,-167.835050, ,0.0,0.0,0,0,0,0,0,0,0,0
TF,DEPAW,65.661700,-168.372550,0, ,0.0,0.0,0.0,0.0,2,2200,0,0,0,0,0,0
TF,HOWFY,65.434842,-168.444608,0, ,0.0,0.0,0.0,0.0,2,2200,0,0,0,0,1,0
TF,HOSLO,65.418050,-168.168272,0, ,0.0,0.0,0.0,0.0,2,2200,0,0,0,0,1,0

APPTR,R36-Z,36,HOSLO
HF,HOSLO,65.418050,-168.168272,2, ,0.0,0.0,347.0,04,2,2200,0,0,0,0,1,0,0

FINAL,R36-Z,36,R,3
IF,HOSLO,65.418050,-168.168272, ,0.0,0.0,2,2200,0,0,0,0,0,0
TF,YOMYU,65.516625,-168.133081,0, ,0.0,0.0,360.0,6.0,2,2000,0,0,0,0,2,0
TF,RW36,65.617178,-168.096894,0, ,0.0,0.0,360.0,6.1,1,51,0,0,0,0,3,1
CA,0,360.0,2,226,0,0,0,0,0,0
DF,WEKMO,65.677239,-168.075167,0, ,0.0,0.0,0,0,0,0,0,0,0,0
TF,COGNU,65.808119,-167.835050,0, ,0.0,0.0,0.0,0.0,2,3000,0,0,0,0,0,1
HM,COGNU,65.808119,-167.835050,2, ,0.0,0.0,197.0,04,2,3000,0,0,0,0,0,0,0

