APPTR,L17,17,KECTE
IF,KECTE,63.047608,-156.076853, ,0.0,0.0,0,0,0,0,0,0,1,0
AF,POCYI,63.175067,-155.749289,2,MCG,325.5,14.0,276.0,2,5200,0,0,0,0,0,0
AF,D334N,63.181900,-155.674128,2,MCG,334.0,14.0,325.0,2,4400,0,0,0,0,0,0
VI,0,IMCG,0.0,139.0,0,0,0,0,0,0,0,0

APPTR,L17,17,KICEB
IF,KICEB,63.075106,-155.178386, ,0.0,0.0,0,0,0,0,0,0,1,0
AF,D352N,63.179342,-155.513142,1,MCG,352.0,14.0,39.0,2,4400,0,0,0,0,0,0
VI,0,IMCG,0.0,199.0,0,0,0,0,0,0,0,0

APPTR,L17,17,MCG
IF,MCG,62.951033,-155.611381, ,0.0,0.0,0,0,0,0,0,0,0,0
TF,NICIB,63.183500,-155.593681,0, ,0.0,0.0,0.0,0.0,2,4400,0,0,0,0,0,0
HF,NICIB,63.183500,-155.593681,2, ,0.0,0.0,169.0,04.3,2,4400,0,0,0,0,1,0,0

APPTR,L17,17,POCYI
IF,POCYI,63.175067,-155.749289, ,0.0,0.0,0,0,0,0,0,0,1,0
AF,D334N,63.181900,-155.674128,2,MCG,334.0,14.0,325.0,2,4400,0,0,0,0,0,0
VI,0,IMCG,0.0,139.0,0,0,0,0,0,0,0,0

FINAL,L17,17,D,5
IF,NICIB,63.183500,-155.593681,IMCG,349.4,14.3,2,4400,0,0,0,0,0,0
CF,OTECO,63.079231,-155.599403,0,IMCG,349.4,8.0,169.0,6.3,2,2600,0,0,0,0,0,0
CF,NUKRE,63.042172,-155.601436,0,IMCG,349.4,5.8,169.0,2.2,2,2000,0,0,0,0,2,0
CF,YEDUP,63.007747,-155.603322,0,IMCG,349.4,3.7,169.0,2.1,2,1340,0,0,0,0,0,0
CF,JOROG,62.971264,-155.605311,0,IMCG,349.4,1.5,169.0,2.2,1,641,0,0,0,0,3,0
CA,0,169.0,2,800,0,0,0,0,0,0
CF,IRUCU,62.907667,-155.455950,0,MCG,102.4,5.0,102.0,5.0,2,4000,0,0,0,0,0,0
HM,IRUCU,62.907667,-155.455950,2, ,0.0,0.0,282.0,04.3,2,4000,0,0,0,0,0,0,0

APPTR,R05-A,05,ERLAN
IF,ERLAN,62.776600,-154.992433, ,0.0,0.0,0,0,0,0,0,0,1,0
TF,JOPRI,62.829156,-155.177172,0, ,0.0,0.0,0.0,0.0,2,3100,0,0,0,0,1,0

APPTR,R05-A,05,JOPRI
HF,JOPRI,62.829156,-155.177172,2, ,0.0,0.0,290.0,04,2,3100,0,0,0,0,1,0,0

FINAL,R05-A,05,R,3
IF,JOPRI,62.829156,-155.177172, ,0.0,0.0,2,3100,0,0,0,0,0,0
TF,IRUCU,62.907667,-155.455950,0, ,0.0,0.0,290.0,9.0,2,2500,0,0,0,0,2,0
TF,WUGDO,62.946692,-155.595811,0, ,0.0,0.0,290.0,4.5,1,1620,0,0,0,0,3,1
CA,0,290.0,2,1620,0,0,0,0,0,0
DF,JOPRI,62.829156,-155.177172,2, ,0.0,0.0,2,3100,0,0,0,0,0,1
HM,JOPRI,62.829156,-155.177172,2, ,0.0,0.0,290.0,04,0,0,0,0,0,0,0,0,0

APPTR,R17,17,HAMHE
IF,HAMHE,63.208878,-155.284461, ,0.0,0.0,0,0,0,0,0,0,1,0
TF,TIGUE,63.206394,-155.615706,0, ,0.0,0.0,0.0,0.0,2,4900,0,0,0,0,1,0

APPTR,R17,17,TIGUE
HF,TIGUE,63.206394,-155.615706,1, ,0.0,0.0,167.0,05,2,4900,0,0,0,0,1,0,0

FINAL,R17,17,R,4
IF,TIGUE,63.206394,-155.615706, ,0.0,0.0,2,4900,0,0,0,0,0,0
TF,CADOK,63.123333,-155.612183,0, ,0.0,0.0,167.0,5.0,2,3400,0,0,0,0,0,0
TF,WARSH,63.042181,-155.608750,0, ,0.0,0.0,167.0,4.9,2,2000,0,0,0,0,2,0
TF,RW17,62.957708,-155.605225,0, ,0.0,0.0,167.0,5.1,1,381,0,0,0,0,3,1
CA,0,167.0,2,800,0,0,0,0,0,0
DF,TIGUE,63.206394,-155.615706,2, ,0.0,0.0,2,4900,0,1,190,0,0,1
HM,TIGUE,63.206394,-155.615706,1, ,0.0,0.0,167.0,05,2,4900,0,0,0,0,0,0,0

APPTR,R17-A,17,ERLAN
IF,ERLAN,62.776600,-154.992433, ,0.0,0.0,0,0,0,0,0,0,1,0
TF,JOPRI,62.829156,-155.177172,0, ,0.0,0.0,0.0,0.0,2,3100,0,0,0,0,1,0

APPTR,R17-A,17,JOPRI
HF,JOPRI,62.829156,-155.177172,2, ,0.0,0.0,290.0,04,2,3100,0,0,0,0,1,0,0

FINAL,R17-A,17,R,3
IF,JOPRI,62.829156,-155.177172, ,0.0,0.0,2,3100,0,0,0,0,0,0
TF,IRUCU,62.907667,-155.455950,0, ,0.0,0.0,290.0,9.0,2,2500,0,0,0,0,2,0
TF,WUGDO,62.946692,-155.595811,0, ,0.0,0.0,290.0,4.5,1,1620,0,0,0,0,3,1
CA,0,290.0,2,1620,0,0,0,0,0,0
DF,JOPRI,62.829156,-155.177172,2, ,0.0,0.0,2,3100,0,0,0,0,0,1
HM,JOPRI,62.829156,-155.177172,2, ,0.0,0.0,290.0,04,0,0,0,0,0,0,0,0,0

APPTR,R23-A,23,ERLAN
IF,ERLAN,62.776600,-154.992433, ,0.0,0.0,0,0,0,0,0,0,1,0
TF,JOPRI,62.829156,-155.177172,0, ,0.0,0.0,0.0,0.0,2,3100,0,0,0,0,1,0

APPTR,R23-A,23,JOPRI
HF,JOPRI,62.829156,-155.177172,2, ,0.0,0.0,290.0,04,2,3100,0,0,0,0,1,0,0

FINAL,R23-A,23,R,3
IF,JOPRI,62.829156,-155.177172, ,0.0,0.0,2,3100,0,0,0,0,0,0
TF,IRUCU,62.907667,-155.455950,0, ,0.0,0.0,290.0,9.0,2,2500,0,0,0,0,2,0
TF,WUGDO,62.946692,-155.595811,0, ,0.0,0.0,290.0,4.5,1,1620,0,0,0,0,3,1
CA,0,290.0,2,1620,0,0,0,0,0,0
DF,JOPRI,62.829156,-155.177172,2, ,0.0,0.0,2,3100,0,0,0,0,0,1
HM,JOPRI,62.829156,-155.177172,2, ,0.0,0.0,290.0,04,0,0,0,0,0,0,0,0,0

APPTR,R35-A,35,ERLAN
IF,ERLAN,62.776600,-154.992433, ,0.0,0.0,0,0,0,0,0,0,1,0
TF,JOPRI,62.829156,-155.177172,0, ,0.0,0.0,0.0,0.0,2,3100,0,0,0,0,1,0

APPTR,R35-A,35,JOPRI
HF,JOPRI,62.829156,-155.177172,2, ,0.0,0.0,290.0,04,2,3100,0,0,0,0,1,0,0

FINAL,R35-A,35,R,3
IF,JOPRI,62.829156,-155.177172, ,0.0,0.0,2,3100,0,0,0,0,0,0
TF,IRUCU,62.907667,-155.455950,0, ,0.0,0.0,290.0,9.0,2,2500,0,0,0,0,2,0
TF,WUGDO,62.946692,-155.595811,0, ,0.0,0.0,290.0,4.5,1,1620,0,0,0,0,3,1
CA,0,290.0,2,1620,0,0,0,0,0,0
DF,JOPRI,62.829156,-155.177172,2, ,0.0,0.0,2,3100,0,0,0,0,0,1
HM,JOPRI,62.829156,-155.177172,2, ,0.0,0.0,290.0,04,0,0,0,0,0,0,0,0,0

