SID,HEMRO1,03,4
VA,0,31.0,2,1090,0,0,0,0,0,0
VI,0, ,0.0,71.0,0,0,0,0,0,0,0,0
CF,KUYVE,63.895569,-152.029042,0,BET,37.4,331.3,101.0,5.0,0,0,0,0,0,0,0,0

SID,HEMRO1,21,4
VA,0,211.0,2,1182,0,0,0,0,0,0
DF,KUYVE,63.895569,-152.029042,1, ,0.0,0.0,0,0,0,0,0,0,0,0

SID,HEMRO1,ALL,5
IF,KUYVE,63.895569,-152.029042, ,0.0,0.0,0,0,0,0,0,0,0,0
TF,HEMRO,64.106161,-151.214081,0, ,0.0,0.0,0.0,0.0,0,0,0,0,0,0,0,0

APPTR,R03,03,BECAG
HF,BECAG,63.722772,-152.669128,2, ,0.0,0.0,31.0,04,2,3400,0,0,0,0,1,0,0

APPTR,R03,03,SUCOD
IF,SUCOD,63.654989,-153.036636, ,0.0,0.0,0,0,0,0,0,0,1,0
TF,BECAG,63.722772,-152.669128,0, ,0.0,0.0,0.0,0.0,2,3400,0,0,0,0,1,0

FINAL,R03,03,R,4
IF,BECAG,63.722772,-152.669128, ,0.0,0.0,2,3400,0,0,0,0,0,0
TF,CALYA,63.793489,-152.510447,0, ,0.0,0.0,31.0,6.0,2,3100,0,0,0,0,2,0
TF,JEVEV,63.844542,-152.395558,0, ,0.0,0.0,31.0,4.3,2,1720,0,0,0,0,0,0
TF,RW03,63.881936,-152.311014,0, ,0.0,0.0,31.0,3.2,1,708,0,0,0,0,3,1
CA,0,31.0,2,932,0,0,0,0,0,0
DF,FEGEL,64.055778,-151.913186,0, ,0.0,0.0,2,4300,0,0,0,0,0,1
HM,FEGEL,64.055778,-151.913186,2, ,0.0,0.0,211.0,05,2,4300,0,0,0,0,0,0,0

APPTR,R21,21,FEGEL
HF,FEGEL,64.055778,-151.913186,2, ,0.0,0.0,211.0,05,2,4200,0,0,0,0,1,0,0

APPTR,R21,21,HEMRO
IF,HEMRO,64.106161,-151.214081, ,0.0,0.0,2,5000,0,0,0,0,1,0
TF,FEGEL,64.055778,-151.913186,0, ,0.0,0.0,0.0,0.0,2,4200,0,0,0,0,1,0

FINAL,R21,21,R,6
IF,FEGEL,64.055778,-151.913186, ,0.0,0.0,2,4200,0,0,0,0,0,0
TF,ZUVOD,63.999911,-152.041881,0, ,0.0,0.0,211.0,4.8,2,3600,0,0,0,0,0,0
TF,CURNO,63.984708,-152.076872,0, ,0.0,0.0,211.0,1.3,2,3300,0,0,0,0,2,0
TF,BOBCE,63.951594,-152.152600,0, ,0.0,0.0,211.0,2.8,2,2400,0,0,0,0,0,0
TF,ADMEW,63.926544,-152.209703,0, ,0.0,0.0,211.0,2.1,2,1720,0,0,0,0,0,0
TF,RW21,63.890028,-152.292672,0, ,0.0,0.0,211.0,3.1,1,730,0,0,0,0,3,1
CA,0,211.0,2,1040,0,0,0,0,0,0
DF,BECAG,63.722772,-152.669128,0, ,0.0,0.0,2,3400,0,0,0,0,0,1
HM,BECAG,63.722772,-152.669128,2, ,0.0,0.0,31.0,04,0,0,0,0,0,0,0,0,0

