APPTR,R09,09,DEMRE
IF,DEMRE,67.079744,-157.662769, ,0.0,0.0,0,0,0,0,0,0,1,0
TF,JIDGA,66.961222,-157.706236,0, ,0.0,0.0,0.0,0.0,2,4000,0,0,0,0,1,0

APPTR,R09,09,JIDGA
HF,JIDGA,66.961222,-157.706236,2, ,0.0,0.0,87.0,04,2,4000,0,0,0,0,1,0,0

APPTR,R09,09,PLISK
IF,PLISK,66.842850,-157.749222, ,0.0,0.0,0,0,0,0,0,0,1,0
TF,JIDGA,66.961222,-157.706236,0, ,0.0,0.0,0.0,0.0,2,4000,0,0,0,0,1,0

FINAL,R09,09,R,3
IF,JIDGA,66.961222,-157.706236, ,0.0,0.0,2,4000,0,0,0,0,0,0
TF,IYUTE,66.930547,-157.175100,0, ,0.0,0.0,87.0,12.7,2,2200,0,0,0,0,2,0
TF,HUPGI,66.914989,-156.920819,0, ,0.0,0.0,88.0,6.1,1,264,0,0,0,0,3,1
CA,0,88.0,2,542,0,0,0,0,0,0
DF,JIDGA,66.961222,-157.706236,2, ,0.0,0.0,2,4000,0,0,0,0,0,1
HM,JIDGA,66.961222,-157.706236,2, ,0.0,0.0,87.0,04,0,0,0,0,0,0,0,0,0

APPTR,R27,27,LABZA
IF,LABZA,66.919775,-156.135989, ,0.0,0.0,0,0,0,0,0,0,1,0
TF,VIGUC,66.805781,-156.263578,0, ,0.0,0.0,0.0,0.0,2,4100,0,0,0,0,1,0

APPTR,R27,27,VIGUC
HF,VIGUC,66.805781,-156.263578,2, ,0.0,0.0,283.0,05,2,4100,0,0,0,0,1,0,0

APPTR,R27,27,WEKDO
IF,WEKDO,66.684072,-156.398375, ,0.0,0.0,0,0,0,0,0,0,1,0
TF,VIGUC,66.805781,-156.263578,0, ,0.0,0.0,0.0,0.0,2,4100,0,0,0,0,1,0

FINAL,R27,27,R,4
IF,VIGUC,66.805781,-156.263578, ,0.0,0.0,2,4100,0,0,0,0,0,0
TF,OTECI,66.857447,-156.564344,0, ,0.0,0.0,283.0,7.8,2,2800,0,0,0,0,2,0
TF,UKICI,66.898242,-156.805628,0, ,0.0,0.0,282.0,6.2,2,820,0,0,0,0,0,0
TF,IKOCI,66.909686,-156.873847,0, ,0.0,0.0,282.0,1.8,1,261,0,0,0,0,3,1
CA,0,282.0,2,600,0,0,0,0,0,0
DF,JIDGA,66.961222,-157.706236,0, ,0.0,0.0,2,4000,0,0,0,0,0,1
HM,JIDGA,66.961222,-157.706236,2, ,0.0,0.0,87.0,04,0,0,0,0,0,0,0,0,0

