APPTR,R07,07,ACEYE
IF,ACEYE,60.607347,-151.498567, ,0.0,0.0,0,0,0,0,0,0,1,0
TF,BERAC,60.474378,-151.496933,0, ,0.0,0.0,0.0,0.0,2,2600,0,0,0,0,1,0

APPTR,R07,07,BERAC
HF,BERAC,60.474378,-151.496933,2, ,0.0,0.0,75.0,04,2,2600,0,0,0,0,1,0,0

APPTR,R07,07,EREBY
IF,EREBY,60.341403,-151.495314, ,0.0,0.0,0,0,0,0,0,0,1,0
TF,BERAC,60.474378,-151.496933,0, ,0.0,0.0,0.0,0.0,2,2600,0,0,0,0,1,0

FINAL,R07,07,R,4
IF,BERAC,60.474378,-151.496933, ,0.0,0.0,2,2600,0,0,0,0,0,0
TF,MANVE,60.474908,-151.227547,0, ,0.0,0.0,75.0,8.0,2,1800,0,0,0,0,2,0
TF,ZOLIN,60.474958,-151.153111,0, ,0.0,0.0,75.0,2.2,2,1080,0,0,0,0,0,0
TF,RW07,60.474961,-151.052089,0, ,0.0,0.0,75.0,3.0,1,140,0,0,0,0,3,1
CA,0,75.0,2,700,0,0,0,0,0,0
DF,BERAC,60.474378,-151.496933,2, ,0.0,0.0,2,2600,0,0,0,0,0,1
HM,BERAC,60.474378,-151.496933,2, ,0.0,0.0,75.0,04,0,0,0,0,0,0,0,0,0

APPTR,R25,25,FALIR
HF,FALIR,60.474364,-150.670814,1, ,0.0,0.0,255.0,04,2,3300,0,0,0,0,1,0,0

FINAL,R25,25,R,4
IF,FALIR,60.474364,-150.670814, ,0.0,0.0,2,3300,0,0,0,0,0,0
TF,HABID,60.474831,-150.882169,0, ,0.0,0.0,255.0,6.3,2,1500,0,0,0,0,2,0
TF,ZEMEM,60.474897,-150.940200,0, ,0.0,0.0,255.0,1.7,2,900,0,0,0,0,0,0
TF,RW25,60.474956,-151.024378,0, ,0.0,0.0,255.0,2.5,1,155,0,0,0,0,3,1
CA,0,255.0,2,513,0,0,0,0,0,0
DF,BERAC,60.474378,-151.496933,0, ,0.0,0.0,2,2600,0,0,0,0,0,1
HM,BERAC,60.474378,-151.496933,2, ,0.0,0.0,75.0,04,0,0,0,0,0,0,0,0,0

APPTR,V07-A,07,ENA
IF,ENA,60.614703,-151.195242, ,0.0,0.0,4,6000,1900,0,0,0,0,0
PI,ENA,60.614703,-151.195242,1,ENA,357.0,10.0,312,5.0,2,1900,0,0,0,0,1,0

APPTR,V07-A,07,SWANS
IF,SWANS,60.728100,-150.947547, ,0.0,0.0,0,0,0,0,0,0,1,0
AF,FANKA,60.759931,-151.360097,1,ENA,312.0,10.0,28.0,2,1900,0,0,0,0,1,0

FINAL,V07-A,07,D,3
IF,FANKA,60.759931,-151.360097,ENA,312.0,10.0,2,1900,0,0,0,0,0,0
CF,ENA,60.614703,-151.195242,0,ENA,0.0,0.0,132.0,10.0,2,1900,0,0,0,0,2,0
CF,ZIDVA,60.478000,-151.041625,0,ENA,132.0,9.4,132.0,9.4,1,1020,0,0,0,0,3,0
VI,0, ,0.0,184.0,0,0,0,0,0,0,0,0
CF,CABUG,60.431039,-151.037583,0,ENA,138.0,12.0,138.0,1.0,2,3700,0,0,0,0,0,0
HM,CABUG,60.431039,-151.037583,2, ,0.0,0.0,318.0,04.3,2,3700,0,0,0,0,0,0,0

APPTR,V25-A,25,ENA
IF,ENA,60.614703,-151.195242, ,0.0,0.0,4,6000,1900,0,0,0,0,0
PI,ENA,60.614703,-151.195242,1,ENA,357.0,10.0,312,5.0,2,1900,0,0,0,0,1,0

APPTR,V25-A,25,SWANS
IF,SWANS,60.728100,-150.947547, ,0.0,0.0,0,0,0,0,0,0,1,0
AF,FANKA,60.759931,-151.360097,1,ENA,312.0,10.0,28.0,2,1900,0,0,0,0,1,0

FINAL,V25-A,25,D,3
IF,FANKA,60.759931,-151.360097,ENA,312.0,10.0,2,1900,0,0,0,0,0,0
CF,ENA,60.614703,-151.195242,0,ENA,0.0,0.0,132.0,10.0,2,1900,0,0,0,0,2,0
CF,ZIDVA,60.478000,-151.041625,0,ENA,132.0,9.4,132.0,9.4,1,1020,0,0,0,0,3,0
VI,0, ,0.0,184.0,0,0,0,0,0,0,0,0
CF,CABUG,60.431039,-151.037583,0,ENA,138.0,12.0,138.0,1.0,2,3700,0,0,0,0,0,0
HM,CABUG,60.431039,-151.037583,2, ,0.0,0.0,318.0,04.3,2,3700,0,0,0,0,0,0,0

