APPTR,R07,07,DUMTE
HF,DUMTE,70.424883,-158.201806,2, ,0.0,0.0,67.0,05,2,5000,0,0,0,0,1,0,0

APPTR,R07,07,JUGLA
IF,JUGLA,70.572128,-158.277475, ,0.0,0.0,0,0,0,0,0,0,1,0
TF,DUMTE,70.424883,-158.201806,0, ,0.0,0.0,0.0,0.0,2,5000,0,0,0,0,1,0

APPTR,R07,07,OBOBY
IF,OBOBY,70.277608,-158.127225, ,0.0,0.0,0,0,0,0,0,0,1,0
TF,DUMTE,70.424883,-158.201806,0, ,0.0,0.0,0.0,0.0,2,5000,0,0,0,0,1,0

FINAL,R07,07,R,3
IF,DUMTE,70.424883,-158.201806, ,0.0,0.0,2,5000,0,0,0,0,0,0
TF,IRIQU,70.453225,-157.694558,0, ,0.0,0.0,67.0,10.4,2,1700,0,0,0,0,2,0
TF,RW07,70.466181,-157.453283,0, ,0.0,0.0,68.0,4.9,1,131,0,0,0,0,3,1
CA,0,68.0,2,351,0,0,0,0,0,0
DF,ENCUY,70.506075,-156.666131,0, ,0.0,0.0,2,5000,0,0,0,0,0,1
HM,ENCUY,70.506075,-156.666131,2, ,0.0,0.0,249.0,05,2,5000,0,0,0,0,0,0,0

APPTR,R25,25,BONTE
IF,BONTE,70.358214,-156.602400, ,0.0,0.0,0,0,0,0,0,0,1,0
TF,ENCUY,70.506075,-156.666131,0, ,0.0,0.0,0.0,0.0,2,5000,0,0,0,0,1,0

APPTR,R25,25,CUCCA
IF,CUCCA,70.653914,-156.730797, ,0.0,0.0,0,0,0,0,0,0,1,0
TF,ENCUY,70.506075,-156.666131,0, ,0.0,0.0,0.0,0.0,2,5000,0,0,0,0,1,0

APPTR,R25,25,ENCUY
HF,ENCUY,70.506075,-156.666131,2, ,0.0,0.0,249.0,05,2,5000,0,0,0,0,1,0,0

FINAL,R25,25,R,3
IF,ENCUY,70.506075,-156.666131, ,0.0,0.0,2,5000,0,0,0,0,0,0
TF,AVELY,70.480636,-157.176106,0, ,0.0,0.0,249.0,10.4,2,1700,0,0,0,0,2,0
TF,RW25,70.468044,-157.418042,0, ,0.0,0.0,248.0,4.9,1,129,0,0,0,0,3,1
CA,0,248.0,2,351,0,0,0,0,0,0
DF,DUMTE,70.424883,-158.201806,0, ,0.0,0.0,2,5000,0,0,0,0,0,1
HM,DUMTE,70.424883,-158.201806,2, ,0.0,0.0,67.0,05,2,5000,0,0,0,0,0,0,0

