SID,EGAXE1,08,4
VA,0,82.0,2,2143,0,0,0,0,0,0
DF,EGAXE,63.442122,-143.613969,1, ,0.0,0.0,0,0,0,0,0,0,0,0

SID,EGAXE1,26,4
CA,0,262.0,2,2150,0,0,0,0,0,0
DF,EGAXE,63.442122,-143.613969,0, ,0.0,0.0,0,0,0,0,0,0,0,0

SID,GKN1,08,4
VA,0,82.0,2,2143,0,0,0,0,0,0
DF,BLUEW,63.181242,-143.131875,2, ,0.0,0.0,0,0,0,0,0,0,0,0

SID,GKN1,26,4
VI,0, ,0.0,262.0,0,0,0,0,0,0,0,0
CF,BLUEW,63.181242,-143.131875,0,GKN,28.0,89.0,185.0,9.8,0,0,0,0,0,0,0,0

SID,GKN1,ALL,5
IF,BLUEW,63.181242,-143.131875, ,0.0,0.0,0,0,0,0,0,0,0,0
TF,GKN,62.153753,-145.447364,0, ,0.0,0.0,0.0,0.0,0,0,0,0,0,0,0,0

APPTR,R08,08,EGAXE
IF,EGAXE,63.442122,-143.613969, ,0.0,0.0,0,0,0,0,0,0,1,0
TF,KUNNE,63.385642,-143.384547,0, ,0.0,0.0,0.0,0.0,2,4700,0,0,0,0,1,0

FINAL,R08,08,R,3
IF,KUNNE,63.385642,-143.384547, ,0.0,0.0,2,4700,0,0,0,0,0,0
TF,LISEY,63.344731,-143.166719,0, ,0.0,0.0,96.0,6.4,2,3500,0,0,0,0,2,0
TF,RW08,63.330058,-142.961219,0, ,0.0,0.0,82.0,5.6,1,1683,0,0,0,0,3,1
CA,0,82.0,2,1895,0,0,0,0,0,0
DF,NUNIC,63.313342,-142.732186,0, ,0.0,0.0,0,0,0,0,0,0,0,0
TF,CIMGO,63.105247,-142.442281,0, ,0.0,0.0,0.0,0.0,2,8000,0,0,0,0,0,1
HM,CIMGO,63.105247,-142.442281,2, ,0.0,0.0,286.0,07,2,8000,0,0,0,0,0,0,0

APPTR,R26-A,26,CIMGO
IF,CIMGO,63.105247,-142.442281, ,0.0,0.0,0,0,0,0,0,0,1,0
TF,DETEY,63.208467,-142.378986,0, ,0.0,0.0,0.0,0.0,2,5900,0,0,0,0,1,0

FINAL,R26-A,26,R,4
IF,DETEY,63.208467,-142.378986, ,0.0,0.0,2,5900,0,0,0,0,0,0
TF,HUMIK,63.258358,-142.611950,0, ,0.0,0.0,279.0,7.0,2,4800,0,0,0,0,2,0
TF,JUKAN,63.302936,-142.822303,0, ,0.0,0.0,278.0,6.3,2,2820,0,0,0,0,0,0
TF,RW26,63.328969,-142.946147,0, ,0.0,0.0,278.0,3.7,1,2180,0,0,0,0,3,1
CA,0,278.0,2,2180,0,0,0,0,0,0
DF,GEYET,63.350003,-143.046719,0, ,0.0,0.0,0,0,0,0,0,0,0,0
TF,EGAXE,63.442122,-143.613969,0, ,0.0,0.0,0.0,0.0,2,8000,0,0,0,0,0,1
HM,EGAXE,63.442122,-143.613969,1, ,0.0,0.0,106.0,06,2,8000,0,1,230,0,0,0,0

APPTR,R26-M,26,CIMGO
IF,CIMGO,63.105247,-142.442281, ,0.0,0.0,0,0,0,0,0,0,1,0
TF,SOLLY,63.268428,-142.557042,0, ,0.0,0.0,0.0,0.0,2,4800,0,1,210,0,1,0

APPTR,R26-M,26,HATIX
IF,HATIX,63.076889,-143.480006, ,0.0,0.0,0,0,0,0,0,0,1,0
TF,ANLEY,63.122589,-143.040253,0, ,0.0,0.0,0.0,0.0,2,7300,0,0,0,0,0,0
TF,PAYOK,63.166919,-142.599136,0, ,0.0,0.0,0.0,0.0,2,5000,0,0,0,0,0,0
TF,SOLLY,63.268428,-142.557042,0, ,0.0,0.0,0.0,0.0,2,4800,0,1,210,0,1,0

FINAL,R26-M,26,R,5
IF,SOLLY,63.268428,-142.557042, ,0.0,0.0,2,4800,0,1,210,0,0,0
TF,HEMRY,63.309017,-142.673958,0, ,0.0,0.0,291.0,4.0,2,3900,0,0,0,0,0,0
TF,JUGIN,63.314681,-142.750508,0, ,0.0,0.0,262.0,2.1,2,3500,0,0,0,0,2,0
TF,CMUTK,63.322556,-142.857850,0, ,0.0,0.0,262.0,2.9,2,2500,0,0,0,0,0,0
TF,RW26,63.328969,-142.946147,0, ,0.0,0.0,262.0,2.4,1,1678,0,0,0,0,3,1
CA,0,262.0,2,1893,0,0,0,0,0,0
DF,YOTUK,63.356042,-143.325442,0, ,0.0,0.0,0,0,0,0,0,0,0,0
TF,EGAXE,63.442122,-143.613969,0, ,0.0,0.0,0.0,0.0,2,8000,0,0,0,0,0,1
HM,EGAXE,63.442122,-143.613969,1, ,0.0,0.0,106.0,06,0,0,0,0,0,0,0,0,0

