SID,CABOT1,02,4
VA,0,18.0,2,523,0,0,0,0,0,0
DF,CABOT,61.200367,-160.755814,0, ,0.0,0.0,0,0,0,0,0,0,0,0

SID,CABOT1,20,4
VA,0,198.0,2,523,0,0,0,0,0,0
DF,CABOT,61.200367,-160.755814,2, ,0.0,0.0,0,0,0,0,0,0,0,0

APPTR,R02-A,02,ROLLR
IF,ROLLR,60.856356,-162.205617, ,0.0,0.0,0,0,0,0,0,0,1,0
TF,FIROT,60.965078,-161.854058,0, ,0.0,0.0,0.0,0.0,2,1700,0,0,0,0,1,0

FINAL,R02-A,02,R,4
IF,FIROT,60.965078,-161.854058, ,0.0,0.0,2,1700,0,0,0,0,0,0
TF,ECADI,60.941883,-161.689956,0, ,0.0,0.0,98.0,5.0,2,1700,0,0,0,0,2,0
TF,ANZEO,60.926661,-161.583047,0, ,0.0,0.0,98.0,3.3,2,1000,0,0,0,0,0,0
TF,QOKUT,60.914028,-161.494839,0, ,0.0,0.0,98.0,2.7,1,480,0,0,0,0,3,1
CA,0,98.0,2,500,0,0,0,0,0,0
DF,CABOT,61.200367,-160.755814,0, ,0.0,0.0,2,2000,0,0,0,0,0,1
HM,CABOT,61.200367,-160.755814,2, ,0.0,0.0,48.0,04,0,0,0,0,0,0,0,0,0

APPTR,R20-A,20,ROLLR
IF,ROLLR,60.856356,-162.205617, ,0.0,0.0,0,0,0,0,0,0,1,0
TF,FIROT,60.965078,-161.854058,0, ,0.0,0.0,0.0,0.0,2,1700,0,0,0,0,1,0

FINAL,R20-A,20,R,4
IF,FIROT,60.965078,-161.854058, ,0.0,0.0,2,1700,0,0,0,0,0,0
TF,ECADI,60.941883,-161.689956,0, ,0.0,0.0,98.0,5.0,2,1700,0,0,0,0,2,0
TF,ANZEO,60.926661,-161.583047,0, ,0.0,0.0,98.0,3.3,2,1000,0,0,0,0,0,0
TF,QOKUT,60.914028,-161.494839,0, ,0.0,0.0,98.0,2.7,1,480,0,0,0,0,3,1
CA,0,98.0,2,500,0,0,0,0,0,0
DF,CABOT,61.200367,-160.755814,0, ,0.0,0.0,2,2000,0,0,0,0,0,1
HM,CABOT,61.200367,-160.755814,2, ,0.0,0.0,48.0,04,0,0,0,0,0,0,0,0,0

