APPTR,R16,16,MAZIE
IF,MAZIE,40.322097,-75.109800, ,0.0,0.0,0,0,0,1,90,0,0,0
TF,FARAL,40.348028,-75.277864,0, ,0.0,0.0,0.0,0.0,2,2500,0,0,0,0,1,0
TF,CIPIX,40.314464,-75.353203,0, ,0.0,0.0,0.0,0.0,2,2500,0,0,0,0,1,0

APPTR,R16,16,USCAD
IF,USCAD,40.533419,-74.855728, ,0.0,0.0,0,0,0,1,90,0,0,0
TF,FARAL,40.348028,-75.277864,0, ,0.0,0.0,0.0,0.0,2,2500,0,0,0,0,1,0
TF,CIPIX,40.314464,-75.353203,0, ,0.0,0.0,0.0,0.0,2,2500,0,0,0,0,1,0

FINAL,R16,16,R,3
IF,CIPIX,40.314464,-75.353203, ,0.0,0.0,2,2500,0,0,0,0,0,0
TF,WIMOX,40.264469,-75.328153,0, ,0.0,0.0,171.0,3.2,2,1800,0,1,70,0,2,0
TF,JAPEN,40.224517,-75.288844,0, ,0.0,0.0,155.0,3.0,1,653,0,0,0,0,3,1
CA,0,155.0,2,760,0,0,0,0,0,0
DF,CIPIX,40.314464,-75.353203,1, ,0.0,0.0,2,2500,0,1,70,0,0,1
HM,CIPIX,40.314464,-75.353203,2, ,0.0,0.0,171.0,04,0,0,0,1,90,0,0,0,0

