APPTR,R06,06,JOPOL
IF,JOPOL,69.764211,-163.686331, ,0.0,0.0,0,0,0,0,0,0,1,0
TF,ZUVOG,69.656411,-163.561281,0, ,0.0,0.0,0.0,0.0,2,2400,0,0,0,0,1,0

APPTR,R06,06,NIBRE
IF,NIBRE,69.548522,-163.437494, ,0.0,0.0,0,0,0,0,0,0,1,0
TF,ZUVOG,69.656411,-163.561281,0, ,0.0,0.0,0.0,0.0,2,2400,0,0,0,0,1,0

APPTR,R06,06,ZUVOG
HF,ZUVOG,69.656411,-163.561281,2, ,0.0,0.0,60.0,04,2,2400,0,0,0,0,1,0,0

FINAL,R06,06,R,3
IF,ZUVOG,69.656411,-163.561281, ,0.0,0.0,2,2400,0,0,0,0,0,0
TF,CEKGO,69.699417,-163.250681,0, ,0.0,0.0,60.0,7.0,2,1700,0,0,0,0,2,0
TF,RW06,69.730639,-163.021858,0, ,0.0,0.0,60.0,5.1,1,64,0,0,0,0,3,1
CA,0,60.0,2,380,0,0,0,0,0,0
DF,WUMLU,69.805933,-162.457953,0, ,0.0,0.0,2,2400,0,0,0,0,0,1
HM,WUMLU,69.805933,-162.457953,2, ,0.0,0.0,241.0,04,0,0,0,0,0,0,0,0,0

APPTR,R24,24,MACZY
IF,MACZY,69.914525,-162.578208, ,0.0,0.0,0,0,0,0,0,0,1,0
TF,WUMLU,69.805933,-162.457953,0, ,0.0,0.0,0.0,0.0,2,2400,0,0,0,0,1,0

APPTR,R24,24,SEPOE
IF,SEPOE,69.697258,-162.338933, ,0.0,0.0,0,0,0,0,0,0,1,0
TF,WUMLU,69.805933,-162.457953,0, ,0.0,0.0,0.0,0.0,2,2400,0,0,0,0,1,0

APPTR,R24,24,WUMLU
HF,WUMLU,69.805933,-162.457953,2, ,0.0,0.0,241.0,04,2,2400,0,0,0,0,1,0,0

FINAL,R24,24,R,4
IF,WUMLU,69.805933,-162.457953, ,0.0,0.0,2,2400,0,0,0,0,0,0
TF,BOPYO,69.764319,-162.771778,0, ,0.0,0.0,241.0,7.0,2,1600,0,0,0,0,2,0
TF,IWSUX,69.749631,-162.881272,0, ,0.0,0.0,241.0,2.5,2,820,0,0,0,0,0,0
TF,RW24,69.735114,-162.988822,0, ,0.0,0.0,241.0,2.4,1,53,0,0,0,0,3,1
CA,0,241.0,2,400,0,0,0,0,0,0
DF,ZUVOG,69.656411,-163.561281,0, ,0.0,0.0,2,2400,0,0,0,0,0,1
HM,ZUVOG,69.656411,-163.561281,2, ,0.0,0.0,60.0,04,0,0,0,0,0,0,0,0,0

