SID,OMUR2W,18,1
CA,0,182.0,2,700,0,0,0,0,0,0
VI,2, ,0.0,277.0,0,0,0,0,0,0,0,0
CF,SUMOU,32.776967,129.661917,0,OLE,246.4,15.1,247.0,12.0,2,4000,0,0,0,0,0,1

SID,OMUR2W,36,1
CA,0,2.0,2,1500,0,0,0,0,0,0
VI,1, ,0.0,202.0,0,0,0,0,0,0,0,0
CF,SUMOU,32.776967,129.661917,0,OLE,246.4,15.1,247.0,9.0,2,4000,0,0,0,0,0,1

SID,OMUR2W,FUE,3
IF,SUMOU,32.776967,129.661917, ,0.0,0.0,2,4000,0,0,0,0,0,0
VI,0, ,0.0,308.0,3,12000,0,0,0,0,0,0
CF,FUE,32.668606,128.826736,0,FUE,0.0,0.0,263.0,39.0,0,0,0,0,0,0,0,0

SID,OMUR2W,OMURA,3
IF,SUMOU,32.776967,129.661917, ,0.0,0.0,2,4000,0,0,0,0,0,0
VI,2, ,0.0,54.0,3,12000,0,0,0,0,0,0
CF,D279M,32.912558,129.660761,0,OLE,279.0,13.0,99.0,5.0,2,9000,0,0,0,0,0,0
TF,OLE,32.905247,129.917981,0, ,0.0,0.0,0.0,0.0,0,0,0,0,0,0,0,0

SID,OMUR3N,18,1
CA,0,182.0,2,700,0,0,0,0,0,0
VI,2, ,0.0,16.0,0,0,0,0,0,0,0,0
CF,PEARL,33.249144,129.618856,0,OLE,330.9,25.5,331.0,22.0,0,0,0,0,0,0,0,0

SID,OMUR3N,36,1
CA,0,2.0,2,500,0,0,0,0,0,0
VI,0, ,0.0,286.0,0,0,0,0,0,0,0,0
CF,PEARL,33.249144,129.618856,0,OLE,330.9,25.5,331.0,21.0,0,0,0,0,0,0,0,0

SID,OMUR3N,DGC,3
IF,PEARL,33.249144,129.618856, ,0.0,0.0,2,8000,0,0,0,0,0,0
TF,DGC,33.676208,130.389628,0, ,0.0,0.0,0.0,0.0,0,0,0,0,0,0,0,0

SID,OMUR3N,IKE,3
IF,PEARL,33.249144,129.618856, ,0.0,0.0,2,6000,0,0,0,0,0,0
TF,IKE,33.747511,129.776853,0, ,0.0,0.0,0.0,0.0,0,0,0,0,0,0,0,0

SID,OMUR3R,18,1
CA,0,182.0,2,700,0,0,0,0,0,0
CF,D144F,32.831939,129.998919,0,OLE,144.0,6.0,144.0,5.0,0,0,0,0,0,0,0,1
DF,OLE,32.905247,129.917981,2, ,0.0,0.0,2,5000,0,0,0,0,0,0

SID,OMUR3R,36,1
CA,0,2.0,2,500,0,0,0,0,0,0
VI,0, ,0.0,286.0,0,0,0,0,0,0,0,0
CF,D331H,33.013292,129.824778,0,OLE,331.0,8.0,331.0,3.0,0,0,0,0,0,0,0,1
DF,OLE,32.905247,129.917981,1, ,0.0,0.0,2,5000,0,0,0,0,0,0

SID,OMUR3S,18,1
CA,0,182.0,2,700,0,0,0,0,0,0
CF,D144E,32.844161,129.985439,0,OLE,144.0,5.0,144.0,4.0,2,1500,0,0,0,0,0,0
TF,D144I,32.795267,130.039339,0, ,0.0,0.0,0.0,0.0,0,0,0,0,0,0,0,0
CF,KAZSA,32.586161,130.236325,0,OLE,146.8,25.0,147.0,16.0,0,0,0,0,0,0,0,0

SID,OMUR3S,36,1
CA,0,2.0,2,1500,0,0,0,0,0,0
DF,OLE,32.905247,129.917981,1, ,0.0,0.0,0,0,0,0,0,0,0,0
CF,D144I,32.795267,130.039339,0,OLE,144.0,9.0,144.0,9.0,0,0,0,0,0,0,0,0
CF,KAZSA,32.586161,130.236325,0,OLE,146.8,25.0,147.0,16.0,0,0,0,0,0,0,0,0

SID,OMUR3S,HKC,3
IF,KAZSA,32.586161,130.236325, ,0.0,0.0,0,0,0,0,0,0,0,0
TF,HKC,31.697222,130.582942,0, ,0.0,0.0,0.0,0.0,0,0,0,0,0,0,0,0

SID,OMUR3S,SASIK,3
IF,KAZSA,32.586161,130.236325, ,0.0,0.0,0,0,0,0,0,0,0,0
TF,SASIK,32.299806,130.521036,0, ,0.0,0.0,0.0,0.0,0,0,0,0,0,0,0,0

STAR,IVSAT,ALL,2
IF,JBT,32.925833,129.932222, ,0.0,0.0,0,0,0,0,0,0,0,0
TF,IVSAT,32.979367,129.671194,0, ,0.0,0.0,0.0,0.0,2,4000,0,0,0,0,0,0

APPTR,T18,18,IVSAT
IF,IVSAT,32.979367,129.671194, ,0.0,0.0,2,4000,0,0,0,0,1,0
AF,RUVKA,33.152014,129.916528,2,JBT,3.7,13.6,291.0,2,3700,0,0,0,0,0,0

FINAL,T18,18,D,6
IF,RUVKA,33.152014,129.916528,JBT,3.7,13.6,2,3700,0,0,0,0,0,0
CF,98TAC,33.089206,129.920892,0,JBT,3.7,9.8,184.0,3.8,2,3200,0,0,0,0,0,0
CF,79TAC,33.057531,129.923092,0,JBT,3.7,7.9,184.0,1.9,2,2600,0,0,0,0,0,0
CF,BURKO,33.018886,129.925808,0,JBT,3.7,5.6,184.0,2.3,2,1969,0,0,0,0,2,0
CF,25TAC,32.967511,129.929350,0,JBT,3.7,2.5,184.0,3.1,2,824,0,0,0,0,0,0
CF,RW18,32.933464,129.933703,0,JBT,16.3,0.5,184.0,2.1,1,69,0,0,0,0,3,0
CF,JBT,32.925833,129.932222,0,JBT,0.0,0.0,184.0,0.5,0,0,0,0,0,0,0,0
FA,JBT,32.925833,129.932222,0,JBT,0.0,0.0,184.0,2,500,0,0,0,0,0,0
VI,2, ,0.0,336.0,0,0,0,0,0,0,0,0
CF,IVSAT,32.979367,129.671194,0,JBT,290.7,13.6,291.0,9.0,1,4000,0,0,0,0,0,0
HM,IVSAT,32.979367,129.671194,2, ,0.0,0.0,111.0,05.4,2,4000,0,1,230,0,0,0,0

APPTR,V18-D,18,OLE
IF,OLE,32.905247,129.917981, ,0.0,0.0,2,4000,0,0,0,0,0,0
FD,OLE,32.905247,129.917981,0,OLE,0.0,11.0,148.0,11.0,0,0,0,1,200,0,0,0
CF,CF312,32.801800,130.097825,1,OLE,131.2,11.0,312.0,1.0,2,2600,0,0,0,0,0,0

FINAL,V18-D,18,D,4
IF,CF312,32.801800,130.097825,OLE,131.2,11.0,2,2600,0,0,0,0,0,0
CF,INASA,32.848839,130.016158,0,OLE,131.2,6.0,312.0,5.0,2,1600,0,0,0,0,2,0
CF,34VOR,32.873300,129.973614,0,OLE,131.2,3.4,312.0,2.6,2,1170,0,0,0,0,0,0
CF,MA312,32.895853,129.934347,0,OLE,131.2,1.0,312.0,2.4,1,900,0,0,0,0,3,0
FD,MA312,32.895853,129.934347,0,OLE,131.2,6.0,312.0,6.0,0,0,0,0,0,0,0,0
DF,OLE,32.905247,129.917981,2, ,0.0,0.0,1,4000,0,0,0,0,0,0
HM,OLE,32.905247,129.917981,2, ,0.0,0.0,157.0,04.3,2,4000,0,1,230,0,0,0,0

APPTR,V18-E,18,OLE
IF,OLE,32.905247,129.917981, ,0.0,0.0,2,4000,0,0,0,0,0,0
FD,OLE,32.905247,129.917981,0,OLE,0.0,11.0,317.0,11.0,0,0,0,1,200,0,0,0
CF,CF153,33.056778,129.794783,2,OLE,332.6,11.0,153.0,1.0,2,2100,0,0,0,0,0,0

FINAL,V18-E,18,D,3
IF,CF153,33.056778,129.794783,OLE,332.6,11.0,2,2100,0,0,0,0,0,0
CF,HARIO,33.005308,129.836689,0,OLE,332.6,7.3,153.0,3.7,2,1500,0,0,0,0,2,0
CF,MA153,32.936939,129.892256,0,OLE,332.6,2.3,153.0,5.0,1,900,0,0,0,0,3,0
FD,MA153,32.936939,129.892256,0,OLE,332.6,6.0,153.0,6.0,0,0,0,0,0,0,0,0
DF,OLE,32.905247,129.917981,1, ,0.0,0.0,1,4000,0,0,0,0,0,0
HM,OLE,32.905247,129.917981,1, ,0.0,0.0,341.0,04.3,2,4000,0,1,230,0,0,0,0

APPTR,V36-D,36,OLE
IF,OLE,32.905247,129.917981, ,0.0,0.0,2,4000,0,0,0,0,0,0
FD,OLE,32.905247,129.917981,0,OLE,0.0,11.0,148.0,11.0,0,0,0,1,200,0,0,0
CF,CF312,32.801800,130.097825,1,OLE,131.2,11.0,312.0,1.0,2,2600,0,0,0,0,0,0

FINAL,V36-D,36,D,4
IF,CF312,32.801800,130.097825,OLE,131.2,11.0,2,2600,0,0,0,0,0,0
CF,INASA,32.848839,130.016158,0,OLE,131.2,6.0,312.0,5.0,2,1600,0,0,0,0,2,0
CF,34VOR,32.873300,129.973614,0,OLE,131.2,3.4,312.0,2.6,2,1170,0,0,0,0,0,0
CF,MA312,32.895853,129.934347,0,OLE,131.2,1.0,312.0,2.4,1,900,0,0,0,0,3,0
FD,MA312,32.895853,129.934347,0,OLE,131.2,6.0,312.0,6.0,0,0,0,0,0,0,0,0
DF,OLE,32.905247,129.917981,2, ,0.0,0.0,1,4000,0,0,0,0,0,0
HM,OLE,32.905247,129.917981,2, ,0.0,0.0,157.0,04.3,2,4000,0,1,230,0,0,0,0

APPTR,V36-E,36,OLE
IF,OLE,32.905247,129.917981, ,0.0,0.0,2,4000,0,0,0,0,0,0
FD,OLE,32.905247,129.917981,0,OLE,0.0,11.0,317.0,11.0,0,0,0,1,200,0,0,0
CF,CF153,33.056778,129.794783,2,OLE,332.6,11.0,153.0,1.0,2,2100,0,0,0,0,0,0

FINAL,V36-E,36,D,3
IF,CF153,33.056778,129.794783,OLE,332.6,11.0,2,2100,0,0,0,0,0,0
CF,HARIO,33.005308,129.836689,0,OLE,332.6,7.3,153.0,3.7,2,1500,0,0,0,0,2,0
CF,MA153,32.936939,129.892256,0,OLE,332.6,2.3,153.0,5.0,1,900,0,0,0,0,3,0
FD,MA153,32.936939,129.892256,0,OLE,332.6,6.0,153.0,6.0,0,0,0,0,0,0,0,0
DF,OLE,32.905247,129.917981,1, ,0.0,0.0,1,4000,0,0,0,0,0,0
HM,OLE,32.905247,129.917981,1, ,0.0,0.0,341.0,04.3,2,4000,0,1,230,0,0,0,0

