SID,MIHAR1,03,4
VA,0,28.0,2,700,0,0,0,0,0,0
DF,HATSU,34.976544,139.498081,0, ,0.0,0.0,0,0,0,0,0,0,0,0

SID,MIHAR1,21,4
VA,0,208.0,2,1000,0,0,0,0,0,0
DF,TO100,34.864361,139.378111,2, ,0.0,0.0,0,0,0,0,0,0,0,0
TF,HATSU,34.976544,139.498081,0, ,0.0,0.0,0.0,0.0,0,0,0,0,0,0,0,0

SID,OSHI4R,03,1
CA,0,28.0,2,1100,0,0,0,0,0,0
DF,OSE,34.787742,139.364850,1, ,0.0,0.0,2,4000,0,0,0,0,0,0

SID,OSHI4R,21,1
CA,0,208.0,2,1400,0,0,0,0,0,0
DF,OSE,34.787742,139.364850,2, ,0.0,0.0,2,4000,0,0,0,0,0,0

APPTR,L03-Y,03,OSE
IF,OSE,34.787742,139.364850, ,0.0,0.0,2,4000,0,0,0,0,0,0
FD,OSE,34.787742,139.364850,0,OSE,0.0,4.2,230.0,4.2,2,2900,0,0,0,0,0,0
CD, ,0,0,0,OSE,0,0.0,230.0,5.2,2,2600,0,0,0,0,0,0
CD, ,0,0,0,OSE,0,0.0,230.0,6.2,2,1600,0,0,0,0,0,0
CD, ,0,0,0,OSE,0,0.0,230.0,8.1,0,0,0,0,0,0,0,0
CF,CF03,34.661253,139.306664,1,IOS,207.2,8.3,27.0,1.0,2,1600,0,1,200,0,0,0

FINAL,L03-Y,03,D,3
IF,CF03,34.661253,139.306664,IOS,207.2,8.3,2,1600,0,0,0,0,0,0
CF,OPETA,34.709064,139.327869,0,IOS,207.2,5.3,27.0,3.1,2,1515,0,0,0,0,2,0
CF,ML03,34.755303,139.348400,0,IOS,207.2,2.3,27.0,3.0,1,577,0,0,0,0,3,0
VA,0,27.0,2,1700,0,0,0,0,0,0
DF,OSE,34.787742,139.364850,1, ,0.0,0.0,1,4000,0,0,0,0,0,0
HM,OSE,34.787742,139.364850,2, ,0.0,0.0,245.0,04.3,2,4000,0,1,210,0,0,0,0

APPTR,L03-Z,03,OSE
IF,OSE,34.787742,139.364850, ,0.0,0.0,2,4000,0,0,0,0,1,0
TF,TO350,34.715861,139.200528,0, ,0.0,0.0,0.0,0.0,2,1900,0,1,160,0,0,0
TF,TO351,34.667583,139.184361,0, ,0.0,0.0,0.0,0.0,0,0,0,0,0,0,0,0
TF,TO352,34.654222,139.242778,0, ,0.0,0.0,0.0,0.0,0,0,0,0,0,0,0,0
TF,GOMIM,34.653861,139.303389,0,IOS,0.0,0.0,0.0,0.0,2,1500,0,0,0,0,1,0

APPTR,L03-Z,03,SUNOD
IF,SUNOD,34.895797,139.472342, ,0.0,0.0,2,5000,0,0,0,0,1,0
TF,TO350,34.715861,139.200528,0, ,0.0,0.0,0.0,0.0,2,1900,0,1,160,0,0,0
TF,TO351,34.667583,139.184361,0, ,0.0,0.0,0.0,0.0,0,0,0,0,0,0,0,0
TF,TO352,34.654222,139.242778,0, ,0.0,0.0,0.0,0.0,0,0,0,0,0,0,0,0
TF,GOMIM,34.653861,139.303389,0,IOS,0.0,0.0,0.0,0.0,2,1500,0,0,0,0,1,0

FINAL,L03-Z,03,D,3
IF,GOMIM,34.653861,139.303389,IOS,207.2,8.8,2,1500,0,0,0,0,0,0
CF,NONIV,34.711033,139.328744,0,IOS,207.2,5.1,27.0,3.7,2,1475,0,0,0,0,2,0
CF,MA03,34.758439,139.349794,0,IOS,207.2,2.1,27.0,3.0,1,514,0,0,0,0,3,1
DF,TO353,34.869917,139.399389,0, ,0.0,0.0,0,0,0,0,0,0,0,0
TF,TO354,34.900250,139.298944,0, ,0.0,0.0,0.0,0.0,0,0,0,0,0,0,0,0
TF,TO355,34.818611,139.262694,0, ,0.0,0.0,0.0,0.0,0,0,0,0,0,0,0,0
TF,OSE,34.787742,139.364850,0, ,0.0,0.0,0.0,0.0,1,4000,0,0,0,0,0,0
HM,OSE,34.787742,139.364850,1, ,0.0,0.0,294.0,04.3,2,4000,0,1,210,0,0,0,0

APPTR,R21,21,OSE
IF,OSE,34.787742,139.364850, ,0.0,0.0,2,4000,0,1,190,0,1,0
TF,TO150,34.868203,139.293817,0, ,0.0,0.0,0.0,0.0,2,2200,0,0,0,0,0,0
TF,TO151,34.907983,139.351597,0, ,0.0,0.0,0.0,0.0,0,0,0,0,0,0,0,0
TF,MUGEL,34.890728,139.408672,0, ,0.0,0.0,0.0,0.0,2,1200,0,1,160,0,1,0

APPTR,R21,21,SUNOD
IF,SUNOD,34.895797,139.472342, ,0.0,0.0,2,5000,0,0,0,0,1,0
TF,OSE,34.787742,139.364850,0, ,0.0,0.0,0.0,0.0,2,4000,0,1,190,0,0,0
TF,TO150,34.868203,139.293817,2, ,0.0,0.0,0.0,0.0,2,2200,0,0,0,0,0,0
TF,TO151,34.907983,139.351597,0, ,0.0,0.0,0.0,0.0,0,0,0,0,0,0,0,0
TF,MUGEL,34.890728,139.408672,0, ,0.0,0.0,0.0,0.0,2,1200,0,1,160,0,1,0

FINAL,R21,21,R,3
IF,MUGEL,34.890728,139.408672, ,0.0,0.0,2,1200,0,1,160,0,0,0
TF,TO152,34.840575,139.386331,0, ,0.0,0.0,208.0,3.2,2,1200,0,0,0,0,2,0
TF,RW21,34.789678,139.363681,0, ,0.0,0.0,208.0,3.3,1,167,0,0,0,0,3,1
DF,TO153,34.705031,139.315569,0, ,0.0,0.0,0,0,0,0,0,0,0,1
DF,OSE,34.787742,139.364850,2, ,0.0,0.0,1,4000,0,1,190,0,0,0
HM,OSE,34.787742,139.364850,1, ,0.0,0.0,294.0,04.3,2,4000,0,1,210,0,0,0,0

APPTR,V03-A,03,OSE
IF,OSE,34.787742,139.364850, ,0.0,0.0,2,4000,0,0,0,0,0,0
FD,OSE,34.787742,139.364850,0,OSE,0.0,4.2,246.0,4.2,2,2500,0,0,0,0,0,0
CD, ,0,0,0,OSE,0,0.0,246.0,5.2,2,2100,0,0,0,0,0,0
CD, ,0,0,0,OSE,0,0.0,246.0,8.0,0,0,0,1,200,0,0,0
CF,CF044,34.680231,139.268861,1,OSE,223.4,8.0,44.0,1.0,2,1200,0,0,0,0,0,0

FINAL,V03-A,03,D,3
IF,CF044,34.680231,139.268861,OSE,223.4,8.0,2,1200,0,0,0,0,0,0
CF,HOLNI,34.721944,139.306067,0,OSE,223.4,4.9,44.0,3.1,2,800,0,0,0,0,2,0
CF,MA044,34.762214,139.342031,0,OSE,223.4,1.9,44.0,3.0,1,720,0,0,0,0,3,0
CD, ,0,0,0,OSE,0,0.0,44.0,4.8,0,0,0,0,0,0,0,0
DF,OSE,34.787742,139.364850,1, ,0.0,0.0,2,4000,0,0,0,0,0,0
HM,OSE,34.787742,139.364850,2, ,0.0,0.0,245.0,04.3,2,4000,0,1,210,0,0,0,0

APPTR,V03-B,03,OSE
IF,OSE,34.787742,139.364850, ,0.0,0.0,2,4000,0,0,0,0,0,0
FD,OSE,34.787742,139.364850,0,OSE,0.0,3.5,33.0,3.5,2,1900,0,0,0,0,0,0
CD, ,0,0,0,OSE,0,0.0,33.0,8.0,0,0,0,0,0,0,0,0
CF,CF201,34.917442,139.403481,1,OSE,20.8,8.0,201.0,1.0,2,1200,0,0,0,0,0,0

FINAL,V03-B,03,D,3
IF,CF201,34.917442,139.403481,OSE,20.8,8.0,2,1200,0,0,0,0,0,0
CF,SCOLI,34.868817,139.388983,0,OSE,20.8,5.0,201.0,3.0,2,800,0,0,0,0,2,0
CF,MA201,34.802333,139.369189,0,OSE,20.8,0.9,201.0,4.1,1,720,0,0,0,0,3,0
TF,OSE,34.787742,139.364850,0, ,0.0,0.0,0.0,0.0,0,0,0,0,0,0,0,1
FD,OSE,34.787742,139.364850,0,OSE,0.0,6.0,271.0,6.0,0,0,0,0,0,0,0,0
DF,OSE,34.787742,139.364850,2, ,0.0,0.0,2,4000,0,0,0,0,0,0
HM,OSE,34.787742,139.364850,1, ,0.0,0.0,62.0,04.3,2,4000,0,1,170,0,0,0,0

APPTR,V21-A,21,OSE
IF,OSE,34.787742,139.364850, ,0.0,0.0,2,4000,0,0,0,0,0,0
FD,OSE,34.787742,139.364850,0,OSE,0.0,4.2,246.0,4.2,2,2500,0,0,0,0,0,0
CD, ,0,0,0,OSE,0,0.0,246.0,5.2,2,2100,0,0,0,0,0,0
CD, ,0,0,0,OSE,0,0.0,246.0,8.0,0,0,0,1,200,0,0,0
CF,CF044,34.680231,139.268861,1,OSE,223.4,8.0,44.0,1.0,2,1200,0,0,0,0,0,0

FINAL,V21-A,21,D,3
IF,CF044,34.680231,139.268861,OSE,223.4,8.0,2,1200,0,0,0,0,0,0
CF,HOLNI,34.721944,139.306067,0,OSE,223.4,4.9,44.0,3.1,2,800,0,0,0,0,2,0
CF,MA044,34.762214,139.342031,0,OSE,223.4,1.9,44.0,3.0,1,720,0,0,0,0,3,0
CD, ,0,0,0,OSE,0,0.0,44.0,4.8,0,0,0,0,0,0,0,0
DF,OSE,34.787742,139.364850,1, ,0.0,0.0,2,4000,0,0,0,0,0,0
HM,OSE,34.787742,139.364850,2, ,0.0,0.0,245.0,04.3,2,4000,0,1,210,0,0,0,0

APPTR,V21-B,21,OSE
IF,OSE,34.787742,139.364850, ,0.0,0.0,2,4000,0,0,0,0,0,0
FD,OSE,34.787742,139.364850,0,OSE,0.0,3.5,33.0,3.5,2,1900,0,0,0,0,0,0
CD, ,0,0,0,OSE,0,0.0,33.0,8.0,0,0,0,0,0,0,0,0
CF,CF201,34.917442,139.403481,1,OSE,20.8,8.0,201.0,1.0,2,1200,0,0,0,0,0,0

FINAL,V21-B,21,D,3
IF,CF201,34.917442,139.403481,OSE,20.8,8.0,2,1200,0,0,0,0,0,0
CF,SCOLI,34.868817,139.388983,0,OSE,20.8,5.0,201.0,3.0,2,800,0,0,0,0,2,0
CF,MA201,34.802333,139.369189,0,OSE,20.8,0.9,201.0,4.1,1,720,0,0,0,0,3,0
TF,OSE,34.787742,139.364850,0, ,0.0,0.0,0.0,0.0,0,0,0,0,0,0,0,1
FD,OSE,34.787742,139.364850,0,OSE,0.0,6.0,271.0,6.0,0,0,0,0,0,0,0,0
DF,OSE,34.787742,139.364850,2, ,0.0,0.0,2,4000,0,0,0,0,0,0
HM,OSE,34.787742,139.364850,1, ,0.0,0.0,62.0,04.3,2,4000,0,1,170,0,0,0,0

