SID,MIYA1R,02,1
CA,0,24.0,2,570,0,0,0,0,0,0
FD,MOE,34.071042,139.561289,0,MOE,0.0,12.0,45.0,12.0,2,2800,0,0,0,0,0,0
DF,MOE,34.071042,139.561289,2, ,0.0,0.0,2,5000,0,0,0,0,0,0

SID,MIYA1R,20,1
CA,0,204.0,2,570,0,0,0,0,0,0
VI,0, ,0.0,120.0,0,0,0,0,0,0,0,0
FD,MOE,34.071042,139.561289,0,MOE,0.0,12.0,150.0,12.0,2,2800,0,0,0,0,0,0
DF,MOE,34.071042,139.561289,1, ,0.0,0.0,2,5000,0,0,0,0,0,0

SID,SCOTT2,02,4
VA,0,24.0,2,500,0,0,0,0,0,0
DF,SCOTT,34.389006,139.682297,0, ,0.0,0.0,0,0,0,0,0,0,0,0

SID,SCOTT2,20,4
VA,0,204.0,2,500,0,0,0,0,0,0
DF,TQ001,34.076694,139.620417,1, ,0.0,0.0,0,0,0,0,0,0,0,0
TF,SCOTT,34.389006,139.682297,0, ,0.0,0.0,0.0,0.0,0,0,0,0,0,0,0,0

APPTR,D02-A,02,RASYA
IF,RASYA,33.902114,139.835658, ,0.0,0.0,2,4000,0,0,0,0,0,0
CI,0, ,0.0,315.0,0,0,0,0,0,0,0,0
AF,D025O,34.314619,139.653156,1,TIE,25.0,15.0,135.0,0,0,0,0,0,0,0,0
CF,ASTAB,34.235092,139.622047,0,TIE,25.0,10.0,205.0,5.0,2,2500,0,0,0,0,0,0

APPTR,D02-A,02,SCOTT
IF,SCOTT,34.389006,139.682297, ,0.0,0.0,2,5000,0,0,0,0,0,0
TF,ASTAB,34.235092,139.622047,0, ,0.0,0.0,0.0,0.0,2,2500,0,0,0,0,0,0

FINAL,D02-A,02,D,2
IF,ASTAB,34.235092,139.622047,TIE,25.0,10.0,2,2500,0,0,0,0,2,0
CF,MA205,34.139933,139.584903,0,TIE,25.0,4.0,205.0,6.0,1,760,0,0,0,0,3,0
CI,0, ,0.0,165.0,0,0,0,0,0,0,0,0
CF,RASYA,33.902114,139.835658,0,TIE,134.1,17.3,135.0,15.0,1,4000,0,0,0,0,0,0
HM,RASYA,33.902114,139.835658,2, ,0.0,0.0,315.0,03.8,2,4000,0,1,170,0,0,0,0

APPTR,D02-B,02,TIE
IF,TIE,34.076242,139.560094, ,0.0,0.0,0,0,0,0,0,0,0,0
TF,D218D,34.018986,139.518783,0, ,0.0,0.0,0.0,0.0,2,4000,0,0,0,0,0,0
FD,D218D,34.018986,139.518783,0,TIE,218.0,11.0,218.0,11.0,0,0,0,0,0,0,0,0
CF,FF023,33.951044,139.517017,1,TIE,203.0,7.8,23.0,3.0,2,3000,0,0,0,0,0,0

FINAL,D02-B,02,D,2
IF,FF023,33.951044,139.517017,TIE,203.0,7.8,2,3000,0,0,0,0,2,0
CF,MA023,34.015411,139.539147,0,TIE,203.0,3.8,23.0,4.0,1,760,0,0,0,0,3,0
CI,0, ,0.0,105.0,0,0,0,0,0,0,0,0
CF,RASYA,33.902114,139.835658,0,TIE,134.1,17.3,135.0,10.0,1,4000,0,0,0,0,0,0
HM,RASYA,33.902114,139.835658,2, ,0.0,0.0,315.0,03.8,2,4000,0,1,170,0,0,0,0

APPTR,D20-A,20,RASYA
IF,RASYA,33.902114,139.835658, ,0.0,0.0,2,4000,0,0,0,0,0,0
CI,0, ,0.0,315.0,0,0,0,0,0,0,0,0
AF,D025O,34.314619,139.653156,1,TIE,25.0,15.0,135.0,0,0,0,0,0,0,0,0
CF,ASTAB,34.235092,139.622047,0,TIE,25.0,10.0,205.0,5.0,2,2500,0,0,0,0,0,0

APPTR,D20-A,20,SCOTT
IF,SCOTT,34.389006,139.682297, ,0.0,0.0,2,5000,0,0,0,0,0,0
TF,ASTAB,34.235092,139.622047,0, ,0.0,0.0,0.0,0.0,2,2500,0,0,0,0,0,0

FINAL,D20-A,20,D,2
IF,ASTAB,34.235092,139.622047,TIE,25.0,10.0,2,2500,0,0,0,0,2,0
CF,MA205,34.139933,139.584903,0,TIE,25.0,4.0,205.0,6.0,1,760,0,0,0,0,3,0
CI,0, ,0.0,165.0,0,0,0,0,0,0,0,0
CF,RASYA,33.902114,139.835658,0,TIE,134.1,17.3,135.0,15.0,1,4000,0,0,0,0,0,0
HM,RASYA,33.902114,139.835658,2, ,0.0,0.0,315.0,03.8,2,4000,0,1,170,0,0,0,0

APPTR,D20-B,20,TIE
IF,TIE,34.076242,139.560094, ,0.0,0.0,0,0,0,0,0,0,0,0
TF,D218D,34.018986,139.518783,0, ,0.0,0.0,0.0,0.0,2,4000,0,0,0,0,0,0
FD,D218D,34.018986,139.518783,0,TIE,218.0,11.0,218.0,11.0,0,0,0,0,0,0,0,0
CF,FF023,33.951044,139.517017,1,TIE,203.0,7.8,23.0,3.0,2,3000,0,0,0,0,0,0

FINAL,D20-B,20,D,2
IF,FF023,33.951044,139.517017,TIE,203.0,7.8,2,3000,0,0,0,0,2,0
CF,MA023,34.015411,139.539147,0,TIE,203.0,3.8,23.0,4.0,1,760,0,0,0,0,3,0
CI,0, ,0.0,105.0,0,0,0,0,0,0,0,0
CF,RASYA,33.902114,139.835658,0,TIE,134.1,17.3,135.0,10.0,1,4000,0,0,0,0,0,0
HM,RASYA,33.902114,139.835658,2, ,0.0,0.0,315.0,03.8,2,4000,0,1,170,0,0,0,0

APPTR,R02,02,SCOTT
IF,SCOTT,34.389006,139.682297, ,0.0,0.0,2,5000,0,0,0,0,1,0
TF,TQ250,34.123825,139.706733,0, ,0.0,0.0,0.0,0.0,0,0,0,0,0,0,0,0
TF,TQ251,33.871842,139.614606,0, ,0.0,0.0,0.0,0.0,0,0,0,0,0,0,0,0
TF,TQ252,33.886403,139.557131,0, ,0.0,0.0,0.0,0.0,2,3900,0,0,0,0,0,0
TF,TQ253,33.901419,139.497722,0, ,0.0,0.0,0.0,0.0,0,0,0,0,0,0,1,0

FINAL,R02,02,R,3
IF,TQ253,33.901419,139.497722, ,0.0,0.0,0,0,0,0,0,0,0,0
TF,TQ254,33.957358,139.518050,0, ,0.0,0.0,24.0,3.5,2,2300,0,0,0,0,2,0
TF,RW02,34.066933,139.557947,0, ,0.0,0.0,24.0,6.9,1,117,0,0,0,0,3,1
DF,TQ255,34.114872,139.575433,0, ,0.0,0.0,0,0,0,0,0,0,0,0
TF,SCOTT,34.389006,139.682297,0, ,0.0,0.0,0.0,0.0,1,5000,0,0,0,0,0,0
HM,SCOTT,34.389006,139.682297,2, ,0.0,0.0,207.0,04.3,2,5000,0,1,170,0,0,0,0

APPTR,R20,20,SCOTT
IF,SCOTT,34.389006,139.682297, ,0.0,0.0,2,5000,0,0,0,0,1,0
TF,TQ050,34.302144,139.643950,0, ,0.0,0.0,0.0,0.0,0,0,0,0,0,0,1,0

FINAL,R20,20,R,3
IF,TQ050,34.302144,139.643950, ,0.0,0.0,0,0,0,0,0,0,0,0
TF,TQ051,34.222261,139.614686,0, ,0.0,0.0,204.0,5.0,2,3000,0,0,0,0,2,0
TF,RW20,34.077286,139.561722,0, ,0.0,0.0,204.0,9.1,1,111,0,0,0,0,3,1
DF,TQ052,34.029347,139.544247,0, ,0.0,0.0,0,0,0,0,0,0,0,1
DF,TQ053,34.060108,139.607314,1, ,0.0,0.0,0,0,0,0,0,0,0,0
TF,SCOTT,34.389006,139.682297,0, ,0.0,0.0,0.0,0.0,1,5000,0,0,0,0,0,0
HM,SCOTT,34.389006,139.682297,2, ,0.0,0.0,207.0,04.3,2,5000,0,1,170,0,0,0,0

