SID,LATI1A,35,2
CA,0,354.0,2,1010,0,0,0,0,0,0
DF,GSA,6.075667,125.092194,2, ,0.0,0.0,0,0,0,0,0,0,0,0
TF,D349J,6.239692,125.058428,0, ,0.0,0.0,0.0,0.0,2,9000,0,0,0,0,0,0
TF,PAKAN,6.485611,125.007667,0, ,0.0,0.0,0.0,0.0,2,13000,0,0,0,0,0,0
TF,LATIA,6.904750,124.921250,0, ,0.0,0.0,0.0,0.0,0,0,0,0,0,0,0,0

SID,LATI1B,17,2
CA,0,174.0,2,1010,0,0,0,0,0,0
VI,1, ,0.0,319.0,0,0,0,0,0,0,0,0
CF,D349J,6.239692,125.058428,0,GSA,349.4,10.0,349.0,5.0,2,9000,0,0,0,0,0,0
TF,PAKAN,6.485611,125.007667,0, ,0.0,0.0,0.0,0.0,2,13000,0,0,0,0,0,0
TF,LATIA,6.904750,124.921250,0, ,0.0,0.0,0.0,0.0,0,0,0,0,0,0,0,0

SID,LATI4P,35,5
CA,0,354.0,2,1100,0,0,0,0,0,0
CF,TENIN,6.231667,125.239528,0,GSA,44.4,12.8,54.0,11.0,0,0,0,1,250,0,0,0
TF,KABAY,6.445333,125.288611,0, ,0.0,0.0,0.0,0.0,0,0,0,0,0,0,0,0
TF,YESHA,6.643250,125.130472,0, ,0.0,0.0,0.0,0.0,0,0,0,0,0,0,0,0
TF,LATIA,6.904750,124.921250,0, ,0.0,0.0,0.0,0.0,2,13000,0,0,0,0,0,0

SID,LATI4R,17,5
CF,TELMA,5.977139,125.106083,0,GSA,173.0,5.9,174.0,4.0,0,0,0,1,230,0,0,1
DF,AGRID,6.160167,125.180889,1, ,0.0,0.0,0,0,0,0,0,0,0,0
TF,KABAY,6.445333,125.288611,0, ,0.0,0.0,0.0,0.0,0,0,0,0,0,0,0,0
TF,YESHA,6.643250,125.130472,0, ,0.0,0.0,0.0,0.0,0,0,0,0,0,0,0,0
TF,LATIA,6.904750,124.921250,0, ,0.0,0.0,0.0,0.0,2,13000,0,0,0,0,0,0

SID,MEGO1A,35,2
CA,0,354.0,2,1010,0,0,0,0,0,0
CF,D029J,6.223539,125.170736,0,GSA,29.0,10.0,29.0,10.0,2,6000,0,0,0,0,0,0
TF,KABAY,6.445333,125.288611,0, ,0.0,0.0,0.0,0.0,0,0,0,0,0,0,0,0
TF,MEGOM,6.715417,125.432306,0, ,0.0,0.0,0.0,0.0,0,0,0,0,0,0,0,0

SID,MEGO1B,17,2
CA,0,174.0,2,1010,0,0,0,0,0,0
VI,1, ,0.0,359.0,0,0,0,0,0,0,0,0
CF,D029J,6.223539,125.170736,0,GSA,29.0,10.0,29.0,2.0,2,6000,0,0,0,0,0,0
TF,KABAY,6.445333,125.288611,0, ,0.0,0.0,0.0,0.0,0,0,0,0,0,0,0,0
TF,MEGOM,6.715417,125.432306,0, ,0.0,0.0,0.0,0.0,0,0,0,0,0,0,0,0

SID,MELB1A,35,2
CA,0,354.0,2,1010,0,0,0,0,0,0
CF,D322J,6.205939,124.987047,2,GSA,322.1,10.0,322.0,11.0,2,7000,0,0,0,0,0,0
TF,BALKA,6.401278,124.829278,0, ,0.0,0.0,0.0,0.0,2,10000,0,0,0,0,0,0
TF,MELBY,6.668750,124.612944,0, ,0.0,0.0,0.0,0.0,0,0,0,0,0,0,0,0

SID,MELB1B,17,2
CA,0,174.0,2,1010,0,0,0,0,0,0
VI,1, ,0.0,292.0,0,0,0,0,0,0,0,0
CF,D322J,6.205939,124.987047,0,GSA,322.1,10.0,322.0,10.0,2,7000,0,0,0,0,0,0
TF,BALKA,6.401278,124.829278,0, ,0.0,0.0,0.0,0.0,2,10000,0,0,0,0,0,0
TF,MELBY,6.668750,124.612944,0, ,0.0,0.0,0.0,0.0,0,0,0,0,0,0,0,0

SID,SEBU1A,35,2
CA,0,354.0,2,1010,0,0,0,0,0,0
VI,2, ,0.0,317.0,0,0,0,0,0,0,0,0
CF,D287J,6.121147,124.931172,0,GSA,286.8,10.0,287.0,9.0,2,8000,0,0,0,0,0,0
TF,KAMBE,6.189417,124.689611,0, ,0.0,0.0,0.0,0.0,2,10000,0,0,0,0,0,0
TF,SEBUL,6.229333,124.547861,0, ,0.0,0.0,0.0,0.0,0,0,0,0,0,0,0,0

SID,SEBU1B,17,2
CA,0,174.0,2,1010,0,0,0,0,0,0
VI,1, ,0.0,257.0,0,0,0,0,0,0,0,0
CF,D287J,6.121147,124.931172,0,GSA,286.8,10.0,287.0,9.0,2,8000,0,0,0,0,0,0
TF,KAMBE,6.189417,124.689611,0, ,0.0,0.0,0.0,0.0,2,10000,0,0,0,0,0,0
TF,SEBUL,6.229333,124.547861,0, ,0.0,0.0,0.0,0.0,0,0,0,0,0,0,0,0

SID,SEBU4R,17,5
CF,ATLAV,5.918972,125.113194,0,GSA,173.4,9.4,174.0,7.5,0,0,0,1,250,0,0,1
DF,ESCAR,5.802722,124.926556,0, ,0.0,0.0,0,0,0,0,0,0,0,0
TF,REDBE,5.911528,124.732306,0, ,0.0,0.0,0.0,0.0,0,0,0,0,0,0,0,0
TF,SEBUL,6.229333,124.547861,0, ,0.0,0.0,0.0,0.0,2,10000,0,0,0,0,0,0

SID,VINE1A,35,2
CA,0,354.0,2,1010,0,0,0,0,0,0
VI,2, ,0.0,204.0,0,0,0,0,0,0,0,0
CF,ANIMU,5.747333,125.133083,0,GSA,173.9,19.8,174.0,14.0,2,10000,0,0,0,0,0,0
TF,BURIA,5.660222,125.143917,0, ,0.0,0.0,0.0,0.0,0,0,0,0,0,0,0,0
TF,VINEV,5.498500,125.163000,0, ,0.0,0.0,0.0,0.0,0,0,0,0,0,0,0,0

SID,VINE1B,17,2
CA,0,174.0,2,1010,0,0,0,0,0,0
CF,ANIMU,5.747333,125.133083,0,GSA,173.9,19.8,174.0,18.0,2,10000,0,0,0,0,0,0
TF,BURIA,5.660222,125.143917,0, ,0.0,0.0,0.0,0.0,0,0,0,0,0,0,0,0
TF,VINEV,5.498500,125.163000,0, ,0.0,0.0,0.0,0.0,0,0,0,0,0,0,0,0

SID,VINE4P,35,5
CA,0,354.0,2,1100,0,0,0,0,0,0
DF,RELOX,5.899528,125.263000,2, ,0.0,0.0,0,0,0,1,250,0,0,0
TF,VINEV,5.498500,125.163000,0, ,0.0,0.0,0.0,0.0,2,10000,0,0,0,0,0,0

SID,VINE4R,17,5
CF,TELMA,5.977139,125.106083,0,GSA,173.0,5.9,174.0,4.0,0,0,0,0,0,0,0,1
DF,IGASI,5.789250,125.128694,0, ,0.0,0.0,0,0,0,0,0,0,0,0
TF,VINEV,5.498500,125.163000,0, ,0.0,0.0,0.0,0.0,2,10000,0,0,0,0,0,0

SID,VINE4S,35,5
CA,0,354.0,2,1100,0,0,0,0,0,0
DF,NARYA,6.048833,125.273111,2, ,0.0,0.0,0,0,0,1,250,0,0,0
TF,JIEZL,5.830278,125.300139,0, ,0.0,0.0,0.0,0.0,0,0,0,0,0,0,0,0
TF,VINEV,5.498500,125.163000,0, ,0.0,0.0,0.0,0.0,2,10000,0,0,0,0,0,0

STAR,LATIA1,ALL,2
IF,LATIA,6.904750,124.921250, ,0.0,0.0,0,0,0,0,0,0,0,0
TF,PAKAN,6.485611,125.007667,0, ,0.0,0.0,0.0,0.0,2,13000,0,0,0,0,0,0
TF,D349O,6.321703,125.041539,0, ,0.0,0.0,0.0,0.0,2,9000,0,0,0,0,0,0
TF,GSA,6.075667,125.092194,0, ,0.0,0.0,0.0,0.0,2,4000,0,0,0,0,0,0

STAR,MEGO3P,35,5
IF,MEGOM,6.715417,125.432306, ,0.0,0.0,0,0,0,0,0,0,0,0
TF,KABAY,6.445333,125.288611,0, ,0.0,0.0,0.0,0.0,2,7000,0,0,0,0,0,0
TF,BERDA,6.103806,125.183278,0, ,0.0,0.0,0.0,0.0,2,4000,0,0,0,0,0,0
TF,DIKXY,5.883556,125.210167,0, ,0.0,0.0,0.0,0.0,2,3000,0,0,0,0,0,0

STAR,MEGO5R,17,5
IF,MEGOM,6.715417,125.432306, ,0.0,0.0,0,0,0,0,0,0,0,0
TF,KABAY,6.445333,125.288611,0, ,0.0,0.0,0.0,0.0,2,7000,0,0,0,0,0,0

STAR,MEGOM1,ALL,2
IF,MEGOM,6.715417,125.432306, ,0.0,0.0,0,0,0,0,0,0,0,0
TF,KABAY,6.445333,125.288611,0, ,0.0,0.0,0.0,0.0,0,0,0,0,0,0,0,0
TF,D029O,6.297472,125.210025,0, ,0.0,0.0,0.0,0.0,2,6000,0,0,0,0,0,0
TF,GSA,6.075667,125.092194,0, ,0.0,0.0,0.0,0.0,2,4000,0,0,0,0,0,0

STAR,MELB3P,35,5
IF,MELBY,6.668750,124.612944, ,0.0,0.0,2,10000,0,0,0,0,0,0
TF,CUETO,6.386639,124.826917,0, ,0.0,0.0,0.0,0.0,2,6000,0,0,0,0,0,0
TF,SETEM,6.306944,124.941611,0, ,0.0,0.0,0.0,0.0,0,0,0,0,0,0,0,0
TF,BERDA,6.103806,125.183278,0, ,0.0,0.0,0.0,0.0,2,4000,0,0,0,0,0,0
TF,DIKXY,5.883556,125.210167,0, ,0.0,0.0,0.0,0.0,2,3000,0,0,0,0,0,0

STAR,MELB3R,17,5
IF,MELBY,6.668750,124.612944, ,0.0,0.0,2,10000,0,0,0,0,0,0
TF,CUETO,6.386639,124.826917,0, ,0.0,0.0,0.0,0.0,2,6000,0,0,0,0,0,0

STAR,MELBY1,ALL,2
IF,MELBY,6.668750,124.612944, ,0.0,0.0,0,0,0,0,0,0,0,0
TF,BALKA,6.401278,124.829278,0, ,0.0,0.0,0.0,0.0,2,10000,0,0,0,0,0,0
TF,D322J,6.205939,124.987047,0, ,0.0,0.0,0.0,0.0,2,7000,0,0,0,0,0,0
TF,GSA,6.075667,125.092194,0, ,0.0,0.0,0.0,0.0,2,4000,0,0,0,0,0,0

STAR,SEBU3P,35,5
IF,SEBUL,6.229333,124.547861, ,0.0,0.0,2,10000,0,0,0,0,0,0
TF,REKOB,5.971778,124.761778,0, ,0.0,0.0,0.0,0.0,2,8600,0,0,0,0,0,0
TF,MAYRE,5.765278,124.933083,0, ,0.0,0.0,0.0,0.0,2,4500,0,0,0,0,0,0
TF,IGASI,5.789250,125.128694,0, ,0.0,0.0,0.0,0.0,2,3000,0,0,0,0,0,0

STAR,SEBU3R,17,5
IF,SEBUL,6.229333,124.547861, ,0.0,0.0,2,10000,0,0,0,0,0,0
TF,TEBEG,6.311556,124.693639,0, ,0.0,0.0,0.0,0.0,2,8000,0,0,0,0,0,0
TF,CUETO,6.386639,124.826917,0, ,0.0,0.0,0.0,0.0,2,6000,0,0,0,0,0,0

STAR,SEBUL1,ALL,2
IF,SEBUL,6.229333,124.547861, ,0.0,0.0,0,0,0,0,0,0,0,0
TF,KAMBE,6.189417,124.689611,0, ,0.0,0.0,0.0,0.0,2,10000,0,0,0,0,0,0
TF,D287J,6.121147,124.931172,0, ,0.0,0.0,0.0,0.0,2,8000,0,0,0,0,0,0
TF,GSA,6.075667,125.092194,0, ,0.0,0.0,0.0,0.0,2,4000,0,0,0,0,0,0

STAR,VINE3P,35,5
IF,VINEV,5.498500,125.163000, ,0.0,0.0,2,10000,0,0,0,0,0,0
TF,IGASI,5.789250,125.128694,0, ,0.0,0.0,0.0,0.0,2,3000,0,0,0,0,0,0

STAR,VINE5R,17,5
IF,VINEV,5.498500,125.163000, ,0.0,0.0,2,10000,0,0,0,0,0,0
TF,EIZAY,5.829806,125.179417,0, ,0.0,0.0,0.0,0.0,2,6000,0,0,0,0,0,0

STAR,VINEV1,ALL,2
IF,VINEV,5.498500,125.163000, ,0.0,0.0,0,0,0,0,0,0,0,0
TF,BURIA,5.660222,125.143917,0, ,0.0,0.0,0.0,0.0,0,0,0,0,0,0,0,0
TF,ANIMU,5.747333,125.133083,0, ,0.0,0.0,0.0,0.0,2,10000,0,0,0,0,0,0
TF,GSA,6.075667,125.092194,0, ,0.0,0.0,0.0,0.0,2,4000,0,0,0,0,0,0

APPTR,R17,17,CUETO
IF,CUETO,6.386639,124.826917, ,0.0,0.0,2,6000,0,0,0,0,1,0
TF,DAREL,6.276056,124.984833,0, ,0.0,0.0,0.0,0.0,2,3900,0,0,0,0,0,0
TF,MR17A,6.249139,125.072861,0, ,0.0,0.0,0.0,0.0,2,3200,0,1,230,0,1,0

APPTR,R17,17,EIZAY
IF,EIZAY,5.829806,125.179417, ,0.0,0.0,2,6000,0,0,0,0,1,0
TF,OLREN,6.150278,125.289306,0, ,0.0,0.0,0.0,0.0,0,0,0,0,0,0,0,0
TF,MABER,6.272139,125.261194,0, ,0.0,0.0,0.0,0.0,4,6000,4500,1,230,0,0,0
TF,GLORI,6.256250,125.131000,0, ,0.0,0.0,0.0,0.0,2,3800,0,0,0,0,0,0
TF,MR17A,6.249139,125.072861,0, ,0.0,0.0,0.0,0.0,2,3200,0,1,230,0,1,0

APPTR,R17,17,KABAY
IF,KABAY,6.445333,125.288611, ,0.0,0.0,2,7000,0,0,0,0,1,0
TF,MABER,6.272139,125.261194,0, ,0.0,0.0,0.0,0.0,4,6000,4500,1,230,0,0,0
TF,GLORI,6.256250,125.131000,0, ,0.0,0.0,0.0,0.0,2,3800,0,0,0,0,0,0
TF,MR17A,6.249139,125.072861,0, ,0.0,0.0,0.0,0.0,2,3200,0,1,230,0,1,0

FINAL,R17,17,R,3
IF,MR17A,6.249139,125.072861, ,0.0,0.0,2,3200,0,1,230,0,0,0
TF,MR17B,6.174333,125.082000,0, ,0.0,0.0,174.0,4.5,1,2500,0,0,0,0,2,0
TF,RW17,6.072608,125.094431,0, ,0.0,0.0,174.0,6.1,1,553,0,0,0,0,3,1
CA,0,174.0,2,1500,0,0,0,0,0,0
DF,EIZAY,5.829806,125.179417,0, ,0.0,0.0,2,3000,0,0,0,0,0,0
HM,EIZAY,5.829806,125.179417,1, ,0.0,0.0,20.0,04.3,1,3000,0,1,230,0,0,0,0

APPTR,R35,35,DIKXY
IF,DIKXY,5.883556,125.210167, ,0.0,0.0,2,3000,0,0,0,0,1,0
TF,MR35A,5.872389,125.118861,0, ,0.0,0.0,0.0,0.0,2,2400,0,0,0,0,1,0

APPTR,R35,35,IGASI
IF,IGASI,5.789250,125.128694, ,0.0,0.0,2,3000,0,0,0,0,1,0
TF,MR35A,5.872389,125.118861,0, ,0.0,0.0,0.0,0.0,2,2400,0,0,0,0,1,0

FINAL,R35,35,R,3
IF,MR35A,5.872389,125.118861, ,0.0,0.0,2,2400,0,0,0,0,0,0
TF,MR35B,5.954194,125.108889,0, ,0.0,0.0,354.0,4.9,1,2400,0,0,0,0,2,0
TF,RW35,6.043639,125.097967,0, ,0.0,0.0,354.0,5.3,1,513,0,0,0,0,3,1
CA,0,354.0,2,1200,0,0,0,0,0,0
DF,ELMUN,6.000778,125.208389,2, ,0.0,0.0,0,0,0,1,230,0,0,0
TF,DIKXY,5.883556,125.210167,0, ,0.0,0.0,0.0,0.0,0,0,0,0,0,0,0,0
TF,IGASI,5.789250,125.128694,0, ,0.0,0.0,0.0,0.0,2,3000,0,0,0,0,0,0
HM,IGASI,5.789250,125.128694,1, ,0.0,0.0,354.0,04.3,1,3000,0,1,230,0,0,0,0

