SID,ANKI5A,09,4
CA,0,87.0,2,1000,0,1,265,0,0,0
DF,LUMVI,8.415694,124.609167,0, ,0.0,0.0,0,0,0,1,265,0,0,0
TF,JOSEL,8.155778,124.821194,0, ,0.0,0.0,0.0,0.0,0,0,0,0,0,0,0,0
TF,ANKIN,7.968556,124.973694,0, ,0.0,0.0,0.0,0.0,2,14000,0,0,0,0,0,0

SID,ANKI7A,27,4
CA,0,267.0,2,1000,0,0,0,0,0,0
DF,LUKTA,8.362861,124.243833,0, ,0.0,0.0,0,0,0,0,0,0,0,0
TF,JABAR,8.128056,124.516667,0, ,0.0,0.0,0.0,0.0,0,0,0,0,0,0,0,0
TF,VINAH,8.067083,124.691639,0, ,0.0,0.0,0.0,0.0,0,0,0,0,0,0,0,0
TF,ANKIN,7.968556,124.973694,0, ,0.0,0.0,0.0,0.0,2,14000,0,0,0,0,0,0

SID,LIRY5A,09,4
CA,0,87.0,2,1000,0,1,265,0,0,0
DF,OPOLO,8.813917,124.479472,1, ,0.0,0.0,0,0,0,1,265,0,0,0
TF,BAYSA,8.924722,124.363028,0, ,0.0,0.0,0.0,0.0,0,0,0,0,0,0,0,0
TF,LIRYX,9.025722,124.256806,0, ,0.0,0.0,0.0,0.0,2,11000,0,0,0,0,0,0

SID,LIRY7A,27,4
CA,0,267.0,2,1000,0,0,0,0,0,0
DF,LIRYX,9.025722,124.256806,0, ,0.0,0.0,2,11000,0,0,0,0,0,0

SID,MORS5A,09,4
CA,0,87.0,2,1000,0,1,265,0,0,0
DF,LUMVI,8.415694,124.609167,0, ,0.0,0.0,0,0,0,1,265,0,0,0
TF,TILLO,8.195472,124.538333,0, ,0.0,0.0,0.0,0.0,0,0,0,0,0,0,0,0
TF,MORSO,7.968583,124.465472,0, ,0.0,0.0,0.0,0.0,2,14000,0,0,0,0,0,0

SID,MORS7A,27,4
CA,0,267.0,2,1000,0,0,0,0,0,0
DF,LUKTA,8.362861,124.243833,0, ,0.0,0.0,0,0,0,0,0,0,0,0
TF,MORSO,7.968583,124.465472,0, ,0.0,0.0,0.0,0.0,2,14000,0,0,0,0,0,0

SID,NUMB5A,09,4
CA,0,87.0,2,1000,0,1,265,0,0,0
DF,LUMVI,8.415694,124.609167,0, ,0.0,0.0,0,0,0,1,265,0,0,0
TF,ALEJA,8.194250,124.654861,0, ,0.0,0.0,0.0,0.0,0,0,0,0,0,0,0,0
TF,NUMBI,7.968667,124.701583,0, ,0.0,0.0,0.0,0.0,2,15000,0,0,0,0,0,0

SID,NUMB7A,27,4
CA,0,267.0,2,1000,0,0,0,0,0,0
DF,LUKTA,8.362861,124.243833,0, ,0.0,0.0,0,0,0,0,0,0,0,0
TF,JABAR,8.128056,124.516667,0, ,0.0,0.0,0.0,0.0,0,0,0,0,0,0,0,0
TF,NUMBI,7.968667,124.701583,0, ,0.0,0.0,0.0,0.0,2,15000,0,0,0,0,0,0

SID,SAKI5A,09,4
CA,0,87.0,2,1000,0,1,265,0,0,0
DF,OPOLO,8.813917,124.479472,1, ,0.0,0.0,0,0,0,1,265,0,0,0
TF,BAYSA,8.924722,124.363028,0, ,0.0,0.0,0.0,0.0,0,0,0,0,0,0,0,0
TF,SAKIB,9.025861,124.078917,0, ,0.0,0.0,0.0,0.0,2,11000,0,0,0,0,0,0

SID,SAKI7A,27,4
CA,0,267.0,2,1000,0,0,0,0,0,0
DF,SAKIB,9.025861,124.078917,0, ,0.0,0.0,2,11000,0,0,0,0,0,0

STAR,ANKI2C,27,2
IF,ANKIN,7.968556,124.973694, ,0.0,0.0,0,0,0,0,0,0,0,0
TF,JOBUD,8.131056,124.842556,0, ,0.0,0.0,0.0,0.0,2,13000,0,0,0,0,0,0
TF,EDONG,8.222389,124.768778,0, ,0.0,0.0,0.0,0.0,2,11000,0,0,0,0,0,0
TF,CASEY,8.339778,124.673889,0, ,0.0,0.0,0.0,0.0,2,6000,0,0,0,0,0,0
TF,WINIR,8.457139,124.578972,0, ,0.0,0.0,0.0,0.0,2,4000,0,0,0,0,0,0
TF,LGD,8.613583,124.452278,0, ,0.0,0.0,0.0,0.0,0,0,0,0,0,0,0,0

STAR,ANKI4A,09,5
IF,ANKIN,7.968556,124.973694, ,0.0,0.0,2,13000,0,0,0,0,0,0
TF,YURRI,8.085361,124.677472,0, ,0.0,0.0,0.0,0.0,2,10000,0,0,0,0,0,0
TF,AGEPA,8.215389,124.346944,0, ,0.0,0.0,0.0,0.0,2,6200,0,0,0,0,0,0
TF,REBBY,8.464944,124.226944,0, ,0.0,0.0,0.0,0.0,2,3900,0,0,0,0,0,0

STAR,ANKI6A,27,5
IF,ANKIN,7.968556,124.973694, ,0.0,0.0,2,13000,0,0,0,0,0,0
TF,LAYZA,8.132472,124.764222,0, ,0.0,0.0,0.0,0.0,0,0,0,0,0,0,0,0
TF,ENTEP,8.199639,124.678250,0, ,0.0,0.0,0.0,0.0,0,0,0,0,0,0,0,0
TF,REMAX,8.349611,124.663111,0, ,0.0,0.0,0.0,0.0,0,0,0,0,0,0,0,0
TF,LALAH,8.527528,124.645111,0, ,0.0,0.0,0.0,0.0,2,3900,0,0,0,0,0,0

STAR,GONI2C,27,2
IF,GONIL,8.343472,125.023222, ,0.0,0.0,0,0,0,0,0,0,0,0
TF,JASMI,8.414722,124.872861,0, ,0.0,0.0,0.0,0.0,2,8500,0,0,0,0,0,0
TF,IPLER,8.462750,124.771389,0, ,0.0,0.0,0.0,0.0,2,4000,0,0,0,0,0,0
TF,LUTIL,8.527444,124.634667,0, ,0.0,0.0,0.0,0.0,0,0,0,0,0,0,0,0
TF,LGD,8.613583,124.452278,0, ,0.0,0.0,0.0,0.0,0,0,0,0,0,0,0,0

STAR,MORS2C,27,2
IF,MORSO,7.968583,124.465472, ,0.0,0.0,0,0,0,0,0,0,0,0
TF,ECTIN,8.161556,124.461528,0, ,0.0,0.0,0.0,0.0,2,6500,0,0,0,0,0,0
TF,MICOL,8.295500,124.458778,0, ,0.0,0.0,0.0,0.0,2,5500,0,0,0,0,0,0
TF,VICAR,8.412694,124.456389,0, ,0.0,0.0,0.0,0.0,2,5000,0,0,0,0,0,0
TF,LGD,8.613583,124.452278,0, ,0.0,0.0,0.0,0.0,2,4000,0,0,0,0,0,0

STAR,MORS4A,09,5
IF,MORSO,7.968583,124.465472, ,0.0,0.0,2,13000,0,0,0,0,0,0
TF,AGEPA,8.215389,124.346944,0, ,0.0,0.0,0.0,0.0,2,6200,0,0,0,0,0,0
TF,REBBY,8.464944,124.226944,0, ,0.0,0.0,0.0,0.0,2,3900,0,0,0,0,0,0

STAR,MORS6A,27,5
IF,MORSO,7.968583,124.465472, ,0.0,0.0,2,13000,0,0,0,0,0,0
TF,JABAR,8.128056,124.516667,0, ,0.0,0.0,0.0,0.0,0,0,0,0,0,0,0,0
TF,JOYCE,8.256222,124.557861,0, ,0.0,0.0,0.0,0.0,0,0,0,0,0,0,0,0
TF,LUMVI,8.415694,124.609167,0, ,0.0,0.0,0.0,0.0,0,0,0,0,0,0,0,0
TF,LALAH,8.527528,124.645111,0, ,0.0,0.0,0.0,0.0,2,3900,0,0,0,0,0,0

STAR,NUMB2C,27,2
IF,NUMBI,7.968667,124.701583, ,0.0,0.0,0,0,0,0,0,0,0,0
TF,AYYAN,8.144806,124.633583,0, ,0.0,0.0,0.0,0.0,2,9500,0,0,0,0,0,0
TF,KALIX,8.316694,124.567167,0, ,0.0,0.0,0.0,0.0,2,5500,0,0,0,0,0,0
TF,YUBEE,8.426083,124.524861,0, ,0.0,0.0,0.0,0.0,2,4000,0,0,0,0,0,0
TF,LGD,8.613583,124.452278,0, ,0.0,0.0,0.0,0.0,0,0,0,0,0,0,0,0

STAR,NUMB4A,09,5
IF,NUMBI,7.968667,124.701583, ,0.0,0.0,2,14000,0,0,0,0,0,0
TF,IRWIN,8.103000,124.508611,0, ,0.0,0.0,0.0,0.0,2,7500,0,0,0,0,0,0
TF,AGEPA,8.215389,124.346944,0, ,0.0,0.0,0.0,0.0,2,6200,0,0,0,0,0,0
TF,REBBY,8.464944,124.226944,0, ,0.0,0.0,0.0,0.0,2,3900,0,0,0,0,0,0

STAR,NUMB6A,27,5
IF,NUMBI,7.968667,124.701583, ,0.0,0.0,2,14000,0,0,0,0,0,0
TF,VINAH,8.067083,124.691639,0, ,0.0,0.0,0.0,0.0,0,0,0,0,0,0,0,0
TF,ENTEP,8.199639,124.678250,0, ,0.0,0.0,0.0,0.0,0,0,0,0,0,0,0,0
TF,REMAX,8.349611,124.663111,0, ,0.0,0.0,0.0,0.0,0,0,0,0,0,0,0,0
TF,LALAH,8.527528,124.645111,0, ,0.0,0.0,0.0,0.0,2,3900,0,0,0,0,0,0

STAR,SAGO2C,27,2
IF,SAGOL,9.025556,124.410417, ,0.0,0.0,0,0,0,0,0,0,0,0
TF,BODIE,8.813417,124.431167,0, ,0.0,0.0,0.0,0.0,2,4000,0,0,0,0,0,0
TF,LGD,8.613583,124.452278,0, ,0.0,0.0,0.0,0.0,0,0,0,0,0,0,0,0

STAR,SAGO4A,09,5
IF,SAGOL,9.025556,124.410417, ,0.0,0.0,2,8000,0,0,0,0,0,0
TF,BAYSA,8.924722,124.363028,0, ,0.0,0.0,0.0,0.0,0,0,0,0,0,0,0,0
TF,JONAS,8.697417,124.256333,0, ,0.0,0.0,0.0,0.0,2,3300,0,0,0,0,0,0

STAR,SAGO6A,27,5
IF,SAGOL,9.025556,124.410417, ,0.0,0.0,2,8000,0,0,0,0,0,0
TF,MATTE,8.734667,124.628917,0, ,0.0,0.0,0.0,0.0,2,3400,0,0,0,0,0,0

STAR,SAKI2C,27,2
IF,SAKIB,9.025861,124.078917, ,0.0,0.0,0,0,0,0,0,0,0,0
TF,CRIZU,8.762889,124.316861,0, ,0.0,0.0,0.0,0.0,2,4000,0,0,0,0,0,0
TF,LGD,8.613583,124.452278,0, ,0.0,0.0,0.0,0.0,0,0,0,0,0,0,0,0

STAR,SAKI4A,09,5
IF,SAKIB,9.025861,124.078917, ,0.0,0.0,2,10000,0,0,0,0,0,0
TF,JONAS,8.697417,124.256333,0, ,0.0,0.0,0.0,0.0,2,3300,0,0,0,0,0,0

STAR,SAKI6A,27,5
IF,SAKIB,9.025861,124.078917, ,0.0,0.0,2,10000,0,0,0,0,0,0
TF,GLENN,8.844222,124.422278,0, ,0.0,0.0,0.0,0.0,0,0,0,0,0,0,0,0
TF,MATTE,8.734667,124.628917,0, ,0.0,0.0,0.0,0.0,2,3400,0,0,0,0,0,0

APPTR,I27,27,ANIKA
IF,ANIKA,8.728806,124.617722, ,0.0,0.0,0,0,0,0,0,0,1,0
AF,D077L,8.662144,124.648214,2,LGD,77.0,12.0,56.0,2,1900,0,0,0,0,0,0
VI,0,ILGD,0.0,237.0,2,1900,0,0,0,0,0,0

APPTR,I27,27,BODIE
IF,BODIE,8.813417,124.431167, ,0.0,0.0,0,0,0,0,0,0,0,0
AF,ANIKA,8.728806,124.617722,2,LGD,56.0,12.0,355.0,2,2000,0,0,0,0,1,0
AF,D077L,8.662144,124.648214,2,LGD,77.0,12.0,56.0,2,1900,0,0,0,0,0,0
VI,0,ILGD,0.0,237.0,2,1900,0,0,0,0,0,0

APPTR,I27,27,CRIZU
IF,CRIZU,8.762889,124.316861, ,0.0,0.0,0,0,0,0,0,0,0,0
AF,BODIE,8.813417,124.431167,2,LGD,355.0,12.0,319.0,2,2000,0,0,0,0,0,0
AF,ANIKA,8.728806,124.617722,2,LGD,56.0,12.0,355.0,2,2000,0,0,0,0,1,0
AF,D077L,8.662144,124.648214,2,LGD,77.0,12.0,56.0,2,1900,0,0,0,0,0,0
VI,0,ILGD,0.0,237.0,2,1900,0,0,0,0,0,0

APPTR,I27,27,LGD1
IF,LGD,8.613583,124.452278, ,0.0,0.0,2,4000,0,0,0,0,1,0
FD,LGD,8.613583,124.452278,0,LGD,0.0,12.0,67.0,12.0,2,1900,0,1,230,0,0,0
CF,CF27,8.627417,124.653694,2,ILGD,86.5,12.5,267.0,1.0,2,1900,0,0,0,0,1,0

APPTR,I27,27,LGD2
IF,LGD,8.613583,124.452278, ,0.0,0.0,2,4000,0,0,0,0,1,0
FD,LGD,8.613583,124.452278,0,LGD,0.0,12.0,80.0,12.0,2,1900,0,0,0,0,0,0
CF,CF27,8.627417,124.653694,2,ILGD,86.5,12.5,267.0,1.0,2,1900,0,0,0,0,1,0

APPTR,I27,27,LUTIL
IF,LUTIL,8.527444,124.634667, ,0.0,0.0,0,0,0,0,0,0,1,0
AF,D098L,8.589042,124.652667,1,LGD,98.0,12.0,116.0,2,1900,0,0,0,0,0,0
VI,0,ILGD,0.0,297.0,2,1900,0,0,0,0,0,0

APPTR,I27,27,VICAR
IF,VICAR,8.412694,124.456389, ,0.0,0.0,0,0,0,0,0,0,0,0
AF,YUBEE,8.426083,124.524861,1,LGD,159.9,12.0,180.0,2,5000,0,0,0,0,0,0
AF,WINIR,8.457139,124.578972,1,LGD,142.1,12.0,160.0,2,3000,0,0,0,0,0,0
AF,LUTIL,8.527444,124.634667,1,LGD,116.4,12.0,142.0,2,2200,0,0,0,0,1,0
AF,D098L,8.589042,124.652667,1,LGD,98.0,12.0,116.0,2,1900,0,0,0,0,0,0
VI,0,ILGD,0.0,297.0,2,1900,0,0,0,0,0,0

APPTR,I27,27,WINIR
IF,WINIR,8.457139,124.578972, ,0.0,0.0,0,0,0,0,0,0,0,0
AF,LUTIL,8.527444,124.634667,1,LGD,116.4,12.0,142.0,2,2200,0,0,0,0,1,0
AF,D098L,8.589042,124.652667,1,LGD,98.0,12.0,116.0,2,1900,0,0,0,0,0,0
VI,0,ILGD,0.0,297.0,2,1900,0,0,0,0,0,0

APPTR,I27,27,YUBEE
IF,YUBEE,8.426083,124.524861, ,0.0,0.0,0,0,0,0,0,0,0,0
AF,WINIR,8.457139,124.578972,1,LGD,142.1,12.0,160.0,2,3000,0,0,0,0,0,0
AF,LUTIL,8.527444,124.634667,1,LGD,116.4,12.0,142.0,2,2200,0,0,0,0,1,0
AF,D098L,8.589042,124.652667,1,LGD,98.0,12.0,116.0,2,1900,0,0,0,0,0,0
VI,0,ILGD,0.0,297.0,2,1900,0,0,0,0,0,0

FINAL,I27,27,I,3
IF,CF27,8.627417,124.653694,ILGD,86.5,12.5,2,1900,0,0,0,0,0,0
CF,FF27,8.619694,124.553556,0,ILGD,86.5,6.5,267.0,6.0,1,1900,0,0,0,0,2,0
CF,RW27,8.612939,124.466006,0,ILGD,86.5,1.3,267.0,5.2,1,239,0,0,0,0,3,0
CF,LGD,8.613583,124.452278,0,LGD,0.0,0.0,267.0,0.8,0,0,0,0,0,0,0,1
VA,0,267.0,2,1000,0,0,0,0,0,0
DF,LGD,8.613583,124.452278,2, ,0.0,0.0,2,4000,0,0,0,0,0,0
HM,LGD,8.613583,124.452278,1, ,0.0,0.0,67.0,04.3,2,4000,0,1,230,0,0,0,0

APPTR,R09,09,JONAS
IF,JONAS,8.697417,124.256333, ,0.0,0.0,2,3300,0,0,0,0,1,0
TF,MY09A,8.597250,124.263861,0, ,0.0,0.0,0.0,0.0,2,1900,0,0,0,0,1,0

APPTR,R09,09,REBBY
IF,REBBY,8.464944,124.226944, ,0.0,0.0,2,3900,0,0,0,0,1,0
TF,MY09A,8.597250,124.263861,0, ,0.0,0.0,0.0,0.0,2,1900,0,0,0,0,1,0

FINAL,R09,09,R,3
IF,MY09A,8.597250,124.263861, ,0.0,0.0,2,1900,0,0,0,0,0,0
TF,MY09B,8.604667,124.359472,0, ,0.0,0.0,87.0,5.7,1,1900,0,0,0,0,2,0
TF,RW09,8.611467,124.446983,0, ,0.0,0.0,87.0,5.2,1,239,0,0,0,0,3,1
CA,0,87.0,2,1000,0,1,230,0,0,0
DF,GURKU,8.783417,124.451611,1, ,0.0,0.0,0,0,0,1,230,0,0,0
TF,JONAS,8.697417,124.256333,0, ,0.0,0.0,0.0,0.0,2,3300,0,1,230,0,0,0
HM,JONAS,8.697417,124.256333,2, ,0.0,0.0,177.0,04.3,0,0,0,1,230,0,0,0,0

APPTR,R27,27,LALAH
IF,LALAH,8.527528,124.645111, ,0.0,0.0,2,3900,0,0,0,0,1,0
TF,MY27A,8.626167,124.637389,0, ,0.0,0.0,0.0,0.0,2,1900,0,0,0,0,1,0

APPTR,R27,27,MATTE
IF,MATTE,8.734667,124.628917, ,0.0,0.0,2,3400,0,0,0,0,1,0
TF,MY27A,8.626167,124.637389,0, ,0.0,0.0,0.0,0.0,2,1900,0,0,0,0,1,0

FINAL,R27,27,R,3
IF,MY27A,8.626167,124.637389, ,0.0,0.0,2,1900,0,0,0,0,0,0
TF,MY27B,8.619694,124.553528,0, ,0.0,0.0,267.0,5.0,1,1900,0,0,0,0,2,0
TF,RW27,8.612939,124.466006,0, ,0.0,0.0,267.0,5.2,1,239,0,0,0,0,3,1
CA,0,267.0,2,1000,0,1,230,0,0,0
DF,OLGAG,8.751083,124.459250,2, ,0.0,0.0,0,0,0,1,230,0,0,0
TF,MATTE,8.734667,124.628917,0, ,0.0,0.0,0.0,0.0,2,3400,0,1,230,0,0,0
HM,MATTE,8.734667,124.628917,2, ,0.0,0.0,144.0,04.3,0,0,0,1,230,0,0,0,0

