SID,LAMO2C,03,2
CA,0,33.0,2,1000,0,0,0,0,0,0
CI,0, ,0.0,329.0,0,0,0,1,230,0,0,0
CF,RHODA,9.739917,123.758472,0,BHL,358.9,10.0,359.0,5.0,0,0,0,0,0,0,0,0
TF,LAMOK,9.899306,123.749750,0, ,0.0,0.0,0.0,0.0,0,0,0,0,0,0,0,0

SID,LAMO2D,21,2
CA,0,213.0,2,1000,0,0,0,0,0,0
CI,2, ,0.0,42.0,0,0,0,1,240,0,0,0
CF,RHODA,9.739917,123.758472,0,BHL,358.9,10.0,359.0,5.0,0,0,0,0,0,0,0,0
TF,LAMOK,9.899306,123.749750,0, ,0.0,0.0,0.0,0.0,0,0,0,0,0,0,0,0

SID,LAMO2P,03,5
CA,0,33.0,2,1000,0,0,0,0,0,0
DF,SMILY,9.782861,123.751222,0, ,0.0,0.0,0,0,0,1,230,0,0,0
TF,LAMOK,9.899306,123.749750,0, ,0.0,0.0,0.0,0.0,0,0,0,0,0,0,0,0

SID,LAMO2R,21,5
CA,0,213.0,2,1000,0,0,0,0,0,0
DF,SMILY,9.782861,123.751222,2, ,0.0,0.0,0,0,0,1,240,0,0,0
TF,LAMOK,9.899306,123.749750,0, ,0.0,0.0,0.0,0.0,0,0,0,0,0,0,0,0

SID,ZENK2B,03,5
CF,SOLVA,9.648944,123.815444,0,BHL,33.9,5.4,33.0,4.5,0,0,0,0,0,0,0,1
DF,MINER,9.628861,123.683028,1, ,0.0,0.0,0,0,0,1,230,0,0,0
TF,JOSEV,9.520694,123.647278,0, ,0.0,0.0,0.0,0.0,0,0,0,1,265,0,0,0
TF,EMDEE,9.366222,123.782222,0, ,0.0,0.0,0.0,0.0,0,0,0,0,0,0,0,0
TF,ZENKY,9.159639,123.962389,0, ,0.0,0.0,0.0,0.0,2,7000,0,0,0,0,0,0

SID,ZENK2C,03,2
CA,0,33.0,2,1000,0,0,0,0,0,0
CI,2, ,0.0,198.0,0,0,0,1,230,0,0,0
CF,TRISH,9.390750,123.853472,0,BHL,156.9,12.0,157.0,6.0,0,0,0,0,0,0,0,0
TF,ZENKY,9.159639,123.962389,0, ,0.0,0.0,0.0,0.0,2,7000,0,0,0,0,0,0

SID,ZENK2D,21,2
CA,0,213.0,2,1000,0,0,0,0,0,0
CI,0, ,0.0,127.0,0,0,0,1,240,0,0,0
CF,TRISH,9.390750,123.853472,0,BHL,156.9,12.0,157.0,7.0,0,0,0,0,0,0,0,0
TF,ZENKY,9.159639,123.962389,0, ,0.0,0.0,0.0,0.0,2,7000,0,0,0,0,0,0

SID,ZENK2P,03,5
CA,0,33.0,2,1000,0,0,0,0,0,0
DF,ALVEZ,9.475639,123.873889,2, ,0.0,0.0,0,0,0,1,240,0,0,0
TF,MAJOS,9.364472,123.905056,0, ,0.0,0.0,0.0,0.0,0,0,0,0,0,0,0,0
TF,ZENKY,9.159639,123.962389,0, ,0.0,0.0,0.0,0.0,2,7000,0,0,0,0,0,0

SID,ZENK2R,21,5
CA,0,213.0,2,1000,0,0,0,0,0,0
DF,EMDEE,9.366222,123.782222,1, ,0.0,0.0,0,0,0,1,240,0,0,0
TF,ZENKY,9.159639,123.962389,0, ,0.0,0.0,0.0,0.0,2,7000,0,0,0,0,0,0

STAR,BATA1P,03,5
IF,BATAY,11.138694,123.845306, ,0.0,0.0,0,0,0,0,0,0,0,0
TF,MCT,10.313556,123.988306,0, ,0.0,0.0,0.0,0.0,0,0,0,0,0,0,0,0
TF,TOGIP,9.895889,124.017639,0, ,0.0,0.0,0.0,0.0,0,0,0,0,0,0,0,0
TF,DAISY,9.635472,123.901806,0, ,0.0,0.0,0.0,0.0,0,0,0,0,0,0,0,0
TF,PINAT,9.488500,123.826222,0, ,0.0,0.0,0.0,0.0,2,5000,0,0,0,0,0,0
TF,KISES,9.354250,123.757250,0, ,0.0,0.0,0.0,0.0,2,4000,0,1,250,0,0,0

STAR,BATA1R,21,5
IF,BATAY,11.138694,123.845306, ,0.0,0.0,0,0,0,0,0,0,0,0
TF,MCT,10.313556,123.988306,0, ,0.0,0.0,0.0,0.0,0,0,0,0,0,0,0,0
TF,TOGIP,9.895889,124.017639,0, ,0.0,0.0,0.0,0.0,2,5000,0,1,250,0,0,0

STAR,FORT1C,03,2
IF,FORTA,9.374694,124.054250, ,0.0,0.0,0,0,0,0,0,0,0,0
TF,SERAU,9.457972,123.933778,0, ,0.0,0.0,0.0,0.0,0,0,0,0,0,0,0,0
TF,BHL,9.572694,123.767611,0, ,0.0,0.0,0.0,0.0,2,4000,0,0,0,0,0,0

STAR,FORT1D,21,2
IF,FORTA,9.374694,124.054250, ,0.0,0.0,0,0,0,0,0,0,0,0
TF,PALIN,9.429278,123.975306,0, ,0.0,0.0,0.0,0.0,0,0,0,0,0,0,0,0
TF,BHL,9.572694,123.767611,0, ,0.0,0.0,0.0,0.0,2,4000,0,0,0,0,0,0

STAR,FORT1P,03,5
IF,FORTA,9.374694,124.054250, ,0.0,0.0,2,9000,0,0,0,0,0,0
TF,MAJOS,9.364472,123.905056,0, ,0.0,0.0,0.0,0.0,0,0,0,0,0,0,0,0
TF,KISES,9.354250,123.757250,0, ,0.0,0.0,0.0,0.0,2,4000,0,1,250,0,0,0

STAR,FORT1R,21,5
IF,FORTA,9.374694,124.054250, ,0.0,0.0,2,9000,0,0,0,0,0,0
TF,TARSI,9.705250,123.966778,0, ,0.0,0.0,0.0,0.0,2,4000,0,1,250,0,0,0

STAR,MCT1,ALL,2
IF,MCT,10.313556,123.988306, ,0.0,0.0,0,0,0,0,0,0,0,0

STAR,MCT1,03,3
IF,MCT,10.313556,123.988306, ,0.0,0.0,0,0,0,0,0,0,0,0
TF,TOGIP,9.895889,124.017639,0, ,0.0,0.0,0.0,0.0,0,0,0,0,0,0,0,0
TF,PERGA,9.771972,123.921694,0, ,0.0,0.0,0.0,0.0,0,0,0,0,0,0,0,0
TF,BHL,9.572694,123.767611,0, ,0.0,0.0,0.0,0.0,2,4000,0,0,0,0,0,0

STAR,MCT1,21,3
IF,MCT,10.313556,123.988306, ,0.0,0.0,0,0,0,0,0,0,0,0
TF,TOGIP,9.895889,124.017639,0, ,0.0,0.0,0.0,0.0,0,0,0,0,0,0,0,0
TF,PERGA,9.771972,123.921694,0, ,0.0,0.0,0.0,0.0,0,0,0,0,0,0,0,0
TF,BHL,9.572694,123.767611,0, ,0.0,0.0,0.0,0.0,2,4000,0,0,0,0,0,0

STAR,MCT1A,21,2
IF,MCT,10.313556,123.988306, ,0.0,0.0,0,0,0,0,0,0,0,0
TF,TOGIP,9.895889,124.017639,0, ,0.0,0.0,0.0,0.0,0,0,0,0,0,0,0,0
TF,PERGA,9.771972,123.921694,0, ,0.0,0.0,0.0,0.0,2,3000,0,0,0,0,0,0

STAR,NANA1N,21,5
IF,NANAS,9.790500,122.985083, ,0.0,0.0,2,10000,0,0,0,0,0,0
TF,AROLA,9.600139,123.577833,0, ,0.0,0.0,0.0,0.0,0,0,0,0,0,0,0,0
TF,SMILY,9.782861,123.751222,0, ,0.0,0.0,0.0,0.0,0,0,0,0,0,0,0,0
TF,AURES,9.841361,123.825556,0, ,0.0,0.0,0.0,0.0,2,4000,0,1,250,0,0,0

STAR,NANA1P,03,5
IF,NANAS,9.790500,122.985083, ,0.0,0.0,2,10000,0,0,0,0,0,0
TF,DEGRA,9.452139,123.470611,0, ,0.0,0.0,0.0,0.0,2,5000,0,1,250,0,0,0

STAR,NANA1R,21,5
IF,NANAS,9.790500,122.985083, ,0.0,0.0,2,10000,0,0,0,0,0,0
TF,AROLA,9.600139,123.577833,0, ,0.0,0.0,0.0,0.0,0,0,0,0,0,0,0,0
TF,PALAO,9.572694,123.767611,0, ,0.0,0.0,0.0,0.0,0,0,0,0,0,0,0,0
TF,PRUNI,9.556667,123.878083,0, ,0.0,0.0,0.0,0.0,2,5000,0,0,0,0,0,0
TF,TARSI,9.705250,123.966778,0, ,0.0,0.0,0.0,0.0,2,4000,0,1,250,0,0,0

STAR,NANAS1,ALL,2
IF,NANAS,9.790500,122.985083, ,0.0,0.0,0,0,0,0,0,0,0,0

STAR,NANAS1,03,3
IF,NANAS,9.790500,122.985083, ,0.0,0.0,0,0,0,0,0,0,0,0
TF,VELOS,9.708583,123.280278,0, ,0.0,0.0,0.0,0.0,2,5200,0,0,0,0,0,0
TF,BOYAX,9.627139,123.572722,0, ,0.0,0.0,0.0,0.0,2,4100,0,0,0,0,0,0
TF,BHL,9.572694,123.767611,0, ,0.0,0.0,0.0,0.0,2,4000,0,0,0,0,0,0

STAR,NANAS1,21,3
IF,NANAS,9.790500,122.985083, ,0.0,0.0,0,0,0,0,0,0,0,0
TF,VELOS,9.708583,123.280278,0, ,0.0,0.0,0.0,0.0,2,5200,0,0,0,0,0,0
TF,BOYAX,9.627139,123.572722,0, ,0.0,0.0,0.0,0.0,2,4100,0,0,0,0,0,0
TF,BHL,9.572694,123.767611,0, ,0.0,0.0,0.0,0.0,2,4000,0,0,0,0,0,0

STAR,ZENK1P,03,5
IF,ZENKY,9.159639,123.962389, ,0.0,0.0,2,9000,0,0,0,0,0,0
TF,KISES,9.354250,123.757250,0, ,0.0,0.0,0.0,0.0,2,4000,0,1,250,0,0,0

APPTR,D03,03,BHL1
IF,BHL,9.572694,123.767611, ,0.0,0.0,2,4000,0,0,0,0,1,0
FD,BHL,9.572694,123.767611,0,BHL,0.0,8.0,175.0,8.0,0,0,0,0,0,0,0,0
CF,FF03,9.476250,123.715944,2,BHL,210.0,6.5,30.0,1.0,2,2000,0,0,0,0,0,0

APPTR,D03,03,BHL2
IF,BHL,9.572694,123.767611, ,0.0,0.0,2,4000,0,0,0,0,1,0
FD,BHL,9.572694,123.767611,0,BHL,0.0,8.0,198.0,8.0,0,0,0,0,0,0,0,0
CF,FF03,9.476250,123.715944,2,BHL,210.0,6.5,30.0,1.0,2,2000,0,0,0,0,0,0

APPTR,D03,03,BOYAX
IF,BOYAX,9.627139,123.572722, ,0.0,0.0,0,0,0,0,0,0,0,0
AF,RESTY,9.395278,123.672611,1,BHL,210.0,12.0,288.0,2,3000,0,0,0,0,1,0
TF,FF03,9.476250,123.715944,0, ,0.0,0.0,0.0,0.0,2,2000,0,0,0,0,0,0

APPTR,D03,03,SERAU
IF,SERAU,9.457972,123.933778, ,0.0,0.0,0,0,0,0,0,0,0,0
AF,RESTY,9.395278,123.672611,2,BHL,210.0,12.0,127.0,2,3000,0,0,0,0,1,0
TF,FF03,9.476250,123.715944,0, ,0.0,0.0,0.0,0.0,2,2000,0,0,0,0,0,0

FINAL,D03,03,D,2
IF,FF03,9.476250,123.715944,BHL,210.0,6.5,2,2000,0,0,0,0,2,0
CF,MA03,9.556444,123.758889,0,BHL,210.1,1.1,30.0,5.4,1,269,0,0,0,0,3,0
CA,0,30.0,2,1000,0,0,0,0,0,0
DF,BHL,9.572694,123.767611,2, ,0.0,0.0,2,4000,0,0,0,0,0,0
HM,BHL,9.572694,123.767611,1, ,0.0,0.0,175.0,04.3,2,4000,0,1,230,0,0,0,0

APPTR,D21,21,BHL1
IF,BHL,9.572694,123.767611, ,0.0,0.0,2,4000,0,0,0,0,1,0
FD,BHL,9.572694,123.767611,0,BHL,0.0,10.8,57.0,10.8,0,0,0,1,230,0,0,0
CF,CF21,9.724361,123.866889,1,BHL,35.0,10.8,215.0,1.0,2,2700,0,0,0,0,1,0

APPTR,D21,21,BHL2
IF,BHL,9.572694,123.767611, ,0.0,0.0,2,4000,0,0,0,0,1,0
FD,BHL,9.572694,123.767611,0,BHL,0.0,10.8,44.0,10.8,0,0,0,0,0,0,0,0
CF,CF21,9.724361,123.866889,1,BHL,35.0,10.8,215.0,1.0,2,2700,0,0,0,0,1,0

APPTR,D21,21,PALIN
IF,PALIN,9.429278,123.975306, ,0.0,0.0,0,0,0,0,0,0,0,0
AF,PERGA,9.771972,123.921694,1,BHL,39.5,15.0,127.0,2,3000,0,1,230,0,1,0
TF,CF21,9.724361,123.866889,0, ,0.0,0.0,0.0,0.0,2,2700,0,0,0,0,1,0

FINAL,D21,21,D,3
IF,CF21,9.724361,123.866889,BHL,35.0,10.8,2,2700,0,0,0,0,0,0
CF,FF21,9.668194,123.830111,0,BHL,35.0,6.8,215.0,4.0,2,2000,0,0,0,0,2,0
CF,MA21,9.592361,123.780472,0,BHL,35.0,1.4,215.0,5.4,1,274,0,0,0,0,3,0
CA,0,215.0,2,1000,0,0,0,0,0,0
DF,BHL,9.572694,123.767611,1, ,0.0,0.0,2,4000,0,0,0,0,0,0
HM,BHL,9.572694,123.767611,2, ,0.0,0.0,57.0,04.3,2,4000,0,1,230,0,0,0,0

APPTR,I21,21,BHL1
IF,BHL,9.572694,123.767611, ,0.0,0.0,2,4000,0,0,0,0,1,0
FD,BHL,9.572694,123.767611,0,BHL,0.0,10.8,56.0,10.8,0,0,0,1,230,0,0,0
CF,CI21,9.728083,123.862722,1,IBOH,32.6,11.7,213.0,1.0,2,2700,0,0,0,0,1,0

APPTR,I21,21,BHL2
IF,BHL,9.572694,123.767611, ,0.0,0.0,2,4000,0,0,0,0,1,0
FD,BHL,9.572694,123.767611,0,BHL,0.0,10.8,43.0,10.8,0,0,0,0,0,0,0,0
CF,CI21,9.728083,123.862722,1,IBOH,32.6,11.7,213.0,1.0,2,2700,0,0,0,0,1,0

APPTR,I21,21,PALIN
IF,PALIN,9.429278,123.975306, ,0.0,0.0,0,0,0,0,0,0,0,0
AF,PERGA,9.771972,123.921694,1,BHL,39.5,15.0,127.0,2,3000,0,1,230,0,1,0
TF,CI21,9.728083,123.862722,0,IBOH,0.0,0.0,0.0,0.0,2,2700,0,0,0,0,1,0

FINAL,I21,21,I,3
IF,CI21,9.728083,123.862722,IBOH,32.6,11.7,2,2700,0,0,0,0,0,0
CF,FI21,9.669972,123.828000,0,IBOH,32.6,7.7,213.0,4.0,1,2000,0,0,0,0,2,0
CF,RW21,9.583647,123.776472,0,IBOH,32.6,1.7,213.0,6.0,1,93,0,0,0,0,3,0
CA,0,213.0,2,1000,0,0,0,0,0,0
DF,BHL,9.572694,123.767611,1, ,0.0,0.0,2,4000,0,0,0,0,0,0
HM,BHL,9.572694,123.767611,2, ,0.0,0.0,56.0,04.3,2,4000,0,1,230,0,0,0,0

APPTR,R03,03,DEGRA
IF,DEGRA,9.452139,123.470611, ,0.0,0.0,2,5000,0,1,250,0,1,0
TF,GELIC,9.423806,123.591806,0, ,0.0,0.0,0.0,0.0,0,0,0,0,0,0,0,0
TF,SP03A,9.405444,123.670194,0, ,0.0,0.0,0.0,0.0,2,2700,0,0,0,0,1,0

APPTR,R03,03,KISES
IF,KISES,9.354250,123.757250, ,0.0,0.0,2,4000,0,1,250,0,1,0
TF,SP03A,9.405444,123.670194,0, ,0.0,0.0,0.0,0.0,2,2700,0,0,0,0,1,0

FINAL,R03,03,R,3
IF,SP03A,9.405444,123.670194, ,0.0,0.0,2,2700,0,0,0,0,0,0
TF,SP03B,9.477500,123.713167,0, ,0.0,0.0,33.0,5.0,1,2000,0,0,0,0,2,0
TF,RW03,9.564197,123.764867,0, ,0.0,0.0,33.0,6.0,1,85,0,0,0,0,3,1
CA,0,33.0,2,1000,0,0,0,0,0,0
DF,PINAT,9.488500,123.826222,2, ,0.0,0.0,0,0,0,1,230,0,0,0
TF,KISES,9.354250,123.757250,0, ,0.0,0.0,0.0,0.0,2,4000,0,1,250,0,0,0
HM,KISES,9.354250,123.757250,1, ,0.0,0.0,303.0,04.3,2,4000,0,1,230,0,0,0,0

APPTR,R21,21,AURES
IF,AURES,9.841361,123.825556, ,0.0,0.0,2,4000,0,1,250,0,1,0
TF,SP21A,9.756389,123.879611,0, ,0.0,0.0,0.0,0.0,2,3000,0,1,230,0,1,0

APPTR,R21,21,TARSI
IF,TARSI,9.705250,123.966778, ,0.0,0.0,2,4000,0,1,250,0,1,0
TF,SP21A,9.756389,123.879611,0, ,0.0,0.0,0.0,0.0,2,3000,0,1,230,0,1,0

APPTR,R21,21,TOGIP
IF,TOGIP,9.895889,124.017639, ,0.0,0.0,2,5000,0,1,250,0,1,0
TF,SP21A,9.756389,123.879611,0, ,0.0,0.0,0.0,0.0,2,3000,0,1,230,0,1,0

FINAL,R21,21,R,3
IF,SP21A,9.756389,123.879611, ,0.0,0.0,2,3000,0,1,230,0,0,0
TF,SP21B,9.669972,123.828000,0, ,0.0,0.0,213.0,6.0,1,2000,0,0,0,0,2,0
TF,RW21,9.583647,123.776472,0, ,0.0,0.0,213.0,6.0,1,93,0,0,0,0,3,1
CA,0,213.0,2,1000,0,0,0,0,0,0
DF,PRUNI,9.556667,123.878083,1, ,0.0,0.0,0,0,0,0,0,0,0,0
TF,TARSI,9.705250,123.966778,0, ,0.0,0.0,0.0,0.0,2,4000,0,1,250,0,0,0
HM,TARSI,9.705250,123.966778,2, ,0.0,0.0,303.0,04.3,2,4000,0,1,230,0,0,0,0

