SID,DOPL2A,03,2
CD, ,0,0,0,BCD,0,0.0,32.0,5.0,0,0,0,0,0,0,0,0
DF,BCD,10.775278,123.020528,1, ,0.0,0.0,2,3000,0,0,0,0,0,0
TF,RUXEM,10.257083,123.001861,0, ,0.0,0.0,0.0,0.0,2,11000,0,0,0,0,0,0
TF,DOPLI,10.142833,123.102250,0, ,0.0,0.0,0.0,0.0,0,0,0,0,0,0,0,0

SID,DOPL2B,21,2
CD, ,0,0,0,BCD,0,0.0,212.0,5.0,0,0,0,0,0,0,0,0
VI,0, ,0.0,154.0,0,0,0,0,0,0,0,0
CF,RUXEM,10.257083,123.001861,0,BCD,184.0,31.0,184.0,22.0,2,11000,0,0,0,0,0,0
TF,DOPLI,10.142833,123.102250,0, ,0.0,0.0,0.0,0.0,0,0,0,0,0,0,0,0

SID,GALI2A,03,2
CD, ,0,0,0,BCD,0,0.0,32.0,5.0,0,0,0,0,0,0,0,0
VI,1, ,0.0,297.0,0,0,0,0,0,0,0,0
CF,GALIA,11.300583,122.652611,0,BCD,327.4,38.2,327.0,26.0,2,5000,0,0,0,0,0,0

SID,GALI2B,21,2
CD, ,0,0,0,BCD,0,0.0,212.0,5.0,0,0,0,0,0,0,0,0
VI,2, ,0.0,357.0,0,0,0,0,0,0,0,0
CF,GALIA,11.300583,122.652611,0,BCD,327.4,38.2,327.0,26.0,2,5000,0,0,0,0,0,0

SID,IOO2A,03,2
CD, ,0,0,0,BCD,0,0.0,32.0,5.0,0,0,0,0,0,0,0,0
VI,1, ,0.0,249.0,0,0,0,0,0,0,0,0
CF,IOO,10.835389,122.492083,0,BCD,278.6,31.4,279.0,19.0,0,0,0,0,0,0,0,0

SID,IOO2B,21,2
CD, ,0,0,0,BCD,0,0.0,212.0,5.0,0,0,0,0,0,0,0,0
VI,2, ,0.0,309.0,0,0,0,0,0,0,0,0
CF,IOO,10.835389,122.492083,0,BCD,278.6,31.4,279.0,18.0,0,0,0,0,0,0,0,0

SID,KEVA2C,03,2
CD, ,0,0,0,BCD,0,0.0,32.0,5.0,0,0,0,0,0,0,0,0
DF,BCD,10.775278,123.020528,1, ,0.0,0.0,2,6000,0,0,0,0,0,0
TF,D118J,10.702761,123.173139,0, ,0.0,0.0,0.0,0.0,2,9000,0,0,0,0,0,0
TF,KEVAN,10.677528,123.226194,0, ,0.0,0.0,0.0,0.0,0,0,0,0,0,0,0,0

SID,KEVA2D,21,2
CD, ,0,0,0,BCD,0,0.0,212.0,5.0,2,1000,0,0,0,0,0,0
DF,BCD,10.775278,123.020528,2, ,0.0,0.0,2,6000,0,0,0,0,0,0
TF,D118J,10.702761,123.173139,0, ,0.0,0.0,0.0,0.0,2,9000,0,0,0,0,0,0
TF,KEVAN,10.677528,123.226194,0, ,0.0,0.0,0.0,0.0,0,0,0,0,0,0,0,0

SID,KEVA6R,21,5
CA,0,212.0,2,3000,0,0,0,0,0,0
DF,KEVAN,10.677528,123.226194,1, ,0.0,0.0,2,9000,0,0,0,0,0,0

SID,LAMB2A,03,2
CD, ,0,0,0,BCD,0,0.0,32.0,5.0,0,0,0,0,0,0,0,0
VI,1, ,0.0,272.0,0,0,0,0,0,0,0,0
CF,POTUN,11.040000,122.562639,0,BCD,302.4,31.3,302.0,18.0,2,8000,0,0,0,0,0,0
TF,LAMBO,11.162083,122.350944,0, ,0.0,0.0,0.0,0.0,0,0,0,0,0,0,0,0

SID,LAMB2B,21,2
CD, ,0,0,0,BCD,0,0.0,212.0,5.0,0,0,0,0,0,0,0,0
VI,2, ,0.0,332.0,0,0,0,0,0,0,0,0
CF,POTUN,11.040000,122.562639,0,BCD,302.4,31.3,302.0,17.0,2,8000,0,0,0,0,0,0
TF,LAMBO,11.162083,122.350944,0, ,0.0,0.0,0.0,0.0,0,0,0,0,0,0,0,0

SID,LAMB4P,03,5
CA,0,32.0,2,1000,0,0,0,0,0,0
DF,LAMBO,11.162083,122.350944,1, ,0.0,0.0,0,0,0,0,0,0,0,0

SID,LAMB4R,21,5
CA,0,212.0,2,1000,0,0,0,0,0,0
DF,LAMBO,11.162083,122.350944,2, ,0.0,0.0,0,0,0,0,0,0,0,0

SID,MARA2A,03,2
CD, ,0,0,0,BCD,0,0.0,32.0,5.0,0,0,0,0,0,0,0,0
VI,0, ,0.0,306.0,0,0,0,0,0,0,0,0
CF,MARAO,11.295639,122.764917,0,BCD,336.1,34.6,336.0,22.0,2,4000,0,0,0,0,0,0

SID,MARA2B,21,2
CD, ,0,0,0,BCD,0,0.0,212.0,5.0,0,0,0,0,0,0,0,0
VI,2, ,0.0,6.0,0,0,0,0,0,0,0,0
CF,MARAO,11.295639,122.764917,0,BCD,336.1,34.6,336.0,23.0,2,4000,0,0,0,0,0,0

SID,NANA2A,03,2
CD, ,0,0,0,BCD,0,0.0,32.0,5.0,0,0,0,0,0,0,0,0
DF,BCD,10.775278,123.020528,1, ,0.0,0.0,2,3000,0,0,0,0,0,0
TF,RUXEM,10.257083,123.001861,0, ,0.0,0.0,0.0,0.0,2,8000,0,0,0,0,0,0
TF,NANAS,9.790500,122.985083,0, ,0.0,0.0,0.0,0.0,0,0,0,0,0,0,0,0

SID,NANA2B,21,2
CD, ,0,0,0,BCD,0,0.0,212.0,5.0,0,0,0,0,0,0,0,0
VI,0, ,0.0,154.0,0,0,0,0,0,0,0,0
CF,RUXEM,10.257083,123.001861,0,BCD,184.0,31.0,184.0,22.0,2,8000,0,0,0,0,0,0
TF,NANAS,9.790500,122.985083,0, ,0.0,0.0,0.0,0.0,0,0,0,0,0,0,0,0

SID,NANA4P,03,5
CA,0,32.0,2,1000,0,0,0,0,0,0
DF,SAGLA,10.838583,122.792222,1, ,0.0,0.0,0,0,0,0,0,0,0,0
TF,NANAS,9.790500,122.985083,1, ,0.0,0.0,0.0,0.0,0,0,0,0,0,0,0,0

SID,NANA4R,21,5
CA,0,212.0,2,1000,0,0,0,0,0,0
DF,NANAS,9.790500,122.985083,0, ,0.0,0.0,0,0,0,0,0,0,0,0

SID,NASA2A,03,2
CD, ,0,0,0,BCD,0,0.0,32.0,5.0,0,0,0,0,0,0,0,0
VI,0, ,0.0,314.0,0,0,0,0,0,0,0,0
CF,NASAG,11.321194,122.844361,0,BCD,344.3,34.2,344.0,23.0,2,4000,0,0,0,0,0,0

SID,NASA2B,21,2
CD, ,0,0,0,BCD,0,0.0,212.0,5.0,0,0,0,0,0,0,0,0
VI,2, ,0.0,14.0,0,0,0,0,0,0,0,0
CF,NASAG,11.321194,122.844361,0,BCD,344.3,34.2,344.0,24.0,2,4000,0,0,0,0,0,0

SID,NASA4P,03,5
CA,0,32.0,2,1000,0,0,0,0,0,0
DF,MELAI,11.092417,122.952639,0, ,0.0,0.0,0,0,0,0,0,0,0,0
TF,NASAG,11.321194,122.844361,0, ,0.0,0.0,0.0,0.0,0,0,0,0,0,0,0,0

SID,NASA4R,21,5
CA,0,212.0,2,1000,0,0,0,0,0,0
DF,DALKU,10.914000,122.864361,2, ,0.0,0.0,0,0,0,0,0,0,0,0
TF,NASAG,11.321194,122.844361,0, ,0.0,0.0,0.0,0.0,0,0,0,0,0,0,0,0

SID,PALG2A,03,2
CD, ,0,0,0,BCD,0,0.0,32.0,5.0,0,0,0,0,0,0,0,0
VI,1, ,0.0,190.0,0,0,0,0,0,0,0,0
CF,PASDA,10.492583,122.794583,0,BCD,220.4,21.5,220.0,18.0,2,5000,0,0,0,0,0,0
TF,GULFO,10.382111,122.706417,0, ,0.0,0.0,0.0,0.0,2,6000,0,0,0,0,0,0
TF,PALGI,9.994333,122.397639,0, ,0.0,0.0,0.0,0.0,0,0,0,0,0,0,0,0

SID,PALG2B,21,2
CA,0,212.0,2,590,0,0,0,0,0,0
CF,PASDA,10.492583,122.794583,0,BCD,220.4,21.5,220.0,20.0,2,5000,0,0,0,0,0,0
TF,GULFO,10.382111,122.706417,0, ,0.0,0.0,0.0,0.0,2,6000,0,0,0,0,0,0
TF,PALGI,9.994333,122.397639,0, ,0.0,0.0,0.0,0.0,0,0,0,0,0,0,0,0

SID,PALG4P,03,5
CA,0,32.0,2,1000,0,0,0,0,0,0
DF,SAGLA,10.838583,122.792222,1, ,0.0,0.0,0,0,0,0,0,0,0,0
TF,PALGI,9.994333,122.397639,0, ,0.0,0.0,0.0,0.0,0,0,0,0,0,0,0,0

SID,PALG4R,21,5
CA,0,212.0,2,1000,0,0,0,0,0,0
DF,PALGI,9.994333,122.397639,0, ,0.0,0.0,0,0,0,0,0,0,0,0

SID,TADA2C,03,2
CD, ,0,0,0,BCD,0,0.0,32.0,5.0,0,0,0,0,0,0,0,0
DF,BCD,10.775278,123.020528,1, ,0.0,0.0,2,6000,0,0,0,0,0,0
TF,D168O,10.531150,123.080158,0, ,0.0,0.0,0.0,0.0,2,11000,0,0,0,0,0,0
TF,TADAG,10.268667,123.144167,0, ,0.0,0.0,0.0,0.0,0,0,0,0,0,0,0,0

SID,TADA2D,21,2
CD, ,0,0,0,BCD,0,0.0,212.0,5.0,0,0,0,0,0,0,0,0
DF,BCD,10.775278,123.020528,2, ,0.0,0.0,2,6000,0,0,0,0,0,0
TF,D168O,10.531150,123.080158,2, ,0.0,0.0,0.0,0.0,2,11000,0,0,0,0,0,0
TF,TADAG,10.268667,123.144167,0, ,0.0,0.0,0.0,0.0,0,0,0,0,0,0,0,0

SID,TADA2E,03,2
CD, ,0,0,0,BCD,0,0.0,32.0,5.0,0,0,0,0,0,0,0,0
DF,BCD,10.775278,123.020528,1, ,0.0,0.0,2,6000,0,0,0,0,0,0
TF,D168O,10.531150,123.080158,0, ,0.0,0.0,0.0,0.0,2,11000,0,0,0,0,0,0
TF,TADAG,10.268667,123.144167,0, ,0.0,0.0,0.0,0.0,0,0,0,0,0,0,0,0

SID,TADA2F,21,2
CD, ,0,0,0,BCD,0,0.0,212.0,5.0,0,0,0,0,0,0,0,0
VI,0, ,0.0,138.0,0,0,0,0,0,0,0,0
CF,D168O,10.531150,123.080158,0,BCD,168.4,15.0,168.0,4.0,2,11000,0,0,0,0,0,0
TF,TADAG,10.268667,123.144167,0, ,0.0,0.0,0.0,0.0,0,0,0,0,0,0,0,0

SID,VICT2A,03,2
CD, ,0,0,0,BCD,0,0.0,32.0,5.0,0,0,0,0,0,0,0,0
CF,VICTA,10.974417,123.121361,0,BCD,28.6,13.3,29.0,9.0,2,5000,0,0,0,0,0,0

SID,VICT2B,21,2
CD, ,0,0,0,BCD,0,0.0,212.0,5.0,0,0,0,0,0,0,0,0
VI,2, ,0.0,59.0,0,0,0,0,0,0,0,0
CF,VICTA,10.974417,123.121361,0,BCD,28.6,13.3,29.0,11.0,2,5000,0,0,0,0,0,0

STAR,BEDE3P,03,5
IF,BEDER,11.061278,122.278972, ,0.0,0.0,2,13000,0,1,250,0,0,0
TF,DIMBO,10.877833,122.524583,0, ,0.0,0.0,0.0,0.0,2,6500,0,0,0,0,0,0
TF,BEGEE,10.660611,122.814722,0, ,0.0,0.0,0.0,0.0,2,3000,0,0,0,0,0,0

STAR,BEDE3R,21,5
IF,BEDER,11.061278,122.278972, ,0.0,0.0,2,13000,0,1,250,0,0,0
TF,RIANN,11.018944,122.722611,0, ,0.0,0.0,0.0,0.0,2,6500,0,0,0,0,0,0
TF,KAPMO,11.002861,122.889528,0, ,0.0,0.0,0.0,0.0,2,3100,0,0,0,0,0,0
TF,GENES,10.991444,123.007583,0, ,0.0,0.0,0.0,0.0,2,3100,0,0,0,0,0,0

STAR,GALI1A,ALL,2
IF,GALIA,11.300583,122.652611, ,0.0,0.0,0,0,0,0,0,0,0,0
TF,BCD,10.775278,123.020528,0, ,0.0,0.0,0.0,0.0,2,6000,0,0,0,0,0,0

STAR,GALI3P,03,5
IF,GALIA,11.300583,122.652611, ,0.0,0.0,2,13000,0,1,250,0,0,0
TF,OLRUS,10.974722,122.735000,0, ,0.0,0.0,0.0,0.0,2,3100,0,0,0,0,0,0
TF,BEGEE,10.660611,122.814722,0, ,0.0,0.0,0.0,0.0,2,3000,0,0,0,0,0,0

STAR,GALI3R,21,5
IF,GALIA,11.300583,122.652611, ,0.0,0.0,2,13000,0,1,250,0,0,0
TF,GENES,10.991444,123.007583,0, ,0.0,0.0,0.0,0.0,2,3100,0,0,0,0,0,0

STAR,IOO1A,ALL,2
IF,IOO,10.835389,122.492083, ,0.0,0.0,0,0,0,0,0,0,0,0
TF,BCD,10.775278,123.020528,0, ,0.0,0.0,0.0,0.0,2,6000,0,0,0,0,0,0

STAR,IOO1B,ALL,2
IF,IOO,10.835389,122.492083, ,0.0,0.0,0,0,0,0,0,0,0,0
TF,ZIGUM,10.602111,122.917389,0, ,0.0,0.0,0.0,0.0,2,3500,0,0,0,0,0,0

STAR,KADS3P,03,5
IF,KADSO,11.016806,123.314472, ,0.0,0.0,2,9000,0,1,250,0,0,0
TF,RAVIA,10.940528,122.967278,0, ,0.0,0.0,0.0,0.0,2,3000,0,0,0,0,0,0
TF,BEGEE,10.660611,122.814722,0, ,0.0,0.0,0.0,0.0,2,3000,0,0,0,0,0,0

STAR,KADS3R,21,5
IF,KADSO,11.016806,123.314472, ,0.0,0.0,2,9000,0,1,250,0,0,0
TF,TODIX,11.034361,123.169639,0, ,0.0,0.0,0.0,0.0,2,5000,0,0,0,0,0,0

STAR,KADSO1,ALL,2
IF,KADSO,11.016806,123.314472, ,0.0,0.0,0,0,0,0,0,0,0,0
TF,VICTA,10.974417,123.121361,0, ,0.0,0.0,0.0,0.0,2,6000,0,0,0,0,0,0
TF,BCD,10.775278,123.020528,0, ,0.0,0.0,0.0,0.0,0,0,0,0,0,0,0,0

STAR,KEVA1B,ALL,2
IF,KEVAN,10.677528,123.226194, ,0.0,0.0,0,0,0,0,0,0,0,0
TF,BCD,10.775278,123.020528,0, ,0.0,0.0,0.0,0.0,2,9000,0,0,0,0,0,0

STAR,LAMB1A,ALL,2
IF,LAMBO,11.162083,122.350944, ,0.0,0.0,0,0,0,0,0,0,0,0
TF,POTUN,11.040000,122.562639,0, ,0.0,0.0,0.0,0.0,2,8000,0,0,0,0,0,0
TF,BCD,10.775278,123.020528,0, ,0.0,0.0,0.0,0.0,2,6000,0,0,0,0,0,0

STAR,LAMB3P,03,5
IF,LAMBO,11.162083,122.350944, ,0.0,0.0,2,13000,0,1,250,0,0,0
TF,DIMBO,10.877833,122.524583,0, ,0.0,0.0,0.0,0.0,2,6500,0,0,0,0,0,0
TF,BEGEE,10.660611,122.814722,0, ,0.0,0.0,0.0,0.0,2,3000,0,0,0,0,0,0

STAR,LAMB3R,21,5
IF,LAMBO,11.162083,122.350944, ,0.0,0.0,2,13000,0,1,250,0,0,0
TF,IKANI,11.063583,122.730722,0, ,0.0,0.0,0.0,0.0,2,5400,0,0,0,0,0,0
TF,TEMEM,11.021361,122.892889,0, ,0.0,0.0,0.0,0.0,2,3100,0,0,0,0,0,0
TF,GENES,10.991444,123.007583,0, ,0.0,0.0,0.0,0.0,2,3100,0,0,0,0,0,0

STAR,MARA3P,03,5
IF,MARAO,11.295639,122.764917, ,0.0,0.0,2,13000,0,1,250,0,0,0
TF,OLRUS,10.974722,122.735000,0, ,0.0,0.0,0.0,0.0,2,3100,0,0,0,0,0,0
TF,BEGEE,10.660611,122.814722,0, ,0.0,0.0,0.0,0.0,2,3000,0,0,0,0,0,0

STAR,MARA3R,21,5
IF,MARAO,11.295639,122.764917, ,0.0,0.0,2,13000,0,1,250,0,0,0
TF,GENES,10.991444,123.007583,0, ,0.0,0.0,0.0,0.0,2,3100,0,0,0,0,0,0

STAR,MARAO1,ALL,2
IF,MARAO,11.295639,122.764917, ,0.0,0.0,0,0,0,0,0,0,0,0
TF,BCD,10.775278,123.020528,0, ,0.0,0.0,0.0,0.0,2,6000,0,0,0,0,0,0

STAR,NANA1A,ALL,2
IF,NANAS,9.790500,122.985083, ,0.0,0.0,0,0,0,0,0,0,0,0
TF,RUXEM,10.257083,123.001861,0, ,0.0,0.0,0.0,0.0,0,0,0,0,0,0,0,0
TF,BCD,10.775278,123.020528,0, ,0.0,0.0,0.0,0.0,2,8000,0,0,0,0,0,0

STAR,NANA3P,03,5
IF,NANAS,9.790500,122.985083, ,0.0,0.0,2,13000,0,1,250,0,0,0
TF,MANAY,10.164389,122.918389,0, ,0.0,0.0,0.0,0.0,2,4700,0,0,0,0,0,0
TF,NODOM,10.500528,122.858278,0, ,0.0,0.0,0.0,0.0,2,3000,0,0,0,0,0,0

STAR,NANA3R,21,5
IF,NANAS,9.790500,122.985083, ,0.0,0.0,2,13000,0,1,250,0,0,0
TF,LIDIA,10.846417,122.922917,0, ,0.0,0.0,0.0,0.0,2,6100,0,0,0,0,0,0
TF,GENES,10.991444,123.007583,0, ,0.0,0.0,0.0,0.0,2,3100,0,0,0,0,0,0

STAR,NASA1A,ALL,2
IF,NASAG,11.321194,122.844361, ,0.0,0.0,0,0,0,0,0,0,0,0
TF,RAVIA,10.940528,122.967278,0, ,0.0,0.0,0.0,0.0,0,0,0,0,0,0,0,0
TF,BCD,10.775278,123.020528,0, ,0.0,0.0,0.0,0.0,2,6000,0,0,0,0,0,0

STAR,NASA3P,03,5
IF,NASAG,11.321194,122.844361, ,0.0,0.0,2,9000,0,1,250,0,0,0
TF,OLRUS,10.974722,122.735000,0, ,0.0,0.0,0.0,0.0,2,3100,0,0,0,0,0,0
TF,BEGEE,10.660611,122.814722,0, ,0.0,0.0,0.0,0.0,2,3000,0,0,0,0,0,0

STAR,NASA5R,21,5
IF,NASAG,11.321194,122.844361, ,0.0,0.0,2,9000,0,1,250,0,0,0
TF,GENES,10.991444,123.007583,0, ,0.0,0.0,0.0,0.0,2,3100,0,0,0,0,0,0

STAR,PALG1A,ALL,2
IF,PALGI,9.994333,122.397639, ,0.0,0.0,0,0,0,0,0,0,0,0
TF,GULFO,10.382111,122.706417,0, ,0.0,0.0,0.0,0.0,0,0,0,0,0,0,0,0
TF,PASDA,10.492583,122.794583,0, ,0.0,0.0,0.0,0.0,0,0,0,0,0,0,0,0
TF,BCD,10.775278,123.020528,0, ,0.0,0.0,0.0,0.0,2,6000,0,0,0,0,0,0

STAR,PALG3P,03,5
IF,PALGI,9.994333,122.397639, ,0.0,0.0,2,13000,0,1,250,0,0,0
TF,NODOM,10.500528,122.858278,0, ,0.0,0.0,0.0,0.0,2,3000,0,0,0,0,0,0

STAR,PALG3R,21,5
IF,PALGI,9.994333,122.397639, ,0.0,0.0,2,13000,0,1,250,0,0,0
TF,LIDIA,10.846417,122.922917,0, ,0.0,0.0,0.0,0.0,2,6100,0,0,0,0,0,0
TF,GENES,10.991444,123.007583,0, ,0.0,0.0,0.0,0.0,2,3100,0,0,0,0,0,0

STAR,RUXE3P,03,5
IF,RUXEM,10.257083,123.001861, ,0.0,0.0,2,10000,0,1,250,0,0,0
TF,NODOM,10.500528,122.858278,0, ,0.0,0.0,0.0,0.0,2,3000,0,0,0,0,0,0

STAR,RUXE3R,21,5
IF,RUXEM,10.257083,123.001861, ,0.0,0.0,2,10000,0,1,250,0,0,0
TF,LIDIA,10.846417,122.922917,0, ,0.0,0.0,0.0,0.0,2,6100,0,0,0,0,0,0
TF,GENES,10.991444,123.007583,0, ,0.0,0.0,0.0,0.0,2,3100,0,0,0,0,0,0

STAR,TADA1B,ALL,2
IF,TADAG,10.268667,123.144167, ,0.0,0.0,0,0,0,0,0,0,0,0
TF,BCD,10.775278,123.020528,0, ,0.0,0.0,0.0,0.0,2,11000,0,0,0,0,0,0

STAR,TADA5P,03,5
IF,TADAG,10.268667,123.144167, ,0.0,0.0,2,10000,0,1,250,0,0,0
TF,NODOM,10.500528,122.858278,0, ,0.0,0.0,0.0,0.0,2,3000,0,0,0,0,0,0

STAR,TADA5R,21,5
IF,TADAG,10.268667,123.144167, ,0.0,0.0,2,10000,0,1,250,0,0,0
TF,GAPIT,10.581806,123.024361,0, ,0.0,0.0,0.0,0.0,2,9500,0,0,0,0,0,0
TF,LIDIA,10.846417,122.922917,0, ,0.0,0.0,0.0,0.0,2,6100,0,0,0,0,0,0
TF,GENES,10.991444,123.007583,0, ,0.0,0.0,0.0,0.0,2,3100,0,0,0,0,0,0

APPTR,D03,03,BCD
IF,BCD,10.775278,123.020528, ,0.0,0.0,2,6000,0,0,0,0,1,0
FD,BCD,10.775278,123.020528,0,BCD,0.0,12.0,192.0,12.0,0,0,0,0,0,0,0,0
CF,CD03,10.604889,122.912917,2,BCD,214.0,12.0,34.0,1.0,2,3000,0,0,0,0,1,0

FINAL,D03,03,D,3
IF,CD03,10.604889,122.912917,BCD,214.0,12.0,2,3000,0,0,0,0,0,0
CF,FD03,10.685833,122.964028,0,BCD,214.0,6.3,34.0,5.7,2,2000,0,0,0,0,2,0
CF,MD03,10.761078,123.011553,0,BCD,214.0,1.0,34.0,5.3,1,294,0,0,0,0,3,0
CA,0,34.0,2,1000,0,0,0,0,0,0
DF,BCD,10.775278,123.020528,1, ,0.0,0.0,2,6000,0,0,0,0,0,0
HM,BCD,10.775278,123.020528,2, ,0.0,0.0,192.0,04.3,2,6000,0,1,220,0,0,0,0

APPTR,D21,21,BCD
IF,BCD,10.775278,123.020528, ,0.0,0.0,2,6000,0,0,0,0,1,0
FD,BCD,10.775278,123.020528,0,BCD,0.0,12.0,51.0,12.0,0,0,0,0,0,0,0,0
CF,NILAC,10.952639,123.116194,1,BCD,30.1,12.0,210.0,1.0,2,3000,0,0,0,0,0,0

APPTR,D21,21,D118M
IF,D118M,10.679797,123.218322, ,0.0,0.0,0,0,0,0,0,0,0,0
AF,D069M,10.860258,123.223219,1,BCD,69.0,13.0,118.0,2,8000,0,0,0,0,0,0
AF,D030M,10.967442,123.123942,1,BCD,30.0,13.0,69.0,2,3000,0,0,0,0,0,0
CF,NILAC,10.952639,123.116194,0,BCD,30.1,12.0,210.0,1.0,2,3000,0,0,0,0,0,0

APPTR,D21,21,D279M
IF,D279M,10.801725,122.802011, ,0.0,0.0,0,0,0,0,0,0,0,0
AF,D030M,10.967442,123.123942,2,BCD,30.0,13.0,279.0,2,3000,0,0,0,0,0,0
CF,NILAC,10.952639,123.116194,0,BCD,30.1,12.0,210.0,1.0,2,3000,0,0,0,0,0,0

FINAL,D21,21,D,3
IF,NILAC,10.952639,123.116194,BCD,30.1,12.0,2,3000,0,0,0,0,1,0
CF,FD21,10.869889,123.071417,0,BCD,30.0,6.4,210.0,5.6,2,2000,0,0,0,0,2,0
CF,MD21,10.790061,123.028475,0,BCD,30.0,1.0,210.0,5.4,1,272,0,0,0,0,3,0
CA,0,210.0,2,1000,0,0,0,0,0,0
DF,BCD,10.775278,123.020528,2, ,0.0,0.0,2,6000,0,0,0,0,0,0
HM,BCD,10.775278,123.020528,1, ,0.0,0.0,51.0,04.3,2,6000,0,1,220,0,0,0,0

APPTR,I03,03,BCD
IF,BCD,10.775278,123.020528, ,0.0,0.0,2,6000,0,0,0,0,1,0
FD,BCD,10.775278,123.020528,0,BCD,0.0,12.0,189.0,12.0,0,0,0,0,0,0,0,0
CF,ZIGUM,10.602111,122.917389,2,IBCD,212.0,13.0,32.0,1.0,2,3000,0,0,0,0,0,0

APPTR,I03,03,D118M
IF,D118M,10.679797,123.218322, ,0.0,0.0,0,0,0,0,0,0,0,0
AF,D168M,10.564075,123.073744,2,BCD,168.0,13.0,118.0,2,9000,0,0,0,0,0,0
AF,D184M,10.557744,123.012850,2,BCD,184.0,13.0,168.0,2,5000,0,0,0,0,0,0
AF,D212M,10.586756,122.910525,2,BCD,212.0,13.0,184.0,2,3000,0,0,0,0,0,0
CF,ZIGUM,10.602111,122.917389,0,IBCD,212.0,13.0,32.0,1.0,2,3000,0,0,0,0,0,0

APPTR,I03,03,D168M
IF,D168M,10.564075,123.073744, ,0.0,0.0,0,0,0,0,0,0,0,0
AF,D184M,10.557744,123.012850,2,BCD,184.0,13.0,168.0,2,5000,0,0,0,0,0,0
AF,D212M,10.586756,122.910525,2,BCD,212.0,13.0,184.0,2,3000,0,0,0,0,0,0
CF,ZIGUM,10.602111,122.917389,0,IBCD,212.0,13.0,32.0,1.0,2,3000,0,0,0,0,0,0

APPTR,I03,03,D184M
IF,D184M,10.557744,123.012850, ,0.0,0.0,0,0,0,0,0,0,0,0
AF,D212M,10.586756,122.910525,2,BCD,212.0,13.0,184.0,2,3000,0,0,0,0,0,0
CF,ZIGUM,10.602111,122.917389,0,IBCD,212.0,13.0,32.0,1.0,2,3000,0,0,0,0,0,0

APPTR,I03,03,D344M
IF,D344M,10.982275,122.952453, ,0.0,0.0,0,0,0,0,0,0,0,0
AF,D212M,10.586756,122.910525,1,BCD,212.0,13.0,344.0,2,3000,0,0,0,0,0,0
CF,ZIGUM,10.602111,122.917389,0,IBCD,212.0,13.0,32.0,1.0,2,3000,0,0,0,0,0,0

FINAL,I03,03,I,3
IF,ZIGUM,10.602111,122.917389,IBCD,212.0,13.0,2,3000,0,0,0,0,1,0
CF,FF03,10.684056,122.965139,0,IBCD,212.0,7.4,32.0,5.7,1,2000,0,0,0,0,2,0
CF,RW03,10.768761,123.014528,0,IBCD,212.0,1.5,32.0,5.8,1,140,0,0,0,0,3,0
CA,0,32.0,2,1000,0,0,0,0,0,0
DF,BCD,10.775278,123.020528,1, ,0.0,0.0,2,6000,0,0,0,0,0,0
HM,BCD,10.775278,123.020528,2, ,0.0,0.0,189.0,04.3,2,6000,0,1,220,0,0,0,0

APPTR,R03,03,BEGEE
IF,BEGEE,10.660611,122.814722, ,0.0,0.0,2,3000,0,0,0,0,1,0
TF,VB03A,10.602083,122.917389,0, ,0.0,0.0,0.0,0.0,2,1800,0,0,0,0,1,0

APPTR,R03,03,NODOM
IF,NODOM,10.500528,122.858278, ,0.0,0.0,2,3000,0,0,0,0,1,0
TF,VB03A,10.602083,122.917389,0, ,0.0,0.0,0.0,0.0,2,1800,0,0,0,0,1,0

FINAL,R03,03,R,3
IF,VB03A,10.602083,122.917389, ,0.0,0.0,2,1800,0,0,0,0,0,0
TF,VB03B,10.692889,122.970306,0, ,0.0,0.0,32.0,6.3,1,1800,0,0,0,0,2,0
TF,RW03,10.768761,123.014528,0, ,0.0,0.0,32.0,5.2,1,136,0,0,0,0,3,1
CA,0,32.0,2,1000,0,0,0,0,0,0
DF,RAVIA,10.940528,122.967278,0, ,0.0,0.0,2,3000,0,1,185,0,0,0
HM,RAVIA,10.940528,122.967278,2, ,0.0,0.0,210.0,04.3,2,3000,0,1,230,0,0,0,0

APPTR,R21,21,GENES
IF,GENES,10.991444,123.007583, ,0.0,0.0,2,3100,0,0,0,0,1,0
TF,VB21A,10.932861,123.110306,0, ,0.0,0.0,0.0,0.0,2,1800,0,0,0,0,1,0

APPTR,R21,21,TODIX
IF,TODIX,11.034361,123.169639, ,0.0,0.0,2,5000,0,0,0,0,1,0
TF,VB21A,10.932861,123.110306,0, ,0.0,0.0,0.0,0.0,2,1800,0,0,0,0,1,0

FINAL,R21,21,R,3
IF,VB21A,10.932861,123.110306, ,0.0,0.0,2,1800,0,0,0,0,0,0
TF,VB21B,10.860361,123.067972,0, ,0.0,0.0,212.0,5.0,1,1800,0,0,0,0,2,0
TF,RW21,10.784447,123.023678,0, ,0.0,0.0,212.0,5.2,1,134,0,0,0,0,3,1
CA,0,212.0,2,1000,0,0,0,0,0,0
DF,GENES,10.991444,123.007583,2, ,0.0,0.0,2,3100,0,0,0,0,0,0
HM,GENES,10.991444,123.007583,2, ,0.0,0.0,122.0,04.3,2,3100,0,1,230,0,0,0,0

