SID,AROL3R,09,5
CA,0,95.0,2,1000,0,1,230,0,0,0
DF,DEGRA,9.452139,123.470611,0, ,0.0,0.0,0,0,0,1,230,0,0,0
TF,AROLA,9.600139,123.577833,0, ,0.0,0.0,0.0,0.0,0,0,0,0,0,0,0,0

SID,NANA5R,09,5
CA,0,95.0,2,1000,0,1,240,0,0,0
DF,ANDUM,9.477250,123.229306,1, ,0.0,0.0,0,0,0,1,240,0,0,0
TF,REYMA,9.636861,123.000167,0, ,0.0,0.0,0.0,0.0,0,0,0,0,0,0,0,0
TF,NANAS,9.790500,122.985083,0, ,0.0,0.0,0.0,0.0,0,0,0,0,0,0,0,0

SID,NANA6R,09,5
CF,BUTAG,9.329028,123.394639,0,MCT,212.9,68.5,95.0,5.0,0,0,0,1,240,0,0,1
DF,DGT,9.334556,123.306500,2, ,0.0,0.0,0,0,0,1,240,0,0,0
TF,ANDUM,9.477250,123.229306,0, ,0.0,0.0,0.0,0.0,0,0,0,0,0,0,0,0
TF,REYMA,9.636861,123.000167,0, ,0.0,0.0,0.0,0.0,0,0,0,0,0,0,0,0
TF,NANAS,9.790500,122.985083,0, ,0.0,0.0,0.0,0.0,0,0,0,0,0,0,0,0

STAR,AROL1W,27,5
IF,AROLA,9.600139,123.577833, ,0.0,0.0,2,8000,0,0,0,0,0,0
TF,GRACI,9.363639,123.596556,0, ,0.0,0.0,0.0,0.0,2,3000,0,1,250,0,0,0

STAR,NANA1W,27,5
IF,NANAS,9.790500,122.985083, ,0.0,0.0,2,8000,0,0,0,0,0,0
TF,DEGRA,9.452139,123.470611,0, ,0.0,0.0,0.0,0.0,2,4600,0,0,0,0,0,0
TF,SADAD,9.403972,123.539583,0, ,0.0,0.0,0.0,0.0,2,3000,0,1,250,0,0,0

APPTR,R27,27,GRACI
IF,GRACI,9.363639,123.596556, ,0.0,0.0,2,3000,0,1,250,0,1,0
TF,VD404,9.323278,123.497111,0, ,0.0,0.0,0.0,0.0,2,2000,0,0,0,0,1,0

APPTR,R27,27,SADAD
IF,SADAD,9.403972,123.539583, ,0.0,0.0,2,3000,0,1,250,0,1,0
TF,VD404,9.323278,123.497111,0, ,0.0,0.0,0.0,0.0,2,2000,0,0,0,0,1,0

FINAL,R27,27,R,3
IF,VD404,9.323278,123.497111, ,0.0,0.0,2,2000,0,0,0,0,0,0
TF,VD402,9.328000,123.412972,0, ,0.0,0.0,275.0,5.0,1,2000,0,1,185,0,2,0
TF,RW27,9.333711,123.310492,0, ,0.0,0.0,275.0,6.1,1,62,0,0,0,0,3,1
DF,DEGRA,9.452139,123.470611,2, ,0.0,0.0,0,0,0,1,190,0,0,0
TF,SADAD,9.403972,123.539583,0, ,0.0,0.0,0.0,0.0,2,3000,0,1,220,0,0,0

