SID,BCD1N,02,5
CF,MONLU,10.917167,122.524500,0,ROX,200.5,42.8,22.0,6.0,0,0,0,0,0,0,0,1
DF,BCD,10.775278,123.020528,0, ,0.0,0.0,2,5000,0,0,0,0,0,0

SID,BCD1S,20,5
CA,0,202.0,2,1000,0,0,0,0,0,0
DF,TACLI,10.741333,122.786972,1, ,0.0,0.0,0,0,0,1,230,0,0,0
TF,ZELOG,10.758972,122.909556,0, ,0.0,0.0,0.0,0.0,0,0,0,0,0,0,0,0
TF,BCD,10.775278,123.020528,0, ,0.0,0.0,0.0,0.0,2,6000,0,0,0,0,0,0

SID,BCD3A,02,2
CA,0,22.0,2,1000,0,0,0,0,0,0
VI,2, ,0.0,174.0,0,0,0,0,0,0,0,0
CF,D099O,10.806797,122.744472,0,IOO,98.5,15.0,99.0,11.0,2,5000,0,0,0,0,0,0
TF,BCD,10.775278,123.020528,0, ,0.0,0.0,0.0,0.0,0,0,0,0,0,0,0,0

SID,BCD3B,20,2
CA,0,202.0,2,1000,0,0,0,0,0,0
VI,1, ,0.0,56.0,0,0,0,0,0,0,0,0
CF,D099O,10.806797,122.744472,0,IOO,98.5,15.0,99.0,8.0,2,5000,0,0,0,0,0,0
TF,BCD,10.775278,123.020528,0, ,0.0,0.0,0.0,0.0,0,0,0,0,0,0,0,0

SID,BEDE3A,02,2
CA,0,22.0,2,1000,0,0,0,0,0,0
DF,IOO,10.835389,122.492083,2, ,0.0,0.0,2,5000,0,0,0,0,0,0
TF,D319J,10.957872,122.376583,0, ,0.0,0.0,0.0,0.0,2,9000,0,0,0,0,0,0
TF,BEDER,11.061278,122.278972,0, ,0.0,0.0,0.0,0.0,0,0,0,0,0,0,0,0

SID,BEDE3B,20,2
CA,0,202.0,2,1000,0,0,0,0,0,0
DF,IOO,10.835389,122.492083,1, ,0.0,0.0,2,5000,0,0,0,0,0,0
TF,D319J,10.957872,122.376583,0, ,0.0,0.0,0.0,0.0,2,9000,0,0,0,0,0,0
TF,BEDER,11.061278,122.278972,0, ,0.0,0.0,0.0,0.0,0,0,0,0,0,0,0,0

SID,BUSO1N,02,5
CF,MONLU,10.917167,122.524500,0,ROX,200.5,42.8,22.0,6.0,0,0,0,0,0,0,0,1
DF,BUSOG,11.192917,122.446306,0, ,0.0,0.0,2,9000,0,0,0,0,0,0

SID,BUSO1S,20,5
CA,0,202.0,2,1500,0,0,0,0,0,0
DF,BUSOG,11.192917,122.446306,2, ,0.0,0.0,2,9000,0,1,220,0,0,0

SID,BUSO3A,02,2
CA,0,22.0,2,1000,0,0,0,0,0,0
VI,0, ,0.0,325.0,0,0,0,0,0,0,0,0
CF,D355O,11.084547,122.460192,0,IOO,354.8,15.0,355.0,10.0,2,8000,0,0,0,0,0,0
TF,BUSOG,11.192917,122.446306,0, ,0.0,0.0,0.0,0.0,0,0,0,0,0,0,0,0

SID,BUSO3B,20,2
CA,0,202.0,2,1000,0,0,0,0,0,0
DF,IOO,10.835389,122.492083,1, ,0.0,0.0,0,0,0,0,0,0,0,0
TF,D355O,11.084547,122.460192,0, ,0.0,0.0,0.0,0.0,2,8000,0,0,0,0,0,0
TF,BUSOG,11.192917,122.446306,0, ,0.0,0.0,0.0,0.0,0,0,0,0,0,0,0,0

SID,DOPL3A,02,2
CA,0,22.0,2,1000,0,0,0,0,0,0
VI,2, ,0.0,180.0,0,0,0,0,0,0,0,0
CF,PASDA,10.492583,122.794583,0,IOO,140.9,27.2,141.0,21.0,2,5000,0,0,0,0,0,0
TF,RUXEM,10.257083,123.001861,0, ,0.0,0.0,0.0,0.0,2,11000,0,0,0,0,0,0
TF,DOPLI,10.142833,123.102250,0, ,0.0,0.0,0.0,0.0,0,0,0,0,0,0,0,0

SID,DOPL3B,20,2
CA,0,202.0,2,1000,0,0,0,0,0,0
VI,1, ,0.0,97.0,0,0,0,0,0,0,0,0
CF,PASDA,10.492583,122.794583,0,IOO,140.9,27.2,141.0,21.0,2,5000,0,0,0,0,0,0
TF,RUXEM,10.257083,123.001861,0, ,0.0,0.0,0.0,0.0,2,11000,0,0,0,0,0,0
TF,DOPLI,10.142833,123.102250,0, ,0.0,0.0,0.0,0.0,0,0,0,0,0,0,0,0

SID,GALI1N,02,5
CF,MONLU,10.917167,122.524500,0,ROX,200.5,42.8,22.0,6.0,0,0,0,0,0,0,0,1
DF,JAMEL,11.221361,122.625222,0, ,0.0,0.0,0,0,0,0,0,0,0,0
TF,GALIA,11.300583,122.652611,0, ,0.0,0.0,0.0,0.0,2,5000,0,0,0,0,0,0

SID,GALI1S,20,5
CA,0,202.0,2,1000,0,0,0,0,0,0
DF,SISCA,10.828000,122.556972,1, ,0.0,0.0,0,0,0,1,230,0,0,1
TF,JAMEL,11.221361,122.625222,0, ,0.0,0.0,0.0,0.0,0,0,0,0,0,0,0,0
TF,GALIA,11.300583,122.652611,0, ,0.0,0.0,0.0,0.0,2,5000,0,0,0,0,0,0

SID,GALI3C,02,2
CA,0,22.0,2,660,0,0,0,0,0,0
CF,POTUN,11.040000,122.562639,0,IOO,20.8,12.9,21.0,12.0,2,5000,0,0,0,0,0,0
TF,GALIA,11.300583,122.652611,0, ,0.0,0.0,0.0,0.0,0,0,0,0,0,0,0,0

SID,GALI3D,20,2
CA,0,202.0,2,1000,0,0,0,0,0,0
VI,1, ,0.0,335.0,0,0,0,0,0,0,0,0
CF,POTUN,11.040000,122.562639,0,IOO,20.8,12.9,21.0,12.0,2,5000,0,0,0,0,0,0
TF,GALIA,11.300583,122.652611,0, ,0.0,0.0,0.0,0.0,0,0,0,0,0,0,0,0

SID,KADS2A,02,2
CA,0,22.0,2,1000,0,0,0,0,0,0
VI,2, ,0.0,123.0,0,0,0,0,0,0,0,0
CF,RAVIA,10.940528,122.967278,0,IOO,79.3,28.8,79.0,23.0,2,5000,0,0,0,0,0,0
TF,VICTA,10.974417,123.121361,0, ,0.0,0.0,0.0,0.0,0,0,0,0,0,0,0,0
TF,KADSO,11.016806,123.314472,0, ,0.0,0.0,0.0,0.0,0,0,0,0,0,0,0,0

SID,KADS2B,20,2
CA,0,202.0,2,1000,0,0,0,0,0,0
VI,1, ,0.0,36.0,0,0,0,0,0,0,0,0
CF,RAVIA,10.940528,122.967278,0,IOO,79.3,28.8,79.0,23.0,2,5000,0,0,0,0,0,0
TF,VICTA,10.974417,123.121361,0, ,0.0,0.0,0.0,0.0,0,0,0,0,0,0,0,0
TF,KADSO,11.016806,123.314472,0, ,0.0,0.0,0.0,0.0,0,0,0,0,0,0,0,0

SID,LAMB1N,02,5
CF,MONLU,10.917167,122.524500,0,ROX,200.5,42.8,22.0,6.0,0,0,0,0,0,0,0,1
DF,LAMBO,11.162083,122.350944,0, ,0.0,0.0,2,9000,0,0,0,0,0,0

SID,LAMB1S,20,5
CA,0,202.0,2,1500,0,0,0,0,0,0
DF,LAMBO,11.162083,122.350944,2, ,0.0,0.0,2,9000,0,1,220,0,0,0

SID,LAMB3C,02,2
CA,0,22.0,2,1000,0,0,0,0,0,0
DF,IOO,10.835389,122.492083,2, ,0.0,0.0,2,5000,0,0,0,0,0,0
TF,D339J,10.989386,122.425594,0, ,0.0,0.0,0.0,0.0,2,9000,0,0,0,0,0,0
TF,LAMBO,11.162083,122.350944,0, ,0.0,0.0,0.0,0.0,0,0,0,0,0,0,0,0

SID,LAMB3D,20,2
CA,0,202.0,2,1000,0,0,0,0,0,0
DF,IOO,10.835389,122.492083,1, ,0.0,0.0,2,5000,0,0,0,0,0,0
TF,D339J,10.989386,122.425594,0, ,0.0,0.0,0.0,0.0,2,9000,0,0,0,0,0,0
TF,LAMBO,11.162083,122.350944,0, ,0.0,0.0,0.0,0.0,0,0,0,0,0,0,0,0

SID,LAMB3E,20,2
CA,0,202.0,2,1000,0,0,0,0,0,0
DF,D339J,10.989386,122.425594,1, ,0.0,0.0,2,9000,0,0,0,0,0,0
TF,LAMBO,11.162083,122.350944,0, ,0.0,0.0,0.0,0.0,0,0,0,0,0,0,0,0

SID,NANA3C,02,2
CA,0,22.0,2,1000,0,0,0,0,0,0
VI,2, ,0.0,191.0,0,0,0,0,0,0,0,0
CF,GULFO,10.382111,122.706417,0,IOO,156.9,29.9,157.0,23.0,2,10000,0,0,0,0,0,0
TF,BSAYA,10.171889,122.805556,0, ,0.0,0.0,0.0,0.0,0,0,0,0,0,0,0,0
TF,NANAS,9.790500,122.985083,0, ,0.0,0.0,0.0,0.0,0,0,0,0,0,0,0,0

SID,NANA3D,20,2
CA,0,202.0,2,1000,0,0,0,0,0,0
VI,0, ,0.0,127.0,0,0,0,0,0,0,0,0
CF,GULFO,10.382111,122.706417,0,IOO,156.9,29.9,157.0,24.0,2,10000,0,0,0,0,0,0
TF,BSAYA,10.171889,122.805556,0, ,0.0,0.0,0.0,0.0,0,0,0,0,0,0,0,0
TF,NANAS,9.790500,122.985083,0, ,0.0,0.0,0.0,0.0,0,0,0,0,0,0,0,0

SID,PALG3C,02,2
CA,0,22.0,2,1000,0,0,0,0,0,0
VI,2, ,0.0,226.0,0,0,0,0,0,0,0,0
CF,IGANG,10.419222,122.445306,0,IOO,188.4,25.0,188.0,21.0,2,5000,0,0,0,0,0,0
TF,PALGI,9.994333,122.397639,0, ,0.0,0.0,0.0,0.0,2,8000,0,0,0,0,0,0

SID,PALG3D,20,2
CA,0,202.0,2,1000,0,0,0,0,0,0
CF,IGANG,10.419222,122.445306,0,IOO,188.4,25.0,188.0,23.0,2,5000,0,0,0,0,0,0
TF,PALGI,9.994333,122.397639,0, ,0.0,0.0,0.0,0.0,2,8000,0,0,0,0,0,0

SID,PEGM3A,02,2
CA,0,22.0,2,1000,0,0,0,0,0,0
DF,IOO,10.835389,122.492083,2, ,0.0,0.0,2,5000,0,0,0,0,0,0
TF,D256J,10.788811,122.329411,0, ,0.0,0.0,0.0,0.0,2,7000,0,0,0,0,0,0
TF,PEGMU,10.719278,122.087194,0, ,0.0,0.0,0.0,0.0,2,13000,0,0,0,0,0,0

SID,PEGM3B,20,2
CA,0,202.0,2,1000,0,0,0,0,0,0
DF,IOO,10.835389,122.492083,1, ,0.0,0.0,2,5000,0,0,0,0,0,0
TF,D256J,10.788811,122.329411,0, ,0.0,0.0,0.0,0.0,2,7000,0,0,0,0,0,0
TF,PEGMU,10.719278,122.087194,0, ,0.0,0.0,0.0,0.0,2,13000,0,0,0,0,0,0

SID,PEGM3C,20,2
CA,0,202.0,2,1500,0,0,0,0,0,0
VI,0, ,0.0,285.0,0,0,0,0,0,0,0,0
FD,IOO,10.835389,122.492083,0,IOO,0.0,10.0,256.0,10.0,2,7000,0,0,0,0,0,0
CF,PEGMU,10.719278,122.087194,0,IOO,255.9,24.9,256.0,15.0,2,13000,0,0,0,0,0,0

SID,RUXE1N,02,5
CF,MONLU,10.917167,122.524500,0,ROX,200.5,42.8,22.0,6.0,0,0,0,0,0,0,0,1
DF,PASDA,10.492583,122.794583,2, ,0.0,0.0,0,0,0,0,0,0,0,0
TF,RUXEM,10.257083,123.001861,0, ,0.0,0.0,0.0,0.0,2,11000,0,0,0,0,0,0

SID,RUXE1S,20,5
CA,0,202.0,2,1000,0,0,0,0,0,0
DF,RUXEM,10.257083,123.001861,0, ,0.0,0.0,2,11000,0,1,230,0,0,0

SID,TADA2N,02,5
CF,MONLU,10.917167,122.524500,0,ROX,200.5,42.8,22.0,6.0,0,0,0,0,0,0,0,1
DF,PASDA,10.492583,122.794583,2, ,0.0,0.0,0,0,0,0,0,0,0,0
TF,RUXEM,10.257083,123.001861,0, ,0.0,0.0,0.0,0.0,2,11000,0,0,0,0,0,0
TF,TADAG,10.268667,123.144167,0, ,0.0,0.0,0.0,0.0,2,11000,0,0,0,0,0,0

SID,TADA2S,20,5
CA,0,202.0,2,1000,0,0,0,0,0,0
DF,RUXEM,10.257083,123.001861,0, ,0.0,0.0,2,11000,0,1,230,0,0,0
TF,TADAG,10.268667,123.144167,0, ,0.0,0.0,0.0,0.0,2,11000,0,0,0,0,0,0

SID,VICT3A,02,2
CA,0,22.0,2,1000,0,0,0,0,0,0
VI,2, ,0.0,123.0,0,0,0,0,0,0,0,0
CF,RAVIA,10.940528,122.967278,0,IOO,79.3,28.8,79.0,23.0,2,5000,0,0,0,0,0,0
TF,VICTA,10.974417,123.121361,0, ,0.0,0.0,0.0,0.0,0,0,0,0,0,0,0,0

SID,VICT3B,20,2
CA,0,202.0,2,1000,0,0,0,0,0,0
VI,1, ,0.0,36.0,0,0,0,0,0,0,0,0
CF,RAVIA,10.940528,122.967278,0,IOO,79.3,28.8,79.0,23.0,2,5000,0,0,0,0,0,0
TF,VICTA,10.974417,123.121361,0, ,0.0,0.0,0.0,0.0,0,0,0,0,0,0,0,0

STAR,BCD2,ALL,2
IF,BCD,10.775278,123.020528, ,0.0,0.0,0,0,0,0,0,0,0,0
TF,IOO,10.835389,122.492083,0, ,0.0,0.0,0.0,0.0,2,5000,0,0,0,0,0,0

STAR,BCD2N,02,5
IF,BCD,10.775278,123.020528, ,0.0,0.0,2,5000,0,1,250,0,0,0
TF,JERVE,10.584028,122.489250,0, ,0.0,0.0,0.0,0.0,2,2500,0,1,230,0,0,0

STAR,BCD2S,20,5
IF,BCD,10.775278,123.020528, ,0.0,0.0,2,5000,0,1,250,0,0,0
TF,JAYDA,10.911333,122.835056,0, ,0.0,0.0,0.0,0.0,0,0,0,0,0,0,0,0
TF,BERNA,11.039500,122.659972,0, ,0.0,0.0,0.0,0.0,2,3100,0,1,230,0,0,0

STAR,BEDE1N,02,5
IF,BEDER,11.061278,122.278972, ,0.0,0.0,2,9000,0,1,250,0,0,0
TF,IDNAN,10.936139,122.396389,0, ,0.0,0.0,0.0,0.0,2,8000,0,0,0,0,0,0

STAR,BEDE1S,20,5
IF,BEDER,11.061278,122.278972, ,0.0,0.0,2,9000,0,1,250,0,0,0
TF,LAYGO,11.120722,122.422639,0, ,0.0,0.0,0.0,0.0,0,0,0,0,0,0,0,0
TF,DOREG,11.163306,122.525611,0, ,0.0,0.0,0.0,0.0,2,5000,0,0,0,0,0,0
TF,SATTI,11.133556,122.604639,0, ,0.0,0.0,0.0,0.0,2,3100,0,1,230,0,0,0

STAR,BEDER2,ALL,2
FD,BEDER,11.061278,122.278972,0,IOO,319.0,5.0,139.0,5.0,2,9000,0,0,0,0,0,0
CF,IOO,10.835389,122.492083,0,IOO,0.0,0.0,139.0,5.0,2,6000,0,0,0,0,0,0

STAR,BUSO2A,ALL,2
FD,BUSOG,11.192917,122.446306,0,IOO,354.8,10.0,175.0,10.0,2,8000,0,0,0,0,0,0
CF,IOO,10.835389,122.492083,0,IOO,0.0,0.0,175.0,10.0,2,6000,0,0,0,0,0,0

STAR,BUSO2N,02,5
IF,BUSOG,11.192917,122.446306, ,0.0,0.0,0,0,0,1,250,0,0,0
TF,IDNAN,10.936139,122.396389,0, ,0.0,0.0,0.0,0.0,2,8000,0,0,0,0,0,0

STAR,BUSO2S,20,5
IF,BUSOG,11.192917,122.446306, ,0.0,0.0,2,7000,0,1,250,0,0,0
TF,DOREG,11.163306,122.525611,0, ,0.0,0.0,0.0,0.0,2,5000,0,0,0,0,0,0
TF,SATTI,11.133556,122.604639,0, ,0.0,0.0,0.0,0.0,2,3100,0,1,230,0,0,0

STAR,DOPLI2,ALL,2
IF,DOPLI,10.142833,123.102250, ,0.0,0.0,0,0,0,0,0,0,0,0
TF,RUXEM,10.257083,123.001861,0, ,0.0,0.0,0.0,0.0,2,11000,0,0,0,0,0,0
TF,PASDA,10.492583,122.794583,0, ,0.0,0.0,0.0,0.0,0,0,0,0,0,0,0,0
TF,IOO,10.835389,122.492083,0, ,0.0,0.0,0.0,0.0,2,5000,0,0,0,0,0,0

STAR,GALI2I,ALL,2
IF,GALIA,11.300583,122.652611, ,0.0,0.0,0,0,0,0,0,0,0,0
TF,POTUN,11.040000,122.562639,0, ,0.0,0.0,0.0,0.0,0,0,0,0,0,0,0,0
TF,IOO,10.835389,122.492083,0, ,0.0,0.0,0.0,0.0,2,5000,0,0,0,0,0,0

STAR,GALI2N,02,5
IF,GALIA,11.300583,122.652611, ,0.0,0.0,0,0,0,1,250,0,0,0
TF,JAMEL,11.221361,122.625222,0, ,0.0,0.0,0.0,0.0,0,0,0,0,0,0,0,0
TF,IDNAN,10.936139,122.396389,0, ,0.0,0.0,0.0,0.0,2,8000,0,0,0,0,0,0

STAR,GALI2S,20,5
IF,GALIA,11.300583,122.652611, ,0.0,0.0,2,5000,0,1,250,0,0,0
TF,JAMEL,11.221361,122.625222,0, ,0.0,0.0,0.0,0.0,0,0,0,0,0,0,0,0
TF,SATTI,11.133556,122.604639,0, ,0.0,0.0,0.0,0.0,2,3100,0,1,230,0,0,0

STAR,KADSO1,ALL,2
IF,KADSO,11.016806,123.314472, ,0.0,0.0,0,0,0,0,0,0,0,0
TF,VICTA,10.974417,123.121361,0, ,0.0,0.0,0.0,0.0,0,0,0,0,0,0,0,0
TF,RAVIA,10.940528,122.967278,0, ,0.0,0.0,0.0,0.0,0,0,0,0,0,0,0,0
TF,IOO,10.835389,122.492083,0, ,0.0,0.0,0.0,0.0,2,5000,0,0,0,0,0,0

STAR,LAMB2I,ALL,2
FD,LAMBO,11.162083,122.350944,0,IOO,338.9,10.0,159.0,10.0,2,9000,0,0,0,0,0,0
CF,IOO,10.835389,122.492083,0,IOO,0.0,0.0,159.0,10.0,2,6000,0,0,0,0,0,0

STAR,LAMB2N,02,5
IF,LAMBO,11.162083,122.350944, ,0.0,0.0,2,9000,0,1,250,0,0,0
TF,IDNAN,10.936139,122.396389,0, ,0.0,0.0,0.0,0.0,2,8000,0,0,0,0,0,0

STAR,LAMB2S,20,5
IF,LAMBO,11.162083,122.350944, ,0.0,0.0,2,9000,0,1,250,0,0,0
TF,DOREG,11.163306,122.525611,0, ,0.0,0.0,0.0,0.0,2,5000,0,0,0,0,0,0
TF,SATTI,11.133556,122.604639,0, ,0.0,0.0,0.0,0.0,2,3100,0,1,230,0,0,0

STAR,NANA2I,ALL,2
IF,NANAS,9.790500,122.985083, ,0.0,0.0,0,0,0,0,0,0,0,0
TF,BSAYA,10.171889,122.805556,0, ,0.0,0.0,0.0,0.0,2,10000,0,0,0,0,0,0
TF,GULFO,10.382111,122.706417,0, ,0.0,0.0,0.0,0.0,0,0,0,0,0,0,0,0
TF,IOO,10.835389,122.492083,0, ,0.0,0.0,0.0,0.0,2,5000,0,0,0,0,0,0

STAR,PALG2I,ALL,2
IF,PALGI,9.994333,122.397639, ,0.0,0.0,0,0,0,0,0,0,0,0
TF,IGANG,10.419222,122.445306,0, ,0.0,0.0,0.0,0.0,0,0,0,0,0,0,0,0
TF,IOO,10.835389,122.492083,0, ,0.0,0.0,0.0,0.0,2,5000,0,0,0,0,0,0

STAR,PASD1S,20,5
IF,PASDA,10.492583,122.794583, ,0.0,0.0,2,5000,0,1,250,0,0,0
TF,BERNA,11.039500,122.659972,0, ,0.0,0.0,0.0,0.0,2,3100,0,1,230,0,0,0

STAR,PEGMU2,ALL,2
FD,PEGMU,10.719278,122.087194,0,IOO,255.9,10.0,75.0,10.0,2,7000,0,0,0,0,0,0
CF,IOO,10.835389,122.492083,0,IOO,0.0,0.0,75.0,10.0,2,6000,0,0,0,0,0,0

STAR,RAVI1N,02,5
IF,RAVIA,10.940528,122.967278, ,0.0,0.0,2,5000,0,1,250,0,0,0
TF,JERVE,10.584028,122.489250,0, ,0.0,0.0,0.0,0.0,2,2500,0,1,230,0,0,0

STAR,RAVI1S,20,5
IF,RAVIA,10.940528,122.967278, ,0.0,0.0,2,5000,0,1,250,0,0,0
TF,BERNA,11.039500,122.659972,0, ,0.0,0.0,0.0,0.0,2,3100,0,1,230,0,0,0

STAR,RUXE2N,02,5
IF,RUXEM,10.257083,123.001861, ,0.0,0.0,2,11000,0,1,250,0,0,0
TF,MUNIG,10.439083,122.717556,0, ,0.0,0.0,0.0,0.0,0,0,0,0,0,0,0,0
TF,JERVE,10.584028,122.489250,0, ,0.0,0.0,0.0,0.0,2,2500,0,1,230,0,0,0

STAR,TADA1N,02,5
IF,TADAG,10.268667,123.144167, ,0.0,0.0,2,11000,0,1,250,0,0,0
TF,ALGOS,10.467167,122.733333,0, ,0.0,0.0,0.0,0.0,0,0,0,0,0,0,0,0
TF,JERVE,10.584028,122.489250,0, ,0.0,0.0,0.0,0.0,2,2500,0,1,230,0,0,0

STAR,TADA1S,20,5
IF,TADAG,10.268667,123.144167, ,0.0,0.0,2,11000,0,1,250,0,0,0
TF,ALEBI,10.673222,122.890944,0, ,0.0,0.0,0.0,0.0,2,7800,0,0,0,0,0,0
TF,BERNA,11.039500,122.659972,0, ,0.0,0.0,0.0,0.0,2,3100,0,1,230,0,0,0

APPTR,D02,02,IOO
IF,IOO,10.835389,122.492083, ,0.0,0.0,2,6000,0,0,0,0,1,0
FD,IOO,10.835389,122.492083,0,IOO,0.0,11.0,175.0,11.0,0,0,0,0,0,0,0,0
CF,CF02,10.659250,122.437667,2,IOO,199.0,11.0,19.0,1.0,2,3500,0,0,0,0,1,0

FINAL,D02,02,D,3
IF,CF02,10.659250,122.437667,IOO,199.0,11.0,2,3500,0,0,0,0,0,0
CF,FF02,10.731306,122.459917,0,IOO,199.0,6.5,19.0,4.5,2,2000,0,0,0,0,2,0
CF,MA02,10.811369,122.484656,0,IOO,199.0,1.5,19.0,5.0,1,410,0,0,0,0,3,0
CA,0,19.0,2,1500,0,0,0,0,0,0
DF,IOO,10.835389,122.492083,2, ,0.0,0.0,2,6000,0,0,0,0,0,0
HM,IOO,10.835389,122.492083,1, ,0.0,0.0,175.0,04.3,2,6000,0,1,210,0,0,0,0

APPTR,D20,20,BUSOG
IF,BUSOG,11.192917,122.446306, ,0.0,0.0,0,0,0,0,0,0,0,0
TF,D355T,11.167747,122.450753,0, ,0.0,0.0,0.0,0.0,0,0,0,0,0,0,0,0
AF,D025T,11.144497,122.622414,2,IOO,24.6,20.0,355.0,2,6000,0,0,0,0,0,0
CF,PADMI,11.129139,122.615972,0,IOO,24.6,19.0,205.0,1.0,2,4500,0,0,0,0,1,0
TF,CD20,11.020861,122.570250,0, ,0.0,0.0,0.0,0.0,2,3000,0,0,0,0,1,0

APPTR,D20,20,IOO
IF,IOO,10.835389,122.492083, ,0.0,0.0,2,5000,0,0,0,0,1,0
FD,IOO,10.835389,122.492083,0,IOO,0.0,12.0,1.0,12.0,0,0,0,0,0,0,0,0
CF,CD20,11.020861,122.570250,2,IOO,24.6,12.0,205.0,1.0,2,3000,0,0,0,0,1,0

APPTR,D20,20,LAMBO
IF,LAMBO,11.162083,122.350944, ,0.0,0.0,0,0,0,0,0,0,0,0
TF,D339T,11.143600,122.359589,0, ,0.0,0.0,0.0,0.0,0,0,0,0,0,0,0,0
AF,D355T,11.167747,122.450753,2,IOO,355.0,20.0,339.0,2,9000,0,0,0,0,0,0
AF,D025T,11.144497,122.622414,2,IOO,24.6,20.0,355.0,2,6000,0,0,0,0,0,0
CF,PADMI,11.129139,122.615972,0,IOO,24.6,19.0,205.0,1.0,2,4500,0,0,0,0,1,0
TF,CD20,11.020861,122.570250,0, ,0.0,0.0,0.0,0.0,2,3000,0,0,0,0,1,0

APPTR,D20,20,PADMI
IF,PADMI,11.129139,122.615972, ,0.0,0.0,2,4500,0,0,0,0,1,0
TF,CD20,11.020861,122.570250,0, ,0.0,0.0,0.0,0.0,2,3000,0,0,0,0,1,0

FINAL,D20,20,D,3
IF,CD20,11.020861,122.570250,IOO,24.6,12.0,2,3000,0,0,0,0,0,0
CF,FD20,10.931222,122.532472,0,IOO,24.6,6.2,205.0,5.8,2,2000,0,0,0,0,2,0
CF,MD20,10.860117,122.502503,0,IOO,24.6,1.6,205.0,4.6,1,535,0,0,0,0,3,0
CA,0,205.0,2,1500,0,0,0,0,0,0
DF,IOO,10.835389,122.492083,1, ,0.0,0.0,2,5000,0,0,0,0,0,0
HM,IOO,10.835389,122.492083,2, ,0.0,0.0,1.0,04.3,2,5000,0,1,230,0,0,0,0

APPTR,I20,20,BUSOG
IF,BUSOG,11.192917,122.446306, ,0.0,0.0,0,0,0,0,0,0,0,0
TF,D355T,11.167747,122.450753,0, ,0.0,0.0,0.0,0.0,0,0,0,0,0,0,0,0
AF,D022T,11.149133,122.610525,2,IOO,22.4,20.0,355.0,2,6000,0,0,0,0,0,0
CF,SATTI,11.133556,122.604639,0,IOO,22.4,19.0,202.0,1.0,2,4500,0,0,0,0,1,0
CF,CF20,11.023167,122.563750,0,IIO,22.1,12.9,202.0,7.0,2,3000,0,0,0,0,1,0

APPTR,I20,20,IOO
IF,IOO,10.835389,122.492083, ,0.0,0.0,2,5000,0,0,0,0,1,0
FD,IOO,10.835389,122.492083,0,IOO,0.0,12.0,358.0,12.0,0,0,0,0,0,0,0,0
CF,CF20,11.023167,122.563750,2,IIO,22.1,12.9,202.0,1.0,2,3000,0,0,0,0,1,0

APPTR,I20,20,LAMBO
IF,LAMBO,11.162083,122.350944, ,0.0,0.0,0,0,0,0,0,0,0,0
TF,D339T,11.143600,122.359589,0, ,0.0,0.0,0.0,0.0,0,0,0,0,0,0,0,0
AF,D355T,11.167747,122.450753,2,IOO,355.0,20.0,339.0,2,9000,0,0,0,0,0,0
AF,D022T,11.149133,122.610525,2,IOO,22.4,20.0,355.0,2,6000,0,0,0,0,0,0
CF,SATTI,11.133556,122.604639,0,IOO,22.4,19.0,202.0,1.0,2,4500,0,0,0,0,1,0
CF,CF20,11.023167,122.563750,0,IIO,22.1,12.9,202.0,7.0,2,3000,0,0,0,0,1,0

APPTR,I20,20,SATTI
IF,SATTI,11.133556,122.604639, ,0.0,0.0,2,4500,0,0,0,0,1,0
CF,CF20,11.023167,122.563750,0,IIO,22.1,12.9,202.0,7.0,2,3000,0,0,0,0,1,0

FINAL,I20,20,I,3
IF,CF20,11.023167,122.563750,IIO,22.1,12.9,2,3000,0,0,0,0,0,0
CF,FF20,10.932167,122.530028,0,IIO,22.1,7.1,202.0,5.8,1,2000,0,0,0,0,2,0
CF,RW20,10.843633,122.497283,0,IIO,22.1,1.5,202.0,5.6,1,207,0,0,0,0,3,0
CA,0,202.0,2,2000,0,0,0,0,0,0
DF,IOO,10.835389,122.492083,1, ,0.0,0.0,2,5000,0,0,0,0,0,0
HM,IOO,10.835389,122.492083,2, ,0.0,0.0,358.0,04.3,2,5000,0,1,230,0,0,0,0

APPTR,R02,02,IDNAN
IF,IDNAN,10.936139,122.396389, ,0.0,0.0,2,8000,0,0,0,0,1,0
TF,JOHAN,10.663583,122.322611,0, ,0.0,0.0,0.0,0.0,2,3500,0,1,230,0,0,0
TF,VI02A,10.629250,122.418056,0, ,0.0,0.0,0.0,0.0,2,2500,0,0,0,0,1,0

APPTR,R02,02,JERVE
IF,JERVE,10.584028,122.489250, ,0.0,0.0,2,2500,0,1,230,0,1,0
TF,VI02A,10.629250,122.418056,0, ,0.0,0.0,0.0,0.0,2,2500,0,0,0,0,1,0

FINAL,R02,02,R,3
IF,VI02A,10.629250,122.418056, ,0.0,0.0,2,2500,0,0,0,0,0,0
TF,VI02B,10.707889,122.447111,0, ,0.0,0.0,22.0,5.0,1,2500,0,1,185,0,2,0
TF,RW02,10.822400,122.489431,0, ,0.0,0.0,22.0,7.3,1,182,0,0,0,0,3,1
TF,MONLU,10.917167,122.524500,0, ,0.0,0.0,0.0,0.0,0,0,0,0,0,0,0,1
DF,JERVE,10.584028,122.489250,2, ,0.0,0.0,2,2500,0,1,230,0,0,0

APPTR,R20,20,BERNA
IF,BERNA,11.039500,122.659972, ,0.0,0.0,2,3100,0,1,230,0,1,0
TF,VI20A,11.065417,122.579389,0, ,0.0,0.0,0.0,0.0,2,2500,0,0,0,0,1,0

APPTR,R20,20,SATTI
IF,SATTI,11.133556,122.604639, ,0.0,0.0,2,3100,0,1,230,0,1,0
TF,VI20A,11.065417,122.579389,0, ,0.0,0.0,0.0,0.0,2,2500,0,0,0,0,1,0

FINAL,R20,20,R,3
IF,VI20A,11.065417,122.579389, ,0.0,0.0,2,2500,0,0,0,0,0,0
TF,VI20B,10.957083,122.539278,0, ,0.0,0.0,202.0,6.9,1,2500,0,1,185,0,2,0
TF,RW20,10.843633,122.497283,0, ,0.0,0.0,202.0,7.2,1,203,0,0,0,0,3,1
CF,ANLEK,10.666639,122.431861,0,IOO,201.4,10.7,202.0,11.3,0,0,0,0,0,0,0,1
DF,BUTOY,10.778056,122.583528,1, ,0.0,0.0,0,0,0,1,220,0,0,0
TF,BERNA,11.039500,122.659972,0, ,0.0,0.0,0.0,0.0,2,3100,0,1,230,0,0,0

