SID,BUNG2P,05,5
CA,0,51.0,2,1000,0,0,0,0,0,0
DF,ROX,11.596917,122.755111,0, ,0.0,0.0,0,0,0,0,0,0,0,0
TF,BUNGA,11.340333,122.906306,0, ,0.0,0.0,0.0,0.0,2,11000,0,0,0,0,0,0

SID,BUNG2R,23,5
CA,0,231.0,2,1000,0,0,0,0,0,0
DF,AGILA,11.430417,122.516806,1, ,0.0,0.0,0,0,0,0,0,0,0,0
TF,JOCEL,11.384639,122.715083,0, ,0.0,0.0,0.0,0.0,0,0,0,0,0,0,0,0
TF,BUNGA,11.340333,122.906306,0, ,0.0,0.0,0.0,0.0,2,11000,0,0,0,0,0,0

SID,BUSO3C,05,2
CA,0,51.0,2,540,0,0,0,0,0,0
VI,2, ,0.0,205.0,0,0,0,0,0,0,0,0
CF,D175O,11.434414,122.415308,0,KLO,174.8,15.0,175.0,8.0,2,7000,0,0,0,0,0,0
TF,BUSOG,11.192917,122.446306,0, ,0.0,0.0,0.0,0.0,2,8000,0,0,0,0,0,0

SID,BUSO3D,23,2
CA,0,231.0,2,1000,0,0,0,0,0,0
VI,0, ,0.0,145.0,0,0,0,0,0,0,0,0
CF,D175O,11.434414,122.415308,0,KLO,174.8,15.0,175.0,6.0,2,7000,0,0,0,0,0,0
TF,BUSOG,11.192917,122.446306,0, ,0.0,0.0,0.0,0.0,2,8000,0,0,0,0,0,0

SID,CT3A,05,2
CA,0,51.0,2,540,0,0,0,0,0,0
VI,1, ,0.0,272.0,0,0,0,0,0,0,0,0
CF,NIKUP,11.767306,122.236083,0,KLO,302.0,10.0,302.0,2.0,2,7000,0,0,0,0,0,0
TF,CT,11.925000,121.958278,0, ,0.0,0.0,0.0,0.0,0,0,0,0,0,0,0,0

SID,CT3B,23,2
CA,0,231.0,2,1000,0,0,0,0,0,0
DF,KLO,11.683556,122.383278,1, ,0.0,0.0,0,0,0,0,0,0,0,0
TF,NIKUP,11.767306,122.236083,0, ,0.0,0.0,0.0,0.0,2,7000,0,0,0,0,0,0
TF,CT,11.925000,121.958278,0, ,0.0,0.0,0.0,0.0,0,0,0,0,0,0,0,0

SID,GALI2P,05,5
CA,0,51.0,2,1000,0,0,0,0,0,0
DF,MUCAN,11.633556,122.598250,0, ,0.0,0.0,0,0,0,0,0,0,0,0
TF,GALIA,11.300583,122.652611,0, ,0.0,0.0,0.0,0.0,2,11000,0,0,0,0,0,0

SID,GALI2R,23,5
CA,0,231.0,2,1000,0,0,0,0,0,0
DF,AGILA,11.430417,122.516806,1, ,0.0,0.0,0,0,0,0,0,0,0,0
TF,GALIA,11.300583,122.652611,0, ,0.0,0.0,0.0,0.0,2,11000,0,0,0,0,0,0

SID,GALI3G,05,2
CA,0,51.0,2,540,0,0,0,0,0,0
VI,2, ,0.0,177.0,0,0,0,0,0,0,0,0
CF,D147O,11.477231,122.528489,0,KLO,147.2,15.0,147.0,8.0,2,5000,0,0,0,0,0,0
TF,GALIA,11.300583,122.652611,0, ,0.0,0.0,0.0,0.0,0,0,0,0,0,0,0,0

SID,GALI3H,23,2
CA,0,231.0,2,1000,0,0,0,0,0,0
VI,1, ,0.0,117.0,0,0,0,0,0,0,0,0
CF,D147O,11.477231,122.528489,0,KLO,147.2,15.0,147.0,5.0,2,5000,0,0,0,0,0,0
TF,GALIA,11.300583,122.652611,0, ,0.0,0.0,0.0,0.0,0,0,0,0,0,0,0,0

SID,MINO2P,05,5
CA,0,51.0,2,1000,0,0,0,0,0,0
DF,EMARD,12.013500,122.342250,0, ,0.0,0.0,0,0,0,0,0,0,0,0
TF,MINOR,12.368333,122.234500,0, ,0.0,0.0,0.0,0.0,2,8000,0,0,0,0,0,0

SID,MINO2R,23,5
CA,0,231.0,2,1000,0,0,0,0,0,0
DF,GOKED,12.081500,122.255167,2, ,0.0,0.0,0,0,0,0,0,0,0,0
TF,MINOR,12.368333,122.234500,0, ,0.0,0.0,0.0,0.0,2,8000,0,0,0,0,0,0

SID,MINO3C,05,2
CA,0,51.0,2,540,0,0,0,0,0,0
VI,1, ,0.0,320.0,0,0,0,0,0,0,0,0
CF,MINOR,12.368333,122.234500,0,KLO,349.9,41.8,350.0,37.0,2,8000,0,0,0,0,0,0

SID,MINO3D,23,2
CA,0,231.0,2,1000,0,0,0,0,0,0
VI,1, ,0.0,20.0,0,0,0,0,0,0,0,0
CF,MINOR,12.368333,122.234500,0,KLO,349.9,41.8,350.0,47.0,2,8000,0,0,0,0,0,0

SID,MINO4R,23,5
CA,0,231.0,2,1000,0,0,0,0,0,0
DF,KLO,11.683556,122.383278,1, ,0.0,0.0,0,0,0,0,0,0,0,0
TF,GOKED,12.081500,122.255167,0, ,0.0,0.0,0.0,0.0,0,0,0,0,0,0,0,0
TF,MINOR,12.368333,122.234500,0, ,0.0,0.0,0.0,0.0,2,8000,0,0,0,0,0,0

SID,ROX3A,05,2
CA,0,51.0,2,540,0,0,0,0,0,0
VI,0, ,0.0,135.0,0,0,0,0,0,0,0,0
CF,MUCAN,11.633556,122.598250,0,KLO,105.3,13.0,105.0,8.0,0,0,0,0,0,0,0,0
TF,ROX,11.596917,122.755111,0, ,0.0,0.0,0.0,0.0,0,0,0,0,0,0,0,0

SID,ROX3B,23,2
CA,0,231.0,2,1000,0,0,0,0,0,0
VI,1, ,0.0,75.0,0,0,0,0,0,0,0,0
CF,MUCAN,11.633556,122.598250,0,KLO,105.3,13.0,105.0,4.0,0,0,0,0,0,0,0,0
TF,ROX,11.596917,122.755111,0, ,0.0,0.0,0.0,0.0,0,0,0,0,0,0,0,0

SID,SAGA2P,05,5
CA,0,51.0,2,1000,0,0,0,0,0,0
DF,NINPA,11.910944,122.548583,0, ,0.0,0.0,0,0,0,0,0,0,0,0
TF,SIBUN,12.094750,122.622361,0, ,0.0,0.0,0.0,0.0,0,0,0,0,0,0,0,0
TF,SAGAM,12.369917,122.548750,0, ,0.0,0.0,0.0,0.0,2,15000,0,0,0,0,0,0

SID,SAGA2R,23,5
CA,0,231.0,2,1000,0,0,0,0,0,0
DF,BARRY,11.895972,122.431389,2, ,0.0,0.0,0,0,0,0,0,0,0,0
TF,AGOZA,12.032583,122.465167,0, ,0.0,0.0,0.0,0.0,0,0,0,0,0,0,0,0
TF,DOMIN,12.233583,122.514944,0, ,0.0,0.0,0.0,0.0,0,0,0,0,0,0,0,0
TF,SAGAM,12.369917,122.548750,0, ,0.0,0.0,0.0,0.0,2,15000,0,0,0,0,0,0

SID,SAGA4R,23,5
CA,0,231.0,2,1000,0,0,0,0,0,0
DF,KLO,11.683556,122.383278,1, ,0.0,0.0,0,0,0,0,0,0,0,0
TF,BARRY,11.895972,122.431389,0, ,0.0,0.0,0.0,0.0,0,0,0,0,0,0,0,0
TF,AGOZA,12.032583,122.465167,0, ,0.0,0.0,0.0,0.0,0,0,0,0,0,0,0,0
TF,DOMIN,12.233583,122.514944,0, ,0.0,0.0,0.0,0.0,0,0,0,0,0,0,0,0
TF,SAGAM,12.369917,122.548750,0, ,0.0,0.0,0.0,0.0,2,15000,0,0,0,0,0,0

SID,TAPE3A,05,2
CA,0,51.0,2,540,0,0,0,0,0,0
VI,1, ,0.0,293.0,0,0,0,0,0,0,0,0
CF,KABUG,12.083139,122.056694,0,KLO,323.2,30.6,323.0,24.0,2,7000,0,0,0,0,0,0
TF,TAPER,12.365750,121.827528,0, ,0.0,0.0,0.0,0.0,2,9000,0,0,0,0,0,0

SID,TAPE3B,23,2
CA,0,231.0,2,1000,0,0,0,0,0,0
DF,KLO,11.683556,122.383278,1, ,0.0,0.0,0,0,0,0,0,0,0,0
TF,KABUG,12.083139,122.056694,0, ,0.0,0.0,0.0,0.0,2,7000,0,0,0,0,0,0
TF,TAPER,12.365750,121.827528,0, ,0.0,0.0,0.0,0.0,2,9000,0,0,0,0,0,0

STAR,ATRI1B,05,5
IF,ATRIA,11.364194,122.979889, ,0.0,0.0,2,9000,0,1,250,0,0,0
TF,ERROL,11.376417,122.725667,0, ,0.0,0.0,0.0,0.0,0,0,0,0,0,0,0,0
TF,VK600,11.390778,122.420917,0, ,0.0,0.0,0.0,0.0,2,5500,0,0,0,0,0,0

STAR,ATRI1R,23,5
IF,ATRIA,11.364194,122.979889, ,0.0,0.0,2,9000,0,0,0,0,0,0
TF,ROX,11.596917,122.755111,0, ,0.0,0.0,0.0,0.0,0,0,0,0,0,0,0,0
TF,BIBIT,11.706778,122.599000,0, ,0.0,0.0,0.0,0.0,2,4000,0,0,0,0,0,0

STAR,BUSO1A,05,5
IF,BUSOG,11.192917,122.446306, ,0.0,0.0,2,9000,0,1,250,0,0,0
TF,VK600,11.390778,122.420917,0, ,0.0,0.0,0.0,0.0,2,5500,0,0,0,0,0,0

STAR,BUSO1R,23,5
IF,BUSOG,11.192917,122.446306, ,0.0,0.0,2,9000,0,0,0,0,0,0
TF,AGILA,11.430417,122.516806,0, ,0.0,0.0,0.0,0.0,0,0,0,0,0,0,0,0
TF,BIBIT,11.706778,122.599000,0, ,0.0,0.0,0.0,0.0,2,4000,0,0,0,0,0,0

STAR,GALI1A,05,5
IF,GALIA,11.300583,122.652611, ,0.0,0.0,2,9000,0,1,250,0,0,0
TF,VK600,11.390778,122.420917,0, ,0.0,0.0,0.0,0.0,2,5500,0,0,0,0,0,0

STAR,NASA1R,23,5
IF,NASAG,11.321194,122.844361, ,0.0,0.0,2,9000,0,0,0,0,0,0
TF,TANIO,11.448778,122.803083,0, ,0.0,0.0,0.0,0.0,0,0,0,0,0,0,0,0
TF,ROX,11.596917,122.755111,0, ,0.0,0.0,0.0,0.0,0,0,0,0,0,0,0,0
TF,BIBIT,11.706778,122.599000,0, ,0.0,0.0,0.0,0.0,2,4000,0,0,0,0,0,0

STAR,NASA3R,23,5
IF,NASAG,11.321194,122.844361, ,0.0,0.0,2,9000,0,0,0,0,0,0
TF,MECIN,11.463028,122.754194,0, ,0.0,0.0,0.0,0.0,0,0,0,0,0,0,0,0
TF,BIBIT,11.706778,122.599000,0, ,0.0,0.0,0.0,0.0,2,4000,0,0,0,0,0,0

STAR,TAPE1A,05,5
IF,TAPER,12.365750,121.827528, ,0.0,0.0,2,14000,0,1,250,0,0,0
TF,KABUG,12.083139,122.056694,0, ,0.0,0.0,0.0,0.0,2,14000,0,0,0,0,0,0
TF,BARRY,11.895972,122.431389,0, ,0.0,0.0,0.0,0.0,2,9500,0,0,0,0,0,0
TF,VK500,11.836944,122.530444,0, ,0.0,0.0,0.0,0.0,2,8000,0,0,0,0,0,0

STAR,TAPE1R,23,5
IF,TAPER,12.365750,121.827528, ,0.0,0.0,2,14000,0,0,0,0,0,0
TF,KABUG,12.083139,122.056694,0, ,0.0,0.0,0.0,0.0,2,9000,0,0,0,0,0,0
TF,BARRY,11.895972,122.431389,0, ,0.0,0.0,0.0,0.0,2,4000,0,0,0,0,0,0

APPTR,D23,23,BUYAN
HF,BUYAN,11.827056,122.526083,2, ,0.0,0.0,226.0,04.3,2,4000,0,0,0,0,1,0,0

APPTR,D23,23,D105M
IF,D105M,11.634514,122.598406, ,0.0,0.0,0,0,0,0,0,0,0,0
AF,D046M,11.840075,122.536761,1,KLO,46.0,13.0,105.0,2,4000,0,0,0,0,0,0
CF,BUYAN,11.827056,122.526083,0,KLO,46.4,12.0,226.0,1.0,2,4000,0,0,0,0,1,0

APPTR,D23,23,D147M
IF,D147M,11.505239,122.509856, ,0.0,0.0,0,0,0,0,0,0,0,0
AF,D105M,11.634514,122.598406,1,KLO,105.0,13.0,147.0,2,5000,0,0,0,0,0,0
AF,D046M,11.840075,122.536761,1,KLO,46.0,13.0,105.0,2,4000,0,0,0,0,0,0
CF,BUYAN,11.827056,122.526083,0,KLO,46.4,12.0,226.0,1.0,2,4000,0,0,0,0,1,0

APPTR,D23,23,D175M
IF,D175M,11.467525,122.410167, ,0.0,0.0,0,0,0,0,0,0,0,0
AF,D147M,11.505239,122.509856,1,KLO,147.0,13.0,175.0,2,7000,0,0,0,0,0,0
AF,D105M,11.634514,122.598406,1,KLO,105.0,13.0,147.0,2,5000,0,0,0,0,0,0
AF,D046M,11.840075,122.536761,1,KLO,46.0,13.0,105.0,2,4000,0,0,0,0,0,0
CF,BUYAN,11.827056,122.526083,0,KLO,46.4,12.0,226.0,1.0,2,4000,0,0,0,0,1,0

APPTR,D23,23,D302M
IF,D302M,11.792314,122.191961, ,0.0,0.0,0,0,0,0,0,0,0,0
AF,D323M,11.852664,122.244222,2,KLO,323.0,13.0,302.0,2,6000,0,0,0,0,0,0
AF,D046M,11.840075,122.536761,2,KLO,46.0,13.0,323.0,2,4000,0,0,0,0,0,0
CF,BUYAN,11.827056,122.526083,0,KLO,46.4,12.0,226.0,1.0,2,4000,0,0,0,0,1,0

APPTR,D23,23,D323M
IF,D323M,11.852664,122.244222, ,0.0,0.0,0,0,0,0,0,0,0,0
AF,D046M,11.840075,122.536761,2,KLO,46.0,13.0,323.0,2,4000,0,0,0,0,0,0
CF,BUYAN,11.827056,122.526083,0,KLO,46.4,12.0,226.0,1.0,2,4000,0,0,0,0,1,0

APPTR,D23,23,D350M
IF,D350M,11.896442,122.337328, ,0.0,0.0,0,0,0,0,0,0,0,0
AF,D046M,11.840075,122.536761,2,KLO,46.0,13.0,350.0,2,4000,0,0,0,0,0,0
CF,BUYAN,11.827056,122.526083,0,KLO,46.4,12.0,226.0,1.0,2,4000,0,0,0,0,1,0

APPTR,D23,23,KLO
IF,KLO,11.683556,122.383278, ,0.0,0.0,2,7000,0,0,0,0,1,0
FD,KLO,11.683556,122.383278,0,KLO,0.0,13.0,69.0,13.0,2,4000,0,0,0,0,0,0
CF,BUYAN,11.827056,122.526083,1,KLO,46.4,12.0,226.0,1.0,2,4000,0,0,0,0,0,0

FINAL,D23,23,D,3
IF,BUYAN,11.827056,122.526083,KLO,46.4,12.0,2,4000,0,0,0,0,0,0
CF,FD23,11.755278,122.454639,0,KLO,46.4,6.0,226.0,6.0,2,2000,0,0,0,0,2,0
CF,MD23,11.702683,122.402303,0,KLO,46.4,1.6,226.0,4.4,1,546,0,0,0,0,3,1
DF,BUYAN,11.827056,122.526083,1, ,0.0,0.0,1,4000,0,1,240,0,0,0
HM,BUYAN,11.827056,122.526083,2, ,0.0,0.0,226.0,04.3,1,4000,0,0,0,0,0,0,0

APPTR,R05-X,05,VK500
IF,VK500,11.836944,122.530444, ,0.0,0.0,2,8000,0,0,0,0,1,0
TF,VK501,11.692694,122.441417,0, ,0.0,0.0,0.0,0.0,2,5000,0,0,0,0,0,0
TF,VK612,11.646861,122.419389,0, ,0.0,0.0,0.0,0.0,0,0,0,0,0,0,0,0
TF,VK613,11.511722,122.354528,0, ,0.0,0.0,0.0,0.0,4,3400,2800,1,185,0,0,0
TF,VK615,11.492917,122.271806,0, ,0.0,0.0,0.0,0.0,2,2800,0,1,185,0,0,0
TF,VK616,11.556889,122.253167,0, ,0.0,0.0,0.0,0.0,2,2800,0,1,165,0,1,0

APPTR,R05-X,05,VK600
IF,VK600,11.390778,122.420917, ,0.0,0.0,2,5500,0,0,0,0,1,0
TF,VK504,11.442083,122.288833,0, ,0.0,0.0,0.0,0.0,4,3400,2800,1,210,0,0,0
TF,VK615,11.492917,122.271806,0, ,0.0,0.0,0.0,0.0,2,2800,0,1,185,0,0,0
TF,VK616,11.556889,122.253167,0, ,0.0,0.0,0.0,0.0,2,2800,0,1,165,0,1,0

FINAL,R05-X,05,R,3
IF,VK616,11.556889,122.253167, ,0.0,0.0,2,2800,0,1,165,0,0,0
TF,VK618,11.598583,122.281528,0, ,0.0,0.0,36.0,3.0,1,2400,0,0,0,0,2,0
TF,RW05,11.672000,122.366756,0, ,0.0,0.0,51.0,6.7,1,82,0,0,0,0,3,1
CA,0,51.0,2,800,0,0,0,0,0,0
DF,VK500,11.836944,122.530444,0, ,0.0,0.0,2,4000,0,0,0,0,0,0
HM,VK500,11.836944,122.530444,2, ,0.0,0.0,213.0,04.3,2,4000,0,1,230,0,0,0,0

APPTR,R05-Y,05,VK600
IF,VK600,11.390778,122.420917, ,0.0,0.0,2,5500,0,0,0,0,1,0
TF,VK504,11.442083,122.288833,0, ,0.0,0.0,0.0,0.0,4,3400,2600,1,210,0,0,0
TF,VK506,11.524556,122.269611,0, ,0.0,0.0,0.0,0.0,2,2600,0,0,0,0,1,0

FINAL,R05-Y,05,R,4
IF,VK506,11.524556,122.269611, ,0.0,0.0,2,2600,0,0,0,0,0,0
TF,VK507,11.574667,122.273028,0, ,0.0,0.0,6.0,3.0,2,2100,0,0,0,0,0,0
RF,VK508,11.603944,122.287750,2,VK510,49.3,2.6,1,2100,0,0,0,0,2,0
TF,RW05,11.672000,122.366756,0, ,0.0,0.0,51.0,6.2,1,82,0,0,0,0,3,1
CA,0,51.0,2,800,0,0,0,0,0,0
DF,VK500,11.836944,122.530444,0, ,0.0,0.0,2,4000,0,0,0,0,0,0
HM,VK500,11.836944,122.530444,2, ,0.0,0.0,213.0,04.3,2,4000,0,1,230,0,0,0,0

APPTR,R05-Z,05,VK500
IF,VK500,11.836944,122.530444, ,0.0,0.0,2,8000,0,0,0,0,1,0
TF,VK501,11.692694,122.441417,0, ,0.0,0.0,0.0,0.0,2,5000,0,0,0,0,0,0
TF,VK502,11.649778,122.414972,0, ,0.0,0.0,0.0,0.0,0,0,0,0,0,0,0,0
TF,VK503,11.549611,122.353250,0, ,0.0,0.0,0.0,0.0,2,2100,0,1,210,0,1,0

FINAL,R05-Z,05,R,4
IF,VK503,11.549611,122.353250, ,0.0,0.0,2,2100,0,1,210,0,0,0
RF,VK507,11.574667,122.273028,2,VK510,26.9,2.6,2,2100,0,0,0,0,0,0
RF,VK508,11.603944,122.287750,2,VK510,49.3,2.6,1,2100,0,0,0,0,2,0
TF,RW05,11.672000,122.366756,0, ,0.0,0.0,51.0,6.2,1,82,0,0,0,0,3,1
CA,0,51.0,2,800,0,0,0,0,0,0
DF,VK500,11.836944,122.530444,0, ,0.0,0.0,2,4000,0,0,0,0,0,0
HM,VK500,11.836944,122.530444,2, ,0.0,0.0,213.0,04.3,2,4000,0,1,230,0,0,0,0

APPTR,R23,23,BARRY
IF,BARRY,11.895972,122.431389, ,0.0,0.0,2,4000,0,0,0,0,1,0
TF,VK23A,11.800361,122.515944,0, ,0.0,0.0,0.0,0.0,2,2400,0,0,0,0,1,0

APPTR,R23,23,BIBIT
IF,BIBIT,11.706778,122.599000, ,0.0,0.0,2,4000,0,0,0,0,1,0
TF,VK23A,11.800361,122.515944,0, ,0.0,0.0,0.0,0.0,2,2400,0,0,0,0,1,0

FINAL,R23,23,R,3
IF,VK23A,11.800361,122.515944, ,0.0,0.0,2,2400,0,0,0,0,0,0
TF,VK23B,11.750278,122.457694,0, ,0.0,0.0,231.0,4.5,1,1900,0,0,0,0,2,0
TF,RW23,11.686869,122.384028,0, ,0.0,0.0,231.0,5.8,1,68,0,0,0,0,3,1
CA,0,231.0,2,1000,0,0,0,0,0,0
DF,BIBIT,11.706778,122.599000,1, ,0.0,0.0,2,4000,0,0,0,0,0,0
HM,BIBIT,11.706778,122.599000,1, ,0.0,0.0,321.0,04.3,2,4000,0,1,230,0,0,0,0

