SID,ALDI1Q,04L,5
CA,0,47.0,2,2000,0,0,0,0,0,0
DF,NIXUN,10.194250,124.230806,2, ,0.0,0.0,0,0,0,0,0,0,0,0
TF,RULNI,9.808750,124.153472,0, ,0.0,0.0,0.0,0.0,0,0,0,0,0,0,0,0
TF,EMDEE,9.366222,123.782222,0, ,0.0,0.0,0.0,0.0,0,0,0,0,0,0,0,0
TF,ALDIN,9.117000,123.301083,0, ,0.0,0.0,0.0,0.0,0,0,0,0,0,0,0,0

SID,ALDI1S,22R,5
CF,ALDOL,10.237583,123.909194,0,MCT,227.9,6.5,226.0,5.2,0,0,0,0,0,0,0,1
DF,ATIBI,9.721139,123.833861,0, ,0.0,0.0,0,0,0,0,0,0,0,0
TF,EMDEE,9.366222,123.782222,0, ,0.0,0.0,0.0,0.0,0,0,0,0,0,0,0,0
TF,ALDIN,9.117000,123.301083,0, ,0.0,0.0,0.0,0.0,0,0,0,0,0,0,0,0

SID,ALDI2A,04R,2
CA,0,47.0,2,2000,0,0,0,0,0,0
VI,2, ,0.0,242.0,0,0,0,0,0,0,0,0
CF,LAMOK,9.899306,123.749750,0,MCT,211.7,28.5,212.0,25.0,2,6000,0,0,0,0,0,0
TF,AROLA,9.600139,123.577833,0, ,0.0,0.0,0.0,0.0,2,8000,0,0,0,0,0,0
TF,ALDIN,9.117000,123.301083,0, ,0.0,0.0,0.0,0.0,0,0,0,0,0,0,0,0

SID,ALDI2B,22L,2
CA,0,227.0,2,2000,0,0,0,0,0,0
VI,0, ,0.0,182.0,0,0,0,0,0,0,0,0
CF,LAMOK,9.899306,123.749750,0,MCT,211.7,28.5,212.0,20.0,2,6000,0,0,0,0,0,0
TF,AROLA,9.600139,123.577833,0, ,0.0,0.0,0.0,0.0,2,8000,0,0,0,0,0,0
TF,ALDIN,9.117000,123.301083,0, ,0.0,0.0,0.0,0.0,0,0,0,0,0,0,0,0

SID,ALDI4P,04R,5
CA,0,47.0,2,2000,0,0,0,0,0,0
DF,NIXUN,10.194250,124.230806,2, ,0.0,0.0,0,0,0,0,0,0,0,0
TF,RULNI,9.808750,124.153472,0, ,0.0,0.0,0.0,0.0,0,0,0,0,0,0,0,0
TF,EMDEE,9.366222,123.782222,0, ,0.0,0.0,0.0,0.0,0,0,0,0,0,0,0,0
TF,ALDIN,9.117000,123.301083,0, ,0.0,0.0,0.0,0.0,0,0,0,0,0,0,0,0

SID,ALDI4R,22L,5
CF,ALDOL,10.237583,123.909194,0,MCT,227.9,6.5,227.0,5.0,0,0,0,0,0,0,0,1
DF,ATIBI,9.721139,123.833861,0, ,0.0,0.0,0,0,0,0,0,0,0,0
TF,EMDEE,9.366222,123.782222,0, ,0.0,0.0,0.0,0.0,0,0,0,0,0,0,0,0
TF,ALDIN,9.117000,123.301083,0, ,0.0,0.0,0.0,0.0,0,0,0,0,0,0,0,0

SID,BAMP2A,04R,2
CA,0,47.0,2,2000,0,0,0,0,0,0
VI,2, ,0.0,164.0,0,0,0,0,0,0,0,0
CF,OLNID,10.031778,124.300722,0,MCT,134.3,25.0,134.0,12.0,2,5000,0,0,0,0,0,0
TF,BAMPA,9.749667,124.612611,0, ,0.0,0.0,0.0,0.0,2,8000,0,0,0,0,0,0

SID,BAMP2B,22L,2
CA,0,227.0,2,2000,0,0,0,0,0,0
VI,1, ,0.0,104.0,0,0,0,0,0,0,0,0
CF,OLNID,10.031778,124.300722,0,MCT,134.3,25.0,134.0,11.0,2,5000,0,0,0,0,0,0
TF,BAMPA,9.749667,124.612611,0, ,0.0,0.0,0.0,0.0,2,8000,0,0,0,0,0,0

SID,BATA2A,04R,2
CA,0,47.0,2,3000,0,0,0,0,0,0
VI,1, ,0.0,307.0,0,0,0,0,0,0,0,0
CF,D352J,10.478589,123.959761,0,MCT,352.3,10.0,352.0,5.0,2,5000,0,0,0,0,0,0
TF,TUBUR,10.726139,123.916889,0, ,0.0,0.0,0.0,0.0,2,6000,0,0,0,0,0,0
TF,BATAY,11.138694,123.845306,0, ,0.0,0.0,0.0,0.0,0,0,0,0,0,0,0,0

SID,BATA2B,22L,2
CA,0,227.0,2,3000,0,0,0,0,0,0
VI,2, ,0.0,37.0,0,0,0,0,0,0,0,0
CF,D352J,10.478589,123.959761,0,MCT,352.3,10.0,352.0,3.0,2,5000,0,0,0,0,0,0
TF,TUBUR,10.726139,123.916889,0, ,0.0,0.0,0.0,0.0,2,6000,0,0,0,0,0,0
TF,BATAY,11.138694,123.845306,0, ,0.0,0.0,0.0,0.0,0,0,0,0,0,0,0,0

SID,BOHO2A,04R,2
CA,0,47.0,2,2000,0,0,0,0,0,0
VI,2, ,0.0,184.0,0,0,0,0,0,0,0,0
CF,DAHOY,9.942694,124.184167,0,MCT,154.4,25.0,154.0,13.0,2,5000,0,0,0,0,0,0
TF,BOHOL,9.571694,124.379611,0, ,0.0,0.0,0.0,0.0,2,13000,0,0,0,0,0,0

SID,BOHO2B,22L,2
CA,0,227.0,2,2000,0,0,0,0,0,0
VI,1, ,0.0,124.0,0,0,0,0,0,0,0,0
CF,DAHOY,9.942694,124.184167,0,MCT,154.4,25.0,154.0,11.0,2,5000,0,0,0,0,0,0
TF,BOHOL,9.571694,124.379611,0, ,0.0,0.0,0.0,0.0,2,13000,0,0,0,0,0,0

SID,BOLO2A,04R,2
CA,0,47.0,2,2000,0,0,0,0,0,0
VI,2, ,0.0,208.0,0,0,0,0,0,0,0,0
CF,TOGIP,9.895889,124.017639,0,MCT,178.0,25.0,178.0,16.0,2,5000,0,0,0,0,0,0
TF,BOLOB,9.478194,124.046972,0, ,0.0,0.0,0.0,0.0,2,6000,0,0,0,0,0,0

SID,BOLO2B,22L,2
CA,0,227.0,2,2000,0,0,0,0,0,0
VI,0, ,0.0,148.0,0,0,0,0,0,0,0,0
CF,TOGIP,9.895889,124.017639,0,MCT,178.0,25.0,178.0,12.0,2,5000,0,0,0,0,0,0
TF,BOLOB,9.478194,124.046972,0, ,0.0,0.0,0.0,0.0,2,6000,0,0,0,0,0,0

SID,CARE1Q,04L,5
CA,0,47.0,2,2000,0,0,0,0,0,0
DF,NIRER,10.225806,124.335972,0, ,0.0,0.0,0,0,0,0,0,0,0,0
TF,CAREB,9.958861,124.753667,0, ,0.0,0.0,0.0,0.0,0,0,0,0,0,0,0,0

SID,CARE1S,22R,5
CF,ALDOL,10.237583,123.909194,0,MCT,227.9,6.5,226.0,5.2,0,0,0,0,0,0,0,1
DF,IVRIM,10.043111,124.075944,1, ,0.0,0.0,0,0,0,0,0,0,0,0
TF,LEELA,10.004222,124.390167,0, ,0.0,0.0,0.0,0.0,0,0,0,0,0,0,0,0
TF,CAREB,9.958861,124.753667,0, ,0.0,0.0,0.0,0.0,0,0,0,0,0,0,0,0

SID,CARE4P,04R,5
CA,0,47.0,2,2000,0,0,0,0,0,0
DF,NIRER,10.225806,124.335972,0, ,0.0,0.0,0,0,0,0,0,0,0,0
TF,CAREB,9.958861,124.753667,0, ,0.0,0.0,0.0,0.0,0,0,0,0,0,0,0,0

SID,CARE4R,22L,5
CF,ALDOL,10.237583,123.909194,0,MCT,227.9,6.5,227.0,5.0,0,0,0,0,0,0,0,1
DF,IVRIM,10.043111,124.075944,1, ,0.0,0.0,0,0,0,0,0,0,0,0
TF,LEELA,10.004222,124.390167,0, ,0.0,0.0,0.0,0.0,0,0,0,0,0,0,0,0
TF,CAREB,9.958861,124.753667,0, ,0.0,0.0,0.0,0.0,0,0,0,0,0,0,0,0

SID,DUME1Q,04L,5
CA,0,47.0,2,2000,0,0,0,0,0,0
DF,NIXUN,10.194250,124.230806,2, ,0.0,0.0,0,0,0,0,0,0,0,0
TF,THESA,9.797417,124.241833,0, ,0.0,0.0,0.0,0.0,0,0,0,0,0,0,0,0
TF,DUMEX,9.517472,124.249611,0, ,0.0,0.0,0.0,0.0,0,0,0,0,0,0,0,0

SID,DUME1S,22R,5
CF,ALDOL,10.237583,123.909194,0,MCT,227.9,6.5,226.0,5.2,0,0,0,0,0,0,0,1
DF,TOGIP,9.895889,124.017639,0, ,0.0,0.0,0,0,0,0,0,0,0,0
TF,DUMEX,9.517472,124.249611,0, ,0.0,0.0,0.0,0.0,0,0,0,0,0,0,0,0

SID,DUME2A,04R,2
CA,0,47.0,2,2000,0,0,0,0,0,0
VI,2, ,0.0,194.0,0,0,0,0,0,0,0,0
CF,MABID,9.995167,124.092972,0,MCT,164.0,20.0,164.0,9.0,2,5000,0,0,0,0,0,0
TF,DUMEX,9.517472,124.249611,0, ,0.0,0.0,0.0,0.0,2,6000,0,0,0,0,0,0

SID,DUME2B,22L,2
CA,0,227.0,2,2000,0,0,0,0,0,0
VI,1, ,0.0,134.0,0,0,0,0,0,0,0,0
CF,MABID,9.995167,124.092972,0,MCT,164.0,20.0,164.0,6.0,2,5000,0,0,0,0,0,0
TF,DUMEX,9.517472,124.249611,0, ,0.0,0.0,0.0,0.0,2,6000,0,0,0,0,0,0

SID,DUME4P,04R,5
CA,0,47.0,2,2000,0,0,0,0,0,0
DF,NIXUN,10.194250,124.230806,2, ,0.0,0.0,0,0,0,0,0,0,0,0
TF,THESA,9.797417,124.241833,0, ,0.0,0.0,0.0,0.0,0,0,0,0,0,0,0,0
TF,DUMEX,9.517472,124.249611,0, ,0.0,0.0,0.0,0.0,0,0,0,0,0,0,0,0

SID,DUME4R,22L,5
CF,ALDOL,10.237583,123.909194,0,MCT,227.9,6.5,227.0,5.0,0,0,0,0,0,0,0,1
DF,TOGIP,9.895889,124.017639,0, ,0.0,0.0,0,0,0,0,0,0,0,0
TF,DUMEX,9.517472,124.249611,0, ,0.0,0.0,0.0,0.0,0,0,0,0,0,0,0,0

SID,EMDE1Q,04L,5
CA,0,47.0,2,2000,0,0,0,0,0,0
DF,NIXUN,10.194250,124.230806,2, ,0.0,0.0,0,0,0,0,0,0,0,0
TF,RULNI,9.808750,124.153472,0, ,0.0,0.0,0.0,0.0,0,0,0,0,0,0,0,0
TF,EMDEE,9.366222,123.782222,0, ,0.0,0.0,0.0,0.0,0,0,0,0,0,0,0,0

SID,EMDE1S,22R,5
CF,ALDOL,10.237583,123.909194,0,MCT,227.9,6.5,226.0,5.2,0,0,0,0,0,0,0,1
DF,ATIBI,9.721139,123.833861,0, ,0.0,0.0,0,0,0,0,0,0,0,0
TF,EMDEE,9.366222,123.782222,0, ,0.0,0.0,0.0,0.0,0,0,0,0,0,0,0,0

SID,EMDE4P,04R,5
CA,0,47.0,2,2000,0,0,0,0,0,0
DF,NIXUN,10.194250,124.230806,2, ,0.0,0.0,0,0,0,0,0,0,0,0
TF,RULNI,9.808750,124.153472,0, ,0.0,0.0,0.0,0.0,0,0,0,0,0,0,0,0
TF,EMDEE,9.366222,123.782222,0, ,0.0,0.0,0.0,0.0,0,0,0,0,0,0,0,0

SID,EMDE4R,22L,5
CF,ALDOL,10.237583,123.909194,0,MCT,227.9,6.5,227.0,5.0,0,0,0,0,0,0,0,1
DF,ATIBI,9.721139,123.833861,0, ,0.0,0.0,0,0,0,0,0,0,0,0
TF,EMDEE,9.366222,123.782222,0, ,0.0,0.0,0.0,0.0,0,0,0,0,0,0,0,0

SID,KEVA1Q,04L,5
CA,0,47.0,2,2500,0,0,0,0,0,0
DF,TAHAR,10.590972,123.865583,1, ,0.0,0.0,0,0,0,0,0,0,0,0
TF,AZTER,10.613667,123.698806,0, ,0.0,0.0,0.0,0.0,0,0,0,0,0,0,0,0
TF,KEVAN,10.677528,123.226194,0, ,0.0,0.0,0.0,0.0,0,0,0,0,0,0,0,0

SID,KEVA1S,22R,5
CF,MELVZ,10.213833,123.885361,0,MCT,227.6,8.5,226.0,7.2,0,0,0,0,0,0,0,1
DF,PIKIP,10.443750,123.520889,0, ,0.0,0.0,0,0,0,0,0,0,0,0
TF,KEVAN,10.677528,123.226194,0, ,0.0,0.0,0.0,0.0,0,0,0,0,0,0,0,0

SID,KEVA2A,04R,2
CA,0,47.0,2,3000,0,0,0,0,0,0
VI,1, ,0.0,253.0,0,0,0,0,0,0,0,0
CF,D298J,10.386917,123.836297,0,MCT,298.0,10.0,298.0,2.0,2,5000,0,0,0,0,0,0
TF,SANGI,10.430222,123.744611,0, ,0.0,0.0,0.0,0.0,2,7000,0,0,0,0,0,0
TF,KARPU,10.631917,123.322000,0, ,0.0,0.0,0.0,0.0,2,9000,0,0,0,0,0,0
TF,KEVAN,10.677528,123.226194,0, ,0.0,0.0,0.0,0.0,0,0,0,0,0,0,0,0

SID,KEVA2B,22L,2
CA,0,227.0,2,3000,0,0,0,0,0,0
DF,D298J,10.386917,123.836297,2, ,0.0,0.0,2,5000,0,0,0,0,0,0
TF,SANGI,10.430222,123.744611,0, ,0.0,0.0,0.0,0.0,2,7000,0,0,0,0,0,0
TF,KARPU,10.631917,123.322000,0, ,0.0,0.0,0.0,0.0,2,9000,0,0,0,0,0,0
TF,KEVAN,10.677528,123.226194,0, ,0.0,0.0,0.0,0.0,0,0,0,0,0,0,0,0

SID,KEVA4N,04R,5
CA,0,47.0,2,2500,0,0,0,0,0,0
DF,TAHAR,10.590972,123.865583,1, ,0.0,0.0,0,0,0,0,0,0,0,0
TF,AZTER,10.613667,123.698806,0, ,0.0,0.0,0.0,0.0,0,0,0,0,0,0,0,0
TF,KEVAN,10.677528,123.226194,0, ,0.0,0.0,0.0,0.0,0,0,0,0,0,0,0,0

SID,KEVA4R,22L,5
CF,MELVZ,10.213833,123.885361,0,MCT,227.6,8.5,227.0,7.0,0,0,0,0,0,0,0,1
DF,PIKIP,10.443750,123.520889,0, ,0.0,0.0,0,0,0,0,0,0,0,0
TF,KEVAN,10.677528,123.226194,0, ,0.0,0.0,0.0,0.0,0,0,0,0,0,0,0,0

SID,MULO1Q,04L,5
CA,0,47.0,2,2500,0,0,0,0,0,0
DF,SEBIO,10.650944,123.924639,0, ,0.0,0.0,0,0,0,0,0,0,0,0
TF,AKILO,10.798583,123.750333,0, ,0.0,0.0,0.0,0.0,0,0,0,0,0,0,0,0
TF,MULOP,11.003139,123.508389,0, ,0.0,0.0,0.0,0.0,0,0,0,0,0,0,0,0

SID,MULO1S,22R,5
CF,MELVZ,10.213833,123.885361,0,MCT,227.6,8.5,226.0,7.2,0,0,0,0,0,0,0,1
DF,BURDA,10.489917,123.620444,2, ,0.0,0.0,0,0,0,0,0,0,0,0
TF,MULOP,11.003139,123.508389,0, ,0.0,0.0,0.0,0.0,0,0,0,0,0,0,0,0

SID,MULO2A,04R,2
CA,0,47.0,2,3000,0,0,0,0,0,0
VI,1, ,0.0,282.0,0,0,0,0,0,0,0,0
CF,D327J,10.451528,123.892492,0,MCT,327.5,10.0,327.0,2.0,2,5000,0,0,0,0,0,0
TF,MENEK,10.658444,123.748611,0, ,0.0,0.0,0.0,0.0,2,6000,0,0,0,0,0,0
TF,MULOP,11.003139,123.508389,0, ,0.0,0.0,0.0,0.0,2,15000,0,0,0,0,0,0

SID,MULO2B,22L,2
CA,0,227.0,2,3000,0,0,0,0,0,0
DF,D327J,10.451528,123.892492,2, ,0.0,0.0,2,5000,0,0,0,0,0,0
TF,MENEK,10.658444,123.748611,0, ,0.0,0.0,0.0,0.0,2,6000,0,0,0,0,0,0
TF,MULOP,11.003139,123.508389,0, ,0.0,0.0,0.0,0.0,2,15000,0,0,0,0,0,0

SID,MULO4P,04R,5
CA,0,47.0,2,2500,0,0,0,0,0,0
DF,SEBIO,10.650944,123.924639,0, ,0.0,0.0,0,0,0,0,0,0,0,0
TF,AKILO,10.798583,123.750333,0, ,0.0,0.0,0.0,0.0,0,0,0,0,0,0,0,0
TF,MULOP,11.003139,123.508389,0, ,0.0,0.0,0.0,0.0,0,0,0,0,0,0,0,0

SID,MULO4R,22L,5
CF,MELVZ,10.213833,123.885361,0,MCT,227.6,8.5,227.0,7.0,0,0,0,0,0,0,0,1
DF,BURDA,10.489917,123.620444,2, ,0.0,0.0,0,0,0,0,0,0,0,0
TF,MULOP,11.003139,123.508389,0, ,0.0,0.0,0.0,0.0,0,0,0,0,0,0,0,0

SID,PARA1Q,04L,5
CA,0,47.0,2,2500,0,0,0,0,0,0
DF,TAHAR,10.590972,123.865583,1, ,0.0,0.0,0,0,0,0,0,0,0,0
TF,PARAO,10.921278,123.406278,0, ,0.0,0.0,0.0,0.0,0,0,0,0,0,0,0,0

SID,PARA1S,22R,5
CF,MELVZ,10.213833,123.885361,0,MCT,227.6,8.5,226.0,7.2,0,0,0,0,0,0,0,1
DF,PIKIP,10.443750,123.520889,0, ,0.0,0.0,0,0,0,0,0,0,0,0
TF,PARAO,10.921278,123.406278,0, ,0.0,0.0,0.0,0.0,0,0,0,0,0,0,0,0

SID,PARA2A,04R,2
CA,0,47.0,2,3000,0,0,0,0,0,0
VI,1, ,0.0,274.0,0,0,0,0,0,0,0,0
CF,D319J,10.435186,123.872083,0,MCT,318.6,10.0,319.0,2.0,2,5000,0,0,0,0,0,0
TF,ASTUR,10.617556,123.697583,0, ,0.0,0.0,0.0,0.0,2,8000,0,0,0,0,0,0
TF,PARAO,10.921278,123.406278,0, ,0.0,0.0,0.0,0.0,0,0,0,0,0,0,0,0

SID,PARA2B,22L,2
CA,0,227.0,2,3000,0,0,0,0,0,0
DF,D319J,10.435186,123.872083,2, ,0.0,0.0,2,5000,0,0,0,0,0,0
TF,ASTUR,10.617556,123.697583,0, ,0.0,0.0,0.0,0.0,2,8000,0,0,0,0,0,0
TF,PARAO,10.921278,123.406278,0, ,0.0,0.0,0.0,0.0,0,0,0,0,0,0,0,0

SID,PARA4P,04R,5
CA,0,47.0,2,2500,0,0,0,0,0,0
DF,TAHAR,10.590972,123.865583,1, ,0.0,0.0,0,0,0,0,0,0,0,0
TF,PARAO,10.921278,123.406278,0, ,0.0,0.0,0.0,0.0,0,0,0,0,0,0,0,0

SID,PARA4R,22L,5
CF,MELVZ,10.213833,123.885361,0,MCT,227.6,8.5,227.0,7.0,0,0,0,0,0,0,0,1
DF,PIKIP,10.443750,123.520889,0, ,0.0,0.0,0,0,0,0,0,0,0,0
TF,PARAO,10.921278,123.406278,0, ,0.0,0.0,0.0,0.0,0,0,0,0,0,0,0,0

SID,POXO1Q,04L,5
CA,0,47.0,2,2000,0,0,0,0,0,0
DF,POXOS,10.872333,124.618389,0, ,0.0,0.0,0,0,0,0,0,0,0,0

SID,POXO1S,22R,5
CA,0,227.0,2,2000,0,0,0,0,0,0
DF,DUMOG,10.261611,124.102806,1, ,0.0,0.0,0,0,0,1,230,0,0,0
TF,MIDEN,10.387250,124.214583,0, ,0.0,0.0,0.0,0.0,0,0,0,0,0,0,0,0
TF,POXOS,10.872333,124.618389,0, ,0.0,0.0,0.0,0.0,0,0,0,0,0,0,0,0

SID,POXO2A,04R,2
CA,0,47.0,2,2000,0,0,0,0,0,0
CF,PACIN,10.593111,124.303056,0,MCT,50.1,25.0,50.0,21.0,2,6000,0,0,0,0,0,0
TF,KAWIT,10.771889,124.504861,0, ,0.0,0.0,0.0,0.0,0,0,0,0,0,0,0,0
TF,POXOS,10.872333,124.618389,0, ,0.0,0.0,0.0,0.0,0,0,0,0,0,0,0,0

SID,POXO2B,22L,2
CA,0,227.0,2,2000,0,0,0,0,0,0
VI,1, ,0.0,20.0,0,0,0,0,0,0,0,0
CF,PACIN,10.593111,124.303056,0,MCT,50.1,25.0,50.0,24.0,2,6000,0,0,0,0,0,0
TF,KAWIT,10.771889,124.504861,0, ,0.0,0.0,0.0,0.0,0,0,0,0,0,0,0,0
TF,POXOS,10.872333,124.618389,0, ,0.0,0.0,0.0,0.0,0,0,0,0,0,0,0,0

SID,POXO4P,04R,5
CA,0,47.0,2,2000,0,0,0,0,0,0
DF,POXOS,10.872333,124.618389,0, ,0.0,0.0,0,0,0,0,0,0,0,0

SID,POXO4R,22L,5
CA,0,227.0,2,2000,0,0,0,0,0,0
DF,DUMOG,10.261611,124.102806,1, ,0.0,0.0,0,0,0,1,250,0,0,0
TF,MIDEN,10.387250,124.214583,0, ,0.0,0.0,0.0,0.0,0,0,0,0,0,0,0,0
TF,POXOS,10.872333,124.618389,0, ,0.0,0.0,0.0,0.0,0,0,0,0,0,0,0,0

SID,TADA2A,04R,2
CA,0,47.0,2,3000,0,0,0,0,0,0
VI,1, ,0.0,239.0,0,0,0,0,0,0,0,0
CF,RASEC,10.289056,123.522222,0,MCT,269.0,27.6,269.0,18.0,2,9000,0,0,0,0,0,0
TF,TADAG,10.268667,123.144167,0, ,0.0,0.0,0.0,0.0,2,11000,0,0,0,0,0,0

SID,TADA2B,22L,2
CA,0,227.0,2,3000,0,0,0,0,0,0
VI,0, ,0.0,299.0,0,0,0,0,0,0,0,0
CF,RASEC,10.289056,123.522222,0,MCT,269.0,27.6,269.0,12.0,2,9000,0,0,0,0,0,0
TF,TADAG,10.268667,123.144167,0, ,0.0,0.0,0.0,0.0,2,11000,0,0,0,0,0,0

STAR,ALDI3P,04L,5
IF,ALDIN,9.117000,123.301083, ,0.0,0.0,2,10000,0,0,0,0,0,0
TF,AROLA,9.600139,123.577833,0, ,0.0,0.0,0.0,0.0,0,0,0,0,0,0,0,0
TF,KULAS,10.085361,123.756528,0, ,0.0,0.0,0.0,0.0,2,4000,0,1,250,0,0,0

STAR,ALDI3P,04R,5
IF,ALDIN,9.117000,123.301083, ,0.0,0.0,2,10000,0,0,0,0,0,0
TF,AROLA,9.600139,123.577833,0, ,0.0,0.0,0.0,0.0,0,0,0,0,0,0,0,0
TF,KULAS,10.085361,123.756528,0, ,0.0,0.0,0.0,0.0,2,4000,0,1,250,0,0,0

STAR,ALDI3R,22L,5
IF,ALDIN,9.117000,123.301083, ,0.0,0.0,2,10000,0,0,0,0,0,0
TF,AROLA,9.600139,123.577833,0, ,0.0,0.0,0.0,0.0,0,0,0,0,0,0,0,0
TF,TOGIP,9.895889,124.017639,0, ,0.0,0.0,0.0,0.0,0,0,0,0,0,0,0,0
TF,MOXED,10.244889,124.303611,0, ,0.0,0.0,0.0,0.0,0,0,0,0,0,0,0,0
TF,MIDEN,10.387250,124.214583,0, ,0.0,0.0,0.0,0.0,2,4000,0,1,250,0,0,0

STAR,ALDI3R,22R,5
IF,ALDIN,9.117000,123.301083, ,0.0,0.0,2,10000,0,0,0,0,0,0
TF,AROLA,9.600139,123.577833,0, ,0.0,0.0,0.0,0.0,0,0,0,0,0,0,0,0
TF,TOGIP,9.895889,124.017639,0, ,0.0,0.0,0.0,0.0,0,0,0,0,0,0,0,0
TF,MOXED,10.244889,124.303611,0, ,0.0,0.0,0.0,0.0,0,0,0,0,0,0,0,0
TF,MIDEN,10.387250,124.214583,0, ,0.0,0.0,0.0,0.0,2,4000,0,1,250,0,0,0

STAR,ALDIN1,ALL,2
IF,ALDIN,9.117000,123.301083, ,0.0,0.0,0,0,0,0,0,0,0,0

STAR,ALDIN1,04R,3
IF,ALDIN,9.117000,123.301083, ,0.0,0.0,0,0,0,0,0,0,0,0
TF,AROLA,9.600139,123.577833,0, ,0.0,0.0,0.0,0.0,2,8000,0,0,0,0,0,0
TF,LAMOK,9.899306,123.749750,0, ,0.0,0.0,0.0,0.0,2,6000,0,0,0,0,0,0
TF,MCT,10.313556,123.988306,0, ,0.0,0.0,0.0,0.0,2,4000,0,0,0,0,0,0

STAR,ALDIN1,22L,3
IF,ALDIN,9.117000,123.301083, ,0.0,0.0,0,0,0,0,0,0,0,0
TF,AROLA,9.600139,123.577833,0, ,0.0,0.0,0.0,0.0,2,8000,0,0,0,0,0,0
TF,LAMOK,9.899306,123.749750,0, ,0.0,0.0,0.0,0.0,2,6000,0,0,0,0,0,0
TF,MCT,10.313556,123.988306,0, ,0.0,0.0,0.0,0.0,2,4000,0,0,0,0,0,0

STAR,BAMP3P,04L,5
IF,BAMPA,9.749667,124.612611, ,0.0,0.0,2,10000,0,0,0,0,0,0
TF,RULNI,9.808750,124.153472,0, ,0.0,0.0,0.0,0.0,0,0,0,0,0,0,0,0
TF,DRIGO,10.073972,123.899944,0, ,0.0,0.0,0.0,0.0,2,4000,0,1,250,0,0,0

STAR,BAMP3P,04R,5
IF,BAMPA,9.749667,124.612611, ,0.0,0.0,2,10000,0,0,0,0,0,0
TF,RULNI,9.808750,124.153472,0, ,0.0,0.0,0.0,0.0,0,0,0,0,0,0,0,0
TF,DRIGO,10.073972,123.899944,0, ,0.0,0.0,0.0,0.0,2,4000,0,1,250,0,0,0

STAR,BAMP3R,22L,5
IF,BAMPA,9.749667,124.612611, ,0.0,0.0,2,10000,0,0,0,0,0,0
TF,BABJO,10.102528,124.392556,0, ,0.0,0.0,0.0,0.0,0,0,0,0,0,0,0,0
TF,MOXED,10.244889,124.303611,0, ,0.0,0.0,0.0,0.0,0,0,0,0,0,0,0,0
TF,MIDEN,10.387250,124.214583,0, ,0.0,0.0,0.0,0.0,2,4000,0,1,250,0,0,0

STAR,BAMP3R,22R,5
IF,BAMPA,9.749667,124.612611, ,0.0,0.0,2,10000,0,0,0,0,0,0
TF,BABJO,10.102528,124.392556,0, ,0.0,0.0,0.0,0.0,0,0,0,0,0,0,0,0
TF,MOXED,10.244889,124.303611,0, ,0.0,0.0,0.0,0.0,0,0,0,0,0,0,0,0
TF,MIDEN,10.387250,124.214583,0, ,0.0,0.0,0.0,0.0,2,4000,0,1,250,0,0,0

STAR,BAMPA1,ALL,2
IF,BAMPA,9.749667,124.612611, ,0.0,0.0,0,0,0,0,0,0,0,0

STAR,BAMPA1,04R,3
IF,BAMPA,9.749667,124.612611, ,0.0,0.0,0,0,0,0,0,0,0,0
TF,OLNID,10.031778,124.300722,0, ,0.0,0.0,0.0,0.0,2,5000,0,0,0,0,0,0
TF,MCT,10.313556,123.988306,0, ,0.0,0.0,0.0,0.0,2,4000,0,0,0,0,0,0

STAR,BAMPA1,22L,3
IF,BAMPA,9.749667,124.612611, ,0.0,0.0,0,0,0,0,0,0,0,0
TF,OLNID,10.031778,124.300722,0, ,0.0,0.0,0.0,0.0,2,5000,0,0,0,0,0,0
TF,MCT,10.313556,123.988306,0, ,0.0,0.0,0.0,0.0,2,4000,0,0,0,0,0,0

STAR,BATA3P,04L,5
IF,BATAY,11.138694,123.845306, ,0.0,0.0,2,10000,0,0,0,0,0,0
TF,AKILO,10.798583,123.750333,0, ,0.0,0.0,0.0,0.0,0,0,0,0,0,0,0,0
TF,AZTER,10.613667,123.698806,0, ,0.0,0.0,0.0,0.0,0,0,0,0,0,0,0,0
TF,TONYO,10.345361,123.624139,0, ,0.0,0.0,0.0,0.0,2,4000,0,1,250,0,0,0

STAR,BATA3P,04R,5
IF,BATAY,11.138694,123.845306, ,0.0,0.0,2,10000,0,0,0,0,0,0
TF,AKILO,10.798583,123.750333,0, ,0.0,0.0,0.0,0.0,0,0,0,0,0,0,0,0
TF,AZTER,10.613667,123.698806,0, ,0.0,0.0,0.0,0.0,0,0,0,0,0,0,0,0
TF,TONYO,10.345361,123.624139,0, ,0.0,0.0,0.0,0.0,2,4000,0,1,250,0,0,0

STAR,BATA3R,22L,5
IF,BATAY,11.138694,123.845306, ,0.0,0.0,2,10000,0,0,0,0,0,0
TF,GURDA,10.540778,124.058694,0, ,0.0,0.0,0.0,0.0,2,4000,0,1,250,0,0,0

STAR,BATA3R,22R,5
IF,BATAY,11.138694,123.845306, ,0.0,0.0,2,10000,0,0,0,0,0,0
TF,GURDA,10.540778,124.058694,0, ,0.0,0.0,0.0,0.0,2,4000,0,1,250,0,0,0

STAR,BATAY1,ALL,2
IF,BATAY,11.138694,123.845306, ,0.0,0.0,0,0,0,0,0,0,0,0

STAR,BATAY1,04R,3
IF,BATAY,11.138694,123.845306, ,0.0,0.0,0,0,0,0,0,0,0,0
TF,TUBUR,10.726139,123.916889,0, ,0.0,0.0,0.0,0.0,2,6000,0,0,0,0,0,0
TF,D352J,10.478589,123.959761,0, ,0.0,0.0,0.0,0.0,2,5000,0,0,0,0,0,0
TF,MCT,10.313556,123.988306,0, ,0.0,0.0,0.0,0.0,2,4000,0,0,0,0,0,0

STAR,BATAY1,22L,3
IF,BATAY,11.138694,123.845306, ,0.0,0.0,0,0,0,0,0,0,0,0
TF,TUBUR,10.726139,123.916889,0, ,0.0,0.0,0.0,0.0,2,6000,0,0,0,0,0,0
TF,D352J,10.478589,123.959761,0, ,0.0,0.0,0.0,0.0,2,5000,0,0,0,0,0,0
TF,MCT,10.313556,123.988306,0, ,0.0,0.0,0.0,0.0,2,4000,0,0,0,0,0,0

STAR,BOHO3P,04L,5
IF,BOHOL,9.571694,124.379611, ,0.0,0.0,2,13000,0,0,0,0,0,0
TF,RULNI,9.808750,124.153472,0, ,0.0,0.0,0.0,0.0,0,0,0,0,0,0,0,0
TF,DRIGO,10.073972,123.899944,0, ,0.0,0.0,0.0,0.0,2,4000,0,1,250,0,0,0

STAR,BOHO3P,04R,5
IF,BOHOL,9.571694,124.379611, ,0.0,0.0,2,13000,0,0,0,0,0,0
TF,RULNI,9.808750,124.153472,0, ,0.0,0.0,0.0,0.0,0,0,0,0,0,0,0,0
TF,DRIGO,10.073972,123.899944,0, ,0.0,0.0,0.0,0.0,2,4000,0,1,250,0,0,0

STAR,BOHO3R,22L,5
IF,BOHOL,9.571694,124.379611, ,0.0,0.0,2,13000,0,0,0,0,0,0
TF,BABJO,10.102528,124.392556,0, ,0.0,0.0,0.0,0.0,0,0,0,0,0,0,0,0
TF,MOXED,10.244889,124.303611,0, ,0.0,0.0,0.0,0.0,0,0,0,0,0,0,0,0
TF,MIDEN,10.387250,124.214583,0, ,0.0,0.0,0.0,0.0,2,4000,0,1,250,0,0,0

STAR,BOHO3R,22R,5
IF,BOHOL,9.571694,124.379611, ,0.0,0.0,2,13000,0,0,0,0,0,0
TF,BABJO,10.102528,124.392556,0, ,0.0,0.0,0.0,0.0,0,0,0,0,0,0,0,0
TF,MOXED,10.244889,124.303611,0, ,0.0,0.0,0.0,0.0,0,0,0,0,0,0,0,0
TF,MIDEN,10.387250,124.214583,0, ,0.0,0.0,0.0,0.0,2,4000,0,1,250,0,0,0

STAR,BOHOL1,ALL,2
IF,BOHOL,9.571694,124.379611, ,0.0,0.0,0,0,0,0,0,0,0,0

STAR,BOHOL1,04R,3
IF,BOHOL,9.571694,124.379611, ,0.0,0.0,0,0,0,0,0,0,0,0
TF,DAHOY,9.942694,124.184167,0, ,0.0,0.0,0.0,0.0,2,5000,0,0,0,0,0,0
TF,MCT,10.313556,123.988306,0, ,0.0,0.0,0.0,0.0,2,4000,0,0,0,0,0,0

STAR,BOHOL1,22L,3
IF,BOHOL,9.571694,124.379611, ,0.0,0.0,0,0,0,0,0,0,0,0
TF,DAHOY,9.942694,124.184167,0, ,0.0,0.0,0.0,0.0,2,5000,0,0,0,0,0,0
TF,MCT,10.313556,123.988306,0, ,0.0,0.0,0.0,0.0,2,4000,0,0,0,0,0,0

STAR,BOLO3P,04L,5
IF,BOLOB,9.478194,124.046972, ,0.0,0.0,2,10000,0,0,0,0,0,0
TF,DRIGO,10.073972,123.899944,0, ,0.0,0.0,0.0,0.0,2,4000,0,1,250,0,0,0

STAR,BOLO3P,04R,5
IF,BOLOB,9.478194,124.046972, ,0.0,0.0,2,10000,0,0,0,0,0,0
TF,DRIGO,10.073972,123.899944,0, ,0.0,0.0,0.0,0.0,2,4000,0,1,250,0,0,0

STAR,BOLO3R,22L,5
IF,BOLOB,9.478194,124.046972, ,0.0,0.0,2,10000,0,0,0,0,0,0
TF,TOGIP,9.895889,124.017639,0, ,0.0,0.0,0.0,0.0,0,0,0,0,0,0,0,0
TF,MOXED,10.244889,124.303611,0, ,0.0,0.0,0.0,0.0,0,0,0,0,0,0,0,0
TF,MIDEN,10.387250,124.214583,0, ,0.0,0.0,0.0,0.0,2,4000,0,1,250,0,0,0

STAR,BOLO3R,22R,5
IF,BOLOB,9.478194,124.046972, ,0.0,0.0,2,10000,0,0,0,0,0,0
TF,TOGIP,9.895889,124.017639,0, ,0.0,0.0,0.0,0.0,0,0,0,0,0,0,0,0
TF,MOXED,10.244889,124.303611,0, ,0.0,0.0,0.0,0.0,0,0,0,0,0,0,0,0
TF,MIDEN,10.387250,124.214583,0, ,0.0,0.0,0.0,0.0,2,4000,0,1,250,0,0,0

STAR,BOLOB1,ALL,2
IF,BOLOB,9.478194,124.046972, ,0.0,0.0,0,0,0,0,0,0,0,0

STAR,BOLOB1,04R,3
IF,BOLOB,9.478194,124.046972, ,0.0,0.0,0,0,0,0,0,0,0,0
TF,TOGIP,9.895889,124.017639,0, ,0.0,0.0,0.0,0.0,2,5000,0,0,0,0,0,0
TF,MCT,10.313556,123.988306,0, ,0.0,0.0,0.0,0.0,2,4000,0,0,0,0,0,0

STAR,BOLOB1,22L,3
IF,BOLOB,9.478194,124.046972, ,0.0,0.0,0,0,0,0,0,0,0,0
TF,TOGIP,9.895889,124.017639,0, ,0.0,0.0,0.0,0.0,2,5000,0,0,0,0,0,0
TF,MCT,10.313556,123.988306,0, ,0.0,0.0,0.0,0.0,2,4000,0,0,0,0,0,0

STAR,DUDA3P,04L,5
IF,DUDAR,10.739056,123.259389, ,0.0,0.0,2,11000,0,0,0,0,0,0
TF,GARDO,10.553972,123.431028,0, ,0.0,0.0,0.0,0.0,2,7200,0,0,0,0,0,0
TF,TONYO,10.345361,123.624139,0, ,0.0,0.0,0.0,0.0,2,4000,0,1,250,0,0,0

STAR,DUDA3P,04R,5
IF,DUDAR,10.739056,123.259389, ,0.0,0.0,2,11000,0,0,0,0,0,0
TF,GARDO,10.553972,123.431028,0, ,0.0,0.0,0.0,0.0,2,7200,0,0,0,0,0,0
TF,TONYO,10.345361,123.624139,0, ,0.0,0.0,0.0,0.0,2,4000,0,1,250,0,0,0

STAR,DUDA3R,22L,5
IF,DUDAR,10.739056,123.259389, ,0.0,0.0,2,11000,0,0,0,0,0,0
TF,THROY,10.636583,123.474639,0, ,0.0,0.0,0.0,0.0,2,6500,0,0,0,0,0,0
TF,NIPAX,10.527917,123.702472,0, ,0.0,0.0,0.0,0.0,0,0,0,0,0,0,0,0
TF,GURDA,10.540778,124.058694,0, ,0.0,0.0,0.0,0.0,2,4000,0,1,250,0,0,0

STAR,DUDA3R,22R,5
IF,DUDAR,10.739056,123.259389, ,0.0,0.0,2,11000,0,0,0,0,0,0
TF,THROY,10.636583,123.474639,0, ,0.0,0.0,0.0,0.0,2,6500,0,0,0,0,0,0
TF,NIPAX,10.527917,123.702472,0, ,0.0,0.0,0.0,0.0,0,0,0,0,0,0,0,0
TF,GURDA,10.540778,124.058694,0, ,0.0,0.0,0.0,0.0,2,4000,0,1,250,0,0,0

STAR,DUMEX1,ALL,2
IF,DUMEX,9.517472,124.249611, ,0.0,0.0,0,0,0,0,0,0,0,0

STAR,DUMEX1,04R,3
IF,DUMEX,9.517472,124.249611, ,0.0,0.0,0,0,0,0,0,0,0,0
TF,MABID,9.995167,124.092972,0, ,0.0,0.0,0.0,0.0,2,5000,0,0,0,0,0,0
TF,MCT,10.313556,123.988306,0, ,0.0,0.0,0.0,0.0,2,4000,0,0,0,0,0,0

STAR,DUMEX1,22L,3
IF,DUMEX,9.517472,124.249611, ,0.0,0.0,0,0,0,0,0,0,0,0
TF,MABID,9.995167,124.092972,0, ,0.0,0.0,0.0,0.0,2,5000,0,0,0,0,0,0
TF,MCT,10.313556,123.988306,0, ,0.0,0.0,0.0,0.0,2,4000,0,0,0,0,0,0

STAR,KEVA1A,ALL,2
IF,KEVAN,10.677528,123.226194, ,0.0,0.0,0,0,0,0,0,0,0,0

STAR,KEVA1A,04R,3
IF,KEVAN,10.677528,123.226194, ,0.0,0.0,0,0,0,0,0,0,0,0
TF,KARPU,10.631917,123.322000,0, ,0.0,0.0,0.0,0.0,2,9000,0,0,0,0,0,0
TF,SANGI,10.430222,123.744611,0, ,0.0,0.0,0.0,0.0,2,7000,0,0,0,0,0,0
TF,D298J,10.386917,123.836297,0, ,0.0,0.0,0.0,0.0,2,5000,0,0,0,0,0,0
TF,MCT,10.313556,123.988306,0, ,0.0,0.0,0.0,0.0,2,4000,0,0,0,0,0,0

STAR,KEVA1A,22L,3
IF,KEVAN,10.677528,123.226194, ,0.0,0.0,0,0,0,0,0,0,0,0
TF,KARPU,10.631917,123.322000,0, ,0.0,0.0,0.0,0.0,2,9000,0,0,0,0,0,0
TF,SANGI,10.430222,123.744611,0, ,0.0,0.0,0.0,0.0,2,7000,0,0,0,0,0,0
TF,D298J,10.386917,123.836297,0, ,0.0,0.0,0.0,0.0,2,5000,0,0,0,0,0,0
TF,MCT,10.313556,123.988306,0, ,0.0,0.0,0.0,0.0,2,4000,0,0,0,0,0,0

STAR,LARY3N,04L,5
IF,LARYO,11.074028,124.342167, ,0.0,0.0,2,10000,0,0,0,0,0,0
TF,SEBIO,10.650944,123.924639,0, ,0.0,0.0,0.0,0.0,0,0,0,0,0,0,0,0
TF,TAHAR,10.590972,123.865583,0, ,0.0,0.0,0.0,0.0,0,0,0,0,0,0,0,0
TF,TONYO,10.345361,123.624139,0, ,0.0,0.0,0.0,0.0,2,4000,0,1,250,0,0,0

STAR,LARY3N,04R,5
IF,LARYO,11.074028,124.342167, ,0.0,0.0,2,10000,0,0,0,0,0,0
TF,SEBIO,10.650944,123.924639,0, ,0.0,0.0,0.0,0.0,0,0,0,0,0,0,0,0
TF,TAHAR,10.590972,123.865583,0, ,0.0,0.0,0.0,0.0,0,0,0,0,0,0,0,0
TF,TONYO,10.345361,123.624139,0, ,0.0,0.0,0.0,0.0,2,4000,0,1,250,0,0,0

STAR,LARY3R,22L,5
IF,LARYO,11.074028,124.342167, ,0.0,0.0,2,10000,0,0,0,0,0,0
TF,JIMSY,10.529278,124.202278,0, ,0.0,0.0,0.0,0.0,2,4000,0,1,250,0,0,0

STAR,LARY3R,22R,5
IF,LARYO,11.074028,124.342167, ,0.0,0.0,2,10000,0,0,0,0,0,0
TF,JIMSY,10.529278,124.202278,0, ,0.0,0.0,0.0,0.0,2,4000,0,1,250,0,0,0

STAR,LARYO1,ALL,2
IF,LARYO,11.074028,124.342167, ,0.0,0.0,0,0,0,0,0,0,0,0

STAR,LARYO1,04R,3
IF,LARYO,11.074028,124.342167, ,0.0,0.0,0,0,0,0,0,0,0,0
TF,MCT,10.313556,123.988306,0, ,0.0,0.0,0.0,0.0,2,4000,0,0,0,0,0,0

STAR,LARYO1,22L,3
IF,LARYO,11.074028,124.342167, ,0.0,0.0,0,0,0,0,0,0,0,0
TF,MCT,10.313556,123.988306,0, ,0.0,0.0,0.0,0.0,2,4000,0,0,0,0,0,0

STAR,MULOP1,ALL,2
IF,MULOP,11.003139,123.508389, ,0.0,0.0,0,0,0,0,0,0,0,0

STAR,MULOP1,04R,3
IF,MULOP,11.003139,123.508389, ,0.0,0.0,0,0,0,0,0,0,0,0
TF,MENEK,10.658444,123.748611,0, ,0.0,0.0,0.0,0.0,2,6000,0,0,0,0,0,0
TF,D327J,10.451528,123.892492,0, ,0.0,0.0,0.0,0.0,2,5000,0,0,0,0,0,0
TF,MCT,10.313556,123.988306,0, ,0.0,0.0,0.0,0.0,2,4000,0,0,0,0,0,0

STAR,MULOP1,22L,3
IF,MULOP,11.003139,123.508389, ,0.0,0.0,0,0,0,0,0,0,0,0
TF,MENEK,10.658444,123.748611,0, ,0.0,0.0,0.0,0.0,2,6000,0,0,0,0,0,0
TF,D327J,10.451528,123.892492,0, ,0.0,0.0,0.0,0.0,2,5000,0,0,0,0,0,0
TF,MCT,10.313556,123.988306,0, ,0.0,0.0,0.0,0.0,2,4000,0,0,0,0,0,0

STAR,PARAO1,ALL,2
IF,PARAO,10.921278,123.406278, ,0.0,0.0,0,0,0,0,0,0,0,0

STAR,PARAO1,04R,3
IF,PARAO,10.921278,123.406278, ,0.0,0.0,0,0,0,0,0,0,0,0
TF,ASTUR,10.617556,123.697583,0, ,0.0,0.0,0.0,0.0,2,8000,0,0,0,0,0,0
TF,D319J,10.435186,123.872083,0, ,0.0,0.0,0.0,0.0,2,5000,0,0,0,0,0,0
TF,MCT,10.313556,123.988306,0, ,0.0,0.0,0.0,0.0,2,4000,0,0,0,0,0,0

STAR,PARAO1,22L,3
IF,PARAO,10.921278,123.406278, ,0.0,0.0,0,0,0,0,0,0,0,0
TF,ASTUR,10.617556,123.697583,0, ,0.0,0.0,0.0,0.0,2,8000,0,0,0,0,0,0
TF,D319J,10.435186,123.872083,0, ,0.0,0.0,0.0,0.0,2,5000,0,0,0,0,0,0
TF,MCT,10.313556,123.988306,0, ,0.0,0.0,0.0,0.0,2,4000,0,0,0,0,0,0

STAR,POXOS1,ALL,2
IF,POXOS,10.872333,124.618389, ,0.0,0.0,0,0,0,0,0,0,0,0

STAR,POXOS1,04R,3
IF,POXOS,10.872333,124.618389, ,0.0,0.0,0,0,0,0,0,0,0,0
TF,KAWIT,10.771889,124.504861,0, ,0.0,0.0,0.0,0.0,0,0,0,0,0,0,0,0
TF,PACIN,10.593111,124.303056,0, ,0.0,0.0,0.0,0.0,2,6000,0,0,0,0,0,0
TF,MCT,10.313556,123.988306,0, ,0.0,0.0,0.0,0.0,2,4000,0,0,0,0,0,0

STAR,POXOS1,22L,3
IF,POXOS,10.872333,124.618389, ,0.0,0.0,0,0,0,0,0,0,0,0
TF,KAWIT,10.771889,124.504861,0, ,0.0,0.0,0.0,0.0,0,0,0,0,0,0,0,0
TF,PACIN,10.593111,124.303056,0, ,0.0,0.0,0.0,0.0,2,6000,0,0,0,0,0,0
TF,MCT,10.313556,123.988306,0, ,0.0,0.0,0.0,0.0,2,4000,0,0,0,0,0,0

STAR,TADA1A,ALL,2
IF,TADAG,10.268667,123.144167, ,0.0,0.0,0,0,0,0,0,0,0,0

STAR,TADA1A,04R,3
IF,TADAG,10.268667,123.144167, ,0.0,0.0,0,0,0,0,0,0,0,0
TF,RASEC,10.289056,123.522222,0, ,0.0,0.0,0.0,0.0,2,9000,0,0,0,0,0,0
TF,MCT,10.313556,123.988306,0, ,0.0,0.0,0.0,0.0,2,4000,0,0,0,0,0,0

STAR,TADA1A,22L,3
IF,TADAG,10.268667,123.144167, ,0.0,0.0,0,0,0,0,0,0,0,0
TF,RASEC,10.289056,123.522222,0, ,0.0,0.0,0.0,0.0,2,9000,0,0,0,0,0,0
TF,MCT,10.313556,123.988306,0, ,0.0,0.0,0.0,0.0,2,4000,0,0,0,0,0,0

STAR,TADA3P,04L,5
IF,TADAG,10.268667,123.144167, ,0.0,0.0,2,11000,0,0,0,0,0,0
TF,ATGAR,10.196139,123.386917,0, ,0.0,0.0,0.0,0.0,2,4100,0,0,0,0,0,0
TF,KULAS,10.085361,123.756528,0, ,0.0,0.0,0.0,0.0,2,4000,0,1,250,0,0,0

STAR,TADA3P,04R,5
IF,TADAG,10.268667,123.144167, ,0.0,0.0,2,11000,0,0,0,0,0,0
TF,ATGAR,10.196139,123.386917,0, ,0.0,0.0,0.0,0.0,2,4100,0,0,0,0,0,0
TF,KULAS,10.085361,123.756528,0, ,0.0,0.0,0.0,0.0,2,4000,0,1,250,0,0,0

STAR,TADA3R,22L,5
IF,TADAG,10.268667,123.144167, ,0.0,0.0,2,11000,0,0,0,0,0,0
TF,NIPAX,10.527917,123.702472,0, ,0.0,0.0,0.0,0.0,0,0,0,0,0,0,0,0
TF,GURDA,10.540778,124.058694,0, ,0.0,0.0,0.0,0.0,2,4000,0,1,250,0,0,0

STAR,TADA3R,22R,5
IF,TADAG,10.268667,123.144167, ,0.0,0.0,2,11000,0,0,0,0,0,0
TF,NIPAX,10.527917,123.702472,0, ,0.0,0.0,0.0,0.0,0,0,0,0,0,0,0,0
TF,GURDA,10.540778,124.058694,0, ,0.0,0.0,0.0,0.0,2,4000,0,1,250,0,0,0

APPTR,R04L,04L,DRIGO
IF,DRIGO,10.073972,123.899944, ,0.0,0.0,2,4000,0,1,250,0,1,0
TF,VM04C,10.152028,123.820667,0, ,0.0,0.0,0.0,0.0,2,3000,0,0,0,0,1,0

APPTR,R04L,04L,KULAS
IF,KULAS,10.085361,123.756528, ,0.0,0.0,2,4000,0,1,250,0,1,0
TF,VM04C,10.152028,123.820667,0, ,0.0,0.0,0.0,0.0,2,3000,0,0,0,0,1,0

APPTR,R04L,04L,TONYO
IF,TONYO,10.345361,123.624139, ,0.0,0.0,2,4000,0,1,250,0,1,0
TF,REMIR,10.227389,123.744111,0, ,0.0,0.0,0.0,0.0,2,4000,0,0,0,0,0,0
TF,VM04C,10.152028,123.820667,0, ,0.0,0.0,0.0,0.0,2,3000,0,0,0,0,1,0

FINAL,R04L,04L,R,3
IF,VM04C,10.152028,123.820667, ,0.0,0.0,2,3000,0,0,0,0,0,0
TF,VM04D,10.211417,123.880222,0, ,0.0,0.0,47.0,5.0,1,2500,0,0,0,0,2,0
TF,RW04L,10.302517,123.971669,0, ,0.0,0.0,47.0,7.7,1,76,0,0,0,0,3,1
CA,0,47.0,2,2000,0,0,0,0,0,0
DF,DOGAS,10.185389,124.026083,2, ,0.0,0.0,0,0,0,1,220,0,0,0
TF,DRIGO,10.073972,123.899944,0, ,0.0,0.0,0.0,0.0,2,4000,0,1,250,0,0,0
HM,DRIGO,10.073972,123.899944,1, ,0.0,0.0,317.0,04.3,1,4000,0,1,230,0,0,0,0

APPTR,R04R,04R,DRIGO
IF,DRIGO,10.073972,123.899944, ,0.0,0.0,2,4000,0,1,250,0,1,0
TF,VM04A,10.150667,123.822028,0, ,0.0,0.0,0.0,0.0,2,3000,0,0,0,0,1,0

APPTR,R04R,04R,KULAS
IF,KULAS,10.085361,123.756528, ,0.0,0.0,2,4000,0,1,250,0,1,0
TF,VM04A,10.150667,123.822028,0, ,0.0,0.0,0.0,0.0,2,3000,0,0,0,0,1,0

APPTR,R04R,04R,TONYO
IF,TONYO,10.345361,123.624139, ,0.0,0.0,2,4000,0,1,250,0,1,0
TF,REMIR,10.227389,123.744111,0, ,0.0,0.0,0.0,0.0,2,4000,0,0,0,0,0,0
TF,VM04A,10.150667,123.822028,0, ,0.0,0.0,0.0,0.0,2,3000,0,0,0,0,1,0

FINAL,R04R,04R,R,3
IF,VM04A,10.150667,123.822028, ,0.0,0.0,2,3000,0,0,0,0,0,0
TF,VM04B,10.210056,123.881583,0, ,0.0,0.0,47.0,5.0,1,2400,0,1,185,0,2,0
TF,RW04R,10.296953,123.968786,0, ,0.0,0.0,47.0,7.3,1,71,0,0,0,0,3,1
CA,0,47.0,2,2000,0,0,0,0,0,0
DF,DOGAS,10.185389,124.026083,2, ,0.0,0.0,0,0,0,1,250,0,0,0
TF,DRIGO,10.073972,123.899944,0, ,0.0,0.0,0.0,0.0,2,4000,0,1,250,0,0,0
HM,DRIGO,10.073972,123.899944,1, ,0.0,0.0,317.0,04.3,1,4000,0,1,230,0,0,0,0

APPTR,R22L,22L,GURDA
IF,GURDA,10.540778,124.058694, ,0.0,0.0,2,4000,0,1,250,0,1,0
TF,VM22A,10.464000,124.136639,0, ,0.0,0.0,0.0,0.0,2,3000,0,0,0,0,1,0

APPTR,R22L,22L,JIMSY
IF,JIMSY,10.529278,124.202278, ,0.0,0.0,2,4000,0,1,250,0,1,0
TF,VM22A,10.464000,124.136639,0, ,0.0,0.0,0.0,0.0,2,3000,0,0,0,0,1,0

APPTR,R22L,22L,MIDEN
IF,MIDEN,10.387250,124.214583, ,0.0,0.0,2,4000,0,1,250,0,1,0
TF,VM22A,10.464000,124.136639,0, ,0.0,0.0,0.0,0.0,2,3000,0,0,0,0,1,0

FINAL,R22L,22L,R,3
IF,VM22A,10.464000,124.136639, ,0.0,0.0,2,3000,0,0,0,0,0,0
TF,VM22B,10.404667,124.077000,0, ,0.0,0.0,227.0,5.0,1,2400,0,1,185,0,2,0
TF,RW22L,10.318175,123.990094,0, ,0.0,0.0,227.0,7.3,1,81,0,0,0,0,3,1
CA,0,227.0,2,2000,0,0,0,0,0,0
DF,DUMOG,10.261611,124.102806,1, ,0.0,0.0,0,0,0,1,250,0,0,0
TF,MIDEN,10.387250,124.214583,0, ,0.0,0.0,0.0,0.0,2,4000,0,1,250,0,0,0
HM,MIDEN,10.387250,124.214583,2, ,0.0,0.0,317.0,04.3,1,4000,0,1,230,0,0,0,0

APPTR,R22R,22R,GURDA
IF,GURDA,10.540778,124.058694, ,0.0,0.0,2,4000,0,1,250,0,1,0
TF,VM22C,10.465361,124.135306,0, ,0.0,0.0,0.0,0.0,2,3000,0,0,0,0,1,0

APPTR,R22R,22R,JIMSY
IF,JIMSY,10.529278,124.202278, ,0.0,0.0,2,4000,0,1,250,0,1,0
TF,VM22C,10.465361,124.135306,0, ,0.0,0.0,0.0,0.0,2,3000,0,0,0,0,1,0

APPTR,R22R,22R,MIDEN
IF,MIDEN,10.387250,124.214583, ,0.0,0.0,2,4000,0,1,250,0,1,0
TF,VM22C,10.465361,124.135306,0, ,0.0,0.0,0.0,0.0,2,3000,0,0,0,0,1,0

FINAL,R22R,22R,R,3
IF,VM22C,10.465361,124.135306, ,0.0,0.0,2,3000,0,0,0,0,0,0
TF,VM22D,10.406000,124.075639,0, ,0.0,0.0,227.0,5.0,1,2400,0,0,0,0,2,0
TF,RW22R,10.318928,123.988147,0, ,0.0,0.0,227.0,7.3,1,79,0,0,0,0,3,1
CA,0,227.0,2,2000,0,0,0,0,0,0
DF,DUMOG,10.261611,124.102806,1, ,0.0,0.0,0,0,0,1,220,0,0,0
TF,MIDEN,10.387250,124.214583,0, ,0.0,0.0,0.0,0.0,2,4000,0,1,250,0,0,0
HM,MIDEN,10.387250,124.214583,2, ,0.0,0.0,317.0,04.3,1,4000,0,1,230,0,0,0,0

