APPTR,D20,20,PAR
IF,PAR,-31.808369,-60.484608, ,0.0,0.0,0,0,0,1,220,0,1,0
FD,PAR,-31.808369,-60.484608,0,PAR,0.0,9.5,41.0,9.5,2,2100,0,0,0,0,0,0
CF,CD20,-31.651644,-60.455589,1,PAR,19.0,9.5,199.0,1.0,2,2100,0,1,185,0,1,0

FINAL,D20,20,D,3
IF,CD20,-31.651644,-60.455589,PAR,19.0,9.5,2,2100,0,1,185,0,0,0
CF,FD20,-31.691239,-60.462911,0,PAR,19.0,7.1,199.0,2.4,2,2100,0,0,0,0,2,0
CF,RW20,-31.785397,-60.478733,0,PAR,22.3,1.4,199.0,5.7,1,284,0,0,0,0,3,0
VM,0,0,0,199.0,2,3000,0,0,0,0,0,0

APPTR,I20,20,PAR
IF,PAR,-31.808369,-60.484608, ,0.0,0.0,0,0,0,1,220,0,1,0
FD,PAR,-31.808369,-60.484608,0,PAR,0.0,9.5,41.0,9.5,2,2100,0,0,0,0,0,0
CF,CF20,-31.651658,-60.455517,1,PA,18.5,9.5,198.0,1.0,2,2100,0,1,185,0,1,0

FINAL,I20,20,I,3
IF,CF20,-31.651658,-60.455517,PA,18.5,9.5,2,2100,0,1,185,0,0,0
CF,FF20,-31.691311,-60.462394,0,PA,18.5,7.1,198.0,2.4,1,2100,0,0,0,0,2,0
CF,RW20,-31.785397,-60.478733,0,PA,18.5,1.4,198.0,5.7,1,286,0,0,0,0,3,0
VM,0,0,0,198.0,2,3000,0,0,0,0,0,0

