SID,DABO2C,02,5
CF,AR150,-32.855186,-60.773658,0,ROS,16.5,3.0,20.0,2.0,0,0,0,0,0,0,0,1
TF,ATAGU,-32.644169,-60.725800,0, ,0.0,0.0,0.0,0.0,3,5000,0,0,0,0,0,0
TF,DABOT,-32.417500,-60.649722,0, ,0.0,0.0,0.0,0.0,0,0,0,0,0,0,0,0

SID,DABO2G,20,5
CF,AR400,-33.000961,-60.806858,0,ROS,201.6,5.9,200.0,5.0,2,1500,0,0,0,0,0,1
CF,AR411,-32.940903,-60.703192,1,ROS,127.6,4.5,27.0,5.0,0,0,0,1,220,0,0,0
TF,UTNUM,-32.739883,-60.646922,0, ,0.0,0.0,0.0,0.0,0,0,0,0,0,0,0,0
TF,DABOT,-32.417500,-60.649722,0, ,0.0,0.0,0.0,0.0,0,0,0,0,0,0,0,0

SID,GEDU2C,02,5
CF,AR150,-32.855186,-60.773658,0,ROS,16.5,3.0,20.0,2.0,0,0,0,0,0,0,0,1
DF,AR154,-32.763225,-61.004294,0, ,0.0,0.0,3,5000,0,1,220,0,0,0
TF,GEDUK,-32.814722,-61.366667,0, ,0.0,0.0,0.0,0.0,0,0,0,0,0,0,0,0

SID,GEDU2G,20,5
CF,AR400,-33.000961,-60.806858,0,ROS,201.6,5.9,200.0,5.0,2,1500,0,0,0,0,0,1
DF,AR403,-32.948725,-61.049942,2, ,0.0,0.0,0,0,0,1,220,0,0,0
TF,GEDUK,-32.814722,-61.366667,0, ,0.0,0.0,0.0,0.0,0,0,0,0,0,0,0,0

SID,MUPI2C,02,5
CF,AR150,-32.855186,-60.773658,0,ROS,16.5,3.0,20.0,2.0,0,0,0,0,0,0,0,1
TF,ATAGU,-32.644169,-60.725800,0, ,0.0,0.0,0.0,0.0,3,5000,0,0,0,0,0,0
TF,MUPIS,-32.405000,-60.791667,0, ,0.0,0.0,0.0,0.0,0,0,0,0,0,0,0,0

SID,MUPI2G,20,5
CF,AR400,-33.000961,-60.806858,0,ROS,201.6,5.9,200.0,5.0,2,1500,0,0,0,0,0,1
CF,AR408,-32.911450,-60.874275,2,ROS,274.3,4.7,18.0,6.0,0,0,0,1,220,0,0,0
TF,NIBGO,-32.710428,-60.841372,0, ,0.0,0.0,0.0,0.0,0,0,0,0,0,0,0,0
TF,MUPIS,-32.405000,-60.791667,0, ,0.0,0.0,0.0,0.0,0,0,0,0,0,0,0,0

SID,TINT2C,02,5
CF,AR150,-32.855186,-60.773658,0,ROS,16.5,3.0,20.0,2.0,0,0,0,0,0,0,0,1
DF,AR152,-32.814083,-60.697892,0, ,0.0,0.0,0,0,0,1,220,0,0,0
TF,AR155,-32.897542,-60.354069,0, ,0.0,0.0,0.0,0.0,2,8000,0,0,0,0,0,0
TF,TINTA,-32.937778,-60.186667,0, ,0.0,0.0,0.0,0.0,0,0,0,0,0,0,0,0

SID,TINT2G,20,5
CF,AR400,-33.000961,-60.806858,0,ROS,201.6,5.9,200.0,5.0,2,1500,0,0,0,0,0,1
DF,AR401,-33.019747,-60.683003,1, ,0.0,0.0,0,0,0,1,220,0,0,0
TF,AR406,-32.927536,-60.378281,0, ,0.0,0.0,0.0,0.0,0,0,0,0,0,0,0,0
TF,TINTA,-32.937778,-60.186667,0, ,0.0,0.0,0.0,0.0,0,0,0,0,0,0,0,0

SID,TOLU3C,02,5
CF,AR150,-32.855186,-60.773658,0,ROS,16.5,3.0,20.0,2.0,0,0,0,0,0,0,0,1
DF,AR154,-32.763225,-61.004294,0, ,0.0,0.0,3,5000,0,1,220,0,0,0
TF,TOLUK,-32.651389,-61.292778,0, ,0.0,0.0,0.0,0.0,0,0,0,0,0,0,0,0

SID,TOLU3G,20,5
CF,AR400,-33.000961,-60.806858,0,ROS,201.6,5.9,200.0,5.0,2,1500,0,0,0,0,0,1
DF,AR403,-32.948725,-61.049942,2, ,0.0,0.0,0,0,0,1,220,0,0,0
TF,AR405,-32.841303,-61.140872,0, ,0.0,0.0,0.0,0.0,0,0,0,0,0,0,0,0
TF,TOLUK,-32.651389,-61.292778,0, ,0.0,0.0,0.0,0.0,0,0,0,0,0,0,0,0

SID,VASA2C,02,5
CF,AR150,-32.855186,-60.773658,0,ROS,16.5,3.0,20.0,2.0,0,0,0,0,0,0,0,1
DF,AR151,-32.899156,-60.647053,2, ,0.0,0.0,0,0,0,1,220,0,0,0
TF,AR153,-33.067539,-60.583722,0, ,0.0,0.0,0.0,0.0,2,6000,0,0,0,0,0,0
TF,VASAL,-33.337500,-60.481667,0, ,0.0,0.0,0.0,0.0,0,0,0,0,0,0,0,0

SID,VASA2G,20,5
CF,AR400,-33.000961,-60.806858,0,ROS,201.6,5.9,200.0,5.0,2,1500,0,0,0,0,0,1
CF,AR409,-33.089392,-60.737394,0,ROS,177.6,11.3,148.0,6.0,0,0,0,1,220,0,0,0
TF,VASAL,-33.337500,-60.481667,0, ,0.0,0.0,0.0,0.0,0,0,0,0,0,0,0,0

SID,VUKS2C,02,5
CF,AR150,-32.855186,-60.773658,0,ROS,16.5,3.0,20.0,2.0,0,0,0,0,0,0,0,1
TF,ATAGU,-32.644169,-60.725800,0, ,0.0,0.0,0.0,0.0,3,5000,0,0,0,0,0,0
TF,VUKSO,-32.427222,-60.967500,0, ,0.0,0.0,0.0,0.0,0,0,0,0,0,0,0,0

SID,VUKS2G,20,5
CF,AR400,-33.000961,-60.806858,0,ROS,201.6,5.9,200.0,5.0,2,1500,0,0,0,0,0,1
CF,AR408,-32.911450,-60.874275,2,ROS,274.3,4.7,18.0,6.0,0,0,0,1,220,0,0,0
TF,NIBGO,-32.710428,-60.841372,0, ,0.0,0.0,0.0,0.0,0,0,0,0,0,0,0,0
TF,VUKSO,-32.427222,-60.967500,0, ,0.0,0.0,0.0,0.0,0,0,0,0,0,0,0,0

SID,VUMK2C,02,5
CF,AR150,-32.855186,-60.773658,0,ROS,16.5,3.0,20.0,2.0,0,0,0,0,0,0,0,1
DF,AR151,-32.899156,-60.647053,2, ,0.0,0.0,0,0,0,1,220,0,0,0
TF,AR153,-33.067539,-60.583722,0, ,0.0,0.0,0.0,0.0,2,6000,0,0,0,0,0,0
TF,VUMKI,-33.160556,-61.011111,2, ,0.0,0.0,0.0,0.0,0,0,0,0,0,0,0,0

SID,VUMK2G,20,5
CF,AR400,-33.000961,-60.806858,0,ROS,201.6,5.9,200.0,5.0,2,1500,0,0,0,0,0,1
TF,VUMKI,-33.160556,-61.011111,0, ,0.0,0.0,0.0,0.0,0,0,0,0,0,0,0,0

APPTR,D02-Z,02,D082L
IF,D082L,-32.846239,-60.554369, ,0.0,0.0,2,3000,0,1,220,0,1,0
AF,IMDAD,-33.098731,-60.720444,2,ROS,174.2,12.0,82.0,2,3000,0,0,0,0,0,0
AF,CD02,-33.097644,-60.847017,2,ROS,205.0,12.0,174.0,2,3000,0,1,185,0,1,0

APPTR,D02-Z,02,D103L
IF,D103L,-32.918789,-60.544381, ,0.0,0.0,2,3000,0,1,220,0,1,0
AF,IMDAD,-33.098731,-60.720444,2,ROS,174.2,12.0,103.0,2,3000,0,0,0,0,0,0
AF,CD02,-33.097644,-60.847017,2,ROS,205.0,12.0,174.0,2,3000,0,1,185,0,1,0

APPTR,D02-Z,02,D140L
IF,D140L,-33.036375,-60.601844, ,0.0,0.0,2,3000,0,1,220,0,1,0
AF,IMDAD,-33.098731,-60.720444,2,ROS,174.2,12.0,140.0,2,3000,0,0,0,0,0,0
AF,CD02,-33.097644,-60.847017,2,ROS,205.0,12.0,174.0,2,3000,0,1,185,0,1,0

APPTR,D02-Z,02,D289L
IF,D289L,-32.870017,-61.015253, ,0.0,0.0,2,3000,0,1,220,0,1,0
AF,REGUD,-33.054486,-60.939736,1,ROS,230.7,12.0,289.0,2,3000,0,0,0,0,0,0
AF,CD02,-33.097644,-60.847017,1,ROS,205.0,12.0,231.0,2,3000,0,1,185,0,1,0

APPTR,D02-Z,02,D336L
IF,D336L,-32.736900,-60.910536, ,0.0,0.0,2,3000,0,1,220,0,1,0
AF,REGUD,-33.054486,-60.939736,1,ROS,230.7,12.0,336.0,2,3000,0,0,0,0,0,0
AF,CD02,-33.097644,-60.847017,1,ROS,205.0,12.0,231.0,2,3000,0,1,185,0,1,0

APPTR,D02-Z,02,IMDAD
IF,IMDAD,-33.098731,-60.720444, ,0.0,0.0,2,3000,0,1,220,0,1,0
AF,CD02,-33.097644,-60.847017,2,ROS,205.0,12.0,174.0,2,3000,0,1,185,0,1,0

APPTR,D02-Z,02,REGUD
IF,REGUD,-33.054486,-60.939736, ,0.0,0.0,2,3000,0,1,220,0,1,0
AF,CD02,-33.097644,-60.847017,1,ROS,205.0,12.0,231.0,2,3000,0,1,185,0,1,0

FINAL,D02-Z,02,D,3
IF,CD02,-33.097644,-60.847017,ROS,205.0,12.0,2,3000,0,1,185,0,0,0
CF,FD02,-33.010975,-60.817453,0,ROS,205.0,6.6,25.0,5.4,2,2000,0,0,0,0,2,0
CF,RW02,-32.916767,-60.787669,0,ROS,213.3,0.8,25.0,5.9,1,133,0,0,0,0,3,0
CF,ROS,-32.905036,-60.781397,0,ROS,0.0,0.0,25.0,0.8,0,0,0,0,0,0,0,0
FM,ROS,-32.905036,-60.781397,0,ROS,0.0,0.0,25.0,2,3000,0,0,0,0,0,0

APPTR,D20-Z,20,D008L
IF,D008L,-32.704669,-60.785533, ,0.0,0.0,2,3000,0,1,220,0,1,0
AF,CD20,-32.705400,-60.760739,2,ROS,14.0,12.0,8.0,2,3000,0,1,185,0,1,0

APPTR,D20-Z,20,D082L
IF,D082L,-32.846239,-60.554369, ,0.0,0.0,2,3000,0,1,220,0,1,0
AF,UTNUM,-32.739883,-60.646922,1,ROS,43.6,12.0,82.0,2,3000,0,0,0,0,0,0
AF,CD20,-32.705400,-60.760739,1,ROS,14.0,12.0,44.0,2,3000,0,1,185,0,1,0

APPTR,D20-Z,20,D103L
IF,D103L,-32.918789,-60.544381, ,0.0,0.0,2,3000,0,1,220,0,1,0
AF,UTNUM,-32.739883,-60.646922,1,ROS,43.6,12.0,103.0,2,3000,0,0,0,0,0,0
AF,CD20,-32.705400,-60.760739,1,ROS,14.0,12.0,44.0,2,3000,0,1,185,0,1,0

APPTR,D20-Z,20,D140L
IF,D140L,-33.036375,-60.601844, ,0.0,0.0,2,3000,0,1,220,0,1,0
AF,UTNUM,-32.739883,-60.646922,1,ROS,43.6,12.0,140.0,2,3000,0,0,0,0,0,0
AF,CD20,-32.705400,-60.760739,1,ROS,14.0,12.0,44.0,2,3000,0,1,185,0,1,0

APPTR,D20-Z,20,D289L
IF,D289L,-32.870017,-61.015253, ,0.0,0.0,2,3000,0,1,220,0,1,0
AF,NIBGO,-32.710428,-60.841372,2,ROS,354.4,12.0,289.0,2,3000,0,0,0,0,0,0
AF,CD20,-32.705400,-60.760739,2,ROS,14.0,12.0,354.0,2,3000,0,1,185,0,1,0

APPTR,D20-Z,20,NIBGO
IF,NIBGO,-32.710428,-60.841372, ,0.0,0.0,2,3000,0,1,220,0,1,0
AF,CD20,-32.705400,-60.760739,2,ROS,14.0,12.0,354.0,2,3000,0,1,185,0,1,0

APPTR,D20-Z,20,UTNUM
IF,UTNUM,-32.739883,-60.646922, ,0.0,0.0,2,3000,0,1,220,0,1,0
AF,CD20,-32.705400,-60.760739,1,ROS,14.0,12.0,44.0,2,3000,0,1,185,0,1,0

FINAL,D20-Z,20,D,3
IF,CD20,-32.705400,-60.760739,ROS,14.0,12.0,2,3000,0,1,185,0,0,0
CF,FD20,-32.791908,-60.769678,0,ROS,14.0,6.8,194.0,5.2,2,2000,0,0,0,0,2,0
CF,RW20,-32.890186,-60.781619,0,ROS,8.3,0.9,194.0,5.9,1,129,0,0,0,0,3,0
CF,ROS,-32.905036,-60.781397,0,ROS,0.0,0.0,194.0,0.9,0,0,0,0,0,0,0,0
FM,ROS,-32.905036,-60.781397,0,ROS,0.0,0.0,194.0,2,3000,0,0,0,0,0,0

APPTR,I20-Y,20,D008L
IF,D008L,-32.704669,-60.785533, ,0.0,0.0,2,3000,0,1,220,0,1,0
AF,D020L,-32.707603,-60.740183,2,ROS,19.0,12.0,8.0,0,0,0,0,0,0,0,0
CF,CI20,-32.757300,-60.751444,0,RO,19.9,9.9,200.0,3.0,2,2000,0,1,185,0,1,0

APPTR,I20-Y,20,D082L
IF,D082L,-32.846239,-60.554369, ,0.0,0.0,2,3000,0,1,220,0,1,0
AF,UTNUM,-32.739883,-60.646922,1,ROS,43.6,12.0,82.0,2,3000,0,0,0,0,0,0
AF,D020L,-32.707603,-60.740183,1,ROS,19.0,12.0,44.0,0,0,0,0,0,0,0,0
CF,CI20,-32.757300,-60.751444,0,RO,19.9,9.9,200.0,3.0,2,2000,0,1,185,0,1,0

APPTR,I20-Y,20,D103L
IF,D103L,-32.918789,-60.544381, ,0.0,0.0,2,3000,0,1,220,0,1,0
AF,UTNUM,-32.739883,-60.646922,1,ROS,43.6,12.0,103.0,2,3000,0,0,0,0,0,0
AF,D020L,-32.707603,-60.740183,1,ROS,19.0,12.0,44.0,0,0,0,0,0,0,0,0
CF,CI20,-32.757300,-60.751444,0,RO,19.9,9.9,200.0,3.0,2,2000,0,1,185,0,1,0

APPTR,I20-Y,20,D140L
IF,D140L,-33.036375,-60.601844, ,0.0,0.0,2,3000,0,1,220,0,1,0
AF,UTNUM,-32.739883,-60.646922,1,ROS,43.6,12.0,140.0,2,3000,0,0,0,0,0,0
AF,D020L,-32.707603,-60.740183,1,ROS,19.0,12.0,44.0,0,0,0,0,0,0,0,0
CF,CI20,-32.757300,-60.751444,0,RO,19.9,9.9,200.0,3.0,2,2000,0,1,185,0,1,0

APPTR,I20-Y,20,D289L
IF,D289L,-32.870017,-61.015253, ,0.0,0.0,2,3000,0,1,220,0,1,0
AF,NIBGO,-32.710428,-60.841372,2,ROS,354.4,12.0,289.0,2,3000,0,0,0,0,0,0
AF,D008L,-32.704669,-60.785533,2,ROS,8.0,12.0,354.0,2,3000,0,0,0,0,0,0
AF,D020L,-32.707603,-60.740183,2,ROS,19.0,12.0,8.0,0,0,0,0,0,0,0,0
CF,CI20,-32.757300,-60.751444,0,RO,19.9,9.9,200.0,3.0,2,2000,0,1,185,0,1,0

APPTR,I20-Y,20,NIBGO
IF,NIBGO,-32.710428,-60.841372, ,0.0,0.0,2,3000,0,1,220,0,1,0
AF,D008L,-32.704669,-60.785533,2,ROS,8.0,12.0,354.0,2,3000,0,0,0,0,0,0
AF,D020L,-32.707603,-60.740183,2,ROS,19.0,12.0,8.0,0,0,0,0,0,0,0,0
CF,CI20,-32.757300,-60.751444,0,RO,19.9,9.9,200.0,3.0,2,2000,0,1,185,0,1,0

APPTR,I20-Y,20,UTNUM
IF,UTNUM,-32.739883,-60.646922, ,0.0,0.0,2,3000,0,1,220,0,1,0
AF,D020L,-32.707603,-60.740183,1,ROS,19.0,12.0,44.0,0,0,0,0,0,0,0,0
CF,CI20,-32.757300,-60.751444,0,RO,19.9,9.9,200.0,3.0,2,2000,0,1,185,0,1,0

FINAL,I20-Y,20,I,3
IF,CI20,-32.757300,-60.751444,RO,19.9,9.9,2,2000,0,1,185,0,0,0
CF,FI20,-32.793808,-60.759728,0,RO,19.9,7.7,200.0,2.2,1,2000,0,0,0,0,2,0
CF,RW20,-32.890186,-60.781619,0,RO,19.9,1.8,200.0,5.9,1,129,0,0,0,0,3,0
VM,0,0,0,200.0,2,3000,0,0,0,0,0,0

APPTR,I20-Z,20,ATAGU
IF,ATAGU,-32.644169,-60.725800, ,0.0,0.0,2,3000,0,1,220,0,1,0
TF,VUSPO,-32.726181,-60.744372,0,RO,0.0,0.0,0.0,0.0,2,3000,0,1,185,0,1,0

APPTR,I20-Z,20,NIBGO
IF,NIBGO,-32.710428,-60.841372, ,0.0,0.0,2,3000,0,1,220,0,1,0
TF,VUSPO,-32.726181,-60.744372,0,RO,0.0,0.0,0.0,0.0,2,3000,0,1,185,0,1,0

APPTR,I20-Z,20,UTNUM
IF,UTNUM,-32.739883,-60.646922, ,0.0,0.0,2,3000,0,1,220,0,1,0
TF,VUSPO,-32.726181,-60.744372,0,RO,0.0,0.0,0.0,0.0,2,3000,0,1,185,0,1,0

FINAL,I20-Z,20,I,3
IF,VUSPO,-32.726181,-60.744372,RO,19.9,11.8,2,3000,0,1,185,0,0,0
CF,FI20,-32.793808,-60.759728,0,RO,19.9,7.7,200.0,4.1,1,2000,0,0,0,0,2,0
CF,RW20,-32.890186,-60.781619,0,RO,19.9,1.8,200.0,5.9,1,129,0,0,0,0,3,1
TF,EDMEL,-33.054178,-60.819006,0, ,0.0,0.0,0.0,0.0,2,1600,0,0,0,0,0,0
HM,EDMEL,-33.054178,-60.819006,1, ,0.0,0.0,20.0,04,2,3000,0,1,210,0,0,0,0

APPTR,L20-Y,20,D008L
IF,D008L,-32.704669,-60.785533, ,0.0,0.0,2,3000,0,1,220,0,1,0
AF,D020L,-32.707603,-60.740183,2,ROS,19.0,12.0,8.0,0,0,0,0,0,0,0,0
CF,CI20,-32.757300,-60.751444,0,RO,19.9,9.9,200.0,3.0,2,2000,0,1,185,0,1,0

APPTR,L20-Y,20,D082L
IF,D082L,-32.846239,-60.554369, ,0.0,0.0,2,3000,0,1,220,0,1,0
AF,UTNUM,-32.739883,-60.646922,1,ROS,43.6,12.0,82.0,2,3000,0,0,0,0,0,0
AF,D020L,-32.707603,-60.740183,1,ROS,19.0,12.0,44.0,0,0,0,0,0,0,0,0
CF,CI20,-32.757300,-60.751444,0,RO,19.9,9.9,200.0,3.0,2,2000,0,1,185,0,1,0

APPTR,L20-Y,20,D103L
IF,D103L,-32.918789,-60.544381, ,0.0,0.0,2,3000,0,1,220,0,1,0
AF,UTNUM,-32.739883,-60.646922,1,ROS,43.6,12.0,103.0,2,3000,0,0,0,0,0,0
AF,D020L,-32.707603,-60.740183,1,ROS,19.0,12.0,44.0,0,0,0,0,0,0,0,0
CF,CI20,-32.757300,-60.751444,0,RO,19.9,9.9,200.0,3.0,2,2000,0,1,185,0,1,0

APPTR,L20-Y,20,D140L
IF,D140L,-33.036375,-60.601844, ,0.0,0.0,2,3000,0,1,220,0,1,0
AF,UTNUM,-32.739883,-60.646922,1,ROS,43.6,12.0,140.0,2,3000,0,0,0,0,0,0
AF,D020L,-32.707603,-60.740183,1,ROS,19.0,12.0,44.0,0,0,0,0,0,0,0,0
CF,CI20,-32.757300,-60.751444,0,RO,19.9,9.9,200.0,3.0,2,2000,0,1,185,0,1,0

APPTR,L20-Y,20,D289L
IF,D289L,-32.870017,-61.015253, ,0.0,0.0,2,3000,0,1,220,0,1,0
AF,NIBGO,-32.710428,-60.841372,2,ROS,354.4,12.0,289.0,2,3000,0,0,0,0,0,0
AF,D008L,-32.704669,-60.785533,2,ROS,8.0,12.0,354.0,2,3000,0,0,0,0,0,0
AF,D020L,-32.707603,-60.740183,2,ROS,19.0,12.0,8.0,0,0,0,0,0,0,0,0
CF,CI20,-32.757300,-60.751444,0,RO,19.9,9.9,200.0,3.0,2,2000,0,1,185,0,1,0

APPTR,L20-Y,20,NIBGO
IF,NIBGO,-32.710428,-60.841372, ,0.0,0.0,2,3000,0,1,220,0,1,0
AF,D008L,-32.704669,-60.785533,2,ROS,8.0,12.0,354.0,2,3000,0,0,0,0,0,0
AF,D020L,-32.707603,-60.740183,2,ROS,19.0,12.0,8.0,0,0,0,0,0,0,0,0
CF,CI20,-32.757300,-60.751444,0,RO,19.9,9.9,200.0,3.0,2,2000,0,1,185,0,1,0

APPTR,L20-Y,20,UTNUM
IF,UTNUM,-32.739883,-60.646922, ,0.0,0.0,2,3000,0,1,220,0,1,0
AF,D020L,-32.707603,-60.740183,1,ROS,19.0,12.0,44.0,0,0,0,0,0,0,0,0
CF,CI20,-32.757300,-60.751444,0,RO,19.9,9.9,200.0,3.0,2,2000,0,1,185,0,1,0

FINAL,L20-Y,20,D,3
IF,CI20,-32.757300,-60.751444,RO,19.9,9.9,2,2000,0,1,185,0,0,0
CF,FI20,-32.793808,-60.759728,0,RO,19.9,7.7,200.0,2.2,2,2000,0,0,0,0,2,0
CF,RW20,-32.890186,-60.781619,0,RO,19.9,1.8,200.0,5.9,1,129,0,0,0,0,3,0
VM,0,0,0,200.0,2,3000,0,0,0,0,0,0

APPTR,R02,02,IMDAD
IF,IMDAD,-33.098731,-60.720444, ,0.0,0.0,2,3000,0,1,220,0,1,0
TF,SINIV,-33.064358,-60.821331,0, ,0.0,0.0,0.0,0.0,2,2000,0,1,185,0,1,0

APPTR,R02,02,REGUD
IF,REGUD,-33.054486,-60.939736, ,0.0,0.0,2,3000,0,1,220,0,1,0
TF,SINIV,-33.064358,-60.821331,0, ,0.0,0.0,0.0,0.0,2,2000,0,1,185,0,1,0

FINAL,R02,02,R,4
IF,SINIV,-33.064358,-60.821331, ,0.0,0.0,2,2000,0,1,185,0,0,0
TF,DOKMU,-33.012961,-60.809594,0, ,0.0,0.0,20.0,3.1,2,2000,0,0,0,0,2,0
TF,AR056,-32.955847,-60.796572,0, ,0.0,0.0,20.0,3.5,2,890,0,0,0,0,0,0
TF,RW02,-32.916767,-60.787669,0, ,0.0,0.0,20.0,2.4,1,133,0,0,0,0,3,1
CF,ATAGU,-32.644169,-60.725800,0,ROS,19.2,15.9,20.0,16.6,2,2600,0,0,0,0,0,0
HM,ATAGU,-32.644169,-60.725800,1, ,0.0,0.0,200.0,04,2,3000,0,1,210,0,0,0,0

APPTR,R20,20,ATAGU
IF,ATAGU,-32.644169,-60.725800, ,0.0,0.0,2,3000,0,1,220,0,1,0
TF,VUSPO,-32.726181,-60.744372,0, ,0.0,0.0,0.0,0.0,2,3000,0,1,185,0,1,0

APPTR,R20,20,NIBGO
IF,NIBGO,-32.710428,-60.841372, ,0.0,0.0,2,3000,0,1,220,0,1,0
TF,VUSPO,-32.726181,-60.744372,0, ,0.0,0.0,0.0,0.0,2,3000,0,1,185,0,1,0

APPTR,R20,20,UTNUM
IF,UTNUM,-32.739883,-60.646922, ,0.0,0.0,2,3000,0,1,220,0,1,0
TF,VUSPO,-32.726181,-60.744372,0, ,0.0,0.0,0.0,0.0,2,3000,0,1,185,0,1,0

FINAL,R20,20,R,3
IF,VUSPO,-32.726181,-60.744372, ,0.0,0.0,2,3000,0,1,185,0,0,0
TF,ESMOK,-32.793831,-60.759719,0, ,0.0,0.0,200.0,4.1,2,2000,0,0,0,0,2,0
TF,RW20,-32.890186,-60.781619,0, ,0.0,0.0,200.0,5.9,1,129,0,0,0,0,3,1
CF,EDMEL,-33.054178,-60.819006,0,ROS,201.0,9.1,200.0,10.0,2,1600,0,0,0,0,0,0
HM,EDMEL,-33.054178,-60.819006,1, ,0.0,0.0,20.0,04,2,3000,0,1,210,0,0,0,0

