APPTR,I21,21,SVO
IF,SVO,-31.711444,-60.806386, ,0.0,0.0,0,0,0,1,220,0,1,0
TF,D050J,-31.583517,-60.681050,0, ,0.0,0.0,0.0,0.0,2,2500,0,0,0,0,0,1
CF,CF21,-31.564103,-60.739006,1,SV,32.9,10.3,213.0,1.0,2,2500,0,0,0,0,1,0

FINAL,I21,21,I,3
IF,CF21,-31.564103,-60.739006,SV,32.9,10.3,2,2500,0,0,0,0,0,0
CF,FF21,-31.594889,-60.754150,0,SV,32.9,8.3,213.0,2.0,1,2300,0,0,0,0,2,0
CF,RW21,-31.701172,-60.806519,0,SV,32.9,1.4,213.0,6.9,1,111,0,0,0,0,3,0
VA,0,213.0,2,3000,0,0,0,0,0,0

APPTR,N03,03,SVO
IF,SVO,-31.711444,-60.806386, ,0.0,0.0,0,0,0,1,210,0,1,0
FC,SVO,-31.711444,-60.806386,0,PAR,0.0,0.0,240.0,8.8,2,2300,0,0,0,0,0,1
CF,FF03,-31.820219,-60.882947,1,PAR,277.9,20.4,41.0,2.0,2,2300,0,0,0,0,0,0

FINAL,N03,03,N,3
IF,FF03,-31.820219,-60.882947,SVO,0.0,0.0,2,2300,0,0,0,0,2,0
CF,EN03,-31.721736,-60.813619,0,SVO,0.0,0.0,41.0,6.9,1,109,0,0,0,0,0,1
CF,SVO,-31.711444,-60.806386,0,SVO,0.0,0.0,41.0,0.7,2,460,0,0,0,0,3,1
VA,0,41.0,2,3000,0,0,0,0,0,0

APPTR,N21,21,SVO
IF,SVO,-31.711444,-60.806386, ,0.0,0.0,0,0,0,1,210,0,1,0
FC,SVO,-31.711444,-60.806386,0,PAR,0.0,0.0,46.0,8.8,2,2500,0,0,0,0,0,1
CF,FN21,-31.583042,-60.757653,1,PAR,321.9,19.4,207.0,1.0,2,2500,0,0,0,0,0,0

FINAL,N21,21,N,3
IF,FN21,-31.583042,-60.757653,SVO,0.0,0.0,2,2500,0,0,0,0,2,0
CF,EN21,-31.702186,-60.802867,0,SVO,0.0,0.0,206.0,7.5,1,111,0,0,0,0,0,1
CF,SVO,-31.711444,-60.806386,0,SVO,0.0,0.0,206.0,0.6,2,460,0,0,0,0,3,1
VA,0,206.0,2,3000,0,0,0,0,0,0

