STAR,ASAD8Z,17,5
IF,ASADA,-35.025833,-59.625833, ,0.0,0.0,0,0,0,0,0,0,0,0
TF,AER52,-34.907500,-58.977778,0, ,0.0,0.0,0.0,0.0,0,0,0,0,0,0,0,0
TF,ARSOT,-34.760278,-58.897500,0, ,0.0,0.0,0.0,0.0,0,0,0,0,0,0,0,0
TF,TRINI,-34.562778,-58.790556,0, ,0.0,0.0,0.0,0.0,0,0,0,0,0,0,0,0
TF,VANAR,-34.324444,-58.762222,0, ,0.0,0.0,0.0,0.0,2,5000,0,0,0,0,0,0

STAR,GBE8Z,17,5
IF,GBE,-35.750833,-58.464722, ,0.0,0.0,0,0,0,0,0,0,0,0
TF,TRINI,-34.562778,-58.790556,0, ,0.0,0.0,0.0,0.0,0,0,0,0,0,0,0,0
TF,VANAR,-34.324444,-58.762222,0, ,0.0,0.0,0.0,0.0,2,5000,0,0,0,0,0,0

STAR,KOVU8Z,17,5
IF,KOVUK,-35.199444,-57.520556, ,0.0,0.0,0,0,0,0,0,0,0,0
TF,PTA,-34.975833,-57.898333,0, ,0.0,0.0,0.0,0.0,0,0,0,0,0,0,0,0
TF,EZE,-34.824064,-58.535319,0, ,0.0,0.0,0.0,0.0,0,0,0,0,0,0,0,0
TF,TRINI,-34.562778,-58.790556,0, ,0.0,0.0,0.0,0.0,0,0,0,0,0,0,0,0
TF,VANAR,-34.324444,-58.762222,0, ,0.0,0.0,0.0,0.0,2,5000,0,0,0,0,0,0

STAR,KUKE2Z,17,5
IF,KUKEN,-34.182778,-58.217222, ,0.0,0.0,0,0,0,0,0,0,0,0
TF,VANAR,-34.324444,-58.762222,0, ,0.0,0.0,0.0,0.0,2,5000,0,0,0,0,0,0

STAR,PAGO8Z,17,5
IF,PAGON,-33.921111,-58.720556, ,0.0,0.0,0,0,0,0,0,0,0,0
TF,VANAR,-34.324444,-58.762222,0, ,0.0,0.0,0.0,0.0,2,5000,0,0,0,0,0,0

STAR,PAPI2Z,17,5
IF,PAPIX,-34.416111,-58.000556, ,0.0,0.0,0,0,0,0,0,0,0,0
TF,PAL,-34.611656,-58.613803,0, ,0.0,0.0,0.0,0.0,0,0,0,0,0,0,0,0
TF,TRINI,-34.562778,-58.790556,0, ,0.0,0.0,0.0,0.0,0,0,0,0,0,0,0,0
TF,VANAR,-34.324444,-58.762222,0, ,0.0,0.0,0.0,0.0,2,5000,0,0,0,0,0,0

STAR,SNT8Z,17,5
IF,SNT,-34.222222,-59.441389, ,0.0,0.0,0,0,0,0,0,0,0,0
TF,VANAR,-34.324444,-58.762222,0, ,0.0,0.0,0.0,0.0,2,5000,0,0,0,0,0,0

STAR,SURB8Z,17,5
IF,SURBO,-34.449444,-57.960556, ,0.0,0.0,0,0,0,0,0,0,0,0
TF,VANAR,-34.324444,-58.762222,0, ,0.0,0.0,0.0,0.0,2,5000,0,0,0,0,0,0

STAR,TENI8Z,17,5
IF,TENIL,-35.541111,-57.833889, ,0.0,0.0,0,0,0,0,0,0,0,0
TF,PTA,-34.975833,-57.898333,0, ,0.0,0.0,0.0,0.0,0,0,0,0,0,0,0,0
TF,EZE,-34.824064,-58.535319,0, ,0.0,0.0,0.0,0.0,0,0,0,0,0,0,0,0
TF,TRINI,-34.562778,-58.790556,0, ,0.0,0.0,0.0,0.0,0,0,0,0,0,0,0,0
TF,VANAR,-34.324444,-58.762222,0, ,0.0,0.0,0.0,0.0,2,5000,0,0,0,0,0,0

STAR,UGIM8Z,17,5
IF,UGIMI,-34.982778,-56.883889, ,0.0,0.0,0,0,0,0,0,0,0,0
TF,PTA,-34.975833,-57.898333,0, ,0.0,0.0,0.0,0.0,0,0,0,0,0,0,0,0
TF,EZE,-34.824064,-58.535319,0, ,0.0,0.0,0.0,0.0,0,0,0,0,0,0,0,0
TF,TRINI,-34.562778,-58.790556,0, ,0.0,0.0,0.0,0.0,0,0,0,0,0,0,0,0
TF,VANAR,-34.324444,-58.762222,0, ,0.0,0.0,0.0,0.0,2,5000,0,0,0,0,0,0

STAR,VALO9Z,17,5
IF,VALOS,-35.457778,-59.350556, ,0.0,0.0,0,0,0,0,0,0,0,0
TF,GEBEM,-35.200278,-59.158889,0, ,0.0,0.0,0.0,0.0,0,0,0,0,0,0,0,0
TF,AER52,-34.907500,-58.977778,0, ,0.0,0.0,0.0,0.0,0,0,0,0,0,0,0,0
TF,ARSOT,-34.760278,-58.897500,0, ,0.0,0.0,0.0,0.0,0,0,0,0,0,0,0,0
TF,TRINI,-34.562778,-58.790556,0, ,0.0,0.0,0.0,0.0,0,0,0,0,0,0,0,0
TF,VANAR,-34.324444,-58.762222,0, ,0.0,0.0,0.0,0.0,2,5000,0,0,0,0,0,0

APPTR,D17-Z,17,VANAR
IF,VANAR,-34.324444,-58.762222, ,0.0,0.0,2,5000,0,1,220,0,1,0
CF,CF17,-34.448725,-58.697272,0,PAL,347.0,10.6,167.0,8.1,2,2500,0,1,180,0,1,0

FINAL,D17-Z,17,D,4
IF,CF17,-34.448725,-58.697272,PAL,347.0,10.6,2,2500,0,1,180,0,0,0
CF,FF17,-34.494844,-58.673681,0,PAL,347.0,7.6,167.0,3.0,2,2300,0,0,0,0,2,0
CF,26VOR,-34.571697,-58.634306,0,PAL,347.0,2.6,167.0,5.0,2,700,0,0,0,0,0,0
CF,MA17,-34.582456,-58.628786,0,PAL,347.0,1.9,167.0,0.7,1,500,0,0,0,0,3,0
VD, ,0,0,0,PAL,0.0,0.0,130.0,3.5,0,0,0,0,0,0,0,0
DF,PAL,-34.611656,-58.613803,1, ,0.0,0.0,2,3000,0,1,185,0,0,0
FM,PAL,-34.611656,-58.613803,0,PAL,0.0,0.0,260.0,0,0,0,0,0,0,0,0

APPTR,I17-Z,17,VANAR
IF,VANAR,-34.324444,-58.762222, ,0.0,0.0,2,5000,0,1,220,0,1,0
CF,CI17,-34.450331,-58.693811,0,PR,347.2,11.0,167.0,8.3,2,2900,0,1,180,0,1,0

FINAL,I17-Z,17,I,3
IF,CI17,-34.450331,-58.693811,PR,347.2,11.0,2,2900,0,1,180,0,0,0
CF,FI17,-34.494961,-58.671150,0,PR,347.2,8.1,167.0,2.9,1,2300,0,0,0,0,2,0
CF,RW17,-34.601156,-58.617131,0,PR,347.2,1.2,167.0,6.9,1,99,0,0,0,0,3,0
CF,D347A,-34.617050,-58.609042,0,PAL,153.9,0.4,167.0,1.0,0,0,0,0,0,0,0,1
CF,D131D,-34.641733,-58.553200,0,PAL,131.0,3.5,131.0,3.1,0,0,0,0,0,0,0,1
DF,PAL,-34.611656,-58.613803,1, ,0.0,0.0,0,0,0,1,185,0,0,0
FM,PAL,-34.611656,-58.613803,0,PAL,0.0,0.0,261.0,0,0,0,0,0,0,0,0

APPTR,R17,17,VANAR
IF,VANAR,-34.324444,-58.762222, ,0.0,0.0,2,5000,0,1,220,0,1,0
TF,DP476,-34.446892,-58.696844,0, ,0.0,0.0,0.0,0.0,2,2500,0,1,180,0,1,0

FINAL,R17,17,R,3
IF,DP476,-34.446892,-58.696844, ,0.0,0.0,2,2500,0,1,180,0,0,0
TF,DP376,-34.494728,-58.672158,0, ,0.0,0.0,166.0,3.1,2,2300,0,0,0,0,2,0
TF,RW17,-34.601156,-58.617131,0, ,0.0,0.0,166.0,6.9,1,92,0,0,0,0,3,1
CF,DP092,-34.622700,-58.605972,0,FDO,195.0,10.3,166.0,1.4,0,0,0,1,185,0,0,1
CF,DP576,-34.657222,-58.529350,0,FDO,176.6,12.6,119.0,4.3,0,0,0,1,185,0,0,1
DF,PAL,-34.611656,-58.613803,1, ,0.0,0.0,2,3000,0,1,185,0,0,1
FM,PAL,-34.611656,-58.613803,0,PAL,0.0,0.0,260.0,2,3000,0,0,0,0,0,0

