SID,ASAD1A,11,2
DF,DER11,-34.825361,-58.518250,0, ,0.0,0.0,0,0,0,0,0,0,0,1
CA,0,112.0,2,500,0,0,0,0,0,0
CF,EZE12,-34.857500,-58.465000,0,EZE,129.0,4.0,129.0,2.0,0,0,0,0,0,0,0,0
TF,D129J,-34.907406,-58.359819,0, ,0.0,0.0,0.0,0.0,0,0,0,0,0,0,0,0
AF,D185J,-34.990681,-58.522744,2,EZE,185.5,10.0,129.0,0,0,0,0,0,0,0,0
TF,EZE24,-35.006111,-58.838889,0, ,0.0,0.0,0.0,0.0,0,0,0,0,0,0,0,0
TF,EZE15,-35.018056,-59.289167,0, ,0.0,0.0,0.0,0.0,0,0,0,0,0,0,0,0
TF,ASADA,-35.025833,-59.625833,0, ,0.0,0.0,0.0,0.0,0,0,0,0,0,0,0,0

SID,ASAD1E,29,2
VA,0,292.0,2,470,0,0,0,0,0,0
CD, ,0,0,0,EZE,0,0.0,292.0,3.0,0,0,0,0,0,0,0,0
DF,D255J,-34.891822,-58.720411,0, ,0.0,0.0,0,0,0,0,0,0,0,0
AF,D243J,-34.922414,-58.698997,1,EZE,242.9,10.0,255.0,0,0,0,0,0,0,0,0
TF,EZE24,-35.006111,-58.838889,0, ,0.0,0.0,0.0,0.0,0,0,0,0,0,0,0,0
TF,EZE15,-35.018056,-59.289167,0, ,0.0,0.0,0.0,0.0,0,0,0,0,0,0,0,0
TF,ASADA,-35.025833,-59.625833,0, ,0.0,0.0,0.0,0.0,0,0,0,0,0,0,0,0

SID,ASAD1J,35,2
VA,0,354.0,2,470,0,0,0,0,0,0
CD, ,0,0,0,EZE,0,0.0,354.0,3.0,0,0,0,0,0,0,0,0
VD, ,0,0,0,EZE,0.0,0.0,277.0,10.0,0,0,0,0,0,0,0,0
AF,D243J,-34.922414,-58.698997,1,EZE,242.9,10.0,300.0,0,0,0,0,0,0,0,0
CF,EZE24,-35.006111,-58.838889,0,EZE,242.9,18.5,243.0,8.5,0,0,0,0,0,0,0,0
TF,EZE15,-35.018056,-59.289167,0, ,0.0,0.0,0.0,0.0,0,0,0,0,0,0,0,0
TF,ASADA,-35.025833,-59.625833,0, ,0.0,0.0,0.0,0.0,0,0,0,0,0,0,0,0

SID,ASAD1L,17,2
DF,DER17,-34.835211,-58.524586,0, ,0.0,0.0,0,0,0,0,0,0,0,1
VA,0,174.0,2,500,0,0,0,0,0,0
CF,D185J,-34.990681,-58.522744,0,EZE,185.5,10.0,185.0,9.0,0,0,0,0,0,0,0,0
TF,EZE24,-35.006111,-58.838889,2, ,0.0,0.0,0.0,0.0,0,0,0,0,0,0,0,0
TF,EZE15,-35.018056,-59.289167,0, ,0.0,0.0,0.0,0.0,0,0,0,0,0,0,0,0
TF,ASADA,-35.025833,-59.625833,0, ,0.0,0.0,0.0,0.0,0,0,0,0,0,0,0,0

SID,ATOV1E,29,2
VA,0,292.0,2,470,0,0,0,0,0,0
CD, ,0,0,0,EZE,0,0.0,292.0,3.0,0,0,0,0,0,0,0,0
DF,D255J,-34.891822,-58.720411,0, ,0.0,0.0,0,0,0,0,0,0,0,0
AF,D212J,-34.977706,-58.614567,1,EZE,212.0,10.0,255.0,0,0,0,0,0,0,0,0
TF,EZE,-34.824064,-58.535319,0, ,0.0,0.0,0.0,0.0,0,0,0,0,0,0,0,0

SID,ATOV1E,ATOVO,3
IF,EZE,-34.824064,-58.535319, ,0.0,0.0,0,0,0,0,0,0,0,0
TF,EZE19,-34.123333,-58.564722,0, ,0.0,0.0,0.0,0.0,0,0,0,0,0,0,0,0
TF,EZE20,-34.151389,-58.813611,1, ,0.0,0.0,0.0,0.0,0,0,0,0,0,0,0,0
TF,EZE26,-34.171111,-58.991667,0, ,0.0,0.0,0.0,0.0,0,0,0,0,0,0,0,0
TF,ATOVO,-34.061111,-59.150556,0, ,0.0,0.0,0.0,0.0,0,0,0,0,0,0,0,0

SID,ATOV1J,35,2
VA,0,354.0,2,470,0,0,0,0,0,0
CD, ,0,0,0,EZE,0,0.0,354.0,3.0,0,0,0,0,0,0,0,0
VD, ,0,0,0,EZE,0.0,0.0,277.0,10.0,0,0,0,0,0,0,0,0
AF,D212J,-34.977706,-58.614567,1,EZE,212.0,10.0,300.0,0,0,0,0,0,0,0,0
CF,EZE,-34.824064,-58.535319,0,EZE,0.0,0.0,32.0,10.0,0,0,0,0,0,0,0,0
TF,EZE19,-34.123333,-58.564722,0, ,0.0,0.0,0.0,0.0,0,0,0,0,0,0,0,0
TF,EZE26,-34.171111,-58.991667,1, ,0.0,0.0,0.0,0.0,0,0,0,0,0,0,0,0
TF,ATOVO,-34.061111,-59.150556,0, ,0.0,0.0,0.0,0.0,0,0,0,0,0,0,0,0

SID,ATOV1L,17,2
DF,DER17,-34.835211,-58.524586,0, ,0.0,0.0,0,0,0,0,0,0,0,1
VA,0,174.0,2,500,0,0,0,0,0,0
CF,D185J,-34.990681,-58.522744,0,EZE,185.5,10.0,185.0,8.0,0,0,0,0,0,0,0,0
AF,D212J,-34.977706,-58.614567,2,EZE,212.0,10.0,185.0,0,0,0,0,0,0,0,0
TF,EZE,-34.824064,-58.535319,0, ,0.0,0.0,0.0,0.0,0,0,0,0,0,0,0,0
TF,EZE19,-34.123333,-58.564722,0, ,0.0,0.0,0.0,0.0,0,0,0,0,0,0,0,0
TF,EZE20,-34.151389,-58.813611,1, ,0.0,0.0,0.0,0.0,0,0,0,0,0,0,0,0
TF,EZE26,-34.171111,-58.991667,0, ,0.0,0.0,0.0,0.0,0,0,0,0,0,0,0,0
TF,ATOVO,-34.061111,-59.150556,0, ,0.0,0.0,0.0,0.0,0,0,0,0,0,0,0,0

SID,ATOV3A,11,2
CA,0,112.0,2,500,0,0,0,0,0,0
CF,EZE12,-34.857500,-58.465000,0,EZE,129.0,4.0,129.0,4.0,0,0,0,0,0,0,0,0
TF,D129J,-34.907406,-58.359819,0, ,0.0,0.0,0.0,0.0,0,0,0,0,0,0,0,0
AF,D212J,-34.977706,-58.614567,2,EZE,212.0,10.0,129.0,0,0,0,0,0,0,0,0
TF,EZE,-34.824064,-58.535319,0, ,0.0,0.0,0.0,0.0,0,0,0,0,0,0,0,0

SID,ATOV3A,ATOVO,3
IF,EZE,-34.824064,-58.535319, ,0.0,0.0,0,0,0,0,0,0,0,0
TF,EZE19,-34.123333,-58.564722,0, ,0.0,0.0,0.0,0.0,0,0,0,0,0,0,0,0
TF,EZE20,-34.151389,-58.813611,1, ,0.0,0.0,0.0,0.0,0,0,0,0,0,0,0,0
TF,EZE26,-34.171111,-58.991667,0, ,0.0,0.0,0.0,0.0,0,0,0,0,0,0,0,0
TF,ATOVO,-34.061111,-59.150556,0, ,0.0,0.0,0.0,0.0,0,0,0,0,0,0,0,0

SID,BIVA1E,29,2
VA,0,292.0,2,470,0,0,0,0,0,0
CD, ,0,0,0,EZE,0,0.0,292.0,3.0,0,0,0,0,0,0,0,0
DF,D255J,-34.891822,-58.720411,0, ,0.0,0.0,0,0,0,0,0,0,0,0
AF,D212J,-34.977706,-58.614567,1,EZE,212.0,10.0,255.0,0,0,0,0,0,0,0,0
TF,EZE,-34.824064,-58.535319,0, ,0.0,0.0,0.0,0.0,0,0,0,0,0,0,0,0

SID,BIVA1E,BIVAM,3
IF,EZE,-34.824064,-58.535319, ,0.0,0.0,0,0,0,0,0,0,0,0
TF,EZE19,-34.123333,-58.564722,0, ,0.0,0.0,0.0,0.0,0,0,0,0,0,0,0,0
TF,EZE20,-34.151389,-58.813611,1, ,0.0,0.0,0.0,0.0,0,0,0,0,0,0,0,0
TF,BIVAM,-33.971111,-58.945556,0, ,0.0,0.0,0.0,0.0,0,0,0,0,0,0,0,0

SID,BIVA1J,35,2
VA,0,354.0,2,470,0,0,0,0,0,0
CD, ,0,0,0,EZE,0,0.0,354.0,3.0,0,0,0,0,0,0,0,0
VD, ,0,0,0,EZE,0.0,0.0,277.0,10.0,0,0,0,0,0,0,0,0
AF,D212J,-34.977706,-58.614567,1,EZE,212.0,10.0,300.0,0,0,0,0,0,0,0,0
CF,EZE,-34.824064,-58.535319,0,EZE,0.0,0.0,32.0,10.0,0,0,0,0,0,0,0,0
TF,EZE19,-34.123333,-58.564722,0, ,0.0,0.0,0.0,0.0,0,0,0,0,0,0,0,0
TF,EZE20,-34.151389,-58.813611,1, ,0.0,0.0,0.0,0.0,0,0,0,0,0,0,0,0
TF,BIVAM,-33.971111,-58.945556,0, ,0.0,0.0,0.0,0.0,0,0,0,0,0,0,0,0

SID,BIVA1L,17,2
DF,DER17,-34.835211,-58.524586,0, ,0.0,0.0,0,0,0,0,0,0,0,1
VA,0,174.0,2,500,0,0,0,0,0,0
CF,D185J,-34.990681,-58.522744,0,EZE,185.5,10.0,185.0,8.0,0,0,0,0,0,0,0,0
AF,D212J,-34.977706,-58.614567,2,EZE,212.0,10.0,185.0,0,0,0,0,0,0,0,0
TF,EZE,-34.824064,-58.535319,0, ,0.0,0.0,0.0,0.0,0,0,0,0,0,0,0,0
TF,EZE19,-34.123333,-58.564722,0, ,0.0,0.0,0.0,0.0,0,0,0,0,0,0,0,0
TF,EZE20,-34.151389,-58.813611,1, ,0.0,0.0,0.0,0.0,0,0,0,0,0,0,0,0
TF,BIVAM,-33.971111,-58.945556,0, ,0.0,0.0,0.0,0.0,0,0,0,0,0,0,0,0

SID,BIVA3A,11,2
CA,0,112.0,2,500,0,0,0,0,0,0
CF,EZE12,-34.857500,-58.465000,0,EZE,129.0,4.0,129.0,4.0,0,0,0,0,0,0,0,0
TF,D129J,-34.907406,-58.359819,0, ,0.0,0.0,0.0,0.0,0,0,0,0,0,0,0,0
AF,D212J,-34.977706,-58.614567,2,EZE,212.0,10.0,129.0,0,0,0,0,0,0,0,0
TF,EZE,-34.824064,-58.535319,0, ,0.0,0.0,0.0,0.0,0,0,0,0,0,0,0,0

SID,BIVA3A,BIVAM,3
IF,EZE,-34.824064,-58.535319, ,0.0,0.0,0,0,0,0,0,0,0,0
TF,EZE19,-34.123333,-58.564722,0, ,0.0,0.0,0.0,0.0,0,0,0,0,0,0,0,0
TF,EZE20,-34.151389,-58.813611,1, ,0.0,0.0,0.0,0.0,0,0,0,0,0,0,0,0
TF,BIVAM,-33.971111,-58.945556,0, ,0.0,0.0,0.0,0.0,0,0,0,0,0,0,0,0

SID,DORV1A,11,2
DF,DER11,-34.825361,-58.518250,0, ,0.0,0.0,0,0,0,0,0,0,0,1
VA,0,112.0,2,500,0,0,0,0,0,0
DF,EZE12,-34.857500,-58.465000,0, ,0.0,0.0,0,0,0,0,0,0,0,0
TF,D129J,-34.907406,-58.359819,0, ,0.0,0.0,0.0,0.0,0,0,0,0,0,0,0,0
TF,PTA,-34.975833,-57.898333,0, ,0.0,0.0,0.0,0.0,0,0,0,0,0,0,0,0
TF,DORVO,-34.716111,-57.517222,0, ,0.0,0.0,0.0,0.0,0,0,0,0,0,0,0,0

SID,DORV1E,29,2
VA,0,292.0,2,470,0,0,0,0,0,0
CD, ,0,0,0,EZE,0,0.0,292.0,3.0,0,0,0,0,0,0,0,0
DF,D255J,-34.891822,-58.720411,0, ,0.0,0.0,0,0,0,0,0,0,0,0
AF,D185J,-34.990681,-58.522744,1,EZE,185.5,10.0,255.0,0,0,0,0,0,0,0,0
TF,PTA,-34.975833,-57.898333,0, ,0.0,0.0,0.0,0.0,0,0,0,0,0,0,0,0
TF,DORVO,-34.716111,-57.517222,0, ,0.0,0.0,0.0,0.0,0,0,0,0,0,0,0,0

SID,DORV1J,35,2
VA,0,354.0,2,470,0,0,0,0,0,0
CD, ,0,0,0,EZE,0,0.0,354.0,3.0,0,0,0,0,0,0,0,0
VD, ,0,0,0,EZE,0.0,0.0,277.0,10.0,0,0,0,0,0,0,0,0
AF,D185J,-34.990681,-58.522744,1,EZE,185.5,10.0,300.0,0,0,0,0,0,0,0,0
TF,PTA,-34.975833,-57.898333,0, ,0.0,0.0,0.0,0.0,0,0,0,0,0,0,0,0
TF,DORVO,-34.716111,-57.517222,0, ,0.0,0.0,0.0,0.0,0,0,0,0,0,0,0,0

SID,DORV1L,17,2
DF,DER17,-34.835211,-58.524586,0, ,0.0,0.0,0,0,0,0,0,0,0,1
VA,0,174.0,2,500,0,0,0,0,0,0
CF,D185J,-34.990681,-58.522744,0,EZE,185.5,10.0,185.0,8.0,0,0,0,0,0,0,0,0
TF,PTA,-34.975833,-57.898333,0, ,0.0,0.0,0.0,0.0,0,0,0,0,0,0,0,0
TF,DORVO,-34.716111,-57.517222,0, ,0.0,0.0,0.0,0.0,0,0,0,0,0,0,0,0

SID,ESLA1A,11,2
DF,DER11,-34.825361,-58.518250,0, ,0.0,0.0,0,0,0,0,0,0,0,1
VA,0,112.0,2,500,0,0,0,0,0,0
DF,EZE12,-34.857500,-58.465000,0, ,0.0,0.0,0,0,0,0,0,0,0,0
TF,D129J,-34.907406,-58.359819,0, ,0.0,0.0,0.0,0.0,0,0,0,0,0,0,0,0
TF,PTA,-34.975833,-57.898333,0, ,0.0,0.0,0.0,0.0,0,0,0,0,0,0,0,0
TF,ESLAN,-34.981944,-57.084722,0, ,0.0,0.0,0.0,0.0,0,0,0,0,0,0,0,0

SID,ESLA1E,29,2
VA,0,292.0,2,470,0,0,0,0,0,0
CD, ,0,0,0,EZE,0,0.0,292.0,3.0,0,0,0,0,0,0,0,0
DF,D255J,-34.891822,-58.720411,0, ,0.0,0.0,0,0,0,0,0,0,0,0
AF,D185J,-34.990681,-58.522744,1,EZE,185.5,10.0,255.0,0,0,0,0,0,0,0,0
TF,PTA,-34.975833,-57.898333,0, ,0.0,0.0,0.0,0.0,0,0,0,0,0,0,0,0
TF,ESLAN,-34.981944,-57.084722,0, ,0.0,0.0,0.0,0.0,0,0,0,0,0,0,0,0

SID,ESLA1J,35,2
VA,0,354.0,2,470,0,0,0,0,0,0
CD, ,0,0,0,EZE,0,0.0,354.0,3.0,0,0,0,0,0,0,0,0
VD, ,0,0,0,EZE,0.0,0.0,277.0,10.0,0,0,0,0,0,0,0,0
AF,D185J,-34.990681,-58.522744,1,EZE,185.5,10.0,300.0,0,0,0,0,0,0,0,0
TF,PTA,-34.975833,-57.898333,0, ,0.0,0.0,0.0,0.0,0,0,0,0,0,0,0,0
TF,ESLAN,-34.981944,-57.084722,0, ,0.0,0.0,0.0,0.0,0,0,0,0,0,0,0,0

SID,ESLA1L,17,2
DF,DER17,-34.835211,-58.524586,0, ,0.0,0.0,0,0,0,0,0,0,0,1
VA,0,174.0,2,500,0,0,0,0,0,0
CF,D185J,-34.990681,-58.522744,0,EZE,185.5,10.0,185.0,9.0,0,0,0,0,0,0,0,0
TF,PTA,-34.975833,-57.898333,0, ,0.0,0.0,0.0,0.0,0,0,0,0,0,0,0,0
TF,ESLAN,-34.981944,-57.084722,0, ,0.0,0.0,0.0,0.0,0,0,0,0,0,0,0,0

SID,GBE1A,11,2
DF,DER11,-34.825361,-58.518250,0, ,0.0,0.0,0,0,0,0,0,0,0,1
VA,0,112.0,2,500,0,0,0,0,0,0
DF,EZE12,-34.857500,-58.465000,0, ,0.0,0.0,0,0,0,0,0,0,0,0
TF,D129J,-34.907406,-58.359819,0, ,0.0,0.0,0.0,0.0,0,0,0,0,0,0,0,0
AF,D185J,-34.990681,-58.522744,2,EZE,185.5,10.0,129.0,0,0,0,0,0,0,0,0
TF,GBE,-35.750833,-58.464722,0, ,0.0,0.0,0.0,0.0,0,0,0,0,0,0,0,0

SID,GBE1E,29,2
VA,0,292.0,2,470,0,0,0,0,0,0
CD, ,0,0,0,EZE,0,0.0,292.0,3.0,0,0,0,0,0,0,0,0
DF,D255J,-34.891822,-58.720411,0, ,0.0,0.0,0,0,0,0,0,0,0,0
AF,D185J,-34.990681,-58.522744,1,EZE,185.5,10.0,255.0,0,0,0,0,0,0,0,0
TF,GBE,-35.750833,-58.464722,0, ,0.0,0.0,0.0,0.0,0,0,0,0,0,0,0,0

SID,GBE1J,35,2
VA,0,354.0,2,470,0,0,0,0,0,0
CD, ,0,0,0,EZE,0,0.0,354.0,3.0,0,0,0,0,0,0,0,0
VD, ,0,0,0,EZE,0.0,0.0,277.0,10.0,0,0,0,0,0,0,0,0
AF,D185J,-34.990681,-58.522744,1,EZE,185.5,10.0,300.0,0,0,0,0,0,0,0,0
TF,GBE,-35.750833,-58.464722,0, ,0.0,0.0,0.0,0.0,0,0,0,0,0,0,0,0

SID,GBE1L,17,2
DF,DER17,-34.835211,-58.524586,0, ,0.0,0.0,0,0,0,0,0,0,0,1
VA,0,174.0,2,500,0,0,0,0,0,0
CF,GBE,-35.750833,-58.464722,0,EZE,185.5,55.6,185.0,55.6,0,0,0,0,0,0,0,0

SID,KOVU1A,11,2
DF,DER11,-34.825361,-58.518250,0, ,0.0,0.0,0,0,0,0,0,0,0,1
VA,0,112.0,2,500,0,0,0,0,0,0
DF,EZE12,-34.857500,-58.465000,0, ,0.0,0.0,0,0,0,0,0,0,0,0
TF,D129J,-34.907406,-58.359819,0, ,0.0,0.0,0.0,0.0,0,0,0,0,0,0,0,0
TF,PTA,-34.975833,-57.898333,0, ,0.0,0.0,0.0,0.0,0,0,0,0,0,0,0,0
TF,KOVUK,-35.199444,-57.520556,0, ,0.0,0.0,0.0,0.0,0,0,0,0,0,0,0,0

SID,KOVU1E,29,2
VA,0,292.0,2,470,0,0,0,0,0,0
CD, ,0,0,0,EZE,0,0.0,292.0,3.0,0,0,0,0,0,0,0,0
DF,D255J,-34.891822,-58.720411,0, ,0.0,0.0,0,0,0,0,0,0,0,0
AF,D185J,-34.990681,-58.522744,1,EZE,185.5,10.0,255.0,0,0,0,0,0,0,0,0
TF,PTA,-34.975833,-57.898333,0, ,0.0,0.0,0.0,0.0,0,0,0,0,0,0,0,0
TF,KOVUK,-35.199444,-57.520556,0, ,0.0,0.0,0.0,0.0,0,0,0,0,0,0,0,0

SID,KOVU1J,35,2
VA,0,354.0,2,470,0,0,0,0,0,0
CD, ,0,0,0,EZE,0,0.0,354.0,3.0,0,0,0,0,0,0,0,0
VD, ,0,0,0,EZE,0.0,0.0,277.0,10.0,0,0,0,0,0,0,0,0
AF,D185J,-34.990681,-58.522744,1,EZE,185.5,10.0,300.0,0,0,0,0,0,0,0,0
TF,PTA,-34.975833,-57.898333,0, ,0.0,0.0,0.0,0.0,0,0,0,0,0,0,0,0
TF,KOVUK,-35.199444,-57.520556,0, ,0.0,0.0,0.0,0.0,0,0,0,0,0,0,0,0

SID,KOVU1L,17,2
DF,DER17,-34.835211,-58.524586,0, ,0.0,0.0,0,0,0,0,0,0,0,1
VA,0,174.0,2,500,0,0,0,0,0,0
CF,D185J,-34.990681,-58.522744,0,EZE,185.5,10.0,185.0,9.0,0,0,0,0,0,0,0,0
TF,PTA,-34.975833,-57.898333,0, ,0.0,0.0,0.0,0.0,0,0,0,0,0,0,0,0
TF,KOVUK,-35.199444,-57.520556,0, ,0.0,0.0,0.0,0.0,0,0,0,0,0,0,0,0

SID,KUKE1A,11,2
DF,DER11,-34.825361,-58.518250,0, ,0.0,0.0,0,0,0,0,0,0,0,1
VA,0,112.0,2,500,0,0,0,0,0,0
DF,EZE12,-34.857500,-58.465000,0, ,0.0,0.0,0,0,0,0,0,0,0,0
TF,D129J,-34.907406,-58.359819,0, ,0.0,0.0,0.0,0.0,0,0,0,0,0,0,0,0
TF,PTA,-34.975833,-57.898333,0, ,0.0,0.0,0.0,0.0,0,0,0,0,0,0,0,0
TF,KUKEN,-34.182778,-58.217222,1, ,0.0,0.0,0.0,0.0,0,0,0,0,0,0,0,0

SID,KUKE1E,29,2
VA,0,292.0,2,470,0,0,0,0,0,0
CD, ,0,0,0,EZE,0,0.0,292.0,3.0,0,0,0,0,0,0,0,0
DF,D255J,-34.891822,-58.720411,0, ,0.0,0.0,0,0,0,0,0,0,0,0
AF,D185J,-34.990681,-58.522744,1,EZE,185.5,10.0,255.0,0,0,0,0,0,0,0,0
TF,PTA,-34.975833,-57.898333,0, ,0.0,0.0,0.0,0.0,0,0,0,0,0,0,0,0
TF,EZE18,-34.488333,-58.094722,1, ,0.0,0.0,0.0,0.0,0,0,0,0,0,0,0,0
TF,KUKEN,-34.182778,-58.217222,0, ,0.0,0.0,0.0,0.0,0,0,0,0,0,0,0,0

SID,KUKE1J,35,2
VA,0,354.0,2,470,0,0,0,0,0,0
CD, ,0,0,0,EZE,0,0.0,354.0,3.0,0,0,0,0,0,0,0,0
VD, ,0,0,0,EZE,0.0,0.0,277.0,10.0,0,0,0,0,0,0,0,0
AF,D185J,-34.990681,-58.522744,1,EZE,185.5,10.0,300.0,0,0,0,0,0,0,0,0
TF,PTA,-34.975833,-57.898333,0, ,0.0,0.0,0.0,0.0,0,0,0,0,0,0,0,0
TF,KUKEN,-34.182778,-58.217222,1, ,0.0,0.0,0.0,0.0,0,0,0,0,0,0,0,0

SID,KUKE1L,17,2
DF,DER17,-34.835211,-58.524586,0, ,0.0,0.0,0,0,0,0,0,0,0,1
VA,0,174.0,2,500,0,0,0,0,0,0
CF,D185J,-34.990681,-58.522744,0,EZE,185.5,10.0,185.0,9.0,0,0,0,0,0,0,0,0
TF,PTA,-34.975833,-57.898333,0, ,0.0,0.0,0.0,0.0,0,0,0,0,0,0,0,0
TF,KUKEN,-34.182778,-58.217222,1, ,0.0,0.0,0.0,0.0,0,0,0,0,0,0,0,0

SID,LAND1E,29,2
VA,0,292.0,2,470,0,0,0,0,0,0
CD, ,0,0,0,EZE,0,0.0,292.0,3.0,0,0,0,0,0,0,0,0
DF,D255J,-34.891822,-58.720411,0, ,0.0,0.0,0,0,0,0,0,0,0,0
AF,D212J,-34.977706,-58.614567,1,EZE,212.0,10.0,255.0,0,0,0,0,0,0,0,0
TF,EZE,-34.824064,-58.535319,0, ,0.0,0.0,0.0,0.0,0,0,0,0,0,0,0,0

SID,LAND1E,LANDA,3
IF,EZE,-34.824064,-58.535319, ,0.0,0.0,0,0,0,0,0,0,0,0
TF,EZE19,-34.123333,-58.564722,0, ,0.0,0.0,0.0,0.0,0,0,0,0,0,0,0,0
TF,LANDA,-33.908056,-58.575278,0, ,0.0,0.0,0.0,0.0,0,0,0,0,0,0,0,0

SID,LAND1J,35,2
VA,0,354.0,2,470,0,0,0,0,0,0
CD, ,0,0,0,EZE,0,0.0,354.0,3.0,0,0,0,0,0,0,0,0
VD, ,0,0,0,EZE,0.0,0.0,277.0,10.0,0,0,0,0,0,0,0,0
AF,D185J,-34.990681,-58.522744,1,EZE,185.5,10.0,300.0,0,0,0,0,0,0,0,0
CF,EZE,-34.824064,-58.535319,0,EZE,0.0,0.0,32.0,10.0,0,0,0,0,0,0,0,0
TF,EZE19,-34.123333,-58.564722,0, ,0.0,0.0,0.0,0.0,0,0,0,0,0,0,0,0
TF,LANDA,-33.908056,-58.575278,0, ,0.0,0.0,0.0,0.0,0,0,0,0,0,0,0,0

SID,LAND1L,17,2
DF,DER17,-34.835211,-58.524586,0, ,0.0,0.0,0,0,0,0,0,0,0,1
VA,0,174.0,2,500,0,0,0,0,0,0
CF,D185J,-34.990681,-58.522744,0,EZE,185.5,10.0,185.0,8.0,0,0,0,0,0,0,0,0
AF,D212J,-34.977706,-58.614567,2,EZE,212.0,10.0,185.0,0,0,0,0,0,0,0,0
TF,EZE,-34.824064,-58.535319,0, ,0.0,0.0,0.0,0.0,0,0,0,0,0,0,0,0
TF,EZE19,-34.123333,-58.564722,0, ,0.0,0.0,0.0,0.0,0,0,0,0,0,0,0,0
TF,LANDA,-33.908056,-58.575278,0, ,0.0,0.0,0.0,0.0,0,0,0,0,0,0,0,0

SID,LAND3A,11,2
CA,0,112.0,2,500,0,0,0,0,0,0
CF,EZE12,-34.857500,-58.465000,0,EZE,129.0,4.0,129.0,4.0,0,0,0,0,0,0,0,0
TF,D129J,-34.907406,-58.359819,0, ,0.0,0.0,0.0,0.0,0,0,0,0,0,0,0,0
AF,D212J,-34.977706,-58.614567,2,EZE,212.0,10.0,129.0,0,0,0,0,0,0,0,0
TF,EZE,-34.824064,-58.535319,0, ,0.0,0.0,0.0,0.0,0,0,0,0,0,0,0,0

SID,LAND3A,LANDA,3
IF,EZE,-34.824064,-58.535319, ,0.0,0.0,0,0,0,0,0,0,0,0
TF,EZE19,-34.123333,-58.564722,0, ,0.0,0.0,0.0,0.0,0,0,0,0,0,0,0,0
TF,LANDA,-33.908056,-58.575278,0, ,0.0,0.0,0.0,0.0,0,0,0,0,0,0,0,0

SID,PAPI1A,11,2
DF,DER11,-34.825361,-58.518250,0, ,0.0,0.0,0,0,0,0,0,0,0,1
VA,0,112.0,2,500,0,0,0,0,0,0
DF,EZE12,-34.857500,-58.465000,0, ,0.0,0.0,0,0,0,0,0,0,0,0
TF,D129J,-34.907406,-58.359819,0, ,0.0,0.0,0.0,0.0,0,0,0,0,0,0,0,0
TF,PTA,-34.975833,-57.898333,0, ,0.0,0.0,0.0,0.0,0,0,0,0,0,0,0,0
TF,EZE18,-34.488333,-58.094722,1, ,0.0,0.0,0.0,0.0,0,0,0,0,0,0,0,0
TF,PAPIX,-34.416111,-58.000556,0, ,0.0,0.0,0.0,0.0,0,0,0,0,0,0,0,0

SID,PAPI1E,29,2
VA,0,292.0,2,470,0,0,0,0,0,0
CD, ,0,0,0,EZE,0,0.0,292.0,3.0,0,0,0,0,0,0,0,0
DF,D255J,-34.891822,-58.720411,0, ,0.0,0.0,0,0,0,0,0,0,0,0
AF,D185J,-34.990681,-58.522744,1,EZE,185.5,10.0,255.0,0,0,0,0,0,0,0,0
TF,PTA,-34.975833,-57.898333,0, ,0.0,0.0,0.0,0.0,0,0,0,0,0,0,0,0
TF,EZE18,-34.488333,-58.094722,1, ,0.0,0.0,0.0,0.0,0,0,0,0,0,0,0,0
TF,PAPIX,-34.416111,-58.000556,0, ,0.0,0.0,0.0,0.0,0,0,0,0,0,0,0,0

SID,PAPI1J,35,2
VA,0,354.0,2,470,0,0,0,0,0,0
CD, ,0,0,0,EZE,0,0.0,354.0,3.0,0,0,0,0,0,0,0,0
VD, ,0,0,0,EZE,0.0,0.0,277.0,10.0,0,0,0,0,0,0,0,0
AF,D185J,-34.990681,-58.522744,1,EZE,185.5,10.0,300.0,0,0,0,0,0,0,0,0
TF,PTA,-34.975833,-57.898333,0, ,0.0,0.0,0.0,0.0,0,0,0,0,0,0,0,0
TF,EZE18,-34.488333,-58.094722,1, ,0.0,0.0,0.0,0.0,0,0,0,0,0,0,0,0
TF,PAPIX,-34.416111,-58.000556,0, ,0.0,0.0,0.0,0.0,0,0,0,0,0,0,0,0

SID,PAPI1L,17,2
DF,DER17,-34.835211,-58.524586,0, ,0.0,0.0,0,0,0,0,0,0,0,1
VA,0,174.0,2,500,0,0,0,0,0,0
CF,D185J,-34.990681,-58.522744,0,EZE,185.5,10.0,185.0,9.0,0,0,0,0,0,0,0,0
TF,PTA,-34.975833,-57.898333,0, ,0.0,0.0,0.0,0.0,0,0,0,0,0,0,0,0
TF,EZE18,-34.488333,-58.094722,1, ,0.0,0.0,0.0,0.0,0,0,0,0,0,0,0,0
TF,PAPIX,-34.416111,-58.000556,0, ,0.0,0.0,0.0,0.0,0,0,0,0,0,0,0,0

SID,TEDA1A,11,2
DF,DER11,-34.825361,-58.518250,0, ,0.0,0.0,0,0,0,0,0,0,0,1
VA,0,112.0,2,500,0,0,0,0,0,0
DF,EZE12,-34.857500,-58.465000,0, ,0.0,0.0,0,0,0,0,0,0,0,0
TF,D129J,-34.907406,-58.359819,0, ,0.0,0.0,0.0,0.0,0,0,0,0,0,0,0,0
TF,PTA,-34.975833,-57.898333,0, ,0.0,0.0,0.0,0.0,0,0,0,0,0,0,0,0
TF,TEDAR,-35.449444,-57.717222,0, ,0.0,0.0,0.0,0.0,0,0,0,0,0,0,0,0

SID,TEDA1E,29,2
VA,0,292.0,2,470,0,0,0,0,0,0
CD, ,0,0,0,EZE,0,0.0,292.0,3.0,0,0,0,0,0,0,0,0
DF,D255J,-34.891822,-58.720411,0, ,0.0,0.0,0,0,0,0,0,0,0,0
AF,D185J,-34.990681,-58.522744,1,EZE,185.5,10.0,255.0,0,0,0,0,0,0,0,0
TF,PTA,-34.975833,-57.898333,0, ,0.0,0.0,0.0,0.0,0,0,0,0,0,0,0,0
TF,TEDAR,-35.449444,-57.717222,0, ,0.0,0.0,0.0,0.0,0,0,0,0,0,0,0,0

SID,TEDA1J,35,2
VA,0,354.0,2,470,0,0,0,0,0,0
CD, ,0,0,0,EZE,0,0.0,354.0,3.0,0,0,0,0,0,0,0,0
VD, ,0,0,0,EZE,0.0,0.0,277.0,10.0,0,0,0,0,0,0,0,0
AF,D185J,-34.990681,-58.522744,1,EZE,185.5,10.0,300.0,0,0,0,0,0,0,0,0
TF,PTA,-34.975833,-57.898333,0, ,0.0,0.0,0.0,0.0,0,0,0,0,0,0,0,0
TF,TEDAR,-35.449444,-57.717222,0, ,0.0,0.0,0.0,0.0,0,0,0,0,0,0,0,0

SID,TEDA1L,17,2
DF,DER17,-34.835211,-58.524586,0, ,0.0,0.0,0,0,0,0,0,0,0,1
VA,0,174.0,2,500,0,0,0,0,0,0
CF,D185J,-34.990681,-58.522744,0,EZE,185.5,10.0,185.0,9.0,0,0,0,0,0,0,0,0
TF,PTA,-34.975833,-57.898333,0, ,0.0,0.0,0.0,0.0,0,0,0,0,0,0,0,0
TF,TEDAR,-35.449444,-57.717222,0, ,0.0,0.0,0.0,0.0,0,0,0,0,0,0,0,0

SID,TORU1A,11,2
DF,DER11,-34.825361,-58.518250,0, ,0.0,0.0,0,0,0,0,0,0,0,1
CA,0,112.0,2,500,0,0,0,0,0,0
CF,EZE12,-34.857500,-58.465000,0,EZE,129.0,4.0,129.0,2.0,0,0,0,0,0,0,0,0
TF,D129J,-34.907406,-58.359819,0, ,0.0,0.0,0.0,0.0,0,0,0,0,0,0,0,0
AF,D185J,-34.990681,-58.522744,2,EZE,185.5,10.0,129.0,0,0,0,0,0,0,0,0
TF,EZE24,-35.006111,-58.838889,0, ,0.0,0.0,0.0,0.0,0,0,0,0,0,0,0,0
TF,GEBEM,-35.200278,-59.158889,0, ,0.0,0.0,0.0,0.0,0,0,0,0,0,0,0,0
TF,TORUL,-35.361667,-59.440000,0, ,0.0,0.0,0.0,0.0,0,0,0,0,0,0,0,0

SID,TORU1E,29,2
VA,0,292.0,2,470,0,0,0,0,0,0
CD, ,0,0,0,EZE,0,0.0,292.0,3.0,0,0,0,0,0,0,0,0
DF,D255J,-34.891822,-58.720411,0, ,0.0,0.0,0,0,0,0,0,0,0,0
AF,D243J,-34.922414,-58.698997,1,EZE,242.9,10.0,255.0,0,0,0,0,0,0,0,0
TF,EZE24,-35.006111,-58.838889,0, ,0.0,0.0,0.0,0.0,0,0,0,0,0,0,0,0
TF,GEBEM,-35.200278,-59.158889,0, ,0.0,0.0,0.0,0.0,0,0,0,0,0,0,0,0
TF,TORUL,-35.361667,-59.440000,0, ,0.0,0.0,0.0,0.0,0,0,0,0,0,0,0,0

SID,TORU1J,35,2
VA,0,354.0,2,470,0,0,0,0,0,0
CD, ,0,0,0,EZE,0,0.0,354.0,3.0,0,0,0,0,0,0,0,0
VD, ,0,0,0,EZE,0.0,0.0,277.0,10.0,0,0,0,0,0,0,0,0
AF,D243J,-34.922414,-58.698997,1,EZE,242.9,10.0,300.0,0,0,0,0,0,0,0,0
CF,EZE24,-35.006111,-58.838889,0,EZE,242.9,18.5,243.0,8.5,0,0,0,0,0,0,0,0
TF,GEBEM,-35.200278,-59.158889,0, ,0.0,0.0,0.0,0.0,0,0,0,0,0,0,0,0
TF,TORUL,-35.361667,-59.440000,0, ,0.0,0.0,0.0,0.0,0,0,0,0,0,0,0,0

SID,TORU1L,17,2
DF,DER17,-34.835211,-58.524586,0, ,0.0,0.0,0,0,0,0,0,0,0,1
VA,0,174.0,2,500,0,0,0,0,0,0
CF,D185J,-34.990681,-58.522744,0,EZE,185.5,10.0,185.0,9.0,0,0,0,0,0,0,0,0
TF,EZE24,-35.006111,-58.838889,2, ,0.0,0.0,0.0,0.0,0,0,0,0,0,0,0,0
TF,GEBEM,-35.200278,-59.158889,0, ,0.0,0.0,0.0,0.0,0,0,0,0,0,0,0,0
TF,TORUL,-35.361667,-59.440000,0, ,0.0,0.0,0.0,0.0,0,0,0,0,0,0,0,0

SID,URIN1A,11,2
DF,DER11,-34.825361,-58.518250,0, ,0.0,0.0,0,0,0,0,0,0,0,1
CA,0,112.0,2,500,0,0,0,0,0,0
CF,EZE12,-34.857500,-58.465000,0,EZE,129.0,4.0,129.0,2.0,0,0,0,0,0,0,0,0
TF,D129J,-34.907406,-58.359819,0, ,0.0,0.0,0.0,0.0,0,0,0,0,0,0,0,0
AF,D185J,-34.990681,-58.522744,2,EZE,185.5,10.0,129.0,0,0,0,0,0,0,0,0
TF,EZE24,-35.006111,-58.838889,0, ,0.0,0.0,0.0,0.0,0,0,0,0,0,0,0,0
TF,EZE15,-35.018056,-59.289167,0, ,0.0,0.0,0.0,0.0,0,0,0,0,0,0,0,0
TF,URINO,-34.699722,-59.640833,0, ,0.0,0.0,0.0,0.0,0,0,0,0,0,0,0,0

SID,URIN1E,29,2
VA,0,292.0,2,470,0,0,0,0,0,0
CD, ,0,0,0,EZE,0,0.0,292.0,3.0,0,0,0,0,0,0,0,0
DF,D255J,-34.891822,-58.720411,0, ,0.0,0.0,0,0,0,0,0,0,0,0
AF,D243J,-34.922414,-58.698997,1,EZE,242.9,10.0,255.0,0,0,0,0,0,0,0,0
TF,EZE24,-35.006111,-58.838889,0, ,0.0,0.0,0.0,0.0,0,0,0,0,0,0,0,0
TF,EZE15,-35.018056,-59.289167,0, ,0.0,0.0,0.0,0.0,0,0,0,0,0,0,0,0
TF,URINO,-34.699722,-59.640833,0, ,0.0,0.0,0.0,0.0,0,0,0,0,0,0,0,0

SID,URIN1J,35,2
VA,0,354.0,2,470,0,0,0,0,0,0
CD, ,0,0,0,EZE,0,0.0,354.0,3.0,0,0,0,0,0,0,0,0
VD, ,0,0,0,EZE,0.0,0.0,277.0,10.0,0,0,0,0,0,0,0,0
AF,D243J,-34.922414,-58.698997,1,EZE,242.9,10.0,300.0,0,0,0,0,0,0,0,0
CF,EZE24,-35.006111,-58.838889,0,EZE,242.9,18.5,243.0,8.5,0,0,0,0,0,0,0,0
TF,EZE15,-35.018056,-59.289167,0, ,0.0,0.0,0.0,0.0,0,0,0,0,0,0,0,0
TF,URINO,-34.699722,-59.640833,0, ,0.0,0.0,0.0,0.0,0,0,0,0,0,0,0,0

SID,URIN1L,17,2
DF,DER17,-34.835211,-58.524586,0, ,0.0,0.0,0,0,0,0,0,0,0,1
VA,0,174.0,2,500,0,0,0,0,0,0
CF,D185J,-34.990681,-58.522744,0,EZE,185.5,10.0,185.0,9.0,0,0,0,0,0,0,0,0
TF,EZE24,-35.006111,-58.838889,2, ,0.0,0.0,0.0,0.0,0,0,0,0,0,0,0,0
TF,EZE15,-35.018056,-59.289167,0, ,0.0,0.0,0.0,0.0,0,0,0,0,0,0,0,0
TF,URINO,-34.699722,-59.640833,0, ,0.0,0.0,0.0,0.0,0,0,0,0,0,0,0,0

STAR,ASAD7U,11,5
IF,ASADA,-35.025833,-59.625833, ,0.0,0.0,0,0,0,0,0,0,0,0
TF,AER52,-34.907500,-58.977778,0, ,0.0,0.0,0.0,0.0,0,0,0,0,0,0,0,0
TF,ARSOT,-34.760278,-58.897500,0, ,0.0,0.0,0.0,0.0,2,5000,0,0,0,0,0,0

STAR,ASAD7V,17,5
IF,ASADA,-35.025833,-59.625833, ,0.0,0.0,0,0,0,0,0,0,0,0
TF,AER52,-34.907500,-58.977778,0, ,0.0,0.0,0.0,0.0,0,0,0,0,0,0,0,0
TF,ARSOT,-34.760278,-58.897500,0, ,0.0,0.0,0.0,0.0,2,5000,0,0,0,0,0,0

STAR,ASAD7X,35,5
IF,ASADA,-35.025833,-59.625833, ,0.0,0.0,0,0,0,0,0,0,0,0
TF,AER60,-35.614167,-58.686389,0, ,0.0,0.0,0.0,0.0,0,0,0,0,0,0,0,0
TF,EZE66,-35.428333,-58.455000,0, ,0.0,0.0,0.0,0.0,0,0,0,0,0,0,0,0
TF,GESTA,-35.081111,-58.445556,0, ,0.0,0.0,0.0,0.0,2,5000,0,0,0,0,0,0

STAR,GBE7U,11,5
IF,GBE,-35.750833,-58.464722, ,0.0,0.0,0,0,0,0,0,0,0,0
TF,AER52,-34.907500,-58.977778,0, ,0.0,0.0,0.0,0.0,0,0,0,0,0,0,0,0
TF,ARSOT,-34.760278,-58.897500,0, ,0.0,0.0,0.0,0.0,2,5000,0,0,0,0,0,0

STAR,GBE7V,17,5
IF,GBE,-35.750833,-58.464722, ,0.0,0.0,0,0,0,0,0,0,0,0
TF,AER52,-34.907500,-58.977778,0, ,0.0,0.0,0.0,0.0,0,0,0,0,0,0,0,0
TF,ARSOT,-34.760278,-58.897500,0, ,0.0,0.0,0.0,0.0,2,5000,0,0,0,0,0,0

STAR,GBE7X,35,5
IF,GBE,-35.750833,-58.464722, ,0.0,0.0,0,0,0,0,0,0,0,0
TF,EZE66,-35.428333,-58.455000,0, ,0.0,0.0,0.0,0.0,0,0,0,0,0,0,0,0
TF,GESTA,-35.081111,-58.445556,0, ,0.0,0.0,0.0,0.0,2,5000,0,0,0,0,0,0

STAR,KOVU7A,11,2
IF,KOVUK,-35.199444,-57.520556, ,0.0,0.0,0,0,0,0,0,0,0,0
TF,PTA,-34.975833,-57.898333,0, ,0.0,0.0,0.0,0.0,0,0,0,0,0,0,0,0
TF,EZE,-34.824064,-58.535319,0, ,0.0,0.0,0.0,0.0,2,5000,0,0,0,0,0,0

STAR,KOVU7B,35,2
IF,KOVUK,-35.199444,-57.520556, ,0.0,0.0,0,0,0,0,0,0,0,0
TF,PTA,-34.975833,-57.898333,0, ,0.0,0.0,0.0,0.0,0,0,0,0,0,0,0,0
TF,GESTA,-35.081111,-58.445556,0, ,0.0,0.0,0.0,0.0,2,5000,0,0,0,0,0,0

STAR,KUKE7A,11,2
IF,KUKEN,-34.182778,-58.217222, ,0.0,0.0,0,0,0,0,0,0,0,0
TF,EZE,-34.824064,-58.535319,0, ,0.0,0.0,0.0,0.0,2,5000,0,0,0,0,0,0

STAR,KUKE7B,35,2
IF,KUKEN,-34.182778,-58.217222, ,0.0,0.0,0,0,0,0,0,0,0,0
TF,EZE,-34.824064,-58.535319,0, ,0.0,0.0,0.0,0.0,2,5000,0,0,0,0,0,0

STAR,PAGO7U,11,5
IF,PAGON,-33.921111,-58.720556, ,0.0,0.0,0,0,0,0,0,0,0,0
TF,VANAR,-34.324444,-58.762222,0, ,0.0,0.0,0.0,0.0,0,0,0,0,0,0,0,0
TF,TRINI,-34.562778,-58.790556,0, ,0.0,0.0,0.0,0.0,0,0,0,0,0,0,0,0
TF,ARSOT,-34.760278,-58.897500,0, ,0.0,0.0,0.0,0.0,2,5000,0,0,0,0,0,0

STAR,PAGO7V,17,5
IF,PAGON,-33.921111,-58.720556, ,0.0,0.0,0,0,0,0,0,0,0,0
TF,VANAR,-34.324444,-58.762222,0, ,0.0,0.0,0.0,0.0,0,0,0,0,0,0,0,0
TF,TRINI,-34.562778,-58.790556,0, ,0.0,0.0,0.0,0.0,0,0,0,0,0,0,0,0
TF,ARSOT,-34.760278,-58.897500,0, ,0.0,0.0,0.0,0.0,2,5000,0,0,0,0,0,0

STAR,PAGO7X,35,5
IF,PAGON,-33.921111,-58.720556, ,0.0,0.0,0,0,0,0,0,0,0,0
TF,VANAR,-34.324444,-58.762222,0, ,0.0,0.0,0.0,0.0,0,0,0,0,0,0,0,0
TF,EZE,-34.824064,-58.535319,0, ,0.0,0.0,0.0,0.0,2,5000,0,0,0,0,0,0

STAR,PAPI7A,11,2
IF,PAPIX,-34.416111,-58.000556, ,0.0,0.0,0,0,0,0,0,0,0,0
TF,EZE,-34.824064,-58.535319,0, ,0.0,0.0,0.0,0.0,2,5000,0,0,0,0,0,0

STAR,PAPI7B,35,2
IF,PAPIX,-34.416111,-58.000556, ,0.0,0.0,0,0,0,0,0,0,0,0
TF,EZE,-34.824064,-58.535319,0, ,0.0,0.0,0.0,0.0,2,5000,0,0,0,0,0,0

STAR,SNT7U,11,5
IF,SNT,-34.222222,-59.441389, ,0.0,0.0,0,0,0,0,0,0,0,0
TF,ARSOT,-34.760278,-58.897500,0, ,0.0,0.0,0.0,0.0,2,5000,0,0,0,0,0,0

STAR,SNT7V,17,5
IF,SNT,-34.222222,-59.441389, ,0.0,0.0,0,0,0,0,0,0,0,0
TF,ARSOT,-34.760278,-58.897500,0, ,0.0,0.0,0.0,0.0,2,5000,0,0,0,0,0,0

STAR,SNT7X,35,5
IF,SNT,-34.222222,-59.441389, ,0.0,0.0,0,0,0,0,0,0,0,0
TF,VANAR,-34.324444,-58.762222,0, ,0.0,0.0,0.0,0.0,0,0,0,0,0,0,0,0
TF,EZE,-34.824064,-58.535319,0, ,0.0,0.0,0.0,0.0,2,5000,0,0,0,0,0,0

STAR,TENI7A,11,2
IF,TENIL,-35.541111,-57.833889, ,0.0,0.0,0,0,0,0,0,0,0,0
TF,PTA,-34.975833,-57.898333,0, ,0.0,0.0,0.0,0.0,0,0,0,0,0,0,0,0
TF,EZE,-34.824064,-58.535319,0, ,0.0,0.0,0.0,0.0,2,5000,0,0,0,0,0,0

STAR,TENI7B,35,2
IF,TENIL,-35.541111,-57.833889, ,0.0,0.0,0,0,0,0,0,0,0,0
TF,PTA,-34.975833,-57.898333,0, ,0.0,0.0,0.0,0.0,0,0,0,0,0,0,0,0
TF,GESTA,-35.081111,-58.445556,1, ,0.0,0.0,0.0,0.0,2,5000,0,0,0,0,0,0

STAR,UGIM7A,11,2
IF,UGIMI,-34.982778,-56.883889, ,0.0,0.0,0,0,0,0,0,0,0,0
TF,ESLAN,-34.981944,-57.084722,0, ,0.0,0.0,0.0,0.0,0,0,0,0,0,0,0,0
TF,PTA,-34.975833,-57.898333,0, ,0.0,0.0,0.0,0.0,0,0,0,0,0,0,0,0
TF,EZE,-34.824064,-58.535319,0, ,0.0,0.0,0.0,0.0,2,5000,0,0,0,0,0,0

STAR,UGIM7B,35,2
IF,UGIMI,-34.982778,-56.883889, ,0.0,0.0,0,0,0,0,0,0,0,0
TF,ESLAN,-34.981944,-57.084722,0, ,0.0,0.0,0.0,0.0,0,0,0,0,0,0,0,0
TF,PTA,-34.975833,-57.898333,0, ,0.0,0.0,0.0,0.0,0,0,0,0,0,0,0,0
TF,GESTA,-35.081111,-58.445556,0, ,0.0,0.0,0.0,0.0,2,5000,0,0,0,0,0,0

STAR,VALO7X,35,5
IF,VALOS,-35.457778,-59.350556, ,0.0,0.0,0,0,0,0,0,0,0,0
TF,AER60,-35.614167,-58.686389,0, ,0.0,0.0,0.0,0.0,0,0,0,0,0,0,0,0
TF,EZE66,-35.428333,-58.455000,0, ,0.0,0.0,0.0,0.0,0,0,0,0,0,0,0,0
TF,GESTA,-35.081111,-58.445556,0, ,0.0,0.0,0.0,0.0,2,5000,0,0,0,0,0,0

STAR,VALO8U,11,5
IF,VALOS,-35.457778,-59.350556, ,0.0,0.0,0,0,0,0,0,0,0,0
TF,GEBEM,-35.200278,-59.158889,0, ,0.0,0.0,0.0,0.0,0,0,0,0,0,0,0,0
TF,AER52,-34.907500,-58.977778,0, ,0.0,0.0,0.0,0.0,0,0,0,0,0,0,0,0
TF,ARSOT,-34.760278,-58.897500,0, ,0.0,0.0,0.0,0.0,2,5000,0,0,0,0,0,0

STAR,VALO8V,17,5
IF,VALOS,-35.457778,-59.350556, ,0.0,0.0,0,0,0,0,0,0,0,0
TF,GEBEM,-35.200278,-59.158889,0, ,0.0,0.0,0.0,0.0,0,0,0,0,0,0,0,0
TF,AER52,-34.907500,-58.977778,0, ,0.0,0.0,0.0,0.0,0,0,0,0,0,0,0,0
TF,ARSOT,-34.760278,-58.897500,0, ,0.0,0.0,0.0,0.0,2,5000,0,0,0,0,0,0

APPTR,D29,29,UPOMA
IF,UPOMA,-34.860833,-58.214444, ,0.0,0.0,2,3000,0,1,220,0,1,0
TF,CF29,-34.847142,-58.334778,0, ,0.0,0.0,0.0,0.0,2,2400,0,1,185,0,1,0

FINAL,D29,29,D,4
IF,CF29,-34.847142,-58.334778,EZE,107.0,10.0,2,2400,0,1,185,0,0,0
CF,FF29,-34.842536,-58.374889,0,EZE,107.0,8.0,287.0,2.0,2,2400,0,0,0,0,2,0
CF,38VOR,-34.832867,-58.459131,0,EZE,107.0,3.8,287.0,4.2,2,1060,0,0,0,0,0,0
CF,MA29,-34.827311,-58.507250,0,EZE,107.0,1.4,287.0,2.4,1,293,0,0,0,0,3,0
CF,ARSOT,-34.760278,-58.897500,0,EZE,291.0,18.3,291.0,19.7,2,3000,0,0,0,0,0,0
HM,ARSOT,-34.760278,-58.897500,2, ,0.0,0.0,111.0,04.3,2,3000,0,1,210,0,0,0,0

APPTR,I11-Y,11,ARSOT
IF,ARSOT,-34.760278,-58.897500, ,0.0,0.0,0,0,0,1,220,0,1,0
CF,CF11,-34.786636,-58.733417,0,PC,291.3,11.0,111.0,8.3,2,2200,0,1,185,0,1,0

FINAL,I11-Y,11,I,3
IF,CF11,-34.786636,-58.733417,PC,291.3,11.0,2,2200,0,1,185,0,0,0
CF,FF11,-34.795922,-58.682019,0,PC,291.3,8.4,111.0,2.6,1,2200,0,0,0,0,2,0
CF,RW11,-34.819053,-58.553450,0,PC,291.3,1.9,111.0,6.5,1,116,0,0,0,0,3,0
VA,0,111.0,2,600,0,0,0,0,0,0
VM,0,0,0,126.0,2,3000,0,0,0,0,0,0

APPTR,I11-Z,11,ARSOT
IF,ARSOT,-34.760278,-58.897500, ,0.0,0.0,0,0,0,1,220,0,1,0
CF,CF11,-34.786636,-58.733417,0,PC,291.3,11.0,111.0,8.3,2,2200,0,1,185,0,1,0

FINAL,I11-Z,11,I,3
IF,CF11,-34.786636,-58.733417,PC,291.3,11.0,2,2200,0,1,185,0,0,0
CF,FF11,-34.795922,-58.682019,0,PC,291.3,8.4,111.0,2.6,1,2200,0,0,0,0,2,0
CF,RW11,-34.819053,-58.553450,0,PC,291.3,1.9,111.0,6.5,1,116,0,0,0,0,3,0
VA,0,111.0,2,600,0,0,0,0,0,0
VM,0,0,0,126.0,2,3000,0,0,0,0,0,0

APPTR,I35,35,GESTA
IF,GESTA,-35.081111,-58.445556, ,0.0,0.0,0,0,0,1,220,0,1,0
CF,CF35,-34.988253,-58.471303,0,EZ,173.0,11.5,353.0,5.7,2,2200,0,1,185,0,1,0

FINAL,I35,35,I,3
IF,CF35,-34.988253,-58.471303,EZ,173.0,11.5,2,2200,0,1,185,0,0,0
CF,FF35,-34.936906,-58.489203,0,EZ,173.0,8.3,353.0,3.2,1,2200,0,0,0,0,2,0
CF,RW35,-34.832589,-58.525497,0,EZ,173.0,1.8,353.0,6.5,1,120,0,0,0,0,3,0
VA,0,353.0,2,600,0,0,0,0,0,0
CI,1, ,0.0,261.0,0,0,0,0,0,0,0,0
CF,ARSOT,-34.760278,-58.897500,0,EZE,291.0,18.3,291.0,14.0,2,3000,0,0,0,0,0,0
HM,ARSOT,-34.760278,-58.897500,2, ,0.0,0.0,111.0,04.3,2,3000,0,1,210,0,0,0,0

APPTR,L11-Y,11,ARSOT
IF,ARSOT,-34.760278,-58.897500, ,0.0,0.0,0,0,0,1,220,0,1,0
CF,CF11,-34.786636,-58.733417,0,PC,291.3,11.0,111.0,8.3,2,2200,0,1,185,0,1,0

FINAL,L11-Y,11,D,3
IF,CF11,-34.786636,-58.733417,PC,291.3,11.0,2,2200,0,1,185,0,0,0
CF,FF11,-34.795922,-58.682019,0,PC,291.3,8.4,111.0,2.6,2,2200,0,0,0,0,2,0
CF,RW11,-34.819053,-58.553450,0,PC,291.3,1.9,111.0,6.5,1,116,0,0,0,0,3,0
VA,0,111.0,2,600,0,0,0,0,0,0
VM,0,0,0,126.0,2,3000,0,0,0,0,0,0

APPTR,R11,11,ARSOT
IF,ARSOT,-34.760278,-58.897500, ,0.0,0.0,2,5000,0,1,220,0,1,0
TF,IMBOD,-34.783497,-58.750531,0, ,0.0,0.0,0.0,0.0,2,2500,0,1,185,0,1,0

FINAL,R11,11,R,3
IF,IMBOD,-34.783497,-58.750531, ,0.0,0.0,2,2500,0,1,185,0,0,0
TF,VUPAN,-34.801372,-58.651694,0, ,0.0,0.0,112.0,5.0,2,1700,0,0,0,0,2,0
TF,RW11,-34.819053,-58.553450,0, ,0.0,0.0,112.0,5.0,1,116,0,0,0,0,3,1
CF,EZ400,-34.831786,-58.482028,0,EZE,109.0,2.7,112.0,3.6,0,0,0,0,0,0,0,1
DF,NEVLO,-34.966922,-58.336358,0, ,0.0,0.0,2,2600,0,0,0,0,0,1
HM,NEVLO,-34.966922,-58.336358,2, ,0.0,0.0,17.0,04,2,3000,0,1,210,0,0,0,0

APPTR,R17,17,ARSOT
IF,ARSOT,-34.760278,-58.897500, ,0.0,0.0,2,5000,0,1,220,0,1,0
TF,EZ179,-34.753389,-58.696822,0, ,0.0,0.0,0.0,0.0,1,2800,0,0,0,0,0,0
TF,KOPRO,-34.742031,-58.639364,0, ,0.0,0.0,0.0,0.0,2,2000,0,1,185,0,0,0
TF,EZ177,-34.728828,-58.572772,0, ,0.0,0.0,0.0,0.0,2,1400,0,0,0,0,1,0

FINAL,R17,17,R,4
IF,EZ177,-34.728828,-58.572772, ,0.0,0.0,2,1400,0,1,185,0,0,0
TF,SURLI,-34.758503,-58.551214,0, ,0.0,0.0,159.0,2.1,2,1100,0,0,0,0,2,0
TF,EZ176,-34.777150,-58.544747,0, ,0.0,0.0,174.0,1.2,2,730,0,0,0,0,0,0
TF,RW17,-34.808264,-58.533947,0, ,0.0,0.0,174.0,1.9,1,112,0,0,0,0,3,1
CF,EZ175,-34.859283,-58.516219,0,EZE,164.9,2.3,174.0,3.2,0,0,0,0,0,0,0,0
TF,GESTA,-35.081111,-58.445556,0, ,0.0,0.0,0.0,0.0,3,3000,0,0,0,0,0,0
TF,ARSOT,-34.760278,-58.897500,2, ,0.0,0.0,0.0,0.0,1,3000,0,1,210,0,0,1
HM,ARSOT,-34.760278,-58.897500,2, ,0.0,0.0,111.0,04,1,3000,0,1,210,0,0,0,0

APPTR,R29,29,NEVLO
IF,NEVLO,-34.966922,-58.336358, ,0.0,0.0,2,3000,0,1,220,0,1,0
TF,PAPAP,-34.860856,-58.319181,0, ,0.0,0.0,0.0,0.0,2,2500,0,1,185,0,1,0

APPTR,R29,29,UPOMA
IF,UPOMA,-34.860833,-58.214444, ,0.0,0.0,2,3000,0,1,220,0,1,0
TF,PAPAP,-34.860856,-58.319181,0, ,0.0,0.0,0.0,0.0,2,2500,0,1,185,0,1,0

FINAL,R29,29,R,3
IF,PAPAP,-34.860856,-58.319181, ,0.0,0.0,2,2500,0,1,185,0,0,0
TF,OPLOM,-34.843253,-58.418158,0, ,0.0,0.0,292.0,5.0,2,1700,0,0,0,0,2,0
TF,RW29,-34.825361,-58.518250,0, ,0.0,0.0,292.0,5.1,1,116,0,0,0,0,3,1
CF,ARSOT,-34.760278,-58.897500,0,EZE,291.0,18.3,291.0,19.1,2,3000,0,0,0,0,0,1
HM,ARSOT,-34.760278,-58.897500,2, ,0.0,0.0,111.0,04,2,3000,0,1,210,0,0,0,0

APPTR,R35,35,GESTA
IF,GESTA,-35.081111,-58.445556, ,0.0,0.0,2,5000,0,1,220,0,1,0
TF,MOSGI,-34.995061,-58.468925,0, ,0.0,0.0,0.0,0.0,2,2500,0,1,185,0,1,0

FINAL,R35,35,R,3
IF,MOSGI,-34.995061,-58.468925, ,0.0,0.0,2,2500,0,1,185,0,0,0
TF,POSRA,-34.914831,-58.496889,0, ,0.0,0.0,354.0,5.0,2,1750,0,0,0,0,2,0
TF,RW35,-34.832589,-58.525497,0, ,0.0,0.0,354.0,5.1,1,117,0,0,0,0,3,1
CF,EZ684,-34.800492,-58.536647,0,EZE,6.3,1.4,354.0,2.0,0,0,0,1,210,0,0,0
TF,ARSOT,-34.760278,-58.897500,0, ,0.0,0.0,0.0,0.0,2,3000,0,1,210,0,0,1
HM,ARSOT,-34.760278,-58.897500,2, ,0.0,0.0,111.0,04,2,3000,0,1,210,0,0,0,0

