SID,DOSL2C,36,5
CF,ME902,-32.777431,-68.792064,0,DOZ,0.9,3.3,2.0,2.3,0,0,0,0,0,0,0,1
DF,ROREX,-32.729142,-68.627383,0, ,0.0,0.0,0,0,0,1,240,0,0,0
TF,DOSLO,-33.293333,-67.847778,0, ,0.0,0.0,0.0,0.0,0,0,0,0,0,0,0,0

SID,DOSL2G,18,5
CF,ME528,-32.897536,-68.793800,0,DOZ,184.2,3.9,182.0,3.0,0,0,0,0,0,0,0,1
DF,SUCUA,-32.925078,-68.589536,1, ,0.0,0.0,0,0,0,1,250,0,0,0
TF,DOSLO,-33.293333,-67.847778,0, ,0.0,0.0,0.0,0.0,0,0,0,0,0,0,0,0

SID,ESIT2C,36,5
CF,ME902,-32.777431,-68.792064,0,DOZ,0.9,3.3,2.0,2.3,0,0,0,0,0,0,0,1
DF,ME533,-32.705019,-68.523269,0, ,0.0,0.0,0,0,0,0,0,0,0,1
DF,ME999,-32.826028,-68.505683,2, ,0.0,0.0,0,0,0,1,280,0,0,0
TF,URERI,-33.041111,-68.795833,0, ,0.0,0.0,0.0,0.0,2,9000,0,0,0,0,0,0
TF,ESITO,-33.899444,-68.867500,0, ,0.0,0.0,0.0,0.0,0,0,0,0,0,0,0,0

SID,ESIT2G,18,5
CF,ME528,-32.897536,-68.793800,0,DOZ,184.2,3.9,182.0,3.0,0,0,0,0,0,0,0,1
TF,ESITO,-33.899444,-68.867500,0, ,0.0,0.0,0.0,0.0,0,0,0,0,0,0,0,0

SID,KAMU2C,36,5
CF,ME902,-32.777431,-68.792064,0,DOZ,0.9,3.3,2.0,2.3,0,0,0,0,0,0,0,1
DF,ROREX,-32.729142,-68.627383,0, ,0.0,0.0,0,0,0,1,240,0,0,0
TF,ME525,-32.788697,-68.326881,0, ,0.0,0.0,0.0,0.0,2,11000,0,0,0,0,0,0
TF,KAMUV,-32.909722,-67.703333,0, ,0.0,0.0,0.0,0.0,0,0,0,0,0,0,0,0

SID,KAMU2G,18,5
CF,ME528,-32.897536,-68.793800,0,DOZ,184.2,3.9,182.0,3.0,0,0,0,0,0,0,0,1
DF,SUCUA,-32.925078,-68.589536,1, ,0.0,0.0,0,0,0,1,250,0,0,0
TF,ME530,-32.918961,-68.191300,0, ,0.0,0.0,0.0,0.0,2,13000,0,0,0,0,0,0
TF,KAMUV,-32.909722,-67.703333,0, ,0.0,0.0,0.0,0.0,0,0,0,0,0,0,0,0

SID,MEBR2C,36,5
CF,ME902,-32.777431,-68.792064,0,DOZ,0.9,3.3,2.0,2.3,0,0,0,0,0,0,0,1
DF,ROREX,-32.729142,-68.627383,0, ,0.0,0.0,0,0,0,1,240,0,0,0
TF,MEBRA,-32.058611,-68.336944,0, ,0.0,0.0,0.0,0.0,0,0,0,0,0,0,0,0

SID,MEBR2G,18,5
CF,ME528,-32.897536,-68.793800,0,DOZ,184.2,3.9,182.0,3.0,0,0,0,0,0,0,0,1
DF,SUCUA,-32.925078,-68.589536,1, ,0.0,0.0,0,0,0,1,250,0,0,0
TF,VURSI,-32.838236,-68.415511,0, ,0.0,0.0,0.0,0.0,2,10000,0,0,0,0,0,0
TF,MEBRA,-32.058611,-68.336944,0, ,0.0,0.0,0.0,0.0,0,0,0,0,0,0,0,0

SID,PAPI2C,36,5
CF,ME902,-32.777431,-68.792064,0,DOZ,0.9,3.3,2.0,2.3,0,0,0,0,0,0,0,1
DF,ROREX,-32.729142,-68.627383,0, ,0.0,0.0,0,0,0,1,240,0,0,0
TF,PAPIR,-33.116944,-67.752222,0, ,0.0,0.0,0.0,0.0,0,0,0,0,0,0,0,0

SID,PAPI2G,18,5
CF,ME528,-32.897536,-68.793800,0,DOZ,184.2,3.9,182.0,3.0,0,0,0,0,0,0,0,1
DF,SUCUA,-32.925078,-68.589536,1, ,0.0,0.0,0,0,0,1,250,0,0,0
TF,PAPIR,-33.116944,-67.752222,0, ,0.0,0.0,0.0,0.0,0,0,0,0,0,0,0,0

SID,SALB2C,36,5
CF,ME902,-32.777431,-68.792064,0,DOZ,0.9,3.3,2.0,2.3,0,0,0,0,0,0,0,1
DF,ROREX,-32.729142,-68.627383,0, ,0.0,0.0,0,0,0,1,240,0,0,0
TF,SALBO,-32.512500,-67.770000,0, ,0.0,0.0,0.0,0.0,0,0,0,0,0,0,0,0

SID,SALB2G,18,5
CF,ME528,-32.897536,-68.793800,0,DOZ,184.2,3.9,182.0,3.0,0,0,0,0,0,0,0,1
DF,SUCUA,-32.925078,-68.589536,1, ,0.0,0.0,0,0,0,1,250,0,0,0
TF,VURSI,-32.838236,-68.415511,0, ,0.0,0.0,0.0,0.0,2,10000,0,0,0,0,0,0
TF,SALBO,-32.512500,-67.770000,0, ,0.0,0.0,0.0,0.0,0,0,0,0,0,0,0,0

SID,UMKA2C,36,5
CF,ME902,-32.777431,-68.792064,0,DOZ,0.9,3.3,2.0,2.3,0,0,0,0,0,0,0,1
DF,ME533,-32.705019,-68.523269,0, ,0.0,0.0,0,0,0,0,0,0,0,1
DF,ME999,-32.826028,-68.505683,2, ,0.0,0.0,0,0,0,1,280,0,0,0
TF,QUEZA,-32.832886,-68.792892,0, ,0.0,0.0,0.0,0.0,0,0,0,0,0,0,0,0
TF,ME535,-32.846258,-69.168897,0, ,0.0,0.0,0.0,0.0,2,24000,0,0,0,0,0,0
TF,UMKAL,-32.883333,-70.000000,0, ,0.0,0.0,0.0,0.0,0,0,0,0,0,0,0,0

SID,UMKA2G,18,5
CF,ME528,-32.897536,-68.793800,0,DOZ,184.2,3.9,182.0,3.0,0,0,0,0,0,0,0,1
DF,ME898,-32.964103,-68.505683,0, ,0.0,0.0,0,0,0,0,0,0,0,1
DF,ME999,-32.826028,-68.505683,1, ,0.0,0.0,0,0,0,1,280,0,0,0
TF,QUEZA,-32.832886,-68.792892,0, ,0.0,0.0,0.0,0.0,0,0,0,0,0,0,0,0
TF,ME535,-32.846258,-69.168897,0, ,0.0,0.0,0.0,0.0,2,24000,0,0,0,0,0,0
TF,UMKAL,-32.883333,-70.000000,0, ,0.0,0.0,0.0,0.0,0,0,0,0,0,0,0,0

STAR,ANLI2U,18,5
IF,ANLIS,-33.531389,-67.354167, ,0.0,0.0,0,0,0,0,0,0,0,0
TF,PAPIR,-33.116944,-67.752222,0, ,0.0,0.0,0.0,0.0,0,0,0,0,0,0,0,0
TF,ME542,-32.946031,-68.055764,0, ,0.0,0.0,0.0,0.0,3,12000,0,0,0,0,0,0
TF,ME543,-32.833108,-68.254394,0, ,0.0,0.0,0.0,0.0,3,8000,0,0,0,0,0,0
TF,SIREK,-32.603706,-68.655239,0, ,0.0,0.0,0.0,0.0,2,6000,0,0,0,0,0,0

STAR,DOSL3Q,36,5
IF,DOSLO,-33.293333,-67.847778, ,0.0,0.0,0,0,0,0,0,0,0,0
TF,MUBEN,-33.053056,-68.618056,0, ,0.0,0.0,0.0,0.0,2,7000,0,0,0,0,0,0

STAR,ESIT2Q,36,5
IF,ESITO,-33.899444,-68.867500, ,0.0,0.0,2,13000,0,0,0,0,0,0
TF,ME540,-33.566458,-68.837269,0, ,0.0,0.0,0.0,0.0,2,8000,0,0,0,0,0,0
TF,KEXEV,-33.124461,-68.797253,0, ,0.0,0.0,0.0,0.0,2,6000,0,0,0,0,0,0

STAR,ESIT2U,18,5
IF,ESITO,-33.899444,-68.867500, ,0.0,0.0,2,13000,0,0,0,0,0,0
TF,XOGIV,-32.998594,-68.802683,0, ,0.0,0.0,0.0,0.0,2,13000,0,0,0,0,0,0
TF,ME548,-32.793189,-68.639897,0, ,0.0,0.0,0.0,0.0,2,9000,0,0,0,0,0,0
TF,SIREK,-32.603706,-68.655239,0, ,0.0,0.0,0.0,0.0,2,6000,0,0,0,0,0,0

STAR,MEBR2U,18,5
IF,MEBRA,-32.058611,-68.336944, ,0.0,0.0,0,0,0,0,0,0,0,0
TF,GUVAD,-32.587172,-68.490053,0, ,0.0,0.0,0.0,0.0,0,0,0,0,0,0,0,0
TF,SIREK,-32.603706,-68.655239,0, ,0.0,0.0,0.0,0.0,2,6000,0,0,0,0,0,0

STAR,MEBR3Q,36,5
IF,MEBRA,-32.058611,-68.336944, ,0.0,0.0,0,0,0,0,0,0,0,0
TF,UKLIK,-32.635728,-68.499300,0, ,0.0,0.0,0.0,0.0,0,0,0,0,0,0,0,0
TF,ME680,-32.798119,-68.545375,0, ,0.0,0.0,0.0,0.0,0,0,0,0,0,0,0,0
TF,MUBEN,-33.053056,-68.618056,0, ,0.0,0.0,0.0,0.0,2,7000,0,0,0,0,0,0

STAR,NEBE2Q,36,5
IF,NEBEG,-33.800000,-69.900000, ,0.0,0.0,2,23000,0,0,0,0,0,0
TF,ME536,-33.858494,-69.303906,0, ,0.0,0.0,0.0,0.0,2,22000,0,0,0,0,0,0
TF,ESITO,-33.899444,-68.867500,0, ,0.0,0.0,0.0,0.0,2,13000,0,0,0,0,0,0
TF,ME540,-33.566458,-68.837269,1, ,0.0,0.0,0.0,0.0,2,8000,0,0,0,0,0,0
TF,KEXEV,-33.124461,-68.797253,0, ,0.0,0.0,0.0,0.0,2,6000,0,0,0,0,0,0

STAR,NEBE2U,18,5
IF,NEBEG,-33.800000,-69.900000, ,0.0,0.0,2,23000,0,0,0,0,0,0
TF,ME536,-33.858494,-69.303906,0, ,0.0,0.0,0.0,0.0,2,22000,0,0,0,0,0,0
TF,ESITO,-33.899444,-68.867500,0, ,0.0,0.0,0.0,0.0,2,13000,0,0,0,0,0,0
TF,XOGIV,-32.998594,-68.802683,0, ,0.0,0.0,0.0,0.0,2,13000,0,0,0,0,0,0
TF,ME548,-32.793189,-68.639897,0, ,0.0,0.0,0.0,0.0,2,9000,0,0,0,0,0,0
TF,SIREK,-32.603706,-68.655239,0, ,0.0,0.0,0.0,0.0,2,6000,0,0,0,0,0,0

STAR,PAPI2U,18,5
IF,PAPIR,-33.116944,-67.752222, ,0.0,0.0,0,0,0,0,0,0,0,0
TF,ME542,-32.946031,-68.055764,0, ,0.0,0.0,0.0,0.0,3,12000,0,0,0,0,0,0
TF,ME543,-32.833108,-68.254394,0, ,0.0,0.0,0.0,0.0,3,8000,0,0,0,0,0,0
TF,SIREK,-32.603706,-68.655239,0, ,0.0,0.0,0.0,0.0,2,6000,0,0,0,0,0,0

STAR,PAPI3Q,36,5
IF,PAPIR,-33.116944,-67.752222, ,0.0,0.0,0,0,0,0,0,0,0,0
TF,MUBEN,-33.053056,-68.618056,0, ,0.0,0.0,0.0,0.0,2,7000,0,0,0,0,0,0

STAR,SALB2U,18,5
IF,SALBO,-32.512500,-67.770000, ,0.0,0.0,0,0,0,0,0,0,0,0
TF,ME544,-32.568014,-68.301053,0, ,0.0,0.0,0.0,0.0,3,9000,0,0,0,0,0,0
TF,GUVAD,-32.587172,-68.490053,0, ,0.0,0.0,0.0,0.0,0,0,0,0,0,0,0,0
TF,SIREK,-32.603706,-68.655239,0, ,0.0,0.0,0.0,0.0,2,6000,0,0,0,0,0,0

STAR,SALB3Q,36,5
IF,SALBO,-32.512500,-67.770000, ,0.0,0.0,0,0,0,0,0,0,0,0
TF,ME538,-32.757317,-68.151686,0, ,0.0,0.0,0.0,0.0,3,9000,0,0,0,0,0,0
TF,MUBEN,-33.053056,-68.618056,0, ,0.0,0.0,0.0,0.0,2,7000,0,0,0,0,0,0

APPTR,D18,18,DOZ
IF,DOZ,-32.831889,-68.790833, ,0.0,0.0,2,9000,0,1,185,0,1,0
FD,DOZ,-32.831889,-68.790833,0,DOZ,0.0,8.9,18.0,8.9,2,6000,0,0,0,0,0,0
CF,ME048,-32.683225,-68.793872,1,DOZ,359.0,8.9,179.0,1.0,2,4300,0,0,0,0,1,0

FINAL,D18,18,D,3
IF,ME048,-32.683225,-68.793872,DOZ,359.0,8.9,2,4300,0,0,0,0,0,0
CF,ME047,-32.716619,-68.793183,0,DOZ,359.0,6.9,179.0,2.0,2,4300,0,0,0,0,2,0
CF,RW18,-32.819175,-68.792686,0,DOZ,352.9,0.8,179.0,6.1,1,2340,0,0,0,0,3,0
CA,0,179.0,2,2710,0,0,0,0,0,0
CF,SUCUA,-32.925078,-68.589536,0,DOZ,118.8,11.6,119.0,11.0,2,6000,0,0,0,0,0,0
HM,SUCUA,-32.925078,-68.589536,2, ,0.0,0.0,299.0,04.4,2,6000,0,1,210,0,0,0,0

APPTR,D36,36,DOZ
IF,DOZ,-32.831889,-68.790833, ,0.0,0.0,2,10000,0,0,0,0,1,0
FD,DOZ,-32.831889,-68.790833,0,DOZ,0.0,15.0,162.0,15.0,2,5000,0,0,0,0,0,0
CF,ME678,-33.065397,-68.802969,2,DOZ,182.5,14.0,3.0,1.0,2,5000,0,0,0,0,1,0

FINAL,D36,36,D,4
IF,ME678,-33.065397,-68.802969,DOZ,182.5,14.0,2,5000,0,0,0,0,0,0
CF,ME677,-32.981983,-68.798617,0,DOZ,182.5,9.0,3.0,5.0,2,5000,0,0,0,0,2,0
CF,ME669,-32.900233,-68.794361,0,DOZ,182.5,4.1,3.0,4.9,2,3440,0,0,0,0,0,0
CF,RW36,-32.844322,-68.793061,0,DOZ,188.7,0.8,3.0,3.4,1,2361,0,0,0,0,3,0
CF,DOZ,-32.831889,-68.790833,0,DOZ,0.0,0.0,3.0,0.8,0,0,0,0,0,0,0,0
FA,DOZ,-32.831889,-68.790833,0,DOZ,0.0,0.0,3.0,2,3000,0,0,0,0,0,0
CF,UKLIK,-32.635728,-68.499300,0,DOZ,51.6,18.9,52.0,18.0,2,6000,0,0,0,0,0,0
HM,UKLIK,-32.635728,-68.499300,2, ,0.0,0.0,232.0,04.2,2,6000,0,1,210,0,0,0,0

APPTR,I36-Y,36,DOZ
IF,DOZ,-32.831889,-68.790833, ,0.0,0.0,2,10000,0,0,0,0,1,0
FD,DOZ,-32.831889,-68.790833,0,DOZ,0.0,15.0,161.0,15.0,0,0,0,0,0,0,0,0
CF,CF36,-33.058175,-68.796258,2,DO,182.7,14.5,2.0,2.0,2,5000,0,0,0,0,1,0

APPTR,I36-Y,36,KEXEV
IF,KEXEV,-33.124461,-68.797253, ,0.0,0.0,2,6000,0,0,0,0,1,0
CF,CF36,-33.058175,-68.796258,0,DO,182.7,14.5,2.0,4.0,2,5000,0,0,0,0,1,0

APPTR,I36-Y,36,MUBEN
IF,MUBEN,-33.053056,-68.618056, ,0.0,0.0,2,7000,0,0,0,0,1,0
AF,D183P,-33.097414,-68.796850,2,DOZ,183.1,15.9,148.0,0,0,0,0,0,0,0,0
CF,CF36,-33.058175,-68.796258,0,DO,182.7,14.5,2.0,2.4,2,5000,0,0,0,0,1,0

FINAL,I36-Y,36,I,3
IF,CF36,-33.058175,-68.796258,DO,182.7,14.5,2,5000,0,0,0,0,0,0
CF,FF36,-32.982731,-68.795128,0,DO,182.7,10.0,2.0,4.5,1,5000,0,0,0,0,2,0
CF,RW36,-32.844322,-68.793061,0,DO,182.7,1.7,2.0,8.3,1,2361,0,0,0,0,3,0
VA,0,2.0,2,3000,0,0,0,0,0,0
CF,UKLIK,-32.635728,-68.499300,0,DOZ,53.6,18.9,53.0,18.0,2,5700,0,0,0,0,0,0
HM,UKLIK,-32.635728,-68.499300,2, ,0.0,0.0,233.0,04.3,2,6000,0,1,210,0,0,0,0

APPTR,I36-Z,36,KEXEV
IF,KEXEV,-33.124461,-68.797253, ,0.0,0.0,2,6000,0,1,220,0,1,0
TF,ILTUH,-33.051289,-68.796156,0,DO,0.0,0.0,0.0,0.0,2,5500,0,1,180,0,1,0

APPTR,I36-Z,36,MUBEN
IF,MUBEN,-33.053056,-68.618056, ,0.0,0.0,2,7000,0,1,220,0,1,0
TF,ILTUH,-33.051289,-68.796156,0,DO,0.0,0.0,0.0,0.0,2,5500,0,1,180,0,1,0

FINAL,I36-Z,36,I,3
IF,ILTUH,-33.051289,-68.796156,DO,182.7,14.1,2,5500,0,1,180,0,0,0
CF,FF36,-32.982731,-68.795128,0,DO,182.7,10.0,2.0,4.1,1,5000,0,0,0,0,2,0
CF,RW36,-32.844322,-68.793061,0,DO,182.7,1.7,2.0,8.3,1,2361,0,0,0,0,3,1
CF,ME969,-32.769558,-68.792644,0,DOZ,0.6,3.7,2.0,4.5,0,0,0,0,0,0,0,1
CI,0, ,0.0,83.0,0,0,0,0,0,0,0,0
CF,UKLIK,-32.635728,-68.499300,0,DOZ,53.6,18.9,53.0,8.0,2,5700,0,0,0,0,0,0
HM,UKLIK,-32.635728,-68.499300,2, ,0.0,0.0,233.0,04,2,6000,0,1,210,0,0,0,0

APPTR,L36-Y,36,DOZ
IF,DOZ,-32.831889,-68.790833, ,0.0,0.0,2,10000,0,0,0,0,1,0
FD,DOZ,-32.831889,-68.790833,0,DOZ,0.0,15.0,161.0,15.0,0,0,0,0,0,0,0,0
CF,CF36,-33.058175,-68.796258,2,DO,182.7,14.5,2.0,2.0,2,5000,0,0,0,0,1,0

APPTR,L36-Y,36,KEXEV
IF,KEXEV,-33.124461,-68.797253, ,0.0,0.0,2,6000,0,0,0,0,1,0
CF,CF36,-33.058175,-68.796258,0,DO,182.7,14.5,2.0,4.0,2,5000,0,0,0,0,1,0

APPTR,L36-Y,36,MUBEN
IF,MUBEN,-33.053056,-68.618056, ,0.0,0.0,2,7000,0,0,0,0,1,0
AF,D183P,-33.097414,-68.796850,2,DOZ,183.1,15.9,148.0,0,0,0,0,0,0,0,0
CF,CF36,-33.058175,-68.796258,0,DO,182.7,14.5,2.0,2.4,2,5000,0,0,0,0,1,0

FINAL,L36-Y,36,D,4
IF,CF36,-33.058175,-68.796258,DO,182.7,14.5,2,5000,0,0,0,0,0,0
CF,FF36,-32.982731,-68.795128,0,DO,182.7,10.0,2.0,4.5,2,5000,0,0,0,0,2,0
CF,34LOC,-32.901214,-68.793906,0,DO,182.7,5.1,2.0,4.9,2,3440,0,0,0,0,0,0
CF,RW36,-32.844322,-68.793061,0,DO,182.7,1.7,2.0,3.4,1,2361,0,0,0,0,3,0
VA,0,2.0,2,3000,0,0,0,0,0,0
CF,UKLIK,-32.635728,-68.499300,0,DOZ,53.6,18.9,53.0,18.0,2,5700,0,0,0,0,0,0
HM,UKLIK,-32.635728,-68.499300,2, ,0.0,0.0,233.0,04.3,2,6000,0,1,210,0,0,0,0

APPTR,R18,18,SIREK
IF,SIREK,-32.603706,-68.655239, ,0.0,0.0,2,6000,0,1,220,0,1,0
TF,LOMAD,-32.652192,-68.790203,0, ,0.0,0.0,0.0,0.0,2,4500,0,1,180,0,1,0

FINAL,R18,18,R,3
IF,LOMAD,-32.652192,-68.790203, ,0.0,0.0,2,4500,0,1,180,0,0,0
TF,VAROR,-32.737383,-68.791467,0, ,0.0,0.0,183.0,5.1,2,3900,0,0,0,0,2,0
TF,RW18,-32.819175,-68.792686,0, ,0.0,0.0,183.0,4.9,1,2340,0,0,0,0,3,1
CF,ME304,-32.886067,-68.793683,0,DOZ,184.5,3.3,182.0,4.0,0,0,0,0,0,0,0,1
TF,SUCUA,-32.925078,-68.589536,0, ,0.0,0.0,0.0,0.0,2,4800,0,1,210,0,0,0
HM,SUCUA,-32.925078,-68.589536,2, ,0.0,0.0,351.0,04,2,6000,0,1,210,0,0,0,0

APPTR,R36,36,KEXEV
IF,KEXEV,-33.124461,-68.797253, ,0.0,0.0,2,6000,0,1,220,0,1,0
TF,ILTUH,-33.051289,-68.796156,0, ,0.0,0.0,0.0,0.0,2,5500,0,1,180,0,1,0

APPTR,R36,36,MUBEN
IF,MUBEN,-33.053056,-68.618056, ,0.0,0.0,2,7500,0,1,220,0,1,0
TF,ILTUH,-33.051289,-68.796156,0, ,0.0,0.0,0.0,0.0,2,5500,0,1,180,0,1,0

FINAL,R36,36,R,4
IF,ILTUH,-33.051289,-68.796156, ,0.0,0.0,2,5500,0,1,180,0,0,0
TF,TODAR,-32.930322,-68.794344,0, ,0.0,0.0,1.0,7.2,2,4000,0,0,0,0,2,0
TF,ME041,-32.885317,-68.793672,0, ,0.0,0.0,1.0,2.7,2,3140,0,0,0,0,0,0
TF,RW36,-32.844322,-68.793061,0, ,0.0,0.0,1.0,2.5,1,2360,0,0,0,0,3,1
CF,ME969,-32.769558,-68.792644,0,JUA,195.6,74.6,1.0,4.5,0,0,0,1,210,0,0,1
CF,UKLIK,-32.635728,-68.499300,0,JUA,184.5,64.3,52.0,16.9,2,5700,0,1,210,0,0,1
HM,UKLIK,-32.635728,-68.499300,2, ,0.0,0.0,232.0,04,2,6000,0,1,210,0,0,0,0

