APPTR,D32,32,MLG
IF,MLG,-35.486111,-69.578611, ,0.0,0.0,2,10000,0,1,220,0,1,0
FD,MLG,-35.486111,-69.578611,0,MLG,0.0,11.5,132.0,11.5,2,7300,0,0,0,0,0,0
CF,CF32,-35.648836,-69.453983,2,MLG,147.0,11.5,327.0,1.0,2,7300,0,1,185,0,1,0

APPTR,D32,32,OPSUL
IF,OPSUL,-35.684167,-69.426944, ,0.0,0.0,2,8200,0,1,220,0,1,0
TF,CF32,-35.648836,-69.453983,0, ,0.0,0.0,0.0,0.0,2,7300,0,1,185,0,1,0

FINAL,D32,32,D,4
IF,CF32,-35.648836,-69.453983,MLG,147.0,11.5,2,7300,0,1,185,0,0,0
CF,FF32,-35.613472,-69.481119,0,MLG,147.0,9.0,327.0,2.5,2,7300,0,0,0,0,2,0
CF,51VOR,-35.558292,-69.523403,0,MLG,147.0,5.1,327.0,3.9,2,6000,0,0,0,0,0,0
CF,MA32,-35.514419,-69.556972,0,MLG,147.0,2.0,327.0,3.1,1,4981,0,0,0,0,3,0
CA,0,327.0,2,5100,0,0,0,0,0,0
FM,MLG,-35.486111,-69.578611,0,MLG,0.0,0.0,33.0,2,8100,0,0,0,0,0,0

