APPTR,D11,11,SRA
IF,SRA,-34.589369,-68.394789, ,0.0,0.0,0,0,0,1,220,0,1,0
FD,SRA,-34.589369,-68.394789,0,SRA,0.0,8.7,311.0,8.7,2,4600,0,0,0,0,0,0
CF,CF11,-34.550142,-68.559656,1,SRA,287.0,8.5,107.0,1.0,2,4600,0,0,0,0,1,0

FINAL,D11,11,D,3
IF,CF11,-34.550142,-68.559656,SRA,287.0,8.5,2,4600,0,0,0,0,0,0
CF,FF11,-34.558931,-68.522817,0,SRA,287.0,6.6,107.0,1.9,2,4600,0,0,0,0,2,0
CF,MA11,-34.581081,-68.429714,0,SRA,287.0,1.8,107.0,4.8,1,2818,0,0,0,0,3,0
CF,SRA,-34.589369,-68.394789,0,SRA,0.0,0.0,107.0,1.8,0,0,0,0,0,0,0,0
CF,VULDA,-34.609444,-68.194444,0,SRA,98.0,10.0,98.0,10.0,2,5000,0,0,0,0,0,0
HM,VULDA,-34.609444,-68.194444,2, ,0.0,0.0,278.0,04.3,2,5000,0,1,210,0,0,0,0

APPTR,D29,29,D054M
IF,D054M,-34.458572,-68.185525, ,0.0,0.0,2,5000,0,0,0,0,1,0
AF,D107M,-34.648931,-68.142339,2,SRA,107.0,13.0,54.0,2,5000,0,0,0,0,0,0
AF,D116M,-34.680858,-68.156681,2,SRA,116.0,13.0,107.0,0,0,0,0,0,0,0,0
CF,CF29,-34.649242,-68.239161,0,SRA,116.0,8.5,296.0,4.5,2,4500,0,0,0,0,1,0

APPTR,D29,29,D076M
IF,D076M,-34.532933,-68.141467, ,0.0,0.0,2,5000,0,0,0,0,1,0
AF,D107M,-34.648931,-68.142339,2,SRA,107.0,13.0,76.0,2,5000,0,0,0,0,0,0
AF,D116M,-34.680858,-68.156681,2,SRA,116.0,13.0,107.0,0,0,0,0,0,0,0,0
CF,CF29,-34.649242,-68.239161,0,SRA,116.0,8.5,296.0,4.5,2,4500,0,0,0,0,1,0

APPTR,D29,29,D107M
IF,D107M,-34.648931,-68.142339, ,0.0,0.0,2,5000,0,0,0,0,1,0
AF,D116M,-34.680858,-68.156681,2,SRA,116.0,13.0,107.0,0,0,0,0,0,0,0,0
CF,CF29,-34.649242,-68.239161,0,SRA,116.0,8.5,296.0,4.5,2,4500,0,0,0,0,1,0

APPTR,D29,29,SRA
IF,SRA,-34.589369,-68.394789, ,0.0,0.0,0,0,0,1,200,0,1,0
FD,SRA,-34.589369,-68.394789,0,SRA,0.0,8.5,99.0,8.5,2,4500,0,0,0,0,0,0
CF,CF29,-34.649242,-68.239161,2,SRA,116.0,8.5,296.0,1.0,2,4500,0,0,0,0,1,0

FINAL,D29,29,D,3
IF,CF29,-34.649242,-68.239161,SRA,116.0,8.5,2,4500,0,0,0,0,0,0
CF,FF29,-34.635172,-68.275800,0,SRA,116.0,6.5,296.0,2.0,2,4500,0,0,0,0,2,0
CF,MA29,-34.597833,-68.372831,0,SRA,116.0,1.2,296.0,5.3,1,2817,0,0,0,0,3,0
CF,SRA,-34.589369,-68.394789,0,SRA,0.0,0.0,296.0,1.2,0,0,0,0,0,0,0,0
CF,IVREG,-34.430278,-68.448333,0,SRA,345.4,9.9,345.0,10.0,2,5000,0,1,190,0,0,0
HM,IVREG,-34.430278,-68.448333,1, ,0.0,0.0,165.0,04.3,2,5000,0,1,210,0,0,0,0

