SID,KAKA2C,02,5
CF,NC025,-28.523725,-65.734539,0,CAT,17.3,3.6,19.0,3.5,2,2400,0,0,0,0,0,1
DF,GELEX,-28.568600,-65.813019,1, ,0.0,0.0,2,4500,0,1,220,0,0,0
TF,KAKAN,-29.061389,-66.370556,0, ,0.0,0.0,0.0,0.0,0,0,0,0,0,0,0,0

SID,KAKA2E,20,2
VA,0,199.0,2,2500,0,0,0,0,0,0
CF,KOPLO,-28.915000,-65.800000,0,CAT,194.0,20.0,195.0,19.0,2,6300,0,0,0,0,0,0
AF,D236T,-28.803250,-66.032458,2,CAT,234.8,20.0,195.0,0,0,0,0,0,0,0,0
TF,KAKAN,-29.061389,-66.370556,0, ,0.0,0.0,0.0,0.0,0,0,0,0,0,0,0,0

SID,KAKA2G,20,5
CF,ESUBI,-28.687192,-65.773828,0,CAT,199.9,6.4,199.0,5.0,2,2800,0,1,220,0,0,1
TF,KOPLO,-28.915000,-65.800000,0, ,0.0,0.0,0.0,0.0,2,6300,0,0,0,0,0,0
TF,KAKAN,-29.061389,-66.370556,0, ,0.0,0.0,0.0,0.0,0,0,0,0,0,0,0,0

SID,LITO2C,02,5
CF,NC025,-28.523725,-65.734539,0,CAT,17.3,3.6,19.0,3.5,2,2400,0,0,0,0,0,1
DF,GELEX,-28.568600,-65.813019,1, ,0.0,0.0,2,4500,0,1,220,0,0,0
TF,KOPLO,-28.915000,-65.800000,0, ,0.0,0.0,0.0,0.0,0,0,0,0,0,0,0,0
TF,LITOR,-29.033889,-65.498611,0, ,0.0,0.0,0.0,0.0,0,0,0,0,0,0,0,0

SID,LITO2E,20,2
VA,0,199.0,2,2500,0,0,0,0,0,0
CF,KOPLO,-28.915000,-65.800000,0,CAT,194.0,20.0,195.0,19.0,2,6300,0,0,0,0,0,0
AF,D161T,-28.884222,-65.581375,1,CAT,160.2,20.0,195.0,0,0,0,0,0,0,0,0
TF,LITOR,-29.033889,-65.498611,0, ,0.0,0.0,0.0,0.0,0,0,0,0,0,0,0,0

SID,LITO2G,20,5
CF,ESUBI,-28.687192,-65.773828,0,CAT,199.9,6.4,199.0,5.0,2,2800,0,1,220,0,0,1
TF,KOPLO,-28.915000,-65.800000,0, ,0.0,0.0,0.0,0.0,2,6300,0,0,0,0,0,0
TF,LITOR,-29.033889,-65.498611,0, ,0.0,0.0,0.0,0.0,0,0,0,0,0,0,0,0

SID,SORT2C,02,5
CF,NC025,-28.523725,-65.734539,0,CAT,17.3,3.6,19.0,3.5,2,2400,0,1,220,0,0,1
TF,ENVOK,-28.188397,-65.654242,0, ,0.0,0.0,0.0,0.0,2,7600,0,0,0,0,0,0
TF,SORTI,-27.718056,-65.426111,0, ,0.0,0.0,0.0,0.0,0,0,0,0,0,0,0,0

SID,SORT2E,20,2
VA,0,199.0,2,2500,0,0,0,0,0,0
DF,CAT,-28.583528,-65.746861,2, ,0.0,0.0,2,6000,0,1,220,0,0,0
TF,NC013,-28.107311,-65.569692,0, ,0.0,0.0,0.0,0.0,2,12000,0,0,0,0,0,0
TF,SORTI,-27.718056,-65.426111,0, ,0.0,0.0,0.0,0.0,0,0,0,0,0,0,0,0

SID,SORT2G,20,5
CF,ESUBI,-28.687192,-65.773828,0,CAT,199.9,6.4,199.0,5.0,2,2700,0,1,220,0,0,1
DF,TINLU,-28.482675,-65.724653,2, ,0.0,0.0,2,6800,0,1,220,0,0,0
TF,SORTI,-27.718056,-65.426111,0, ,0.0,0.0,0.0,0.0,0,0,0,0,0,0,0,0

STAR,ITEL1Q,20,5
IF,ITELA,-28.974444,-65.390833, ,0.0,0.0,2,12000,0,0,0,0,0,0
TF,TOKUS,-29.000294,-65.655286,0, ,0.0,0.0,0.0,0.0,0,0,0,0,0,0,0,0
TF,BRANC,-28.960461,-65.839839,0, ,0.0,0.0,0.0,0.0,0,0,0,0,0,0,0,0
TF,NC025,-28.523725,-65.734539,0, ,0.0,0.0,0.0,0.0,0,0,0,0,0,0,0,0
TF,NC004,-28.241911,-65.467581,0, ,0.0,0.0,0.0,0.0,2,8500,0,0,0,0,0,0
TF,ENVOK,-28.188397,-65.654242,1, ,0.0,0.0,0.0,0.0,2,8000,0,1,220,0,0,0

STAR,ITEL2M,02,5
IF,ITELA,-28.974444,-65.390833, ,0.0,0.0,0,0,0,0,0,0,0,0
TF,TOKUS,-29.000294,-65.655286,0, ,0.0,0.0,0.0,0.0,2,7000,0,0,0,0,0,0
TF,BRANC,-28.960461,-65.839839,0, ,0.0,0.0,0.0,0.0,2,6000,0,1,220,0,0,0

STAR,KAKA1Q,20,5
IF,KAKAN,-29.061389,-66.370556, ,0.0,0.0,2,11000,0,0,0,0,0,0
TF,BRANC,-28.960461,-65.839839,0, ,0.0,0.0,0.0,0.0,0,0,0,0,0,0,0,0
TF,NC025,-28.523725,-65.734539,0, ,0.0,0.0,0.0,0.0,0,0,0,0,0,0,0,0
TF,NC004,-28.241911,-65.467581,0, ,0.0,0.0,0.0,0.0,2,8500,0,0,0,0,0,0
TF,ENVOK,-28.188397,-65.654242,1, ,0.0,0.0,0.0,0.0,2,8000,0,1,220,0,0,0

STAR,KAKA2M,02,5
IF,KAKAN,-29.061389,-66.370556, ,0.0,0.0,0,0,0,0,0,0,0,0
TF,BRANC,-28.960461,-65.839839,0, ,0.0,0.0,0.0,0.0,2,6000,0,1,220,0,0,0

STAR,LITO1Q,20,5
IF,LITOR,-29.033889,-65.498611, ,0.0,0.0,2,11000,0,0,0,0,0,0
TF,TOKUS,-29.000294,-65.655286,0, ,0.0,0.0,0.0,0.0,0,0,0,0,0,0,0,0
TF,BRANC,-28.960461,-65.839839,0, ,0.0,0.0,0.0,0.0,0,0,0,0,0,0,0,0
TF,NC025,-28.523725,-65.734539,0, ,0.0,0.0,0.0,0.0,0,0,0,0,0,0,0,0
TF,NC004,-28.241911,-65.467581,0, ,0.0,0.0,0.0,0.0,2,8500,0,0,0,0,0,0
TF,ENVOK,-28.188397,-65.654242,1, ,0.0,0.0,0.0,0.0,2,8000,0,1,220,0,0,0

STAR,LITO2M,02,5
IF,LITOR,-29.033889,-65.498611, ,0.0,0.0,0,0,0,0,0,0,0,0
TF,TOKUS,-29.000294,-65.655286,0, ,0.0,0.0,0.0,0.0,2,7000,0,0,0,0,0,0
TF,BRANC,-28.960461,-65.839839,0, ,0.0,0.0,0.0,0.0,2,6000,0,1,220,0,0,0

STAR,SORT1Q,20,5
IF,SORTI,-27.718056,-65.426111, ,0.0,0.0,2,12000,0,0,0,0,0,0
TF,ENVOK,-28.188397,-65.654242,0, ,0.0,0.0,0.0,0.0,2,8000,0,1,220,0,0,0

STAR,SORT2R,02,5
IF,SORTI,-27.718056,-65.426111, ,0.0,0.0,0,0,0,0,0,0,0,0
TF,ENVOK,-28.188397,-65.654242,0, ,0.0,0.0,0.0,0.0,0,0,0,0,0,0,0,0
TF,AMIAS,-28.286494,-65.677669,0, ,0.0,0.0,0.0,0.0,0,0,0,0,0,0,0,0
TF,NC003,-28.575406,-65.837514,0, ,0.0,0.0,0.0,0.0,0,0,0,0,0,0,0,0
TF,ROMIX,-28.876811,-66.004247,0, ,0.0,0.0,0.0,0.0,2,8000,0,0,0,0,0,0
TF,BRANC,-28.960461,-65.839839,0, ,0.0,0.0,0.0,0.0,2,6000,0,1,220,0,0,0

APPTR,D02,02,CAT
IF,CAT,-28.583528,-65.746861, ,0.0,0.0,0,0,0,1,210,0,1,0
FD,CAT,-28.583528,-65.746861,0,CAT,0.0,12.0,226.0,12.0,2,4500,0,0,0,0,0,0
CF,CF02,-28.777206,-65.805767,1,CAT,202.0,12.0,22.0,1.0,2,4500,0,0,0,0,0,0

FINAL,D02,02,D,3
IF,CF02,-28.777206,-65.805767,CAT,202.0,12.0,2,4500,0,0,0,0,0,0
CF,FF02,-28.686825,-65.778250,0,CAT,202.0,6.4,22.0,5.6,2,3160,0,0,0,0,2,0
CF,RW02,-28.605464,-65.754153,0,CAT,203.4,1.4,22.0,5.0,1,1558,0,0,0,0,3,0
CF,CAT,-28.583528,-65.746861,0,CAT,0.0,0.0,22.0,1.4,0,0,0,0,0,0,0,1
FD,CAT,-28.583528,-65.746861,0,CAT,0.0,3.6,17.0,3.6,2,2500,0,0,0,0,0,0
VA,1,196.0,2,5600,0,1,190,0,0,0
DF,CAT,-28.583528,-65.746861,1, ,0.0,0.0,2,8000,0,0,0,0,0,0
HM,CAT,-28.583528,-65.746861,1, ,0.0,0.0,225.0,04,2,8000,0,1,210,0,0,0,0

APPTR,R02,02,BRANC
IF,BRANC,-28.960461,-65.839839, ,0.0,0.0,2,6000,0,1,220,0,1,0
TF,NC023,-28.850639,-65.813267,0, ,0.0,0.0,0.0,0.0,2,4300,0,0,0,0,0,0
TF,RAFRO,-28.768917,-65.793531,0, ,0.0,0.0,0.0,0.0,2,3200,0,1,185,0,1,0

FINAL,R02,02,R,3
IF,RAFRO,-28.768917,-65.793531, ,0.0,0.0,2,3200,0,1,185,0,0,0
TF,ESUBI,-28.687192,-65.773828,0, ,0.0,0.0,19.0,5.0,2,3160,0,0,0,0,2,0
TF,RW02,-28.605464,-65.754153,0, ,0.0,0.0,19.0,5.0,1,1558,0,0,0,0,3,1
CF,NC025,-28.523725,-65.734539,0,CAT,17.3,3.6,19.0,5.0,2,2600,0,0,0,0,0,1
DF,GELEX,-28.568600,-65.813019,1, ,0.0,0.0,2,4200,0,1,180,0,0,0
TF,BRANC,-28.960461,-65.839839,0, ,0.0,0.0,0.0,0.0,2,6000,0,1,210,0,0,0
HM,BRANC,-28.960461,-65.839839,1, ,0.0,0.0,19.0,04,2,6000,0,1,210,0,0,0,0

APPTR,R20,20,ENVOK
IF,ENVOK,-28.188397,-65.654242, ,0.0,0.0,2,8000,0,1,220,0,1,0
TF,AMIAS,-28.286494,-65.677669,0, ,0.0,0.0,0.0,0.0,2,6000,0,1,185,0,1,0

FINAL,R20,20,R,6
IF,AMIAS,-28.286494,-65.677669, ,0.0,0.0,2,6000,0,1,185,0,0,0
TF,NC203,-28.335550,-65.689400,0, ,0.0,0.0,199.0,3.0,2,5400,0,0,0,0,0,0
TF,NC204,-28.387858,-65.701922,0, ,0.0,0.0,199.0,3.2,2,5000,0,0,0,0,0,0
TF,TINLU,-28.482675,-65.724653,0, ,0.0,0.0,199.0,5.8,2,3520,0,0,0,0,2,0
TF,NC010,-28.504675,-65.729933,0, ,0.0,0.0,199.0,1.4,2,3090,0,0,0,0,0,0
TF,RW20,-28.580756,-65.748211,0, ,0.0,0.0,199.0,4.6,1,1606,0,0,0,0,3,1
TF,BRANC,-28.960461,-65.839839,0, ,0.0,0.0,0.0,0.0,2,5000,0,0,0,0,0,0
HM,BRANC,-28.960461,-65.839839,1, ,0.0,0.0,19.0,04,2,5000,0,1,210,0,0,0,0

