APPTR,I21,21,LAR
IF,LAR,-29.388614,-66.803547, ,0.0,0.0,2,9000,0,1,220,0,1,0
FD,LAR,-29.388614,-66.803547,0,LAR,0.0,14.6,50.0,14.6,2,4500,0,0,0,0,0,0
CF,CF21,-29.217694,-66.695814,1,LR,33.3,12.0,213.0,3.0,2,4500,0,1,185,0,1,0

FINAL,I21,21,I,3
IF,CF21,-29.217694,-66.695814,LR,33.3,12.0,2,4500,0,1,185,0,0,0
CF,FF21,-29.238297,-66.708444,0,LR,33.3,10.6,213.0,1.4,1,4300,0,0,0,0,2,0
CF,RW21,-29.369292,-66.788869,0,LR,33.3,1.6,213.0,8.9,1,1457,0,0,0,0,3,0
CA,0,213.0,2,1850,0,0,0,0,0,0
DF,LAR,-29.388614,-66.803547,0, ,0.0,0.0,0,0,0,0,0,0,0,1
FM,LAR,-29.388614,-66.803547,0,LAR,0.0,0.0,162.0,0,0,0,1,210,0,0,0

