APPTR,D19,19,TRH
IF,TRH,-27.496758,-64.933717, ,0.0,0.0,2,4000,0,1,195,0,1,0
FD,TRH,-27.496758,-64.933717,0,TRH,0.0,9.0,351.0,9.0,2,3100,0,0,0,0,0,0
CF,CS19,-27.346428,-64.939594,2,TRH,6.0,9.0,186.0,1.0,2,3100,0,0,0,0,1,0

FINAL,D19,19,D,4
IF,CS19,-27.346428,-64.939594,TRH,6.0,9.0,2,3100,0,0,0,0,0,0
CF,FS19,-27.371483,-64.938617,0,TRH,6.0,7.5,186.0,1.5,2,3100,0,0,0,0,2,0
CF,30VOR,-27.446647,-64.935678,0,TRH,6.0,3.0,186.0,4.5,2,1700,0,0,0,0,0,0
CF,MS19,-27.471703,-64.934697,0,TRH,6.0,1.5,186.0,1.5,1,1230,0,0,0,0,3,0
CF,TRH,-27.496758,-64.933717,0,TRH,0.0,0.0,186.0,1.5,0,0,0,0,0,0,0,0
CA,0,186.0,2,4000,0,0,0,0,0,0
DF,TRH,-27.496758,-64.933717,1, ,0.0,0.0,0,0,0,0,0,0,0,0

APPTR,I01,01,TRH
IF,TRH,-27.496758,-64.933717, ,0.0,0.0,2,4000,0,1,200,0,1,0
FD,TRH,-27.496758,-64.933717,0,TRH,0.0,9.0,207.0,9.0,2,3200,0,0,0,0,0,0
CF,CF01,-27.646472,-64.943625,1,RH,190.6,9.9,11.0,1.0,2,3200,0,0,0,0,1,0

FINAL,I01,01,I,3
IF,CF01,-27.646472,-64.943625,RH,190.6,9.9,2,3200,0,0,0,0,0,0
CF,FF01,-27.624769,-64.942511,0,RH,190.6,8.6,11.0,1.3,1,3200,0,0,0,0,2,0
CF,RW01,-27.507883,-64.936533,0,RH,190.6,1.6,11.0,7.0,1,964,0,0,0,0,3,0
VM,0,0,0,11.0,0,0,0,0,0,0,0,0

