APPTR,D06,06,D108O
IF,D108O,-33.788953,-65.089969, ,0.0,0.0,2,5000,0,0,0,0,1,0
AF,D247O,-33.842119,-65.648456,2,RYD,247.0,15.0,108.0,0,0,0,0,0,0,0,0
CF,CD06,-33.796822,-65.541397,0,RYD,247.0,9.0,67.0,6.0,2,3900,0,0,0,0,1,0

APPTR,D06,06,D207O
IF,D207O,-33.959192,-65.498458, ,0.0,0.0,2,5000,0,0,0,0,1,0
AF,D247O,-33.842119,-65.648456,2,RYD,247.0,15.0,207.0,0,0,0,0,0,0,0,0
CF,CD06,-33.796822,-65.541397,0,RYD,247.0,9.0,67.0,6.0,2,3900,0,0,0,0,1,0

APPTR,D06,06,D291O
IF,D291O,-33.655144,-65.667431, ,0.0,0.0,2,7000,0,0,0,0,1,0
AF,D247O,-33.842119,-65.648456,1,RYD,247.0,15.0,291.0,0,0,0,0,0,0,0,0
CF,CD06,-33.796822,-65.541397,0,RYD,247.0,9.0,67.0,6.0,2,3900,0,0,0,0,1,0

APPTR,D06,06,RYD
IF,RYD,-33.728706,-65.381022, ,0.0,0.0,0,0,0,0,0,0,1,0
FD,RYD,-33.728706,-65.381022,0,RYD,0.0,9.0,230.0,9.0,2,3900,0,1,185,0,0,0
CF,CD06,-33.796822,-65.541397,2,RYD,247.0,9.0,67.0,1.0,2,3900,0,0,0,0,1,0

FINAL,D06,06,D,3
IF,CD06,-33.796822,-65.541397,RYD,247.0,9.0,2,3900,0,0,0,0,0,0
CF,FD06,-33.785483,-65.514650,0,RYD,247.0,7.5,67.0,1.5,2,3900,0,0,0,0,2,0
CF,MD06,-33.737800,-65.402389,0,RYD,247.0,1.2,67.0,6.3,1,1893,0,0,0,0,3,0
CA,0,67.0,2,5000,0,0,0,0,0,0

