SID,FRAG2G,19,5
CF,KOSDU,-33.366064,-66.369075,0,RYD,297.4,54.1,190.0,4.8,2,3500,0,0,0,0,0,1
DF,FRAGA,-33.582778,-66.017500,0, ,0.0,0.0,0,0,0,0,0,0,0,0

SID,ISIP2G,19,5
CF,KOSDU,-33.366064,-66.369075,0,RYD,297.4,54.1,190.0,4.8,2,3500,0,0,0,0,0,1
DF,OSARI,-33.306061,-66.110000,1, ,0.0,0.0,2,6500,0,0,0,0,0,0
TF,ISIPO,-33.011111,-66.017222,0, ,0.0,0.0,0.0,0.0,0,0,0,0,0,0,0,0

SID,MORO2G,19,5
CF,KOSDU,-33.366064,-66.369075,0,RYD,297.4,54.1,190.0,4.8,2,3500,0,0,0,0,0,1
DF,OSARI,-33.306061,-66.110000,1, ,0.0,0.0,2,6500,0,0,0,0,0,0
TF,MORRO,-33.229722,-65.861944,0, ,0.0,0.0,0.0,0.0,0,0,0,0,0,0,0,0

STAR,EDRA2Q,01,5
IF,EDRAL,-33.528611,-66.751667, ,0.0,0.0,0,0,0,0,0,0,0,0
TF,ROGUB,-33.472131,-66.476892,0, ,0.0,0.0,0.0,0.0,2,6000,0,1,220,0,0,0

STAR,FRAG2Q,01,5
IF,FRAGA,-33.582778,-66.017500, ,0.0,0.0,0,0,0,0,0,0,0,0
TF,ILSEN,-33.489358,-66.290778,0, ,0.0,0.0,0.0,0.0,2,6000,0,1,220,0,0,0

STAR,GEMV1Q,01,5
IF,GEMVU,-33.085953,-66.477928, ,0.0,0.0,2,6000,0,0,0,0,0,0
TF,ROGUB,-33.472131,-66.476892,0, ,0.0,0.0,0.0,0.0,2,6000,0,1,220,0,0,0

STAR,ISIP2Q,01,5
IF,ISIPO,-33.011111,-66.017222, ,0.0,0.0,0,0,0,0,0,0,0,0
TF,OU555,-33.276850,-66.168811,0, ,0.0,0.0,0.0,0.0,2,7000,0,0,0,0,0,0
TF,ILSEN,-33.489358,-66.290778,0, ,0.0,0.0,0.0,0.0,2,6000,0,1,220,0,0,0

STAR,KABA2Q,01,5
IF,KABAK,-33.316111,-67.050833, ,0.0,0.0,0,0,0,0,0,0,0,0
TF,ROGUB,-33.472131,-66.476892,0, ,0.0,0.0,0.0,0.0,2,6000,0,1,220,0,0,0

STAR,MORO2Q,01,5
IF,MORRO,-33.229722,-65.861944, ,0.0,0.0,0,0,0,0,0,0,0,0
TF,ILSEN,-33.489358,-66.290778,0, ,0.0,0.0,0.0,0.0,2,6000,0,1,220,0,0,0

APPTR,R01,01,ILSEN
IF,ILSEN,-33.489358,-66.290778, ,0.0,0.0,2,6000,0,1,220,0,1,0
TF,MEXIL,-33.452331,-66.380786,0, ,0.0,0.0,0.0,0.0,2,5000,0,1,185,0,1,0

APPTR,R01,01,ROGUB
IF,ROGUB,-33.472131,-66.476892, ,0.0,0.0,2,6000,0,1,220,0,1,0
TF,MEXIL,-33.452331,-66.380786,0, ,0.0,0.0,0.0,0.0,2,5000,0,1,185,0,1,0

FINAL,R01,01,R,3
IF,MEXIL,-33.452331,-66.380786, ,0.0,0.0,2,5000,0,1,185,0,0,0
TF,KOSDU,-33.366064,-66.369075,0, ,0.0,0.0,10.0,5.2,2,3880,0,0,0,0,2,0
TF,RW01,-33.286403,-66.358303,0, ,0.0,0.0,10.0,4.8,1,2349,0,0,0,0,3,1
CF,OU468,-33.228358,-66.350397,0,RCU,269.0,105.4,10.0,3.5,0,0,0,0,0,0,0,0
TF,GEMVU,-33.085953,-66.477928,0, ,0.0,0.0,0.0,0.0,2,4700,0,1,210,0,0,0
HM,GEMVU,-33.085953,-66.477928,1, ,0.0,0.0,100.0,04,2,6000,0,1,210,0,0,0,0

APPTR,S01,01,UIS
IF,UIS,-33.268361,-66.357806, ,0.0,0.0,0,0,0,0,0,0,1,0
FC,UIS,-33.268361,-66.357806,0,UIS,0.0,0.0,172.0,9.0,2,4800,0,0,0,0,0,1
CF,FF01,-33.414658,-66.370000,2,UIS,187.0,8.8,7.0,1.0,2,4800,0,0,0,0,0,0

FINAL,S01,01,D,2
IF,FF01,-33.414658,-66.370000,UIS,187.0,8.8,2,4800,0,0,0,0,2,0
CF,RW01,-33.286403,-66.358303,0,UIS,184.3,1.1,7.0,7.7,1,2349,0,0,0,0,3,0
CF,UIS,-33.268361,-66.357806,0,UIS,0.0,0.0,7.0,1.1,0,0,0,0,0,0,0,1
FM,UIS,-33.268361,-66.357806,0,UIS,0.0,0.0,358.0,2,6300,0,0,0,0,0,0

