SID,ALDO2G,31,5
CF,ILNOV,-25.713453,-54.530450,0,FOZ,207.6,7.9,312.0,2.5,0,0,0,0,0,0,0,1
DF,UKLUS,-25.867383,-54.607444,1, ,0.0,0.0,0,0,0,1,250,0,0,0
TF,ALDOS,-26.230556,-54.688889,0, ,0.0,0.0,0.0,0.0,0,0,0,0,0,0,0,0

SID,ALGE3C,13,5
CF,ROCAR,-25.765847,-54.405011,0,FOZ,171.0,12.2,132.0,3.0,0,0,0,1,250,0,0,1
DF,RI101,-25.886467,-54.582122,2, ,0.0,0.0,0,0,0,0,0,0,0,0
TF,ALGEL,-25.870000,-55.170556,0, ,0.0,0.0,0.0,0.0,0,0,0,0,0,0,0,0

SID,ALGE3G,31,5
CF,ILNOV,-25.713453,-54.530450,0,FOZ,207.6,7.9,312.0,2.5,0,0,0,0,0,0,0,1
DF,UKLUS,-25.867383,-54.607444,1, ,0.0,0.0,0,0,0,1,250,0,0,0
TF,DAGOL,-25.749333,-54.888333,0, ,0.0,0.0,0.0,0.0,2,9000,0,0,0,0,0,0
TF,ALGEL,-25.870000,-55.170556,0, ,0.0,0.0,0.0,0.0,0,0,0,0,0,0,0,0

SID,COST3C,13,5
CF,ROCAR,-25.765847,-54.405011,0,FOZ,171.0,12.2,132.0,3.0,0,0,0,1,250,0,0,1
DF,RI101,-25.886467,-54.582122,2, ,0.0,0.0,0,0,0,0,0,0,0,0
TF,COSTA,-25.511944,-55.236389,0, ,0.0,0.0,0.0,0.0,0,0,0,0,0,0,0,0

SID,COST3G,31,5
CF,ILNOV,-25.713453,-54.530450,0,FOZ,207.6,7.9,312.0,2.5,0,0,0,0,0,0,0,1
TF,RI815,-25.646714,-54.689669,0, ,0.0,0.0,0.0,0.0,0,0,0,0,0,0,0,0
TF,COSTA,-25.511944,-55.236389,0, ,0.0,0.0,0.0,0.0,0,0,0,0,0,0,0,0

SID,COST3H,31,5
CF,ILNOV,-25.713453,-54.530450,0,FOZ,207.6,7.9,312.0,2.5,0,0,0,0,0,0,0,1
DF,UKLUS,-25.867383,-54.607444,1, ,0.0,0.0,0,0,0,1,250,0,0,0
TF,DAGOL,-25.749333,-54.888333,0, ,0.0,0.0,0.0,0.0,2,9000,0,0,0,0,0,0
TF,COSTA,-25.511944,-55.236389,0, ,0.0,0.0,0.0,0.0,0,0,0,0,0,0,0,0

SID,ELAM2C,13,5
CF,ROCAR,-25.765847,-54.405011,0,FOZ,171.0,12.2,132.0,3.0,0,0,0,1,250,0,0,1
DF,LANUB,-26.250417,-54.351208,0, ,0.0,0.0,2,10000,0,0,0,0,0,0
TF,RI901,-26.705458,-54.520447,0, ,0.0,0.0,0.0,0.0,0,0,0,0,0,0,0,0
TF,RI900,-27.343500,-54.987886,0, ,0.0,0.0,0.0,0.0,0,0,0,0,0,0,0,0
TF,ELAMO,-28.100556,-55.452222,0, ,0.0,0.0,0.0,0.0,0,0,0,0,0,0,0,0

SID,IVSO2C,13,5
CF,JOALI,-25.849758,-54.203353,0,FOZ,151.5,22.8,132.0,16.0,0,0,0,1,250,0,0,0
TF,ANBUK,-25.763167,-54.087667,0, ,0.0,0.0,0.0,0.0,0,0,0,0,0,0,0,0
TF,IVSOB,-25.430667,-53.815500,0, ,0.0,0.0,0.0,0.0,2,15000,0,0,0,0,0,0

SID,IVSO2G,31,5
CF,ILNOV,-25.713453,-54.530450,0,FOZ,207.6,7.9,312.0,2.5,0,0,0,0,0,0,0,1
DF,FOZ,-25.583203,-54.503514,0, ,0.0,0.0,2,5000,0,1,250,0,0,0
TF,IVSOB,-25.430667,-53.815500,0, ,0.0,0.0,0.0,0.0,2,15000,0,0,0,0,0,0

SID,KAMI2C,13,5
CF,JOALI,-25.849758,-54.203353,0,FOZ,151.5,22.8,132.0,16.0,0,0,0,1,250,0,0,0
TF,ANBUK,-25.763167,-54.087667,0, ,0.0,0.0,0.0,0.0,0,0,0,0,0,0,0,0
TF,KAMIL,-25.587333,-53.766167,0, ,0.0,0.0,0.0,0.0,2,15000,0,0,0,0,0,0

SID,KAMI2G,31,5
CF,ILNOV,-25.713453,-54.530450,0,FOZ,207.6,7.9,312.0,2.5,0,0,0,0,0,0,0,1
DF,FOZ,-25.583203,-54.503514,0, ,0.0,0.0,2,5000,0,1,250,0,0,0
TF,KAMIL,-25.587333,-53.766167,0, ,0.0,0.0,0.0,0.0,2,15000,0,0,0,0,0,0

SID,KOLN2C,13,5
CF,JOALI,-25.849758,-54.203353,0,FOZ,151.5,22.8,132.0,16.0,0,0,0,1,250,0,0,0
TF,KOLNA,-26.142500,-54.098333,0, ,0.0,0.0,0.0,0.0,2,12000,0,0,0,0,0,0

SID,NAID2C,13,5
CF,ROCAR,-25.765847,-54.405011,0,FOZ,171.0,12.2,132.0,3.0,0,0,0,1,250,0,0,1
DF,LANUB,-26.250417,-54.351208,0, ,0.0,0.0,2,10000,0,0,0,0,0,0
TF,RI901,-26.705458,-54.520447,0, ,0.0,0.0,0.0,0.0,0,0,0,0,0,0,0,0
TF,RI900,-27.343500,-54.987886,0, ,0.0,0.0,0.0,0.0,0,0,0,0,0,0,0,0
TF,NAIDE,-27.613333,-55.587778,0, ,0.0,0.0,0.0,0.0,0,0,0,0,0,0,0,0

SID,POS2C,13,5
CF,ROCAR,-25.765847,-54.405011,0,FOZ,171.0,12.2,132.0,3.0,0,0,0,1,250,0,0,1
DF,LANUB,-26.250417,-54.351208,0, ,0.0,0.0,2,10000,0,0,0,0,0,0
TF,RI901,-26.705458,-54.520447,0, ,0.0,0.0,0.0,0.0,0,0,0,0,0,0,0,0
TF,RI900,-27.343500,-54.987886,0, ,0.0,0.0,0.0,0.0,0,0,0,0,0,0,0,0
TF,POS,-27.385569,-55.968997,0, ,0.0,0.0,0.0,0.0,0,0,0,0,0,0,0,0

SID,UDEN3C,13,5
CF,ROCAR,-25.765847,-54.405011,0,FOZ,171.0,12.2,132.0,3.0,0,0,0,1,250,0,0,1
DF,RI101,-25.886467,-54.582122,2, ,0.0,0.0,0,0,0,0,0,0,0,0
TF,UDENO,-26.124722,-54.937222,0, ,0.0,0.0,0.0,0.0,0,0,0,0,0,0,0,0

SID,UDEN3G,31,5
CF,ILNOV,-25.713453,-54.530450,0,FOZ,207.6,7.9,312.0,2.5,0,0,0,0,0,0,0,1
DF,UKLUS,-25.867383,-54.607444,1, ,0.0,0.0,0,0,0,1,250,0,0,0
TF,UDENO,-26.124722,-54.937222,0, ,0.0,0.0,0.0,0.0,0,0,0,0,0,0,0,0

SID,UPOR1C,13,5
CF,JOALI,-25.849758,-54.203353,0,FOZ,151.5,22.8,132.0,16.0,0,0,0,1,250,0,0,0
TF,ANBUK,-25.763167,-54.087667,0, ,0.0,0.0,0.0,0.0,0,0,0,0,0,0,0,0
TF,UPORU,-25.224056,-53.882056,0, ,0.0,0.0,0.0,0.0,2,15000,0,0,0,0,0,0

SID,UPOR1G,31,5
CF,ILNOV,-25.713453,-54.530450,0,FOZ,207.6,7.9,312.0,2.5,0,0,0,0,0,0,0,1
DF,FOZ,-25.583203,-54.503514,0, ,0.0,0.0,2,5000,0,1,250,0,0,0
TF,UPORU,-25.224056,-53.882056,0, ,0.0,0.0,0.0,0.0,2,15000,0,0,0,0,0,0

STAR,ALGE3M,13,5
IF,ALGEL,-25.870000,-55.170556, ,0.0,0.0,0,0,0,0,0,0,0,0
TF,PUNBU,-25.693989,-54.743125,0, ,0.0,0.0,0.0,0.0,2,3000,0,0,0,0,0,0

STAR,ALGE3Q,31,5
IF,ALGEL,-25.870000,-55.170556, ,0.0,0.0,0,0,0,0,0,0,0,0
TF,KEXAK,-26.020781,-54.386175,0, ,0.0,0.0,0.0,0.0,0,0,0,0,0,0,0,0
TF,ISUBA,-25.890906,-54.326083,0, ,0.0,0.0,0.0,0.0,2,3000,0,0,0,0,0,0

STAR,COST3M,13,5
IF,COSTA,-25.511944,-55.236389, ,0.0,0.0,0,0,0,0,0,0,0,0
TF,PUNBU,-25.693989,-54.743125,0, ,0.0,0.0,0.0,0.0,2,3000,0,0,0,0,0,0

STAR,COST3Q,31,5
IF,COSTA,-25.511944,-55.236389, ,0.0,0.0,0,0,0,0,0,0,0,0
TF,ISUBA,-25.890906,-54.326083,0, ,0.0,0.0,0.0,0.0,2,3000,0,0,0,0,0,0

STAR,DIDO2M,13,5
IF,DIDOM,-25.298333,-53.185167, ,0.0,0.0,0,0,0,0,0,0,0,0
TF,ANBAV,-25.386667,-54.596500,0, ,0.0,0.0,0.0,0.0,2,4000,0,1,220,0,0,0
TF,DOLMU,-25.480500,-54.635333,0, ,0.0,0.0,0.0,0.0,2,3500,0,0,0,0,0,0
TF,KOVRA,-25.660919,-54.655869,0, ,0.0,0.0,0.0,0.0,2,3000,0,1,185,0,0,0

STAR,DOKB3M,13,5
IF,DOKBA,-26.571111,-54.815556, ,0.0,0.0,0,0,0,0,0,0,0,0
TF,NEGEX,-26.204586,-54.776892,0, ,0.0,0.0,0.0,0.0,0,0,0,0,0,0,0,0
TF,PUNBU,-25.693989,-54.743125,0, ,0.0,0.0,0.0,0.0,2,3000,0,0,0,0,0,0

STAR,ELAM2Q,31,5
IF,ELAMO,-28.100556,-55.452222, ,0.0,0.0,0,0,0,0,0,0,0,0
TF,RI900,-27.343500,-54.987886,0, ,0.0,0.0,0.0,0.0,0,0,0,0,0,0,0,0
TF,RI901,-26.705458,-54.520447,0, ,0.0,0.0,0.0,0.0,0,0,0,0,0,0,0,0
TF,LANUB,-26.250417,-54.351208,0, ,0.0,0.0,0.0,0.0,2,10000,0,0,0,0,0,0
TF,ISUBA,-25.890906,-54.326083,0, ,0.0,0.0,0.0,0.0,2,3000,0,0,0,0,0,0

STAR,ILMI2M,13,5
IF,ILMIS,-24.680092,-53.057572, ,0.0,0.0,0,0,0,0,0,0,0,0
TF,ANBAV,-25.386667,-54.596500,0, ,0.0,0.0,0.0,0.0,2,4000,0,1,220,0,0,0
TF,DOLMU,-25.480500,-54.635333,0, ,0.0,0.0,0.0,0.0,2,3500,0,0,0,0,0,0
TF,KOVRA,-25.660919,-54.655869,0, ,0.0,0.0,0.0,0.0,2,3000,0,1,185,0,0,0

STAR,KAMI2M,13,5
IF,KAMIL,-25.587333,-53.766167, ,0.0,0.0,0,0,0,0,0,0,0,0
TF,ANBAV,-25.386667,-54.596500,0, ,0.0,0.0,0.0,0.0,2,4000,0,1,220,0,0,0
TF,DOLMU,-25.480500,-54.635333,0, ,0.0,0.0,0.0,0.0,2,3500,0,0,0,0,0,0
TF,KOVRA,-25.660919,-54.655869,0, ,0.0,0.0,0.0,0.0,2,3000,0,1,185,0,0,0

STAR,KOLN1Q,31,5
IF,KOLNA,-26.142500,-54.098333, ,0.0,0.0,0,0,0,0,0,0,0,0
TF,JOALI,-25.849758,-54.203353,0, ,0.0,0.0,0.0,0.0,2,3000,0,1,220,0,0,0

STAR,KOVS1Q,31,5
IF,KOVSO,-25.475833,-54.024333, ,0.0,0.0,2,6000,0,0,0,0,0,0
TF,JOALI,-25.849758,-54.203353,0, ,0.0,0.0,0.0,0.0,2,3000,0,1,220,0,0,0

STAR,NAID2Q,31,5
IF,NAIDE,-27.613333,-55.587778, ,0.0,0.0,0,0,0,0,0,0,0,0
TF,RI900,-27.343500,-54.987886,0, ,0.0,0.0,0.0,0.0,0,0,0,0,0,0,0,0
TF,RI901,-26.705458,-54.520447,0, ,0.0,0.0,0.0,0.0,0,0,0,0,0,0,0,0
TF,LANUB,-26.250417,-54.351208,0, ,0.0,0.0,0.0,0.0,2,10000,0,0,0,0,0,0
TF,ISUBA,-25.890906,-54.326083,0, ,0.0,0.0,0.0,0.0,2,3000,0,0,0,0,0,0

STAR,POS2Q,31,5
IF,POS,-27.385569,-55.968997, ,0.0,0.0,0,0,0,0,0,0,0,0
TF,RI900,-27.343500,-54.987886,0, ,0.0,0.0,0.0,0.0,0,0,0,0,0,0,0,0
TF,RI901,-26.705458,-54.520447,0, ,0.0,0.0,0.0,0.0,0,0,0,0,0,0,0,0
TF,LANUB,-26.250417,-54.351208,0, ,0.0,0.0,0.0,0.0,2,10000,0,0,0,0,0,0
TF,ISUBA,-25.890906,-54.326083,0, ,0.0,0.0,0.0,0.0,2,3000,0,0,0,0,0,0

STAR,UDEN3M,13,5
IF,UDENO,-26.124722,-54.937222, ,0.0,0.0,0,0,0,0,0,0,0,0
TF,PUNBU,-25.693989,-54.743125,0, ,0.0,0.0,0.0,0.0,2,3000,0,0,0,0,0,0

STAR,UDEN3Q,31,5
IF,UDENO,-26.124722,-54.937222, ,0.0,0.0,0,0,0,0,0,0,0,0
TF,KEXAK,-26.020781,-54.386175,0, ,0.0,0.0,0.0,0.0,0,0,0,0,0,0,0,0
TF,ISUBA,-25.890906,-54.326083,0, ,0.0,0.0,0.0,0.0,2,3000,0,0,0,0,0,0

STAR,UPOR1M,13,5
IF,UPORU,-25.224056,-53.882056, ,0.0,0.0,0,0,0,0,0,0,0,0
TF,ANBAV,-25.386667,-54.596500,0, ,0.0,0.0,0.0,0.0,2,4000,0,1,220,0,0,0
TF,DOLMU,-25.480500,-54.635333,0, ,0.0,0.0,0.0,0.0,2,3500,0,0,0,0,0,0
TF,KOVRA,-25.660919,-54.655869,0, ,0.0,0.0,0.0,0.0,2,3000,0,1,185,0,0,0

STAR,VUGL1Q,31,5
IF,VUGLA,-25.590617,-53.048000, ,0.0,0.0,0,0,0,0,0,0,0,0
TF,JOALI,-25.849758,-54.203353,0, ,0.0,0.0,0.0,0.0,2,3000,0,1,220,0,0,0

APPTR,D13-Z,13,D216M
IF,D216M,-25.938692,-54.567900, ,0.0,0.0,0,0,0,0,0,0,1,0
AF,D317M,-25.622422,-54.691172,2,IGU,317.0,13.0,216.0,0,0,0,0,0,0,0,0
TF,CF13,-25.661250,-54.620089,0, ,0.0,0.0,0.0,0.0,2,3000,0,0,0,0,1,0

APPTR,D13-Z,13,D240M
IF,D240M,-25.890733,-54.652617, ,0.0,0.0,0,0,0,0,0,0,1,0
AF,D317M,-25.622422,-54.691172,2,IGU,317.0,13.0,240.0,0,0,0,0,0,0,0,0
TF,CF13,-25.661250,-54.620089,0, ,0.0,0.0,0.0,0.0,2,3000,0,0,0,0,1,0

APPTR,D13-Z,13,D272M
IF,D272M,-25.786889,-54.718639, ,0.0,0.0,0,0,0,0,0,0,1,0
AF,D317M,-25.622422,-54.691172,2,IGU,317.0,13.0,272.0,0,0,0,0,0,0,0,0
TF,CF13,-25.661250,-54.620089,0, ,0.0,0.0,0.0,0.0,2,3000,0,0,0,0,1,0

APPTR,D13-Z,13,IGU
IF,IGU,-25.734500,-54.485722, ,0.0,0.0,0,0,0,0,0,0,1,0
FD,IGU,-25.734500,-54.485722,0,IGU,0.0,8.5,301.0,8.5,2,3000,0,0,0,0,0,0
CF,CF13,-25.661250,-54.620089,2,IGU,317.0,8.5,137.0,1.0,2,3000,0,0,0,0,1,0

FINAL,D13-Z,13,D,3
IF,CF13,-25.661250,-54.620089,IGU,317.0,8.5,2,3000,0,0,0,0,0,0
CF,FF13,-25.677633,-54.590061,0,IGU,317.0,6.6,137.0,1.9,2,3000,0,0,0,0,2,0
CF,MA13,-25.723303,-54.506258,0,IGU,317.0,1.3,137.0,5.3,1,1302,0,0,0,0,3,0
CA,0,137.0,2,3000,0,0,0,0,0,0

APPTR,D31-Z,31,IGU
IF,IGU,-25.734500,-54.485722, ,0.0,0.0,0,0,0,0,0,0,1,0
FD,IGU,-25.734500,-54.485722,0,IGU,0.0,10.0,143.0,10.0,2,3000,0,0,0,0,0,0
CF,CD31,-25.799719,-54.315703,1,IGU,129.0,10.0,309.0,1.0,2,3000,0,0,0,0,1,0

FINAL,D31-Z,31,D,3
IF,CD31,-25.799719,-54.315703,IGU,129.0,10.0,2,3000,0,0,0,0,0,0
CF,FS31,-25.786692,-54.349714,0,IGU,129.0,8.0,309.0,2.0,2,3000,0,0,0,0,2,0
CF,MD31,-25.752128,-54.439814,0,IGU,129.0,2.7,309.0,5.3,1,1328,0,0,0,0,3,0
CA,1,180.0,2,3000,0,0,0,0,0,0

APPTR,I31-Z,31,ISUBA
IF,ISUBA,-25.890906,-54.326083, ,0.0,0.0,2,3000,0,1,220,0,1,0
TF,ESABI,-25.814806,-54.287436,0,IG,0.0,0.0,0.0,0.0,2,3000,0,1,180,0,1,0

APPTR,I31-Z,31,JOALI
IF,JOALI,-25.849758,-54.203353, ,0.0,0.0,2,3000,0,1,220,0,1,0
TF,ESABI,-25.814806,-54.287436,0,IG,0.0,0.0,0.0,0.0,2,3000,0,1,180,0,1,0

FINAL,I31-Z,31,I,3
IF,ESABI,-25.814806,-54.287436,IG,131.8,12.1,2,3000,0,1,180,0,0,0
CF,FF31,-25.788144,-54.351508,0,IG,131.8,8.3,312.0,3.8,1,3000,0,0,0,0,2,0
CF,RW31,-25.743517,-54.458511,0,IG,131.8,1.9,312.0,6.4,1,968,0,0,0,0,3,1
VA,0,312.0,2,1500,0,0,0,0,0,0
VM,0,0,1,181.0,2,3000,0,0,0,0,0,0

APPTR,R13,13,PUNBU
IF,PUNBU,-25.693989,-54.743125, ,0.0,0.0,2,3000,0,1,220,0,1,0
TF,KOVRA,-25.660919,-54.655869,0, ,0.0,0.0,0.0,0.0,2,3000,0,1,180,0,1,0

FINAL,R13,13,R,3
IF,KOVRA,-25.660919,-54.655869, ,0.0,0.0,2,3000,0,1,180,0,1,0
TF,MALDI,-25.696006,-54.572147,0, ,0.0,0.0,132.0,5.0,2,2550,0,0,0,0,2,0
TF,RW13,-25.731039,-54.488378,0, ,0.0,0.0,132.0,5.0,1,958,0,0,0,0,3,1
CF,ROCAR,-25.765847,-54.405011,0,FOZ,171.0,12.2,132.0,5.0,0,0,0,0,0,0,0,0
TF,ISUBA,-25.890906,-54.326083,0, ,0.0,0.0,0.0,0.0,2,3000,0,0,0,0,0,0
HM,ISUBA,-25.890906,-54.326083,2, ,0.0,0.0,347.0,04,2,3000,0,1,210,0,0,0,0

APPTR,R31,31,ISUBA
IF,ISUBA,-25.890906,-54.326083, ,0.0,0.0,2,3000,0,1,220,0,1,0
TF,ESABI,-25.814806,-54.287436,0, ,0.0,0.0,0.0,0.0,2,3000,0,1,180,0,1,0

APPTR,R31,31,JOALI
IF,JOALI,-25.849758,-54.203353, ,0.0,0.0,2,3000,0,1,220,0,1,0
TF,ESABI,-25.814806,-54.287436,0, ,0.0,0.0,0.0,0.0,2,3000,0,1,180,0,1,0

FINAL,R31,31,R,3
IF,ESABI,-25.814806,-54.287436, ,0.0,0.0,2,3000,0,1,180,0,0,0
TF,SEDIA,-25.777089,-54.378025,0, ,0.0,0.0,311.0,5.4,2,2500,0,0,0,0,2,0
TF,RW31,-25.743517,-54.458511,0, ,0.0,0.0,311.0,4.8,1,966,0,0,0,0,3,1
CF,RI555,-25.716203,-54.523869,0,IGU,313.9,2.3,311.0,3.9,2,2000,0,0,0,0,0,1
DF,OBLET,-25.876878,-54.477006,1, ,0.0,0.0,1,3000,0,0,0,0,0,1
HM,OBLET,-25.876878,-54.477006,1, ,0.0,0.0,111.0,04,2,3000,0,1,210,0,0,0,0

