SID,IXU1,02,5
CF,USIXU,-24.747900,-65.462617,0,SAL,19.6,6.4,19.0,6.0,2,5100,0,1,220,0,0,0
TF,KIBOS,-24.662778,-65.318611,0, ,0.0,0.0,0.0,0.0,2,7000,0,0,0,0,0,0

SID,KAB1,20,5
CF,ILTOK,-24.971300,-65.511514,0,SAL,200.9,7.3,200.0,6.0,2,5300,0,1,220,0,0,0
TF,SA934,-25.003594,-65.334169,1, ,0.0,0.0,0.0,0.0,2,7200,0,1,250,0,0,0
TF,ANKAB,-24.960247,-65.092803,0, ,0.0,0.0,0.0,0.0,2,10000,0,0,0,0,0,0
TF,SA917,-24.709458,-65.092806,0, ,0.0,0.0,0.0,0.0,2,15000,0,0,0,0,0,0
TF,JUJ,-24.393500,-65.092806,0, ,0.0,0.0,0.0,0.0,0,0,0,0,0,0,0,0

SID,MUBO2G,20,5
CF,ILTOK,-24.971300,-65.511514,0,SAL,200.9,7.3,200.0,6.0,2,5400,0,1,220,0,0,0
TF,MUBOK,-25.460419,-65.389522,0, ,0.0,0.0,0.0,0.0,0,0,0,0,0,0,0,0
TF,PONPI,-25.756111,-65.315278,0, ,0.0,0.0,0.0,0.0,0,0,0,0,0,0,0,0

SID,PONP4A,02,2
VD, ,0,0,0,SAL,0.0,0.0,20.0,4.7,2,5400,0,0,0,0,0,0
VI,2, ,0.0,209.0,0,0,0,1,190,0,0,0
CF,PONPI,-25.756111,-65.315278,0,SAL,179.4,54.8,179.0,49.0,0,0,0,0,0,0,0,0

SID,PONP4E,20,2
VD, ,0,0,0,SAL,0.0,0.0,200.0,5.6,2,5100,0,0,0,0,0,0
VI,0, ,0.0,149.0,0,0,0,0,0,0,0,0
CF,PONPI,-25.756111,-65.315278,0,SAL,179.4,54.8,179.0,46.0,0,0,0,0,0,0,0,0

SID,PONP4J,06,2
VD, ,0,0,0,SAL,0.0,0.0,61.0,7.5,2,6100,0,0,0,0,0,0
DF,SAL,-24.852267,-65.483928,2, ,0.0,0.0,2,10000,0,1,190,0,0,0
TF,PONPI,-25.756111,-65.315278,0, ,0.0,0.0,0.0,0.0,0,0,0,0,0,0,0,0

SID,PONPI1,24,5
CF,SA824,-24.888181,-65.532144,0,SAL,239.8,3.4,239.0,4.2,2,5000,0,0,0,0,0,0
TF,ILTOK,-24.971300,-65.511514,0, ,0.0,0.0,0.0,0.0,2,5300,0,1,220,0,0,0
TF,MUBOK,-25.460419,-65.389522,0, ,0.0,0.0,0.0,0.0,2,11000,0,0,0,0,0,0
TF,PONPI,-25.756111,-65.315278,0, ,0.0,0.0,0.0,0.0,2,15000,0,0,0,0,0,0

SID,VUL1,02,5
CF,USIXU,-24.747900,-65.462617,0,SAL,19.6,6.4,19.0,6.0,2,5100,0,1,220,0,0,0
TF,LIVUL,-24.774908,-65.321714,0, ,0.0,0.0,0.0,0.0,2,6500,0,1,250,0,0,0
TF,SA825,-25.042408,-65.319969,0, ,0.0,0.0,0.0,0.0,2,9000,0,0,0,0,0,0
TF,PONPI,-25.756111,-65.315278,0, ,0.0,0.0,0.0,0.0,2,15000,0,0,0,0,0,0

STAR,ILPA2M,02,5
IF,ILPAR,-25.699444,-65.092500, ,0.0,0.0,2,15000,0,0,0,0,0,0
TF,SA512,-25.408556,-65.282217,0, ,0.0,0.0,0.0,0.0,2,12000,0,0,0,0,0,0
TF,SA230,-25.300581,-65.352364,0, ,0.0,0.0,0.0,0.0,2,11000,0,0,0,0,0,0
TF,ESAKO,-25.163761,-65.441042,0, ,0.0,0.0,0.0,0.0,2,8700,0,1,220,0,0,0

STAR,ILPA2N,02,5
IF,ILPAR,-25.699444,-65.092500, ,0.0,0.0,2,15000,0,0,0,0,0,0
TF,SA514,-25.374931,-65.230894,0, ,0.0,0.0,0.0,0.0,2,12000,0,0,0,0,0,0
TF,SA240,-25.210700,-65.300628,0, ,0.0,0.0,0.0,0.0,2,11000,0,0,0,0,0,0
TF,ORAXO,-25.062969,-65.363183,0, ,0.0,0.0,0.0,0.0,2,8700,0,1,220,0,0,0

STAR,JUJ2A,02,5
IF,JUJ,-24.393500,-65.092806, ,0.0,0.0,2,16000,0,0,0,0,0,0
TF,SA668,-24.906156,-65.299572,0, ,0.0,0.0,0.0,0.0,2,10000,0,0,0,0,0,0
TF,ORAXO,-25.062969,-65.363183,0, ,0.0,0.0,0.0,0.0,2,8700,0,1,220,0,0,0

APPTR,D02,02,SAL
IF,SAL,-24.852267,-65.483928, ,0.0,0.0,2,11000,0,1,220,0,1,0
FD,SAL,-24.852267,-65.483928,0,SAL,0.0,10.6,219.0,10.6,2,8000,0,0,0,0,0,0
CF,CD02,-25.024217,-65.530981,1,SAL,203.0,10.6,23.0,1.0,2,7000,0,1,180,0,1,0

FINAL,D02,02,D,3
IF,CD02,-25.024217,-65.530981,SAL,203.0,10.6,2,7000,0,1,180,0,0,0
CF,FD02,-24.975553,-65.517650,0,SAL,203.0,7.6,23.0,3.0,2,6150,0,0,0,0,2,0
CF,MD02,-24.884711,-65.492794,0,SAL,203.0,2.0,23.0,5.6,1,4371,0,0,0,0,3,0
CF,SAL,-24.852267,-65.483928,0,SAL,0.0,0.0,23.0,2.0,0,0,0,0,0,0,0,0
FD,SAL,-24.852267,-65.483928,0,SAL,0.0,4.0,23.0,4.0,2,6000,0,0,0,0,0,0
VM,0,0,2,217.0,0,0,0,0,0,0,0,0

APPTR,D06,06,SAL
IF,SAL,-24.852267,-65.483928, ,0.0,0.0,0,0,0,0,0,0,1,0
HF,SAL,-24.852267,-65.483928,1, ,0.0,0.0,211.0,04.3,2,9450,0,0,0,0,0,0,0
FD,SAL,-24.852267,-65.483928,0,SAL,0.0,7.0,211.0,7.0,2,6500,0,0,0,0,0,0
CF,FD06,-24.933547,-65.576244,2,SAL,233.0,7.0,53.0,1.0,2,6500,0,0,0,0,0,0

FINAL,D06,06,D,3
IF,FD06,-24.933547,-65.576244,SAL,233.0,7.0,2,6500,0,0,0,0,2,0
CF,43VOR,-24.902206,-65.540617,0,SAL,233.0,4.3,53.0,2.7,2,5670,0,0,0,0,0,0
CF,MD06,-24.863889,-65.497097,0,SAL,233.0,1.0,53.0,3.3,1,4333,0,0,0,0,3,0
VD, ,0,0,0,SAL,0.0,0.0,53.0,6.0,2,6050,0,0,0,0,0,0
DF,SAL,-24.852267,-65.483928,2, ,0.0,0.0,0,0,0,0,0,0,0,0

APPTR,I02-Y,02,SAL
IF,SAL,-24.852267,-65.483928, ,0.0,0.0,2,11000,0,1,220,0,1,0
FD,SAL,-24.852267,-65.483928,0,SAL,0.0,10.7,217.0,10.7,2,8000,0,0,0,0,0,0
CF,CF02,-25.026872,-65.523669,1,SA,200.3,11.2,20.0,1.0,2,7000,0,1,180,0,1,0

FINAL,I02-Y,02,I,3
IF,CF02,-25.026872,-65.523669,SA,200.3,11.2,2,7000,0,1,180,0,0,0
CF,FF02,-24.976142,-65.512553,0,SA,200.3,8.1,20.0,3.1,1,6150,0,0,0,0,2,0
CF,RW02,-24.872833,-65.489939,0,SA,200.3,1.8,20.0,6.3,1,4144,0,0,0,0,3,0
VD, ,0,0,0,SAL,0.0,0.0,20.0,4.0,2,5300,0,0,0,0,0,0
VM,0,0,2,217.0,0,0,0,0,0,0,0,0

APPTR,I02-Z,02,ESAKO
IF,ESAKO,-25.163761,-65.441042, ,0.0,0.0,2,8700,0,1,220,0,1,0
TF,VADEK,-25.034347,-65.525344,0,SA,0.0,0.0,0.0,0.0,2,6700,0,1,180,0,1,0

FINAL,I02-Z,02,I,3
IF,VADEK,-25.034347,-65.525344,SA,200.3,11.7,2,6700,0,1,180,0,0,0
CF,FF02,-24.976142,-65.512553,0,SA,200.3,8.1,20.0,3.6,1,6150,0,0,0,0,2,0
CF,RW02,-24.872833,-65.489939,0,SA,200.3,1.8,20.0,6.3,1,4144,0,0,0,0,3,1
CF,KUDRA,-24.749864,-65.463044,0,SAL,19.6,6.2,20.0,7.5,2,5800,0,0,0,0,0,0
TF,RIXUD,-24.791506,-65.231992,0, ,0.0,0.0,0.0,0.0,2,8000,0,1,210,0,0,0
HM,RIXUD,-24.791506,-65.231992,1, ,0.0,0.0,216.0,04,2,9000,0,1,220,0,0,0,0

APPTR,L02-Y,02,SAL
IF,SAL,-24.852267,-65.483928, ,0.0,0.0,2,11000,0,1,220,0,1,0
FD,SAL,-24.852267,-65.483928,0,SAL,0.0,10.7,217.0,10.7,2,8000,0,0,0,0,0,0
CF,CF02,-25.026872,-65.523669,1,SA,200.3,11.2,20.0,1.0,2,7000,0,1,180,0,1,0

FINAL,L02-Y,02,D,3
IF,CF02,-25.026872,-65.523669,SA,200.3,11.2,2,7000,0,1,180,0,0,0
CF,FF02,-24.976142,-65.512553,0,SA,200.3,8.1,20.0,3.1,2,6150,0,0,0,0,2,0
CF,MA02,-24.880953,-65.491714,0,SA,200.3,2.3,20.0,5.8,1,4302,0,0,0,0,3,0
VD, ,0,0,0,SAL,0.0,0.0,20.0,4.0,2,5300,0,0,0,0,0,0
VM,0,0,2,217.0,0,0,0,0,0,0,0,0

APPTR,R02,02,ESAKO
IF,ESAKO,-25.163761,-65.441042, ,0.0,0.0,2,8700,0,1,220,0,1,0
TF,VADEK,-25.034347,-65.525344,0, ,0.0,0.0,0.0,0.0,2,7200,0,1,180,0,1,0

APPTR,R02,02,ORAXO
IF,ORAXO,-25.062969,-65.363183, ,0.0,0.0,2,8700,0,1,220,0,1,0
TF,VADEK,-25.034347,-65.525344,0, ,0.0,0.0,0.0,0.0,2,7200,0,1,180,0,1,0

FINAL,R02,02,R,3
IF,VADEK,-25.034347,-65.525344, ,0.0,0.0,2,7200,0,1,180,0,0,0
TF,MUMIN,-24.952375,-65.507364,0, ,0.0,0.0,20.0,5.0,2,5700,0,0,0,0,2,0
TF,RW02,-24.872833,-65.489939,0, ,0.0,0.0,20.0,4.9,1,4139,0,0,0,0,3,1
CF,KUDRA,-24.749864,-65.463044,0,SAL,19.6,6.2,20.0,7.5,2,5800,0,0,0,0,0,0
TF,RIXUD,-24.791506,-65.231992,0, ,0.0,0.0,0.0,0.0,2,8000,0,1,210,0,0,0
HM,RIXUD,-24.791506,-65.231992,1, ,0.0,0.0,216.0,04,2,9000,0,1,220,0,0,0,0

APPTR,R06,06,ESAKO
IF,ESAKO,-25.163761,-65.441042, ,0.0,0.0,2,8700,0,0,0,0,1,0
TF,AKSIR,-25.052372,-65.541731,0, ,0.0,0.0,0.0,0.0,2,8000,0,0,0,0,0,0
TF,MASVI,-25.000714,-65.588344,0, ,0.0,0.0,0.0,0.0,2,7000,0,1,180,0,1,0

APPTR,R06,06,ORAXO
IF,ORAXO,-25.062969,-65.363183, ,0.0,0.0,2,8700,0,0,0,0,1,0
TF,AKSIR,-25.052372,-65.541731,0, ,0.0,0.0,0.0,0.0,2,8000,0,0,0,0,0,0
TF,MASVI,-25.000714,-65.588344,0, ,0.0,0.0,0.0,0.0,2,7000,0,1,180,0,1,0

FINAL,R06,06,R,4
IF,MASVI,-25.000714,-65.588344, ,0.0,0.0,2,7000,0,1,180,0,0,0
RF,SA308,-24.936183,-65.587772,2,SAC30,45.9,3.0,2,6300,0,0,0,0,0,0
TF,REGEG,-24.910694,-65.564036,0, ,0.0,0.0,47.0,2.0,2,5700,0,0,0,0,2,0
TF,RW06,-24.858097,-65.489575,0, ,0.0,0.0,59.0,5.1,1,4118,0,0,0,0,3,1
CA,0,59.0,2,5000,0,0,0,0,0,0
DF,UKEXI,-24.908333,-65.414167,2, ,0.0,0.0,2,6000,0,1,185,0,0,0
TF,ESAKO,-25.163761,-65.441042,0, ,0.0,0.0,0.0,0.0,2,9000,0,0,0,0,0,1
HM,ESAKO,-25.163761,-65.441042,2, ,0.0,0.0,360.0,04,2,9000,0,1,210,0,0,0,0

