SID,ALGA2C,34,5
CF,SJ150,-24.310794,-65.149122,0,JUJ,338.0,5.8,340.0,4.9,2,5100,0,0,0,0,0,0
TF,SJ166,-24.310767,-65.240350,0, ,0.0,0.0,0.0,0.0,0,0,0,0,0,0,0,0
TF,SJ168,-24.462892,-65.272644,0, ,0.0,0.0,0.0,0.0,0,0,0,1,250,0,0,0
TF,SJ177,-24.569706,-65.297189,0, ,0.0,0.0,0.0,0.0,2,10000,0,0,0,0,0,0
TF,KIBOS,-24.662778,-65.318611,0, ,0.0,0.0,0.0,0.0,0,0,0,0,0,0,0,0
TF,SAL,-24.852267,-65.483928,0, ,0.0,0.0,0.0,0.0,2,12500,0,0,0,0,0,0
TF,ALGAR,-25.775000,-66.077222,0, ,0.0,0.0,0.0,0.0,0,0,0,0,0,0,0,0

SID,ALGA2G,16,5
CF,SJ410,-24.558081,-65.003108,0,JUJ,163.5,11.0,162.0,9.9,2,6000,0,0,0,0,0,0
TF,SJ279,-24.757828,-65.092722,0, ,0.0,0.0,0.0,0.0,2,10000,0,0,0,0,0,0
TF,SAL,-24.852267,-65.483928,0, ,0.0,0.0,0.0,0.0,2,14500,0,0,0,0,0,0
TF,ALGAR,-25.775000,-66.077222,0, ,0.0,0.0,0.0,0.0,0,0,0,0,0,0,0,0

SID,ASOD2C,34,5
CF,SJ150,-24.310794,-65.149122,0,JUJ,338.0,5.8,340.0,4.9,2,5100,0,0,0,0,0,0
TF,SJ166,-24.310767,-65.240350,0, ,0.0,0.0,0.0,0.0,0,0,0,0,0,0,0,0
TF,SJ168,-24.462892,-65.272644,0, ,0.0,0.0,0.0,0.0,0,0,0,1,250,0,0,0
TF,SJ169,-24.538589,-65.225553,0, ,0.0,0.0,0.0,0.0,2,10000,0,0,0,0,0,0
TF,SJ170,-24.692169,-65.129806,0, ,0.0,0.0,0.0,0.0,0,0,0,0,0,0,0,0
TF,SJ171,-24.795031,-65.065525,0, ,0.0,0.0,0.0,0.0,2,13000,0,0,0,0,0,0
TF,SJ172,-25.094417,-64.877717,0, ,0.0,0.0,0.0,0.0,0,0,0,0,0,0,0,0
TF,SJ173,-25.408467,-64.679556,0, ,0.0,0.0,0.0,0.0,0,0,0,0,0,0,0,0
TF,SJ175,-25.979858,-64.361925,0, ,0.0,0.0,0.0,0.0,0,0,0,0,0,0,0,0
TF,ASODO,-26.107839,-64.145022,0, ,0.0,0.0,0.0,0.0,0,0,0,0,0,0,0,0

SID,ASOD2G,16,5
CF,SJ410,-24.558081,-65.003108,0,JUJ,163.5,11.0,162.0,9.9,2,6000,0,0,0,0,0,0
TF,SJ278,-24.636808,-64.876733,0, ,0.0,0.0,0.0,0.0,2,8600,0,0,0,0,0,0
TF,SJ290,-25.000836,-64.678325,0, ,0.0,0.0,0.0,0.0,2,13500,0,0,0,0,0,0
TF,TEGAV,-25.220833,-64.557778,0, ,0.0,0.0,0.0,0.0,0,0,0,0,0,0,0,0
TF,ASODO,-26.107839,-64.145022,0, ,0.0,0.0,0.0,0.0,0,0,0,0,0,0,0,0

SID,KOVA2C,34,5
CF,SJ150,-24.310794,-65.149122,0,JUJ,338.0,5.8,340.0,4.9,2,5100,0,0,0,0,0,0
TF,SJ166,-24.310767,-65.240350,0, ,0.0,0.0,0.0,0.0,0,0,0,0,0,0,0,0
TF,SJ168,-24.462892,-65.272644,0, ,0.0,0.0,0.0,0.0,0,0,0,1,250,0,0,0
TF,SJ020,-24.462478,-64.951889,1, ,0.0,0.0,0.0,0.0,2,14000,0,0,0,0,0,0
TF,MIMEX,-24.462500,-64.577778,0, ,0.0,0.0,0.0,0.0,0,0,0,0,0,0,0,0
TF,KOVAT,-24.479186,-64.451161,0, ,0.0,0.0,0.0,0.0,0,0,0,0,0,0,0,0

SID,MIME2G,16,5
CF,SJ410,-24.558081,-65.003108,0,JUJ,163.5,11.0,162.0,9.9,2,6000,0,0,0,0,0,0
TF,SJ418,-24.531408,-64.883806,0, ,0.0,0.0,0.0,0.0,0,0,0,1,240,0,0,0
TF,MIMEX,-24.462500,-64.577778,0, ,0.0,0.0,0.0,0.0,0,0,0,0,0,0,0,0

SID,MOXA2C,34,5
CF,SJ150,-24.310794,-65.149122,0,JUJ,338.0,5.8,340.0,4.9,2,5100,0,0,0,0,0,0
TF,SJ151,-24.246825,-65.189108,0, ,0.0,0.0,0.0,0.0,2,6500,0,0,0,0,0,0
TF,SJ152,-24.129561,-65.145767,0, ,0.0,0.0,0.0,0.0,0,0,0,1,240,0,0,0
CF,MOXAT,-24.101389,-64.916667,0,JUJ,39.0,20.0,90.0,12.7,0,0,0,0,0,0,0,0

SID,MOXA2G,16,5
CF,SJ410,-24.558081,-65.003108,0,JUJ,163.5,11.0,162.0,9.9,2,6000,0,0,0,0,0,0
TF,SJ418,-24.531408,-64.883806,0, ,0.0,0.0,0.0,0.0,0,0,0,1,240,0,0,0
TF,MOXAT,-24.101389,-64.916667,0, ,0.0,0.0,0.0,0.0,0,0,0,0,0,0,0,0

SID,PONP2C,34,5
CF,SJ150,-24.310794,-65.149122,0,JUJ,338.0,5.8,340.0,4.9,2,5100,0,0,0,0,0,0
TF,SJ166,-24.310767,-65.240350,0, ,0.0,0.0,0.0,0.0,0,0,0,0,0,0,0,0
TF,SJ168,-24.462892,-65.272644,0, ,0.0,0.0,0.0,0.0,0,0,0,1,250,0,0,0
TF,SJ169,-24.538589,-65.225553,0, ,0.0,0.0,0.0,0.0,2,10000,0,0,0,0,0,0
TF,SJ170,-24.692169,-65.129806,0, ,0.0,0.0,0.0,0.0,0,0,0,0,0,0,0,0
TF,PONPI,-25.756111,-65.315278,0, ,0.0,0.0,0.0,0.0,0,0,0,0,0,0,0,0

SID,PONP2G,16,5
CF,SJ410,-24.558081,-65.003108,0,JUJ,163.5,11.0,162.0,9.9,2,6000,0,0,0,0,0,0
TF,SJ279,-24.757828,-65.092722,0, ,0.0,0.0,0.0,0.0,2,10000,0,0,0,0,0,0
TF,SJ291,-25.166153,-65.183733,0, ,0.0,0.0,0.0,0.0,2,15000,0,0,0,0,0,0
TF,PONPI,-25.756111,-65.315278,0, ,0.0,0.0,0.0,0.0,0,0,0,0,0,0,0,0

SID,SA662C,34,5
CF,SJ150,-24.310794,-65.149122,0,JUJ,338.0,5.8,340.0,4.9,2,5100,0,0,0,0,0,0
TF,SJ166,-24.310767,-65.240350,0, ,0.0,0.0,0.0,0.0,0,0,0,0,0,0,0,0
TF,SJ168,-24.462892,-65.272644,0, ,0.0,0.0,0.0,0.0,0,0,0,1,250,0,0,0
TF,SJ177,-24.569706,-65.297189,0, ,0.0,0.0,0.0,0.0,2,10000,0,0,0,0,0,0
TF,KIBOS,-24.662778,-65.318611,0, ,0.0,0.0,0.0,0.0,0,0,0,0,0,0,0,0
TF,SA668,-24.906156,-65.299572,0, ,0.0,0.0,0.0,0.0,2,10000,0,0,0,0,0,0

SID,SA662G,16,5
CF,SJ410,-24.558081,-65.003108,0,JUJ,163.5,11.0,162.0,9.9,2,6000,0,0,0,0,0,0
TF,SJ279,-24.757828,-65.092722,0, ,0.0,0.0,0.0,0.0,2,10000,0,0,0,0,0,0
TF,SA668,-24.906156,-65.299572,0, ,0.0,0.0,0.0,0.0,0,0,0,0,0,0,0,0

SID,TEGA2C,34,5
CF,SJ150,-24.310794,-65.149122,0,JUJ,338.0,5.8,340.0,4.9,2,5100,0,0,0,0,0,0
TF,SJ166,-24.310767,-65.240350,0, ,0.0,0.0,0.0,0.0,0,0,0,0,0,0,0,0
TF,SJ168,-24.462892,-65.272644,0, ,0.0,0.0,0.0,0.0,0,0,0,1,250,0,0,0
TF,SJ169,-24.538589,-65.225553,0, ,0.0,0.0,0.0,0.0,2,10000,0,0,0,0,0,0
TF,SJ170,-24.692169,-65.129806,0, ,0.0,0.0,0.0,0.0,0,0,0,0,0,0,0,0
TF,SJ171,-24.795031,-65.065525,0, ,0.0,0.0,0.0,0.0,2,13000,0,0,0,0,0,0
TF,SJ172,-25.094417,-64.877717,0, ,0.0,0.0,0.0,0.0,0,0,0,0,0,0,0,0
TF,TEGAV,-25.220833,-64.557778,0, ,0.0,0.0,0.0,0.0,0,0,0,0,0,0,0,0

SID,TEGA2G,16,5
CF,SJ410,-24.558081,-65.003108,0,JUJ,163.5,11.0,162.0,9.9,2,6000,0,0,0,0,0,0
TF,SJ278,-24.636808,-64.876733,0, ,0.0,0.0,0.0,0.0,2,8600,0,0,0,0,0,0
TF,SJ290,-25.000836,-64.678325,0, ,0.0,0.0,0.0,0.0,2,13500,0,0,0,0,0,0
TF,TEGAV,-25.220833,-64.557778,0, ,0.0,0.0,0.0,0.0,0,0,0,0,0,0,0,0

STAR,ALGA2Q,34,5
IF,ALGAR,-25.775000,-66.077222, ,0.0,0.0,0,0,0,0,0,0,0,0
TF,EDLUM,-25.646289,-65.993822,0, ,0.0,0.0,0.0,0.0,2,25000,0,0,0,0,0,0
TF,SJ285,-25.357772,-65.807633,0, ,0.0,0.0,0.0,0.0,2,14000,0,0,0,0,0,0
TF,SJ286,-25.069008,-65.622328,0, ,0.0,0.0,0.0,0.0,2,13000,0,0,0,0,0,0
TF,SAL,-24.852267,-65.483928,0, ,0.0,0.0,0.0,0.0,2,10000,0,0,0,0,0,0
TF,SJ021,-24.729022,-65.274244,0, ,0.0,0.0,0.0,0.0,2,8000,0,0,0,0,0,0
TF,GIGPO,-24.662728,-65.054917,0, ,0.0,0.0,0.0,0.0,2,7000,0,0,0,0,0,0

STAR,ALGA2U,16,5
IF,ALGAR,-25.775000,-66.077222, ,0.0,0.0,0,0,0,0,0,0,0,0
TF,EDLUM,-25.646289,-65.993822,0, ,0.0,0.0,0.0,0.0,2,25000,0,0,0,0,0,0
TF,SJ285,-25.357772,-65.807633,0, ,0.0,0.0,0.0,0.0,2,14000,0,0,0,0,0,0
TF,SJ286,-25.069008,-65.622328,0, ,0.0,0.0,0.0,0.0,2,13000,0,0,0,0,0,0
TF,SAL,-24.852267,-65.483928,0, ,0.0,0.0,0.0,0.0,2,10000,0,0,0,0,0,0
TF,SJ279,-24.757828,-65.092722,0, ,0.0,0.0,0.0,0.0,0,0,0,0,0,0,0,0
TF,SISEV,-24.362083,-65.340456,1, ,0.0,0.0,0.0,0.0,2,8200,0,0,0,0,0,0

STAR,ASOD2Q,34,5
IF,ASODO,-26.107839,-64.145022, ,0.0,0.0,0,0,0,0,0,0,0,0
TF,SJ017,-25.975744,-64.137097,0, ,0.0,0.0,0.0,0.0,2,25000,0,0,0,0,0,0
TF,TEGAV,-25.220833,-64.557778,0, ,0.0,0.0,0.0,0.0,2,16000,0,0,0,0,0,0
TF,SJ018,-24.734944,-64.899944,0, ,0.0,0.0,0.0,0.0,2,8500,0,0,0,0,0,0
TF,SULVU,-24.692697,-64.929542,0, ,0.0,0.0,0.0,0.0,2,7300,0,0,0,0,0,0

STAR,ASOD2U,16,5
IF,ASODO,-26.107839,-64.145022, ,0.0,0.0,0,0,0,0,0,0,0,0
TF,SJ282,-25.409714,-64.680594,0, ,0.0,0.0,0.0,0.0,2,16000,0,0,0,0,0,0
TF,SJ283,-25.092908,-64.881519,0, ,0.0,0.0,0.0,0.0,2,10000,0,0,0,0,0,0
TF,SJ279,-24.757828,-65.092722,0, ,0.0,0.0,0.0,0.0,0,0,0,0,0,0,0,0
TF,SISEV,-24.362083,-65.340456,0, ,0.0,0.0,0.0,0.0,2,8200,0,0,0,0,0,0

STAR,ILPA2Q,34,5
IF,ILPAR,-25.699444,-65.092500, ,0.0,0.0,0,0,0,0,0,0,0,0
TF,SJ022,-25.366753,-65.048417,0, ,0.0,0.0,0.0,0.0,2,12000,0,0,0,0,0,0
TF,SJ019,-25.030106,-64.996006,0, ,0.0,0.0,0.0,0.0,4,13000,10000,0,0,0,0,0
TF,SULVU,-24.692697,-64.929542,0, ,0.0,0.0,0.0,0.0,2,7300,0,0,0,0,0,0

STAR,ILPA2U,16,5
IF,ILPAR,-25.699444,-65.092500, ,0.0,0.0,0,0,0,0,0,0,0,0
TF,SJ283,-25.092908,-64.881519,0, ,0.0,0.0,0.0,0.0,2,10000,0,0,0,0,0,0
TF,SJ279,-24.757828,-65.092722,0, ,0.0,0.0,0.0,0.0,0,0,0,0,0,0,0,0
TF,SISEV,-24.362083,-65.340456,0, ,0.0,0.0,0.0,0.0,2,8200,0,0,0,0,0,0

STAR,KOVA2Q,34,5
IF,KOVAT,-24.479186,-64.451161, ,0.0,0.0,0,0,0,0,0,0,0,0
TF,MIMEX,-24.462500,-64.577778,0, ,0.0,0.0,0.0,0.0,2,12000,0,0,0,0,0,0
TF,SJ016,-24.504717,-64.745869,0, ,0.0,0.0,0.0,0.0,2,9000,0,0,0,0,0,0
TF,MUNON,-24.562736,-64.864647,0, ,0.0,0.0,0.0,0.0,2,7000,0,0,0,0,0,0

STAR,KOVA2U,16,5
IF,KOVAT,-24.479186,-64.451161, ,0.0,0.0,0,0,0,0,0,0,0,0
TF,MIMEX,-24.462500,-64.577778,0, ,0.0,0.0,0.0,0.0,2,13000,0,0,0,0,0,0
TF,SJ277,-24.591692,-64.796464,0, ,0.0,0.0,0.0,0.0,2,9000,0,0,0,0,0,0
TF,SJ278,-24.636808,-64.876733,0, ,0.0,0.0,0.0,0.0,0,0,0,0,0,0,0,0
TF,SJ279,-24.757828,-65.092722,0, ,0.0,0.0,0.0,0.0,0,0,0,0,0,0,0,0
TF,SISEV,-24.362083,-65.340456,2, ,0.0,0.0,0.0,0.0,2,8200,0,0,0,0,0,0

STAR,MOXA2Q,34,5
IF,MOXAT,-24.101389,-64.916667, ,0.0,0.0,0,0,0,0,0,0,0,0
TF,OGNAX,-24.385697,-64.893564,0, ,0.0,0.0,0.0,0.0,2,9000,0,0,0,0,0,0
TF,MUNON,-24.562736,-64.864647,0, ,0.0,0.0,0.0,0.0,2,7000,0,0,0,0,0,0

STAR,MOXA2U,16,5
IF,MOXAT,-24.101389,-64.916667, ,0.0,0.0,0,0,0,0,0,0,0,0
TF,OGNAX,-24.385697,-64.893564,0, ,0.0,0.0,0.0,0.0,2,9000,0,0,0,0,0,0
TF,SJ278,-24.636808,-64.876733,0, ,0.0,0.0,0.0,0.0,0,0,0,0,0,0,0,0
TF,SJ279,-24.757828,-65.092722,0, ,0.0,0.0,0.0,0.0,0,0,0,0,0,0,0,0
TF,SISEV,-24.362083,-65.340456,2, ,0.0,0.0,0.0,0.0,2,8200,0,0,0,0,0,0

STAR,TEGA2Q,34,5
IF,TEGAV,-25.220833,-64.557778, ,0.0,0.0,2,16000,0,0,0,0,0,0
TF,SJ018,-24.734944,-64.899944,0, ,0.0,0.0,0.0,0.0,2,8500,0,0,0,0,0,0
TF,SULVU,-24.692697,-64.929542,0, ,0.0,0.0,0.0,0.0,2,7300,0,0,0,0,0,0

STAR,TEGA2U,16,5
IF,TEGAV,-25.220833,-64.557778, ,0.0,0.0,2,16000,0,0,0,0,0,0
TF,SJ283,-25.092908,-64.881519,0, ,0.0,0.0,0.0,0.0,2,10000,0,0,0,0,0,0
TF,SJ279,-24.757828,-65.092722,0, ,0.0,0.0,0.0,0.0,0,0,0,0,0,0,0,0
TF,SISEV,-24.362083,-65.340456,0, ,0.0,0.0,0.0,0.0,2,8200,0,0,0,0,0,0

APPTR,D34-Z,34,D106O
IF,D106O,-24.419469,-64.820389, ,0.0,0.0,0,0,0,0,0,0,1,0
AF,CS34,-24.614889,-64.964011,2,JUJ,162.0,15.0,106.0,2,5600,0,0,0,0,1,0

APPTR,D34-Z,34,D188O
IF,D188O,-24.644147,-65.083228, ,0.0,0.0,2,8000,0,0,0,0,1,0
AF,CS34,-24.614889,-64.964011,1,JUJ,162.0,15.0,188.0,2,5600,0,0,0,0,1,0

APPTR,D34-Z,34,D226O
IF,D226O,-24.596317,-65.254033, ,0.0,0.0,0,0,0,0,0,0,1,0
AF,D188O,-24.644147,-65.083228,1,JUJ,188.0,15.0,226.0,2,8000,0,0,0,0,0,0
AF,CS34,-24.614889,-64.964011,1,JUJ,162.0,15.0,188.0,2,5600,0,0,0,0,1,0

APPTR,D34-Z,34,JUJ
IF,JUJ,-24.393500,-65.092806, ,0.0,0.0,0,0,0,1,190,0,1,0
FD,JUJ,-24.393500,-65.092806,0,JUJ,0.0,15.0,174.0,15.0,0,0,0,0,0,0,0,0
CF,CS34,-24.614889,-64.964011,1,JUJ,162.0,15.0,342.0,1.0,2,5600,0,0,0,0,1,0

APPTR,D34-Z,34,SULVU
IF,SULVU,-24.692697,-64.929542, ,0.0,0.0,2,7700,0,0,0,0,1,0
CF,CS34,-24.614889,-64.964011,0,JUJ,162.0,15.0,342.0,5.0,2,5600,0,0,0,0,1,0

FINAL,D34-Z,34,D,3
IF,CS34,-24.614889,-64.964011,JUJ,162.0,15.0,2,5600,0,0,0,0,0,0
CF,FS34Z,-24.524872,-65.016442,0,JUJ,162.0,8.9,342.0,6.1,2,5600,0,0,0,0,2,0
CF,MS34,-24.412692,-65.081661,0,JUJ,162.0,1.3,342.0,7.6,1,3173,0,0,0,0,3,0
CF,JUJ,-24.393500,-65.092806,0,JUJ,0.0,0.0,342.0,1.3,0,0,0,0,0,0,0,0
CA,0,326.0,2,6500,0,0,0,0,0,0
DF,JUJ,-24.393500,-65.092806,2, ,0.0,0.0,2,9200,0,1,200,0,0,0
HM,JUJ,-24.393500,-65.092806,2, ,0.0,0.0,155.0,04.3,0,0,0,1,210,0,0,0,0

APPTR,I34-Y,34,D108O
IF,D108O,-24.428161,-64.821536, ,0.0,0.0,2,11000,0,0,0,0,1,0
AF,D152O,-24.591039,-64.923936,2,JUJ,152.0,15.0,108.0,2,5600,0,0,0,0,0,0
VI,0,JU,0.0,310.0,0,0,0,0,0,0,0,0

APPTR,I34-Y,34,D190O
IF,D190O,-24.644300,-65.092806, ,0.0,0.0,2,8000,0,0,0,0,1,0
AF,D170O,-24.629147,-64.998964,1,JUJ,170.0,15.0,190.0,2,5600,0,0,0,0,0,0
VI,0,JU,0.0,10.0,0,0,0,0,0,0,0,0

APPTR,I34-Y,34,D228O
IF,D228O,-24.591039,-65.261672, ,0.0,0.0,2,11000,0,0,0,0,1,0
AF,D190O,-24.644300,-65.092806,1,JUJ,190.0,15.0,228.0,2,8000,0,0,0,0,0,0
AF,D170O,-24.629147,-64.998964,1,JUJ,170.0,15.0,190.0,2,5600,0,0,0,0,0,0
VI,0,JU,0.0,10.0,0,0,0,0,0,0,0,0

APPTR,I34-Y,34,JUJ
IF,JUJ,-24.393500,-65.092806, ,0.0,0.0,2,11000,0,1,190,0,1,0
FD,JUJ,-24.393500,-65.092806,0,JUJ,0.0,15.2,173.0,15.2,0,0,0,0,0,0,0,0
CF,LUVLA,-24.612764,-64.959744,1,JU,160.2,16.2,340.0,1.0,2,5600,0,0,0,0,1,0

APPTR,I34-Y,34,SULVU
IF,SULVU,-24.692697,-64.929542, ,0.0,0.0,2,7700,0,0,0,0,1,0
FC,SULVU,-24.692697,-64.929542,0,JUJ,0.0,0.0,344.0,1.1,0,0,0,0,0,0,0,0
CF,LUVLA,-24.612764,-64.959744,0,JU,160.2,16.2,353.0,4.0,2,5600,0,0,0,0,1,0

FINAL,I34-Y,34,I,3
IF,LUVLA,-24.612764,-64.959744,JU,160.2,16.2,2,5600,0,0,0,0,0,0
CF,FF34,-24.524678,-65.015089,0,JU,160.2,10.1,340.0,6.1,1,5600,0,0,0,0,2,0
CF,RW34,-24.404281,-65.090603,0,JU,160.2,1.8,340.0,8.3,1,2956,0,0,0,0,3,0
VA,0,340.0,2,4700,0,0,0,0,0,0
CF,SJ398,-24.224975,-65.256675,0,JUJ,328.3,13.5,328.0,11.0,2,6500,0,0,0,0,0,1
DF,JUJ,-24.393500,-65.092806,2, ,0.0,0.0,2,9200,0,1,200,0,0,0
HM,JUJ,-24.393500,-65.092806,2, ,0.0,0.0,157.0,04.3,2,11000,0,1,210,0,0,0,0

APPTR,I34-Z,34,GIGPO
IF,GIGPO,-24.662728,-65.054917, ,0.0,0.0,2,7000,0,1,220,0,1,0
TF,LUVLA,-24.612764,-64.959744,0,JU,0.0,0.0,0.0,0.0,2,5600,0,1,180,0,1,0

APPTR,I34-Z,34,MUNON
IF,MUNON,-24.562736,-64.864647, ,0.0,0.0,2,7000,0,1,220,0,1,0
TF,LUVLA,-24.612764,-64.959744,0,JU,0.0,0.0,0.0,0.0,2,5600,0,1,180,0,1,0

APPTR,I34-Z,34,SULVU
IF,SULVU,-24.692697,-64.929542, ,0.0,0.0,2,7300,0,1,220,0,1,0
TF,LUVLA,-24.612764,-64.959744,0,JU,0.0,0.0,0.0,0.0,2,5600,0,1,180,0,1,0

FINAL,I34-Z,34,I,3
IF,LUVLA,-24.612764,-64.959744,JU,160.2,16.2,2,5600,0,1,180,0,0,0
CF,FF34,-24.524678,-65.015089,0,JU,160.2,10.1,340.0,6.1,1,5600,0,0,0,0,2,1
CF,RW34,-24.404281,-65.090603,0,JU,160.2,1.8,340.0,8.3,1,2956,0,0,0,0,3,1
CF,SJ210,-24.279697,-65.168553,0,JUJ,338.6,8.0,340.0,8.6,2,5300,0,0,0,0,0,1
TF,SJ398,-24.224975,-65.256675,0, ,0.0,0.0,0.0,0.0,2,6100,0,0,0,0,0,1
DF,JUJ,-24.393500,-65.092806,2, ,0.0,0.0,2,9200,0,1,200,0,0,0
HM,JUJ,-24.393500,-65.092806,2, ,0.0,0.0,157.0,04,2,11000,0,1,210,0,0,0,0

APPTR,L34-Y,34,D108O
IF,D108O,-24.428161,-64.821536, ,0.0,0.0,2,11000,0,0,0,0,1,0
AF,D152O,-24.591039,-64.923936,2,JUJ,152.0,15.0,108.0,2,5600,0,0,0,0,0,0
VI,0,JU,0.0,310.0,0,0,0,0,0,0,0,0

APPTR,L34-Y,34,D190O
IF,D190O,-24.644300,-65.092806, ,0.0,0.0,2,8000,0,0,0,0,1,0
AF,D170O,-24.629147,-64.998964,1,JUJ,170.0,15.0,190.0,2,5600,0,0,0,0,0,0
VI,0,JU,0.0,10.0,0,0,0,0,0,0,0,0

APPTR,L34-Y,34,D228O
IF,D228O,-24.591039,-65.261672, ,0.0,0.0,2,11000,0,0,0,0,1,0
AF,D190O,-24.644300,-65.092806,1,JUJ,190.0,15.0,228.0,2,8000,0,0,0,0,0,0
AF,D170O,-24.629147,-64.998964,1,JUJ,170.0,15.0,190.0,2,5600,0,0,0,0,0,0
VI,0,JU,0.0,10.0,0,0,0,0,0,0,0,0

APPTR,L34-Y,34,JUJ
IF,JUJ,-24.393500,-65.092806, ,0.0,0.0,2,11000,0,1,190,0,1,0
FD,JUJ,-24.393500,-65.092806,0,JUJ,0.0,15.2,173.0,15.2,0,0,0,0,0,0,0,0
CF,LUVLA,-24.612764,-64.959744,1,JU,160.2,16.2,340.0,1.0,2,5600,0,0,0,0,1,0

APPTR,L34-Y,34,SULVU
IF,SULVU,-24.692697,-64.929542, ,0.0,0.0,2,7700,0,0,0,0,1,0
FC,SULVU,-24.692697,-64.929542,0,JUJ,0.0,0.0,344.0,1.1,0,0,0,0,0,0,0,0
CF,LUVLA,-24.612764,-64.959744,0,JU,160.2,16.2,353.0,4.0,2,5600,0,0,0,0,1,0

FINAL,L34-Y,34,D,3
IF,LUVLA,-24.612764,-64.959744,JU,160.2,16.2,2,5600,0,0,0,0,0,0
CF,FF34,-24.524678,-65.015089,0,JU,160.2,10.1,340.0,6.1,2,5600,0,0,0,0,2,0
CF,MA34,-24.417281,-65.082453,0,JU,160.2,2.7,340.0,7.4,1,3242,0,0,0,0,3,0
VA,0,340.0,2,4700,0,0,0,0,0,0
CF,SJ398,-24.224975,-65.256675,0,JUJ,328.3,13.5,328.0,13.0,2,6500,0,0,0,0,0,1
DF,JUJ,-24.393500,-65.092806,2, ,0.0,0.0,2,9200,0,1,200,0,0,0
HM,JUJ,-24.393500,-65.092806,2, ,0.0,0.0,157.0,04.3,2,11000,0,1,210,0,0,0,0

APPTR,R16,16,SISEV
IF,SISEV,-24.362083,-65.340456, ,0.0,0.0,2,8200,0,1,220,0,1,0
TF,SJ059,-24.233061,-65.381575,0, ,0.0,0.0,0.0,0.0,0,0,0,0,0,0,0,0
TF,SJ060,-24.200492,-65.379592,0, ,0.0,0.0,0.0,0.0,0,0,0,0,0,0,0,0
TF,SJ061,-24.184700,-65.303903,0, ,0.0,0.0,0.0,0.0,2,8200,0,0,0,0,0,0
TF,SJ062,-24.223214,-65.230153,0, ,0.0,0.0,0.0,0.0,2,6800,0,0,0,0,0,0
TF,SJ063,-24.237025,-65.212139,0, ,0.0,0.0,0.0,0.0,2,6300,0,0,0,0,0,0
TF,PUBTI,-24.261883,-65.179700,0, ,0.0,0.0,0.0,0.0,2,5400,0,1,180,0,1,0

FINAL,R16,16,R,6
IF,PUBTI,-24.261883,-65.179700, ,0.0,0.0,2,5400,0,1,180,0,0,0
TF,SJ065,-24.283644,-65.166100,0, ,0.0,0.0,160.0,1.5,2,4900,0,0,0,0,0,0
TF,PANUX,-24.305472,-65.152450,0, ,0.0,0.0,160.0,1.5,2,4900,0,0,0,0,2,0
TF,SJ067,-24.341903,-65.129661,0, ,0.0,0.0,160.0,2.5,2,4020,0,0,0,0,0,0
TF,SJ068,-24.356803,-65.120336,0, ,0.0,0.0,160.0,1.0,2,3660,0,0,0,0,0,0
TF,RW16,-24.381225,-65.105044,0, ,0.0,0.0,160.0,1.7,1,3070,0,0,0,0,3,1
CF,SJ069,-24.453736,-65.059603,0,JUJ,163.2,4.0,160.0,5.0,0,0,0,0,0,0,0,0
TF,SJ070,-24.630456,-64.948603,0, ,0.0,0.0,0.0,0.0,0,0,0,0,0,0,0,0
TF,SJ071,-24.547758,-64.791553,0, ,0.0,0.0,0.0,0.0,0,0,0,1,220,0,0,0
TF,OGNAX,-24.385697,-64.893564,0, ,0.0,0.0,0.0,0.0,2,9000,0,0,0,0,0,0
HM,OGNAX,-24.385697,-64.893564,1, ,0.0,0.0,186.0,04,2,9000,0,1,220,0,0,0,0

APPTR,R34,34,GIGPO
IF,GIGPO,-24.662728,-65.054917, ,0.0,0.0,2,7000,0,1,220,0,1,0
TF,LUVLA,-24.612764,-64.959744,0, ,0.0,0.0,0.0,0.0,2,5600,0,1,180,0,1,0

APPTR,R34,34,MUNON
IF,MUNON,-24.562736,-64.864647, ,0.0,0.0,2,7000,0,1,220,0,1,0
TF,LUVLA,-24.612764,-64.959744,0, ,0.0,0.0,0.0,0.0,2,5600,0,1,180,0,1,0

APPTR,R34,34,SULVU
IF,SULVU,-24.692697,-64.929542, ,0.0,0.0,2,7300,0,1,220,0,1,0
TF,LUVLA,-24.612764,-64.959744,0, ,0.0,0.0,0.0,0.0,2,5600,0,1,180,0,1,0

FINAL,R34,34,R,3
IF,LUVLA,-24.612764,-64.959744, ,0.0,0.0,2,5600,0,1,180,0,0,0
TF,ASBEL,-24.524767,-65.015033,0, ,0.0,0.0,339.0,6.1,2,5600,0,0,0,0,2,0
TF,RW34,-24.404281,-65.090603,0, ,0.0,0.0,339.0,8.3,1,2954,0,0,0,0,3,1
CF,SJ210,-24.279697,-65.168553,0,ORU,172.5,391.5,339.0,8.6,2,5300,0,1,200,0,0,1
TF,SJ398,-24.224975,-65.256675,0, ,0.0,0.0,0.0,0.0,2,6100,0,1,200,0,0,1
DF,JUJ,-24.393500,-65.092806,2, ,0.0,0.0,2,9200,0,1,200,0,0,1
HM,JUJ,-24.393500,-65.092806,2, ,0.0,0.0,155.0,04,2,11000,0,1,210,0,0,0,0

