APPTR,I23-Z,23,D043S
IF,D043S,-42.683000,-70.771381, ,0.0,0.0,2,8300,0,0,0,0,1,0
TF,D043N,-42.736797,-70.857722,0, ,0.0,0.0,0.0,0.0,2,7000,0,0,0,0,0,0
TF,CI23,-42.793631,-70.904497,0,ES,0.0,0.0,0.0,0.0,2,6300,0,0,0,0,1,0

FINAL,I23-Z,23,I,3
IF,CI23,-42.793631,-70.904497,ES,50.1,13.0,2,6300,0,0,0,0,0,0
CF,FI23Z,-42.841808,-71.005108,0,ES,50.2,7.7,230.0,5.3,1,4600,0,0,0,0,2,0
CF,RW23,-42.897956,-71.123217,0,ES,50.1,1.5,230.0,6.2,1,2612,0,0,0,0,3,0
FD,RW23,-42.897956,-71.123217,0,ESQ,230.2,2.4,230.0,2.4,0,0,0,0,0,0,0,0
CI,1, ,0.0,135.0,0,0,0,1,210,0,0,0
FM,ESQ,-42.887083,-71.100278,0,ESQ,0.0,0.0,165.0,0,0,0,0,0,0,0,0

APPTR,R23-Y,23,ANSOT
IF,ANSOT,-42.649514,-70.957717, ,0.0,0.0,2,8300,0,1,220,0,1,0
TF,TEPUB,-42.778844,-70.873792,0, ,0.0,0.0,0.0,0.0,2,5700,0,1,185,0,1,0

APPTR,R23-Y,23,GEBUS
IF,GEBUS,-42.705978,-70.722236, ,0.0,0.0,2,8300,0,1,220,0,1,0
TF,TEPUB,-42.778844,-70.873792,0, ,0.0,0.0,0.0,0.0,2,5700,0,1,185,0,1,0

FINAL,R23-Y,23,R,3
IF,TEPUB,-42.778844,-70.873792, ,0.0,0.0,2,5700,0,1,185,0,0,0
TF,GIMBI,-42.824281,-70.968694,0, ,0.0,0.0,230.0,5.0,2,5200,0,0,0,0,2,0
TF,VE070,-42.879253,-71.083914,0, ,0.0,0.0,230.0,6.0,1,3270,0,0,0,0,3,1
CF,NIRKA,-43.112442,-71.061653,0,BAR,170.3,118.4,165.0,14.0,2,7200,0,1,185,0,0,1
HM,NIRKA,-43.112442,-71.061653,2, ,0.0,0.0,345.0,04,2,8300,0,1,220,0,0,0,0

APPTR,R23-Z,23,ANSOT
IF,ANSOT,-42.649514,-70.957717, ,0.0,0.0,2,8300,0,1,220,0,1,0
TF,TEPUB,-42.778844,-70.873792,0, ,0.0,0.0,0.0,0.0,2,5700,0,1,185,0,1,0

APPTR,R23-Z,23,GEBUS
IF,GEBUS,-42.705978,-70.722236, ,0.0,0.0,2,8300,0,1,220,0,1,0
TF,TEPUB,-42.778844,-70.873792,0, ,0.0,0.0,0.0,0.0,2,5700,0,1,185,0,1,0

FINAL,R23-Z,23,R,3
IF,TEPUB,-42.778844,-70.873792, ,0.0,0.0,2,5700,0,1,185,0,0,0
TF,GIMBI,-42.824281,-70.968694,0, ,0.0,0.0,230.0,5.0,2,5200,0,0,0,0,2,0
TF,RW23,-42.897956,-71.123217,0, ,0.0,0.0,230.0,8.1,1,2612,0,0,0,0,3,1
CF,NIRKA,-43.112442,-71.061653,0,BAR,170.3,118.4,165.0,13.1,2,7200,0,1,185,0,0,1
HM,NIRKA,-43.112442,-71.061653,2, ,0.0,0.0,345.0,04,2,8300,0,1,220,0,0,0,0

