SID,BOKU2C,25,5
CF,WC043,-50.292700,-72.265158,0,ECA,251.1,8.5,252.0,7.5,0,0,0,0,0,0,0,0
TF,WC044,-50.180331,-72.303531,0, ,0.0,0.0,0.0,0.0,0,0,0,1,250,0,0,0
TF,WC904,-49.922769,-71.947964,0, ,0.0,0.0,0.0,0.0,2,11000,0,0,0,0,0,0
TF,WC014,-49.552672,-71.446183,0, ,0.0,0.0,0.0,0.0,0,0,0,0,0,0,0,0
TF,WC302,-49.097839,-70.946517,0, ,0.0,0.0,0.0,0.0,0,0,0,0,0,0,0,0
TF,WC045,-48.716564,-70.536011,0, ,0.0,0.0,0.0,0.0,0,0,0,0,0,0,0,0
TF,BOKUK,-48.446389,-70.036111,0, ,0.0,0.0,0.0,0.0,0,0,0,0,0,0,0,0

SID,BOKU2G,07,5
CF,WC029,-50.273739,-71.944875,0,ECA,72.9,3.9,72.0,3.5,0,0,0,0,0,0,0,1
TF,WC049,-50.045064,-71.964353,0, ,0.0,0.0,0.0,0.0,0,0,0,1,250,0,0,0
TF,WC979,-49.829750,-71.736169,0, ,0.0,0.0,0.0,0.0,2,10000,0,0,0,0,0,0
TF,WC014,-49.552672,-71.446183,0, ,0.0,0.0,0.0,0.0,0,0,0,0,0,0,0,0
TF,WC302,-49.097839,-70.946517,0, ,0.0,0.0,0.0,0.0,0,0,0,0,0,0,0,0
TF,WC045,-48.716564,-70.536011,0, ,0.0,0.0,0.0,0.0,0,0,0,0,0,0,0,0
TF,BOKUK,-48.446389,-70.036111,0, ,0.0,0.0,0.0,0.0,0,0,0,0,0,0,0,0

SID,DEVI2D,25,5
CF,WC043,-50.292700,-72.265158,0,PWL,314.8,326.1,253.0,7.5,2,2700,0,0,0,0,0,0
TF,WC011,-50.300844,-72.407547,0, ,0.0,0.0,0.0,0.0,2,4700,0,0,0,0,0,0
TF,PAGID,-50.407322,-72.506736,0, ,0.0,0.0,0.0,0.0,2,7000,0,1,250,0,0,0
TF,WC051,-50.534600,-71.918019,1, ,0.0,0.0,0.0,0.0,2,12000,0,0,0,0,0,0
TF,WC012,-50.566181,-71.769275,0, ,0.0,0.0,0.0,0.0,0,0,0,0,0,0,0,0
TF,PUNGI,-51.019875,-70.950747,0, ,0.0,0.0,0.0,0.0,0,0,0,0,0,0,0,0
TF,DEVIS,-51.055278,-70.497222,0, ,0.0,0.0,0.0,0.0,0,0,0,0,0,0,0,0

SID,DEVI2H,07,5
CF,WC029,-50.273739,-71.944875,0,PWL,316.8,321.2,73.0,3.5,0,0,0,0,0,0,0,1
TF,ISAXO,-50.262600,-71.763867,0, ,0.0,0.0,0.0,0.0,0,0,0,0,0,0,0,0
TF,ESNAM,-50.252822,-71.608706,0, ,0.0,0.0,0.0,0.0,4,7000,4000,0,0,0,0,0
TF,WC304,-50.500711,-71.187042,0, ,0.0,0.0,0.0,0.0,0,0,0,0,0,0,0,0
TF,WC047,-50.747011,-70.760889,0, ,0.0,0.0,0.0,0.0,0,0,0,0,0,0,0,0
TF,DEVIS,-51.055278,-70.497222,0, ,0.0,0.0,0.0,0.0,0,0,0,0,0,0,0,0

SID,KIBA2C,25,5
CF,WC043,-50.292700,-72.265158,0,PWL,314.8,326.1,253.0,7.5,2,2700,0,0,0,0,0,0
TF,WC011,-50.300844,-72.407547,0, ,0.0,0.0,0.0,0.0,2,4700,0,0,0,0,0,0
TF,PAGID,-50.407322,-72.506736,0, ,0.0,0.0,0.0,0.0,2,7000,0,1,250,0,0,0
TF,KIBAR,-50.591111,-71.433056,1, ,0.0,0.0,0.0,0.0,0,0,0,0,0,0,0,0

SID,KIBA2G,07,5
CF,WC029,-50.273739,-71.944875,0,PWL,316.8,321.2,73.0,3.5,0,0,0,0,0,0,0,1
TF,ISAXO,-50.262600,-71.763867,0, ,0.0,0.0,0.0,0.0,0,0,0,0,0,0,0,0
TF,MIGUT,-50.409964,-71.602772,0, ,0.0,0.0,0.0,0.0,0,0,0,0,0,0,0,0
TF,KIBAR,-50.591111,-71.433056,0, ,0.0,0.0,0.0,0.0,0,0,0,0,0,0,0,0

SID,MUNE2C,25,5
CF,WC043,-50.292700,-72.265158,0,PWL,314.8,326.1,253.0,7.5,2,2700,0,0,0,0,0,0
TF,WC011,-50.300844,-72.407547,0, ,0.0,0.0,0.0,0.0,2,4700,0,0,0,0,0,0
TF,PAGID,-50.407322,-72.506736,0, ,0.0,0.0,0.0,0.0,2,7000,0,1,250,0,0,0
TF,GEGAL,-50.776111,-72.108611,0, ,0.0,0.0,0.0,0.0,2,13000,0,0,0,0,0,0
TF,WC041,-51.678367,-71.730011,0, ,0.0,0.0,0.0,0.0,0,0,0,0,0,0,0,0
TF,MUNER,-52.000000,-71.310000,0, ,0.0,0.0,0.0,0.0,0,0,0,0,0,0,0,0

SID,MUNE2G,07,5
CF,WC029,-50.273739,-71.944875,0,PWL,316.8,321.2,73.0,3.5,0,0,0,0,0,0,0,1
TF,ISAXO,-50.262600,-71.763867,0, ,0.0,0.0,0.0,0.0,0,0,0,0,0,0,0,0
TF,MIGUT,-50.409964,-71.602772,0, ,0.0,0.0,0.0,0.0,0,0,0,0,0,0,0,0
TF,WC032,-50.652347,-71.527228,0, ,0.0,0.0,0.0,0.0,4,7000,6000,0,0,0,0,0
TF,WC027,-50.966647,-71.489467,0, ,0.0,0.0,0.0,0.0,0,0,0,0,0,0,0,0
TF,WC028,-51.506578,-71.254500,0, ,0.0,0.0,0.0,0.0,0,0,0,0,0,0,0,0
TF,MUNER,-52.000000,-71.310000,0, ,0.0,0.0,0.0,0.0,0,0,0,0,0,0,0,0

SID,OGTU1C,25,5
CF,WC043,-50.292700,-72.265158,0,ECA,251.1,8.5,252.0,7.5,0,0,0,0,0,0,0,0
TF,WC044,-50.180331,-72.303531,0, ,0.0,0.0,0.0,0.0,0,0,0,1,250,0,0,0
TF,WC907,-49.781672,-72.102653,0, ,0.0,0.0,0.0,0.0,2,11000,0,0,0,0,0,0
TF,OGTUR,-49.458619,-71.942411,0, ,0.0,0.0,0.0,0.0,0,0,0,0,0,0,0,0

SID,OGTU1G,07,5
CF,WC029,-50.273739,-71.944875,0,ECA,72.9,3.9,72.0,3.5,0,0,0,0,0,0,0,1
TF,WC049,-50.045064,-71.964353,0, ,0.0,0.0,0.0,0.0,0,0,0,1,250,0,0,0
TF,WC973,-49.789917,-71.887664,0, ,0.0,0.0,0.0,0.0,2,10000,0,0,0,0,0,0
TF,WC861,-49.613872,-71.849908,0, ,0.0,0.0,0.0,0.0,0,0,0,0,0,0,0,0
TF,OGTUR,-49.458619,-71.942411,0, ,0.0,0.0,0.0,0.0,0,0,0,0,0,0,0,0

SID,SULS2C,25,5
CF,WC043,-50.292700,-72.265158,0,PWL,314.8,326.1,253.0,7.5,2,2700,0,0,0,0,0,0
TF,WC011,-50.300844,-72.407547,0, ,0.0,0.0,0.0,0.0,2,4700,0,0,0,0,0,0
TF,PAGID,-50.407322,-72.506736,0, ,0.0,0.0,0.0,0.0,2,7000,0,1,250,0,0,0
TF,SULSU,-50.777778,-71.840833,0, ,0.0,0.0,0.0,0.0,0,0,0,0,0,0,0,0

SID,SULS2G,07,5
CF,WC029,-50.273739,-71.944875,0,PWL,316.8,321.2,73.0,3.5,0,0,0,0,0,0,0,1
TF,ISAXO,-50.262600,-71.763867,0, ,0.0,0.0,0.0,0.0,0,0,0,0,0,0,0,0
TF,MIGUT,-50.409964,-71.602772,0, ,0.0,0.0,0.0,0.0,0,0,0,0,0,0,0,0
TF,SULSU,-50.777778,-71.840833,0, ,0.0,0.0,0.0,0.0,0,0,0,0,0,0,0,0

STAR,ATEX2Q,25,5
IF,ATEXI,-50.303761,-72.459336, ,0.0,0.0,2,5400,0,0,0,0,0,0
TF,WC044,-50.180331,-72.303531,0, ,0.0,0.0,0.0,0.0,0,0,0,0,0,0,0,0
TF,WC046,-50.166242,-71.982297,0, ,0.0,0.0,0.0,0.0,2,5000,0,0,0,0,0,0
TF,ATIPO,-50.166097,-71.723892,0, ,0.0,0.0,0.0,0.0,2,4800,0,0,0,0,0,0

STAR,BOKU2Q,25,5
IF,BOKUK,-48.446389,-70.036111, ,0.0,0.0,0,0,0,0,0,0,0,0
TF,WC017,-48.783689,-70.391878,0, ,0.0,0.0,0.0,0.0,0,0,0,0,0,0,0,0
TF,WC903,-49.165472,-70.801836,0, ,0.0,0.0,0.0,0.0,0,0,0,0,0,0,0,0
TF,ASOPA,-49.614167,-71.293889,0, ,0.0,0.0,0.0,0.0,0,0,0,0,0,0,0,0
TF,WC659,-49.909336,-71.522469,0, ,0.0,0.0,0.0,0.0,2,10000,0,0,0,0,0,0
TF,SARLI,-50.017061,-71.606683,0, ,0.0,0.0,0.0,0.0,0,0,0,0,0,0,0,0
TF,WC048,-50.091828,-71.665381,0, ,0.0,0.0,0.0,0.0,2,6300,0,0,0,0,0,0
TF,ATIPO,-50.166097,-71.723892,0, ,0.0,0.0,0.0,0.0,2,4800,0,0,0,0,0,0

STAR,BOKU2U,07,5
IF,BOKUK,-48.446389,-70.036111, ,0.0,0.0,0,0,0,0,0,0,0,0
TF,WC017,-48.783689,-70.391878,0, ,0.0,0.0,0.0,0.0,0,0,0,0,0,0,0,0
TF,ASOPA,-49.614167,-71.293889,0, ,0.0,0.0,0.0,0.0,0,0,0,0,0,0,0,0
TF,WC659,-49.909336,-71.522469,0, ,0.0,0.0,0.0,0.0,2,10000,0,0,0,0,0,0
TF,SARLI,-50.017061,-71.606683,0, ,0.0,0.0,0.0,0.0,0,0,0,0,0,0,0,0
TF,ATIPO,-50.166097,-71.723892,0, ,0.0,0.0,0.0,0.0,0,0,0,0,0,0,0,0
TF,GIGLU,-50.187778,-72.152664,0, ,0.0,0.0,0.0,0.0,2,6000,0,0,0,0,0,0
TF,TORUK,-50.196922,-72.343725,0, ,0.0,0.0,0.0,0.0,2,4000,0,0,0,0,0,0

STAR,DEVI2Q,25,5
IF,DEVIS,-51.055278,-70.497222, ,0.0,0.0,0,0,0,0,0,0,0,0
TF,WC018,-50.897058,-70.772803,0, ,0.0,0.0,0.0,0.0,0,0,0,0,0,0,0,0
TF,EGBOR,-50.541533,-71.381267,0, ,0.0,0.0,0.0,0.0,0,0,0,0,0,0,0,0
TF,MIGUT,-50.409964,-71.602772,0, ,0.0,0.0,0.0,0.0,4,11000,6000,1,220,0,0,0
TF,PONRO,-50.353117,-71.697881,0, ,0.0,0.0,0.0,0.0,2,4900,0,0,0,0,0,0

STAR,DEVI2U,07,5
IF,DEVIS,-51.055278,-70.497222, ,0.0,0.0,0,0,0,0,0,0,0,0
TF,WC018,-50.897058,-70.772803,0, ,0.0,0.0,0.0,0.0,0,0,0,0,0,0,0,0
TF,EGBOR,-50.541533,-71.381267,0, ,0.0,0.0,0.0,0.0,0,0,0,0,0,0,0,0
TF,MIGUT,-50.409964,-71.602772,0, ,0.0,0.0,0.0,0.0,0,0,0,0,0,0,0,0
TF,PONRO,-50.353117,-71.697881,0, ,0.0,0.0,0.0,0.0,0,0,0,0,0,0,0,0
TF,UGOXU,-50.271381,-71.906081,0, ,0.0,0.0,0.0,0.0,2,9000,0,0,0,0,0,0
TF,GIGLU,-50.187778,-72.152664,0, ,0.0,0.0,0.0,0.0,2,6000,0,0,0,0,0,0
TF,TORUK,-50.196922,-72.343725,0, ,0.0,0.0,0.0,0.0,2,4000,0,1,220,0,0,0

STAR,ESNA2U,07,5
IF,ESNAM,-50.252822,-71.608706, ,0.0,0.0,2,6000,0,0,0,0,0,0
TF,GIGLU,-50.187778,-72.152664,0, ,0.0,0.0,0.0,0.0,2,6000,0,0,0,0,0,0
TF,TORUK,-50.196922,-72.343725,0, ,0.0,0.0,0.0,0.0,2,4000,0,0,0,0,0,0

STAR,MOTN1Q,25,5
IF,MOTNO,-48.174444,-71.122778, ,0.0,0.0,0,0,0,0,0,0,0,0
TF,WC902,-48.646819,-71.177836,0, ,0.0,0.0,0.0,0.0,0,0,0,0,0,0,0,0
TF,WC906,-49.270331,-71.252117,0, ,0.0,0.0,0.0,0.0,0,0,0,0,0,0,0,0
TF,ASOPA,-49.614167,-71.293889,0, ,0.0,0.0,0.0,0.0,0,0,0,0,0,0,0,0
TF,WC659,-49.909336,-71.522469,0, ,0.0,0.0,0.0,0.0,2,10000,0,0,0,0,0,0
TF,SARLI,-50.017061,-71.606683,0, ,0.0,0.0,0.0,0.0,0,0,0,0,0,0,0,0
TF,WC048,-50.091828,-71.665381,0, ,0.0,0.0,0.0,0.0,2,6300,0,0,0,0,0,0
TF,ATIPO,-50.166097,-71.723892,0, ,0.0,0.0,0.0,0.0,2,4800,0,0,0,0,0,0

STAR,MOTN1U,07,5
IF,MOTNO,-48.174444,-71.122778, ,0.0,0.0,0,0,0,0,0,0,0,0
TF,WC902,-48.646819,-71.177836,0, ,0.0,0.0,0.0,0.0,0,0,0,0,0,0,0,0
TF,WC906,-49.270331,-71.252117,0, ,0.0,0.0,0.0,0.0,0,0,0,0,0,0,0,0
TF,ASOPA,-49.614167,-71.293889,0, ,0.0,0.0,0.0,0.0,0,0,0,0,0,0,0,0
TF,WC659,-49.909336,-71.522469,0, ,0.0,0.0,0.0,0.0,2,10000,0,0,0,0,0,0
TF,SARLI,-50.017061,-71.606683,0, ,0.0,0.0,0.0,0.0,0,0,0,0,0,0,0,0
TF,ATIPO,-50.166097,-71.723892,0, ,0.0,0.0,0.0,0.0,0,0,0,0,0,0,0,0
TF,GIGLU,-50.187778,-72.152664,0, ,0.0,0.0,0.0,0.0,2,6000,0,0,0,0,0,0
TF,TORUK,-50.196922,-72.343725,0, ,0.0,0.0,0.0,0.0,2,4000,0,0,0,0,0,0

STAR,MUNE2Q,25,5
IF,MUNER,-52.000000,-71.310000, ,0.0,0.0,0,0,0,0,0,0,0,0
TF,WC016,-51.634775,-71.471728,0, ,0.0,0.0,0.0,0.0,0,0,0,0,0,0,0,0
TF,SULSU,-50.777778,-71.840833,0, ,0.0,0.0,0.0,0.0,0,0,0,0,0,0,0,0
TF,WC050,-50.663847,-71.802222,0, ,0.0,0.0,0.0,0.0,4,11000,7000,0,0,0,0,0
TF,WC012,-50.566181,-71.769275,0, ,0.0,0.0,0.0,0.0,2,7000,0,0,0,0,0,0
TF,MIGUT,-50.409964,-71.602772,0, ,0.0,0.0,0.0,0.0,4,11000,6000,1,220,0,0,0
TF,PONRO,-50.353117,-71.697881,0, ,0.0,0.0,0.0,0.0,2,4900,0,0,0,0,0,0

STAR,MUNE2U,07,5
IF,MUNER,-52.000000,-71.310000, ,0.0,0.0,0,0,0,0,0,0,0,0
TF,WC016,-51.634775,-71.471728,0, ,0.0,0.0,0.0,0.0,0,0,0,0,0,0,0,0
TF,SULSU,-50.777778,-71.840833,0, ,0.0,0.0,0.0,0.0,0,0,0,0,0,0,0,0
TF,UGOXU,-50.271381,-71.906081,0, ,0.0,0.0,0.0,0.0,2,9000,0,0,0,0,0,0
TF,GIGLU,-50.187778,-72.152664,0, ,0.0,0.0,0.0,0.0,2,6000,0,0,0,0,0,0
TF,TORUK,-50.196922,-72.343725,0, ,0.0,0.0,0.0,0.0,2,4000,0,1,220,0,0,0

STAR,OGTU1Q,25,5
IF,OGTUR,-49.458619,-71.942411, ,0.0,0.0,0,0,0,0,0,0,0,0
TF,WC905,-49.670169,-71.816208,0, ,0.0,0.0,0.0,0.0,0,0,0,0,0,0,0,0
TF,WC891,-49.911200,-71.670967,0, ,0.0,0.0,0.0,0.0,2,10000,0,0,0,0,0,0
TF,SARLI,-50.017061,-71.606683,0, ,0.0,0.0,0.0,0.0,0,0,0,0,0,0,0,0
TF,WC048,-50.091828,-71.665381,0, ,0.0,0.0,0.0,0.0,2,6300,0,0,0,0,0,0
TF,ATIPO,-50.166097,-71.723892,0, ,0.0,0.0,0.0,0.0,2,4800,0,0,0,0,0,0

STAR,OGTU1U,07,5
IF,OGTUR,-49.458619,-71.942411, ,0.0,0.0,0,0,0,0,0,0,0,0
TF,WC907,-49.781672,-72.102653,0, ,0.0,0.0,0.0,0.0,2,10000,0,0,0,0,0,0
TF,GIGLU,-50.187778,-72.152664,0, ,0.0,0.0,0.0,0.0,2,6000,0,0,0,0,0,0
TF,TORUK,-50.196922,-72.343725,0, ,0.0,0.0,0.0,0.0,2,4000,0,0,0,0,0,0

APPTR,D07,07,ECA
IF,ECA,-50.278439,-72.045625, ,0.0,0.0,0,0,0,1,210,0,1,0
FD,ECA,-50.278439,-72.045625,0,ECA,0.0,13.0,264.0,13.0,2,3000,0,0,0,0,0,0
CF,CF07,-50.307975,-72.380242,1,ECA,249.0,13.0,69.0,1.0,2,3000,0,0,0,0,0,0

FINAL,D07,07,D,4
IF,CF07,-50.307975,-72.380242,ECA,249.0,13.0,2,3000,0,0,0,0,0,0
CF,FF07,-50.297142,-72.256617,0,ECA,249.0,8.2,69.0,4.8,2,3000,0,0,0,0,2,0
CF,41VOR,-50.287783,-72.151064,0,ECA,249.0,4.1,69.0,4.1,2,1700,0,0,0,0,0,0
CF,MA07,-50.282494,-72.091869,0,ECA,249.0,1.8,69.0,2.3,1,956,0,0,0,0,3,0
VA,0,69.0,2,2700,0,0,0,0,0,0
DF,ECA,-50.278439,-72.045625,1, ,0.0,0.0,2,6000,0,1,220,0,0,0
HM,ECA,-50.278439,-72.045625,2, ,0.0,0.0,264.0,04.3,2,6000,0,1,210,0,0,0,0

APPTR,D25,25,D024Q
IF,D024Q,-50.049156,-71.787242, ,0.0,0.0,2,9000,0,0,0,0,1,0
AF,CF25,-50.272658,-71.604047,2,ECA,77.0,17.0,24.0,2,5500,0,0,0,0,0,0

APPTR,D25,25,D117Q
IF,D117Q,-50.456053,-71.701078, ,0.0,0.0,2,9000,0,0,0,0,1,0
AF,CF25,-50.272658,-71.604047,1,ECA,77.0,17.0,117.0,2,5500,0,0,0,0,0,0

APPTR,D25,25,D153Q
IF,D153Q,-50.551775,-71.930644, ,0.0,0.0,2,13000,0,0,0,0,1,0
AF,D117Q,-50.456053,-71.701078,1,ECA,117.0,17.0,153.0,2,9000,0,0,0,0,0,0
AF,CF25,-50.272658,-71.604047,1,ECA,77.0,17.0,117.0,2,5500,0,0,0,0,0,0

APPTR,D25,25,D173Q
IF,D173Q,-50.560392,-72.084350, ,0.0,0.0,2,13000,0,0,0,0,1,0
AF,D117Q,-50.456053,-71.701078,1,ECA,117.0,17.0,173.0,2,9000,0,0,0,0,0,0
AF,CF25,-50.272658,-71.604047,1,ECA,77.0,17.0,117.0,2,5500,0,0,0,0,0,0

APPTR,D25,25,D357Q
IF,D357Q,-49.998850,-71.976931, ,0.0,0.0,2,9000,0,0,0,0,1,0
AF,CF25,-50.272658,-71.604047,2,ECA,77.0,17.0,357.0,2,5500,0,0,0,0,0,0

FINAL,D25,25,D,3
IF,CF25,-50.272658,-71.604047,ECA,77.0,17.0,2,5500,0,0,0,0,0,0
CF,FF25,-50.276128,-71.853394,0,ECA,77.0,7.4,257.0,9.6,2,2900,0,0,0,0,2,0
CF,RW25,-50.279189,-72.035408,0,ECA,84.5,0.4,257.0,7.0,1,682,0,0,0,0,3,0
VA,0,257.0,2,2700,0,0,0,0,0,0
DF,ECA,-50.278439,-72.045625,2, ,0.0,0.0,2,6000,0,1,220,0,0,0
HM,ECA,-50.278439,-72.045625,1, ,0.0,0.0,61.0,04.3,2,6000,0,1,210,0,0,0,0

APPTR,I25-Y,25,D024Q
IF,D024Q,-50.049156,-71.787242, ,0.0,0.0,2,9000,0,0,0,0,1,0
AF,D066Q,-50.218786,-71.614119,2,ECA,66.0,17.0,24.0,2,5500,0,0,0,0,0,0
VI,0,EC,0.0,223.0,0,0,0,0,0,0,0,0

APPTR,I25-Y,25,D117Q
IF,D117Q,-50.456053,-71.701078, ,0.0,0.0,2,9000,0,0,0,0,1,0
AF,D080Q,-50.287478,-71.604111,1,ECA,80.0,17.0,117.0,2,5500,0,0,0,0,0,0
VI,0,EC,0.0,283.0,0,0,0,0,0,0,0,0

APPTR,I25-Y,25,D153Q
IF,D153Q,-50.551775,-71.930644, ,0.0,0.0,2,13000,0,0,0,0,1,0
AF,D117Q,-50.456053,-71.701078,1,ECA,117.0,17.0,153.0,2,9000,0,0,0,0,0,0
AF,D080Q,-50.287478,-71.604111,1,ECA,80.0,17.0,117.0,2,5500,0,0,0,0,0,0
VI,0,EC,0.0,283.0,0,0,0,0,0,0,0,0

APPTR,I25-Y,25,D173Q
IF,D173Q,-50.560392,-72.084350, ,0.0,0.0,2,13000,0,0,0,0,1,0
AF,D117Q,-50.456053,-71.701078,1,ECA,117.0,17.0,173.0,2,9000,0,0,0,0,0,0
AF,D080Q,-50.287478,-71.604111,1,ECA,80.0,17.0,117.0,2,5500,0,0,0,0,0,0
VI,0,EC,0.0,283.0,0,0,0,0,0,0,0,0

APPTR,I25-Y,25,D357Q
IF,D357Q,-49.998850,-71.976931, ,0.0,0.0,2,9000,0,0,0,0,1,0
AF,D066Q,-50.218786,-71.614119,2,ECA,66.0,17.0,357.0,2,5500,0,0,0,0,0,0
VI,0,EC,0.0,223.0,0,0,0,0,0,0,0,0

FINAL,I25-Y,25,I,3
IF,CI25,-50.252661,-71.605839,EC,72.7,18.2,2,5500,0,0,0,0,0,0
CF,FI25,-50.268253,-71.855142,0,EC,72.7,8.5,253.0,9.6,1,2900,0,0,0,0,2,0
CF,RW25,-50.279189,-72.035408,0,EC,72.7,1.6,253.0,7.0,1,681,0,0,0,0,3,0
VA,0,253.0,2,2700,0,0,0,0,0,0
DF,ECA,-50.278439,-72.045625,2, ,0.0,0.0,2,6000,0,1,220,0,0,0
HM,ECA,-50.278439,-72.045625,1, ,0.0,0.0,61.0,04.3,2,6000,0,1,210,0,0,0,0

APPTR,I25-Z,25,ATIPO
IF,ATIPO,-50.166097,-71.723892, ,0.0,0.0,2,4800,0,1,220,0,1,0
TF,ISAXO,-50.262600,-71.763867,0,EC,0.0,0.0,0.0,0.0,2,2900,0,1,185,0,1,0

APPTR,I25-Z,25,ESNAM
IF,ESNAM,-50.252822,-71.608706, ,0.0,0.0,2,4600,0,1,220,0,1,0
TF,ISAXO,-50.262600,-71.763867,0,EC,0.0,0.0,0.0,0.0,2,2900,0,1,185,0,1,0

APPTR,I25-Z,25,PONRO
IF,PONRO,-50.353117,-71.697881, ,0.0,0.0,2,4900,0,1,220,0,1,0
TF,WC100,-50.322947,-71.719903,0, ,0.0,0.0,0.0,0.0,2,4200,0,1,220,0,0,0
TF,ISAXO,-50.262600,-71.763867,0,EC,0.0,0.0,0.0,0.0,2,2900,0,1,185,0,1,0

FINAL,I25-Z,25,I,3
IF,ISAXO,-50.262600,-71.763867,EC,72.7,12.1,2,2900,0,1,185,0,0,0
CF,FI25,-50.268253,-71.855142,0,EC,72.7,8.5,253.0,3.5,1,2900,0,0,0,0,2,0
CF,RW25,-50.279189,-72.035408,0,EC,72.7,1.6,253.0,7.0,1,681,0,0,0,0,3,1
CA,0,253.0,2,1050,0,0,0,0,0,0
CF,WC803,-50.286539,-72.159389,0,ECA,251.6,4.4,252.0,3.8,0,0,0,1,190,0,0,0
TF,ATEXI,-50.303761,-72.459336,0, ,0.0,0.0,0.0,0.0,2,5400,0,1,190,0,0,1
HM,ATEXI,-50.303761,-72.459336,1, ,0.0,0.0,72.0,04,2,5400,0,1,190,0,0,0,0

APPTR,L25-Y,25,D024Q
IF,D024Q,-50.049156,-71.787242, ,0.0,0.0,2,9000,0,0,0,0,1,0
AF,D066Q,-50.218786,-71.614119,2,ECA,66.0,17.0,24.0,2,5500,0,0,0,0,0,0
VI,0,EC,0.0,223.0,0,0,0,0,0,0,0,0

APPTR,L25-Y,25,D117Q
IF,D117Q,-50.456053,-71.701078, ,0.0,0.0,2,9000,0,0,0,0,1,0
AF,D080Q,-50.287478,-71.604111,1,ECA,80.0,17.0,117.0,2,5500,0,0,0,0,0,0
VI,0,EC,0.0,283.0,0,0,0,0,0,0,0,0

APPTR,L25-Y,25,D153Q
IF,D153Q,-50.551775,-71.930644, ,0.0,0.0,2,13000,0,0,0,0,1,0
AF,D117Q,-50.456053,-71.701078,1,ECA,117.0,17.0,153.0,2,9000,0,0,0,0,0,0
AF,D080Q,-50.287478,-71.604111,1,ECA,80.0,17.0,117.0,2,5500,0,0,0,0,0,0
VI,0,EC,0.0,283.0,0,0,0,0,0,0,0,0

APPTR,L25-Y,25,D173Q
IF,D173Q,-50.560392,-72.084350, ,0.0,0.0,2,13000,0,0,0,0,1,0
AF,D117Q,-50.456053,-71.701078,1,ECA,117.0,17.0,173.0,2,9000,0,0,0,0,0,0
AF,D080Q,-50.287478,-71.604111,1,ECA,80.0,17.0,117.0,2,5500,0,0,0,0,0,0
VI,0,EC,0.0,283.0,0,0,0,0,0,0,0,0

APPTR,L25-Y,25,D357Q
IF,D357Q,-49.998850,-71.976931, ,0.0,0.0,2,9000,0,0,0,0,1,0
AF,D066Q,-50.218786,-71.614119,2,ECA,66.0,17.0,357.0,2,5500,0,0,0,0,0,0
VI,0,EC,0.0,223.0,0,0,0,0,0,0,0,0

FINAL,L25-Y,25,D,3
IF,CI25,-50.252661,-71.605839,EC,72.7,18.2,2,5500,0,0,0,0,0,0
CF,FI25,-50.268253,-71.855142,0,EC,72.7,8.5,253.0,9.6,2,2900,0,0,0,0,2,0
CF,RW25,-50.279189,-72.035408,0,EC,72.7,1.6,253.0,7.0,1,681,0,0,0,0,3,0
VA,0,253.0,2,2700,0,0,0,0,0,0
DF,ECA,-50.278439,-72.045625,2, ,0.0,0.0,2,6000,0,1,220,0,0,0
HM,ECA,-50.278439,-72.045625,1, ,0.0,0.0,61.0,04.3,2,6000,0,1,210,0,0,0,0

APPTR,R07,07,ATEXI
IF,ATEXI,-50.303761,-72.459336, ,0.0,0.0,2,5400,0,1,220,0,1,0
TF,UKLOV,-50.296425,-72.329875,0, ,0.0,0.0,0.0,0.0,2,3300,0,1,185,0,1,0

APPTR,R07,07,TORUK
IF,TORUK,-50.196922,-72.343725, ,0.0,0.0,2,4000,0,1,220,0,1,0
TF,UKLOV,-50.296425,-72.329875,0, ,0.0,0.0,0.0,0.0,2,3300,0,1,185,0,1,0

FINAL,R07,07,R,4
IF,UKLOV,-50.296425,-72.329875, ,0.0,0.0,2,3300,0,1,185,0,0,0
TF,TODLO,-50.288942,-72.200453,0, ,0.0,0.0,72.0,5.0,2,2290,0,0,0,0,2,0
TF,WC025,-50.285908,-72.148694,0, ,0.0,0.0,72.0,2.0,2,1660,0,0,0,0,0,0
TF,RW07,-50.281317,-72.071072,0, ,0.0,0.0,72.0,3.0,1,697,0,0,0,0,3,1
CF,ESNAM,-50.252822,-71.608706,0,ECA,72.0,16.9,72.0,17.9,2,4600,0,0,0,0,0,1
HM,ESNAM,-50.252822,-71.608706,2, ,0.0,0.0,252.0,04,2,4600,0,1,210,0,0,0,0

APPTR,R25,25,ATIPO
IF,ATIPO,-50.166097,-71.723892, ,0.0,0.0,2,4800,0,1,220,0,1,0
TF,ISAXO,-50.262600,-71.763867,0, ,0.0,0.0,0.0,0.0,2,2900,0,1,185,0,1,0

APPTR,R25,25,ESNAM
IF,ESNAM,-50.252822,-71.608706, ,0.0,0.0,2,4600,0,1,220,0,1,0
TF,ISAXO,-50.262600,-71.763867,0, ,0.0,0.0,0.0,0.0,2,2900,0,1,185,0,1,0

APPTR,R25,25,PONRO
IF,PONRO,-50.353117,-71.697881, ,0.0,0.0,2,4900,0,1,220,0,1,0
TF,WC100,-50.322947,-71.719903,0, ,0.0,0.0,0.0,0.0,2,4200,0,1,220,0,0,0
TF,ISAXO,-50.262600,-71.763867,0, ,0.0,0.0,0.0,0.0,2,2900,0,1,185,0,1,0

FINAL,R25,25,R,3
IF,ISAXO,-50.262600,-71.763867, ,0.0,0.0,2,2900,0,1,185,0,0,0
TF,VUSDO,-50.268264,-71.855158,0, ,0.0,0.0,252.0,3.5,2,2900,0,0,0,0,2,0
TF,RW25,-50.279189,-72.035408,0, ,0.0,0.0,252.0,7.0,1,681,0,0,0,0,3,1
TF,WC803,-50.286539,-72.159389,0, ,0.0,0.0,0.0,0.0,0,0,0,1,190,0,0,1
TF,ATEXI,-50.303761,-72.459336,0, ,0.0,0.0,0.0,0.0,2,5400,0,1,190,0,0,1
HM,ATEXI,-50.303761,-72.459336,1, ,0.0,0.0,72.0,04,2,5400,0,1,190,0,0,0,0

