APPTR,D08-Z,08,D186L
IF,D186L,-53.966158,-67.844839, ,0.0,0.0,0,0,0,0,0,0,1,0
AF,D241L,-53.836522,-68.066897,2,GRA,241.0,12.0,186.0,2,3000,0,0,0,0,0,1
CF,CS08,-53.794700,-67.982394,0,GRA,251.0,8.5,71.0,3.5,2,2100,0,0,0,0,1,0

APPTR,D08-Z,08,D324L
IF,D324L,-53.594192,-67.887686, ,0.0,0.0,0,0,0,0,0,0,1,0
AF,D261L,-53.767806,-68.082664,1,GRA,261.0,12.0,324.0,2,3000,0,0,0,0,0,1
CF,CS08,-53.794700,-67.982394,0,GRA,251.0,8.5,71.0,3.5,2,2100,0,0,0,0,1,0

APPTR,D08-Z,08,D348L
IF,D348L,-53.575597,-67.751686, ,0.0,0.0,0,0,0,0,0,0,1,0
AF,D261L,-53.767806,-68.082664,1,GRA,261.0,12.0,348.0,2,3000,0,0,0,0,0,1
CF,CS08,-53.794700,-67.982394,0,GRA,251.0,8.5,71.0,3.5,2,2100,0,0,0,0,1,0

APPTR,D08-Z,08,GRA
IF,GRA,-53.775250,-67.745833, ,0.0,0.0,0,0,0,0,0,0,1,0
FD,GRA,-53.775250,-67.745833,0,GRA,0.0,8.5,236.0,8.5,2,2100,0,0,0,0,0,0
CF,CS08,-53.794700,-67.982394,2,GRA,251.0,8.5,71.0,1.0,2,2100,0,0,0,0,1,0

FINAL,D08-Z,08,D,4
IF,CS08,-53.794700,-67.982394,GRA,251.0,8.5,2,2100,0,0,0,0,0,0
CF,FS08,-53.791300,-67.940633,0,GRA,251.0,7.0,71.0,1.5,2,2100,0,0,0,0,2,0
CF,45VOR,-53.785606,-67.871044,0,GRA,251.0,4.5,71.0,2.5,2,1320,0,0,0,0,0,0
CF,MS08,-53.778483,-67.784781,0,GRA,251.0,1.4,71.0,3.1,1,341,0,0,0,0,3,0
VA,0,71.0,2,3000,0,0,0,0,0,0

APPTR,D26-Z,26,D004L
IF,D004L,-53.582342,-67.658983, ,0.0,0.0,0,0,0,0,0,0,1,0
AF,D069L,-53.740117,-67.414133,2,GRA,69.0,12.0,4.0,2,3000,0,0,0,0,0,1
CF,CS26,-53.774983,-67.493011,0,GRA,79.0,9.0,259.0,3.0,2,2100,0,0,0,0,1,0

APPTR,D26-Z,26,D012L
IF,D012L,-53.591369,-67.614692, ,0.0,0.0,0,0,0,0,0,0,1,0
AF,D069L,-53.740117,-67.414133,2,GRA,69.0,12.0,12.0,2,3000,0,0,0,0,0,1
CF,CS26,-53.774983,-67.493011,0,GRA,79.0,9.0,259.0,3.0,2,2100,0,0,0,0,1,0

APPTR,D26-Z,26,D064L
IF,D064L,-53.723128,-67.420625, ,0.0,0.0,0,0,0,0,0,0,1,0
AF,D069L,-53.740117,-67.414133,2,GRA,69.0,12.0,64.0,2,3000,0,0,0,0,0,1
CF,CS26,-53.774983,-67.493011,0,GRA,79.0,9.0,259.0,3.0,2,2100,0,0,0,0,1,0

APPTR,D26-Z,26,D146L
IF,D146L,-53.958978,-67.613539, ,0.0,0.0,0,0,0,0,0,0,1,0
AF,D089L,-53.809461,-67.413586,1,GRA,89.0,12.0,146.0,2,3000,0,0,0,0,0,1
CF,CS26,-53.774983,-67.493011,0,GRA,79.0,9.0,259.0,3.0,2,2100,0,0,0,0,1,0

APPTR,D26-Z,26,D324L
IF,D324L,-53.594192,-67.887686, ,0.0,0.0,0,0,0,0,0,0,1,0
AF,D069L,-53.740117,-67.414133,2,GRA,69.0,12.0,324.0,2,3000,0,0,0,0,0,1
CF,CS26,-53.774983,-67.493011,0,GRA,79.0,9.0,259.0,3.0,2,2100,0,0,0,0,1,0

APPTR,D26-Z,26,D348L
IF,D348L,-53.575597,-67.751686, ,0.0,0.0,0,0,0,0,0,0,1,0
AF,D069L,-53.740117,-67.414133,2,GRA,69.0,12.0,348.0,2,3000,0,0,0,0,0,1
CF,CS26,-53.774983,-67.493011,0,GRA,79.0,9.0,259.0,3.0,2,2100,0,0,0,0,1,0

APPTR,D26-Z,26,GRA
IF,GRA,-53.775250,-67.745833, ,0.0,0.0,0,0,0,0,0,0,1,0
FD,GRA,-53.775250,-67.745833,0,GRA,0.0,9.0,93.0,9.0,2,2100,0,0,0,0,0,0
CF,CS26,-53.774983,-67.493011,1,GRA,79.0,9.0,259.0,1.0,2,2100,0,0,0,0,1,0

FINAL,D26-Z,26,D,3
IF,CS26,-53.774983,-67.493011,GRA,79.0,9.0,2,2100,0,0,0,0,0,0
CF,FS26,-53.775103,-67.557964,0,GRA,79.0,6.7,259.0,2.3,2,2100,0,0,0,0,2,0
CF,MS26,-53.775236,-67.692458,0,GRA,79.0,1.9,259.0,4.8,1,576,0,0,0,0,3,0
VA,0,259.0,2,3000,0,0,0,0,0,0

APPTR,I26-Z,26,D004N
IF,D004N,-53.550183,-67.644586, ,0.0,0.0,2,3000,0,0,0,0,1,0
AF,D064N,-53.714353,-67.366500,2,GRA,64.0,14.0,4.0,2,3000,0,0,0,0,0,0
AF,D076N,-53.766397,-67.352725,2,GRA,77.0,14.0,64.0,0,0,0,0,0,0,0,0
CF,CI26,-53.769778,-67.467739,0,GR,76.5,10.8,256.0,4.1,2,2100,0,0,0,0,1,0

APPTR,I26-Z,26,D018N
IF,D018N,-53.571347,-67.556086, ,0.0,0.0,2,3000,0,0,0,0,1,0
AF,D064N,-53.714353,-67.366500,2,GRA,64.0,14.0,18.0,2,3000,0,0,0,0,0,0
AF,D076N,-53.766397,-67.352725,2,GRA,77.0,14.0,64.0,0,0,0,0,0,0,0,0
CF,CI26,-53.769778,-67.467739,0,GR,76.5,10.8,256.0,4.1,2,2100,0,0,0,0,1,0

APPTR,I26-Z,26,D064N
IF,D064N,-53.714353,-67.366500, ,0.0,0.0,2,3000,0,0,0,0,1,0
AF,D076N,-53.766397,-67.352725,2,GRA,77.0,14.0,64.0,0,0,0,0,0,0,0,0
CF,CI26,-53.769778,-67.467739,0,GR,76.5,10.8,256.0,4.1,2,2100,0,0,0,0,1,0

APPTR,I26-Z,26,D146N
IF,D146N,-53.989583,-67.591378, ,0.0,0.0,2,3000,0,0,0,0,1,0
AF,D076N,-53.766397,-67.352725,1,GRA,77.0,14.0,146.0,0,0,0,0,0,0,0,0
CF,CI26,-53.769778,-67.467739,0,GR,76.5,10.8,256.0,4.1,2,2100,0,0,0,0,1,0

APPTR,I26-Z,26,D324N
IF,D324N,-53.564000,-67.911208, ,0.0,0.0,2,3000,0,0,0,0,1,0
AF,D064N,-53.714353,-67.366500,2,GRA,64.0,14.0,324.0,2,3000,0,0,0,0,0,0
AF,D076N,-53.766397,-67.352725,2,GRA,77.0,14.0,64.0,0,0,0,0,0,0,0,0
CF,CI26,-53.769778,-67.467739,0,GR,76.5,10.8,256.0,4.1,2,2100,0,0,0,0,1,0

APPTR,I26-Z,26,D348N
IF,D348N,-53.542322,-67.752658, ,0.0,0.0,2,3000,0,0,0,0,1,0
AF,D064N,-53.714353,-67.366500,2,GRA,64.0,14.0,348.0,2,3000,0,0,0,0,0,0
AF,D076N,-53.766397,-67.352725,2,GRA,77.0,14.0,64.0,0,0,0,0,0,0,0,0
CF,CI26,-53.769778,-67.467739,0,GR,76.5,10.8,256.0,4.1,2,2100,0,0,0,0,1,0

APPTR,I26-Z,26,GRA
IF,GRA,-53.775250,-67.745833, ,0.0,0.0,0,0,0,1,220,0,1,0
FD,GRA,-53.775250,-67.745833,0,GRA,0.0,10.0,97.0,10.0,2,2100,0,0,0,0,0,0
CF,CI26,-53.769778,-67.467739,1,GR,76.5,10.8,256.0,1.0,2,2100,0,0,0,0,1,0

FINAL,I26-Z,26,I,3
IF,CI26,-53.769778,-67.467739,GR,76.5,10.8,2,2100,0,0,0,0,0,0
CF,FI26,-53.772342,-67.557517,0,GR,76.5,7.6,256.0,3.2,1,2100,0,0,0,0,2,0
CF,RW26,-53.777194,-67.734364,0,GR,76.4,1.3,256.0,6.3,1,100,0,0,0,0,3,0
VA,0,256.0,2,3000,0,0,0,0,0,0

APPTR,R08,08,ESPAT
IF,ESPAT,-53.788192,-68.185761, ,0.0,0.0,2,3000,0,1,220,0,1,0
TF,EKIPI,-53.784953,-68.045375,0, ,0.0,0.0,0.0,0.0,2,1800,0,1,180,0,1,0

APPTR,R08,08,KOVSI
IF,KOVSI,-53.868083,-68.039758, ,0.0,0.0,2,3000,0,1,220,0,1,0
TF,EKIPI,-53.784953,-68.045375,0, ,0.0,0.0,0.0,0.0,2,1800,0,1,180,0,1,0

APPTR,R08,08,REDET
IF,REDET,-53.701822,-68.050969, ,0.0,0.0,2,3000,0,1,220,0,1,0
TF,EKIPI,-53.784953,-68.045375,0, ,0.0,0.0,0.0,0.0,2,1800,0,1,180,0,1,0

FINAL,R08,08,R,4
IF,EKIPI,-53.784953,-68.045375, ,0.0,0.0,2,1800,0,1,180,0,0,0
TF,VUNUK,-53.781553,-67.905011,0, ,0.0,0.0,77.0,5.0,2,1760,0,0,0,0,2,0
TF,WE008,-53.779433,-67.820803,0, ,0.0,0.0,77.0,3.0,2,770,0,0,0,0,0,0
TF,RW08,-53.777986,-67.764669,0, ,0.0,0.0,77.0,2.0,1,113,0,0,0,0,3,1
CF,WE005,-53.774256,-67.624353,0,GRA,78.3,4.3,77.0,5.0,0,0,0,0,0,0,0,1
DF,REDET,-53.701822,-68.050969,1, ,0.0,0.0,2,3000,0,0,0,0,0,0
HM,REDET,-53.701822,-68.050969,2, ,0.0,0.0,167.0,04,2,3000,0,1,210,0,0,0,0

APPTR,R26,26,ILMEN
IF,ILMEN,-53.688744,-67.421694, ,0.0,0.0,2,3000,0,1,220,0,1,0
TF,ESBON,-53.769500,-67.453767,0, ,0.0,0.0,0.0,0.0,2,1700,0,1,180,0,1,0

APPTR,R26,26,LOBID
IF,LOBID,-53.852600,-67.446981, ,0.0,0.0,2,3000,0,1,220,0,1,0
TF,ESBON,-53.769500,-67.453767,0, ,0.0,0.0,0.0,0.0,2,1700,0,1,180,0,1,0

APPTR,R26,26,PUKOX
IF,PUKOX,-53.765406,-67.313508, ,0.0,0.0,2,3000,0,1,220,0,1,0
TF,ESBON,-53.769500,-67.453767,0, ,0.0,0.0,0.0,0.0,2,1700,0,1,180,0,1,0

FINAL,R26,26,R,3
IF,ESBON,-53.769500,-67.453767, ,0.0,0.0,2,1700,0,1,180,0,0,0
TF,ARVAG,-53.773428,-67.594053,0, ,0.0,0.0,256.0,5.0,2,1690,0,0,0,0,2,0
TF,RW26,-53.777194,-67.734364,0, ,0.0,0.0,256.0,5.0,1,93,0,0,0,0,3,1
CF,WE019,-53.780064,-67.846633,0,GRA,254.4,3.6,256.0,4.0,0,0,0,0,0,0,0,1
DF,ILMEN,-53.688744,-67.421694,2, ,0.0,0.0,2,3000,0,0,0,0,0,1
HM,ILMEN,-53.688744,-67.421694,1, ,0.0,0.0,182.0,04,2,3000,0,1,210,0,0,0,0

APPTR,S26-Y,26,GRA
IF,GRA,-53.775250,-67.745833, ,0.0,0.0,0,0,0,0,0,0,1,0
FC,GRA,-53.775250,-67.745833,0,GRA,0.0,0.0,94.0,8.0,2,2100,0,0,0,0,0,1
CF,FS26,-53.775103,-67.557964,1,GRA,79.0,6.7,259.0,2.0,2,2100,0,0,0,0,0,0

FINAL,S26-Y,26,D,2
IF,FS26,-53.775103,-67.557964,GRA,79.0,6.7,2,2100,0,0,0,0,2,0
CF,RW26,-53.777194,-67.734364,0,GRA,95.0,0.4,259.0,6.3,1,100,0,0,0,0,3,0
CF,GRA,-53.775250,-67.745833,0,GRA,0.0,0.0,259.0,0.4,0,0,0,0,0,0,0,1
VA,0,259.0,2,3000,0,0,0,0,0,0

