SID,DEVI1G,25,5
CA,0,254.0,2,1000,0,0,0,0,0,0
DF,DEVIS,-51.055278,-70.497222,0, ,0.0,0.0,0,0,0,0,0,0,0,0

SID,DEVI2C,07,5
CA,0,75.0,2,1000,0,0,0,0,0,0
DF,WG791,-51.616333,-69.484325,2, ,0.0,0.0,0,0,0,0,0,0,0,0
TF,DEVIS,-51.055278,-70.497222,0, ,0.0,0.0,0.0,0.0,0,0,0,0,0,0,0,0

SID,IRAV1G,25,5
CA,0,254.0,2,1000,0,0,0,0,0,0
DF,MUPAD,-51.371667,-69.282514,2, ,0.0,0.0,0,0,0,0,0,0,0,0
TF,WG748,-51.080278,-69.026011,0, ,0.0,0.0,0.0,0.0,0,0,0,0,0,0,0,0
TF,IRAVU,-50.768056,-68.755278,0, ,0.0,0.0,0.0,0.0,0,0,0,0,0,0,0,0

SID,IRAV2C,07,5
CA,0,75.0,2,1000,0,0,0,0,0,0
DF,WG761,-51.339244,-69.056744,0, ,0.0,0.0,0,0,0,0,0,0,0,0
TF,IRAVU,-50.768056,-68.755278,0, ,0.0,0.0,0.0,0.0,0,0,0,0,0,0,0,0

SID,KADE1G,25,5
CA,0,254.0,2,1000,0,0,0,0,0,0
DF,MUPAD,-51.371667,-69.282514,2, ,0.0,0.0,0,0,0,0,0,0,0,0
TF,KADEB,-50.718056,-68.998889,0, ,0.0,0.0,0.0,0.0,0,0,0,0,0,0,0,0

SID,KADE2C,07,5
CA,0,75.0,2,1000,0,0,0,0,0,0
DF,WG761,-51.339244,-69.056744,0, ,0.0,0.0,0,0,0,0,0,0,0,0
TF,WG763,-50.973644,-69.022506,0, ,0.0,0.0,0.0,0.0,0,0,0,0,0,0,0,0
TF,KADEB,-50.718056,-68.998889,0, ,0.0,0.0,0.0,0.0,0,0,0,0,0,0,0,0

SID,MUBE1G,25,5
CA,0,254.0,2,1000,0,0,0,0,0,0
DF,WG823,-52.068983,-69.009006,1, ,0.0,0.0,0,0,0,0,0,0,0,0
TF,MUBES,-52.802500,-68.479167,0, ,0.0,0.0,0.0,0.0,0,0,0,0,0,0,0,0

SID,MUBE2C,07,5
CA,0,75.0,2,1000,0,0,0,0,0,0
DF,WG823,-52.068983,-69.009006,0, ,0.0,0.0,0,0,0,0,0,0,0,0
TF,MUBES,-52.802500,-68.479167,0, ,0.0,0.0,0.0,0.0,0,0,0,0,0,0,0,0

SID,ORAB1C,07,5
CA,0,75.0,2,1000,0,0,0,0,0,0
DF,WG761,-51.339244,-69.056744,0, ,0.0,0.0,0,0,0,0,0,0,0,0
TF,WG763,-50.973644,-69.022506,0, ,0.0,0.0,0.0,0.0,0,0,0,0,0,0,0,0
TF,ORABO,-50.710556,-69.538333,0, ,0.0,0.0,0.0,0.0,0,0,0,0,0,0,0,0

STAR,DEVI1M,07,5
IF,DEVIS,-51.055278,-70.497222, ,0.0,0.0,0,0,0,0,0,0,0,0
TF,ANSIB,-51.622564,-69.604894,0, ,0.0,0.0,0.0,0.0,2,2200,0,1,180,0,0,0

STAR,DEVI2R,25,5
IF,DEVIS,-51.055278,-70.497222, ,0.0,0.0,0,0,0,0,0,0,0,0
TF,WG157,-51.266483,-69.392300,0, ,0.0,0.0,0.0,0.0,0,0,0,0,0,0,0,0
TF,ROLOX,-51.350578,-68.933456,0, ,0.0,0.0,0.0,0.0,0,0,0,0,0,0,0,0
TF,SIPUR,-51.514092,-68.984258,0, ,0.0,0.0,0.0,0.0,2,3000,0,1,220,0,0,0

STAR,IRAV1M,07,5
IF,IRAVU,-50.768056,-68.755278, ,0.0,0.0,0,0,0,0,0,0,0,0
TF,WG895,-50.838075,-68.900061,0, ,0.0,0.0,0.0,0.0,0,0,0,0,0,0,0,0
TF,NUXAX,-50.981458,-69.205944,0, ,0.0,0.0,0.0,0.0,0,0,0,0,0,0,0,0
TF,SUMTO,-51.546519,-69.659189,0, ,0.0,0.0,0.0,0.0,2,3000,0,1,220,0,0,0

STAR,IRAV2R,25,5
IF,IRAVU,-50.768056,-68.755278, ,0.0,0.0,0,0,0,0,0,0,0,0
TF,ROLOX,-51.350578,-68.933456,0, ,0.0,0.0,0.0,0.0,0,0,0,0,0,0,0,0
TF,SIPUR,-51.514092,-68.984258,0, ,0.0,0.0,0.0,0.0,2,3000,0,1,220,0,0,0

STAR,KADE1M,07,5
IF,KADEB,-50.718056,-68.998889, ,0.0,0.0,0,0,0,0,0,0,0,0
TF,NUXAX,-50.981458,-69.205944,0, ,0.0,0.0,0.0,0.0,0,0,0,0,0,0,0,0
TF,SUMTO,-51.546519,-69.659189,0, ,0.0,0.0,0.0,0.0,2,3000,0,1,220,0,0,0

STAR,KADE2R,25,5
IF,KADEB,-50.718056,-68.998889, ,0.0,0.0,0,0,0,0,0,0,0,0
TF,WG136,-50.918675,-68.978325,0, ,0.0,0.0,0.0,0.0,0,0,0,0,0,0,0,0
TF,ROLOX,-51.350578,-68.933456,0, ,0.0,0.0,0.0,0.0,0,0,0,0,0,0,0,0
TF,SIPUR,-51.514092,-68.984258,0, ,0.0,0.0,0.0,0.0,2,3000,0,1,220,0,0,0

STAR,MUBE1M,07,5
IF,MUBES,-52.802500,-68.479167, ,0.0,0.0,0,0,0,0,0,0,0,0
TF,ILTIP,-52.221667,-68.900556,0, ,0.0,0.0,0.0,0.0,0,0,0,0,0,0,0,0
TF,ESPEV,-51.702561,-69.641814,0, ,0.0,0.0,0.0,0.0,2,3000,0,1,220,0,0,0

STAR,MUBE2R,25,5
IF,MUBES,-52.802500,-68.479167, ,0.0,0.0,0,0,0,0,0,0,0,0
TF,ILTIP,-52.221667,-68.900556,0, ,0.0,0.0,0.0,0.0,0,0,0,0,0,0,0,0
TF,LIXIM,-51.669906,-68.962217,0, ,0.0,0.0,0.0,0.0,2,3000,0,1,220,0,0,0

APPTR,D07-Z,07,D002N
IF,D002N,-51.383806,-69.246361, ,0.0,0.0,0,0,0,0,0,0,1,0
AF,D257N,-51.618447,-69.704275,1,GAL,257.0,14.0,2.0,2,3000,0,0,0,0,0,0
CF,CD07,-51.615892,-69.570642,0,GAL,257.0,9.0,77.0,5.0,2,2200,0,0,0,0,1,0

APPTR,D07-Z,07,D012N
IF,D012N,-51.396300,-69.184578, ,0.0,0.0,0,0,0,0,0,0,1,0
AF,D257N,-51.618447,-69.704275,1,GAL,257.0,14.0,12.0,2,3000,0,0,0,0,0,0
CF,CD07,-51.615892,-69.570642,0,GAL,257.0,9.0,77.0,5.0,2,2200,0,0,0,0,1,0

APPTR,D07-Z,07,D146N
IF,D146N,-51.825331,-69.183200, ,0.0,0.0,0,0,0,0,0,0,1,0
AF,D257N,-51.618447,-69.704275,2,GAL,257.0,14.0,146.0,2,3000,0,0,0,0,0,0
CF,CD07,-51.615892,-69.570642,0,GAL,257.0,9.0,77.0,5.0,2,2200,0,0,0,0,1,0

APPTR,D07-Z,07,D201N
IF,D201N,-51.808369,-69.529356, ,0.0,0.0,0,0,0,0,0,0,1,0
AF,D257N,-51.618447,-69.704275,2,GAL,257.0,14.0,201.0,2,3000,0,0,0,0,0,0
CF,CD07,-51.615892,-69.570642,0,GAL,257.0,9.0,77.0,5.0,2,2200,0,0,0,0,1,0

APPTR,D07-Z,07,D296N
IF,D296N,-51.470281,-69.628150, ,0.0,0.0,0,0,0,0,0,0,1,0
AF,D257N,-51.618447,-69.704275,1,GAL,257.0,14.0,296.0,2,3000,0,0,0,0,0,0
CF,CD07,-51.615892,-69.570642,0,GAL,257.0,9.0,77.0,5.0,2,2200,0,0,0,0,1,0

APPTR,D07-Z,07,D341N
IF,D341N,-51.380119,-69.381972, ,0.0,0.0,0,0,0,0,0,0,1,0
AF,D257N,-51.618447,-69.704275,1,GAL,257.0,14.0,341.0,2,3000,0,0,0,0,0,0
CF,CD07,-51.615892,-69.570642,0,GAL,257.0,9.0,77.0,5.0,2,2200,0,0,0,0,1,0

APPTR,D07-Z,07,GAL
IF,GAL,-51.610911,-69.330144, ,0.0,0.0,0,0,0,0,0,0,1,0
FD,GAL,-51.610911,-69.330144,0,GAL,0.0,9.0,273.0,9.0,2,2200,0,0,0,0,0,0
CF,CD07,-51.615892,-69.570642,1,GAL,257.0,9.0,77.0,1.0,2,2200,0,0,0,0,1,0

FINAL,D07-Z,07,D,4
IF,CD07,-51.615892,-69.570642,GAL,257.0,9.0,2,2200,0,0,0,0,0,0
CF,FD07,-51.614772,-69.514522,0,GAL,257.0,6.9,77.0,2.1,2,2200,0,0,0,0,2,0
CF,35VOR,-51.612906,-69.423664,0,GAL,257.0,3.5,77.0,3.4,2,1100,0,0,0,0,0,0
CF,MD07,-51.611489,-69.356864,0,GAL,257.0,1.0,77.0,2.5,1,347,0,0,0,0,3,0
VA,0,77.0,2,3000,0,0,0,0,0,0

APPTR,D25-Z,25,D002N
IF,D002N,-51.383806,-69.246361, ,0.0,0.0,0,0,0,0,0,0,1,0
AF,D072N,-51.581922,-68.958869,2,GAL,72.0,14.0,2.0,2,3000,0,0,0,0,0,0
CF,CD25,-51.590325,-69.064900,0,GAL,72.0,10.0,252.0,4.0,2,2200,0,0,0,0,1,0

APPTR,D25-Z,25,D012N
IF,D012N,-51.396300,-69.184578, ,0.0,0.0,0,0,0,0,0,0,1,0
AF,D072N,-51.581922,-68.958869,2,GAL,72.0,14.0,12.0,2,3000,0,0,0,0,0,0
CF,CD25,-51.590325,-69.064900,0,GAL,72.0,10.0,252.0,4.0,2,2200,0,0,0,0,1,0

APPTR,D25-Z,25,D146N
IF,D146N,-51.825331,-69.183200, ,0.0,0.0,0,0,0,0,0,0,1,0
AF,D072N,-51.581922,-68.958869,1,GAL,72.0,14.0,146.0,2,3000,0,0,0,0,0,0
CF,CD25,-51.590325,-69.064900,0,GAL,72.0,10.0,252.0,4.0,2,2200,0,0,0,0,1,0

APPTR,D25-Z,25,D341N
IF,D341N,-51.380119,-69.381972, ,0.0,0.0,0,0,0,0,0,0,1,0
AF,D072N,-51.581922,-68.958869,2,GAL,72.0,14.0,341.0,2,3000,0,0,0,0,0,0
CF,CD25,-51.590325,-69.064900,0,GAL,72.0,10.0,252.0,4.0,2,2200,0,0,0,0,1,0

APPTR,D25-Z,25,GAL
IF,GAL,-51.610911,-69.330144, ,0.0,0.0,0,0,0,0,0,0,1,0
FD,GAL,-51.610911,-69.330144,0,GAL,0.0,10.0,58.0,10.0,2,2200,0,0,0,0,0,0
CF,CD25,-51.590325,-69.064900,2,GAL,72.0,10.0,252.0,1.0,2,2200,0,0,0,0,1,0

FINAL,D25-Z,25,D,4
IF,CD25,-51.590325,-69.064900,GAL,72.0,10.0,2,2200,0,0,0,0,0,0
CF,FD25,-51.594072,-69.112625,0,GAL,72.0,8.2,252.0,1.8,2,2200,0,0,0,0,2,0
CF,61VOR,-51.598422,-69.168317,0,GAL,72.0,6.1,252.0,2.1,2,1500,0,0,0,0,0,0
CF,MD25,-51.606636,-69.274422,0,GAL,72.0,2.1,252.0,4.0,1,259,0,0,0,0,3,0
VA,0,252.0,2,3000,0,0,0,0,0,0

APPTR,I25-Y,25,D002N
IF,D002N,-51.383806,-69.246361, ,0.0,0.0,2,3000,0,0,0,0,1,0
AF,D012N,-51.396300,-69.184578,2,GAL,12.0,14.0,2.0,2,3000,0,0,0,0,0,0
AF,D075N,-51.594061,-68.956894,2,GAL,75.0,14.0,12.0,0,0,0,0,0,0,0,0
CF,CI25,-51.596583,-69.063186,0,GL,74.6,10.5,255.0,4.0,2,2200,0,0,0,0,1,0

APPTR,I25-Y,25,D012N
IF,D012N,-51.396300,-69.184578, ,0.0,0.0,2,3000,0,0,0,0,1,0
AF,D075N,-51.594061,-68.956894,2,GAL,75.0,14.0,12.0,0,0,0,0,0,0,0,0
CF,CI25,-51.596583,-69.063186,0,GL,74.6,10.5,255.0,4.0,2,2200,0,0,0,0,1,0

APPTR,I25-Y,25,D146N
IF,D146N,-51.825331,-69.183200, ,0.0,0.0,2,3000,0,0,0,0,1,0
AF,D075N,-51.594061,-68.956894,1,GAL,75.0,14.0,146.0,0,0,0,0,0,0,0,0
CF,CI25,-51.596583,-69.063186,0,GL,74.6,10.5,255.0,4.0,2,2200,0,0,0,0,1,0

APPTR,I25-Y,25,GAL
IF,GAL,-51.610911,-69.330144, ,0.0,0.0,0,0,0,1,190,0,1,0
FD,GAL,-51.610911,-69.330144,0,GAL,0.0,10.0,60.0,10.0,2,2200,0,0,0,0,0,0
CF,CI25,-51.596583,-69.063186,2,GL,74.6,10.5,255.0,1.0,2,2200,0,0,0,0,1,0

FINAL,I25-Y,25,I,3
IF,CI25,-51.596583,-69.063186,GL,74.6,10.5,2,2200,0,0,0,0,0,0
CF,FI25,-51.599025,-69.112022,0,GL,74.6,8.7,255.0,1.8,1,2200,0,0,0,0,2,0
CF,RW25,-51.607606,-69.287133,0,GL,74.6,2.1,255.0,6.6,1,106,0,0,0,0,3,0
VA,0,255.0,2,3000,0,0,0,0,0,0

APPTR,I25-Z,25,LIXIM
IF,LIXIM,-51.669906,-68.962217, ,0.0,0.0,2,3000,0,1,220,0,1,0
TF,ORODA,-51.594489,-69.020728,0,GL,0.0,0.0,0.0,0.0,2,2200,0,1,180,0,1,0

APPTR,I25-Z,25,SIPUR
IF,SIPUR,-51.514092,-68.984258, ,0.0,0.0,2,3000,0,1,220,0,1,0
TF,ORODA,-51.594489,-69.020728,0,GL,0.0,0.0,0.0,0.0,2,2200,0,1,180,0,1,0

APPTR,I25-Z,25,UMLOP
IF,UMLOP,-51.587681,-68.887558, ,0.0,0.0,2,3000,0,1,220,0,1,0
TF,ORODA,-51.594489,-69.020728,0,GL,0.0,0.0,0.0,0.0,2,2200,0,1,180,0,1,0

FINAL,I25-Z,25,I,3
IF,ORODA,-51.594489,-69.020728,GL,74.6,12.1,2,2200,0,1,180,0,0,0
CF,FI25,-51.599025,-69.112022,0,GL,74.6,8.7,255.0,3.4,1,2200,0,0,0,0,2,0
CF,RW25,-51.607606,-69.287133,0,GL,74.6,2.1,255.0,6.6,1,106,0,0,0,0,3,1
CF,VULAR,-51.620222,-69.553786,0,GAL,255.1,8.4,255.0,10.0,2,3000,0,0,0,0,0,0
HM,VULAR,-51.620222,-69.553786,2, ,0.0,0.0,75.0,04,2,3000,0,1,210,0,0,0,0

APPTR,L25-Y,25,D002N
IF,D002N,-51.383806,-69.246361, ,0.0,0.0,2,3000,0,0,0,0,1,0
AF,D012N,-51.396300,-69.184578,2,GAL,12.0,14.0,2.0,2,3000,0,0,0,0,0,0
AF,D075N,-51.594061,-68.956894,2,GAL,75.0,14.0,12.0,0,0,0,0,0,0,0,0
CF,CI25,-51.596583,-69.063186,0,GL,74.6,10.5,255.0,4.0,2,2200,0,0,0,0,1,0

APPTR,L25-Y,25,D012N
IF,D012N,-51.396300,-69.184578, ,0.0,0.0,2,3000,0,0,0,0,1,0
AF,D075N,-51.594061,-68.956894,2,GAL,75.0,14.0,12.0,0,0,0,0,0,0,0,0
CF,CI25,-51.596583,-69.063186,0,GL,74.6,10.5,255.0,4.0,2,2200,0,0,0,0,1,0

APPTR,L25-Y,25,D146N
IF,D146N,-51.825331,-69.183200, ,0.0,0.0,2,3000,0,0,0,0,1,0
AF,D075N,-51.594061,-68.956894,1,GAL,75.0,14.0,146.0,0,0,0,0,0,0,0,0
CF,CI25,-51.596583,-69.063186,0,GL,74.6,10.5,255.0,4.0,2,2200,0,0,0,0,1,0

APPTR,L25-Y,25,GAL
IF,GAL,-51.610911,-69.330144, ,0.0,0.0,0,0,0,1,190,0,1,0
FD,GAL,-51.610911,-69.330144,0,GAL,0.0,10.0,60.0,10.0,2,2200,0,0,0,0,0,0
CF,CI25,-51.596583,-69.063186,2,GL,74.6,10.5,255.0,1.0,2,2200,0,0,0,0,1,0

FINAL,L25-Y,25,D,3
IF,CI25,-51.596583,-69.063186,GL,74.6,10.5,2,2200,0,0,0,0,0,0
CF,FI25,-51.599025,-69.112022,0,GL,74.6,8.7,255.0,1.8,2,2200,0,0,0,0,2,0
CF,ML25,-51.606956,-69.273697,0,GL,74.6,2.6,255.0,6.1,1,267,0,0,0,0,3,0
VA,0,255.0,2,3000,0,0,0,0,0,0

APPTR,R07,07,ESPEV
IF,ESPEV,-51.702561,-69.641814, ,0.0,0.0,2,3000,0,1,220,0,1,0
TF,ANSIB,-51.622564,-69.604894,0, ,0.0,0.0,0.0,0.0,2,2200,0,1,180,0,1,0

APPTR,R07,07,SUMTO
IF,SUMTO,-51.546519,-69.659189, ,0.0,0.0,2,3000,0,1,220,0,1,0
TF,ANSIB,-51.622564,-69.604894,0, ,0.0,0.0,0.0,0.0,2,2200,0,1,180,0,1,0

FINAL,R07,07,R,3
IF,ANSIB,-51.622564,-69.604894, ,0.0,0.0,2,2200,0,1,180,0,1,0
TF,ISOSO,-51.616111,-69.465325,0, ,0.0,0.0,74.0,5.2,2,1640,0,0,0,0,2,0
TF,RW07,-51.610011,-69.337153,0, ,0.0,0.0,74.0,4.8,1,111,0,0,0,0,3,1
TF,LIVIN,-51.596992,-69.070717,0, ,0.0,0.0,0.0,0.0,2,3000,0,1,210,0,0,1
HM,LIVIN,-51.596992,-69.070717,2, ,0.0,0.0,254.0,04,2,3000,0,1,210,0,0,0,0

APPTR,R25,25,LIXIM
IF,LIXIM,-51.669906,-68.962217, ,0.0,0.0,2,3000,0,1,220,0,1,0
TF,ORODA,-51.594489,-69.020728,0, ,0.0,0.0,0.0,0.0,2,2200,0,1,180,0,1,0

APPTR,R25,25,SIPUR
IF,SIPUR,-51.514092,-68.984258, ,0.0,0.0,2,3000,0,1,220,0,1,0
TF,ORODA,-51.594489,-69.020728,0, ,0.0,0.0,0.0,0.0,2,2200,0,1,180,0,1,0

APPTR,R25,25,UMLOP
IF,UMLOP,-51.587681,-68.887558, ,0.0,0.0,2,3000,0,1,220,0,1,0
TF,ORODA,-51.594489,-69.020728,0, ,0.0,0.0,0.0,0.0,2,2200,0,1,180,0,1,0

FINAL,R25,25,R,3
IF,ORODA,-51.594489,-69.020728, ,0.0,0.0,2,2200,0,1,180,0,0,0
TF,ENTIS,-51.601403,-69.159103,0, ,0.0,0.0,254.0,5.2,2,1640,0,0,0,0,2,0
TF,RW25,-51.607606,-69.287133,0, ,0.0,0.0,254.0,4.8,1,101,0,0,0,0,3,1
TF,VULAR,-51.620222,-69.553786,0, ,0.0,0.0,0.0,0.0,2,3000,0,0,0,0,0,1
HM,VULAR,-51.620222,-69.553786,2, ,0.0,0.0,74.0,04,2,3000,0,1,210,0,0,0,0

