SID,EGOB1C,27,5
CF,ZN076,-38.948528,-68.288308,0,NEU,268.0,6.3,268.0,5.5,2,2900,0,1,220,0,0,1
DF,ZN666,-39.038889,-68.473022,1, ,0.0,0.0,0,0,0,0,0,0,0,0
TF,EGOBO,-39.388889,-68.464167,0, ,0.0,0.0,0.0,0.0,0,0,0,0,0,0,0,0

SID,EGOB1G,09,5
CA,0,89.0,2,2000,0,0,0,0,0,0
DF,EGOBO,-39.388889,-68.464167,2, ,0.0,0.0,0,0,0,0,0,0,0,0

SID,ILTO1G,09,5
CA,0,89.0,2,2000,0,0,0,0,0,0
DF,ILTOS,-39.449167,-68.110556,2, ,0.0,0.0,0,0,0,0,0,0,0,0

SID,ILTO3C,27,5
CF,ZN076,-38.948528,-68.288308,0,NEU,268.0,6.3,268.0,5.5,2,2900,0,1,220,0,0,1
DF,ILTOS,-39.449167,-68.110556,1, ,0.0,0.0,0,0,0,0,0,0,0,0

SID,KOTO1G,09,5
CA,0,89.0,2,2000,0,0,0,0,0,0
DF,ZN120,-38.745633,-68.015100,1, ,0.0,0.0,0,0,0,0,0,0,0,0
TF,KOTOG,-38.450833,-68.183611,0, ,0.0,0.0,0.0,0.0,0,0,0,0,0,0,0,0

SID,KOTO3C,27,5
CF,ZN076,-38.948528,-68.288308,0,NEU,268.0,6.3,268.0,5.5,2,2900,0,1,220,0,0,1
DF,KOTOG,-38.450833,-68.183611,2, ,0.0,0.0,0,0,0,0,0,0,0,0

SID,NIDB1G,09,5
CA,0,89.0,2,2000,0,0,0,0,0,0
DF,ZN920,-38.759431,-67.657339,0, ,0.0,0.0,4,9000,5000,0,0,0,0,0
TF,NIDBA,-38.713611,-67.575833,0, ,0.0,0.0,0.0,0.0,0,0,0,0,0,0,0,0

SID,NIDB3C,27,5
CF,ZN076,-38.948528,-68.288308,0,NEU,268.0,6.3,268.0,5.5,2,2900,0,1,220,0,0,1
DF,ZN951,-38.837294,-68.126883,2, ,0.0,0.0,2,7000,0,1,250,0,0,0
TF,NIDBA,-38.713611,-67.575833,0, ,0.0,0.0,0.0,0.0,0,0,0,0,0,0,0,0

SID,OMNI1,09,1
CA,0,89.0,2,2500,0,0,0,0,0,0
VM,0,0,0,89.0,0,0,0,0,0,0,0,0

SID,OMNI1,27,1
CA,0,269.0,2,2500,0,0,0,0,0,0
VM,0,0,0,269.0,0,0,0,0,0,0,0,0

SID,OSEK1C,27,5
CF,ZN076,-38.948528,-68.288308,0,NEU,268.0,6.3,268.0,5.5,2,2900,0,1,220,0,0,1
DF,OSEKO,-38.492500,-67.897222,2, ,0.0,0.0,0,0,0,0,0,0,0,0

SID,OSEK1G,09,5
CA,0,89.0,2,2000,0,0,0,0,0,0
DF,OSEKO,-38.492500,-67.897222,1, ,0.0,0.0,0,0,0,0,0,0,0,0

SID,PORP1C,27,5
CF,ZN076,-38.948528,-68.288308,0,NEU,268.0,6.3,268.0,5.5,2,2900,0,1,220,0,0,1
DF,PORPA,-39.174167,-68.730556,1, ,0.0,0.0,0,0,0,0,0,0,0,0

SID,PORP1G,09,5
CA,0,89.0,2,2000,0,0,0,0,0,0
DF,PORPA,-39.174167,-68.730556,2, ,0.0,0.0,0,0,0,0,0,0,0,0

SID,UGAG1C,27,5
CF,ZN076,-38.948528,-68.288308,0,NEU,268.0,6.3,268.0,5.5,2,2900,0,1,220,0,0,1
DF,UGAGI,-38.652222,-68.669722,2, ,0.0,0.0,0,0,0,0,0,0,0,0

SID,UGAG1G,09,5
CA,0,89.0,2,2000,0,0,0,0,0,0
DF,ZN120,-38.745633,-68.015100,1, ,0.0,0.0,0,0,0,0,0,0,0,0
TF,UGAGI,-38.652222,-68.669722,0, ,0.0,0.0,0.0,0.0,0,0,0,0,0,0,0,0

STAR,ARTO1Q,27,5
IF,ARTOK,-39.298333,-68.617222, ,0.0,0.0,0,0,0,0,0,0,0,0
TF,ESADA,-39.053844,-67.922367,0, ,0.0,0.0,0.0,0.0,2,5000,0,1,220,0,0,0

STAR,ARTO1U,09,5
IF,ARTOK,-39.298333,-68.617222, ,0.0,0.0,0,0,0,0,0,0,0,0
TF,BUTAR,-38.947500,-68.516667,0, ,0.0,0.0,0.0,0.0,2,5000,0,1,220,0,0,0

STAR,ILTO3Q,27,5
IF,ILTOS,-39.449167,-68.110556, ,0.0,0.0,0,0,0,0,0,0,0,0
TF,ESADA,-39.053844,-67.922367,0, ,0.0,0.0,0.0,0.0,2,5000,0,1,220,0,0,0

STAR,ILTO4U,09,5
IF,ILTOS,-39.449167,-68.110556, ,0.0,0.0,0,0,0,0,0,0,0,0
TF,LUVDU,-39.043883,-68.393969,0, ,0.0,0.0,0.0,0.0,2,5000,0,1,220,0,0,0

STAR,KOTO3Q,27,5
IF,KOTOG,-38.450833,-68.183611, ,0.0,0.0,0,0,0,0,0,0,0,0
TF,ZN901,-38.689589,-68.026711,0, ,0.0,0.0,0.0,0.0,3,6000,0,0,0,0,0,0
TF,PORGU,-38.847922,-67.922006,0, ,0.0,0.0,0.0,0.0,2,5000,0,1,220,0,0,0

STAR,KOTO4U,09,5
IF,KOTOG,-38.450833,-68.183611, ,0.0,0.0,0,0,0,0,0,0,0,0
TF,ASDEP,-38.847964,-68.387547,0, ,0.0,0.0,0.0,0.0,2,5000,0,1,220,0,0,0

STAR,OSEK1Q,27,5
IF,OSEKO,-38.492500,-67.897222, ,0.0,0.0,0,0,0,0,0,0,0,0
TF,ZN851,-38.698694,-67.911569,0, ,0.0,0.0,0.0,0.0,3,6000,0,0,0,0,0,0
TF,PORGU,-38.847922,-67.922006,0, ,0.0,0.0,0.0,0.0,2,5000,0,1,220,0,0,0

STAR,OSEK4U,09,5
IF,OSEKO,-38.492500,-67.897222, ,0.0,0.0,0,0,0,0,0,0,0,0
TF,ASDEP,-38.847964,-68.387547,0, ,0.0,0.0,0.0,0.0,2,5000,0,1,220,0,0,0

STAR,PORP1Q,27,5
IF,PORPA,-39.174167,-68.730556, ,0.0,0.0,0,0,0,0,0,0,0,0
TF,ESADA,-39.053844,-67.922367,0, ,0.0,0.0,0.0,0.0,2,5000,0,1,220,0,0,0

STAR,PORP4U,09,5
IF,PORPA,-39.174167,-68.730556, ,0.0,0.0,0,0,0,0,0,0,0,0
TF,BUTAR,-38.947500,-68.516667,0, ,0.0,0.0,0.0,0.0,2,5000,0,1,220,0,0,0

STAR,ROPO3Q,27,5
IF,ROPON,-38.940278,-67.511944, ,0.0,0.0,0,0,0,0,0,0,0,0
TF,MAKBI,-38.945461,-67.813003,0, ,0.0,0.0,0.0,0.0,2,5000,0,1,220,0,0,0

STAR,TIMD1U,09,5
IF,TIMDO,-38.578611,-66.437778, ,0.0,0.0,0,0,0,0,0,0,0,0
TF,ZN816,-38.807008,-67.111308,0, ,0.0,0.0,0.0,0.0,0,0,0,0,0,0,0,0
TF,ZN817,-38.822183,-67.535778,0, ,0.0,0.0,0.0,0.0,2,15000,0,0,0,0,0,0
TF,UKDOS,-38.835125,-67.937706,0, ,0.0,0.0,0.0,0.0,2,10000,0,0,0,0,0,0
TF,ASDEP,-38.847964,-68.387547,0, ,0.0,0.0,0.0,0.0,2,5000,0,1,220,0,0,0

STAR,TIMD1V,09,5
IF,TIMDO,-38.578611,-66.437778, ,0.0,0.0,0,0,0,0,0,0,0,0
TF,ZN816,-38.807008,-67.111308,0, ,0.0,0.0,0.0,0.0,0,0,0,0,0,0,0,0
TF,ROPON,-38.940278,-67.511944,0, ,0.0,0.0,0.0,0.0,0,0,0,0,0,0,0,0
TF,ANROR,-39.045483,-67.832261,0, ,0.0,0.0,0.0,0.0,2,6000,0,0,0,0,0,0
TF,LUVDU,-39.043883,-68.393969,0, ,0.0,0.0,0.0,0.0,2,5000,0,1,220,0,0,0

STAR,UGAG1Q,27,5
IF,UGAGI,-38.652222,-68.669722, ,0.0,0.0,0,0,0,0,0,0,0,0
TF,PORGU,-38.847922,-67.922006,0, ,0.0,0.0,0.0,0.0,2,5000,0,1,220,0,0,0

STAR,UGAG2U,09,5
IF,UGAGI,-38.652222,-68.669722, ,0.0,0.0,0,0,0,0,0,0,0,0
TF,BUTAR,-38.947500,-68.516667,0, ,0.0,0.0,0.0,0.0,2,5000,0,1,220,0,0,0

APPTR,D09,09,D224M
IF,D224M,-39.095100,-68.347253, ,0.0,0.0,2,6000,0,1,220,0,1,0
AF,LUVDU,-39.043883,-68.393969,2,NEU,241.3,12.5,224.0,2,5000,0,0,0,0,0,0
AF,D269M,-38.946456,-68.421758,2,NEU,269.0,12.5,241.0,0,0,0,0,0,0,0,0
CF,CD09,-38.946994,-68.387583,0,NEU,269.0,10.9,89.0,1.6,2,3600,0,1,185,0,1,0

APPTR,D09,09,D304M
IF,D304M,-38.827628,-68.370439, ,0.0,0.0,2,6000,0,1,220,0,1,0
AF,D269M,-38.946456,-68.421758,1,NEU,269.0,12.5,304.0,0,0,0,0,0,0,0,0
CF,CD09,-38.946994,-68.387583,0,NEU,269.0,10.9,89.0,1.6,2,3600,0,1,185,0,1,0

APPTR,D09,09,LUVDU
IF,LUVDU,-39.043883,-68.393969, ,0.0,0.0,2,5000,0,1,220,0,1,0
AF,D269M,-38.946456,-68.421758,2,NEU,269.0,12.5,241.0,0,0,0,0,0,0,0,0
CF,CD09,-38.946994,-68.387583,0,NEU,269.0,10.9,89.0,1.6,2,3600,0,1,185,0,1,0

APPTR,D09,09,NEU
IF,NEU,-38.950403,-68.154758, ,0.0,0.0,2,6000,0,1,220,0,1,0
FD,NEU,-38.950403,-68.154758,0,NEU,0.0,11.5,287.0,11.5,2,3600,0,0,0,0,0,0
CF,CD09,-38.946994,-68.387583,1,NEU,269.0,10.9,89.0,1.0,2,3600,0,1,185,0,1,0

FINAL,D09,09,D,4
IF,CD09,-38.946994,-68.387583,NEU,269.0,10.9,2,3600,0,1,185,0,0,0
CF,FD09,-38.948617,-68.280786,0,NEU,269.0,5.9,89.0,5.0,2,2600,0,0,0,0,2,0
CF,25VOR,-38.949661,-68.208158,0,NEU,269.0,2.5,89.0,3.4,2,1500,0,0,0,0,0,0
CF,RW09,-38.948964,-68.170536,0,NEU,274.7,0.7,89.0,1.8,1,941,0,0,0,0,3,0
CF,NEU,-38.950403,-68.154758,0,NEU,0.0,0.0,89.0,0.7,0,0,0,0,0,0,0,1
FD,NEU,-38.950403,-68.154758,0,NEU,0.0,4.0,89.0,4.0,0,0,0,0,0,0,0,0
DF,NEU,-38.950403,-68.154758,2, ,0.0,0.0,2,4400,0,1,220,0,0,0
HM,NEU,-38.950403,-68.154758,2, ,0.0,0.0,288.0,04.3,2,6000,0,1,210,0,0,0,0

APPTR,D27,27,D022M
IF,D022M,-38.759844,-68.046425, ,0.0,0.0,2,6000,0,1,220,0,1,0
AF,PORGU,-38.847922,-67.922006,2,NEU,58.7,12.5,22.0,2,5000,0,0,0,0,0,0
AF,D087M,-38.946456,-67.887756,2,NEU,87.0,12.5,59.0,0,0,0,0,0,0,0,0
CF,CF27,-38.946994,-67.921931,0,NEU,87.0,10.9,267.0,1.6,2,3600,0,1,185,0,1,0

APPTR,D27,27,D355M
IF,D355M,-38.742150,-68.168692, ,0.0,0.0,2,6000,0,1,220,0,1,0
AF,D022M,-38.759844,-68.046425,2,NEU,22.0,12.5,355.0,2,6000,0,0,0,0,0,0
AF,PORGU,-38.847922,-67.922006,2,NEU,58.7,12.5,22.0,2,5000,0,0,0,0,0,0
AF,D087M,-38.946456,-67.887756,2,NEU,87.0,12.5,59.0,0,0,0,0,0,0,0,0
CF,CF27,-38.946994,-67.921931,0,NEU,87.0,10.9,267.0,1.6,2,3600,0,1,185,0,1,0

APPTR,D27,27,NEU
IF,NEU,-38.950403,-68.154758, ,0.0,0.0,2,6000,0,1,220,0,1,0
FD,NEU,-38.950403,-68.154758,0,NEU,0.0,11.0,107.0,11.0,2,3600,0,0,0,0,0,0
CF,CF27,-38.946994,-67.921931,1,NEU,87.0,10.9,267.0,1.0,2,3600,0,1,185,0,1,0

APPTR,D27,27,PORGU
IF,PORGU,-38.847922,-67.922006, ,0.0,0.0,2,5000,0,1,220,0,1,0
AF,D087M,-38.946456,-67.887756,2,NEU,87.0,12.5,59.0,0,0,0,0,0,0,0,0
CF,CF27,-38.946994,-67.921931,0,NEU,87.0,10.9,267.0,1.6,2,3600,0,1,185,0,1,0

FINAL,D27,27,D,5
IF,CF27,-38.946994,-67.921931,NEU,87.0,10.9,2,3600,0,1,185,0,0,0
CF,FF27,-38.948617,-68.028728,0,NEU,87.0,5.9,267.0,5.0,2,2600,0,0,0,0,2,0
CF,29VOR,-38.949542,-68.092811,0,NEU,87.0,2.9,267.0,3.0,2,1650,0,0,0,0,0,0
CF,22VOR,-38.949753,-68.107764,0,NEU,87.0,2.2,267.0,0.7,2,1420,0,0,0,0,0,0
CF,RW27,-38.949056,-68.140897,0,NEU,80.9,0.7,267.0,1.5,1,932,0,0,0,0,3,0
CF,NEU,-38.950403,-68.154758,0,NEU,0.0,0.0,267.0,0.7,0,0,0,0,0,0,0,0
FD,NEU,-38.950403,-68.154758,0,NEU,0.0,4.0,267.0,4.0,0,0,0,0,0,0,0,0
DF,NEU,-38.950403,-68.154758,2, ,0.0,0.0,2,4400,0,1,210,0,0,0
HM,NEU,-38.950403,-68.154758,2, ,0.0,0.0,107.0,04.3,2,6000,0,1,210,0,0,0,0

APPTR,I09-Y,09,D224M
IF,D224M,-39.095100,-68.347253, ,0.0,0.0,2,6000,0,1,220,0,1,0
AF,LUVDU,-39.043883,-68.393969,2,NEU,241.3,12.5,224.0,2,5000,0,0,0,0,0,0
AF,D268M,-38.947683,-68.421789,2,NEU,268.7,12.5,241.0,0,0,0,0,0,0,0,0
CF,UTPOR,-38.948058,-68.388381,0,NE,268.2,11.8,88.0,1.6,2,3600,0,1,185,0,1,0

APPTR,I09-Y,09,D304M
IF,D304M,-38.827628,-68.370439, ,0.0,0.0,2,6000,0,1,220,0,1,0
AF,D268M,-38.947683,-68.421789,1,NEU,268.7,12.5,304.0,0,0,0,0,0,0,0,0
CF,UTPOR,-38.948058,-68.388381,0,NE,268.2,11.8,88.0,1.6,2,3600,0,1,185,0,1,0

APPTR,I09-Y,09,LUVDU
IF,LUVDU,-39.043883,-68.393969, ,0.0,0.0,2,5000,0,1,220,0,1,0
AF,D268M,-38.947683,-68.421789,2,NEU,268.7,12.5,241.0,0,0,0,0,0,0,0,0
CF,UTPOR,-38.948058,-68.388381,0,NE,268.2,11.8,88.0,1.6,2,3600,0,1,185,0,1,0

APPTR,I09-Y,09,NEU
IF,NEU,-38.950403,-68.154758, ,0.0,0.0,2,6000,0,1,220,0,1,0
FD,NEU,-38.950403,-68.154758,0,NEU,0.0,11.5,288.0,11.5,2,3600,0,0,0,0,0,0
CF,UTPOR,-38.948058,-68.388381,1,NE,268.2,11.8,88.0,1.0,2,3600,0,1,185,0,1,0

FINAL,I09-Y,09,I,3
IF,UTPOR,-38.948058,-68.388381,NE,268.2,11.8,2,3600,0,1,185,0,0,0
CF,FI09,-38.948553,-68.281564,0,NE,268.2,6.8,88.0,5.0,1,2600,0,0,0,0,2,0
CF,RW09,-38.948964,-68.170536,0,NE,268.2,1.6,88.0,5.2,1,945,0,0,0,0,3,0
CA,0,88.0,2,1300,0,0,0,0,0,0
FD,NEU,-38.950403,-68.154758,0,NEU,0.0,4.0,88.0,4.0,0,0,0,0,0,0,0,0
DF,NEU,-38.950403,-68.154758,2, ,0.0,0.0,2,4700,0,1,220,0,0,0
HM,NEU,-38.950403,-68.154758,2, ,0.0,0.0,288.0,04.3,2,6000,0,1,210,0,0,0,0

APPTR,I09-Z,09,ASDEP
IF,ASDEP,-38.847964,-68.387547, ,0.0,0.0,2,5000,0,1,220,0,1,0
TF,UTPOR,-38.948058,-68.388381,0,NE,0.0,0.0,0.0,0.0,2,3600,0,1,185,0,1,0

APPTR,I09-Z,09,BUTAR
IF,BUTAR,-38.947500,-68.516667, ,0.0,0.0,2,5000,0,1,220,0,1,0
TF,UTPOR,-38.948058,-68.388381,0,NE,0.0,0.0,0.0,0.0,2,3600,0,1,185,0,1,0

APPTR,I09-Z,09,LUVDU
IF,LUVDU,-39.043883,-68.393969, ,0.0,0.0,2,5000,0,1,220,0,1,0
TF,UTPOR,-38.948058,-68.388381,0,NE,0.0,0.0,0.0,0.0,2,3600,0,1,185,0,1,0

FINAL,I09-Z,09,I,3
IF,UTPOR,-38.948058,-68.388381,NE,268.2,11.8,2,3600,0,1,185,0,0,0
CF,FI09,-38.948553,-68.281564,0,NE,268.2,6.8,88.0,5.0,1,2600,0,0,0,0,2,0
CF,RW09,-38.948964,-68.170536,0,NE,268.2,1.6,88.0,5.2,1,945,0,0,0,0,3,1
CF,ZN005,-38.949125,-68.106447,0,NEU,86.1,2.3,88.0,3.0,0,0,0,0,0,0,0,1
DF,LUVDU,-39.043883,-68.393969,2, ,0.0,0.0,2,5000,0,1,210,0,0,0
HM,LUVDU,-39.043883,-68.393969,1, ,0.0,0.0,360.0,04,2,5000,0,1,210,0,0,0,0

APPTR,L09-Y,09,D224M
IF,D224M,-39.095100,-68.347253, ,0.0,0.0,2,6000,0,1,220,0,1,0
AF,LUVDU,-39.043883,-68.393969,2,NEU,241.3,12.5,224.0,2,5000,0,0,0,0,0,0
AF,D268M,-38.947683,-68.421789,2,NEU,268.7,12.5,241.0,0,0,0,0,0,0,0,0
CF,UTPOR,-38.948058,-68.388381,0,NE,268.2,11.8,88.0,1.6,2,3600,0,1,185,0,1,0

APPTR,L09-Y,09,D304M
IF,D304M,-38.827628,-68.370439, ,0.0,0.0,2,6000,0,1,220,0,1,0
AF,D268M,-38.947683,-68.421789,1,NEU,268.7,12.5,304.0,0,0,0,0,0,0,0,0
CF,UTPOR,-38.948058,-68.388381,0,NE,268.2,11.8,88.0,1.6,2,3600,0,1,185,0,1,0

APPTR,L09-Y,09,LUVDU
IF,LUVDU,-39.043883,-68.393969, ,0.0,0.0,2,5000,0,1,220,0,1,0
AF,D268M,-38.947683,-68.421789,2,NEU,268.7,12.5,241.0,0,0,0,0,0,0,0,0
CF,UTPOR,-38.948058,-68.388381,0,NE,268.2,11.8,88.0,1.6,2,3600,0,1,185,0,1,0

APPTR,L09-Y,09,NEU
IF,NEU,-38.950403,-68.154758, ,0.0,0.0,2,6000,0,1,220,0,1,0
FD,NEU,-38.950403,-68.154758,0,NEU,0.0,11.5,288.0,11.5,2,3600,0,0,0,0,0,0
CF,UTPOR,-38.948058,-68.388381,1,NE,268.2,11.8,88.0,1.0,2,3600,0,1,185,0,1,0

FINAL,L09-Y,09,D,3
IF,UTPOR,-38.948058,-68.388381,NE,268.2,11.8,2,3600,0,1,185,0,0,0
CF,FI09,-38.948553,-68.281564,0,NE,268.2,6.8,88.0,5.0,2,2600,0,0,0,0,2,0
CF,RW09,-38.948964,-68.170536,0,NE,268.2,1.6,88.0,5.2,1,945,0,0,0,0,3,0
CA,0,88.0,2,1300,0,0,0,0,0,0
FD,NEU,-38.950403,-68.154758,0,NEU,0.0,4.0,88.0,4.0,0,0,0,0,0,0,0,0
DF,NEU,-38.950403,-68.154758,2, ,0.0,0.0,2,4700,0,1,220,0,0,0
HM,NEU,-38.950403,-68.154758,2, ,0.0,0.0,288.0,04.3,2,6000,0,1,210,0,0,0,0

APPTR,R09-Z,09,ASDEP
IF,ASDEP,-38.847964,-68.387547, ,0.0,0.0,2,5000,0,1,220,0,1,0
TF,UTPOR,-38.948058,-68.388381,0, ,0.0,0.0,0.0,0.0,2,3600,0,1,185,0,1,0

APPTR,R09-Z,09,BUTAR
IF,BUTAR,-38.947500,-68.516667, ,0.0,0.0,2,5000,0,1,220,0,1,0
TF,UTPOR,-38.948058,-68.388381,0, ,0.0,0.0,0.0,0.0,2,3600,0,1,185,0,1,0

APPTR,R09-Z,09,LUVDU
IF,LUVDU,-39.043883,-68.393969, ,0.0,0.0,2,5000,0,1,220,0,1,0
TF,UTPOR,-38.948058,-68.388381,0, ,0.0,0.0,0.0,0.0,2,3600,0,1,185,0,1,0

FINAL,R09-Z,09,R,4
IF,UTPOR,-38.948058,-68.388381, ,0.0,0.0,2,3600,0,1,185,0,0,0
TF,MAMRA,-38.948553,-68.281564,0, ,0.0,0.0,88.0,5.0,2,2600,0,0,0,0,2,0
TF,ZN003,-38.948844,-68.198375,0, ,0.0,0.0,88.0,3.9,2,1360,0,0,0,0,0,0
TF,RW09,-38.948964,-68.170536,0, ,0.0,0.0,88.0,1.3,1,945,0,0,0,0,3,1
CF,ZN005,-38.949125,-68.106447,0,NEU,86.1,2.3,88.0,3.0,0,0,0,0,0,0,0,1
DF,LUVDU,-39.043883,-68.393969,2, ,0.0,0.0,2,4700,0,1,210,0,0,0
HM,LUVDU,-39.043883,-68.393969,1, ,0.0,0.0,360.0,04,2,5000,0,1,210,0,0,0,0

APPTR,R27,27,ESADA
IF,ESADA,-39.053844,-67.922367, ,0.0,0.0,2,5000,0,1,220,0,1,0
TF,SOVBU,-38.949494,-67.922183,0, ,0.0,0.0,0.0,0.0,2,3600,0,1,185,0,1,0

APPTR,R27,27,MAKBI
IF,MAKBI,-38.945461,-67.813003, ,0.0,0.0,2,5000,0,1,220,0,1,0
TF,SOVBU,-38.949494,-67.922183,0, ,0.0,0.0,0.0,0.0,2,3600,0,1,185,0,1,0

APPTR,R27,27,PORGU
IF,PORGU,-38.847922,-67.922006, ,0.0,0.0,2,5000,0,1,220,0,1,0
TF,SOVBU,-38.949494,-67.922183,0, ,0.0,0.0,0.0,0.0,2,3600,0,1,185,0,1,0

FINAL,R27,27,R,5
IF,SOVBU,-38.949494,-67.922183, ,0.0,0.0,2,3600,0,1,185,0,0,0
TF,IBDOG,-38.949331,-68.029003,0, ,0.0,0.0,268.0,5.0,2,2600,0,0,0,0,2,0
TF,ZN001,-38.949139,-68.093403,0, ,0.0,0.0,268.0,3.0,2,1640,0,0,0,0,0,0
TF,ZN002,-38.949103,-68.116211,0, ,0.0,0.0,268.0,1.1,2,1300,0,0,0,0,0,0
TF,RW27,-38.949056,-68.140897,0, ,0.0,0.0,268.0,1.1,1,932,0,0,0,0,3,1
CF,ZN014,-38.948869,-68.219739,0,NEU,269.7,3.0,268.0,3.7,0,0,0,0,0,0,0,1
DF,PORGU,-38.847922,-67.922006,2, ,0.0,0.0,2,5000,0,1,210,0,0,0
HM,PORGU,-38.847922,-67.922006,2, ,0.0,0.0,178.0,04,2,5000,0,1,210,0,0,0,0

