SID,AKPU2C,01,5
CA,0,15.0,2,1500,0,0,0,0,0,0
DF,MIDOT,-36.538144,-64.099450,0, ,0.0,0.0,0,0,0,0,0,0,0,0
TF,AKPUR,-37.093333,-64.340833,2, ,0.0,0.0,0.0,0.0,0,0,0,0,0,0,0,0

SID,AKPU2G,19,5
CA,0,195.0,2,1500,0,0,0,0,0,0
CF,AKPUR,-37.093333,-64.340833,0,OSA,190.1,30.7,189.0,29.0,0,0,0,0,0,0,0,0

SID,OGLE2C,01,5
CA,0,15.0,2,1500,0,0,0,0,0,0
DF,MIDOT,-36.538144,-64.099450,0, ,0.0,0.0,0,0,0,0,0,0,0,0
TF,OGLER,-36.988611,-63.884444,0, ,0.0,0.0,0.0,0.0,0,0,0,0,0,0,0,0

SID,OGLE2G,19,5
CA,0,195.0,2,1500,0,0,0,0,0,0
CF,OGLER,-36.988611,-63.884444,0,OSA,146.5,30.6,138.0,29.0,0,0,0,0,0,0,0,0

SID,TIMK2C,01,5
CI,0, ,0.0,15.0,2,1500,0,0,0,0,0,0
CF,TIMKU,-36.336389,-63.744722,0,OSA,64.1,29.5,75.0,26.0,0,0,0,0,0,0,0,0

SID,TIMK2G,19,5
CA,0,195.0,2,1500,0,0,0,0,0,0
DF,ZR022,-36.681236,-64.134667,0, ,0.0,0.0,0,0,0,0,0,0,0,0
TF,TIMKU,-36.336389,-63.744722,0, ,0.0,0.0,0.0,0.0,0,0,0,0,0,0,0,0

SID,XIXO2C,01,5
CI,0, ,0.0,15.0,2,1500,0,0,0,0,0,0
CF,XIXOS,-36.131944,-64.006111,0,OSA,29.6,30.0,32.0,25.0,0,0,0,0,0,0,0,0

SID,XIXO2G,19,5
CA,0,195.0,2,1500,0,0,0,0,0,0
DF,ZR022,-36.681236,-64.134667,0, ,0.0,0.0,0,0,0,0,0,0,0,0
TF,XIXOS,-36.131944,-64.006111,1, ,0.0,0.0,0.0,0.0,0,0,0,0,0,0,0,0

APPTR,D01,01,OSA
IF,OSA,-36.583722,-64.272806, ,0.0,0.0,0,0,0,0,0,0,1,0
FD,OSA,-36.583722,-64.272806,0,OSA,0.0,11.0,171.0,11.0,2,2300,0,0,0,0,0,0
CF,ZR032,-36.762283,-64.315944,2,OSA,195.0,10.9,15.0,1.0,2,2300,0,0,0,0,1,0

APPTR,D01,01,ZR041
IF,ZR041,-36.545753,-64.007997, ,0.0,0.0,0,0,0,0,0,0,1,0
AF,ZR042,-36.752208,-64.103133,2,OSA,145.0,13.0,84.0,2,3000,0,0,0,0,0,0
AF,D195M,-36.796681,-64.324278,2,OSA,195.0,13.0,145.0,2,3000,0,0,0,0,0,0
CF,ZR032,-36.762283,-64.315944,0,OSA,195.0,10.9,15.0,2.1,2,2300,0,0,0,0,1,0

APPTR,D01,01,ZR042
IF,ZR042,-36.752208,-64.103133, ,0.0,0.0,0,0,0,0,0,0,1,0
AF,D195M,-36.796681,-64.324278,2,OSA,195.0,13.0,145.0,2,3000,0,0,0,0,0,0
CF,ZR032,-36.762283,-64.315944,0,OSA,195.0,10.9,15.0,2.1,2,2300,0,0,0,0,1,0

FINAL,D01,01,D,4
IF,ZR032,-36.762283,-64.315944,OSA,195.0,10.9,2,2300,0,0,0,0,0,0
CF,ZR002,-36.680375,-64.296131,0,OSA,195.0,5.9,15.0,5.0,2,2260,0,0,0,0,2,0
CF,ZR034,-36.639422,-64.286239,0,OSA,195.0,3.4,15.0,2.5,2,1470,0,0,0,0,0,0
CF,RW01,-36.598325,-64.278094,0,OSA,200.3,0.9,15.0,2.5,1,665,0,0,0,0,3,0
CA,0,15.0,2,3000,0,0,0,0,0,0

APPTR,D19-Z,19,OSA
IF,OSA,-36.583722,-64.272806, ,0.0,0.0,0,0,0,1,210,0,1,0
FD,OSA,-36.583722,-64.272806,0,OSA,0.0,11.0,357.0,11.0,2,3000,0,0,0,0,0,0
CF,ZR027,-36.406206,-64.234083,2,OSA,14.0,10.8,194.0,1.0,2,3000,0,0,0,0,1,0

APPTR,D19-Z,19,ZR023
IF,ZR023,-36.545753,-64.007997, ,0.0,0.0,0,0,0,0,0,0,1,0
AF,ZR024,-36.383956,-64.167958,1,OSA,27.0,13.0,84.0,2,3000,0,0,0,0,0,0
AF,D014M,-36.370042,-64.226217,1,OSA,14.0,13.0,27.0,2,3000,0,0,0,0,0,0
CF,ZR027,-36.406206,-64.234083,0,OSA,14.0,10.8,194.0,2.2,2,3000,0,0,0,0,1,0

APPTR,D19-Z,19,ZR024
IF,ZR024,-36.383956,-64.167958, ,0.0,0.0,0,0,0,0,0,0,1,0
AF,D014M,-36.370042,-64.226217,1,OSA,14.0,13.0,27.0,2,3000,0,0,0,0,0,0
CF,ZR027,-36.406206,-64.234083,0,OSA,14.0,10.8,194.0,2.2,2,3000,0,0,0,0,1,0

FINAL,D19-Z,19,D,3
IF,ZR027,-36.406206,-64.234083,OSA,14.0,10.8,2,3000,0,0,0,0,0,0
CF,ZR028,-36.468667,-64.247686,0,OSA,14.0,7.0,194.0,3.8,2,2800,0,0,0,0,2,0
CF,RW19,-36.578003,-64.273078,0,OSA,1.8,0.3,194.0,6.7,1,677,0,0,0,0,3,0
VA,0,193.0,2,1200,0,0,0,0,0,0
CA,0,227.0,2,3000,0,0,0,0,0,0

APPTR,I19,19,D029M
IF,D029M,-36.387031,-64.159397, ,0.0,0.0,2,3000,0,1,220,0,1,0
AF,D015M,-36.370464,-64.223339,1,OSA,14.6,13.0,29.0,2,3000,0,0,0,0,0,0
CF,CF19,-36.405972,-64.231850,0,SR,15.0,11.9,195.0,2.2,2,3000,0,1,185,0,1,0

APPTR,I19,19,D086M
IF,D086M,-36.553228,-64.006503, ,0.0,0.0,2,3000,0,1,220,0,1,0
AF,D015M,-36.370464,-64.223339,1,OSA,14.6,13.0,86.0,2,3000,0,0,0,0,0,0
CF,CF19,-36.405972,-64.231850,0,SR,15.0,11.9,195.0,2.2,2,3000,0,1,185,0,1,0

APPTR,I19,19,OSA
IF,OSA,-36.583722,-64.272806, ,0.0,0.0,0,0,0,1,220,0,1,0
FD,OSA,-36.583722,-64.272806,0,OSA,0.0,11.0,358.0,11.0,2,3000,0,0,0,0,0,0
CF,CF19,-36.405972,-64.231850,2,SR,15.0,11.9,195.0,1.0,2,3000,0,1,185,0,1,0

FINAL,I19,19,I,3
IF,CF19,-36.405972,-64.231850,SR,15.0,11.9,2,3000,0,1,185,0,0,0
CF,FF19,-36.468233,-64.246797,0,SR,15.0,8.1,195.0,3.8,1,2800,0,0,0,0,2,0
CF,RW19,-36.578003,-64.273078,0,SR,15.3,1.4,195.0,6.7,1,677,0,0,0,0,3,0
VA,0,195.0,2,1200,0,0,0,0,0,0
CA,0,229.0,2,3000,0,0,0,0,0,0

APPTR,R01,01,ESBER
IF,ESBER,-36.745642,-64.420289, ,0.0,0.0,2,3000,0,1,220,0,1,0
TF,DAPSU,-36.761994,-64.318603,0, ,0.0,0.0,0.0,0.0,2,2300,0,1,180,0,1,0

APPTR,R01,01,KIKAV
IF,KIKAV,-36.843828,-64.338892, ,0.0,0.0,2,3000,0,1,220,0,1,0
TF,DAPSU,-36.761994,-64.318603,0, ,0.0,0.0,0.0,0.0,2,2300,0,1,180,0,1,0

APPTR,R01,01,TORAP
IF,TORAP,-36.778258,-64.216872, ,0.0,0.0,2,3000,0,1,220,0,1,0
TF,DAPSU,-36.761994,-64.318603,0, ,0.0,0.0,0.0,0.0,2,2300,0,1,180,0,1,0

FINAL,R01,01,R,4
IF,DAPSU,-36.761994,-64.318603, ,0.0,0.0,2,2300,0,1,180,0,0,0
TF,BUXOP,-36.680164,-64.298328,0, ,0.0,0.0,15.0,5.0,2,2260,0,0,0,0,2,0
TF,ZR009,-36.631061,-64.286183,0, ,0.0,0.0,15.0,3.0,2,1310,0,0,0,0,0,0
TF,RW01,-36.598325,-64.278094,0, ,0.0,0.0,15.0,2.0,1,665,0,0,0,0,3,1
CF,ZARZA,-36.496158,-64.252897,0,OSA,14.4,5.3,15.0,6.2,0,0,0,0,0,0,0,1
DF,ESBER,-36.745642,-64.420289,1, ,0.0,0.0,2,3000,0,0,0,0,0,0
HM,ESBER,-36.745642,-64.420289,2, ,0.0,0.0,105.0,04,2,3000,0,1,210,0,0,0,0

APPTR,R19,19,KUBSI
IF,KUBSI,-36.397975,-64.333975, ,0.0,0.0,2,3000,0,1,220,0,1,0
TF,UMTAB,-36.414317,-64.232739,0, ,0.0,0.0,0.0,0.0,2,2300,0,1,180,0,1,0

APPTR,R19,19,RAXIV
IF,RAXIV,-36.430567,-64.131458, ,0.0,0.0,2,3000,0,1,220,0,1,0
TF,UMTAB,-36.414317,-64.232739,0, ,0.0,0.0,0.0,0.0,2,2300,0,1,180,0,1,0

APPTR,R19,19,URISI
IF,URISI,-36.332472,-64.212600, ,0.0,0.0,2,3000,0,1,220,0,1,0
TF,UMTAB,-36.414317,-64.232739,0, ,0.0,0.0,0.0,0.0,2,2300,0,1,180,0,1,0

FINAL,R19,19,R,3
IF,UMTAB,-36.414317,-64.232739, ,0.0,0.0,2,2300,0,1,180,0,0,0
TF,ZARZA,-36.496158,-64.252897,0, ,0.0,0.0,195.0,5.0,2,2270,0,0,0,0,2,0
TF,RW19,-36.578003,-64.273078,0, ,0.0,0.0,195.0,5.0,1,673,0,0,0,0,3,1
CF,ZR009,-36.631061,-64.286183,0,OSA,196.8,2.9,195.0,3.2,0,0,0,0,0,0,0,1
DF,KUBSI,-36.397975,-64.333975,2, ,0.0,0.0,2,3000,0,0,0,0,0,0
HM,KUBSI,-36.397975,-64.333975,1, ,0.0,0.0,105.0,04,2,3000,0,1,210,0,0,0,0

