SID,ILMA1B,03,5
VA,0,25.0,2,1200,0,0,0,0,0,0
DF,BE106,-1.358611,-48.583319,1, ,0.0,0.0,0,0,0,0,0,0,0,0
TF,BE107,-1.417778,-48.643244,0, ,0.0,0.0,0.0,0.0,2,6000,0,0,0,0,0,0
TF,BE392,-1.462000,-48.694000,0, ,0.0,0.0,0.0,0.0,0,0,0,0,0,0,0,0
TF,ILMAN,-1.493500,-49.135333,0, ,0.0,0.0,0.0,0.0,0,0,0,0,0,0,0,0

SID,ILSA1B,03,5
VA,0,25.0,2,1200,0,0,0,0,0,0
DF,BE111,-1.621944,-48.392786,2, ,0.0,0.0,2,8000,0,0,0,0,0,0
TF,BE112,-1.804167,-48.361078,0, ,0.0,0.0,0.0,0.0,0,0,0,0,0,0,0,0
TF,ILSAT,-2.034833,-48.317500,0, ,0.0,0.0,0.0,0.0,0,0,0,0,0,0,0,0

SID,ILSA1C,07,5
CA,0,66.0,2,1200,0,0,0,0,0,0
DF,BE111,-1.621944,-48.392786,2, ,0.0,0.0,2,8000,0,0,0,0,0,0
TF,BE112,-1.804167,-48.361078,0, ,0.0,0.0,0.0,0.0,0,0,0,0,0,0,0,0
TF,ILSAT,-2.034833,-48.317500,0, ,0.0,0.0,0.0,0.0,0,0,0,0,0,0,0,0

SID,ITAK1A,07,5
CA,0,66.0,2,1200,0,0,0,0,0,0
DF,BE133,-1.364664,-48.333022,0, ,0.0,0.0,2,2500,0,1,230,0,0,0
TF,ITAKI,-1.690664,-47.406064,0, ,0.0,0.0,0.0,0.0,0,0,0,0,0,0,0,0

SID,ITAK1B,03,5
VA,0,25.0,2,1200,0,0,0,0,0,0
DF,ITAKI,-1.690664,-47.406064,2, ,0.0,0.0,0,0,0,0,0,0,0,0

SID,OMNI,03,1
DF,DER03,-1.374064,-48.475747,0, ,0.0,0.0,0,0,0,0,0,0,0,1
CA,0,25.0,2,700,0,0,0,0,0,0
VM,0,0,0,25.0,0,0,0,0,0,0,0,0

SID,OMNI,07,1
DF,DER07,-1.370250,-48.467078,0, ,0.0,0.0,0,0,0,0,0,0,0,1
CA,0,66.0,2,700,0,0,0,0,0,0
VM,0,0,0,66.0,0,0,0,0,0,0,0,0

SID,OMNI,21,1
DF,DER21,-1.390528,-48.477156,0, ,0.0,0.0,0,0,0,0,0,0,0,1
CA,0,205.0,2,700,0,0,0,0,0,0
VM,0,0,0,205.0,0,0,0,0,0,0,0,0

SID,OMNI,25,1
DF,DER25,-1.388017,-48.485008,0, ,0.0,0.0,0,0,0,0,0,0,0,1
CA,0,246.0,2,700,0,0,0,0,0,0
VM,0,0,0,246.0,0,0,0,0,0,0,0,0

SID,PAKU1A,07,5
CA,0,66.0,2,1200,0,0,0,0,0,0
DF,BE106,-1.358611,-48.583319,1, ,0.0,0.0,0,0,0,0,0,0,0,0
TF,BE107,-1.417778,-48.643244,0, ,0.0,0.0,0.0,0.0,2,6000,0,0,0,0,0,0
TF,BE392,-1.462000,-48.694000,0, ,0.0,0.0,0.0,0.0,0,0,0,0,0,0,0,0
TF,ILMAN,-1.493500,-49.135333,0, ,0.0,0.0,0.0,0.0,0,0,0,0,0,0,0,0
TF,BE108,-1.503056,-49.484789,0, ,0.0,0.0,0.0,0.0,0,0,0,0,0,0,0,0
TF,BE109,-1.584722,-50.052942,0, ,0.0,0.0,0.0,0.0,0,0,0,0,0,0,0,0
TF,PAKUT,-1.799325,-50.981558,0, ,0.0,0.0,0.0,0.0,0,0,0,0,0,0,0,0

SID,PAKU1B,03,5
VA,0,25.0,2,1200,0,0,0,0,0,0
DF,BE106,-1.358611,-48.583319,1, ,0.0,0.0,0,0,0,0,0,0,0,0
TF,BE107,-1.417778,-48.643244,0, ,0.0,0.0,0.0,0.0,2,6000,0,0,0,0,0,0
TF,BE392,-1.462000,-48.694000,0, ,0.0,0.0,0.0,0.0,0,0,0,0,0,0,0,0
TF,ILMAN,-1.493500,-49.135333,0, ,0.0,0.0,0.0,0.0,0,0,0,0,0,0,0,0
TF,BE108,-1.503056,-49.484789,0, ,0.0,0.0,0.0,0.0,0,0,0,0,0,0,0,0
TF,BE109,-1.584722,-50.052942,0, ,0.0,0.0,0.0,0.0,0,0,0,0,0,0,0,0
TF,PAKUT,-1.799325,-50.981558,0, ,0.0,0.0,0.0,0.0,0,0,0,0,0,0,0,0

SID,PAKU1C,07,5
CA,0,66.0,2,1200,0,0,0,0,0,0
DF,BE106,-1.358611,-48.583319,1, ,0.0,0.0,0,0,0,0,0,0,0,0
TF,BE199,-1.430231,-50.049008,0, ,0.0,0.0,0.0,0.0,0,0,0,0,0,0,0,0
TF,PAKUT,-1.799325,-50.981558,0, ,0.0,0.0,0.0,0.0,0,0,0,0,0,0,0,0

SID,PUDM1A,07,5
CA,0,66.0,2,1200,0,0,0,0,0,0
DF,BE101,-1.265206,-48.534803,1, ,0.0,0.0,2,2500,0,0,0,0,0,0
TF,BE102,-0.795289,-49.296131,0, ,0.0,0.0,0.0,0.0,0,0,0,0,0,0,0,0
TF,PUDMI,-0.446164,-49.872289,0, ,0.0,0.0,0.0,0.0,0,0,0,0,0,0,0,0

SID,PUDM1B,03,5
VA,0,25.0,2,1200,0,0,0,0,0,0
DF,BE101,-1.265206,-48.534803,0, ,0.0,0.0,2,2500,0,0,0,0,0,0
TF,BE102,-0.795289,-49.296131,0, ,0.0,0.0,0.0,0.0,0,0,0,0,0,0,0,0
TF,PUDMI,-0.446164,-49.872289,0, ,0.0,0.0,0.0,0.0,0,0,0,0,0,0,0,0

SID,VULA1A,07,5
CA,0,66.0,2,1200,0,0,0,0,0,0
DF,BE111,-1.621944,-48.392786,2, ,0.0,0.0,0,0,0,0,0,0,0,0
TF,BE112,-1.804167,-48.361078,0, ,0.0,0.0,0.0,0.0,3,4000,0,0,0,0,0,0
TF,UGUTI,-1.920611,-48.338322,0, ,0.0,0.0,0.0,0.0,2,6500,0,0,0,0,0,0
TF,ILSAT,-2.034833,-48.317500,0, ,0.0,0.0,0.0,0.0,0,0,0,0,0,0,0,0
TF,VULAP,-2.880489,-48.208433,0, ,0.0,0.0,0.0,0.0,0,0,0,0,0,0,0,0

SID,VULA1A,ANGIM,6
IF,VULAP,-2.880489,-48.208433, ,0.0,0.0,0,0,0,0,0,0,0,0
TF,ANGIM,-3.502600,-48.123031,0, ,0.0,0.0,0.0,0.0,0,0,0,0,0,0,0,0

SID,VULA1A,LEMIS,6
IF,VULAP,-2.880489,-48.208433, ,0.0,0.0,0,0,0,0,0,0,0,0
TF,LEMIS,-4.496692,-48.437008,0, ,0.0,0.0,0.0,0.0,0,0,0,0,0,0,0,0

SID,VULA1B,03,5
VA,0,25.0,2,1200,0,0,0,0,0,0
DF,BE111,-1.621944,-48.392786,2, ,0.0,0.0,2,8000,0,0,0,0,0,0
TF,BE112,-1.804167,-48.361078,0, ,0.0,0.0,0.0,0.0,0,0,0,0,0,0,0,0
TF,ILSAT,-2.034833,-48.317500,0, ,0.0,0.0,0.0,0.0,0,0,0,0,0,0,0,0
TF,VULAP,-2.880489,-48.208433,0, ,0.0,0.0,0.0,0.0,0,0,0,0,0,0,0,0

SID,VULA1B,ANGIM,6
IF,VULAP,-2.880489,-48.208433, ,0.0,0.0,0,0,0,0,0,0,0,0
TF,ANGIM,-3.502600,-48.123031,0, ,0.0,0.0,0.0,0.0,0,0,0,0,0,0,0,0

SID,VULA1B,LEMIS,6
IF,VULAP,-2.880489,-48.208433, ,0.0,0.0,0,0,0,0,0,0,0,0
TF,LEMIS,-4.496692,-48.437008,0, ,0.0,0.0,0.0,0.0,0,0,0,0,0,0,0,0

SID,VULA1C,07,5
CA,0,66.0,2,1200,0,0,0,0,0,0
DF,BE111,-1.621944,-48.392786,2, ,0.0,0.0,2,8000,0,0,0,0,0,0
TF,BE112,-1.804167,-48.361078,0, ,0.0,0.0,0.0,0.0,0,0,0,0,0,0,0,0
TF,ILSAT,-2.034833,-48.317500,0, ,0.0,0.0,0.0,0.0,0,0,0,0,0,0,0,0
TF,VULAP,-2.880489,-48.208433,0, ,0.0,0.0,0.0,0.0,0,0,0,0,0,0,0,0

SID,VULA1C,ANGIM,6
IF,VULAP,-2.880489,-48.208433, ,0.0,0.0,0,0,0,0,0,0,0,0
TF,ANGIM,-3.502600,-48.123031,0, ,0.0,0.0,0.0,0.0,0,0,0,0,0,0,0,0

SID,VULA1C,LEMIS,6
IF,VULAP,-2.880489,-48.208433, ,0.0,0.0,0,0,0,0,0,0,0,0
TF,LEMIS,-4.496692,-48.437008,0, ,0.0,0.0,0.0,0.0,0,0,0,0,0,0,0,0

STAR,IROM1A,07,5
IF,IROMU,-3.491667,-48.450556, ,0.0,0.0,0,0,0,0,0,0,0,0
TF,BE131,-2.500556,-48.509017,0, ,0.0,0.0,0.0,0.0,0,0,0,0,0,0,0,0
TF,BE132,-2.057419,-48.535158,0, ,0.0,0.0,0.0,0.0,0,0,0,0,0,0,0,0
TF,BE393,-1.596500,-48.562333,0, ,0.0,0.0,0.0,0.0,2,4500,0,0,0,0,0,0

STAR,IROM1B,07,5
IF,IROMU,-3.491667,-48.450556, ,0.0,0.0,0,0,0,0,0,0,0,0
TF,BE149,-2.716667,-48.497631,0, ,0.0,0.0,0.0,0.0,2,20000,0,0,0,0,0,0
TF,BE151,-2.311600,-48.522289,0, ,0.0,0.0,0.0,0.0,1,16000,0,1,230,0,0,0
TF,BE152,-2.310703,-48.693706,0, ,0.0,0.0,0.0,0.0,0,0,0,0,0,0,0,0
TF,BE153,-2.293108,-48.792939,0, ,0.0,0.0,0.0,0.0,0,0,0,0,0,0,0,0
TF,BE154,-2.263183,-48.889208,0, ,0.0,0.0,0.0,0.0,0,0,0,0,0,0,0,0
TF,BE156,-2.221400,-48.981003,0, ,0.0,0.0,0.0,0.0,0,0,0,0,0,0,0,0
TF,BE157,-2.168414,-49.066883,0, ,0.0,0.0,0.0,0.0,0,0,0,0,0,0,0,0
TF,BE158,-2.105053,-49.145508,0, ,0.0,0.0,0.0,0.0,0,0,0,0,0,0,0,0
TF,BE159,-2.032319,-49.215647,0, ,0.0,0.0,0.0,0.0,0,0,0,0,0,0,0,0
TF,BE161,-1.951347,-49.276203,0, ,0.0,0.0,0.0,0.0,0,0,0,0,0,0,0,0
TF,BE162,-1.863411,-49.326233,0, ,0.0,0.0,0.0,0.0,0,0,0,0,0,0,0,0
TF,BE196,-1.782639,-49.360464,0, ,0.0,0.0,0.0,0.0,0,0,0,0,0,0,0,0
TF,BE197,-1.697239,-49.386142,0, ,0.0,0.0,0.0,0.0,1,16000,0,1,230,0,0,0
TF,BE367,-1.505167,-48.603833,0, ,0.0,0.0,0.0,0.0,2,2700,0,1,170,0,0,0

STAR,LIVE1A,07,5
IF,LIVED,-2.073056,-47.581111, ,0.0,0.0,0,0,0,0,0,0,0,0
TF,BE126,-1.878478,-48.012778,0, ,0.0,0.0,0.0,0.0,0,0,0,0,0,0,0,0
TF,BE127,-1.746667,-48.304661,0, ,0.0,0.0,0.0,0.0,3,7000,0,0,0,0,0,0
TF,BE128,-1.643056,-48.482931,0, ,0.0,0.0,0.0,0.0,2,5000,0,0,0,0,0,0
TF,BE393,-1.596500,-48.562333,0, ,0.0,0.0,0.0,0.0,2,4500,0,0,0,0,0,0

STAR,PAKU1A,07,5
IF,PAKUT,-1.799325,-50.981558, ,0.0,0.0,0,0,0,0,0,0,0,0
TF,BE114,-1.770994,-50.108094,0, ,0.0,0.0,0.0,0.0,0,0,0,0,0,0,0,0
TF,BE116,-1.680661,-49.441072,0, ,0.0,0.0,0.0,0.0,0,0,0,0,0,0,0,0
TF,BE117,-1.634453,-49.101878,0, ,0.0,0.0,0.0,0.0,0,0,0,0,0,0,0,0
TF,BE389,-1.576000,-48.674667,0, ,0.0,0.0,0.0,0.0,2,4500,0,0,0,0,0,0

STAR,SIMU1A,07,5
IF,SIMUK,-1.589347,-49.712806, ,0.0,0.0,2,20000,0,0,0,0,0,0
TF,BE198,-1.682606,-49.496736,0, ,0.0,0.0,0.0,0.0,1,15000,0,0,0,0,0,0
TF,BE179,-1.709214,-49.435050,0, ,0.0,0.0,0.0,0.0,1,15000,0,1,230,0,0,0
TF,BE181,-1.821872,-49.399517,0, ,0.0,0.0,0.0,0.0,0,0,0,0,0,0,0,0
TF,BE182,-1.913761,-49.357086,0, ,0.0,0.0,0.0,0.0,0,0,0,0,0,0,0,0
TF,BE183,-2.000003,-49.304214,0, ,0.0,0.0,0.0,0.0,0,0,0,0,0,0,0,0
TF,BE184,-2.079400,-49.241622,0, ,0.0,0.0,0.0,0.0,0,0,0,0,0,0,0,0
TF,BE186,-2.150850,-49.170183,0, ,0.0,0.0,0.0,0.0,0,0,0,0,0,0,0,0
TF,BE187,-2.213358,-49.090881,0, ,0.0,0.0,0.0,0.0,0,0,0,0,0,0,0,0
TF,BE188,-2.266058,-49.004817,0, ,0.0,0.0,0.0,0.0,0,0,0,0,0,0,0,0
TF,BE189,-2.308214,-48.913183,0, ,0.0,0.0,0.0,0.0,0,0,0,0,0,0,0,0
TF,BE191,-2.339239,-48.817253,0, ,0.0,0.0,0.0,0.0,0,0,0,0,0,0,0,0
TF,BE192,-2.358700,-48.718356,0, ,0.0,0.0,0.0,0.0,0,0,0,0,0,0,0,0
TF,BE193,-2.366331,-48.617869,0, ,0.0,0.0,0.0,0.0,0,0,0,0,0,0,0,0
TF,BE194,-2.362225,-48.519211,0, ,0.0,0.0,0.0,0.0,1,15000,0,1,230,0,0,0
TF,BE367,-1.505167,-48.603833,0, ,0.0,0.0,0.0,0.0,2,2700,0,1,170,0,0,0

STAR,VUSN1A,07,5
IF,VUSNA,-0.819722,-49.684167, ,0.0,0.0,0,0,0,0,0,0,0,0
TF,BE121,-1.186089,-49.119728,0, ,0.0,0.0,0.0,0.0,0,0,0,0,0,0,0,0
TF,BE122,-1.425278,-48.750417,0, ,0.0,0.0,0.0,0.0,3,5000,0,0,0,0,0,0
TF,BE392,-1.462000,-48.694000,0, ,0.0,0.0,0.0,0.0,2,3000,0,0,0,0,0,0

APPTR,D03,03,KEVOM
IF,KEVOM,-1.470608,-48.335906, ,0.0,0.0,2,3000,0,0,0,0,1,0
AF,DABEG,-1.551819,-48.475619,2,BEL,199.0,10.0,141.0,2,2700,0,0,0,0,0,0

APPTR,D03,03,SURDI
IF,SURDI,-1.296556,-48.620281, ,0.0,0.0,2,3000,0,0,0,0,1,0
AF,DABEG,-1.551819,-48.475619,1,BEL,199.0,10.0,322.0,2,2700,0,0,0,0,0,0

FINAL,D03,03,D,4
IF,DABEG,-1.551819,-48.475619,BEL,199.0,10.0,2,2700,0,0,0,0,0,0
CF,KUGMO,-1.468089,-48.477092,0,BEL,199.0,5.0,19.0,5.0,2,1550,0,0,0,0,2,0
CF,BE038,-1.429067,-48.477778,0,BEL,199.0,2.7,19.0,2.3,2,803,0,0,0,0,0,0
CF,BEL06,-1.390506,-48.478456,0,BEL,199.0,0.4,19.0,2.3,1,71,0,0,0,0,3,0
CF,BEL,-1.384358,-48.478564,0,BEL,0.0,0.0,19.0,0.4,0,0,0,0,0,0,0,1
CA,0,19.0,2,1200,0,0,0,0,0,0
VI,0, ,0.0,330.0,0,0,0,0,0,0,0,0
AF,SURDI,-1.296556,-48.620281,1,BEL,321.6,10.0,343.0,2,3000,0,0,0,0,0,0
HM,SURDI,-1.296556,-48.620281,1, ,0.0,0.0,142.0,04.3,2,3000,0,0,0,0,0,0,0

APPTR,D07,07,KEVOM
IF,KEVOM,-1.470608,-48.335906, ,0.0,0.0,2,3000,0,0,0,0,1,0
AF,MUBIR,-1.489669,-48.607969,2,BEL,251.0,10.0,141.0,2,2700,0,0,0,0,0,0

APPTR,D07,07,SURDI
IF,SURDI,-1.296556,-48.620281, ,0.0,0.0,2,3000,0,0,0,0,1,0
AF,MUBIR,-1.489669,-48.607969,1,BEL,251.0,10.0,322.0,2,2700,0,0,0,0,0,0

FINAL,D07,07,D,4
IF,MUBIR,-1.489669,-48.607969,BEL,251.0,10.0,2,2700,0,0,0,0,0,0
CF,EVTOD,-1.437014,-48.543264,0,BEL,251.0,5.0,71.0,5.0,2,1540,0,0,0,0,2,0
CF,BE015,-1.413161,-48.513953,0,BEL,251.0,2.7,71.0,2.3,2,819,0,0,0,0,0,0
CF,BEL10,-1.388939,-48.484192,0,BEL,251.0,0.4,71.0,2.3,1,93,0,0,0,0,3,0
CF,BEL,-1.384358,-48.478564,0,BEL,0.0,0.0,71.0,0.4,0,0,0,0,0,0,0,1
CA,0,71.0,2,1200,0,0,0,0,0,0
VI,0, ,0.0,360.0,0,0,0,0,0,0,0,0
AF,SURDI,-1.296556,-48.620281,1,BEL,321.6,10.0,19.0,2,3000,0,0,0,0,0,0
HM,SURDI,-1.296556,-48.620281,1, ,0.0,0.0,142.0,04.3,2,3000,0,0,0,0,0,0,0

APPTR,D25,25,KEVOM
IF,KEVOM,-1.470608,-48.335906, ,0.0,0.0,2,3000,0,0,0,0,1,0
AF,ROMUC,-1.259569,-48.367569,1,BEL,61.8,10.0,141.0,2,2700,0,0,0,0,0,0

APPTR,D25,25,SURDI
IF,SURDI,-1.296556,-48.620281, ,0.0,0.0,2,3000,0,0,0,0,1,0
AF,ROMUC,-1.259569,-48.367569,2,BEL,61.8,10.0,322.0,2,2700,0,0,0,0,0,0

FINAL,D25,25,D,4
IF,ROMUC,-1.259569,-48.367569,BEL,61.8,10.0,2,2700,0,0,0,0,0,0
CF,VUGAV,-1.321167,-48.421667,0,BEL,62.2,5.1,243.0,4.9,2,1390,0,0,0,0,2,0
CF,BE036,-1.343292,-48.439736,0,BEL,63.6,3.4,243.0,1.7,2,835,0,0,0,0,0,0
CF,BE032,-1.371094,-48.466219,0,BEL,63.1,1.1,243.0,2.3,1,102,0,0,0,0,3,0
CF,BEL,-1.384358,-48.478564,0,BEL,0.0,0.0,243.0,1.1,0,0,0,0,0,0,0,1
CA,0,243.0,2,1200,0,0,0,0,0,0
VI,0, ,0.0,300.0,0,0,0,0,0,0,0,0
AF,SURDI,-1.296556,-48.620281,2,BEL,321.6,10.0,284.0,2,3000,0,0,0,0,0,0
HM,SURDI,-1.296556,-48.620281,1, ,0.0,0.0,142.0,04.3,2,3000,0,0,0,0,0,0,0

APPTR,I07-V,07,KEVOM
IF,KEVOM,-1.470608,-48.335906, ,0.0,0.0,2,3000,0,0,0,0,1,0
AF,D234J,-1.523211,-48.571628,2,BEL,234.0,10.0,141.0,2,2700,0,0,0,0,0,0
VI,0,IBE,0.0,36.0,0,0,0,0,0,0,0,0

APPTR,I07-V,07,SURDI
IF,SURDI,-1.296556,-48.620281, ,0.0,0.0,2,3000,0,0,0,0,1,0
AF,D258J,-1.473108,-48.619697,1,BEL,258.0,10.0,322.0,2,2700,0,0,0,0,0,0
VI,0,IBE,0.0,96.0,0,0,0,0,0,0,0,0

FINAL,I07-V,07,I,3
IF,UPORA,-1.500475,-48.598497,IBE,245.4,11.2,2,2700,0,0,0,0,0,0
CF,OPRIV,-1.446767,-48.544306,0,IBE,245.4,6.6,66.0,4.6,1,1690,0,0,0,0,2,0
CF,RW07,-1.388017,-48.485008,0,IBE,245.4,1.6,66.0,5.0,1,93,0,0,0,0,3,0
CA,0,66.0,2,1200,0,0,0,0,0,0
VI,0, ,0.0,360.0,0,0,0,0,0,0,0,0
AF,SURDI,-1.296556,-48.620281,1,BEL,321.6,10.0,16.0,2,3000,0,0,0,0,0,0
HM,SURDI,-1.296556,-48.620281,1, ,0.0,0.0,142.0,04.3,2,3000,0,0,0,0,0,0,0

APPTR,I07-W,07,BE389
IF,BE389,-1.576000,-48.674667, ,0.0,0.0,2,4500,0,0,0,0,1,0
TF,BE367,-1.505167,-48.603833,0,IBE,0.0,0.0,0.0,0.0,2,2700,0,0,0,0,1,0

APPTR,I07-W,07,BE392
IF,BE392,-1.462000,-48.694000, ,0.0,0.0,2,3000,0,0,0,0,1,0
TF,BE367,-1.505167,-48.603833,0,IBE,0.0,0.0,0.0,0.0,2,2700,0,0,0,0,1,0

APPTR,I07-W,07,BE393
IF,BE393,-1.596500,-48.562333, ,0.0,0.0,2,4500,0,0,0,0,1,0
TF,BE367,-1.505167,-48.603833,0,IBE,0.0,0.0,0.0,0.0,2,2700,0,0,0,0,1,0

FINAL,I07-W,07,I,3
IF,BE367,-1.505167,-48.603833,IBE,245.6,11.6,2,2700,0,0,0,0,0,0
CF,OPRIV,-1.446767,-48.544306,0,IBE,245.4,6.6,66.0,5.0,1,1690,0,0,0,0,2,0
CF,RW07,-1.388017,-48.485008,0,IBE,245.4,1.6,66.0,5.0,1,93,0,0,0,0,3,0
CA,0,66.0,2,1200,0,0,0,0,0,0
DF,BE172,-1.139092,-48.416369,0, ,0.0,0.0,2,4000,0,0,0,0,0,1
HM,BE172,-1.139092,-48.416369,1, ,0.0,0.0,357.0,04.3,2,4000,0,0,0,0,0,0,0

APPTR,I07-Z,07,D142L
IF,D142L,-1.489708,-48.308489, ,0.0,0.0,2,2000,0,0,0,0,0,0
CF,BEL09,-1.472150,-48.336842,0,BEL,141.6,10.0,322.0,2.0,2,2000,0,0,0,0,0,0
AF,D234J,-1.523211,-48.571628,2,BEL,234.0,10.0,142.0,2,2000,0,0,0,0,0,0
CI,0,IBE,0.0,36.0,0,0,0,0,0,0,0,0

APPTR,I07-Z,07,SURDI
IF,SURDI,-1.296556,-48.620281, ,0.0,0.0,2,2000,0,0,0,0,1,0
AF,D258J,-1.473108,-48.619697,1,BEL,258.0,10.0,322.0,2,2000,0,0,0,0,0,0
CI,0,IBE,0.0,96.0,0,0,0,0,0,0,0,0

FINAL,I07-Z,07,I,3
IF,UPORA,-1.500475,-48.598497,IBE,245.4,11.2,2,2000,0,0,0,0,0,0
CF,OPRIV,-1.446767,-48.544306,0,IBE,245.4,6.6,66.0,4.6,1,1690,0,0,0,0,2,0
CF,RW07,-1.388017,-48.485008,0,IBE,245.4,1.6,66.0,5.0,1,93,0,0,0,0,3,0
CA,0,66.0,2,1200,0,0,0,0,0,0
VI,0, ,0.0,360.0,2,2000,0,0,0,0,0,0
AF,SURDI,-1.296556,-48.620281,1,BEL,321.6,10.0,16.0,2,2000,0,0,0,0,0,0
HM,SURDI,-1.296556,-48.620281,1, ,0.0,0.0,142.0,04.3,2,2000,0,0,0,0,0,0,0

APPTR,L07-Z,07,D142L
IF,D142L,-1.489708,-48.308489, ,0.0,0.0,2,2000,0,0,0,0,0,0
CF,BEL09,-1.472150,-48.336842,0,BEL,141.6,10.0,322.0,2.0,2,2000,0,0,0,0,0,0
AF,D234J,-1.523211,-48.571628,2,BEL,234.0,10.0,142.0,2,2000,0,0,0,0,0,0
CI,0,IBE,0.0,36.0,0,0,0,0,0,0,0,0

APPTR,L07-Z,07,SURDI
IF,SURDI,-1.296556,-48.620281, ,0.0,0.0,2,2000,0,0,0,0,1,0
AF,D258J,-1.473108,-48.619697,1,BEL,258.0,10.0,322.0,2,2000,0,0,0,0,0,0
CI,0,IBE,0.0,96.0,0,0,0,0,0,0,0,0

FINAL,L07-Z,07,D,3
IF,UPORA,-1.500475,-48.598497,IBE,245.4,11.2,2,2000,0,0,0,0,0,0
CF,OPRIV,-1.446767,-48.544306,0,IBE,245.4,6.6,66.0,4.6,2,1690,0,0,0,0,2,0
CF,IBE01,-1.387992,-48.485033,0,IBE,245.5,1.6,66.0,5.0,1,93,0,0,0,0,3,0
CA,0,66.0,2,1200,0,0,0,0,0,0
VI,0, ,0.0,360.0,2,2000,0,0,0,0,0,0
AF,SURDI,-1.296556,-48.620281,1,BEL,321.6,10.0,16.0,2,2000,0,0,0,0,0,0
HM,SURDI,-1.296556,-48.620281,1, ,0.0,0.0,142.0,04.3,2,2000,0,0,0,0,0,0,0

APPTR,R03,03,BE028
IF,BE028,-1.640858,-48.498542, ,0.0,0.0,2,4000,0,0,0,0,1,0
TF,BE027,-1.557422,-48.491411,0, ,0.0,0.0,0.0,0.0,2,2700,0,0,0,0,1,0

APPTR,R03,03,BE029
IF,BE029,-1.579228,-48.571756, ,0.0,0.0,2,4000,0,0,0,0,1,0
TF,BE027,-1.557422,-48.491411,0, ,0.0,0.0,0.0,0.0,2,2700,0,0,0,0,1,0

APPTR,R03,03,BE031
IF,BE031,-1.592689,-48.415936, ,0.0,0.0,2,4000,0,0,0,0,1,0
TF,BE027,-1.557422,-48.491411,0, ,0.0,0.0,0.0,0.0,2,2700,0,0,0,0,1,0

FINAL,R03,03,R,4
IF,BE027,-1.557422,-48.491411, ,0.0,0.0,2,2700,0,0,0,0,0,0
TF,BE026,-1.473986,-48.484283,0, ,0.0,0.0,25.0,5.0,2,1670,0,0,0,0,2,0
TF,BE012,-1.428931,-48.480433,0, ,0.0,0.0,25.0,2.7,2,803,0,0,0,0,0,0
TF,RW03,-1.390550,-48.477156,0, ,0.0,0.0,25.0,2.3,1,71,0,0,0,0,3,1
VA,0,25.0,2,1200,0,0,0,0,0,0
DF,BE172,-1.139092,-48.416369,0, ,0.0,0.0,2,4000,0,0,0,0,0,1
HM,BE172,-1.139092,-48.416369,1, ,0.0,0.0,240.0,04.3,2,4000,0,0,0,0,0,0,0

APPTR,R07-X,07,BE389
IF,BE389,-1.576000,-48.674667, ,0.0,0.0,2,4500,0,0,0,0,1,0
TF,BE367,-1.505167,-48.603833,0, ,0.0,0.0,0.0,0.0,2,2700,0,0,0,0,1,0

APPTR,R07-X,07,BE392
IF,BE392,-1.462000,-48.694000, ,0.0,0.0,2,3000,0,0,0,0,1,0
TF,BE367,-1.505167,-48.603833,0, ,0.0,0.0,0.0,0.0,2,2700,0,0,0,0,1,0

APPTR,R07-X,07,BE393
IF,BE393,-1.596500,-48.562333, ,0.0,0.0,2,4500,0,0,0,0,1,0
TF,BE367,-1.505167,-48.603833,0, ,0.0,0.0,0.0,0.0,2,2700,0,0,0,0,1,0

FINAL,R07-X,07,R,4
IF,BE367,-1.505167,-48.603833, ,0.0,0.0,2,2700,0,0,0,0,0,0
TF,BE368,-1.446500,-48.544333,0, ,0.0,0.0,66.0,5.0,2,1680,0,0,0,0,2,0
TF,BE039,-1.414972,-48.512353,0, ,0.0,0.0,66.0,2.7,2,820,0,0,0,0,0,0
TF,RW07,-1.388017,-48.485008,0, ,0.0,0.0,66.0,2.3,1,87,0,0,0,0,3,1
VA,0,66.0,2,1200,0,0,0,0,0,0
DF,BE172,-1.139092,-48.416369,0, ,0.0,0.0,2,4000,0,0,0,0,0,1
HM,BE172,-1.139092,-48.416369,1, ,0.0,0.0,66.0,04.3,2,4000,0,0,0,0,0,0,0

APPTR,R25,25,BE386
IF,BE386,-1.182167,-48.277333, ,0.0,0.0,2,4000,0,0,0,0,1,0
TF,BE363,-1.253056,-48.348194,0, ,0.0,0.0,0.0,0.0,2,2700,0,0,0,0,1,0

APPTR,R25,25,BE387
IF,BE387,-1.296167,-48.258000, ,0.0,0.0,2,4000,0,0,0,0,1,0
TF,BE363,-1.253056,-48.348194,0, ,0.0,0.0,0.0,0.0,2,2700,0,0,0,0,1,0

APPTR,R25,25,BE411
IF,BE411,-1.161667,-48.389667, ,0.0,0.0,2,4000,0,0,0,0,1,0
TF,BE363,-1.253056,-48.348194,0, ,0.0,0.0,0.0,0.0,2,2700,0,0,0,0,1,0

FINAL,R25,25,R,4
IF,BE363,-1.253056,-48.348194, ,0.0,0.0,2,2700,0,0,0,0,0,0
TF,BE378,-1.311667,-48.407667,0, ,0.0,0.0,246.0,5.0,2,1700,0,0,0,0,2,0
TF,BE036,-1.343292,-48.439736,0, ,0.0,0.0,246.0,2.7,2,835,0,0,0,0,0,0
TF,RW25,-1.370250,-48.467078,0, ,0.0,0.0,246.0,2.3,1,102,0,0,0,0,3,1
TF,BE389,-1.576000,-48.674667,0, ,0.0,0.0,0.0,0.0,2,4000,0,0,0,0,0,1
HM,BE389,-1.576000,-48.674667,1, ,0.0,0.0,66.0,04.3,2,4000,0,0,0,0,0,0,0

