SID,ATAV1A,35,5
CF,EVNON,-15.599167,-56.145333,0,CIA,349.4,3.9,351.0,3.0,0,0,0,0,0,0,0,1
TF,CY002,-15.664014,-56.227397,1, ,0.0,0.0,0.0,0.0,2,3500,0,0,0,0,0,0
TF,CY003,-15.798236,-56.216686,0, ,0.0,0.0,0.0,0.0,2,6000,0,0,0,0,0,0
TF,ATAVA,-15.902414,-56.208364,0, ,0.0,0.0,0.0,0.0,0,0,0,0,0,0,0,0

SID,ATAV1A,DIKUN,6
IF,ATAVA,-15.902414,-56.208364, ,0.0,0.0,0,0,0,0,0,0,0,0
TF,CY004,-15.997744,-56.057642,0, ,0.0,0.0,0.0,0.0,2,10000,0,0,0,0,0,0
TF,DIKUN,-17.300000,-53.966944,0, ,0.0,0.0,0.0,0.0,0,0,0,0,0,0,0,0

SID,ATAV1A,TOSAR,6
IF,ATAVA,-15.902414,-56.208364, ,0.0,0.0,0,0,0,0,0,0,0,0
TF,CY006,-17.166414,-55.883475,0, ,0.0,0.0,0.0,0.0,0,0,0,0,0,0,0,0
TF,TOSAR,-17.650667,-55.524500,0, ,0.0,0.0,0.0,0.0,0,0,0,0,0,0,0,0

SID,EQUA1A,35,5
CF,KULIP,-15.439822,-56.229889,0,CIA,351.1,14.6,351.0,13.7,0,0,0,0,0,0,0,0
TF,CY043,-14.918531,-56.190828,0, ,0.0,0.0,0.0,0.0,0,0,0,0,0,0,0,0
TF,CY038,-14.651508,-56.173356,0, ,0.0,0.0,0.0,0.0,0,0,0,0,0,0,0,0
TF,EQUAL,-13.756667,-56.109667,0, ,0.0,0.0,0.0,0.0,0,0,0,0,0,0,0,0

SID,GAXI1B,17,5
CA,0,171.0,2,1300,0,0,0,0,0,0
DF,CY033,-15.752728,-56.171425,0, ,0.0,0.0,0,0,0,0,0,0,0,0
TF,CY039,-15.795422,-56.255289,0, ,0.0,0.0,0.0,0.0,3,6000,0,0,0,0,0,0
TF,GAXIM,-15.743767,-56.328831,0, ,0.0,0.0,0.0,0.0,0,0,0,0,0,0,0,0

SID,GAXI1B,EQUAL,6
IF,GAXIM,-15.743767,-56.328831, ,0.0,0.0,0,0,0,0,0,0,0,0
TF,CY029,-15.538992,-56.382636,0, ,0.0,0.0,0.0,0.0,0,0,0,0,0,0,0,0
TF,REBUK,-14.649961,-56.245903,0, ,0.0,0.0,0.0,0.0,0,0,0,0,0,0,0,0
TF,EQUAL,-13.756667,-56.109667,0, ,0.0,0.0,0.0,0.0,0,0,0,0,0,0,0,0

SID,GAXI1B,GETMA,6
IF,GAXIM,-15.743767,-56.328831, ,0.0,0.0,0,0,0,0,0,0,0,0
TF,GETMA,-14.396667,-58.221500,0, ,0.0,0.0,0.0,0.0,0,0,0,0,0,0,0,0

SID,GETM1A,35,5
CA,0,351.0,2,1300,0,0,0,0,0,0
DF,GETMA,-14.396667,-58.221500,0, ,0.0,0.0,0,0,0,0,0,0,0,0

SID,IROD2B,17,5
CF,IRODU,-15.921853,-55.973531,0,CIA,172.2,17.8,171.0,17.5,0,0,0,0,0,0,0,0

SID,IROD2B,DIKUN,6
IF,IRODU,-15.921853,-55.973531, ,0.0,0.0,0,0,0,0,0,0,0,0
TF,CY017,-16.378214,-55.401022,0, ,0.0,0.0,0.0,0.0,0,0,0,0,0,0,0,0
TF,DIKUN,-17.300000,-53.966944,0, ,0.0,0.0,0.0,0.0,0,0,0,0,0,0,0,0

SID,IROD2B,TOSAR,6
IF,IRODU,-15.921853,-55.973531, ,0.0,0.0,0,0,0,0,0,0,0,0
TF,CY037,-16.448358,-55.701828,0, ,0.0,0.0,0.0,0.0,0,0,0,0,0,0,0,0
TF,CY036,-17.056969,-55.486672,0, ,0.0,0.0,0.0,0.0,0,0,0,0,0,0,0,0
TF,TOSAR,-17.650667,-55.524500,0, ,0.0,0.0,0.0,0.0,0,0,0,0,0,0,0,0

SID,ISVI3B,17,5
VA,0,171.0,2,1300,0,0,0,0,0,0
DF,CY034,-15.674028,-55.979717,0, ,0.0,0.0,0,0,0,0,0,0,0,0
TF,ISVIS,-15.650192,-55.884936,0, ,0.0,0.0,0.0,0.0,3,6000,0,0,0,0,0,0

SID,ISVI3B,EDPAP,6
IF,ISVIS,-15.650192,-55.884936, ,0.0,0.0,3,6000,0,0,0,0,0,0
TF,EDPAP,-16.467500,-53.160000,0, ,0.0,0.0,0.0,0.0,0,0,0,0,0,0,0,0

SID,ISVI3B,OBMIV,6
IF,ISVIS,-15.650192,-55.884936, ,0.0,0.0,3,6000,0,0,0,0,0,0
TF,OBMIV,-14.867508,-55.063303,0, ,0.0,0.0,0.0,0.0,0,0,0,0,0,0,0,0

SID,ISVI3B,TORAB,6
IF,ISVIS,-15.650192,-55.884936, ,0.0,0.0,3,6000,0,0,0,0,0,0
TF,TORAB,-15.973167,-55.138500,0, ,0.0,0.0,0.0,0.0,0,0,0,0,0,0,0,0

SID,OMNI,17,1
VA,0,171.0,2,2600,0,0,0,0,0,0
VM,0,0,0,171.0,0,0,0,0,0,0,0,0

SID,OMNI,35,1
VA,0,351.0,2,2600,0,0,0,0,0,0
VM,0,0,0,351.0,0,0,0,0,0,0,0,0

SID,TIPL1A,35,5
CF,EVNON,-15.599167,-56.145333,0,CIA,349.4,3.9,351.0,3.0,0,0,0,0,0,0,0,1
TF,TIPLA,-15.515225,-55.975239,0, ,0.0,0.0,0.0,0.0,4,6000,4000,0,0,0,0,0

SID,TIPL1A,EDPAP,6
IF,TIPLA,-15.515225,-55.975239, ,0.0,0.0,4,6000,4000,0,0,0,0,0
TF,EDPAP,-16.467500,-53.160000,0, ,0.0,0.0,0.0,0.0,0,0,0,0,0,0,0,0

SID,TIPL1A,OBMIV,6
IF,TIPLA,-15.515225,-55.975239, ,0.0,0.0,4,6000,4000,0,0,0,0,0
TF,OBMIV,-14.867508,-55.063303,0, ,0.0,0.0,0.0,0.0,0,0,0,0,0,0,0,0

SID,TIPL1A,TORAB,6
IF,TIPLA,-15.515225,-55.975239, ,0.0,0.0,4,6000,4000,0,0,0,0,0
TF,TORAB,-15.973167,-55.138500,0, ,0.0,0.0,0.0,0.0,0,0,0,0,0,0,0,0

STAR,ANGA3A,35,5
IF,ANGAS,-16.523500,-55.858000, ,0.0,0.0,0,0,0,0,0,0,0,0
TF,CY016,-16.213236,-55.923722,0, ,0.0,0.0,0.0,0.0,3,9000,0,0,0,0,0,0
TF,CY001,-15.885361,-55.992944,0, ,0.0,0.0,0.0,0.0,2,4000,0,0,0,0,0,0

STAR,ANGA3B,17,5
IF,ANGAS,-16.523500,-55.858000, ,0.0,0.0,0,0,0,0,0,0,0,0
TF,CY041,-16.305678,-55.945275,0, ,0.0,0.0,0.0,0.0,0,0,0,0,0,0,0,0
TF,LIXAP,-15.856994,-56.124806,0, ,0.0,0.0,0.0,0.0,0,0,0,0,0,0,0,0
TF,CY021,-15.702667,-56.206864,0, ,0.0,0.0,0.0,0.0,2,7000,0,0,0,0,0,0
TF,CY013,-15.540886,-56.292736,0, ,0.0,0.0,0.0,0.0,2,4000,0,0,0,0,0,0

STAR,BOKI1A,MABMA,4
IF,MABMA,-16.709167,-53.100833, ,0.0,0.0,0,0,0,0,0,0,0,0
TF,BOKIM,-16.252300,-55.285428,0, ,0.0,0.0,0.0,0.0,0,0,0,0,0,0,0,0

STAR,BOKI1A,SINIP,4
IF,SINIP,-16.583875,-54.639997, ,0.0,0.0,0,0,0,0,0,0,0,0
TF,BOKIM,-16.252300,-55.285428,0, ,0.0,0.0,0.0,0.0,0,0,0,0,0,0,0,0

STAR,BOKI1A,35,5
IF,BOKIM,-16.252300,-55.285428, ,0.0,0.0,0,0,0,0,0,0,0,0
TF,CY031,-16.094933,-55.589706,0, ,0.0,0.0,0.0,0.0,0,0,0,0,0,0,0,0
TF,CY001,-15.885361,-55.992944,0, ,0.0,0.0,0.0,0.0,2,4000,0,0,0,0,0,0

STAR,BOKI1C,MABMA,4
IF,MABMA,-16.709167,-53.100833, ,0.0,0.0,0,0,0,0,0,0,0,0
TF,BOKIM,-16.252300,-55.285428,0, ,0.0,0.0,0.0,0.0,0,0,0,0,0,0,0,0

STAR,BOKI1C,SINIP,4
IF,SINIP,-16.583875,-54.639997, ,0.0,0.0,0,0,0,0,0,0,0,0
TF,BOKIM,-16.252300,-55.285428,0, ,0.0,0.0,0.0,0.0,0,0,0,0,0,0,0,0

STAR,BOKI1C,17,5
IF,BOKIM,-16.252300,-55.285428, ,0.0,0.0,0,0,0,0,0,0,0,0
TF,CY042,-16.052556,-55.554714,0, ,0.0,0.0,0.0,0.0,0,0,0,0,0,0,0,0
TF,UBDON,-15.764950,-55.940433,0, ,0.0,0.0,0.0,0.0,0,0,0,0,0,0,0,0
TF,CY019,-15.610375,-56.022761,0, ,0.0,0.0,0.0,0.0,0,0,0,0,0,0,0,0
TF,CY028,-15.523375,-56.069036,0, ,0.0,0.0,0.0,0.0,2,3700,0,0,0,0,0,0

STAR,BOKI2B,MABMA,4
IF,MABMA,-16.709167,-53.100833, ,0.0,0.0,0,0,0,0,0,0,0,0
TF,BOKIM,-16.252300,-55.285428,0, ,0.0,0.0,0.0,0.0,0,0,0,0,0,0,0,0

STAR,BOKI2B,SINIP,4
IF,SINIP,-16.583875,-54.639997, ,0.0,0.0,0,0,0,0,0,0,0,0
TF,BOKIM,-16.252300,-55.285428,0, ,0.0,0.0,0.0,0.0,0,0,0,0,0,0,0,0

STAR,BOKI2B,17,5
IF,BOKIM,-16.252300,-55.285428, ,0.0,0.0,0,0,0,0,0,0,0,0
TF,CY042,-16.052556,-55.554714,0, ,0.0,0.0,0.0,0.0,0,0,0,0,0,0,0,0
TF,UBDON,-15.764950,-55.940433,0, ,0.0,0.0,0.0,0.0,0,0,0,0,0,0,0,0
TF,CY019,-15.610375,-56.022761,0, ,0.0,0.0,0.0,0.0,2,7000,0,0,0,0,0,0
TF,CY014,-15.448964,-56.108581,0, ,0.0,0.0,0.0,0.0,2,4000,0,0,0,0,0,0

STAR,GENG1A,35,5
IF,GENGO,-14.011825,-55.854519, ,0.0,0.0,0,0,0,0,0,0,0,0
TF,CY008,-14.655753,-55.967931,0, ,0.0,0.0,0.0,0.0,0,0,0,0,0,0,0,0
TF,CY009,-14.994419,-56.027839,0, ,0.0,0.0,0.0,0.0,0,0,0,0,0,0,0,0
TF,CY014,-15.448964,-56.108581,0, ,0.0,0.0,0.0,0.0,2,10000,0,0,0,0,0,1
TF,CY019,-15.610375,-56.022761,0, ,0.0,0.0,0.0,0.0,2,7000,0,0,0,0,0,0
TF,UBDON,-15.764950,-55.940433,0, ,0.0,0.0,0.0,0.0,2,4000,0,0,0,0,0,0

STAR,GENG1B,17,5
IF,GENGO,-14.011825,-55.854519, ,0.0,0.0,0,0,0,0,0,0,0,0
TF,CY008,-14.655753,-55.967931,0, ,0.0,0.0,0.0,0.0,0,0,0,0,0,0,0,0
TF,CY009,-14.994419,-56.027839,0, ,0.0,0.0,0.0,0.0,0,0,0,0,0,0,0,0
TF,CY007,-15.420556,-56.240111,0, ,0.0,0.0,0.0,0.0,2,4000,0,0,0,0,0,0

APPTR,D17-Y,17,CIA
IF,CIA,-15.656083,-56.112028, ,0.0,0.0,2,4000,0,0,0,0,1,0
FD,CIA,-15.656083,-56.112028,0,CIA,0.0,7.9,320.0,7.9,2,2600,0,1,220,0,0,0
CF,CD17,-15.544594,-56.185372,2,CIA,346.5,7.9,166.0,1.0,2,2600,0,0,0,0,0,0

FINAL,D17-Y,17,D,4
IF,CD17,-15.544594,-56.185372,CIA,346.5,7.9,2,2600,0,0,0,0,0,0
CF,ENLOT,-15.572600,-56.166958,0,CIA,346.5,5.9,166.0,2.0,2,2260,0,0,0,0,2,0
CF,CY046,-15.610703,-56.141897,0,CIA,346.5,3.2,166.0,2.7,2,1400,0,0,0,0,0,0
CF,CIA01,-15.643161,-56.120539,0,CIA,346.5,0.9,166.0,2.3,1,667,0,0,0,0,3,0
CF,CIA,-15.656083,-56.112028,0,CIA,0.0,0.0,166.0,0.9,0,0,0,0,0,0,0,0
CF,LOKAG,-15.866669,-55.970889,0,CIA,166.0,15.0,166.0,15.0,2,4000,0,0,0,0,0,0
HM,LOKAG,-15.866669,-55.970889,2, ,0.0,0.0,346.0,04.3,2,4000,0,0,0,0,0,0,0

APPTR,D35-X,35,CIA
IF,CIA,-15.656083,-56.112028, ,0.0,0.0,2,4000,0,0,0,0,1,0
FD,CIA,-15.656083,-56.112028,0,CIA,0.0,8.5,156.0,8.5,2,2600,0,1,220,0,0,0
CF,CD35,-15.790419,-56.063686,2,CIA,179.8,8.5,359.0,1.0,2,2600,0,0,0,0,0,0

FINAL,D35-X,35,D,4
IF,CD35,-15.790419,-56.063686,CIA,179.8,8.5,2,2600,0,0,0,0,0,0
CF,NAVIO,-15.756344,-56.075956,0,CIA,179.8,6.3,359.0,2.2,2,2550,0,0,0,0,2,0
CF,CY024,-15.697867,-56.096994,0,CIA,179.8,2.6,359.0,3.7,2,1372,0,0,0,0,0,0
CF,CIA02,-15.661519,-56.110075,0,CIA,179.8,0.3,359.0,2.3,1,641,0,0,0,0,3,0
CF,ANLED,-15.419006,-56.197197,0,CIA,359.8,15.0,359.0,15.3,2,4000,0,0,0,0,0,0
HM,ANLED,-15.419006,-56.197197,2, ,0.0,0.0,179.0,04.3,2,4000,0,0,0,0,0,0,0

APPTR,I35-W,35,LIXAP
IF,LIXAP,-15.856994,-56.124806, ,0.0,0.0,2,4000,0,0,0,0,1,0
AF,CIA04,-15.836189,-56.019214,1,CIA,172.5,12.0,202.0,2,2600,0,0,0,0,0,0
CF,UDUNU,-15.810992,-56.032597,0,ICB,171.8,11.4,351.0,1.7,2,2600,0,0,0,0,1,0

APPTR,I35-W,35,UBDON
IF,UBDON,-15.764950,-55.940433, ,0.0,0.0,2,4000,0,0,0,0,1,0
AF,CIA03,-15.833883,-56.020442,2,CIA,172.5,11.9,142.0,2,2600,0,0,0,0,0,0
CF,UDUNU,-15.810992,-56.032597,0,ICB,171.8,11.4,351.0,1.5,2,2600,0,0,0,0,1,0

FINAL,I35-W,35,I,3
IF,UDUNU,-15.810992,-56.032597,ICB,171.8,11.4,2,2600,0,0,0,0,0,0
CF,XODUP,-15.736608,-56.072192,0,ICB,171.8,6.4,351.0,5.0,1,2240,0,0,0,0,2,0
CF,RW35,-15.662219,-56.111758,0,ICB,171.8,1.4,351.0,5.0,1,641,0,0,0,0,3,0
VA,0,351.0,2,1700,0,0,0,0,0,0
CF,ANLED,-15.419006,-56.197197,0,CIA,359.8,15.0,359.0,14.0,2,4000,0,0,0,0,0,0
HM,ANLED,-15.419006,-56.197197,2, ,0.0,0.0,179.0,04.3,2,4000,0,0,0,0,0,0,0

APPTR,I35-X,35,CY001
IF,CY001,-15.885361,-55.992944, ,0.0,0.0,2,4000,0,0,0,0,1,0
TF,UDUNU,-15.810992,-56.032597,0,ICB,0.0,0.0,0.0,0.0,2,2600,0,0,0,0,1,0

APPTR,I35-X,35,LIXAP
IF,LIXAP,-15.856994,-56.124806, ,0.0,0.0,2,4000,0,0,0,0,1,0
TF,UDUNU,-15.810992,-56.032597,0,ICB,0.0,0.0,0.0,0.0,2,2600,0,0,0,0,1,0

APPTR,I35-X,35,UBDON
IF,UBDON,-15.764950,-55.940433, ,0.0,0.0,2,4000,0,0,0,0,1,0
TF,UDUNU,-15.810992,-56.032597,0,ICB,0.0,0.0,0.0,0.0,2,2600,0,0,0,0,1,0

FINAL,I35-X,35,I,3
IF,UDUNU,-15.810992,-56.032597,ICB,171.8,11.4,2,2600,0,0,0,0,0,0
CF,XODUP,-15.736608,-56.072192,0,ICB,171.8,6.4,351.0,5.0,1,2230,0,0,0,0,2,0
CF,RW35,-15.662219,-56.111758,0,ICB,171.8,1.4,351.0,5.0,1,641,0,0,0,0,3,0
CF,CY007,-15.420556,-56.240111,0,CIA,351.2,15.9,351.0,16.2,2,4000,0,0,0,0,0,1
HM,CY007,-15.420556,-56.240111,2, ,0.0,0.0,171.0,04.3,2,4000,0,0,0,0,0,0,0

APPTR,L35-W,35,LIXAP
IF,LIXAP,-15.856994,-56.124806, ,0.0,0.0,2,4000,0,0,0,0,1,0
AF,CIA04,-15.836189,-56.019214,1,CIA,172.5,12.0,202.0,2,2600,0,0,0,0,0,0
CF,UDUNU,-15.810992,-56.032597,0,ICB,171.8,11.4,351.0,1.7,2,2600,0,0,0,0,1,0

APPTR,L35-W,35,UBDON
IF,UBDON,-15.764950,-55.940433, ,0.0,0.0,2,4000,0,0,0,0,1,0
AF,CIA03,-15.833883,-56.020442,2,CIA,172.5,11.9,142.0,2,2600,0,0,0,0,0,0
CF,UDUNU,-15.810992,-56.032597,0,ICB,171.8,11.4,351.0,1.5,2,2600,0,0,0,0,1,0

FINAL,L35-W,35,D,4
IF,UDUNU,-15.810992,-56.032597,ICB,171.8,11.4,2,2600,0,0,0,0,0,0
CF,XODUP,-15.736608,-56.072192,0,ICB,171.8,6.4,351.0,5.0,2,2240,0,0,0,0,2,0
CF,CY061,-15.696439,-56.093561,0,ICB,171.8,3.7,351.0,2.7,2,1374,0,0,0,0,0,0
CF,RW35,-15.662219,-56.111758,0,ICB,171.8,1.4,351.0,2.3,1,641,0,0,0,0,3,0
VA,0,351.0,2,1700,0,0,0,0,0,0
CF,ANLED,-15.419006,-56.197197,0,CIA,359.8,15.0,359.0,14.0,2,4000,0,0,0,0,0,0
HM,ANLED,-15.419006,-56.197197,2, ,0.0,0.0,179.0,04.3,2,4000,0,0,0,0,0,0,0

APPTR,R17-X,17,CY019
IF,CY019,-15.610375,-56.022761, ,0.0,0.0,2,5000,0,0,0,0,1,0
TF,CY028,-15.523375,-56.069036,0, ,0.0,0.0,0.0,0.0,0,0,0,0,0,0,0,0
RF,CY032,-15.501733,-56.138781,1,CY045,375.6,3.0,2,2600,0,0,0,0,1,0

FINAL,R17-X,17,R,4
IF,CY032,-15.501733,-56.138781, ,0.0,0.0,2,2600,0,0,0,0,0,0
RF,CY012,-15.569361,-56.161111,1,CY044,168.5,3.0,2,2290,0,0,0,0,2,0
TF,CY081,-15.609519,-56.139772,0, ,0.0,0.0,171.0,2.7,2,1411,0,0,0,0,0,0
TF,RW17,-15.643742,-56.121581,0, ,0.0,0.0,171.0,2.3,1,667,0,0,0,0,3,1
CF,CY001,-15.885361,-55.992944,0,CIA,172.3,15.3,171.0,16.2,2,4000,0,0,0,0,0,1
HM,CY001,-15.885361,-55.992944,2, ,0.0,0.0,351.0,04.3,2,4000,0,0,0,0,0,0,0

APPTR,R17-Y,17,CY007
IF,CY007,-15.420556,-56.240111, ,0.0,0.0,2,4000,0,0,0,0,1,0
TF,CY011,-15.494944,-56.200639,0, ,0.0,0.0,0.0,0.0,2,2600,0,0,0,0,1,0

APPTR,R17-Y,17,CY013
IF,CY013,-15.540886,-56.292736, ,0.0,0.0,2,4000,0,0,0,0,1,0
TF,CY011,-15.494944,-56.200639,0, ,0.0,0.0,0.0,0.0,2,2600,0,0,0,0,1,0

APPTR,R17-Y,17,CY014
IF,CY014,-15.448964,-56.108581, ,0.0,0.0,2,4000,0,0,0,0,1,0
TF,CY011,-15.494944,-56.200639,0, ,0.0,0.0,0.0,0.0,2,2600,0,0,0,0,1,0

FINAL,R17-Y,17,R,4
IF,CY011,-15.494944,-56.200639, ,0.0,0.0,2,2600,0,0,0,0,0,0
TF,CY012,-15.569361,-56.161111,0, ,0.0,0.0,171.0,5.0,2,2290,0,0,0,0,2,0
TF,CY081,-15.609519,-56.139772,0, ,0.0,0.0,171.0,2.7,2,1411,0,0,0,0,0,0
TF,RW17,-15.643742,-56.121581,0, ,0.0,0.0,171.0,2.3,1,667,0,0,0,0,3,1
TF,CY001,-15.885361,-55.992944,0, ,0.0,0.0,0.0,0.0,2,4000,0,0,0,0,0,1
HM,CY001,-15.885361,-55.992944,2, ,0.0,0.0,351.0,04.3,2,4000,0,0,0,0,0,0,0

APPTR,R35-W,35,CY001
IF,CY001,-15.885361,-55.992944, ,0.0,0.0,2,4000,0,0,0,0,1,0
TF,UDUNU,-15.810992,-56.032597,0, ,0.0,0.0,0.0,0.0,2,2600,0,0,0,0,1,0

APPTR,R35-W,35,LIXAP
IF,LIXAP,-15.856994,-56.124806, ,0.0,0.0,2,4000,0,0,0,0,1,0
TF,UDUNU,-15.810992,-56.032597,0, ,0.0,0.0,0.0,0.0,2,2600,0,0,0,0,1,0

APPTR,R35-W,35,UBDON
IF,UBDON,-15.764950,-55.940433, ,0.0,0.0,2,4000,0,0,0,0,1,0
TF,UDUNU,-15.810992,-56.032597,0, ,0.0,0.0,0.0,0.0,2,2600,0,0,0,0,1,0

FINAL,R35-W,35,R,4
IF,UDUNU,-15.810992,-56.032597, ,0.0,0.0,2,2600,0,0,0,0,0,0
TF,XODUP,-15.736608,-56.072192,0, ,0.0,0.0,351.0,5.0,2,2240,0,0,0,0,2,0
TF,CY061,-15.696439,-56.093561,0, ,0.0,0.0,351.0,2.7,2,1372,0,0,0,0,0,0
TF,RW35,-15.662219,-56.111758,0, ,0.0,0.0,351.0,2.3,1,639,0,0,0,0,3,1
TF,CY007,-15.420556,-56.240111,0, ,0.0,0.0,0.0,0.0,2,4000,0,0,0,0,0,1
HM,CY007,-15.420556,-56.240111,2, ,0.0,0.0,171.0,04.3,2,4000,0,0,0,0,0,0,0

