SID,DUBD1B,29,5
CA,0,287.0,2,2000,0,0,0,0,0,0
DF,EG018,-3.230139,-60.124025,1, ,0.0,0.0,3,7000,0,0,0,0,0,0
TF,EG032,-3.273081,-59.967536,0, ,0.0,0.0,0.0,0.0,2,9000,0,0,0,0,0,0
TF,DUBDU,-3.318456,-59.802025,0, ,0.0,0.0,0.0,0.0,0,0,0,0,0,0,0,0

SID,DUBD1B,ETAXA,6
IF,DUBDU,-3.318456,-59.802025, ,0.0,0.0,0,0,0,0,0,0,0,0
TF,ETAXA,-4.178703,-59.328278,0, ,0.0,0.0,0.0,0.0,0,0,0,0,0,0,0,0

SID,DUBD1B,GEKUB,6
IF,DUBDU,-3.318456,-59.802025, ,0.0,0.0,0,0,0,0,0,0,0,0
TF,GEKUB,-3.133611,-57.556111,0, ,0.0,0.0,0.0,0.0,0,0,0,0,0,0,0,0

SID,DUBD1B,GIKVI,6
IF,DUBDU,-3.318456,-59.802025, ,0.0,0.0,0,0,0,0,0,0,0,0
TF,GIKVI,-4.557003,-58.750344,0, ,0.0,0.0,0.0,0.0,0,0,0,0,0,0,0,0

SID,DUBD1B,UTNIB,6
IF,DUBDU,-3.318456,-59.802025, ,0.0,0.0,0,0,0,0,0,0,0,0
TF,UTNIB,-3.627500,-57.313056,0, ,0.0,0.0,0.0,0.0,0,0,0,0,0,0,0,0

SID,KIGI1B,29,5
CF,KIGIM,-3.032522,-60.342950,0,ZY,228.4,595.5,288.0,16.9,0,0,0,0,0,0,0,0

SID,KIGI1B,SINUN,6
IF,KIGIM,-3.032522,-60.342950, ,0.0,0.0,0,0,0,0,0,0,0,0
TF,SINUN,-2.583667,-61.208667,0, ,0.0,0.0,0.0,0.0,0,0,0,0,0,0,0,0

SID,KIGI1B,TIPTO,6
IF,KIGIM,-3.032522,-60.342950, ,0.0,0.0,0,0,0,0,0,0,0,0
TF,TIPTO,-1.608325,-61.167544,0, ,0.0,0.0,0.0,0.0,0,0,0,0,0,0,0,0

SID,KIGI1B,UKBEL,6
IF,KIGIM,-3.032522,-60.342950, ,0.0,0.0,0,0,0,0,0,0,0,0
TF,EG006,-3.909708,-61.353308,0, ,0.0,0.0,0.0,0.0,0,0,0,0,0,0,0,0
TF,UKBEL,-5.120833,-62.460333,0, ,0.0,0.0,0.0,0.0,0,0,0,0,0,0,0,0

SID,KIGI1B,VUNEP,6
IF,KIGIM,-3.032522,-60.342950, ,0.0,0.0,0,0,0,0,0,0,0,0
TF,VUNEP,-3.199167,-62.135833,0, ,0.0,0.0,0.0,0.0,0,0,0,0,0,0,0,0

SID,MUBA2B,29,5
VA,0,287.0,2,2000,0,0,0,0,0,0
DF,MUBAV,-2.854222,-60.111422,2, ,0.0,0.0,3,7000,0,0,0,0,0,0

SID,MUBA2B,ITAMI,6
IF,MUBAV,-2.854222,-60.111422, ,0.0,0.0,3,7000,0,0,0,0,0,0
TF,ITAMI,-1.570278,-59.824444,0, ,0.0,0.0,0.0,0.0,0,0,0,0,0,0,0,0

SID,MUBA2B,OSARO,6
IF,MUBAV,-2.854222,-60.111422, ,0.0,0.0,3,7000,0,0,0,0,0,0
TF,OSARO,-1.087667,-60.267833,0, ,0.0,0.0,0.0,0.0,0,0,0,0,0,0,0,0

SID,MUBA2B,XOLOK,6
IF,MUBAV,-2.854222,-60.111422, ,0.0,0.0,3,7000,0,0,0,0,0,0
TF,EG044,-2.653089,-58.522778,0, ,0.0,0.0,0.0,0.0,0,0,0,0,0,0,0,0
TF,XOLOK,-2.617167,-56.426167,0, ,0.0,0.0,0.0,0.0,0,0,0,0,0,0,0,0

SID,OMNI,11,1
CA,0,107.0,2,2000,0,0,0,0,0,0
VM,0,0,0,107.0,0,0,0,0,0,0,0,0

SID,OMNI,29,1
CA,0,287.0,2,2000,0,0,0,0,0,0
VM,0,0,0,287.0,0,0,0,0,0,0,0,0

SID,PALA1A,11,5
VA,0,107.0,2,2000,0,0,0,0,0,0
DF,EG034,-2.825308,-59.989906,1, ,0.0,0.0,3,7000,0,0,0,0,0,0
TF,PALAL,-2.758572,-60.000600,0, ,0.0,0.0,0.0,0.0,2,6500,0,0,0,0,0,0

SID,PALA1A,ITAMI,6
IF,PALAL,-2.758572,-60.000600, ,0.0,0.0,2,6500,0,0,0,0,0,0
TF,ITAMI,-1.570278,-59.824444,0, ,0.0,0.0,0.0,0.0,0,0,0,0,0,0,0,0

SID,PALA1A,OSARO,6
IF,PALAL,-2.758572,-60.000600, ,0.0,0.0,2,6500,0,0,0,0,0,0
TF,OSARO,-1.087667,-60.267833,0, ,0.0,0.0,0.0,0.0,0,0,0,0,0,0,0,0

SID,SIGE2A,11,5
VA,0,107.0,2,2000,0,0,0,0,0,0
DF,SIGEP,-3.283500,-59.030500,0, ,0.0,0.0,0,0,0,0,0,0,0,0

SID,UPOM1B,29,5
CA,0,287.0,2,2000,0,0,0,0,0,0
DF,EG018,-3.230139,-60.124025,1, ,0.0,0.0,3,7000,0,0,0,0,0,0
TF,EG004,-4.497989,-60.933911,0, ,0.0,0.0,0.0,0.0,0,0,0,0,0,0,0,0
TF,UPOMI,-5.134167,-61.507833,0, ,0.0,0.0,0.0,0.0,0,0,0,0,0,0,0,0

SID,UTPA1A,11,5
CA,0,107.0,2,2000,0,0,0,0,0,0
DF,UTPAM,-3.532667,-59.676500,0, ,0.0,0.0,0,0,0,0,0,0,0,0

SID,UTPA1A,ETAXA,6
IF,UTPAM,-3.532667,-59.676500, ,0.0,0.0,0,0,0,0,0,0,0,0
TF,ETAXA,-4.178703,-59.328278,0, ,0.0,0.0,0.0,0.0,0,0,0,0,0,0,0,0

SID,UTPA1A,GIKVI,6
IF,UTPAM,-3.532667,-59.676500, ,0.0,0.0,0,0,0,0,0,0,0,0
TF,GIKVI,-4.557003,-58.750344,0, ,0.0,0.0,0.0,0.0,0,0,0,0,0,0,0,0

SID,VUNG1A,11,5
VA,0,107.0,2,2000,0,0,0,0,0,0
DF,EG002,-3.155739,-60.138289,2, ,0.0,0.0,2,8000,0,0,0,0,0,0
TF,VUNGA,-3.168967,-60.305925,0, ,0.0,0.0,0.0,0.0,2,10000,0,0,0,0,0,0

SID,VUNG1A,UKBEL,6
IF,VUNGA,-3.168967,-60.305925, ,0.0,0.0,2,10000,0,0,0,0,0,0
TF,EG021,-3.186169,-60.524775,0, ,0.0,0.0,0.0,0.0,0,0,0,0,0,0,0,0
TF,EG006,-3.909708,-61.353308,0, ,0.0,0.0,0.0,0.0,0,0,0,0,0,0,0,0
TF,UKBEL,-5.120833,-62.460333,0, ,0.0,0.0,0.0,0.0,0,0,0,0,0,0,0,0

SID,VUNG1A,UPOMI,6
IF,VUNGA,-3.168967,-60.305925, ,0.0,0.0,2,10000,0,0,0,0,0,0
TF,EG004,-4.497989,-60.933911,0, ,0.0,0.0,0.0,0.0,0,0,0,0,0,0,0,0
TF,UPOMI,-5.134167,-61.507833,0, ,0.0,0.0,0.0,0.0,0,0,0,0,0,0,0,0

SID,VUNG1A,VUNEP,6
IF,VUNGA,-3.168967,-60.305925, ,0.0,0.0,2,10000,0,0,0,0,0,0
TF,EG021,-3.186169,-60.524775,0, ,0.0,0.0,0.0,0.0,0,0,0,0,0,0,0,0
TF,VUNEP,-3.199167,-62.135833,0, ,0.0,0.0,0.0,0.0,0,0,0,0,0,0,0,0

SID,XIXU1A,11,5
VA,0,107.0,2,2000,0,0,0,0,0,0
DF,EG034,-2.825308,-59.989906,1, ,0.0,0.0,3,7000,0,0,0,0,0,0
TF,EG007,-2.821347,-60.154736,0, ,0.0,0.0,0.0,0.0,2,9000,0,0,0,0,0,0
TF,XIXUR,-2.824642,-60.334611,0, ,0.0,0.0,0.0,0.0,0,0,0,0,0,0,0,0

SID,XIXU1A,SINUN,6
IF,XIXUR,-2.824642,-60.334611, ,0.0,0.0,0,0,0,0,0,0,0,0
TF,SINUN,-2.583667,-61.208667,0, ,0.0,0.0,0.0,0.0,0,0,0,0,0,0,0,0

SID,XIXU1A,TIPTO,6
IF,XIXUR,-2.824642,-60.334611, ,0.0,0.0,0,0,0,0,0,0,0,0
TF,TIPTO,-1.608325,-61.167544,0, ,0.0,0.0,0.0,0.0,0,0,0,0,0,0,0,0

SID,XOLO1A,11,5
VA,0,107.0,2,2000,0,0,0,0,0,0
DF,EG001,-3.048442,-59.716461,0, ,0.0,0.0,2,6000,0,0,0,0,0,0
TF,ERVEL,-3.095278,-58.362222,0, ,0.0,0.0,0.0,0.0,0,0,0,0,0,0,0,0
TF,XOLOK,-2.617167,-56.426167,0, ,0.0,0.0,0.0,0.0,0,0,0,0,0,0,0,0

STAR,ARVU1A,11,5
IF,ARVUM,0.645033,-60.456850, ,0.0,0.0,0,0,0,0,0,0,0,0
TF,EG039,-1.747069,-60.446033,0, ,0.0,0.0,0.0,0.0,0,0,0,0,0,0,0,0
TF,EG027,-2.522219,-60.304294,0, ,0.0,0.0,0.0,0.0,0,0,0,0,0,0,0,0
TF,EG022,-2.740050,-60.264417,0, ,0.0,0.0,0.0,0.0,3,8000,0,0,0,0,0,0
TF,EG038,-2.887750,-60.237367,0, ,0.0,0.0,0.0,0.0,2,4500,0,0,0,0,0,0
TF,MAPMO,-2.937700,-60.228217,0, ,0.0,0.0,0.0,0.0,2,4000,0,0,0,0,0,0

STAR,ARVU1B,29,5
IF,ARVUM,0.645033,-60.456850, ,0.0,0.0,0,0,0,0,0,0,0,0
TF,EG039,-1.747069,-60.446033,0, ,0.0,0.0,0.0,0.0,0,0,0,0,0,0,0,0
TF,EG031,-2.605306,-60.289086,0, ,0.0,0.0,0.0,0.0,0,0,0,0,0,0,0,0
TF,MAPMO,-2.937700,-60.228217,0, ,0.0,0.0,0.0,0.0,0,0,0,0,0,0,0,0
TF,EG016,-2.938161,-60.026094,0, ,0.0,0.0,0.0,0.0,2,8000,0,0,0,0,0,0
TF,DAGTI,-2.938475,-59.870756,0, ,0.0,0.0,0.0,0.0,2,4000,0,0,0,0,0,0

STAR,IRUM1A,11,5
IF,IRUMO,-4.100500,-59.955000, ,0.0,0.0,0,0,0,0,0,0,0,0
TF,EG047,-3.547117,-60.120669,0, ,0.0,0.0,0.0,0.0,0,0,0,0,0,0,0,0
TF,EG008,-3.245378,-60.210897,0, ,0.0,0.0,0.0,0.0,3,7000,0,0,0,0,0,0
TF,ARSOS,-3.138681,-60.228683,0, ,0.0,0.0,0.0,0.0,2,4000,0,0,0,0,0,0

STAR,IRUM2B,29,5
IF,IRUMO,-4.100500,-59.955000, ,0.0,0.0,0,0,0,0,0,0,0,0
TF,EG028,-3.560406,-59.907856,0, ,0.0,0.0,0.0,0.0,0,0,0,0,0,0,0,0
TF,EG042,-3.381658,-59.892269,0, ,0.0,0.0,0.0,0.0,3,8000,0,0,0,0,0,0
TF,EG014,-3.139400,-59.871156,0, ,0.0,0.0,0.0,0.0,2,5000,0,0,0,0,0,0

STAR,KULA1A,11,5
IF,KULAB,-2.854633,-58.497442, ,0.0,0.0,0,0,0,0,0,0,0,0
TF,EG048,-2.904953,-59.534342,0, ,0.0,0.0,0.0,0.0,0,0,0,0,0,0,0,0
TF,EG026,-2.915197,-59.749758,0, ,0.0,0.0,0.0,0.0,2,12000,0,0,0,0,0,0
TF,EG009,-2.928844,-60.039011,0, ,0.0,0.0,0.0,0.0,2,8000,0,0,0,0,0,0
TF,MAPMO,-2.937700,-60.228217,0, ,0.0,0.0,0.0,0.0,2,4000,0,0,0,0,0,0

STAR,KULA1B,29,5
IF,KULAB,-2.854633,-58.497442, ,0.0,0.0,0,0,0,0,0,0,0,0
TF,EG029,-2.991731,-59.454664,0, ,0.0,0.0,0.0,0.0,0,0,0,0,0,0,0,0
TF,EG037,-3.029617,-59.721006,0, ,0.0,0.0,0.0,0.0,2,6000,0,0,0,0,0,0
TF,EG011,-3.039131,-59.787653,0, ,0.0,0.0,0.0,0.0,2,5000,0,0,0,0,0,0

STAR,PUGB1A,IGAPO,4
IF,IGAPO,-5.602833,-61.825333, ,0.0,0.0,0,0,0,0,0,0,0,0
TF,PUGBI,-3.709678,-60.812789,0, ,0.0,0.0,0.0,0.0,0,0,0,0,0,0,0,0

STAR,PUGB1A,ILKOD,4
IF,ILKOD,-5.734167,-63.161167, ,0.0,0.0,0,0,0,0,0,0,0,0
TF,PUGBI,-3.709678,-60.812789,0, ,0.0,0.0,0.0,0.0,0,0,0,0,0,0,0,0

STAR,PUGB1A,11,5
IF,PUGBI,-3.709678,-60.812789, ,0.0,0.0,0,0,0,0,0,0,0,0
TF,EG046,-3.373856,-60.562139,0, ,0.0,0.0,0.0,0.0,0,0,0,0,0,0,0,0
TF,EG041,-3.265672,-60.481353,0, ,0.0,0.0,0.0,0.0,3,9000,0,0,0,0,0,0
TF,EG036,-3.114600,-60.368833,0, ,0.0,0.0,0.0,0.0,2,4500,0,0,0,0,0,0
TF,EDNIL,-3.037992,-60.311744,0, ,0.0,0.0,0.0,0.0,2,4000,0,0,0,0,0,0

STAR,PUGB1B,IGAPO,4
IF,IGAPO,-5.602833,-61.825333, ,0.0,0.0,0,0,0,0,0,0,0,0
TF,PUGBI,-3.709678,-60.812789,0, ,0.0,0.0,0.0,0.0,0,0,0,0,0,0,0,0

STAR,PUGB1B,ILKOD,4
IF,ILKOD,-5.734167,-63.161167, ,0.0,0.0,0,0,0,0,0,0,0,0
TF,PUGBI,-3.709678,-60.812789,0, ,0.0,0.0,0.0,0.0,0,0,0,0,0,0,0,0

STAR,PUGB1B,29,5
IF,PUGBI,-3.709678,-60.812789, ,0.0,0.0,0,0,0,0,0,0,0,0
TF,EG033,-3.374600,-60.469739,0, ,0.0,0.0,0.0,0.0,0,0,0,0,0,0,0,0
TF,ARSOS,-3.138681,-60.228683,0, ,0.0,0.0,0.0,0.0,0,0,0,0,0,0,0,0
TF,EG043,-3.139178,-60.027664,0, ,0.0,0.0,0.0,0.0,2,8000,0,0,0,0,0,0
TF,EG014,-3.139400,-59.871156,0, ,0.0,0.0,0.0,0.0,2,5000,0,0,0,0,0,0

APPTR,D11-Z,11,ARSOS
IF,ARSOS,-3.138681,-60.228683, ,0.0,0.0,2,4000,0,0,0,0,1,0
AF,EG055,-3.038419,-60.254442,2,MNS,287.5,12.0,257.0,2,3000,0,0,0,0,0,0
CF,EKOLI,-3.038658,-60.228450,0,MNS,287.5,10.4,107.0,1.6,2,3000,0,0,0,0,1,0

APPTR,D11-Z,11,EDNIL
IF,EDNIL,-3.037992,-60.311744, ,0.0,0.0,2,4000,0,0,0,0,1,0
CF,EKOLI,-3.038658,-60.228450,0,MNS,287.5,10.4,107.0,5.0,2,3000,0,0,0,0,1,0

APPTR,D11-Z,11,MAPMO
IF,MAPMO,-2.937700,-60.228217, ,0.0,0.0,2,4000,0,0,0,0,1,0
AF,EG060,-3.038406,-60.255875,1,MNS,287.5,12.1,317.0,0,0,0,0,0,0,0,0
CF,EKOLI,-3.038658,-60.228450,0,MNS,287.5,10.4,107.0,1.7,2,3000,0,0,0,0,1,0

FINAL,D11-Z,11,D,4
IF,EKOLI,-3.038658,-60.228450,MNS,287.5,10.4,2,3000,0,0,0,0,0,0
CF,OPVUN,-3.039319,-60.145142,0,MNS,287.5,5.4,107.0,5.0,2,2000,0,0,0,0,2,0
CF,EG050,-3.039675,-60.100175,0,MNS,287.4,2.7,107.0,2.7,2,1075,0,0,0,0,0,0
CF,EG045,-3.039975,-60.061858,0,MNS,287.4,0.4,107.0,2.3,1,307,0,0,0,0,3,0
CA,0,107.0,2,2000,0,1,230,0,0,0
VI,1, ,0.0,285.0,2,4000,0,1,230,0,0,0
CF,MAPMO,-2.937700,-60.228217,0,MNS,317.4,12.1,317.0,5.0,2,4000,0,1,230,0,0,0
HM,MAPMO,-2.937700,-60.228217,1, ,0.0,0.0,137.0,04.3,2,4000,0,0,0,0,0,0,0

APPTR,D29-W,29,DAGTI
IF,DAGTI,-2.938475,-59.870756, ,0.0,0.0,2,4000,0,0,0,0,1,0
AF,EG040,-3.039294,-59.844842,2,MNS,106.8,12.6,78.0,0,0,0,0,0,0,0,0
CF,LOBUX,-3.039419,-59.870944,0,MNS,106.8,11.0,287.0,1.6,2,3000,0,0,0,0,1,0

APPTR,D29-W,29,EG011
IF,EG011,-3.039131,-59.787653, ,0.0,0.0,2,5000,0,0,0,0,1,0
CF,LOBUX,-3.039419,-59.870944,0,MNS,106.8,11.0,287.0,5.0,2,3000,0,0,0,0,1,0

FINAL,D29-W,29,D,4
IF,LOBUX,-3.039419,-59.870944,MNS,106.8,11.0,2,3000,0,0,0,0,0,0
CF,LODEG,-3.039700,-59.954250,0,MNS,106.8,6.0,287.0,5.0,2,1900,0,0,0,0,2,0
CF,EG015,-3.039847,-59.999233,0,MNS,106.8,3.3,287.0,2.7,2,1045,0,0,0,0,0,0
CF,EG005,-3.039975,-60.037550,0,MNS,106.8,1.0,287.0,2.3,1,307,0,0,0,0,3,0
CA,0,287.0,2,2000,0,1,230,0,0,0
VI,2, ,0.0,110.0,2,4000,0,1,230,0,0,0
CF,DAGTI,-2.938475,-59.870756,0,MNS,78.2,12.6,78.0,6.0,2,4000,0,1,230,0,0,0
HM,DAGTI,-2.938475,-59.870756,2, ,0.0,0.0,258.0,04.3,2,4000,0,0,0,0,0,0,0

APPTR,I11-W,11,ARSOS
IF,ARSOS,-3.138681,-60.228683, ,0.0,0.0,2,4000,0,0,0,0,1,0
TF,PAGEK,-3.038189,-60.228450,0,IEG,0.0,0.0,0.0,0.0,2,3000,0,0,0,0,1,0

APPTR,I11-W,11,EDNIL
IF,EDNIL,-3.037992,-60.311744, ,0.0,0.0,2,4000,0,0,0,0,1,0
TF,PAGEK,-3.038189,-60.228450,0,IEG,0.0,0.0,0.0,0.0,2,3000,0,0,0,0,1,0

APPTR,I11-W,11,MAPMO
IF,MAPMO,-2.937700,-60.228217, ,0.0,0.0,2,4000,0,0,0,0,1,0
TF,PAGEK,-3.038189,-60.228450,0,IEG,0.0,0.0,0.0,0.0,2,3000,0,0,0,0,1,0

FINAL,I11-W,11,I,3
IF,PAGEK,-3.038189,-60.228450,IEG,287.1,11.7,2,3000,0,0,0,0,0,0
CF,EG003,-3.038381,-60.145144,0,IEG,287.1,6.7,107.0,5.0,1,1900,0,0,0,0,2,0
CF,RW11,-3.038564,-60.061850,0,IEG,287.2,1.7,107.0,5.0,1,306,0,0,0,0,3,0
VA,0,107.0,2,2000,0,0,0,0,0,0
DF,MAPMO,-2.937700,-60.228217,1, ,0.0,0.0,2,4000,0,0,0,0,0,1
HM,MAPMO,-2.937700,-60.228217,1, ,0.0,0.0,197.0,04.3,2,4000,0,0,0,0,0,0,0

APPTR,I11-Y,11,ARSOS
IF,ARSOS,-3.138681,-60.228683, ,0.0,0.0,2,4000,0,0,0,0,1,0
AF,EG030,-3.038128,-60.254439,2,MNS,287.5,12.0,257.0,2,3000,0,0,0,0,0,0
CF,PAGEK,-3.038189,-60.228450,0,IEG,287.1,11.7,107.0,1.6,2,3000,0,0,0,0,1,0

APPTR,I11-Y,11,EDNIL
IF,EDNIL,-3.037992,-60.311744, ,0.0,0.0,2,4000,0,0,0,0,1,0
CF,PAGEK,-3.038189,-60.228450,0,IEG,287.1,11.7,107.0,5.0,2,3000,0,0,0,0,1,0

APPTR,I11-Y,11,MAPMO
IF,MAPMO,-2.937700,-60.228217, ,0.0,0.0,2,4000,0,0,0,0,1,0
AF,EG025,-3.038125,-60.255872,1,MNS,287.5,12.1,317.0,0,0,0,0,0,0,0,0
CF,PAGEK,-3.038189,-60.228450,0,IEG,287.1,11.7,107.0,1.7,2,3000,0,0,0,0,1,0

FINAL,I11-Y,11,I,3
IF,PAGEK,-3.038189,-60.228450,IEG,287.1,11.7,2,3000,0,0,0,0,0,0
CF,EG003,-3.038381,-60.145144,0,IEG,287.1,6.7,107.0,5.0,1,1900,0,0,0,0,2,0
CF,RW11,-3.038564,-60.061850,0,IEG,287.2,1.7,107.0,5.0,1,306,0,0,0,0,3,0
VA,0,107.0,2,2000,0,0,0,0,0,0
VI,1, ,0.0,285.0,2,4000,0,1,230,0,0,0
CF,MAPMO,-2.937700,-60.228217,0,MNS,317.4,12.1,317.0,6.0,2,4000,0,1,230,0,0,0
HM,MAPMO,-2.937700,-60.228217,1, ,0.0,0.0,137.0,04.3,2,4000,0,0,0,0,0,0,0

APPTR,L11-Y,11,ARSOS
IF,ARSOS,-3.138681,-60.228683, ,0.0,0.0,2,4000,0,0,0,0,1,0
AF,EG030,-3.038128,-60.254439,2,MNS,287.5,12.0,257.0,2,3000,0,0,0,0,0,0
CF,PAGEK,-3.038189,-60.228450,0,IEG,287.1,11.7,107.0,1.6,2,3000,0,0,0,0,1,0

APPTR,L11-Y,11,EDNIL
IF,EDNIL,-3.037992,-60.311744, ,0.0,0.0,2,4000,0,0,0,0,1,0
CF,PAGEK,-3.038189,-60.228450,0,IEG,287.1,11.7,107.0,5.0,2,3000,0,0,0,0,1,0

APPTR,L11-Y,11,MAPMO
IF,MAPMO,-2.937700,-60.228217, ,0.0,0.0,2,4000,0,0,0,0,1,0
AF,EG025,-3.038125,-60.255872,1,MNS,287.5,12.1,317.0,0,0,0,0,0,0,0,0
CF,PAGEK,-3.038189,-60.228450,0,IEG,287.1,11.7,107.0,1.7,2,3000,0,0,0,0,1,0

FINAL,L11-Y,11,D,4
IF,PAGEK,-3.038189,-60.228450,IEG,287.1,11.7,2,3000,0,0,0,0,0,0
CF,EG003,-3.038381,-60.145144,0,IEG,287.1,6.7,107.0,5.0,2,1900,0,0,0,0,2,0
CF,EG035,-3.038497,-60.100169,0,IEG,287.1,4.0,107.0,2.7,2,1046,0,0,0,0,0,0
CF,RW11,-3.038564,-60.061850,0,IEG,287.2,1.7,107.0,2.3,1,306,0,0,0,0,3,0
VA,0,107.0,2,2000,0,0,0,0,0,0
VI,1, ,0.0,285.0,2,4000,0,1,230,0,0,0
CF,MAPMO,-2.937700,-60.228217,0,MNS,317.4,12.1,317.0,6.0,2,4000,0,1,230,0,0,0
HM,MAPMO,-2.937700,-60.228217,1, ,0.0,0.0,137.0,04.3,2,4000,0,0,0,0,0,0,0

APPTR,R11,11,ARSOS
IF,ARSOS,-3.138681,-60.228683, ,0.0,0.0,2,4000,0,0,0,0,1,0
TF,PAGEK,-3.038189,-60.228450,0, ,0.0,0.0,0.0,0.0,2,3000,0,0,0,0,1,0

APPTR,R11,11,EDNIL
IF,EDNIL,-3.037992,-60.311744, ,0.0,0.0,2,4000,0,0,0,0,1,0
TF,PAGEK,-3.038189,-60.228450,0, ,0.0,0.0,0.0,0.0,2,3000,0,0,0,0,1,0

APPTR,R11,11,MAPMO
IF,MAPMO,-2.937700,-60.228217, ,0.0,0.0,2,4000,0,0,0,0,1,0
TF,PAGEK,-3.038189,-60.228450,0, ,0.0,0.0,0.0,0.0,2,3000,0,0,0,0,1,0

FINAL,R11,11,R,4
IF,PAGEK,-3.038189,-60.228450, ,0.0,0.0,2,3000,0,0,0,0,0,0
TF,EG003,-3.038381,-60.145144,0, ,0.0,0.0,107.0,5.0,2,1900,0,0,0,0,2,0
TF,EG071,-3.038481,-60.100158,0, ,0.0,0.0,107.0,2.7,2,1020,0,0,0,0,0,0
TF,RW11,-3.038564,-60.061850,0, ,0.0,0.0,107.0,2.3,1,294,0,0,0,0,3,1
CA,0,107.0,2,2000,0,0,0,0,0,0
DF,MAPMO,-2.937700,-60.228217,1, ,0.0,0.0,2,4000,0,0,0,0,0,1
HM,MAPMO,-2.937700,-60.228217,2, ,0.0,0.0,197.0,04.3,2,4000,0,0,0,0,0,0,0

APPTR,R29,29,DAGTI
IF,DAGTI,-2.938475,-59.870756, ,0.0,0.0,2,4000,0,0,0,0,1,0
TF,EG023,-3.038967,-59.870956,0, ,0.0,0.0,0.0,0.0,2,3000,0,0,0,0,1,0

APPTR,R29,29,EG011
IF,EG011,-3.039131,-59.787653, ,0.0,0.0,2,5000,0,0,0,0,1,0
TF,EG023,-3.038967,-59.870956,0, ,0.0,0.0,0.0,0.0,2,3000,0,0,0,0,1,0

APPTR,R29,29,EG014
IF,EG014,-3.139400,-59.871156, ,0.0,0.0,2,5000,0,0,0,0,1,0
TF,EG023,-3.038967,-59.870956,0, ,0.0,0.0,0.0,0.0,2,3000,0,0,0,0,1,0

FINAL,R29,29,R,4
IF,EG023,-3.038967,-59.870956, ,0.0,0.0,2,3000,0,0,0,0,0,0
TF,EG024,-3.038808,-59.949258,0, ,0.0,0.0,287.0,4.7,2,2000,0,0,0,0,2,0
TF,EG010,-3.038700,-59.999233,0, ,0.0,0.0,287.0,3.0,2,1038,0,0,0,0,0,0
TF,RW29,-3.038617,-60.037553,0, ,0.0,0.0,287.0,2.3,1,306,0,0,0,0,3,1
VA,0,287.0,2,3000,0,0,0,0,0,0
DF,MAPMO,-2.937700,-60.228217,0, ,0.0,0.0,2,4000,0,0,0,0,0,1
HM,MAPMO,-2.937700,-60.228217,1, ,0.0,0.0,107.0,04.3,2,4000,0,0,0,0,0,0,0

