SID,AKRE2A,28L,4
CF,ISNAP,-23.460033,-46.578139,0,CGO,44.9,10.9,278.0,5.2,0,0,0,0,0,0,0,0
TF,GR048,-23.487431,-46.684658,0, ,0.0,0.0,0.0,0.0,2,6000,0,0,0,0,0,0
TF,AKRER,-23.566514,-46.993986,0, ,0.0,0.0,0.0,0.0,3,8000,0,0,0,0,0,0

SID,AKRE2A,28R,4
CF,ISNAP,-23.460033,-46.578139,0,CGO,44.9,10.9,276.0,5.4,0,0,0,0,0,0,0,0
TF,GR048,-23.487431,-46.684658,0, ,0.0,0.0,0.0,0.0,2,6000,0,0,0,0,0,0
TF,AKRER,-23.566514,-46.993986,0, ,0.0,0.0,0.0,0.0,3,8000,0,0,0,0,0,0

SID,AKRE2A,ASETA,6
IF,AKRER,-23.566514,-46.993986, ,0.0,0.0,3,8000,0,0,0,0,0,0
TF,GR219,-23.607969,-47.157256,0, ,0.0,0.0,0.0,0.0,0,0,0,0,0,0,0,0
TF,XOGOD,-23.526436,-47.482308,0, ,0.0,0.0,0.0,0.0,3,10000,0,0,0,0,0,0
TF,UMRAR,-23.467722,-47.691197,0, ,0.0,0.0,0.0,0.0,3,11000,0,0,0,0,0,0
TF,UBRAM,-23.445664,-47.769417,0, ,0.0,0.0,0.0,0.0,2,12000,0,0,0,0,0,0
TF,ASETA,-23.285667,-48.095667,0, ,0.0,0.0,0.0,0.0,0,0,0,0,0,0,0,0

SID,AKRE2A,EGEVA,6
IF,AKRER,-23.566514,-46.993986, ,0.0,0.0,3,8000,0,0,0,0,0,0
TF,GR219,-23.607969,-47.157256,0, ,0.0,0.0,0.0,0.0,0,0,0,0,0,0,0,0
TF,XOGOD,-23.526436,-47.482308,0, ,0.0,0.0,0.0,0.0,3,10000,0,0,0,0,0,0
TF,UMRAR,-23.467722,-47.691197,0, ,0.0,0.0,0.0,0.0,3,11000,0,0,0,0,0,0
TF,UBRAM,-23.445664,-47.769417,0, ,0.0,0.0,0.0,0.0,2,12000,0,0,0,0,0,0
TF,ASETA,-23.285667,-48.095667,0, ,0.0,0.0,0.0,0.0,0,0,0,0,0,0,0,0
TF,EGEVA,-23.139761,-48.561439,0, ,0.0,0.0,0.0,0.0,0,0,0,0,0,0,0,0

SID,AKRE2A,MADNI,6
IF,AKRER,-23.566514,-46.993986, ,0.0,0.0,3,8000,0,0,0,0,0,0
TF,GR219,-23.607969,-47.157256,0, ,0.0,0.0,0.0,0.0,0,0,0,0,0,0,0,0
TF,MADNI,-24.607483,-47.009044,0, ,0.0,0.0,0.0,0.0,0,0,0,0,0,0,0,0

SID,AKRE2A,SOVSI,6
IF,AKRER,-23.566514,-46.993986, ,0.0,0.0,3,8000,0,0,0,0,0,0
TF,GR219,-23.607969,-47.157256,0, ,0.0,0.0,0.0,0.0,0,0,0,0,0,0,0,0
TF,SOVSI,-24.105492,-47.472189,0, ,0.0,0.0,0.0,0.0,0,0,0,0,0,0,0,0

SID,AKRE2A,UBSOD,6
IF,AKRER,-23.566514,-46.993986, ,0.0,0.0,3,8000,0,0,0,0,0,0
TF,GR219,-23.607969,-47.157256,0, ,0.0,0.0,0.0,0.0,0,0,0,0,0,0,0,0
TF,UBSOD,-24.261736,-47.144189,0, ,0.0,0.0,0.0,0.0,0,0,0,0,0,0,0,0

SID,AMVU6A,10L,5
CF,AMVUL,-23.399589,-46.362233,0,CGO,71.9,21.1,94.0,5.1,0,0,0,0,0,0,0,0

SID,AMVU6A,GERKA,6
IF,AMVUL,-23.399589,-46.362233, ,0.0,0.0,0,0,0,0,0,0,0,0
TF,GR222,-23.372919,-46.316156,0, ,0.0,0.0,0.0,0.0,3,10000,0,0,0,0,0,0
TF,GR217,-23.212603,-46.039958,0, ,0.0,0.0,0.0,0.0,2,10000,0,0,0,0,0,0
TF,GR321,-23.125464,-46.006417,0, ,0.0,0.0,0.0,0.0,0,0,0,0,0,0,0,0
TF,GR223,-22.899194,-46.300778,0, ,0.0,0.0,0.0,0.0,2,18000,0,0,0,0,0,0
TF,GR224,-22.668806,-46.816319,0, ,0.0,0.0,0.0,0.0,2,25000,0,0,0,0,0,0
TF,ORONU,-22.617264,-46.930503,0, ,0.0,0.0,0.0,0.0,0,0,0,0,0,0,0,0
TF,GERKA,-22.551303,-47.076786,0, ,0.0,0.0,0.0,0.0,0,0,0,0,0,0,0,0

SID,AMVU6A,GERTU,6
IF,AMVUL,-23.399589,-46.362233, ,0.0,0.0,0,0,0,0,0,0,0,0
TF,GR222,-23.372919,-46.316156,0, ,0.0,0.0,0.0,0.0,3,10000,0,0,0,0,0,0
TF,GR217,-23.212603,-46.039958,0, ,0.0,0.0,0.0,0.0,2,10000,0,0,0,0,0,0
TF,GR321,-23.125464,-46.006417,0, ,0.0,0.0,0.0,0.0,0,0,0,0,0,0,0,0
TF,GR223,-22.899194,-46.300778,0, ,0.0,0.0,0.0,0.0,2,18000,0,0,0,0,0,0
TF,GR224,-22.668806,-46.816319,0, ,0.0,0.0,0.0,0.0,2,25000,0,0,0,0,0,0
TF,ORONU,-22.617264,-46.930503,0, ,0.0,0.0,0.0,0.0,0,0,0,0,0,0,0,0
TF,GERKA,-22.551303,-47.076786,0, ,0.0,0.0,0.0,0.0,0,0,0,0,0,0,0,0
TF,GERTU,-22.430183,-47.562453,0, ,0.0,0.0,0.0,0.0,0,0,0,0,0,0,0,0

SID,AMVU6A,ISMOB,6
IF,AMVUL,-23.399589,-46.362233, ,0.0,0.0,0,0,0,0,0,0,0,0
TF,GR222,-23.372919,-46.316156,0, ,0.0,0.0,0.0,0.0,3,10000,0,0,0,0,0,0
TF,GR217,-23.212603,-46.039958,0, ,0.0,0.0,0.0,0.0,2,10000,0,0,0,0,0,0
TF,GR321,-23.125464,-46.006417,0, ,0.0,0.0,0.0,0.0,0,0,0,0,0,0,0,0
TF,GR223,-22.899194,-46.300778,0, ,0.0,0.0,0.0,0.0,2,18000,0,0,0,0,0,0
TF,GR224,-22.668806,-46.816319,0, ,0.0,0.0,0.0,0.0,2,25000,0,0,0,0,0,0
TF,ORONU,-22.617264,-46.930503,0, ,0.0,0.0,0.0,0.0,0,0,0,0,0,0,0,0
TF,ISMOB,-21.789178,-47.197017,0, ,0.0,0.0,0.0,0.0,0,0,0,0,0,0,0,0

SID,AMVU6A,NUXEL,6
IF,AMVUL,-23.399589,-46.362233, ,0.0,0.0,0,0,0,0,0,0,0,0
TF,GR222,-23.372919,-46.316156,0, ,0.0,0.0,0.0,0.0,3,10000,0,0,0,0,0,0
TF,GR217,-23.212603,-46.039958,0, ,0.0,0.0,0.0,0.0,2,10000,0,0,0,0,0,0
TF,GR321,-23.125464,-46.006417,0, ,0.0,0.0,0.0,0.0,0,0,0,0,0,0,0,0
TF,VUMEV,-22.886833,-45.977333,0, ,0.0,0.0,0.0,0.0,0,0,0,0,0,0,0,0
TF,NUXEL,-22.283086,-45.821908,0, ,0.0,0.0,0.0,0.0,0,0,0,0,0,0,0,0

SID,AMVU6A,VUMEV,6
IF,AMVUL,-23.399589,-46.362233, ,0.0,0.0,0,0,0,0,0,0,0,0
TF,GR222,-23.372919,-46.316156,0, ,0.0,0.0,0.0,0.0,3,10000,0,0,0,0,0,0
TF,GR217,-23.212603,-46.039958,0, ,0.0,0.0,0.0,0.0,2,10000,0,0,0,0,0,0
TF,GR321,-23.125464,-46.006417,0, ,0.0,0.0,0.0,0.0,0,0,0,0,0,0,0,0
TF,VUMEV,-22.886833,-45.977333,0, ,0.0,0.0,0.0,0.0,0,0,0,0,0,0,0,0

SID,CGO4B,28L,5
CF,EVNEB,-23.462189,-46.573403,0,CGO,46.4,10.9,276.0,5.0,0,0,0,0,0,0,0,0
TF,GR237,-23.535758,-46.567539,0, ,0.0,0.0,0.0,0.0,2,6500,0,1,210,0,0,0
TF,VUNVU,-23.613219,-46.556364,0, ,0.0,0.0,0.0,0.0,0,0,0,0,0,0,0,0
TF,CGO,-23.627464,-46.654636,0, ,0.0,0.0,0.0,0.0,2,10000,0,1,230,0,0,0

SID,CGO4B,ASETA,6
IF,CGO,-23.627464,-46.654636, ,0.0,0.0,2,10000,0,1,230,0,0,0
TF,ZORZA,-23.708167,-46.793608,0, ,0.0,0.0,0.0,0.0,0,0,0,0,0,0,0,0
TF,GR219,-23.607969,-47.157256,0, ,0.0,0.0,0.0,0.0,2,19000,0,0,0,0,0,0
TF,UGTIX,-23.281222,-47.228800,0, ,0.0,0.0,0.0,0.0,2,25000,0,0,0,0,0,0
TF,LESSA,-23.176422,-47.628150,0, ,0.0,0.0,0.0,0.0,0,0,0,0,0,0,0,0
TF,ASETA,-23.285667,-48.095667,0, ,0.0,0.0,0.0,0.0,0,0,0,0,0,0,0,0

SID,CGO4B,EGEVA,6
IF,CGO,-23.627464,-46.654636, ,0.0,0.0,2,10000,0,1,230,0,0,0
TF,ZORZA,-23.708167,-46.793608,0, ,0.0,0.0,0.0,0.0,0,0,0,0,0,0,0,0
TF,GR219,-23.607969,-47.157256,0, ,0.0,0.0,0.0,0.0,2,19000,0,0,0,0,0,0
TF,UGTIX,-23.281222,-47.228800,0, ,0.0,0.0,0.0,0.0,2,25000,0,0,0,0,0,0
TF,LESSA,-23.176422,-47.628150,0, ,0.0,0.0,0.0,0.0,0,0,0,0,0,0,0,0
TF,EGEVA,-23.139761,-48.561439,0, ,0.0,0.0,0.0,0.0,0,0,0,0,0,0,0,0

SID,CGO4B,MADNI,6
IF,CGO,-23.627464,-46.654636, ,0.0,0.0,2,10000,0,1,230,0,0,0
TF,ZORZA,-23.708167,-46.793608,0, ,0.0,0.0,0.0,0.0,0,0,0,0,0,0,0,0
TF,MADNI,-24.607483,-47.009044,0, ,0.0,0.0,0.0,0.0,0,0,0,0,0,0,0,0

SID,CGO4B,SOVSI,6
IF,CGO,-23.627464,-46.654636, ,0.0,0.0,2,10000,0,1,230,0,0,0
TF,ZORZA,-23.708167,-46.793608,0, ,0.0,0.0,0.0,0.0,0,0,0,0,0,0,0,0
TF,SOVSI,-24.105492,-47.472189,0, ,0.0,0.0,0.0,0.0,0,0,0,0,0,0,0,0

SID,CGO4B,UBSOD,6
IF,CGO,-23.627464,-46.654636, ,0.0,0.0,2,10000,0,1,230,0,0,0
TF,ZORZA,-23.708167,-46.793608,0, ,0.0,0.0,0.0,0.0,0,0,0,0,0,0,0,0
TF,UBSOD,-24.261736,-47.144189,0, ,0.0,0.0,0.0,0.0,0,0,0,0,0,0,0,0

SID,CGO5A,10R,5
CA,0,96.0,2,3000,0,0,0,0,0,0
DF,GR317,-23.465439,-46.390153,0, ,0.0,0.0,0,0,0,0,0,0,0,0
TF,GR319,-23.533764,-46.337611,0, ,0.0,0.0,0.0,0.0,4,7000,6000,0,0,0,0,0
TF,UGIKI,-23.593428,-46.429756,0, ,0.0,0.0,0.0,0.0,0,0,0,0,0,0,0,0
TF,GR212,-23.607503,-46.519231,0, ,0.0,0.0,0.0,0.0,3,16000,0,0,0,0,0,0
TF,CGO,-23.627464,-46.654636,0, ,0.0,0.0,0.0,0.0,2,10000,0,0,0,0,0,0

SID,CGO5A,ASETA,6
IF,CGO,-23.627464,-46.654636, ,0.0,0.0,2,10000,0,0,0,0,0,0
TF,ZORZA,-23.708167,-46.793608,0, ,0.0,0.0,0.0,0.0,0,0,0,0,0,0,0,0
TF,GR214,-23.511444,-47.103708,0, ,0.0,0.0,0.0,0.0,2,24000,0,0,0,0,0,0
TF,GR216,-23.406908,-47.267917,0, ,0.0,0.0,0.0,0.0,2,27000,0,0,0,0,0,0
TF,LESSA,-23.176422,-47.628150,0, ,0.0,0.0,0.0,0.0,0,0,0,0,0,0,0,0
TF,ASETA,-23.285667,-48.095667,0, ,0.0,0.0,0.0,0.0,0,0,0,0,0,0,0,0

SID,CGO5A,EGEVA,6
IF,CGO,-23.627464,-46.654636, ,0.0,0.0,2,10000,0,0,0,0,0,0
TF,ZORZA,-23.708167,-46.793608,0, ,0.0,0.0,0.0,0.0,0,0,0,0,0,0,0,0
TF,GR214,-23.511444,-47.103708,0, ,0.0,0.0,0.0,0.0,2,24000,0,0,0,0,0,0
TF,GR216,-23.406908,-47.267917,0, ,0.0,0.0,0.0,0.0,2,27000,0,0,0,0,0,0
TF,LESSA,-23.176422,-47.628150,0, ,0.0,0.0,0.0,0.0,0,0,0,0,0,0,0,0
TF,EGEVA,-23.139761,-48.561439,0, ,0.0,0.0,0.0,0.0,0,0,0,0,0,0,0,0

SID,CGO5A,MADNI,6
IF,CGO,-23.627464,-46.654636, ,0.0,0.0,2,10000,0,0,0,0,0,0
TF,ZORZA,-23.708167,-46.793608,0, ,0.0,0.0,0.0,0.0,0,0,0,0,0,0,0,0
TF,MADNI,-24.607483,-47.009044,0, ,0.0,0.0,0.0,0.0,0,0,0,0,0,0,0,0

SID,CGO5A,SOVSI,6
IF,CGO,-23.627464,-46.654636, ,0.0,0.0,2,10000,0,0,0,0,0,0
TF,ZORZA,-23.708167,-46.793608,0, ,0.0,0.0,0.0,0.0,0,0,0,0,0,0,0,0
TF,SOVSI,-24.105492,-47.472189,0, ,0.0,0.0,0.0,0.0,0,0,0,0,0,0,0,0

SID,CGO5A,UBSOD,6
IF,CGO,-23.627464,-46.654636, ,0.0,0.0,2,10000,0,0,0,0,0,0
TF,ZORZA,-23.708167,-46.793608,0, ,0.0,0.0,0.0,0.0,0,0,0,0,0,0,0,0
TF,UBSOD,-24.261736,-47.144189,0, ,0.0,0.0,0.0,0.0,0,0,0,0,0,0,0,0

SID,EKOP1A,10L,5
CF,AMVUL,-23.399589,-46.362233,0,CGO,71.9,21.1,94.0,5.0,0,0,0,0,0,0,0,0
TF,GR027,-23.438139,-46.244428,0, ,0.0,0.0,0.0,0.0,3,10000,0,0,0,0,0,0
TF,EKOPO,-23.492172,-45.932514,0, ,0.0,0.0,0.0,0.0,3,13000,0,0,0,0,0,0

SID,EKOP1A,NIBRU,6
IF,EKOPO,-23.492172,-45.932514, ,0.0,0.0,3,13000,0,0,0,0,0,0
TF,NIBRU,-23.573069,-45.468961,0, ,0.0,0.0,0.0,0.0,0,0,0,0,0,0,0,0

SID,EKOP1A,UREMI,6
IF,EKOPO,-23.492172,-45.932514, ,0.0,0.0,3,13000,0,0,0,0,0,0
TF,UREMI,-23.389156,-45.512986,0, ,0.0,0.0,0.0,0.0,0,0,0,0,0,0,0,0

SID,EVNE3A,28L,5
CF,EVNEB,-23.462189,-46.573403,0,CGO,46.4,10.9,276.0,5.0,0,0,0,0,0,0,0,0

SID,EVNE3A,NIBRU,6
IF,EVNEB,-23.462189,-46.573403, ,0.0,0.0,0,0,0,0,0,0,0,0
TF,GR237,-23.535758,-46.567539,0, ,0.0,0.0,0.0,0.0,2,6500,0,1,210,0,0,0
TF,GR242,-23.581758,-46.376789,0, ,0.0,0.0,0.0,0.0,3,16000,0,0,0,0,0,0
TF,GR232,-23.506783,-46.038317,0, ,0.0,0.0,0.0,0.0,0,0,0,0,0,0,0,0
TF,NIBRU,-23.573069,-45.468961,0, ,0.0,0.0,0.0,0.0,0,0,0,0,0,0,0,0

SID,EVNE3A,NUXEL,6
IF,EVNEB,-23.462189,-46.573403, ,0.0,0.0,0,0,0,0,0,0,0,0
TF,GR237,-23.535758,-46.567539,0, ,0.0,0.0,0.0,0.0,2,6500,0,1,210,0,0,0
TF,GR242,-23.581758,-46.376789,0, ,0.0,0.0,0.0,0.0,3,16000,0,0,0,0,0,0
TF,GR232,-23.506783,-46.038317,0, ,0.0,0.0,0.0,0.0,0,0,0,0,0,0,0,0
TF,ISOXO,-23.431175,-45.996367,0, ,0.0,0.0,0.0,0.0,2,16000,0,0,0,0,0,0
TF,ORIMU,-23.263917,-45.990503,0, ,0.0,0.0,0.0,0.0,3,22000,0,0,0,0,0,0
TF,VUMEV,-22.886833,-45.977333,0, ,0.0,0.0,0.0,0.0,0,0,0,0,0,0,0,0
TF,NUXEL,-22.283086,-45.821908,0, ,0.0,0.0,0.0,0.0,0,0,0,0,0,0,0,0

SID,EVNE3A,UREMI,6
IF,EVNEB,-23.462189,-46.573403, ,0.0,0.0,0,0,0,0,0,0,0,0
TF,GR237,-23.535758,-46.567539,0, ,0.0,0.0,0.0,0.0,2,6500,0,1,210,0,0,0
TF,GR242,-23.581758,-46.376789,0, ,0.0,0.0,0.0,0.0,3,16000,0,0,0,0,0,0
TF,GR232,-23.506783,-46.038317,0, ,0.0,0.0,0.0,0.0,0,0,0,0,0,0,0,0
TF,UREMI,-23.389156,-45.512986,0, ,0.0,0.0,0.0,0.0,0,0,0,0,0,0,0,0

SID,EVNE3A,VUMEV,6
IF,EVNEB,-23.462189,-46.573403, ,0.0,0.0,0,0,0,0,0,0,0,0
TF,GR237,-23.535758,-46.567539,0, ,0.0,0.0,0.0,0.0,2,6500,0,1,210,0,0,0
TF,GR242,-23.581758,-46.376789,0, ,0.0,0.0,0.0,0.0,3,16000,0,0,0,0,0,0
TF,GR232,-23.506783,-46.038317,0, ,0.0,0.0,0.0,0.0,0,0,0,0,0,0,0,0
TF,ISOXO,-23.431175,-45.996367,0, ,0.0,0.0,0.0,0.0,2,16000,0,0,0,0,0,0
TF,ORIMU,-23.263917,-45.990503,0, ,0.0,0.0,0.0,0.0,3,22000,0,0,0,0,0,0
TF,VUMEV,-22.886833,-45.977333,0, ,0.0,0.0,0.0,0.0,0,0,0,0,0,0,0,0

SID,ISNA2A,28R,5
CF,ISNAP,-23.460033,-46.578139,0,CGO,44.9,10.9,275.0,5.5,0,0,0,0,0,0,0,0

SID,ISNA2A,NIBRU,6
IF,ISNAP,-23.460033,-46.578139, ,0.0,0.0,0,0,0,0,0,0,0,0
TF,GR237,-23.535758,-46.567539,0, ,0.0,0.0,0.0,0.0,2,6500,0,1,210,0,0,0
TF,GR242,-23.581758,-46.376789,0, ,0.0,0.0,0.0,0.0,3,16000,0,0,0,0,0,0
TF,GR232,-23.506783,-46.038317,0, ,0.0,0.0,0.0,0.0,0,0,0,0,0,0,0,0
TF,NIBRU,-23.573069,-45.468961,0, ,0.0,0.0,0.0,0.0,0,0,0,0,0,0,0,0

SID,ISNA2A,NUXEL,6
IF,ISNAP,-23.460033,-46.578139, ,0.0,0.0,0,0,0,0,0,0,0,0
TF,GR237,-23.535758,-46.567539,0, ,0.0,0.0,0.0,0.0,2,6500,0,1,210,0,0,0
TF,GR242,-23.581758,-46.376789,0, ,0.0,0.0,0.0,0.0,3,16000,0,0,0,0,0,0
TF,GR232,-23.506783,-46.038317,0, ,0.0,0.0,0.0,0.0,0,0,0,0,0,0,0,0
TF,ISOXO,-23.431175,-45.996367,0, ,0.0,0.0,0.0,0.0,2,16000,0,0,0,0,0,0
TF,ORIMU,-23.263917,-45.990503,0, ,0.0,0.0,0.0,0.0,3,22000,0,0,0,0,0,0
TF,VUMEV,-22.886833,-45.977333,0, ,0.0,0.0,0.0,0.0,0,0,0,0,0,0,0,0
TF,NUXEL,-22.283086,-45.821908,0, ,0.0,0.0,0.0,0.0,0,0,0,0,0,0,0,0

SID,ISNA2A,UREMI,6
IF,ISNAP,-23.460033,-46.578139, ,0.0,0.0,0,0,0,0,0,0,0,0
TF,GR237,-23.535758,-46.567539,0, ,0.0,0.0,0.0,0.0,2,6500,0,1,210,0,0,0
TF,GR242,-23.581758,-46.376789,0, ,0.0,0.0,0.0,0.0,3,16000,0,0,0,0,0,0
TF,GR232,-23.506783,-46.038317,0, ,0.0,0.0,0.0,0.0,0,0,0,0,0,0,0,0
TF,UREMI,-23.389156,-45.512986,0, ,0.0,0.0,0.0,0.0,0,0,0,0,0,0,0,0

SID,ISNA2A,VUMEV,6
IF,ISNAP,-23.460033,-46.578139, ,0.0,0.0,0,0,0,0,0,0,0,0
TF,GR237,-23.535758,-46.567539,0, ,0.0,0.0,0.0,0.0,2,6500,0,1,210,0,0,0
TF,GR242,-23.581758,-46.376789,0, ,0.0,0.0,0.0,0.0,3,16000,0,0,0,0,0,0
TF,GR232,-23.506783,-46.038317,0, ,0.0,0.0,0.0,0.0,0,0,0,0,0,0,0,0
TF,ISOXO,-23.431175,-45.996367,0, ,0.0,0.0,0.0,0.0,2,16000,0,0,0,0,0,0
TF,ORIMU,-23.263917,-45.990503,0, ,0.0,0.0,0.0,0.0,3,22000,0,0,0,0,0,0
TF,VUMEV,-22.886833,-45.977333,0, ,0.0,0.0,0.0,0.0,0,0,0,0,0,0,0,0

SID,NIBR3A,10R,5
CA,0,96.0,2,3000,0,0,0,0,0,0
DF,GR209,-23.557806,-46.268767,0, ,0.0,0.0,3,6000,0,0,0,0,0,0
TF,EKOPO,-23.492172,-45.932514,0, ,0.0,0.0,0.0,0.0,3,13000,0,0,0,0,0,0
TF,NIBRU,-23.573069,-45.468961,0, ,0.0,0.0,0.0,0.0,0,0,0,0,0,0,0,0

SID,OMNI,10L,1
CA,0,96.0,2,3000,0,0,0,0,0,0
VM,0,0,0,96.0,0,0,0,0,0,0,0,0

SID,OMNI,10R,1
CA,0,96.0,2,3000,0,0,0,0,0,0
VM,0,0,0,96.0,0,0,0,0,0,0,0,0

SID,OMNI,28L,1
CA,0,276.0,2,3000,0,0,0,0,0,0
VM,0,0,0,276.0,0,0,0,0,0,0,0,0

SID,OMNI,28R,1
CA,0,276.0,2,3000,0,0,0,0,0,0
VM,0,0,0,276.0,0,0,0,0,0,0,0,0

SID,ORON1A,10L,5
CA,0,96.0,2,2900,0,0,0,0,0,0
DF,GR226,-23.374658,-46.399003,0, ,0.0,0.0,0,0,0,1,230,0,0,0
TF,GR316,-23.339617,-46.360064,0, ,0.0,0.0,0.0,0.0,3,10000,0,0,0,0,0,0
TF,GR306,-23.097389,-46.091658,0, ,0.0,0.0,0.0,0.0,0,0,0,0,0,0,0,0
TF,GR223,-22.899194,-46.300778,0, ,0.0,0.0,0.0,0.0,2,18000,0,0,0,0,0,0
TF,GR224,-22.668806,-46.816319,0, ,0.0,0.0,0.0,0.0,2,25000,0,0,0,0,0,0
TF,ORONU,-22.617264,-46.930503,0, ,0.0,0.0,0.0,0.0,0,0,0,0,0,0,0,0

SID,ORON1A,10R,5
CA,0,96.0,2,2900,0,0,0,0,0,0
DF,GR226,-23.374658,-46.399003,0, ,0.0,0.0,0,0,0,1,230,0,0,0
TF,GR316,-23.339617,-46.360064,0, ,0.0,0.0,0.0,0.0,3,10000,0,0,0,0,0,0
TF,GR306,-23.097389,-46.091658,0, ,0.0,0.0,0.0,0.0,0,0,0,0,0,0,0,0
TF,GR223,-22.899194,-46.300778,0, ,0.0,0.0,0.0,0.0,2,18000,0,0,0,0,0,0
TF,GR224,-22.668806,-46.816319,0, ,0.0,0.0,0.0,0.0,2,25000,0,0,0,0,0,0
TF,ORONU,-22.617264,-46.930503,0, ,0.0,0.0,0.0,0.0,0,0,0,0,0,0,0,0

SID,ORON1A,GERKA,6
IF,ORONU,-22.617264,-46.930503, ,0.0,0.0,0,0,0,0,0,0,0,0
TF,GERKA,-22.551303,-47.076786,0, ,0.0,0.0,0.0,0.0,0,0,0,0,0,0,0,0

SID,ORON1A,GERTU,6
IF,ORONU,-22.617264,-46.930503, ,0.0,0.0,0,0,0,0,0,0,0,0
TF,GERKA,-22.551303,-47.076786,0, ,0.0,0.0,0.0,0.0,0,0,0,0,0,0,0,0
TF,GERTU,-22.430183,-47.562453,0, ,0.0,0.0,0.0,0.0,0,0,0,0,0,0,0,0

SID,ORON1A,ISMOB,6
IF,ORONU,-22.617264,-46.930503, ,0.0,0.0,0,0,0,0,0,0,0,0
TF,ISMOB,-21.789178,-47.197017,0, ,0.0,0.0,0.0,0.0,0,0,0,0,0,0,0,0

SID,ORON1B,10L,5
CA,0,95.0,2,2900,0,0,0,0,0,0
DF,GR226,-23.374658,-46.399003,0, ,0.0,0.0,0,0,0,1,210,0,0,0
TF,GR227,-23.248458,-46.312433,0, ,0.0,0.0,0.0,0.0,0,0,0,0,0,0,0,0
TF,EDLUT,-23.111189,-46.211900,0, ,0.0,0.0,0.0,0.0,0,0,0,0,0,0,0,0
TF,GR324,-23.057200,-46.234561,0, ,0.0,0.0,0.0,0.0,2,10000,0,0,0,0,0,0
TF,GR223,-22.899194,-46.300778,0, ,0.0,0.0,0.0,0.0,0,0,0,0,0,0,0,0
TF,GR322,-22.793136,-46.538539,0, ,0.0,0.0,0.0,0.0,0,0,0,0,0,0,0,0
TF,GR292,-22.742192,-46.652372,0, ,0.0,0.0,0.0,0.0,2,11000,0,0,0,0,0,0
TF,GR021,-22.680233,-46.790492,0, ,0.0,0.0,0.0,0.0,3,12000,0,0,0,0,0,0
TF,GR022,-22.651036,-46.855456,0, ,0.0,0.0,0.0,0.0,2,13000,0,0,0,0,0,0
TF,ORONU,-22.617264,-46.930503,0, ,0.0,0.0,0.0,0.0,0,0,0,0,0,0,0,0

SID,ORON1B,10R,5
CA,0,95.0,2,2900,0,0,0,0,0,0
DF,GR226,-23.374658,-46.399003,0, ,0.0,0.0,0,0,0,1,210,0,0,0
TF,GR227,-23.248458,-46.312433,0, ,0.0,0.0,0.0,0.0,0,0,0,0,0,0,0,0
TF,EDLUT,-23.111189,-46.211900,0, ,0.0,0.0,0.0,0.0,0,0,0,0,0,0,0,0
TF,GR324,-23.057200,-46.234561,0, ,0.0,0.0,0.0,0.0,2,10000,0,0,0,0,0,0
TF,GR223,-22.899194,-46.300778,0, ,0.0,0.0,0.0,0.0,0,0,0,0,0,0,0,0
TF,GR322,-22.793136,-46.538539,0, ,0.0,0.0,0.0,0.0,0,0,0,0,0,0,0,0
TF,GR292,-22.742192,-46.652372,0, ,0.0,0.0,0.0,0.0,2,11000,0,0,0,0,0,0
TF,GR021,-22.680233,-46.790492,0, ,0.0,0.0,0.0,0.0,3,12000,0,0,0,0,0,0
TF,GR022,-22.651036,-46.855456,0, ,0.0,0.0,0.0,0.0,2,13000,0,0,0,0,0,0
TF,ORONU,-22.617264,-46.930503,0, ,0.0,0.0,0.0,0.0,0,0,0,0,0,0,0,0

SID,ORON1B,GERKA,6
IF,ORONU,-22.617264,-46.930503, ,0.0,0.0,0,0,0,0,0,0,0,0
TF,GERKA,-22.551303,-47.076786,0, ,0.0,0.0,0.0,0.0,3,14000,0,0,0,0,0,0

SID,ORON1B,GERTU,6
IF,ORONU,-22.617264,-46.930503, ,0.0,0.0,0,0,0,0,0,0,0,0
TF,GERKA,-22.551303,-47.076786,0, ,0.0,0.0,0.0,0.0,3,14000,0,0,0,0,0,0
TF,GERTU,-22.430183,-47.562453,0, ,0.0,0.0,0.0,0.0,0,0,0,0,0,0,0,0

SID,REOR3A,10R,4
CF,REORI,-23.406906,-46.369092,0,APO,183.4,452.8,96.0,5.0,0,0,0,0,0,0,0,0

SID,REOR3A,GERKA,6
IF,REORI,-23.406906,-46.369092, ,0.0,0.0,0,0,0,0,0,0,0,0
TF,GR222,-23.372919,-46.316156,0, ,0.0,0.0,0.0,0.0,3,10000,0,0,0,0,0,0
TF,GR217,-23.212603,-46.039958,0, ,0.0,0.0,0.0,0.0,2,10000,0,0,0,0,0,0
TF,GR321,-23.125464,-46.006417,0, ,0.0,0.0,0.0,0.0,0,0,0,0,0,0,0,0
TF,GR223,-22.899194,-46.300778,0, ,0.0,0.0,0.0,0.0,2,18000,0,0,0,0,0,0
TF,GR224,-22.668806,-46.816319,0, ,0.0,0.0,0.0,0.0,2,25000,0,0,0,0,0,0
TF,ORONU,-22.617264,-46.930503,0, ,0.0,0.0,0.0,0.0,0,0,0,0,0,0,0,0
TF,GERKA,-22.551303,-47.076786,0, ,0.0,0.0,0.0,0.0,0,0,0,0,0,0,0,0

SID,REOR3A,GERTU,6
IF,REORI,-23.406906,-46.369092, ,0.0,0.0,0,0,0,0,0,0,0,0
TF,GR222,-23.372919,-46.316156,0, ,0.0,0.0,0.0,0.0,3,10000,0,0,0,0,0,0
TF,GR217,-23.212603,-46.039958,0, ,0.0,0.0,0.0,0.0,2,10000,0,0,0,0,0,0
TF,GR321,-23.125464,-46.006417,0, ,0.0,0.0,0.0,0.0,0,0,0,0,0,0,0,0
TF,GR223,-22.899194,-46.300778,0, ,0.0,0.0,0.0,0.0,2,18000,0,0,0,0,0,0
TF,GR224,-22.668806,-46.816319,0, ,0.0,0.0,0.0,0.0,2,25000,0,0,0,0,0,0
TF,ORONU,-22.617264,-46.930503,0, ,0.0,0.0,0.0,0.0,0,0,0,0,0,0,0,0
TF,GERKA,-22.551303,-47.076786,0, ,0.0,0.0,0.0,0.0,0,0,0,0,0,0,0,0
TF,GERTU,-22.430183,-47.562453,0, ,0.0,0.0,0.0,0.0,0,0,0,0,0,0,0,0

SID,REOR3A,ISMOB,6
IF,REORI,-23.406906,-46.369092, ,0.0,0.0,0,0,0,0,0,0,0,0
TF,GR222,-23.372919,-46.316156,0, ,0.0,0.0,0.0,0.0,3,10000,0,0,0,0,0,0
TF,GR217,-23.212603,-46.039958,0, ,0.0,0.0,0.0,0.0,2,10000,0,0,0,0,0,0
TF,GR321,-23.125464,-46.006417,0, ,0.0,0.0,0.0,0.0,0,0,0,0,0,0,0,0
TF,GR223,-22.899194,-46.300778,0, ,0.0,0.0,0.0,0.0,2,18000,0,0,0,0,0,0
TF,GR224,-22.668806,-46.816319,0, ,0.0,0.0,0.0,0.0,2,25000,0,0,0,0,0,0
TF,ORONU,-22.617264,-46.930503,0, ,0.0,0.0,0.0,0.0,0,0,0,0,0,0,0,0
TF,ISMOB,-21.789178,-47.197017,0, ,0.0,0.0,0.0,0.0,0,0,0,0,0,0,0,0

SID,REOR3A,NUXEL,6
IF,REORI,-23.406906,-46.369092, ,0.0,0.0,0,0,0,0,0,0,0,0
TF,GR222,-23.372919,-46.316156,0, ,0.0,0.0,0.0,0.0,3,10000,0,0,0,0,0,0
TF,GR217,-23.212603,-46.039958,0, ,0.0,0.0,0.0,0.0,2,10000,0,0,0,0,0,0
TF,GR321,-23.125464,-46.006417,0, ,0.0,0.0,0.0,0.0,0,0,0,0,0,0,0,0
TF,VUMEV,-22.886833,-45.977333,0, ,0.0,0.0,0.0,0.0,0,0,0,0,0,0,0,0
TF,NUXEL,-22.283086,-45.821908,0, ,0.0,0.0,0.0,0.0,0,0,0,0,0,0,0,0

SID,REOR3A,VUMEV,6
IF,REORI,-23.406906,-46.369092, ,0.0,0.0,0,0,0,0,0,0,0,0
TF,GR222,-23.372919,-46.316156,0, ,0.0,0.0,0.0,0.0,3,10000,0,0,0,0,0,0
TF,GR217,-23.212603,-46.039958,0, ,0.0,0.0,0.0,0.0,2,10000,0,0,0,0,0,0
TF,GR321,-23.125464,-46.006417,0, ,0.0,0.0,0.0,0.0,0,0,0,0,0,0,0,0
TF,VUMEV,-22.886833,-45.977333,0, ,0.0,0.0,0.0,0.0,0,0,0,0,0,0,0,0

SID,UREM3A,10R,5
CA,0,96.0,2,3000,0,0,0,0,0,0
DF,GR209,-23.557806,-46.268767,0, ,0.0,0.0,3,6000,0,0,0,0,0,0
TF,EKOPO,-23.492172,-45.932514,0, ,0.0,0.0,0.0,0.0,3,13000,0,0,0,0,0,0
TF,UREMI,-23.389156,-45.512986,0, ,0.0,0.0,0.0,0.0,0,0,0,0,0,0,0,0

SID,XOLU1A,28L,5
CA,0,276.0,2,3000,0,0,0,0,0,0
DF,GR323,-23.384625,-46.685186,0, ,0.0,0.0,0,0,0,0,0,0,0,0
TF,GR081,-23.248919,-46.827858,0, ,0.0,0.0,0.0,0.0,4,11000,10000,0,0,0,0,0
TF,GR082,-23.194283,-46.885189,0, ,0.0,0.0,0.0,0.0,2,12000,0,0,0,0,0,0
TF,GR083,-23.084492,-46.955708,0, ,0.0,0.0,0.0,0.0,2,13000,0,0,0,0,0,0
TF,GR084,-22.953669,-47.039567,0, ,0.0,0.0,0.0,0.0,3,15000,0,0,0,0,0,0
TF,GR086,-22.869622,-47.051017,0, ,0.0,0.0,0.0,0.0,4,17000,16000,0,0,0,0,0
TF,XOLUS,-22.736053,-47.069183,0, ,0.0,0.0,0.0,0.0,3,19000,0,0,0,0,0,0

SID,XOLU1A,28R,5
CA,0,276.0,2,3000,0,0,0,0,0,0
DF,GR323,-23.384625,-46.685186,0, ,0.0,0.0,0,0,0,0,0,0,0,0
TF,GR081,-23.248919,-46.827858,0, ,0.0,0.0,0.0,0.0,4,11000,10000,0,0,0,0,0
TF,GR082,-23.194283,-46.885189,0, ,0.0,0.0,0.0,0.0,2,12000,0,0,0,0,0,0
TF,GR083,-23.084492,-46.955708,0, ,0.0,0.0,0.0,0.0,2,13000,0,0,0,0,0,0
TF,GR084,-22.953669,-47.039567,0, ,0.0,0.0,0.0,0.0,3,15000,0,0,0,0,0,0
TF,GR086,-22.869622,-47.051017,0, ,0.0,0.0,0.0,0.0,4,17000,16000,0,0,0,0,0
TF,XOLUS,-22.736053,-47.069183,0, ,0.0,0.0,0.0,0.0,3,19000,0,0,0,0,0,0

SID,XOLU1A,GERTU,6
IF,XOLUS,-22.736053,-47.069183, ,0.0,0.0,3,19000,0,0,0,0,0,0
TF,GERTU,-22.430183,-47.562453,0, ,0.0,0.0,0.0,0.0,0,0,0,0,0,0,0,0

SID,XOLU1A,ISMOB,6
IF,XOLUS,-22.736053,-47.069183, ,0.0,0.0,3,19000,0,0,0,0,0,0
TF,ISMOB,-21.789178,-47.197017,0, ,0.0,0.0,0.0,0.0,0,0,0,0,0,0,0,0

SID,ZORZ3A,10L,5
CF,AMVUL,-23.399589,-46.362233,0,CGO,71.9,21.1,94.0,5.0,0,0,0,0,0,0,0,0
TF,GR027,-23.438139,-46.244428,0, ,0.0,0.0,0.0,0.0,4,9000,7000,0,0,0,0,0
TF,GR209,-23.557806,-46.268767,0, ,0.0,0.0,0.0,0.0,0,0,0,0,0,0,0,0
TF,GR212,-23.607503,-46.519231,0, ,0.0,0.0,0.0,0.0,3,16000,0,0,0,0,0,0
TF,CGO,-23.627464,-46.654636,0, ,0.0,0.0,0.0,0.0,2,10000,0,0,0,0,0,0
TF,ZORZA,-23.708167,-46.793608,0, ,0.0,0.0,0.0,0.0,0,0,0,0,0,0,0,0

SID,ZORZ3A,ASETA,6
IF,ZORZA,-23.708167,-46.793608, ,0.0,0.0,0,0,0,0,0,0,0,0
TF,GR214,-23.511444,-47.103708,0, ,0.0,0.0,0.0,0.0,2,24000,0,0,0,0,0,0
TF,GR216,-23.406908,-47.267917,0, ,0.0,0.0,0.0,0.0,2,27000,0,0,0,0,0,0
TF,LESSA,-23.176422,-47.628150,0, ,0.0,0.0,0.0,0.0,0,0,0,0,0,0,0,0
TF,ASETA,-23.285667,-48.095667,0, ,0.0,0.0,0.0,0.0,0,0,0,0,0,0,0,0

SID,ZORZ3A,EGEVA,6
IF,ZORZA,-23.708167,-46.793608, ,0.0,0.0,0,0,0,0,0,0,0,0
TF,GR214,-23.511444,-47.103708,0, ,0.0,0.0,0.0,0.0,2,24000,0,0,0,0,0,0
TF,GR216,-23.406908,-47.267917,0, ,0.0,0.0,0.0,0.0,2,27000,0,0,0,0,0,0
TF,LESSA,-23.176422,-47.628150,0, ,0.0,0.0,0.0,0.0,0,0,0,0,0,0,0,0
TF,EGEVA,-23.139761,-48.561439,0, ,0.0,0.0,0.0,0.0,0,0,0,0,0,0,0,0

SID,ZORZ3A,MADNI,6
IF,ZORZA,-23.708167,-46.793608, ,0.0,0.0,0,0,0,0,0,0,0,0
TF,MADNI,-24.607483,-47.009044,0, ,0.0,0.0,0.0,0.0,0,0,0,0,0,0,0,0

SID,ZORZ3A,SOVSI,6
IF,ZORZA,-23.708167,-46.793608, ,0.0,0.0,0,0,0,0,0,0,0,0
TF,SOVSI,-24.105492,-47.472189,0, ,0.0,0.0,0.0,0.0,0,0,0,0,0,0,0,0

SID,ZORZ3A,UBSOD,6
IF,ZORZA,-23.708167,-46.793608, ,0.0,0.0,0,0,0,0,0,0,0,0
TF,UBSOD,-24.261736,-47.144189,0, ,0.0,0.0,0.0,0.0,0,0,0,0,0,0,0,0

SID,ZORZ5B,28R,5
CF,ISNAP,-23.460033,-46.578139,0,APO,184.9,452.1,276.0,5.5,0,0,0,0,0,0,0,0
TF,GR237,-23.535758,-46.567539,0, ,0.0,0.0,0.0,0.0,2,6500,0,1,210,0,0,0
TF,VUNVU,-23.613219,-46.556364,0, ,0.0,0.0,0.0,0.0,0,0,0,0,0,0,0,0
TF,CGO,-23.627464,-46.654636,0, ,0.0,0.0,0.0,0.0,2,10000,0,1,230,0,0,0
TF,ZORZA,-23.708167,-46.793608,0, ,0.0,0.0,0.0,0.0,0,0,0,0,0,0,0,0

SID,ZORZ5B,ASETA,6
IF,ZORZA,-23.708167,-46.793608, ,0.0,0.0,0,0,0,0,0,0,0,0
TF,GR219,-23.607969,-47.157256,0, ,0.0,0.0,0.0,0.0,2,19000,0,0,0,0,0,0
TF,UGTIX,-23.281222,-47.228800,0, ,0.0,0.0,0.0,0.0,2,25000,0,0,0,0,0,0
TF,LESSA,-23.176422,-47.628150,0, ,0.0,0.0,0.0,0.0,0,0,0,0,0,0,0,0
TF,ASETA,-23.285667,-48.095667,0, ,0.0,0.0,0.0,0.0,0,0,0,0,0,0,0,0

SID,ZORZ5B,EGEVA,6
IF,ZORZA,-23.708167,-46.793608, ,0.0,0.0,0,0,0,0,0,0,0,0
TF,GR219,-23.607969,-47.157256,0, ,0.0,0.0,0.0,0.0,2,19000,0,0,0,0,0,0
TF,UGTIX,-23.281222,-47.228800,0, ,0.0,0.0,0.0,0.0,2,25000,0,0,0,0,0,0
TF,LESSA,-23.176422,-47.628150,0, ,0.0,0.0,0.0,0.0,0,0,0,0,0,0,0,0
TF,EGEVA,-23.139761,-48.561439,0, ,0.0,0.0,0.0,0.0,0,0,0,0,0,0,0,0

SID,ZORZ5B,MADNI,6
IF,ZORZA,-23.708167,-46.793608, ,0.0,0.0,0,0,0,0,0,0,0,0
TF,MADNI,-24.607483,-47.009044,0, ,0.0,0.0,0.0,0.0,0,0,0,0,0,0,0,0

SID,ZORZ5B,SOVSI,6
IF,ZORZA,-23.708167,-46.793608, ,0.0,0.0,0,0,0,0,0,0,0,0
TF,SOVSI,-24.105492,-47.472189,0, ,0.0,0.0,0.0,0.0,0,0,0,0,0,0,0,0

SID,ZORZ5B,UBSOD,6
IF,ZORZA,-23.708167,-46.793608, ,0.0,0.0,0,0,0,0,0,0,0,0
TF,UBSOD,-24.261736,-47.144189,0, ,0.0,0.0,0.0,0.0,0,0,0,0,0,0,0,0

STAR,EDMU1B,28L,5
IF,EDMUS,-23.189228,-45.385867, ,0.0,0.0,3,17000,0,0,0,0,0,0
TF,NIBVO,-23.226900,-45.555925,0, ,0.0,0.0,0.0,0.0,3,15000,0,0,0,0,0,0
TF,POLYP,-23.323536,-45.906631,0, ,0.0,0.0,0.0,0.0,0,0,0,0,0,0,0,0
TF,GR278,-23.345503,-45.986247,0, ,0.0,0.0,0.0,0.0,4,9000,8000,0,0,0,0,0
TF,GR279,-23.257544,-46.015617,0, ,0.0,0.0,0.0,0.0,0,0,0,0,0,0,0,0
TF,GR281,-23.182361,-46.073092,0, ,0.0,0.0,0.0,0.0,0,0,0,0,0,0,0,0
TF,GR282,-23.143722,-46.154394,0, ,0.0,0.0,0.0,0.0,3,8000,0,0,0,0,0,0
TF,UTKUG,-23.301225,-46.242097,0, ,0.0,0.0,0.0,0.0,2,6000,0,0,0,0,0,0

STAR,EDMU1B,28R,5
IF,EDMUS,-23.189228,-45.385867, ,0.0,0.0,3,17000,0,0,0,0,0,0
TF,NIBVO,-23.226900,-45.555925,0, ,0.0,0.0,0.0,0.0,3,15000,0,0,0,0,0,0
TF,POLYP,-23.323536,-45.906631,0, ,0.0,0.0,0.0,0.0,0,0,0,0,0,0,0,0
TF,GR278,-23.345503,-45.986247,0, ,0.0,0.0,0.0,0.0,4,9000,8000,0,0,0,0,0
TF,GR279,-23.257544,-46.015617,0, ,0.0,0.0,0.0,0.0,0,0,0,0,0,0,0,0
TF,GR281,-23.182361,-46.073092,0, ,0.0,0.0,0.0,0.0,0,0,0,0,0,0,0,0
TF,GR282,-23.143722,-46.154394,0, ,0.0,0.0,0.0,0.0,3,8000,0,0,0,0,0,0
TF,UTKUG,-23.301225,-46.242097,0, ,0.0,0.0,0.0,0.0,2,6000,0,0,0,0,0,0

STAR,EDMU2A,10L,5
IF,EDMUS,-23.189228,-45.385867, ,0.0,0.0,3,26000,0,0,0,0,0,0
TF,NIBVO,-23.226900,-45.555925,0, ,0.0,0.0,0.0,0.0,0,0,0,0,0,0,0,0
TF,POLYP,-23.323536,-45.906631,0, ,0.0,0.0,0.0,0.0,3,15000,0,0,0,0,0,0
TF,GR284,-23.436086,-46.305403,0, ,0.0,0.0,0.0,0.0,2,11000,0,0,0,0,0,0
TF,GR286,-23.337789,-46.468228,0, ,0.0,0.0,0.0,0.0,1,11000,0,0,0,0,0,0
TF,GR283,-23.264414,-46.589472,0, ,0.0,0.0,0.0,0.0,1,10000,0,0,0,0,0,0
TF,GR287,-23.232956,-46.691261,0, ,0.0,0.0,0.0,0.0,3,9000,0,0,0,0,0,0
TF,GR288,-23.252592,-46.798056,0, ,0.0,0.0,0.0,0.0,4,8000,7000,0,0,0,0,0
TF,GR289,-23.320133,-46.880872,0, ,0.0,0.0,0.0,0.0,3,7000,0,0,0,0,0,0
TF,LOMEN,-23.426906,-46.704958,1, ,0.0,0.0,0.0,0.0,2,6000,0,0,0,0,0,0

STAR,EDMU2A,10R,5
IF,EDMUS,-23.189228,-45.385867, ,0.0,0.0,3,26000,0,0,0,0,0,0
TF,NIBVO,-23.226900,-45.555925,0, ,0.0,0.0,0.0,0.0,0,0,0,0,0,0,0,0
TF,POLYP,-23.323536,-45.906631,0, ,0.0,0.0,0.0,0.0,3,15000,0,0,0,0,0,0
TF,GR284,-23.436086,-46.305403,0, ,0.0,0.0,0.0,0.0,2,11000,0,0,0,0,0,0
TF,GR286,-23.337789,-46.468228,0, ,0.0,0.0,0.0,0.0,1,11000,0,0,0,0,0,0
TF,GR283,-23.264414,-46.589472,0, ,0.0,0.0,0.0,0.0,1,10000,0,0,0,0,0,0
TF,GR287,-23.232956,-46.691261,0, ,0.0,0.0,0.0,0.0,3,9000,0,0,0,0,0,0
TF,GR288,-23.252592,-46.798056,0, ,0.0,0.0,0.0,0.0,4,8000,7000,0,0,0,0,0
TF,GR289,-23.320133,-46.880872,0, ,0.0,0.0,0.0,0.0,3,7000,0,0,0,0,0,0
TF,LOMEN,-23.426906,-46.704958,1, ,0.0,0.0,0.0,0.0,2,6000,0,0,0,0,0,0

STAR,MOLE1A,BUXUK,4
IF,BUXUK,-23.763908,-47.815869, ,0.0,0.0,0,0,0,0,0,0,0,0
TF,GR071,-23.650167,-47.696092,0, ,0.0,0.0,0.0,0.0,3,27000,0,0,0,0,0,0
TF,GR072,-23.385083,-47.418014,0, ,0.0,0.0,0.0,0.0,3,23000,0,0,0,0,0,0
TF,MOLLE,-23.144544,-47.166967,0, ,0.0,0.0,0.0,0.0,0,0,0,0,0,0,0,0

STAR,MOLE1A,ZARES,4
IF,ZARES,-22.766339,-47.954617, ,0.0,0.0,0,0,0,0,0,0,0,0
TF,GR073,-22.821028,-47.841417,0, ,0.0,0.0,0.0,0.0,3,27000,0,0,0,0,0,0
TF,GR327,-22.993464,-47.482961,0, ,0.0,0.0,0.0,0.0,2,24000,0,0,0,0,0,0
TF,GR074,-23.038106,-47.389783,0, ,0.0,0.0,0.0,0.0,3,23000,0,0,0,0,0,0
TF,MOLLE,-23.144544,-47.166967,0, ,0.0,0.0,0.0,0.0,0,0,0,0,0,0,0,0

STAR,MOLE1A,10L,5
IF,MOLLE,-23.144544,-47.166967, ,0.0,0.0,0,0,0,0,0,0,0,0
TF,GR249,-23.071994,-47.081450,0, ,0.0,0.0,0.0,0.0,2,19000,0,0,0,0,0,0
TF,GR076,-22.974228,-46.966422,0, ,0.0,0.0,0.0,0.0,2,16000,0,0,0,0,0,0
TF,GR077,-22.903067,-46.882853,0, ,0.0,0.0,0.0,0.0,1,14000,0,1,250,0,0,0
TF,GR252,-22.868089,-46.841822,0, ,0.0,0.0,0.0,0.0,1,14000,0,0,0,0,0,0
TF,GR272,-22.812931,-46.732497,0, ,0.0,0.0,0.0,0.0,0,0,0,0,0,0,0,0
TF,GR273,-22.784533,-46.628553,0, ,0.0,0.0,0.0,0.0,0,0,0,0,0,0,0,0
TF,GR274,-22.778508,-46.520400,0, ,0.0,0.0,0.0,0.0,0,0,0,0,0,0,0,0
TF,GR276,-22.795150,-46.413544,0, ,0.0,0.0,0.0,0.0,0,0,0,0,0,0,0,0
TF,GR277,-22.840133,-46.305644,0, ,0.0,0.0,0.0,0.0,1,14000,0,1,250,0,0,0
TF,SANPA,-23.208425,-46.549753,2, ,0.0,0.0,0.0,0.0,4,9000,8000,1,230,0,0,0
TF,GR283,-23.264414,-46.589472,0, ,0.0,0.0,0.0,0.0,3,8000,0,0,0,0,0,0
TF,LOMEN,-23.426906,-46.704958,0, ,0.0,0.0,0.0,0.0,2,6000,0,0,0,0,0,0

STAR,MOLE1A,10R,5
IF,MOLLE,-23.144544,-47.166967, ,0.0,0.0,0,0,0,0,0,0,0,0
TF,GR249,-23.071994,-47.081450,0, ,0.0,0.0,0.0,0.0,2,19000,0,0,0,0,0,0
TF,GR076,-22.974228,-46.966422,0, ,0.0,0.0,0.0,0.0,2,16000,0,0,0,0,0,0
TF,GR077,-22.903067,-46.882853,0, ,0.0,0.0,0.0,0.0,1,14000,0,1,250,0,0,0
TF,GR252,-22.868089,-46.841822,0, ,0.0,0.0,0.0,0.0,1,14000,0,0,0,0,0,0
TF,GR272,-22.812931,-46.732497,0, ,0.0,0.0,0.0,0.0,0,0,0,0,0,0,0,0
TF,GR273,-22.784533,-46.628553,0, ,0.0,0.0,0.0,0.0,0,0,0,0,0,0,0,0
TF,GR274,-22.778508,-46.520400,0, ,0.0,0.0,0.0,0.0,0,0,0,0,0,0,0,0
TF,GR276,-22.795150,-46.413544,0, ,0.0,0.0,0.0,0.0,0,0,0,0,0,0,0,0
TF,GR277,-22.840133,-46.305644,0, ,0.0,0.0,0.0,0.0,1,14000,0,1,250,0,0,0
TF,SANPA,-23.208425,-46.549753,2, ,0.0,0.0,0.0,0.0,4,9000,8000,1,230,0,0,0
TF,GR283,-23.264414,-46.589472,0, ,0.0,0.0,0.0,0.0,3,8000,0,0,0,0,0,0
TF,LOMEN,-23.426906,-46.704958,0, ,0.0,0.0,0.0,0.0,2,6000,0,0,0,0,0,0

STAR,MOLE1B,BUXUK,4
IF,BUXUK,-23.763908,-47.815869, ,0.0,0.0,0,0,0,0,0,0,0,0
TF,GR071,-23.650167,-47.696092,0, ,0.0,0.0,0.0,0.0,3,27000,0,0,0,0,0,0
TF,GR072,-23.385083,-47.418014,0, ,0.0,0.0,0.0,0.0,3,23000,0,0,0,0,0,0
TF,MOLLE,-23.144544,-47.166967,0, ,0.0,0.0,0.0,0.0,0,0,0,0,0,0,0,0

STAR,MOLE1B,ZARES,4
IF,ZARES,-22.766339,-47.954617, ,0.0,0.0,0,0,0,0,0,0,0,0
TF,GR073,-22.821028,-47.841417,0, ,0.0,0.0,0.0,0.0,3,27000,0,0,0,0,0,0
TF,GR327,-22.993464,-47.482961,0, ,0.0,0.0,0.0,0.0,2,24000,0,0,0,0,0,0
TF,GR074,-23.038106,-47.389783,0, ,0.0,0.0,0.0,0.0,3,23000,0,0,0,0,0,0
TF,MOLLE,-23.144544,-47.166967,0, ,0.0,0.0,0.0,0.0,0,0,0,0,0,0,0,0

STAR,MOLE1B,28L,5
IF,MOLLE,-23.144544,-47.166967, ,0.0,0.0,0,0,0,0,0,0,0,0
TF,GR249,-23.071994,-47.081450,0, ,0.0,0.0,0.0,0.0,2,19000,0,0,0,0,0,0
TF,GR076,-22.974228,-46.966422,0, ,0.0,0.0,0.0,0.0,2,16000,0,0,0,0,0,0
TF,GR077,-22.903067,-46.882853,0, ,0.0,0.0,0.0,0.0,1,14000,0,1,250,0,0,0
TF,GR252,-22.868089,-46.841822,0, ,0.0,0.0,0.0,0.0,1,14000,0,0,0,0,0,0
TF,GR272,-22.812931,-46.732497,0, ,0.0,0.0,0.0,0.0,0,0,0,0,0,0,0,0
TF,GR273,-22.784533,-46.628553,0, ,0.0,0.0,0.0,0.0,0,0,0,0,0,0,0,0
TF,GR274,-22.778508,-46.520400,0, ,0.0,0.0,0.0,0.0,0,0,0,0,0,0,0,0
TF,GR276,-22.795150,-46.413544,0, ,0.0,0.0,0.0,0.0,0,0,0,0,0,0,0,0
TF,GR277,-22.840133,-46.305644,0, ,0.0,0.0,0.0,0.0,1,14000,0,1,250,0,0,0
TF,SANPA,-23.208425,-46.549753,2, ,0.0,0.0,0.0,0.0,4,10000,9000,1,230,0,0,0
TF,GR253,-23.268756,-46.443433,0, ,0.0,0.0,0.0,0.0,0,0,0,0,0,0,0,0
TF,GR254,-23.270564,-46.306517,0, ,0.0,0.0,0.0,0.0,0,0,0,0,0,0,0,0
TF,UTKUG,-23.301225,-46.242097,0, ,0.0,0.0,0.0,0.0,2,6000,0,0,0,0,0,0

STAR,MOLE1B,28R,5
IF,MOLLE,-23.144544,-47.166967, ,0.0,0.0,0,0,0,0,0,0,0,0
TF,GR249,-23.071994,-47.081450,0, ,0.0,0.0,0.0,0.0,2,19000,0,0,0,0,0,0
TF,GR076,-22.974228,-46.966422,0, ,0.0,0.0,0.0,0.0,2,16000,0,0,0,0,0,0
TF,GR077,-22.903067,-46.882853,0, ,0.0,0.0,0.0,0.0,1,14000,0,1,250,0,0,0
TF,GR252,-22.868089,-46.841822,0, ,0.0,0.0,0.0,0.0,1,14000,0,0,0,0,0,0
TF,GR272,-22.812931,-46.732497,0, ,0.0,0.0,0.0,0.0,0,0,0,0,0,0,0,0
TF,GR273,-22.784533,-46.628553,0, ,0.0,0.0,0.0,0.0,0,0,0,0,0,0,0,0
TF,GR274,-22.778508,-46.520400,0, ,0.0,0.0,0.0,0.0,0,0,0,0,0,0,0,0
TF,GR276,-22.795150,-46.413544,0, ,0.0,0.0,0.0,0.0,0,0,0,0,0,0,0,0
TF,GR277,-22.840133,-46.305644,0, ,0.0,0.0,0.0,0.0,1,14000,0,1,250,0,0,0
TF,SANPA,-23.208425,-46.549753,2, ,0.0,0.0,0.0,0.0,4,10000,9000,1,230,0,0,0
TF,GR253,-23.268756,-46.443433,0, ,0.0,0.0,0.0,0.0,0,0,0,0,0,0,0,0
TF,GR254,-23.270564,-46.306517,0, ,0.0,0.0,0.0,0.0,0,0,0,0,0,0,0,0
TF,UTKUG,-23.301225,-46.242097,0, ,0.0,0.0,0.0,0.0,2,6000,0,0,0,0,0,0

STAR,MOLE1C,BUXUK,4
IF,BUXUK,-23.763908,-47.815869, ,0.0,0.0,0,0,0,0,0,0,0,0
TF,GR071,-23.650167,-47.696092,0, ,0.0,0.0,0.0,0.0,3,27000,0,0,0,0,0,0
TF,GR072,-23.385083,-47.418014,0, ,0.0,0.0,0.0,0.0,3,23000,0,0,0,0,0,0
TF,MOLLE,-23.144544,-47.166967,0, ,0.0,0.0,0.0,0.0,0,0,0,0,0,0,0,0

STAR,MOLE1C,ZARES,4
IF,ZARES,-22.766339,-47.954617, ,0.0,0.0,0,0,0,0,0,0,0,0
TF,GR073,-22.821028,-47.841417,0, ,0.0,0.0,0.0,0.0,3,27000,0,0,0,0,0,0
TF,GR327,-22.993464,-47.482961,0, ,0.0,0.0,0.0,0.0,2,24000,0,0,0,0,0,0
TF,GR074,-23.038106,-47.389783,0, ,0.0,0.0,0.0,0.0,3,23000,0,0,0,0,0,0
TF,MOLLE,-23.144544,-47.166967,0, ,0.0,0.0,0.0,0.0,0,0,0,0,0,0,0,0

STAR,MOLE1C,28L,5
IF,MOLLE,-23.144544,-47.166967, ,0.0,0.0,0,0,0,0,0,0,0,0
TF,GR249,-23.071994,-47.081450,0, ,0.0,0.0,0.0,0.0,2,19000,0,0,0,0,0,0
TF,GR076,-22.974228,-46.966422,0, ,0.0,0.0,0.0,0.0,2,16000,0,0,0,0,0,0
TF,GR077,-22.903067,-46.882853,0, ,0.0,0.0,0.0,0.0,1,14000,0,1,250,0,0,0
TF,GR252,-22.868089,-46.841822,0, ,0.0,0.0,0.0,0.0,1,14000,0,0,0,0,0,0
TF,SANPA,-23.208425,-46.549753,2, ,0.0,0.0,0.0,0.0,4,10000,9000,1,230,0,0,0
TF,GR253,-23.268756,-46.443433,0, ,0.0,0.0,0.0,0.0,0,0,0,0,0,0,0,0
TF,GR254,-23.270564,-46.306517,0, ,0.0,0.0,0.0,0.0,0,0,0,0,0,0,0,0
TF,UTKUG,-23.301225,-46.242097,0, ,0.0,0.0,0.0,0.0,2,6000,0,0,0,0,0,0

STAR,MOLE1C,28R,5
IF,MOLLE,-23.144544,-47.166967, ,0.0,0.0,0,0,0,0,0,0,0,0
TF,GR249,-23.071994,-47.081450,0, ,0.0,0.0,0.0,0.0,2,19000,0,0,0,0,0,0
TF,GR076,-22.974228,-46.966422,0, ,0.0,0.0,0.0,0.0,2,16000,0,0,0,0,0,0
TF,GR077,-22.903067,-46.882853,0, ,0.0,0.0,0.0,0.0,1,14000,0,1,250,0,0,0
TF,GR252,-22.868089,-46.841822,0, ,0.0,0.0,0.0,0.0,1,14000,0,0,0,0,0,0
TF,SANPA,-23.208425,-46.549753,2, ,0.0,0.0,0.0,0.0,4,10000,9000,1,230,0,0,0
TF,GR253,-23.268756,-46.443433,0, ,0.0,0.0,0.0,0.0,0,0,0,0,0,0,0,0
TF,GR254,-23.270564,-46.306517,0, ,0.0,0.0,0.0,0.0,0,0,0,0,0,0,0,0
TF,UTKUG,-23.301225,-46.242097,0, ,0.0,0.0,0.0,0.0,2,6000,0,0,0,0,0,0

STAR,MOLE1D,BUXUK,4
IF,BUXUK,-23.763908,-47.815869, ,0.0,0.0,0,0,0,0,0,0,0,0
TF,GR071,-23.650167,-47.696092,0, ,0.0,0.0,0.0,0.0,3,27000,0,0,0,0,0,0
TF,GR072,-23.385083,-47.418014,0, ,0.0,0.0,0.0,0.0,3,23000,0,0,0,0,0,0
TF,MOLLE,-23.144544,-47.166967,0, ,0.0,0.0,0.0,0.0,0,0,0,0,0,0,0,0

STAR,MOLE1D,ZARES,4
IF,ZARES,-22.766339,-47.954617, ,0.0,0.0,0,0,0,0,0,0,0,0
TF,GR073,-22.821028,-47.841417,0, ,0.0,0.0,0.0,0.0,3,27000,0,0,0,0,0,0
TF,GR327,-22.993464,-47.482961,0, ,0.0,0.0,0.0,0.0,2,24000,0,0,0,0,0,0
TF,GR074,-23.038106,-47.389783,0, ,0.0,0.0,0.0,0.0,3,23000,0,0,0,0,0,0
TF,MOLLE,-23.144544,-47.166967,0, ,0.0,0.0,0.0,0.0,0,0,0,0,0,0,0,0

STAR,MOLE1D,10L,5
IF,MOLLE,-23.144544,-47.166967, ,0.0,0.0,0,0,0,0,0,0,0,0
TF,GR249,-23.071994,-47.081450,0, ,0.0,0.0,0.0,0.0,2,19000,0,0,0,0,0,0
TF,GR076,-22.974228,-46.966422,0, ,0.0,0.0,0.0,0.0,2,16000,0,0,0,0,0,0
TF,GR077,-22.903067,-46.882853,0, ,0.0,0.0,0.0,0.0,1,14000,0,1,250,0,0,0
TF,GR252,-22.868089,-46.841822,0, ,0.0,0.0,0.0,0.0,1,14000,0,0,0,0,0,0
TF,SANPA,-23.208425,-46.549753,2, ,0.0,0.0,0.0,0.0,4,9000,8000,1,230,0,0,0
TF,GR283,-23.264414,-46.589472,0, ,0.0,0.0,0.0,0.0,3,8000,0,0,0,0,0,0
TF,LOMEN,-23.426906,-46.704958,0, ,0.0,0.0,0.0,0.0,2,6000,0,0,0,0,0,0

STAR,MOLE1D,10R,5
IF,MOLLE,-23.144544,-47.166967, ,0.0,0.0,0,0,0,0,0,0,0,0
TF,GR249,-23.071994,-47.081450,0, ,0.0,0.0,0.0,0.0,2,19000,0,0,0,0,0,0
TF,GR076,-22.974228,-46.966422,0, ,0.0,0.0,0.0,0.0,2,16000,0,0,0,0,0,0
TF,GR077,-22.903067,-46.882853,0, ,0.0,0.0,0.0,0.0,1,14000,0,1,250,0,0,0
TF,GR252,-22.868089,-46.841822,0, ,0.0,0.0,0.0,0.0,1,14000,0,0,0,0,0,0
TF,SANPA,-23.208425,-46.549753,2, ,0.0,0.0,0.0,0.0,4,9000,8000,1,230,0,0,0
TF,GR283,-23.264414,-46.589472,0, ,0.0,0.0,0.0,0.0,3,8000,0,0,0,0,0,0
TF,LOMEN,-23.426906,-46.704958,0, ,0.0,0.0,0.0,0.0,2,6000,0,0,0,0,0,0

STAR,SANP1A,10L,5
IF,VUNOX,-22.317903,-46.213242, ,0.0,0.0,3,22000,0,0,0,0,0,0
TF,GR259,-22.544133,-46.248297,0, ,0.0,0.0,0.0,0.0,3,18000,0,0,0,0,0,0
TF,GR262,-22.782856,-46.285422,0, ,0.0,0.0,0.0,0.0,3,16000,0,0,0,0,0,0
TF,SANPA,-23.208425,-46.549753,0, ,0.0,0.0,0.0,0.0,4,9000,8000,0,0,0,0,0
TF,GR283,-23.264414,-46.589472,0, ,0.0,0.0,0.0,0.0,3,8000,0,0,0,0,0,0
TF,LOMEN,-23.426906,-46.704958,0, ,0.0,0.0,0.0,0.0,2,6000,0,0,0,0,0,0

STAR,SANP1A,10R,5
IF,VUNOX,-22.317903,-46.213242, ,0.0,0.0,3,22000,0,0,0,0,0,0
TF,GR259,-22.544133,-46.248297,0, ,0.0,0.0,0.0,0.0,3,18000,0,0,0,0,0,0
TF,GR262,-22.782856,-46.285422,0, ,0.0,0.0,0.0,0.0,3,16000,0,0,0,0,0,0
TF,SANPA,-23.208425,-46.549753,0, ,0.0,0.0,0.0,0.0,4,9000,8000,0,0,0,0,0
TF,GR283,-23.264414,-46.589472,0, ,0.0,0.0,0.0,0.0,3,8000,0,0,0,0,0,0
TF,LOMEN,-23.426906,-46.704958,0, ,0.0,0.0,0.0,0.0,2,6000,0,0,0,0,0,0

STAR,VUNO1A,10L,5
IF,VUNOX,-22.317903,-46.213242, ,0.0,0.0,3,22000,0,0,0,0,0,0
TF,GR259,-22.544133,-46.248297,0, ,0.0,0.0,0.0,0.0,3,18000,0,0,0,0,0,0
TF,GR262,-22.782856,-46.285422,0, ,0.0,0.0,0.0,0.0,3,16000,0,0,0,0,0,0
TF,GR263,-22.877267,-46.347817,0, ,0.0,0.0,0.0,0.0,1,15000,0,1,250,0,0,0
TF,GR264,-22.842175,-46.433025,0, ,0.0,0.0,0.0,0.0,0,0,0,0,0,0,0,0
TF,GR266,-22.826775,-46.536267,0, ,0.0,0.0,0.0,0.0,0,0,0,0,0,0,0,0
TF,GR267,-22.833206,-46.626319,0, ,0.0,0.0,0.0,0.0,0,0,0,0,0,0,0,0
TF,GR268,-22.860269,-46.719203,0, ,0.0,0.0,0.0,0.0,0,0,0,0,0,0,0,0
TF,GR271,-22.913150,-46.811386,0, ,0.0,0.0,0.0,0.0,1,15000,0,1,250,0,0,0
TF,SANPA,-23.208425,-46.549753,1, ,0.0,0.0,0.0,0.0,4,9000,8000,1,230,0,0,0
TF,GR283,-23.264414,-46.589472,0, ,0.0,0.0,0.0,0.0,3,8000,0,0,0,0,0,0
TF,LOMEN,-23.426906,-46.704958,0, ,0.0,0.0,0.0,0.0,2,6000,0,0,0,0,0,0

STAR,VUNO1A,10R,5
IF,VUNOX,-22.317903,-46.213242, ,0.0,0.0,3,22000,0,0,0,0,0,0
TF,GR259,-22.544133,-46.248297,0, ,0.0,0.0,0.0,0.0,3,18000,0,0,0,0,0,0
TF,GR262,-22.782856,-46.285422,0, ,0.0,0.0,0.0,0.0,3,16000,0,0,0,0,0,0
TF,GR263,-22.877267,-46.347817,0, ,0.0,0.0,0.0,0.0,1,15000,0,1,250,0,0,0
TF,GR264,-22.842175,-46.433025,0, ,0.0,0.0,0.0,0.0,0,0,0,0,0,0,0,0
TF,GR266,-22.826775,-46.536267,0, ,0.0,0.0,0.0,0.0,0,0,0,0,0,0,0,0
TF,GR267,-22.833206,-46.626319,0, ,0.0,0.0,0.0,0.0,0,0,0,0,0,0,0,0
TF,GR268,-22.860269,-46.719203,0, ,0.0,0.0,0.0,0.0,0,0,0,0,0,0,0,0
TF,GR271,-22.913150,-46.811386,0, ,0.0,0.0,0.0,0.0,1,15000,0,1,250,0,0,0
TF,SANPA,-23.208425,-46.549753,1, ,0.0,0.0,0.0,0.0,4,9000,8000,1,230,0,0,0
TF,GR283,-23.264414,-46.589472,0, ,0.0,0.0,0.0,0.0,3,8000,0,0,0,0,0,0
TF,LOMEN,-23.426906,-46.704958,0, ,0.0,0.0,0.0,0.0,2,6000,0,0,0,0,0,0

STAR,VUNO1B,28L,5
IF,VUNOX,-22.317903,-46.213242, ,0.0,0.0,3,22000,0,0,0,0,0,0
TF,GR259,-22.544133,-46.248297,0, ,0.0,0.0,0.0,0.0,3,18000,0,0,0,0,0,0
TF,GR262,-22.782856,-46.285422,0, ,0.0,0.0,0.0,0.0,3,16000,0,0,0,0,0,0
TF,SANPA,-23.208425,-46.549753,0, ,0.0,0.0,0.0,0.0,4,10000,9000,0,0,0,0,0
TF,GR253,-23.268756,-46.443433,0, ,0.0,0.0,0.0,0.0,0,0,0,0,0,0,0,0
TF,GR254,-23.270564,-46.306517,0, ,0.0,0.0,0.0,0.0,0,0,0,0,0,0,0,0
TF,UTKUG,-23.301225,-46.242097,0, ,0.0,0.0,0.0,0.0,2,6000,0,0,0,0,0,0

STAR,VUNO1B,28R,5
IF,VUNOX,-22.317903,-46.213242, ,0.0,0.0,3,22000,0,0,0,0,0,0
TF,GR259,-22.544133,-46.248297,0, ,0.0,0.0,0.0,0.0,3,18000,0,0,0,0,0,0
TF,GR262,-22.782856,-46.285422,0, ,0.0,0.0,0.0,0.0,3,16000,0,0,0,0,0,0
TF,SANPA,-23.208425,-46.549753,0, ,0.0,0.0,0.0,0.0,4,10000,9000,0,0,0,0,0
TF,GR253,-23.268756,-46.443433,0, ,0.0,0.0,0.0,0.0,0,0,0,0,0,0,0,0
TF,GR254,-23.270564,-46.306517,0, ,0.0,0.0,0.0,0.0,0,0,0,0,0,0,0,0
TF,UTKUG,-23.301225,-46.242097,0, ,0.0,0.0,0.0,0.0,2,6000,0,0,0,0,0,0

STAR,VUNO1C,28L,5
IF,VUNOX,-22.317903,-46.213242, ,0.0,0.0,3,22000,0,0,0,0,0,0
TF,GR259,-22.544133,-46.248297,0, ,0.0,0.0,0.0,0.0,3,18000,0,0,0,0,0,0
TF,GR262,-22.782856,-46.285422,0, ,0.0,0.0,0.0,0.0,3,16000,0,0,0,0,0,0
TF,GR263,-22.877267,-46.347817,0, ,0.0,0.0,0.0,0.0,1,15000,0,1,250,0,0,0
TF,GR264,-22.842175,-46.433025,0, ,0.0,0.0,0.0,0.0,0,0,0,0,0,0,0,0
TF,GR266,-22.826775,-46.536267,0, ,0.0,0.0,0.0,0.0,0,0,0,0,0,0,0,0
TF,GR267,-22.833206,-46.626319,0, ,0.0,0.0,0.0,0.0,0,0,0,0,0,0,0,0
TF,GR268,-22.860269,-46.719203,0, ,0.0,0.0,0.0,0.0,0,0,0,0,0,0,0,0
TF,GR271,-22.913150,-46.811386,0, ,0.0,0.0,0.0,0.0,1,15000,0,1,250,0,0,0
TF,SANPA,-23.208425,-46.549753,1, ,0.0,0.0,0.0,0.0,4,10000,9000,1,230,0,0,0
TF,GR253,-23.268756,-46.443433,0, ,0.0,0.0,0.0,0.0,0,0,0,0,0,0,0,0
TF,GR254,-23.270564,-46.306517,0, ,0.0,0.0,0.0,0.0,0,0,0,0,0,0,0,0
TF,UTKUG,-23.301225,-46.242097,0, ,0.0,0.0,0.0,0.0,2,6000,0,0,0,0,0,0

STAR,VUNO1C,28R,5
IF,VUNOX,-22.317903,-46.213242, ,0.0,0.0,3,22000,0,0,0,0,0,0
TF,GR259,-22.544133,-46.248297,0, ,0.0,0.0,0.0,0.0,3,18000,0,0,0,0,0,0
TF,GR262,-22.782856,-46.285422,0, ,0.0,0.0,0.0,0.0,3,16000,0,0,0,0,0,0
TF,GR263,-22.877267,-46.347817,0, ,0.0,0.0,0.0,0.0,1,15000,0,1,250,0,0,0
TF,GR264,-22.842175,-46.433025,0, ,0.0,0.0,0.0,0.0,0,0,0,0,0,0,0,0
TF,GR266,-22.826775,-46.536267,0, ,0.0,0.0,0.0,0.0,0,0,0,0,0,0,0,0
TF,GR267,-22.833206,-46.626319,0, ,0.0,0.0,0.0,0.0,0,0,0,0,0,0,0,0
TF,GR268,-22.860269,-46.719203,0, ,0.0,0.0,0.0,0.0,0,0,0,0,0,0,0,0
TF,GR271,-22.913150,-46.811386,0, ,0.0,0.0,0.0,0.0,1,15000,0,1,250,0,0,0
TF,SANPA,-23.208425,-46.549753,1, ,0.0,0.0,0.0,0.0,4,10000,9000,1,230,0,0,0
TF,GR253,-23.268756,-46.443433,0, ,0.0,0.0,0.0,0.0,0,0,0,0,0,0,0,0
TF,GR254,-23.270564,-46.306517,0, ,0.0,0.0,0.0,0.0,0,0,0,0,0,0,0,0
TF,UTKUG,-23.301225,-46.242097,0, ,0.0,0.0,0.0,0.0,2,6000,0,0,0,0,0,0

APPTR,I10LN,10L,LOMEN
IF,LOMEN,-23.426906,-46.704958, ,0.0,0.0,2,6000,0,0,0,0,1,0
CF,VUTBU,-23.489711,-46.689217,0,IUC,275.7,14.1,189.0,3.9,2,5100,0,1,210,0,1,0

FINAL,I10LN,10L,I,3
IF,VUTBU,-23.489711,-46.689217,IUC,275.7,14.1,2,5100,0,1,210,0,0,0
CF,ISNAP,-23.460033,-46.578139,0,IUC,275.6,7.8,95.0,6.4,1,4250,0,0,0,0,2,0
CF,RW10L,-23.434053,-46.482517,0,IUC,275.7,2.3,95.0,5.5,1,2494,0,0,0,0,3,0
VM,0,0,0,95.0,2,6000,0,0,0,0,0,0

APPTR,I10LO,10L,LOMEN
IF,LOMEN,-23.426906,-46.704958, ,0.0,0.0,2,6000,0,0,0,0,1,0
TF,GR202,-23.451608,-46.665597,0, ,0.0,0.0,0.0,0.0,2,5100,0,0,0,0,0,0
TF,GR204,-23.473822,-46.630172,0,IUC,0.0,0.0,0.0,0.0,2,4500,0,0,0,0,1,0

FINAL,I10LO,10L,I,3
IF,GR204,-23.473822,-46.630172,IUC,275.7,10.7,2,4500,0,0,0,0,0,0
CF,VUGAT,-23.457500,-46.569500,0,IUC,275.7,7.3,95.0,3.5,1,4070,0,0,0,0,2,0
CF,RW10L,-23.434053,-46.482517,0,IUC,275.7,2.3,95.0,5.0,1,2494,0,0,0,0,3,1
CA,0,95.0,2,4500,0,0,0,0,0,0
DF,LOMEN,-23.426906,-46.704958,1, ,0.0,0.0,2,6000,0,0,0,0,0,1
HM,LOMEN,-23.426906,-46.704958,2, ,0.0,0.0,235.0,04.3,2,6000,0,0,0,0,0,0,0

APPTR,I10RP,10R,LOMEN
IF,LOMEN,-23.426906,-46.704958, ,0.0,0.0,2,6000,0,0,0,0,1,0
CF,VUSMU,-23.493011,-46.688389,0,CGO,9.0,8.3,189.0,4.1,2,5100,0,0,0,0,1,0
CF,LUTPO,-23.476300,-46.626222,1,IGH,275.7,9.8,95.0,3.6,2,4200,0,0,0,0,0,0

FINAL,I10RP,10R,I,3
IF,LUTPO,-23.476300,-46.626222,IGH,275.7,9.8,2,4200,0,0,0,0,0,0
CF,OPSER,-23.462250,-46.574014,0,IGH,275.7,6.8,95.0,3.0,1,4100,0,0,0,0,2,0
CF,RW10R,-23.438797,-46.487028,0,IGH,275.7,1.8,95.0,5.0,1,2501,0,0,0,0,3,0
CA,0,95.0,2,3300,0,1,230,0,0,0
VM,0,0,0,180.0,2,6000,0,1,230,0,0,0

APPTR,I10RQ,10R,LOMEN
IF,LOMEN,-23.426906,-46.704958, ,0.0,0.0,2,6000,0,0,0,0,1,0
TF,GR202,-23.451608,-46.665597,0, ,0.0,0.0,0.0,0.0,2,5100,0,0,0,0,0,0
TF,LUTPO,-23.476300,-46.626222,0,IGH,0.0,0.0,0.0,0.0,2,4500,0,0,0,0,1,0

FINAL,I10RQ,10R,I,3
IF,LUTPO,-23.476300,-46.626222,IGH,275.7,9.8,2,4500,0,0,0,0,0,0
CF,OPSER,-23.462250,-46.574014,0,IGH,275.7,6.8,95.0,3.0,1,4100,0,0,0,0,2,0
CF,RW10R,-23.438797,-46.487028,0,IGH,275.7,1.8,95.0,5.0,1,2501,0,0,0,0,3,1
CA,0,95.0,2,3300,0,1,230,0,0,0
DF,ISIMU,-23.520564,-46.338736,0, ,0.0,0.0,2,6000,0,1,230,0,0,1
HM,ISIMU,-23.520564,-46.338736,2, ,0.0,0.0,130.0,04.3,2,6000,0,0,0,0,0,0,0

APPTR,I10RR,10R,GR283
IF,GR283,-23.264414,-46.589472, ,0.0,0.0,2,7000,0,0,0,0,1,0
TF,GR009,-23.409350,-46.640425,0, ,0.0,0.0,0.0,0.0,2,5500,0,1,180,0,1,0
RF,GR008,-23.453281,-46.629192,1,GR010,124.9,2.6,2,4800,0,0,0,0,0,0
RF,GR007,-23.464514,-46.582414,1,GR010,380.2,2.6,3,4100,0,0,0,0,0,0

FINAL,I10RR,10R,I,3
IF,GR007,-23.464514,-46.582414,IGH,275.7,7.3,2,4000,0,0,0,0,0,0
CF,GR006,-23.455219,-46.547914,0,IGH,275.7,5.3,95.0,2.0,1,3620,0,0,0,0,2,0
CF,RW10R,-23.438797,-46.487028,0,IGH,275.7,1.8,95.0,3.5,1,2501,0,0,0,0,3,1
CA,0,95.0,2,3300,0,1,230,0,0,0
DF,ISIMU,-23.520564,-46.338736,0, ,0.0,0.0,2,6000,0,1,230,0,0,1
HM,ISIMU,-23.520564,-46.338736,2, ,0.0,0.0,130.0,04.3,2,6000,0,1,230,0,0,0,0

APPTR,I10RY,10R,LOMEN
IF,LOMEN,-23.426906,-46.704958, ,0.0,0.0,2,6000,0,0,0,0,1,0
TF,GR202,-23.451608,-46.665597,0, ,0.0,0.0,0.0,0.0,2,5100,0,0,0,0,0,0
TF,LUTPO,-23.476300,-46.626222,0,IGH,0.0,0.0,0.0,0.0,2,4500,0,0,0,0,1,0

FINAL,I10RY,10R,I,3
IF,LUTPO,-23.476300,-46.626222,IGH,275.7,9.8,2,4500,0,0,0,0,0,0
CF,OPSER,-23.462250,-46.574014,0,IGH,275.7,6.8,95.0,3.0,1,4100,0,0,0,0,2,0
CF,RW10R,-23.438797,-46.487028,0,IGH,275.7,1.8,95.0,5.0,1,2501,0,0,0,0,3,0
CA,0,95.0,2,3300,0,1,230,0,0,0
DF,ISIMU,-23.520564,-46.338736,0, ,0.0,0.0,2,6000,0,1,230,0,0,1
HM,ISIMU,-23.520564,-46.338736,2, ,0.0,0.0,130.0,04.3,2,6000,0,0,0,0,0,0,0

APPTR,I28LW,28L,UTKUG
IF,UTKUG,-23.301225,-46.242097, ,0.0,0.0,2,6000,0,0,0,0,1,0
TF,ETIKO,-23.384103,-46.284994,0,IBC,0.0,0.0,0.0,0.0,2,4500,0,0,0,0,1,0

FINAL,I28LW,28L,I,3
IF,ETIKO,-23.384103,-46.284994,IBC,95.7,11.8,2,4500,0,0,0,0,0,0
CF,VUSNI,-23.407669,-46.371908,0,IBC,95.7,6.8,275.0,5.0,1,4090,0,0,0,0,2,0
CF,RW28L,-23.431189,-46.458856,0,IBC,95.7,1.8,275.0,5.0,1,2497,0,0,0,0,3,1
CA,0,275.0,2,3400,0,1,230,0,0,0
DF,ISIMU,-23.520564,-46.338736,1, ,0.0,0.0,2,6000,0,1,230,0,0,1
HM,ISIMU,-23.520564,-46.338736,2, ,0.0,0.0,130.0,04.3,2,6000,0,0,0,0,0,0,0

APPTR,I28LY,28L,UTKUG
IF,UTKUG,-23.301225,-46.242097, ,0.0,0.0,2,6000,0,0,0,0,1,0
TF,ETIKO,-23.384103,-46.284994,0,IBC,0.0,0.0,0.0,0.0,2,4500,0,0,0,0,1,0

FINAL,I28LY,28L,I,3
IF,ETIKO,-23.384103,-46.284994,IBC,95.7,11.8,2,4500,0,0,0,0,0,0
CF,VUSNI,-23.407669,-46.371908,0,IBC,95.7,6.8,275.0,5.0,1,4090,0,0,0,0,2,0
CF,RW28L,-23.431189,-46.458856,0,IBC,95.7,1.8,275.0,5.0,1,2497,0,0,0,0,3,0
CA,0,275.0,2,3400,0,1,230,0,0,0
DF,ISIMU,-23.520564,-46.338736,1, ,0.0,0.0,2,6000,0,1,230,0,0,1
HM,ISIMU,-23.520564,-46.338736,2, ,0.0,0.0,130.0,04.3,2,6000,0,0,0,0,0,0,0

APPTR,I28LZ,28L,UTKUG
IF,UTKUG,-23.301225,-46.242097, ,0.0,0.0,2,6000,0,0,0,0,1,0
AF,ELION,-23.367697,-46.224608,2,STN,101.6,39.2,95.0,2,5000,0,0,0,0,0,0
CF,ETIKO,-23.384103,-46.284994,0,IBC,95.7,11.8,275.0,3.5,2,4500,0,0,0,0,1,0

FINAL,I28LZ,28L,I,3
IF,ETIKO,-23.384103,-46.284994,IBC,95.7,11.8,2,4500,0,0,0,0,0,0
CF,VUSNI,-23.407669,-46.371908,0,IBC,95.7,6.8,275.0,5.0,1,4090,0,0,0,0,2,0
CF,RW28L,-23.431189,-46.458856,0,IBC,95.7,1.8,275.0,5.0,1,2497,0,0,0,0,3,0
VA,0,275.0,2,3400,0,1,230,0,0,0
VM,0,0,1,105.0,2,6000,0,1,230,0,0,0

APPTR,I28RT,28R,UTKUG
IF,UTKUG,-23.301225,-46.242097, ,0.0,0.0,2,6000,0,0,0,0,1,0
TF,EDPAM,-23.377500,-46.273500,0,IGS,0.0,0.0,0.0,0.0,2,4500,0,0,0,0,1,0

FINAL,I28RT,28R,I,3
IF,EDPAM,-23.377500,-46.273500,IGS,95.7,12.3,2,4500,0,0,0,0,0,0
CF,PUGTA,-23.401500,-46.362167,0,IGS,95.7,7.2,275.0,5.1,1,4090,0,0,0,0,2,0
CF,RW28R,-23.425047,-46.449183,0,IGS,95.8,2.2,275.0,5.0,1,2492,0,0,0,0,3,1
CA,0,275.0,2,4500,0,0,0,0,0,0
DF,UTKUG,-23.301225,-46.242097,2, ,0.0,0.0,2,6000,0,0,0,0,0,1
HM,UTKUG,-23.301225,-46.242097,2, ,0.0,0.0,223.0,04.3,2,6000,0,0,0,0,0,0,0

APPTR,I28RW,28R,UTKUG
IF,UTKUG,-23.301225,-46.242097, ,0.0,0.0,2,6000,0,1,210,0,1,0
AF,OGRIX,-23.364350,-46.225303,2,STN,101.3,39.2,95.0,2,4800,0,1,210,0,0,0
CF,EDPAM,-23.377500,-46.273500,0,IGS,95.7,12.3,275.0,2.8,2,4500,0,0,0,0,1,0

FINAL,I28RW,28R,I,3
IF,EDPAM,-23.377500,-46.273500,IGS,95.7,12.3,2,4500,0,0,0,0,0,0
CF,PUGTA,-23.401500,-46.362167,0,IGS,95.7,7.2,275.0,5.1,1,4090,0,0,0,0,2,0
CF,RW28R,-23.425047,-46.449183,0,IGS,95.8,2.2,275.0,5.0,1,2492,0,0,0,0,3,0
VA,0,275.0,2,4500,0,1,230,0,0,0
CF,UTKUG,-23.301225,-46.242097,2,STN,95.6,39.2,95.0,18.0,2,6000,0,0,0,0,0,0
HM,UTKUG,-23.301225,-46.242097,2, ,0.0,0.0,275.0,04.3,2,6000,0,0,0,0,0,0,0

APPTR,L10LN,10L,LOMEN
IF,LOMEN,-23.426906,-46.704958, ,0.0,0.0,2,6000,0,0,0,0,1,0
CF,VUTBU,-23.489711,-46.689217,0,IUC,275.7,14.1,189.0,3.9,2,5100,0,1,210,0,1,0

FINAL,L10LN,10L,D,4
IF,VUTBU,-23.489711,-46.689217,IUC,275.7,14.1,2,5100,0,1,210,0,0,0
CF,ISNAP,-23.460033,-46.578139,0,IUC,275.6,7.8,95.0,6.4,2,4250,0,0,0,0,2,0
CF,GR302,-23.443508,-46.517286,0,IUC,275.6,4.3,95.0,3.5,2,3140,0,0,0,0,0,0
CF,RW10L,-23.434053,-46.482517,0,IUC,275.7,2.3,95.0,2.0,1,2494,0,0,0,0,3,0
VM,0,0,0,95.0,2,6000,0,0,0,0,0,0

APPTR,L10RP,10R,LOMEN
IF,LOMEN,-23.426906,-46.704958, ,0.0,0.0,2,6000,0,0,0,0,1,0
CF,VUSMU,-23.493011,-46.688389,0,CGO,9.0,8.3,189.0,4.1,2,5100,0,0,0,0,1,0
CF,LUTPO,-23.476300,-46.626222,1,IGH,275.7,9.8,95.0,3.6,2,4200,0,0,0,0,0,0

FINAL,L10RP,10R,D,4
IF,LUTPO,-23.476300,-46.626222,IGH,275.7,9.8,2,4200,0,0,0,0,0,0
CF,OPSER,-23.462250,-46.574014,0,IGH,275.7,6.8,95.0,3.0,2,4100,0,0,0,0,2,0
CF,GR294,-23.451964,-46.535728,0,IGH,275.7,4.6,95.0,2.2,2,3393,0,0,0,0,0,0
CF,RW10R,-23.438797,-46.487028,0,IGH,275.7,1.8,95.0,2.8,1,2501,0,0,0,0,3,0
CA,0,95.0,2,3300,0,1,230,0,0,0
VM,0,0,0,180.0,2,6000,0,1,230,0,0,0

APPTR,L28LZ,28L,UTKUG
IF,UTKUG,-23.301225,-46.242097, ,0.0,0.0,2,6000,0,0,0,0,1,0
AF,ELION,-23.367697,-46.224608,2,STN,101.6,39.2,95.0,2,5000,0,0,0,0,0,0
CF,ETIKO,-23.384103,-46.284994,0,IBC,95.7,11.8,275.0,3.5,2,4500,0,0,0,0,1,0

FINAL,L28LZ,28L,D,4
IF,ETIKO,-23.384103,-46.284994,IBC,95.7,11.8,2,4500,0,0,0,0,0,0
CF,VUSNI,-23.407669,-46.371908,0,IBC,95.7,6.8,275.0,5.0,2,4090,0,0,0,0,2,0
CF,GR093,-23.417083,-46.406683,0,IBC,95.7,4.8,275.0,2.0,2,3450,0,0,0,0,0,0
CF,RW28L,-23.431189,-46.458856,0,IBC,95.7,1.8,275.0,3.0,1,2497,0,0,0,0,3,0
VA,0,275.0,2,3400,0,1,230,0,0,0
VM,0,0,1,105.0,2,6000,0,1,230,0,0,0

APPTR,L28RW,28R,UTKUG
IF,UTKUG,-23.301225,-46.242097, ,0.0,0.0,2,6000,0,1,210,0,1,0
AF,OGRIX,-23.364350,-46.225303,2,STN,101.3,39.2,95.0,2,4800,0,1,210,0,0,0
CF,EDPAM,-23.377500,-46.273500,0,IGS,95.7,12.3,275.0,2.8,2,4500,0,0,0,0,1,0

FINAL,L28RW,28R,D,4
IF,EDPAM,-23.377500,-46.273500,IGS,95.7,12.3,2,4500,0,0,0,0,0,0
CF,PUGTA,-23.401500,-46.362167,0,IGS,95.7,7.2,275.0,5.1,2,4090,0,0,0,0,2,0
CF,GR309,-23.415631,-46.414322,0,IGS,95.8,4.2,275.0,3.0,2,3140,0,0,0,0,0,0
CF,RW28R,-23.425047,-46.449183,0,IGS,95.8,2.2,275.0,2.0,1,2492,0,0,0,0,3,0
VA,0,275.0,2,4500,0,1,230,0,0,0
CF,UTKUG,-23.301225,-46.242097,2,STN,95.6,39.2,95.0,18.0,2,6000,0,0,0,0,0,0
HM,UTKUG,-23.301225,-46.242097,2, ,0.0,0.0,275.0,04.3,2,6000,0,0,0,0,0,0,0

APPTR,R10LS,10L,ITAVO
IF,ITAVO,-23.478392,-46.400978, ,0.0,0.0,2,8000,0,0,0,0,1,0
TF,GR034,-23.392078,-46.456419,0, ,0.0,0.0,0.0,0.0,2,7000,0,1,210,0,0,0
RF,GR031,-23.365244,-46.548728,1,GR042,379.9,4.0,2,5200,0,1,180,0,1,0

APPTR,R10LS,10L,SANPA
IF,SANPA,-23.208425,-46.549753, ,0.0,0.0,2,8000,0,0,0,0,1,0
TF,GR037,-23.274303,-46.513939,0, ,0.0,0.0,0.0,0.0,2,7000,0,1,210,0,0,0
RF,GR031,-23.365244,-46.548728,2,GR039,380.2,4.0,2,5200,0,1,180,0,1,0

FINAL,R10LS,10L,R,4
IF,GR031,-23.365244,-46.548728, ,0.0,0.0,2,5200,0,1,180,0,0,0
RF,GR029,-23.397275,-46.574836,1,GR038,151.4,2.5,2,4800,0,0,0,0,2,0
RF,GR028,-23.443442,-46.517306,1,GR038,93.8,2.5,2,3154,0,0,0,0,0,0
TF,RW10L,-23.434053,-46.482517,0, ,0.0,0.0,95.0,2.0,1,2495,0,0,0,0,3,1
TF,GR032,-23.408192,-46.386872,0, ,0.0,0.0,0.0,0.0,3,6000,0,1,190,0,0,0
RF,GR044,-23.297444,-46.375372,1,GR743,317.6,3.6,0,0,0,1,190,0,0,0
TF,GR047,-23.269947,-46.433008,0, ,0.0,0.0,0.0,0.0,0,0,0,0,0,0,0,0
TF,SANPA,-23.208425,-46.549753,0, ,0.0,0.0,0.0,0.0,2,8000,0,0,0,0,0,1
HM,SANPA,-23.208425,-46.549753,2, ,0.0,0.0,175.0,04.3,2,8000,0,0,0,0,0,0,0

APPTR,R10LT,10L,LOMEN
IF,LOMEN,-23.426906,-46.704958, ,0.0,0.0,2,6000,0,0,0,0,1,0
TF,GR202,-23.451608,-46.665597,0, ,0.0,0.0,0.0,0.0,2,5100,0,0,0,0,0,0
TF,GR204,-23.473822,-46.630172,0, ,0.0,0.0,0.0,0.0,2,4500,0,0,0,0,1,0

FINAL,R10LT,10L,R,4
IF,GR204,-23.473822,-46.630172, ,0.0,0.0,2,4500,0,0,0,0,0,0
TF,VUGAT,-23.457500,-46.569500,0, ,0.0,0.0,95.0,3.5,2,4080,0,0,0,0,2,0
TF,GR206,-23.444133,-46.519892,0, ,0.0,0.0,95.0,2.9,2,3110,0,0,0,0,0,0
TF,RW10L,-23.434053,-46.482517,0, ,0.0,0.0,95.0,2.1,1,2495,0,0,0,0,3,1
CA,0,95.0,2,4500,0,0,0,0,0,0
DF,LOMEN,-23.426906,-46.704958,1, ,0.0,0.0,2,6000,0,0,0,0,0,1
HM,LOMEN,-23.426906,-46.704958,2, ,0.0,0.0,235.0,04.3,2,6000,0,0,0,0,0,0,0

APPTR,R10RX,10R,LOMEN
IF,LOMEN,-23.426906,-46.704958, ,0.0,0.0,2,6000,0,0,0,0,1,0
TF,GR202,-23.451608,-46.665597,0, ,0.0,0.0,0.0,0.0,2,5100,0,0,0,0,0,0
TF,LUTPO,-23.476300,-46.626222,0, ,0.0,0.0,0.0,0.0,2,4500,0,0,0,0,1,0

FINAL,R10RX,10R,R,4
IF,LUTPO,-23.476300,-46.626222, ,0.0,0.0,2,4500,0,0,0,0,0,0
TF,OPSER,-23.462250,-46.574014,0, ,0.0,0.0,95.0,3.0,2,4100,0,0,0,0,2,0
TF,GR213,-23.450631,-46.530883,0, ,0.0,0.0,95.0,2.5,2,3301,0,0,0,0,0,0
TF,RW10R,-23.438797,-46.487028,0, ,0.0,0.0,95.0,2.5,1,2501,0,0,0,0,3,1
CA,0,95.0,2,3300,0,1,230,0,0,0
DF,ISIMU,-23.520564,-46.338736,0, ,0.0,0.0,2,6000,0,1,230,0,0,1
HM,ISIMU,-23.520564,-46.338736,2, ,0.0,0.0,130.0,04.3,2,6000,0,0,0,0,0,0,0

APPTR,R10RY,10R,LOMEN
IF,LOMEN,-23.426906,-46.704958, ,0.0,0.0,2,6000,0,0,0,0,1,0
TF,GR202,-23.451608,-46.665597,0, ,0.0,0.0,0.0,0.0,2,5100,0,0,0,0,0,0
TF,LUTPO,-23.476300,-46.626222,0, ,0.0,0.0,0.0,0.0,2,4500,0,0,0,0,1,0

FINAL,R10RY,10R,R,4
IF,LUTPO,-23.476300,-46.626222, ,0.0,0.0,2,4500,0,0,0,0,0,0
TF,OPSER,-23.462250,-46.574014,0, ,0.0,0.0,95.0,3.0,2,4100,0,0,0,0,2,0
TF,GR308,-23.449975,-46.528461,0, ,0.0,0.0,95.0,2.6,2,3259,0,0,0,0,0,0
TF,RW10R,-23.438797,-46.487028,0, ,0.0,0.0,95.0,2.4,1,2501,0,0,0,0,3,1
CA,0,95.0,2,3300,0,1,230,0,0,0
DF,ISIMU,-23.520564,-46.338736,0, ,0.0,0.0,2,6000,0,1,230,0,0,1
HM,ISIMU,-23.520564,-46.338736,2, ,0.0,0.0,130.0,04.3,2,6000,0,0,0,0,0,0,0

APPTR,R28LX,28L,UTKUG
IF,UTKUG,-23.301225,-46.242097, ,0.0,0.0,2,6000,0,0,0,0,1,0
TF,ETIKO,-23.384103,-46.284994,0, ,0.0,0.0,0.0,0.0,2,4500,0,0,0,0,1,0

FINAL,R28LX,28L,R,4
IF,ETIKO,-23.384103,-46.284994, ,0.0,0.0,2,4500,0,0,0,0,0,0
TF,VUSNI,-23.407669,-46.371908,0, ,0.0,0.0,275.0,5.0,2,4090,0,0,0,0,2,0
TF,GR093,-23.417083,-46.406683,0, ,0.0,0.0,275.0,2.0,2,3451,0,0,0,0,0,0
TF,RW28L,-23.431189,-46.458856,0, ,0.0,0.0,275.0,3.0,1,2496,0,0,0,0,3,1
CA,0,275.0,2,3400,0,1,230,0,0,0
DF,ISIMU,-23.520564,-46.338736,1, ,0.0,0.0,2,6000,0,1,230,0,0,1
HM,ISIMU,-23.520564,-46.338736,2, ,0.0,0.0,130.0,04.3,2,6000,0,0,0,0,0,0,0

APPTR,R28LZ,28L,UTKUG
IF,UTKUG,-23.301225,-46.242097, ,0.0,0.0,2,6000,0,0,0,0,1,0
TF,ETIKO,-23.384103,-46.284994,0, ,0.0,0.0,0.0,0.0,2,4500,0,0,0,0,1,0

FINAL,R28LZ,28L,R,3
IF,ETIKO,-23.384103,-46.284994, ,0.0,0.0,2,4500,0,0,0,0,0,0
TF,VUSNI,-23.407669,-46.371908,0, ,0.0,0.0,275.0,5.0,2,4090,0,0,0,0,2,0
TF,RW28L,-23.431189,-46.458856,0, ,0.0,0.0,275.0,5.0,1,2496,0,0,0,0,3,1
CA,0,275.0,2,3400,0,1,230,0,0,0
DF,ISIMU,-23.520564,-46.338736,1, ,0.0,0.0,2,6000,0,1,230,0,0,1
HM,ISIMU,-23.520564,-46.338736,2, ,0.0,0.0,130.0,04.3,2,6000,0,0,0,0,0,0,0

APPTR,R28RV,28R,UTKUG
IF,UTKUG,-23.301225,-46.242097, ,0.0,0.0,2,6000,0,0,0,0,1,0
TF,EDPAM,-23.377500,-46.273500,0, ,0.0,0.0,0.0,0.0,2,4500,0,0,0,0,1,0

FINAL,R28RV,28R,R,4
IF,EDPAM,-23.377500,-46.273500, ,0.0,0.0,2,4500,0,0,0,0,0,0
TF,PUGTA,-23.401500,-46.362167,0, ,0.0,0.0,275.0,5.1,2,4090,0,0,0,0,2,0
TF,GR738,-23.412867,-46.404083,0, ,0.0,0.0,275.0,2.4,2,3305,0,0,0,0,0,0
TF,RW28R,-23.425047,-46.449183,0, ,0.0,0.0,275.0,2.6,1,2491,0,0,0,0,3,1
CA,0,275.0,2,4500,0,0,0,0,0,0
DF,UTKUG,-23.301225,-46.242097,2, ,0.0,0.0,2,6000,0,0,0,0,0,1
HM,UTKUG,-23.301225,-46.242097,2, ,0.0,0.0,223.0,04.3,2,6000,0,0,0,0,0,0,0

