SID,BOLA1A,18,5
CA,0,179.0,2,2870,0,0,0,0,0,0
CA,0,164.0,2,3000,0,0,0,0,0,0
DF,BOLAS,-23.205800,-46.869319,0, ,0.0,0.0,0,0,0,1,200,0,0,1

SID,BOLA1A,KONVI,6
IF,BOLAS,-23.205800,-46.869319, ,0.0,0.0,0,0,0,1,200,0,0,0
TF,JD058,-23.051083,-46.845736,0, ,0.0,0.0,0.0,0.0,0,0,0,1,200,0,0,0
TF,JD059,-22.973892,-46.833986,0, ,0.0,0.0,0.0,0.0,1,5500,0,0,0,0,0,0
TF,JD061,-22.757628,-46.668903,0, ,0.0,0.0,0.0,0.0,0,0,0,0,0,0,0,0
TF,JD062,-22.733628,-46.505675,0, ,0.0,0.0,0.0,0.0,3,8000,0,0,0,0,0,0
TF,KONVI,-22.684678,-46.175983,0, ,0.0,0.0,0.0,0.0,3,13000,0,0,0,0,0,0

SID,BOLA1A,NUXEL,6
IF,BOLAS,-23.205800,-46.869319, ,0.0,0.0,0,0,0,1,200,0,0,0
TF,JD053,-23.191314,-46.792658,0, ,0.0,0.0,0.0,0.0,0,0,0,0,0,0,0,0
TF,JD064,-23.151419,-46.695256,0, ,0.0,0.0,0.0,0.0,1,6000,0,0,0,0,0,0
TF,JD066,-23.125172,-46.628653,0, ,0.0,0.0,0.0,0.0,1,7000,0,0,0,0,0,0
TF,JD056,-23.014883,-46.331456,0, ,0.0,0.0,0.0,0.0,1,7000,0,0,0,0,0,0
TF,JD057,-22.974253,-46.222417,0, ,0.0,0.0,0.0,0.0,1,9000,0,0,0,0,0,0
TF,NUXEL,-22.283086,-45.821908,0, ,0.0,0.0,0.0,0.0,0,0,0,0,0,0,0,0

SID,GEME1A,36,5
CA,0,359.0,2,2900,0,0,0,0,0,0
DF,GEMES,-23.166225,-47.048189,1, ,0.0,0.0,1,4500,0,1,210,0,0,0

SID,GEME1A,ASETA,6
IF,GEMES,-23.166225,-47.048189, ,0.0,0.0,1,4500,0,1,210,0,0,0
TF,JD052,-23.280319,-47.062344,0, ,0.0,0.0,0.0,0.0,1,6000,0,0,0,0,0,0
TF,JD051,-23.403744,-47.196983,0, ,0.0,0.0,0.0,0.0,1,7000,0,0,0,0,0,0
TF,OBLIL,-23.473508,-47.299919,0, ,0.0,0.0,0.0,0.0,0,0,0,0,0,0,0,0
TF,XOGOD,-23.526436,-47.482308,0, ,0.0,0.0,0.0,0.0,3,10000,0,0,0,0,0,0
TF,UMRAR,-23.467722,-47.691197,0, ,0.0,0.0,0.0,0.0,3,11000,0,0,0,0,0,0
TF,UBRAM,-23.445664,-47.769417,0, ,0.0,0.0,0.0,0.0,2,12000,0,0,0,0,0,0
TF,ASETA,-23.285667,-48.095667,0, ,0.0,0.0,0.0,0.0,1,15000,0,0,0,0,0,0

SID,GEME1A,EGEVA,6
IF,GEMES,-23.166225,-47.048189, ,0.0,0.0,1,4500,0,1,210,0,0,0
TF,JD052,-23.280319,-47.062344,0, ,0.0,0.0,0.0,0.0,1,6000,0,0,0,0,0,0
TF,JD051,-23.403744,-47.196983,0, ,0.0,0.0,0.0,0.0,1,7000,0,0,0,0,0,0
TF,OBLIL,-23.473508,-47.299919,0, ,0.0,0.0,0.0,0.0,0,0,0,0,0,0,0,0
TF,XOGOD,-23.526436,-47.482308,0, ,0.0,0.0,0.0,0.0,3,10000,0,0,0,0,0,0
TF,UMRAR,-23.467722,-47.691197,0, ,0.0,0.0,0.0,0.0,3,11000,0,0,0,0,0,0
TF,UBRAM,-23.445664,-47.769417,0, ,0.0,0.0,0.0,0.0,2,12000,0,0,0,0,0,0
TF,ASETA,-23.285667,-48.095667,0, ,0.0,0.0,0.0,0.0,1,15000,0,0,0,0,0,0
TF,EGEVA,-23.139761,-48.561439,0, ,0.0,0.0,0.0,0.0,0,0,0,0,0,0,0,0

SID,GEME1A,NIBRU,6
IF,GEMES,-23.166225,-47.048189, ,0.0,0.0,1,4500,0,1,210,0,0,0
TF,PORKO,-23.225467,-47.001814,0, ,0.0,0.0,0.0,0.0,1,5500,0,0,0,0,0,0
TF,MUDET,-23.326819,-46.922364,0, ,0.0,0.0,0.0,0.0,2,8000,0,0,0,0,0,0
TF,GUABO,-23.534317,-46.538967,0, ,0.0,0.0,0.0,0.0,2,17000,0,0,0,0,0,0
TF,UGIKI,-23.593428,-46.429756,0, ,0.0,0.0,0.0,0.0,0,0,0,0,0,0,0,0
TF,NIBRU,-23.573069,-45.468961,0, ,0.0,0.0,0.0,0.0,0,0,0,0,0,0,0,0

SID,GEME1A,SOVSI,6
IF,GEMES,-23.166225,-47.048189, ,0.0,0.0,1,4500,0,1,210,0,0,0
TF,JD052,-23.280319,-47.062344,0, ,0.0,0.0,0.0,0.0,1,6000,0,0,0,0,0,0
TF,JD051,-23.403744,-47.196983,0, ,0.0,0.0,0.0,0.0,1,7000,0,0,0,0,0,0
TF,OBLIL,-23.473508,-47.299919,0, ,0.0,0.0,0.0,0.0,0,0,0,0,0,0,0,0
TF,JD049,-23.699225,-47.361264,0, ,0.0,0.0,0.0,0.0,3,8000,0,0,0,0,0,0
TF,SOVSI,-24.105492,-47.472189,0, ,0.0,0.0,0.0,0.0,0,0,0,0,0,0,0,0

SID,GEME1A,UREMI,6
IF,GEMES,-23.166225,-47.048189, ,0.0,0.0,1,4500,0,1,210,0,0,0
TF,PORKO,-23.225467,-47.001814,0, ,0.0,0.0,0.0,0.0,1,5500,0,0,0,0,0,0
TF,MUDET,-23.326819,-46.922364,0, ,0.0,0.0,0.0,0.0,2,8000,0,0,0,0,0,0
TF,GUABO,-23.534317,-46.538967,0, ,0.0,0.0,0.0,0.0,2,17000,0,0,0,0,0,0
TF,UGIKI,-23.593428,-46.429756,0, ,0.0,0.0,0.0,0.0,0,0,0,0,0,0,0,0
TF,UREMI,-23.389156,-45.512986,0, ,0.0,0.0,0.0,0.0,0,0,0,0,0,0,0,0

SID,OBLI1A,18,5
CA,0,164.0,2,3000,0,0,0,0,0,0
DF,BOLAS,-23.205800,-46.869319,0, ,0.0,0.0,0,0,0,0,0,0,0,1
DF,JD032,-23.174953,-46.946647,1, ,0.0,0.0,1,4500,0,1,200,0,0,0
TF,TODIM,-23.239147,-47.016767,0, ,0.0,0.0,0.0,0.0,3,5500,0,0,0,0,0,0
TF,JD052,-23.280319,-47.062344,0, ,0.0,0.0,0.0,0.0,2,6000,0,0,0,0,0,0
TF,JD051,-23.403744,-47.196983,0, ,0.0,0.0,0.0,0.0,1,7000,0,0,0,0,0,0
TF,OBLIL,-23.473508,-47.299919,0, ,0.0,0.0,0.0,0.0,0,0,0,0,0,0,0,0

SID,OBLI1A,ASETA,6
IF,OBLIL,-23.473508,-47.299919, ,0.0,0.0,0,0,0,0,0,0,0,0
TF,XOGOD,-23.526436,-47.482308,0, ,0.0,0.0,0.0,0.0,3,10000,0,0,0,0,0,0
TF,UMRAR,-23.467722,-47.691197,0, ,0.0,0.0,0.0,0.0,3,11000,0,0,0,0,0,0
TF,UBRAM,-23.445664,-47.769417,0, ,0.0,0.0,0.0,0.0,2,12000,0,0,0,0,0,0
TF,ASETA,-23.285667,-48.095667,0, ,0.0,0.0,0.0,0.0,1,15000,0,0,0,0,0,0

SID,OBLI1A,EGEVA,6
IF,OBLIL,-23.473508,-47.299919, ,0.0,0.0,0,0,0,0,0,0,0,0
TF,XOGOD,-23.526436,-47.482308,0, ,0.0,0.0,0.0,0.0,3,10000,0,0,0,0,0,0
TF,UMRAR,-23.467722,-47.691197,0, ,0.0,0.0,0.0,0.0,3,11000,0,0,0,0,0,0
TF,UBRAM,-23.445664,-47.769417,0, ,0.0,0.0,0.0,0.0,2,12000,0,0,0,0,0,0
TF,ASETA,-23.285667,-48.095667,0, ,0.0,0.0,0.0,0.0,1,15000,0,0,0,0,0,0
TF,EGEVA,-23.139761,-48.561439,0, ,0.0,0.0,0.0,0.0,0,0,0,0,0,0,0,0

SID,OBLI1A,SOVSI,6
IF,OBLIL,-23.473508,-47.299919, ,0.0,0.0,0,0,0,0,0,0,0,0
TF,JD049,-23.699225,-47.361264,0, ,0.0,0.0,0.0,0.0,3,8000,0,0,0,0,0,0
TF,SOVSI,-24.105492,-47.472189,0, ,0.0,0.0,0.0,0.0,0,0,0,0,0,0,0,0

SID,OCAS1A,36,5
CA,0,359.0,2,2900,0,0,0,0,0,0
DF,OCASO,-23.084108,-46.850764,0, ,0.0,0.0,3,4500,0,1,230,0,0,0

SID,OCAS1A,KONVI,6
IF,OCASO,-23.084108,-46.850764, ,0.0,0.0,3,4500,0,1,230,0,0,0
TF,JD059,-22.973892,-46.833986,0, ,0.0,0.0,0.0,0.0,1,5500,0,0,0,0,0,0
TF,JD061,-22.757628,-46.668903,0, ,0.0,0.0,0.0,0.0,0,0,0,0,0,0,0,0
TF,JD062,-22.733628,-46.505675,0, ,0.0,0.0,0.0,0.0,3,8000,0,0,0,0,0,0
TF,KONVI,-22.684678,-46.175983,0, ,0.0,0.0,0.0,0.0,3,13000,0,0,0,0,0,0

SID,OCAS1A,NUXEL,6
IF,OCASO,-23.084108,-46.850764, ,0.0,0.0,3,4500,0,1,230,0,0,0
TF,JD063,-23.112881,-46.740317,0, ,0.0,0.0,0.0,0.0,3,6000,0,0,0,0,0,0
TF,JD054,-23.134997,-46.655214,0, ,0.0,0.0,0.0,0.0,1,7000,0,0,0,0,0,0
TF,JD056,-23.014883,-46.331456,0, ,0.0,0.0,0.0,0.0,1,7000,0,0,0,0,0,0
TF,JD057,-22.974253,-46.222417,0, ,0.0,0.0,0.0,0.0,1,9000,0,0,0,0,0,0
TF,NUXEL,-22.283086,-45.821908,0, ,0.0,0.0,0.0,0.0,0,0,0,0,0,0,0,0

SID,UGIK1C,18,5
CA,0,164.0,2,3000,0,0,0,0,0,0
DF,BOLAS,-23.205800,-46.869319,0, ,0.0,0.0,0,0,0,0,0,0,0,1
DF,JD032,-23.174953,-46.946647,1, ,0.0,0.0,1,4500,0,1,200,0,0,0
TF,TODIM,-23.239147,-47.016767,0, ,0.0,0.0,0.0,0.0,3,5500,0,0,0,0,0,0
TF,MUDET,-23.326819,-46.922364,0, ,0.0,0.0,0.0,0.0,2,8000,0,0,0,0,0,0
TF,GUABO,-23.534317,-46.538967,0, ,0.0,0.0,0.0,0.0,2,17000,0,0,0,0,0,0
TF,UGIKI,-23.593428,-46.429756,0, ,0.0,0.0,0.0,0.0,0,0,0,0,0,0,0,0

SID,UGIK1C,NIBRU,6
IF,UGIKI,-23.593428,-46.429756, ,0.0,0.0,0,0,0,0,0,0,0,0
TF,NIBRU,-23.573069,-45.468961,0, ,0.0,0.0,0.0,0.0,0,0,0,0,0,0,0,0

SID,UGIK1C,UREMI,6
IF,UGIKI,-23.593428,-46.429756, ,0.0,0.0,0,0,0,0,0,0,0,0
TF,UREMI,-23.389156,-45.512986,0, ,0.0,0.0,0.0,0.0,0,0,0,0,0,0,0,0

APPTR,R18-A,18,JD041
IF,JD041,-23.050711,-46.702200, ,0.0,0.0,1,5500,0,0,0,0,1,0
TF,JD042,-23.099667,-46.775461,0, ,0.0,0.0,0.0,0.0,1,5500,0,0,0,0,1,0

FINAL,R18-A,18,R,3
IF,JD042,-23.099667,-46.775461, ,0.0,0.0,1,5500,0,0,0,0,0,0
TF,JD043,-23.121208,-46.862806,0, ,0.0,0.0,277.0,5.0,2,4260,0,1,140,0,2,0
TF,JD044,-23.134108,-46.915228,0, ,0.0,0.0,277.0,3.0,1,3300,0,0,0,0,3,1
DF,JD046,-23.192339,-46.896853,1, ,0.0,0.0,2,3500,0,0,0,0,0,0
TF,JD047,-23.203847,-46.817592,0, ,0.0,0.0,0.0,0.0,1,5500,0,1,160,0,0,0
TF,JD054,-23.134997,-46.655214,0, ,0.0,0.0,0.0,0.0,1,5500,0,0,0,0,0,0
TF,JD041,-23.050711,-46.702200,1, ,0.0,0.0,0.0,0.0,1,5500,0,0,0,0,0,1
HM,JD041,-23.050711,-46.702200,2, ,0.0,0.0,256.0,04.3,1,5500,0,0,0,0,0,0,0

APPTR,R18-Z,18,JD011
IF,JD011,-22.977508,-46.869767, ,0.0,0.0,1,5500,0,0,0,0,1,0
TF,JD012,-23.047900,-46.941453,0, ,0.0,0.0,0.0,0.0,2,4300,0,0,0,0,1,0

FINAL,R18-Z,18,R,3
IF,JD012,-23.047900,-46.941453, ,0.0,0.0,2,4300,0,0,0,0,0,0
TF,JD013,-23.102225,-46.964997,0, ,0.0,0.0,224.0,3.5,2,3870,0,1,140,0,2,0
TF,JD014,-23.151889,-46.957311,0, ,0.0,0.0,194.0,3.0,1,2943,0,0,0,0,3,1
DF,JD016,-23.188919,-46.901833,0, ,0.0,0.0,2,3500,0,0,0,0,0,0
TF,JD017,-23.124644,-46.793139,0, ,0.0,0.0,0.0,0.0,2,5000,0,1,160,0,0,0
TF,JD011,-22.977508,-46.869767,0, ,0.0,0.0,0.0,0.0,1,5500,0,0,0,0,0,1
HM,JD011,-22.977508,-46.869767,1, ,0.0,0.0,245.0,04.3,1,5500,0,0,0,0,0,0,0

