SID,OMNI,12,1
CA,0,116.0,2,4500,0,0,0,0,0,0
VM,0,0,0,116.0,0,0,0,0,0,0,0,0

SID,OMNI,30,1
CA,0,296.0,2,3500,0,0,0,0,0,0
VM,0,0,0,296.0,0,0,0,0,0,0,0,0

STAR,NURS1A,BUXUK,4
IF,BUXUK,-23.763908,-47.815869, ,0.0,0.0,0,0,0,0,0,0,0,0
TF,NURSE,-23.709575,-47.454442,0, ,0.0,0.0,0.0,0.0,2,7000,0,0,0,0,0,0

STAR,NURS1A,IBDAL,4
IF,IBDAL,-23.758186,-45.231511, ,0.0,0.0,0,0,0,0,0,0,0,0
TF,MANLO,-23.797192,-45.408247,0, ,0.0,0.0,0.0,0.0,3,26000,0,0,0,0,0,0
TF,UKDAN,-23.983150,-46.263339,0, ,0.0,0.0,0.0,0.0,0,0,0,0,0,0,0,0
TF,JH028,-24.041172,-46.535350,0, ,0.0,0.0,0.0,0.0,3,8000,0,0,0,0,0,0
TF,JH029,-24.088150,-46.757447,0, ,0.0,0.0,0.0,0.0,0,0,0,0,0,0,0,0
TF,NURSE,-23.709575,-47.454442,0, ,0.0,0.0,0.0,0.0,2,7000,0,0,0,0,0,0

STAR,NURS1A,12,5
IF,NURSE,-23.709575,-47.454442, ,0.0,0.0,2,7000,0,0,0,0,0,0
TF,JH032,-23.626153,-47.447456,0, ,0.0,0.0,0.0,0.0,3,7000,0,0,0,0,0,0
TF,JH003,-23.408322,-47.429250,0, ,0.0,0.0,0.0,0.0,1,5500,0,0,0,0,0,0

STAR,ORES1C,ENTIT,4
IF,ENTIT,-22.417511,-46.657975, ,0.0,0.0,3,27000,0,0,0,0,0,0
TF,OTAGA,-22.490269,-46.731278,0, ,0.0,0.0,0.0,0.0,0,0,0,0,0,0,0,0
TF,NEKIG,-22.553131,-46.794694,0, ,0.0,0.0,0.0,0.0,3,23000,0,0,0,0,0,0
TF,MAVKA,-22.675814,-46.918875,0, ,0.0,0.0,0.0,0.0,0,0,0,0,0,0,0,0
TF,EVMOL,-22.854269,-47.040533,0, ,0.0,0.0,0.0,0.0,2,20000,0,0,0,0,0,0
TF,ORESU,-23.024403,-47.155856,0, ,0.0,0.0,0.0,0.0,4,17000,13000,0,0,0,0,0

STAR,ORES1C,UTLOT,4
IF,UTLOT,-22.474000,-47.892333, ,0.0,0.0,0,0,0,0,0,0,0,0
TF,RUSTE,-22.768136,-47.500119,0, ,0.0,0.0,0.0,0.0,3,24000,0,0,0,0,0,0
TF,ORESU,-23.024403,-47.155856,0, ,0.0,0.0,0.0,0.0,4,17000,13000,0,0,0,0,0

STAR,ORES1C,12,5
IF,ORESU,-23.024403,-47.155856, ,0.0,0.0,4,17000,13000,0,0,0,0,0
TF,PRUMO,-23.252806,-47.105553,0, ,0.0,0.0,0.0,0.0,2,12000,0,0,0,0,0,0
TF,JH033,-23.343128,-47.134508,0, ,0.0,0.0,0.0,0.0,4,10000,9000,0,0,0,0,0
TF,JH034,-23.339081,-47.246789,0, ,0.0,0.0,0.0,0.0,3,7000,0,0,0,0,0,0
TF,JH004,-23.335472,-47.345258,0, ,0.0,0.0,0.0,0.0,1,5500,0,0,0,0,0,0

APPTR,R12-X,12,JH003
IF,JH003,-23.408322,-47.429250, ,0.0,0.0,1,5500,0,1,220,0,1,0
TF,JH036,-23.413811,-47.351747,0, ,0.0,0.0,0.0,0.0,2,4300,0,0,0,0,1,0

APPTR,R12-X,12,JH004
IF,JH004,-23.335472,-47.345258, ,0.0,0.0,1,5500,0,1,220,0,1,0
TF,JH036,-23.413811,-47.351747,0, ,0.0,0.0,0.0,0.0,2,4300,0,0,0,0,1,0

FINAL,R12-X,12,R,4
IF,JH036,-23.413811,-47.351747, ,0.0,0.0,2,4300,0,0,0,0,0,0
TF,JH001,-23.421064,-47.248578,0, ,0.0,0.0,116.0,5.7,2,3870,0,0,0,0,2,0
TF,JH006,-23.423589,-47.212439,0, ,0.0,0.0,116.0,2.0,2,3234,0,0,0,0,0,0
TF,RW12,-23.426103,-47.176297,0, ,0.0,0.0,116.0,2.0,1,2597,0,0,0,0,3,1
CA,0,116.0,2,3200,0,1,160,0,0,0
DF,JH004,-23.335472,-47.345258,1, ,0.0,0.0,1,5500,0,1,160,0,0,1
HM,JH004,-23.335472,-47.345258,2, ,0.0,0.0,206.0,04.3,1,5500,0,1,160,0,0,0,0

APPTR,R30-Y,30,JH019
IF,JH019,-23.538292,-47.208686, ,0.0,0.0,1,5500,0,0,0,0,1,0
TF,JH021,-23.544561,-47.118256,0, ,0.0,0.0,0.0,0.0,2,5000,0,0,0,0,0,0
RF,JH022,-23.476403,-47.050958,1,JH023,354.6,3.5,2,4500,0,0,0,0,0,0
RF,JH024,-23.448008,-47.065436,1,JH023,379.7,3.5,2,4200,0,0,0,0,1,0

FINAL,R30-Y,30,R,3
IF,JH024,-23.448008,-47.065436, ,0.0,0.0,2,4200,0,0,0,0,0,0
RF,JH026,-23.431292,-47.101353,1,JH027,294.0,2.9,2,3590,0,0,0,0,2,0
TF,RW30,-23.427542,-47.155567,0, ,0.0,0.0,296.0,3.0,1,2564,0,0,0,0,3,1
TF,JH016,-23.419800,-47.266650,0, ,0.0,0.0,0.0,0.0,0,0,0,0,0,0,0,0
TF,JH017,-23.340447,-47.361850,0, ,0.0,0.0,0.0,0.0,2,5500,0,0,0,0,0,1
HM,JH017,-23.340447,-47.361850,2, ,0.0,0.0,166.0,04.3,2,5500,0,0,0,0,0,0,0

APPTR,R30-Z,30,JH011
IF,JH011,-23.518364,-47.224964, ,0.0,0.0,1,5500,0,0,0,0,1,0
TF,JH012,-23.525153,-47.127147,0, ,0.0,0.0,0.0,0.0,2,4700,0,1,190,0,1,0

FINAL,R30-Z,30,R,4
IF,JH012,-23.525153,-47.127147, ,0.0,0.0,2,4700,0,0,0,0,0,0
RF,JH013,-23.457103,-47.076606,1,JH018,324.2,2.9,2,4160,0,0,0,0,2,0
RF,JH014,-23.430042,-47.119425,1,JH018,294.0,2.9,2,3201,0,0,0,0,0,0
TF,RW30,-23.427542,-47.155567,0, ,0.0,0.0,296.0,2.0,1,2564,0,0,0,0,3,1
TF,JH016,-23.419800,-47.266650,0, ,0.0,0.0,0.0,0.0,0,0,0,0,0,0,0,0
TF,JH017,-23.340447,-47.361850,0, ,0.0,0.0,0.0,0.0,2,5500,0,0,0,0,0,1
HM,JH017,-23.340447,-47.361850,2, ,0.0,0.0,166.0,04.3,2,5500,0,0,0,0,0,0,0

