APPTR,R026,02,JR009
IF,JR009,-23.211078,-43.307742, ,0.0,0.0,2,4000,0,0,0,0,1,0
TF,JR002,-23.137333,-43.381333,0, ,0.0,0.0,0.0,0.0,2,2000,0,0,0,0,1,0

APPTR,R026,02,JR011
IF,JR011,-23.217100,-43.447169, ,0.0,0.0,2,4000,0,0,0,0,1,0
TF,JR002,-23.137333,-43.381333,0, ,0.0,0.0,0.0,0.0,2,2000,0,0,0,0,1,0

FINAL,R026,02,R,3
IF,JR002,-23.137333,-43.381333, ,0.0,0.0,2,2000,0,0,0,0,0,0
TF,JR008,-23.057619,-43.376419,0, ,0.0,0.0,26.0,4.8,2,1460,0,0,0,0,2,0
TF,JR012,-23.012536,-43.373728,0, ,0.0,0.0,26.0,2.7,1,600,0,0,0,0,3,1
VA,0,26.0,2,900,0,0,0,0,0,0
DF,JR009,-23.211078,-43.307742,2, ,0.0,0.0,2,4000,0,0,0,0,0,1
HM,JR009,-23.211078,-43.307742,2, ,0.0,0.0,340.0,04.3,2,4000,0,0,0,0,0,0,0

