SID,EGBE1A,15,5
CA,0,150.0,2,2600,0,0,0,0,0,0
DF,KP241,-23.005475,-47.018939,0, ,0.0,0.0,0,0,0,0,0,0,0,0
TF,EGBEN,-22.903925,-46.935908,0, ,0.0,0.0,0.0,0.0,3,8000,0,0,0,0,0,0

SID,EGBE1A,GERTU,6
IF,EGBEN,-22.903925,-46.935908, ,0.0,0.0,3,8000,0,0,0,0,0,0
TF,DEXIB,-22.765719,-47.021111,0, ,0.0,0.0,0.0,0.0,2,10000,0,0,0,0,0,0
TF,GERTU,-22.430183,-47.562453,0, ,0.0,0.0,0.0,0.0,2,20000,0,0,0,0,0,0

SID,EGBE1A,ISMOB,6
IF,EGBEN,-22.903925,-46.935908, ,0.0,0.0,3,8000,0,0,0,0,0,0
TF,DEXIB,-22.765719,-47.021111,0, ,0.0,0.0,0.0,0.0,2,10000,0,0,0,0,0,0
TF,KP237,-22.652233,-47.083428,0, ,0.0,0.0,0.0,0.0,0,0,0,0,0,0,0,0
TF,KP179,-22.285000,-47.284333,0, ,0.0,0.0,0.0,0.0,0,0,0,0,0,0,0,0
TF,ISMOB,-21.789178,-47.197017,0, ,0.0,0.0,0.0,0.0,0,0,0,0,0,0,0,0

SID,EGBE1A,KONVI,6
IF,EGBEN,-22.903925,-46.935908, ,0.0,0.0,3,8000,0,0,0,0,0,0
TF,KP242,-22.774275,-46.815711,0, ,0.0,0.0,0.0,0.0,4,13000,9000,0,0,0,0,0
TF,KP243,-22.738883,-46.776975,0, ,0.0,0.0,0.0,0.0,2,13000,0,0,0,0,0,0
TF,URRAO,-22.680381,-46.713011,0, ,0.0,0.0,0.0,0.0,2,14000,0,0,0,0,0,0
TF,KP244,-22.683169,-46.388189,0, ,0.0,0.0,0.0,0.0,2,19000,0,0,0,0,0,0
TF,KONVI,-22.684678,-46.175983,0, ,0.0,0.0,0.0,0.0,0,0,0,0,0,0,0,0

SID,EGBE1A,VUPOG,6
IF,EGBEN,-22.903925,-46.935908, ,0.0,0.0,3,8000,0,0,0,0,0,0
TF,DEXIB,-22.765719,-47.021111,0, ,0.0,0.0,0.0,0.0,2,10000,0,0,0,0,0,0
TF,KP237,-22.652233,-47.083428,0, ,0.0,0.0,0.0,0.0,0,0,0,0,0,0,0,0
TF,KP179,-22.285000,-47.284333,0, ,0.0,0.0,0.0,0.0,0,0,0,0,0,0,0,0
TF,VUPOG,-20.742314,-48.833067,0, ,0.0,0.0,0.0,0.0,0,0,0,0,0,0,0,0

SID,EGEV1A,15,5
CA,0,150.0,2,3000,0,0,0,0,0,0
DF,OSUDO,-23.108431,-47.137431,0, ,0.0,0.0,0,0,0,0,0,0,0,0
TF,KP263,-23.123158,-47.742614,0, ,0.0,0.0,0.0,0.0,3,9000,0,0,0,0,0,0
TF,EGEVA,-23.139761,-48.561439,0, ,0.0,0.0,0.0,0.0,0,0,0,0,0,0,0,0

SID,EKAG1A,33,5
CA,0,330.0,2,2600,0,0,0,0,0,0
DF,KP144,-22.969367,-47.314047,0, ,0.0,0.0,3,8000,0,0,0,0,0,0
TF,KP257,-22.961800,-47.445250,0, ,0.0,0.0,0.0,0.0,3,10000,0,0,0,0,0,0
TF,EKAGO,-22.938128,-47.846706,0, ,0.0,0.0,0.0,0.0,3,23000,0,0,0,0,0,0

SID,EKAG1A,ASETA,6
IF,EKAGO,-22.938128,-47.846706, ,0.0,0.0,3,23000,0,0,0,0,0,0
TF,ASETA,-23.285667,-48.095667,0, ,0.0,0.0,0.0,0.0,0,0,0,0,0,0,0,0

SID,EKAG1A,EGEVA,6
IF,EKAGO,-22.938128,-47.846706, ,0.0,0.0,3,23000,0,0,0,0,0,0
TF,EGEVA,-23.139761,-48.561439,0, ,0.0,0.0,0.0,0.0,0,0,0,0,0,0,0,0

SID,ISMO1A,15,5
CA,0,150.0,2,2600,0,0,0,0,0,0
DF,KP241,-23.005475,-47.018939,0, ,0.0,0.0,0,0,0,0,0,0,0,0
TF,EGBEN,-22.903925,-46.935908,0, ,0.0,0.0,0.0,0.0,3,8000,0,0,0,0,0,0
TF,DEXIB,-22.765719,-47.021111,0, ,0.0,0.0,0.0,0.0,2,10000,0,0,0,0,0,0
TF,KP237,-22.652233,-47.083428,0, ,0.0,0.0,0.0,0.0,0,0,0,0,0,0,0,0
TF,ISMOB,-21.789178,-47.197017,0, ,0.0,0.0,0.0,0.0,0,0,0,0,0,0,0,0

SID,KONV2B,33,5
CA,0,330.0,2,3000,0,0,0,0,0,0
DF,KP254,-22.916814,-47.142072,2, ,0.0,0.0,2,4500,0,0,0,0,0,0
TF,KP267,-22.893481,-47.094061,0, ,0.0,0.0,0.0,0.0,2,5000,0,0,0,0,0,0
TF,KP256,-22.860033,-47.025303,0, ,0.0,0.0,0.0,0.0,3,7000,0,0,0,0,0,0
TF,KP243,-22.738883,-46.776975,0, ,0.0,0.0,0.0,0.0,2,13000,0,0,0,0,0,0
TF,URRAO,-22.680381,-46.713011,0, ,0.0,0.0,0.0,0.0,2,14000,0,0,0,0,0,0
TF,KP244,-22.683169,-46.388189,0, ,0.0,0.0,0.0,0.0,2,19000,0,0,0,0,0,0
TF,KONVI,-22.684678,-46.175983,0, ,0.0,0.0,0.0,0.0,0,0,0,0,0,0,0,0

SID,KONV2C,15,5
CA,0,150.0,2,2600,0,0,0,0,0,0
DF,KP241,-23.005475,-47.018939,1, ,0.0,0.0,0,0,0,0,0,0,0,0
TF,EGBEN,-22.903925,-46.935908,0, ,0.0,0.0,0.0,0.0,4,8000,6000,0,0,0,0,0
TF,KP242,-22.774275,-46.815711,0, ,0.0,0.0,0.0,0.0,0,0,0,0,0,0,0,0
TF,KP243,-22.738883,-46.776975,0, ,0.0,0.0,0.0,0.0,0,0,0,0,0,0,0,0
TF,URRAO,-22.680381,-46.713011,0, ,0.0,0.0,0.0,0.0,0,0,0,0,0,0,0,0
TF,KP249,-22.644819,-46.674167,0, ,0.0,0.0,0.0,0.0,4,10000,9000,0,0,0,0,0
TF,KONVI,-22.684678,-46.175983,0, ,0.0,0.0,0.0,0.0,3,13000,0,0,0,0,0,0

SID,KONV2D,33,5
CA,0,330.0,2,3000,0,0,0,0,0,0
DF,KP254,-22.916814,-47.142072,2, ,0.0,0.0,2,4500,0,0,0,0,0,0
TF,KP267,-22.893481,-47.094061,0, ,0.0,0.0,0.0,0.0,2,5000,0,0,0,0,0,0
TF,KP256,-22.860033,-47.025303,0, ,0.0,0.0,0.0,0.0,3,7000,0,0,0,0,0,0
TF,KP243,-22.738883,-46.776975,0, ,0.0,0.0,0.0,0.0,0,0,0,0,0,0,0,0
TF,KP249,-22.644819,-46.674167,0, ,0.0,0.0,0.0,0.0,4,10000,9000,0,0,0,0,0
TF,KONVI,-22.684678,-46.175983,0, ,0.0,0.0,0.0,0.0,3,13000,0,0,0,0,0,0

SID,OBLU1A,33,5
CA,0,330.0,2,3000,0,0,0,0,0,0
DF,KP266,-22.879806,-47.503244,1, ,0.0,0.0,3,11000,0,0,0,0,0,0
TF,KP268,-22.730964,-48.032903,0, ,0.0,0.0,0.0,0.0,3,18000,0,0,0,0,0,0
TF,OBLUG,-22.609711,-48.459561,0, ,0.0,0.0,0.0,0.0,0,0,0,0,0,0,0,0

SID,OMNI,15,1
CA,0,150.0,2,4500,0,0,0,0,0,0
VM,0,0,0,150.0,3,8000,0,0,0,0,0,0

SID,OMNI,33,1
CA,0,330.0,2,4500,0,0,0,0,0,0
VM,0,0,0,330.0,3,8000,0,0,0,0,0,0

SID,OPGU1A,33,5
CA,0,330.0,2,3000,0,0,0,0,0,0
DF,OPGUN,-22.907044,-47.216508,0, ,0.0,0.0,0,0,0,0,0,0,0,0

SID,OPGU1A,GERTU,6
IF,OPGUN,-22.907044,-47.216508, ,0.0,0.0,0,0,0,0,0,0,0,0
TF,GERTU,-22.430183,-47.562453,0, ,0.0,0.0,0.0,0.0,2,19000,0,0,0,0,0,0

SID,OPGU1A,ISMOB,6
IF,OPGUN,-22.907044,-47.216508, ,0.0,0.0,0,0,0,0,0,0,0,0
TF,KP179,-22.285000,-47.284333,0, ,0.0,0.0,0.0,0.0,0,0,0,0,0,0,0,0
TF,ISMOB,-21.789178,-47.197017,0, ,0.0,0.0,0.0,0.0,0,0,0,0,0,0,0,0

SID,OPGU1A,VUPOG,6
IF,OPGUN,-22.907044,-47.216508, ,0.0,0.0,0,0,0,0,0,0,0,0
TF,KP179,-22.285000,-47.284333,0, ,0.0,0.0,0.0,0.0,0,0,0,0,0,0,0,0
TF,VUPOG,-20.742314,-48.833067,0, ,0.0,0.0,0.0,0.0,0,0,0,0,0,0,0,0

SID,OSUD3A,15,5
CA,0,150.0,2,3000,0,0,0,0,0,0
DF,OSUDO,-23.108431,-47.137431,0, ,0.0,0.0,0,0,0,0,0,0,0,0

SID,OSUD3A,ASETA,6
IF,OSUDO,-23.108431,-47.137431, ,0.0,0.0,0,0,0,0,0,0,0,0
TF,KP239,-23.118539,-47.543600,0, ,0.0,0.0,0.0,0.0,2,14000,0,0,0,0,0,0
TF,OPNOB,-23.125608,-47.852275,0, ,0.0,0.0,0.0,0.0,3,23000,0,0,0,0,0,0
TF,ASETA,-23.285667,-48.095667,0, ,0.0,0.0,0.0,0.0,0,0,0,0,0,0,0,0

SID,OSUD3A,EGEVA,6
IF,OSUDO,-23.108431,-47.137431, ,0.0,0.0,0,0,0,0,0,0,0,0
TF,KP239,-23.118539,-47.543600,0, ,0.0,0.0,0.0,0.0,2,14000,0,0,0,0,0,0
TF,OPNOB,-23.125608,-47.852275,0, ,0.0,0.0,0.0,0.0,3,23000,0,0,0,0,0,0
TF,EGEVA,-23.139761,-48.561439,0, ,0.0,0.0,0.0,0.0,0,0,0,0,0,0,0,0

SID,OSUD3A,OBLUG,6
IF,OSUDO,-23.108431,-47.137431, ,0.0,0.0,0,0,0,0,0,0,0,0
TF,KP238,-23.036081,-47.331411,0, ,0.0,0.0,0.0,0.0,2,9000,0,0,0,0,0,0
TF,KP264,-22.768378,-48.045589,0, ,0.0,0.0,0.0,0.0,3,18000,0,0,0,0,0,0
TF,OBLUG,-22.609711,-48.459561,0, ,0.0,0.0,0.0,0.0,0,0,0,0,0,0,0,0

SID,OSUD3A,SOVSI,6
IF,OSUDO,-23.108431,-47.137431, ,0.0,0.0,0,0,0,0,0,0,0,0
TF,KP246,-23.202783,-47.226608,0, ,0.0,0.0,0.0,0.0,2,8000,0,0,0,0,0,0
TF,KP247,-23.288403,-47.249761,0, ,0.0,0.0,0.0,0.0,2,11000,0,0,0,0,0,0
TF,KP248,-23.535083,-47.316633,0, ,0.0,0.0,0.0,0.0,3,17000,0,0,0,0,0,0
TF,SOVSI,-24.105492,-47.472189,0, ,0.0,0.0,0.0,0.0,0,0,0,0,0,0,0,0

SID,SOVS1A,33,5
CA,0,330.0,2,2600,0,0,0,0,0,0
DF,KP258,-23.018872,-47.236275,1, ,0.0,0.0,0,0,0,0,0,0,0,0
TF,KP259,-23.135317,-47.340225,0, ,0.0,0.0,0.0,0.0,4,8000,7000,0,0,0,0,0
TF,KP261,-23.234989,-47.337700,0, ,0.0,0.0,0.0,0.0,2,10000,0,0,0,0,0,0
TF,KP136,-23.339203,-47.335056,0, ,0.0,0.0,0.0,0.0,4,17000,11000,0,0,0,0,0
TF,SOVSI,-24.105492,-47.472189,0, ,0.0,0.0,0.0,0.0,0,0,0,0,0,0,0,0

SID,UGIK1A,15,5
CA,0,150.0,2,3200,0,0,0,0,0,0
DF,KP251,-23.131958,-47.034431,0, ,0.0,0.0,2,6000,0,0,0,0,0,0
TF,KP127,-23.203547,-46.987197,0, ,0.0,0.0,0.0,0.0,4,10000,8000,0,0,0,0,0
TF,MUDET,-23.326819,-46.922364,0, ,0.0,0.0,0.0,0.0,2,12000,0,0,0,0,0,0
TF,GUABO,-23.534317,-46.538967,0, ,0.0,0.0,0.0,0.0,2,17000,0,0,0,0,0,0
TF,UGIKI,-23.593428,-46.429756,0, ,0.0,0.0,0.0,0.0,0,0,0,0,0,0,0,0

SID,UGIK1A,NIBRU,6
IF,UGIKI,-23.593428,-46.429756, ,0.0,0.0,0,0,0,0,0,0,0,0
TF,NIBRU,-23.573069,-45.468961,0, ,0.0,0.0,0.0,0.0,0,0,0,0,0,0,0,0

SID,UGIK1A,UREMI,6
IF,UGIKI,-23.593428,-46.429756, ,0.0,0.0,0,0,0,0,0,0,0,0
TF,UREMI,-23.389156,-45.512986,0, ,0.0,0.0,0.0,0.0,0,0,0,0,0,0,0,0

SID,UGIK1B,33,5
CA,0,330.0,2,2600,0,0,0,0,0,0
DF,KP258,-23.018872,-47.236275,1, ,0.0,0.0,0,0,0,0,0,0,0,0
TF,KP259,-23.135317,-47.340225,0, ,0.0,0.0,0.0,0.0,4,8000,7000,0,0,0,0,0
TF,KP262,-23.203600,-47.245031,0, ,0.0,0.0,0.0,0.0,2,10000,0,0,0,0,0,0
TF,KP127,-23.203547,-46.987197,0, ,0.0,0.0,0.0,0.0,3,11000,0,0,0,0,0,0
TF,MUDET,-23.326819,-46.922364,0, ,0.0,0.0,0.0,0.0,2,12000,0,0,0,0,0,0
TF,UGIKI,-23.593428,-46.429756,0, ,0.0,0.0,0.0,0.0,0,0,0,0,0,0,0,0

SID,UGIK1B,NIBRU,6
IF,UGIKI,-23.593428,-46.429756, ,0.0,0.0,0,0,0,0,0,0,0,0
TF,NIBRU,-23.573069,-45.468961,0, ,0.0,0.0,0.0,0.0,0,0,0,0,0,0,0,0

SID,UGIK1B,UREMI,6
IF,UGIKI,-23.593428,-46.429756, ,0.0,0.0,0,0,0,0,0,0,0,0
TF,UREMI,-23.389156,-45.512986,0, ,0.0,0.0,0.0,0.0,0,0,0,0,0,0,0,0

STAR,EDMU1A,33,5
IF,EDMUS,-23.189228,-45.385867, ,0.0,0.0,3,30000,0,0,0,0,0,0
TF,NIBVO,-23.226900,-45.555925,0, ,0.0,0.0,0.0,0.0,0,0,0,0,0,0,0,0
TF,KP153,-23.372561,-46.079869,0, ,0.0,0.0,0.0,0.0,2,23000,0,0,0,0,0,0
TF,KP154,-23.458031,-46.383081,0, ,0.0,0.0,0.0,0.0,3,18000,0,0,0,0,0,0
TF,KP213,-23.290781,-46.640100,0, ,0.0,0.0,0.0,0.0,2,12000,0,0,0,0,0,0
TF,KP231,-23.197972,-46.721850,0, ,0.0,0.0,0.0,0.0,2,10000,0,0,0,0,0,0
TF,KP269,-23.116156,-46.793800,0, ,0.0,0.0,0.0,0.0,4,8000,7000,0,0,0,0,0
TF,KP191,-23.159469,-46.921703,0, ,0.0,0.0,0.0,0.0,2,6500,0,0,0,0,0,0

STAR,ENTI1A,33,5
IF,ENTIT,-22.417511,-46.657975, ,0.0,0.0,3,22000,0,0,0,0,0,0
TF,KP204,-22.646750,-46.982439,0, ,0.0,0.0,0.0,0.0,2,15000,0,0,0,0,0,0
TF,KP226,-22.699578,-47.009800,0, ,0.0,0.0,0.0,0.0,3,14000,0,0,0,0,0,0
TF,KP227,-22.895094,-47.111253,0, ,0.0,0.0,0.0,0.0,2,9000,0,0,0,0,0,0
TF,KP228,-22.967397,-47.011625,0, ,0.0,0.0,0.0,0.0,2,8000,0,0,0,0,0,0
TF,KP209,-23.019033,-46.940464,0, ,0.0,0.0,0.0,0.0,2,6500,0,0,0,0,0,0

STAR,ITED1A,EDMUS,4
IF,EDMUS,-23.189228,-45.385867, ,0.0,0.0,0,0,0,0,0,0,0,0
TF,NIBVO,-23.226900,-45.555925,0, ,0.0,0.0,0.0,0.0,0,0,0,0,0,0,0,0
TF,KP153,-23.372561,-46.079869,0, ,0.0,0.0,0.0,0.0,2,26000,0,0,0,0,0,0
TF,KP154,-23.458031,-46.383081,0, ,0.0,0.0,0.0,0.0,0,0,0,0,0,0,0,0
TF,KP213,-23.290781,-46.640100,0, ,0.0,0.0,0.0,0.0,2,14000,0,0,0,0,0,0
TF,KP212,-23.238864,-46.685844,0, ,0.0,0.0,0.0,0.0,2,13000,0,0,0,0,0,0
TF,KP211,-23.186933,-46.731561,0, ,0.0,0.0,0.0,0.0,2,12000,0,0,0,0,0,0
TF,KP208,-23.030336,-46.869156,0, ,0.0,0.0,0.0,0.0,0,0,0,0,0,0,0,0
TF,KP209,-23.019033,-46.940464,0, ,0.0,0.0,0.0,0.0,3,11000,0,0,0,0,0,0
TF,KP207,-22.926639,-47.067831,0, ,0.0,0.0,0.0,0.0,2,9000,0,0,0,0,0,0
TF,ITEDI,-22.814722,-47.221728,0, ,0.0,0.0,0.0,0.0,2,6000,0,0,0,0,0,0

STAR,ITED1A,ENTIT,4
IF,ENTIT,-22.417511,-46.657975, ,0.0,0.0,3,19000,0,0,0,0,0,0
TF,KP203,-22.565789,-46.867461,0, ,0.0,0.0,0.0,0.0,3,11000,0,0,0,0,0,0
TF,KP204,-22.646750,-46.982439,0, ,0.0,0.0,0.0,0.0,3,9000,0,0,0,0,0,0
TF,ITEDI,-22.814722,-47.221728,0, ,0.0,0.0,0.0,0.0,2,6000,0,0,0,0,0,0

STAR,ITED1A,15,5
IF,ITEDI,-22.814722,-47.221728, ,0.0,0.0,2,6000,0,0,0,0,0,0

STAR,UBKU1A,EDRAT,4
IF,EDRAT,-23.839333,-48.306733, ,0.0,0.0,0,0,0,0,0,0,0,0
TF,KP224,-23.447103,-47.573608,0, ,0.0,0.0,0.0,0.0,2,12000,0,0,0,0,0,0
TF,KP223,-23.360911,-47.413783,0, ,0.0,0.0,0.0,0.0,3,9000,0,0,0,0,0,0
TF,KP271,-23.258139,-47.223806,0, ,0.0,0.0,0.0,0.0,1,8000,0,0,0,0,0,0
TF,UBKUP,-23.177286,-47.074800,0, ,0.0,0.0,0.0,0.0,2,6500,0,0,0,0,0,0

STAR,UBKU1A,UTLOT,4
IF,UTLOT,-22.474000,-47.892333, ,0.0,0.0,0,0,0,0,0,0,0,0
TF,KP201,-22.704608,-47.585061,0, ,0.0,0.0,0.0,0.0,0,0,0,0,0,0,0,0
TF,NILKA,-22.975578,-47.356083,0, ,0.0,0.0,0.0,0.0,2,12000,0,0,0,0,0,0
TF,KP221,-23.081211,-47.208953,0, ,0.0,0.0,0.0,0.0,2,9000,0,0,0,0,0,0
TF,KP222,-23.132467,-47.137422,0, ,0.0,0.0,0.0,0.0,3,7500,0,0,0,0,0,0
TF,UBKUP,-23.177286,-47.074800,0, ,0.0,0.0,0.0,0.0,2,6500,0,0,0,0,0,0

STAR,UBKU1A,33,5
IF,UBKUP,-23.177286,-47.074800, ,0.0,0.0,2,6500,0,0,0,0,0,0

STAR,UTLO3A,15,5
IF,UTLOT,-22.474000,-47.892333, ,0.0,0.0,3,16000,0,0,0,0,0,0
TF,KP201,-22.704608,-47.585061,0, ,0.0,0.0,0.0,0.0,0,0,0,0,0,0,0,0
TF,NOBRE,-22.844808,-47.361058,0, ,0.0,0.0,0.0,0.0,2,6000,0,0,0,0,0,0

STAR,VERM1A,EDRAT,4
IF,EDRAT,-23.839333,-48.306733, ,0.0,0.0,0,0,0,0,0,0,0,0
TF,KP219,-23.295508,-47.896825,0, ,0.0,0.0,0.0,0.0,2,16000,0,0,0,0,0,0
TF,VERME,-23.209125,-47.832064,0, ,0.0,0.0,0.0,0.0,0,0,0,0,0,0,0,0

STAR,VERM1A,GNOME,4
IF,GNOME,-23.223328,-47.981983, ,0.0,0.0,4,17000,16000,0,0,0,0,0
TF,VERME,-23.209125,-47.832064,0, ,0.0,0.0,0.0,0.0,0,0,0,0,0,0,0,0

STAR,VERM1A,15,5
IF,VERME,-23.209125,-47.832064, ,0.0,0.0,0,0,0,0,0,0,0,0
TF,KP217,-23.168086,-47.748128,0, ,0.0,0.0,0.0,0.0,3,12000,0,0,0,0,0,0
TF,KP216,-23.104544,-47.618417,0, ,0.0,0.0,0.0,0.0,2,10000,0,0,0,0,0,0
TF,KP214,-23.044003,-47.495111,0, ,0.0,0.0,0.0,0.0,3,8000,0,0,0,0,0,0
TF,NILKA,-22.975578,-47.356083,0, ,0.0,0.0,0.0,0.0,2,6500,0,0,0,0,0,0

APPTR,D15-Z,15,ITEDI
IF,ITEDI,-22.814722,-47.221728, ,0.0,0.0,2,6000,0,0,0,0,1,0
AF,KP113,-22.880528,-47.311814,1,VCP,329.2,12.7,358.0,0,0,0,0,0,0,0,0
CF,ATARA,-22.896061,-47.289761,0,VCP,329.2,11.1,149.0,1.5,2,4400,0,0,0,0,1,0

APPTR,D15-Z,15,NILKA
IF,NILKA,-22.975578,-47.356083, ,0.0,0.0,2,6500,0,0,0,0,1,0
AF,KP013,-22.880292,-47.312153,2,VCP,329.2,12.7,301.0,0,0,0,0,0,0,0,0
CF,ATARA,-22.896061,-47.289761,0,VCP,329.2,11.1,149.0,1.6,2,4400,0,0,0,0,1,0

FINAL,D15-Z,15,D,4
IF,ATARA,-22.896061,-47.289761,VCP,329.2,11.1,2,4400,0,0,0,0,0,0
CF,SEBSU,-22.947278,-47.218417,0,VCP,328.7,6.1,149.0,5.0,2,3790,0,0,0,0,2,0
CF,KP273,-22.974639,-47.178847,0,VCP,328.7,3.4,149.0,2.7,2,2920,0,0,0,0,0,0
CF,KP014,-22.997300,-47.146047,0,VCP,328.7,1.1,149.0,2.3,1,2189,0,0,0,0,3,0
CA,0,149.0,2,3200,0,1,210,0,0,0
VI,2, ,0.0,340.0,0,0,0,1,210,0,0,0
CF,NILKA,-22.975578,-47.356083,0,VCP,300.9,12.7,301.0,8.0,2,6500,0,1,210,0,0,0
HM,NILKA,-22.975578,-47.356083,2, ,0.0,0.0,121.0,04.3,2,6500,0,0,0,0,0,0,0

APPTR,D33-Y,33,UBKUP
IF,UBKUP,-23.177286,-47.074800, ,0.0,0.0,2,6500,0,0,0,0,1,0
AF,KP044,-23.128056,-46.989736,1,VCP,154.7,10.5,185.0,0,0,0,0,0,0,0,0
CF,RENUM,-23.106172,-47.015403,0,VCP,154.7,8.6,335.0,1.9,2,4400,0,0,0,0,1,0

FINAL,D33-Y,33,D,4
IF,RENUM,-23.106172,-47.015403,VCP,154.7,8.6,2,4400,0,0,0,0,0,0
CF,ALDEG,-23.072158,-47.055267,0,VCP,154.7,5.6,335.0,3.0,2,3810,0,0,0,0,2,0
CF,KP059,-23.042672,-47.089797,0,VCP,154.7,3.0,335.0,2.6,2,2978,0,0,0,0,0,0
CF,KP071,-23.015692,-47.121378,0,VCP,154.7,0.6,335.0,2.4,1,2235,0,0,0,0,3,0
CA,0,335.0,2,3500,0,1,200,0,0,0
VI,1, ,0.0,140.0,0,0,0,1,200,0,0,0
CF,UBKUP,-23.177286,-47.074800,0,VCP,185.3,10.5,185.0,7.0,2,6500,0,1,200,0,0,0
HM,UBKUP,-23.177286,-47.074800,2, ,0.0,0.0,5.0,04.3,2,6500,0,1,200,0,0,0,0

APPTR,I15-X,15,MUPIP
IF,MUPIP,-22.832594,-47.378067, ,0.0,0.0,2,7000,0,0,0,0,1,0
CF,ASUTI,-22.872150,-47.323114,0,IKP,329.7,14.3,149.0,3.9,2,5500,0,0,0,0,1,0

FINAL,I15-X,15,I,3
IF,ASUTI,-22.872150,-47.323114,IKP,329.7,14.3,2,5500,0,0,0,0,0,0
CF,SEBSU,-22.947278,-47.218417,0,IKP,329.7,7.0,150.0,7.3,1,3790,0,0,0,0,2,0
CF,RW15,-22.998458,-47.147003,0,IKP,329.7,2.0,150.0,5.0,1,2190,0,0,0,0,3,0
CA,0,150.0,2,3000,0,0,0,0,0,0
VM,0,0,2,305.0,2,7000,0,0,0,0,0,0

APPTR,I15-Z,15,ITEDI
IF,ITEDI,-22.814722,-47.221728, ,0.0,0.0,2,6000,0,0,0,0,1,0
TF,ATARA,-22.896061,-47.289761,0,IKP,0.0,0.0,0.0,0.0,2,4400,0,0,0,0,1,0

APPTR,I15-Z,15,NILKA
IF,NILKA,-22.975578,-47.356083, ,0.0,0.0,2,6500,0,0,0,0,1,0
TF,ATARA,-22.896061,-47.289761,0,IKP,0.0,0.0,0.0,0.0,2,4400,0,0,0,0,1,0

APPTR,I15-Z,15,NOBRE
IF,NOBRE,-22.844808,-47.361058, ,0.0,0.0,2,6000,0,0,0,0,1,0
TF,ATARA,-22.896061,-47.289761,0,IKP,0.0,0.0,0.0,0.0,2,4400,0,0,0,0,1,0

FINAL,I15-Z,15,I,3
IF,ATARA,-22.896061,-47.289761,IKP,329.7,12.0,2,4400,0,0,0,0,0,0
CF,SEBSU,-22.947278,-47.218417,0,IKP,329.7,7.0,150.0,5.0,1,3790,0,0,0,0,2,0
CF,RW15,-22.998458,-47.147003,0,IKP,329.7,2.0,150.0,5.0,1,2190,0,0,0,0,3,0
VA,0,150.0,2,3000,0,0,0,0,0,0
DF,NILKA,-22.975578,-47.356083,2, ,0.0,0.0,2,6500,0,0,0,0,0,1
HM,NILKA,-22.975578,-47.356083,2, ,0.0,0.0,59.0,04.3,2,6500,0,0,0,0,0,0,0

APPTR,L15-X,15,MUPIP
IF,MUPIP,-22.832594,-47.378067, ,0.0,0.0,2,7000,0,0,0,0,1,0
CF,ASUTI,-22.872150,-47.323114,0,IKP,329.7,14.3,149.0,3.9,2,5500,0,0,0,0,1,0

FINAL,L15-X,15,D,4
IF,ASUTI,-22.872150,-47.323114,IKP,329.7,14.3,2,5500,0,0,0,0,0,0
CF,SEBSU,-22.947278,-47.218417,0,IKP,329.7,7.0,150.0,7.3,2,3790,0,0,0,0,2,0
CF,KP030,-22.977997,-47.175572,0,IKP,329.7,4.0,150.0,3.0,2,2827,0,0,0,0,0,0
CF,RW15,-22.998458,-47.147003,0,IKP,329.7,2.0,150.0,2.0,1,2190,0,0,0,0,3,0
CA,0,150.0,2,3000,0,0,0,0,0,0
VM,0,0,2,305.0,2,7000,0,0,0,0,0,0

APPTR,R15-Y,15,LOLED
IF,LOLED,-22.912408,-47.060403, ,0.0,0.0,2,8000,0,0,0,0,1,0
TF,KP183,-22.859986,-47.133586,0, ,0.0,0.0,0.0,0.0,2,6000,0,1,240,0,0,0
RF,KP194,-22.847944,-47.166994,1,KP193,379.9,3.5,2,5400,0,0,0,0,1,0

FINAL,R15-Y,15,R,4
IF,KP194,-22.847944,-47.166994, ,0.0,0.0,2,5400,0,0,0,0,0,0
RF,KP186,-22.917489,-47.234328,1,KP193,168.4,3.5,2,4500,0,0,0,0,2,0
RF,KP188,-22.952619,-47.210975,1,KP193,147.8,3.5,2,3664,0,0,0,0,0,0
TF,RW15,-22.998458,-47.147003,0, ,0.0,0.0,150.0,4.5,1,2189,0,0,0,0,3,1
TF,KP063,-23.067650,-47.050514,0, ,0.0,0.0,0.0,0.0,0,0,0,0,0,0,0,0
RF,KP182,-23.163819,-47.131075,2,KP181,327.6,3.6,0,0,0,1,200,0,0,0
TF,KOVGA,-22.996833,-47.363500,0, ,0.0,0.0,0.0,0.0,2,7000,0,0,0,0,0,1
HM,KOVGA,-22.996833,-47.363500,2, ,0.0,0.0,60.0,04.3,2,7000,0,0,0,0,0,0,0

APPTR,R15-Z,15,ITEDI
IF,ITEDI,-22.814722,-47.221728, ,0.0,0.0,2,6000,0,0,0,0,1,0
TF,ATARA,-22.896061,-47.289761,0, ,0.0,0.0,0.0,0.0,2,4400,0,0,0,0,1,0

APPTR,R15-Z,15,NILKA
IF,NILKA,-22.975578,-47.356083, ,0.0,0.0,2,6500,0,0,0,0,1,0
TF,ATARA,-22.896061,-47.289761,0, ,0.0,0.0,0.0,0.0,2,4400,0,0,0,0,1,0

APPTR,R15-Z,15,NOBRE
IF,NOBRE,-22.844808,-47.361058, ,0.0,0.0,2,6000,0,0,0,0,1,0
TF,ATARA,-22.896061,-47.289761,0, ,0.0,0.0,0.0,0.0,2,4400,0,0,0,0,1,0

FINAL,R15-Z,15,R,4
IF,ATARA,-22.896061,-47.289761, ,0.0,0.0,2,4400,0,0,0,0,0,0
TF,SEBSU,-22.947278,-47.218417,0, ,0.0,0.0,150.0,5.0,2,3790,0,0,0,0,2,0
TF,KP002,-22.974919,-47.179858,0, ,0.0,0.0,150.0,2.7,2,2922,0,0,0,0,0,0
TF,RW15,-22.998458,-47.147003,0, ,0.0,0.0,150.0,2.3,1,2189,0,0,0,0,3,1
CA,0,150.0,2,3000,0,0,0,0,0,0
DF,NILKA,-22.975578,-47.356083,2, ,0.0,0.0,2,6500,0,0,0,0,0,1
HM,NILKA,-22.975578,-47.356083,2, ,0.0,0.0,59.0,04.3,2,6500,0,0,0,0,0,0,0

APPTR,R33-W,33,UBKUP
IF,UBKUP,-23.177286,-47.074800, ,0.0,0.0,2,6500,0,0,0,0,1,0
TF,KP036,-23.137311,-47.040831,0, ,0.0,0.0,0.0,0.0,2,5100,0,0,0,0,1,0

FINAL,R33-W,33,R,3
IF,KP036,-23.137311,-47.040831, ,0.0,0.0,2,5100,0,0,0,0,0,0
RF,ARNIV,-23.067508,-47.050514,1,KP034,327.5,3.0,2,3830,0,0,0,0,2,0
TF,RW33,-23.016364,-47.121994,0, ,0.0,0.0,330.0,5.0,1,2220,0,0,0,0,3,1
TF,KP037,-22.997642,-47.148153,0, ,0.0,0.0,0.0,0.0,0,0,0,1,210,0,0,0
TF,KP103,-22.956706,-47.205278,0, ,0.0,0.0,0.0,0.0,0,0,0,1,210,0,0,0
RF,KP038,-23.038278,-47.273531,1,KP039,147.0,3.1,0,0,0,1,210,0,0,0
TF,UBKUP,-23.177286,-47.074800,0, ,0.0,0.0,0.0,0.0,2,6500,0,0,0,0,0,1
HM,UBKUP,-23.177286,-47.074800,2, ,0.0,0.0,60.0,04.3,2,6500,0,0,0,0,0,0,0

APPTR,R33-X,33,KP191
IF,KP191,-23.159469,-46.921703, ,0.0,0.0,2,6500,0,0,0,0,1,0
TF,KP192,-23.128828,-46.964658,0, ,0.0,0.0,0.0,0.0,2,5700,0,0,0,0,0,0
TF,KP107,-23.098175,-47.007597,0, ,0.0,0.0,0.0,0.0,2,4400,0,0,0,0,1,0

APPTR,R33-X,33,KP209
IF,KP209,-23.019033,-46.940464, ,0.0,0.0,2,6500,0,0,0,0,1,0
TF,KP107,-23.098175,-47.007597,0, ,0.0,0.0,0.0,0.0,2,4400,0,0,0,0,1,0

APPTR,R33-X,33,UBKUP
IF,UBKUP,-23.177286,-47.074800, ,0.0,0.0,2,6500,0,0,0,0,1,0
TF,KP107,-23.098175,-47.007597,0, ,0.0,0.0,0.0,0.0,2,4400,0,0,0,0,1,0

FINAL,R33-X,33,R,4
IF,KP107,-23.098175,-47.007597, ,0.0,0.0,2,4400,0,0,0,0,0,0
TF,ARNIV,-23.067508,-47.050514,0, ,0.0,0.0,330.0,3.0,2,3830,0,0,0,0,2,0
TF,KP702,-23.039397,-47.089817,0, ,0.0,0.0,330.0,2.7,2,2953,0,0,0,0,0,0
TF,RW33,-23.015867,-47.122692,0, ,0.0,0.0,330.0,2.3,1,2220,0,0,0,0,3,1
CA,0,330.0,2,3000,0,0,0,0,0,0
DF,UBKUP,-23.177286,-47.074800,1, ,0.0,0.0,2,6500,0,0,0,0,0,1
HM,UBKUP,-23.177286,-47.074800,2, ,0.0,0.0,60.0,04.3,2,6500,0,0,0,0,0,0,0

