SID,OMNI,05,1
VA,0,53.0,2,500,0,0,0,0,0,0
VM,0,0,0,53.0,0,0,0,0,0,0,0,0

SID,OMNI,06,1
VA,0,57.0,2,500,0,0,0,0,0,0
VM,0,0,0,57.0,0,0,0,0,0,0,0,0

SID,OMNI,23,1
VA,0,233.0,2,500,0,0,0,0,0,0
VM,0,0,0,233.0,0,0,0,0,0,0,0,0

SID,OMNI,24,1
VA,0,237.0,2,500,0,0,0,0,0,0
VM,0,0,0,237.0,0,0,0,0,0,0,0,0

APPTR,R05,05,ME056
IF,ME056,-22.306042,-41.868425, ,0.0,0.0,2,4500,0,0,0,0,1,0
TF,ME054,-22.348633,-41.894478,0, ,0.0,0.0,0.0,0.0,2,3500,0,1,230,0,0,0
RF,ME058,-22.406594,-41.888092,1,ME057,129.2,3.0,2,2400,0,0,0,0,0,0
RF,ME053,-22.421822,-41.833289,1,ME057,382.5,3.0,2,1400,0,0,0,0,1,0

FINAL,R05,05,R,3
IF,ME053,-22.421822,-41.833289, ,0.0,0.0,2,1400,0,0,0,0,0,0
RF,ME052,-22.398244,-41.800692,1,ME057,52.0,3.0,2,1180,0,0,0,0,2,0
TF,RW05,-22.347350,-41.769597,0, ,0.0,0.0,53.0,3.5,1,59,0,0,0,0,3,1
VA,0,53.0,2,1400,0,1,230,0,0,0
DF,ME056,-22.306042,-41.868425,1, ,0.0,0.0,2,4500,0,0,0,0,0,1
HM,ME056,-22.306042,-41.868425,1, ,0.0,0.0,263.0,04.3,2,4500,0,0,0,0,0,0,0

APPTR,R23,23,ME062
IF,ME062,-22.221578,-41.646589, ,0.0,0.0,2,3000,0,0,0,0,1,0
TF,ME068,-22.227903,-41.718122,0, ,0.0,0.0,0.0,0.0,2,1800,0,0,0,0,1,0

APPTR,R23,23,ME069
IF,ME069,-22.179342,-41.704569, ,0.0,0.0,2,3000,0,0,0,0,1,0
TF,ME068,-22.227903,-41.718122,0, ,0.0,0.0,0.0,0.0,2,1800,0,0,0,0,1,0

FINAL,R23,23,R,4
IF,ME068,-22.227903,-41.718122, ,0.0,0.0,2,1800,0,0,0,0,0,0
TF,ME072,-22.260275,-41.727161,0, ,0.0,0.0,218.0,2.0,2,1407,0,0,0,0,0,0
TF,ME059,-22.292647,-41.736206,0, ,0.0,0.0,218.0,2.0,2,1020,0,0,0,0,2,0
TF,RW23,-22.336278,-41.762836,0, ,0.0,0.0,233.0,3.0,1,59,0,0,0,0,3,1
VA,0,233.0,2,700,0,1,230,0,0,0
DF,ME069,-22.179342,-41.704569,2, ,0.0,0.0,2,3000,0,1,230,0,0,1
HM,ME069,-22.179342,-41.704569,1, ,0.0,0.0,218.0,04.3,2,3000,0,1,230,0,0,0,0

