SID,JAUN1B,27,5
CA,0,273.0,2,700,0,0,0,0,0,0
DF,JAUNA,-3.245964,-59.765517,1, ,0.0,0.0,3,4000,0,0,0,0,0,0

SID,JAUN1B,ERVEL,6
IF,JAUNA,-3.245964,-59.765517, ,0.0,0.0,3,4000,0,0,0,0,0,0
TF,MN003,-3.216331,-58.885456,0, ,0.0,0.0,0.0,0.0,0,0,0,0,0,0,0,0
TF,ERVEL,-3.095278,-58.362222,0, ,0.0,0.0,0.0,0.0,0,0,0,0,0,0,0,0

SID,JAUN1B,ITAMI,6
IF,JAUNA,-3.245964,-59.765517, ,0.0,0.0,3,4000,0,0,0,0,0,0
TF,PAUTA,-3.124506,-59.640514,0, ,0.0,0.0,0.0,0.0,0,0,0,0,0,0,0,0
TF,MN004,-2.950139,-59.661189,0, ,0.0,0.0,0.0,0.0,3,5000,0,0,0,0,0,0
TF,MN006,-2.841206,-59.674100,0, ,0.0,0.0,0.0,0.0,4,11000,6500,0,0,0,0,0
TF,ITAMI,-1.570278,-59.824444,0, ,0.0,0.0,0.0,0.0,0,0,0,0,0,0,0,0

SID,OMNI1A,09,1
VA,0,93.0,2,660,0,0,0,0,0,0
CA,0,108.0,2,700,0,0,0,0,0,0
VM,0,0,0,108.0,0,0,0,0,0,0,0,0

SID,OMNI1A,27,1
VA,0,273.0,2,700,0,0,0,0,0,0
VM,0,0,0,273.0,0,0,0,0,0,0,0,0

SID,PAUT1A,09,5
CF,MN002,-3.132425,-59.776725,0,MNS,125.3,17.6,104.0,12.1,3,4000,0,0,0,0,0,0
TF,PAUTA,-3.124506,-59.640514,0, ,0.0,0.0,0.0,0.0,2,4500,0,0,0,0,0,0

SID,PAUT1A,ERVEL,6
IF,PAUTA,-3.124506,-59.640514, ,0.0,0.0,2,4500,0,0,0,0,0,0
TF,MN003,-3.216331,-58.885456,0, ,0.0,0.0,0.0,0.0,0,0,0,0,0,0,0,0
TF,ERVEL,-3.095278,-58.362222,0, ,0.0,0.0,0.0,0.0,0,0,0,0,0,0,0,0

SID,PAUT1A,ITAMI,6
IF,PAUTA,-3.124506,-59.640514, ,0.0,0.0,2,4500,0,0,0,0,0,0
TF,MN004,-2.950139,-59.661189,0, ,0.0,0.0,0.0,0.0,3,5000,0,0,0,0,0,0
TF,MN006,-2.841206,-59.674100,0, ,0.0,0.0,0.0,0.0,4,11000,6500,0,0,0,0,0
TF,ITAMI,-1.570278,-59.824444,0, ,0.0,0.0,0.0,0.0,0,0,0,0,0,0,0,0

SID,PONT1A,09,5
CF,MN002,-3.132425,-59.776725,0,MNS,123.3,17.6,104.0,12.1,3,4000,0,0,0,0,0,0
TF,PONTE,-3.394369,-59.719458,0, ,0.0,0.0,0.0,0.0,2,6500,0,0,0,0,0,0

SID,PONT1A,ETAXA,6
IF,PONTE,-3.394369,-59.719458, ,0.0,0.0,2,6500,0,0,0,0,0,0
TF,ETAXA,-4.178703,-59.328278,0, ,0.0,0.0,0.0,0.0,0,0,0,0,0,0,0,0

SID,PONT1A,GIKVI,6
IF,PONTE,-3.394369,-59.719458, ,0.0,0.0,2,6500,0,0,0,0,0,0
TF,GIKVI,-4.557003,-58.750344,0, ,0.0,0.0,0.0,0.0,0,0,0,0,0,0,0,0

SID,PONT1B,27,5
CA,0,273.0,2,700,0,0,0,0,0,0
DF,JAUNA,-3.245964,-59.765517,1, ,0.0,0.0,3,4000,0,0,0,0,0,0
TF,PONTE,-3.394369,-59.719458,0, ,0.0,0.0,0.0,0.0,2,6500,0,0,0,0,0,0

SID,PONT1B,ETAXA,6
IF,PONTE,-3.394369,-59.719458, ,0.0,0.0,2,6500,0,0,0,0,0,0
TF,ETAXA,-4.178703,-59.328278,0, ,0.0,0.0,0.0,0.0,0,0,0,0,0,0,0,0

SID,PONT1B,GIKVI,6
IF,PONTE,-3.394369,-59.719458, ,0.0,0.0,2,6500,0,0,0,0,0,0
TF,GIKVI,-4.557003,-58.750344,0, ,0.0,0.0,0.0,0.0,0,0,0,0,0,0,0,0

APPTR,I09-W,09,VURIV
IF,VURIV,-3.295539,-60.168781, ,0.0,0.0,2,3000,0,0,0,0,1,0
CF,EVAIR,-3.178411,-60.116494,0,IPE,273.1,8.7,41.0,7.7,2,1600,0,0,0,0,1,0

FINAL,I09-W,09,I,3
IF,EVAIR,-3.178411,-60.116494,IPE,273.1,8.7,2,1600,0,0,0,0,0,0
CF,ERIVU,-3.162319,-60.051808,0,IPE,273.1,4.7,93.0,4.0,1,1420,0,0,0,0,2,0
CF,RW09,-3.148367,-59.995786,0,IPE,273.1,1.2,93.0,3.5,1,298,0,0,0,0,3,0
VA,0,93.0,2,1500,0,0,0,0,0,0
VI,2, ,0.0,190.0,0,0,0,0,0,0,0,0
CF,MN031,-3.300128,-59.860042,0,MNS,160.1,19.4,160.0,5.0,2,4000,0,0,0,0,0,0
HM,MN031,-3.300128,-59.860042,1, ,0.0,0.0,340.0,04.3,2,4000,0,0,0,0,0,0,0

APPTR,I09-Y,09,MN007
IF,MN007,-3.287100,-60.133247, ,0.0,0.0,2,4000,0,0,0,0,1,0
TF,MN009,-3.188653,-60.157511,0,IPE,0.0,0.0,0.0,0.0,2,2900,0,0,0,0,1,0

APPTR,I09-Y,09,MN008
IF,MN008,-3.213031,-60.255453, ,0.0,0.0,2,3000,0,0,0,0,1,0
TF,MN009,-3.188653,-60.157511,0,IPE,0.0,0.0,0.0,0.0,2,2900,0,0,0,0,1,0

FINAL,I09-Y,09,I,3
IF,MN009,-3.188653,-60.157511,IPE,272.1,11.2,2,2900,0,0,0,0,0,0
CF,MN011,-3.168514,-60.076644,0,IPE,272.1,6.2,93.0,5.0,1,1900,0,0,0,0,2,0
CF,RW09,-3.148367,-59.995786,0,IPE,272.1,1.2,93.0,5.0,1,298,0,0,0,0,3,0
CA,0,93.0,2,1500,0,0,0,0,0,0
DF,MN007,-3.287100,-60.133247,2, ,0.0,0.0,2,4000,0,0,0,0,0,1
HM,MN007,-3.287100,-60.133247,2, ,0.0,0.0,3.0,04.3,2,4000,0,0,0,0,0,0,0

APPTR,L09,09,MNS
IF,MNS,-3.040031,-60.054739, ,0.0,0.0,2,3000,0,0,0,0,1,0
FD,MNS,-3.040031,-60.054739,0,MNS,0.0,9.3,246.0,9.3,2,2000,0,1,185,0,0,0
CF,ANSUD,-3.179667,-60.121667,1,IPE,273.1,9.0,93.0,2.0,2,2000,0,1,185,0,1,0

FINAL,L09,09,D,4
IF,ANSUD,-3.179667,-60.121667,IPE,273.1,9.0,2,2000,0,0,0,0,0,0
CF,MUNAK,-3.169167,-60.079667,0,IPE,273.1,6.4,93.0,2.6,2,1950,0,0,0,0,2,0
CF,MN020,-3.157586,-60.032994,0,IPE,273.1,3.5,93.0,2.9,2,1030,0,0,0,0,0,0
CF,RW09,-3.148367,-59.995786,0,IPE,273.1,1.2,93.0,2.3,1,298,0,0,0,0,3,0
VA,0,93.0,2,2000,0,0,0,0,0,0
DF,MNS,-3.040031,-60.054739,1, ,0.0,0.0,2,3000,0,0,0,0,0,0
HM,MNS,-3.040031,-60.054739,1, ,0.0,0.0,246.0,04.3,2,3000,0,0,0,0,0,0,0

APPTR,R09,09,MN007
IF,MN007,-3.287100,-60.133247, ,0.0,0.0,2,4000,0,0,0,0,1,0
TF,MN009,-3.188653,-60.157511,0, ,0.0,0.0,0.0,0.0,2,2900,0,0,0,0,1,0

APPTR,R09,09,MN008
IF,MN008,-3.213031,-60.255453, ,0.0,0.0,2,3000,0,0,0,0,1,0
TF,MN009,-3.188653,-60.157511,0, ,0.0,0.0,0.0,0.0,2,2900,0,0,0,0,1,0

FINAL,R09,09,R,4
IF,MN009,-3.188653,-60.157511, ,0.0,0.0,2,2900,0,0,0,0,0,0
TF,MN011,-3.168514,-60.076644,0, ,0.0,0.0,93.0,5.0,2,1900,0,0,0,0,2,0
TF,MN014,-3.157636,-60.032983,0, ,0.0,0.0,93.0,2.7,2,1079,0,0,0,0,0,0
TF,RW09,-3.148367,-59.995786,0, ,0.0,0.0,93.0,2.3,1,298,0,0,0,0,3,1
CA,0,93.0,2,1500,0,0,0,0,0,0
DF,MN007,-3.287100,-60.133247,2, ,0.0,0.0,2,4000,0,0,0,0,0,1
HM,MN007,-3.287100,-60.133247,2, ,0.0,0.0,3.0,04.3,2,4000,0,0,0,0,0,0,0

APPTR,R27,27,GELAG
IF,GELAG,-3.200689,-59.791114, ,0.0,0.0,2,5000,0,0,0,0,1,0
TF,MN016,-3.103175,-59.815258,0, ,0.0,0.0,0.0,0.0,2,2900,0,0,0,0,1,0

APPTR,R27,27,MN013
IF,MN013,-3.082947,-59.734419, ,0.0,0.0,2,4000,0,0,0,0,1,0
TF,MN016,-3.103175,-59.815258,0, ,0.0,0.0,0.0,0.0,2,2900,0,0,0,0,1,0

FINAL,R27,27,R,4
IF,MN016,-3.103175,-59.815258, ,0.0,0.0,2,2900,0,0,0,0,0,0
TF,ILMAT,-3.123394,-59.896100,0, ,0.0,0.0,273.0,5.0,2,1920,0,0,0,0,2,0
TF,MN374,-3.134267,-59.939747,0, ,0.0,0.0,273.0,2.7,2,1060,0,0,0,0,0,0
TF,RW27,-3.143925,-59.977956,0, ,0.0,0.0,273.0,2.4,1,301,0,0,0,0,3,1
VA,0,273.0,2,2000,0,0,0,0,0,0
DF,MN013,-3.082947,-59.734419,1, ,0.0,0.0,2,4000,0,0,0,0,0,1
HM,MN013,-3.082947,-59.734419,1, ,0.0,0.0,273.0,04.3,2,4000,0,0,0,0,0,0,0

