SID,BOLA1B,08,5
CF,BOLAR,0.082867,-51.022192,0,STM,75.8,272.9,77.0,3.0,0,0,0,0,0,0,0,1

SID,BOLA1B,TILTO,6
IF,BOLAR,0.082867,-51.022192, ,0.0,0.0,0,0,0,0,0,0,0,0
TF,TILTO,-0.470833,-50.240556,0, ,0.0,0.0,0.0,0.0,0,0,0,0,0,0,0,0

SID,BOLA1B,VUMBO,6
IF,BOLAR,0.082867,-51.022192, ,0.0,0.0,0,0,0,0,0,0,0,0
DF,VUMBO,-0.252444,-51.570944,1, ,0.0,0.0,0,0,0,0,0,0,0,0

SID,OMNI,08,1
VA,0,77.0,2,1000,0,0,0,0,0,0
VM,0,0,0,77.0,0,0,0,0,0,0,0,0

SID,OMNI,26,1
VA,0,257.0,2,1000,0,0,0,0,0,0
VM,0,0,0,257.0,0,0,0,0,0,0,0,0

SID,XONE1B,26,5
CF,XONET,0.009333,-51.136000,0,STM,75.7,264.7,257.0,4.0,0,0,0,0,0,0,0,1

SID,XONE1B,TILTO,6
IF,XONET,0.009333,-51.136000, ,0.0,0.0,0,0,0,0,0,0,0,0
TF,DIVRI,-0.144333,-50.840500,0, ,0.0,0.0,0.0,0.0,0,0,0,0,0,0,0,0
TF,TILTO,-0.470833,-50.240556,0, ,0.0,0.0,0.0,0.0,0,0,0,0,0,0,0,0

SID,XONE1B,VUMBO,6
IF,XONET,0.009333,-51.136000, ,0.0,0.0,0,0,0,0,0,0,0,0
TF,VUMBO,-0.252444,-51.570944,0, ,0.0,0.0,0.0,0.0,0,0,0,0,0,0,0,0

APPTR,D08,08,MCP
IF,MCP,0.052250,-51.073111, ,0.0,0.0,2,3000,0,0,0,0,1,0
FD,MCP,0.052250,-51.073111,0,MCP,0.0,8.0,282.0,8.0,2,1600,0,1,230,0,0,0
CF,CF08,-0.024603,-51.182136,1,MCP,255.0,8.0,75.0,1.0,2,1600,0,0,0,0,0,0

FINAL,D08,08,D,4
IF,CF08,-0.024603,-51.182136,MCP,255.0,8.0,2,1600,0,0,0,0,0,0
CF,PEQUI,0.002700,-51.145269,0,MCP,255.7,5.3,75.0,2.8,2,1590,0,0,0,0,2,0
CF,MQ009,0.025142,-51.112589,0,MCP,255.7,2.9,75.0,2.4,2,833,0,0,0,0,0,0
CF,MQ010,0.046847,-51.080978,0,MCP,255.7,0.6,75.0,2.3,1,102,0,0,0,0,3,0
CF,MCP,0.052250,-51.073111,0,MCP,0.0,0.0,75.0,0.6,0,0,0,0,0,0,0,1
CA,0,75.0,2,2000,0,0,0,0,0,0
DF,MCP,0.052250,-51.073111,2, ,0.0,0.0,2,3000,0,0,0,0,0,0
HM,MCP,0.052250,-51.073111,2, ,0.0,0.0,282.0,04.3,2,3000,0,0,0,0,0,0,0

APPTR,D26,26,MCP
IF,MCP,0.052250,-51.073111, ,0.0,0.0,2,3000,0,0,0,0,1,0
FD,MCP,0.052250,-51.073111,0,MCP,0.0,8.0,109.0,8.0,2,1700,0,1,230,0,0,0
CF,CF26,0.115156,-50.955592,1,MCP,82.0,8.0,262.0,1.0,2,1700,0,0,0,0,0,0

FINAL,D26,26,D,4
IF,CF26,0.115156,-50.955592,MCP,82.0,8.0,2,1700,0,0,0,0,0,0
CF,EPGOD,0.095697,-50.991147,0,MCP,82.2,5.6,262.0,2.4,2,1690,0,0,0,0,2,0
CF,MQ015,0.074628,-51.030894,0,MCP,82.2,2.9,262.0,2.7,2,830,0,0,0,0,0,0
CF,MQ002,0.056681,-51.064750,0,MCP,82.2,0.6,262.0,2.3,1,98,0,0,0,0,3,0
CF,MCP,0.052250,-51.073111,0,MCP,0.0,0.0,262.0,0.6,0,0,0,0,0,0,0,1
CA,0,262.0,2,2000,0,0,0,0,0,0
DF,MCP,0.052250,-51.073111,2, ,0.0,0.0,2,3000,0,0,0,0,0,0
HM,MCP,0.052250,-51.073111,2, ,0.0,0.0,109.0,04.3,2,3000,0,0,0,0,0,0,0

APPTR,R08,08,MQ374
IF,MQ374,-0.099167,-51.304167, ,0.0,0.0,2,3000,0,0,0,0,1,0
TF,MQ369,-0.044833,-51.220000,0, ,0.0,0.0,0.0,0.0,2,2000,0,0,0,0,1,0

APPTR,R08,08,MQ376
IF,MQ376,0.016000,-51.299333, ,0.0,0.0,2,3000,0,0,0,0,1,0
TF,MQ369,-0.044833,-51.220000,0, ,0.0,0.0,0.0,0.0,2,2000,0,0,0,0,1,0

APPTR,R08,08,MQ377
IF,MQ377,-0.142833,-51.198167, ,0.0,0.0,2,3000,0,0,0,0,1,0
TF,MQ369,-0.044833,-51.220000,0, ,0.0,0.0,0.0,0.0,2,2000,0,0,0,0,1,0

FINAL,R08,08,R,4
IF,MQ369,-0.044833,-51.220000, ,0.0,0.0,2,2000,0,0,0,0,0,0
TF,MQ368,0.000333,-51.150000,0, ,0.0,0.0,77.0,5.0,2,1690,0,0,0,0,2,0
TF,MQ367,0.024689,-51.112292,0, ,0.0,0.0,77.0,2.7,2,833,0,0,0,0,0,0
TF,RW08,0.045492,-51.080086,0, ,0.0,0.0,77.0,2.3,1,101,0,0,0,0,3,1
TF,MQ381,0.200333,-50.840000,0, ,0.0,0.0,0.0,0.0,2,3000,0,0,0,0,0,1
HM,MQ381,0.200333,-50.840000,1, ,0.0,0.0,77.0,04.3,2,3000,0,0,0,0,0,0,0

APPTR,R26,26,MQ378
IF,MQ378,0.085667,-50.844333, ,0.0,0.0,2,3000,0,0,0,0,1,0
TF,MQ362,0.146500,-50.923667,0, ,0.0,0.0,0.0,0.0,2,2000,0,0,0,0,1,0

APPTR,R26,26,MQ379
IF,MQ379,0.244500,-50.945500, ,0.0,0.0,2,3000,0,0,0,0,1,0
TF,MQ362,0.146500,-50.923667,0, ,0.0,0.0,0.0,0.0,2,2000,0,0,0,0,1,0

APPTR,R26,26,MQ381
IF,MQ381,0.200333,-50.840000, ,0.0,0.0,2,3000,0,0,0,0,1,0
TF,MQ362,0.146500,-50.923667,0, ,0.0,0.0,0.0,0.0,2,2000,0,0,0,0,1,0

FINAL,R26,26,R,4
IF,MQ362,0.146500,-50.923667, ,0.0,0.0,2,2000,0,0,0,0,0,0
TF,MQ361,0.101333,-50.993667,0, ,0.0,0.0,257.0,5.0,2,1710,0,0,0,0,2,0
TF,MQ007,0.076553,-51.032008,0, ,0.0,0.0,257.0,2.7,2,830,0,0,0,0,0,0
TF,RW26,0.055742,-51.064208,0, ,0.0,0.0,257.0,2.3,1,98,0,0,0,0,3,1
TF,MQ374,-0.099167,-51.304167,0, ,0.0,0.0,0.0,0.0,2,3000,0,1,230,0,0,1
HM,MQ374,-0.099167,-51.304167,2, ,0.0,0.0,77.0,04.3,2,3000,0,1,230,0,0,0,0

