SID,AERO1C,07,5
CF,RB014,-9.836500,-67.843167,0,RCO,68.4,4.4,68.0,3.0,0,0,0,0,0,0,0,1
TF,RB017,-9.631167,-68.109833,1, ,0.0,0.0,0.0,0.0,0,0,0,0,0,0,0,0
TF,AERON,-9.578000,-68.539333,0, ,0.0,0.0,0.0,0.0,0,0,0,0,0,0,0,0

SID,AERO1D,25,5
CF,RB018,-9.901500,-67.944667,0,RCO,247.8,2.8,248.0,3.0,0,0,0,0,0,0,0,1
TF,AERON,-9.578000,-68.539333,0, ,0.0,0.0,0.0,0.0,0,0,0,0,0,0,0,0

SID,AERO2A,07,2
DF,DER07,-9.863739,-67.885672,0, ,0.0,0.0,0,0,0,0,0,0,0,1
CA,0,66.0,2,1100,0,0,0,0,0,0
CI,1, ,0.0,215.0,0,0,0,0,0,0,0,0
CF,AERON,-9.578000,-68.539333,0,RCO,306.3,41.6,305.0,39.0,0,0,0,0,0,0,0,0

SID,AERO2B,25,2
DF,DER25,-9.874328,-67.902197,0, ,0.0,0.0,0,0,0,0,0,0,0,1
CA,0,246.0,2,1100,0,0,0,0,0,0
CI,0, ,0.0,335.0,0,0,0,1,250,0,0,0
CF,AERON,-9.578000,-68.539333,0,RCO,306.3,41.6,305.0,37.0,0,0,0,0,0,0,0,0

SID,BIGO1B,25,2
DF,DER25,-9.874328,-67.902197,0, ,0.0,0.0,0,0,0,0,0,0,0,1
CA,0,247.0,2,1500,0,1,230,0,0,0
DF,RCO,-9.875983,-67.905381,1, ,0.0,0.0,0,0,0,1,230,0,0,1
FD,RCO,-9.875983,-67.905381,2,RCO,0.0,12.0,86.0,12.0,0,0,0,1,230,0,0,0
CF,BIGOD,-9.677833,-67.213833,0,RCO,85.0,42.6,86.0,30.6,0,0,0,0,0,0,0,0

SID,BIGO1C,07,5
CF,RB014,-9.836500,-67.843167,0,RCO,68.4,4.4,68.0,3.0,0,0,0,0,0,0,0,1
TF,BIGOD,-9.677833,-67.213833,0, ,0.0,0.0,0.0,0.0,0,0,0,0,0,0,0,0

SID,BIGO1D,25,5
CF,RB018,-9.901500,-67.944667,0,RCO,247.8,2.8,248.0,3.0,0,0,0,0,0,0,0,1
TF,RB023,-10.104500,-67.675167,1, ,0.0,0.0,0.0,0.0,0,0,0,0,0,0,0,1
TF,BIGOD,-9.677833,-67.213833,0, ,0.0,0.0,0.0,0.0,0,0,0,0,0,0,0,0

SID,BIGO2A,07,2
DF,DER07,-9.863739,-67.885672,0, ,0.0,0.0,0,0,0,0,0,0,0,1
CA,0,68.0,2,1100,0,0,0,0,0,0
CF,BIGOD,-9.677833,-67.213833,0,RCO,85.0,42.6,86.0,40.0,0,0,0,0,0,0,0,0

SID,BUTK1B,25,2
DF,DER25,-9.874328,-67.902197,0, ,0.0,0.0,0,0,0,0,0,0,0,1
CA,0,247.0,2,1500,0,1,230,0,0,0
DF,RCO,-9.875983,-67.905381,2, ,0.0,0.0,0,0,0,1,230,0,0,1
FD,RCO,-9.875983,-67.905381,0,RCO,0.0,12.0,129.0,12.0,0,0,0,1,230,0,0,0
CF,BUTKA,-10.287056,-67.104669,0,RCO,128.5,53.4,129.0,42.0,0,0,0,0,0,0,0,0

SID,BUTK1C,07,5
CF,RB014,-9.836500,-67.843167,0,RCO,68.4,4.4,68.0,3.0,0,0,0,0,0,0,0,1
TF,BUTKA,-10.287056,-67.104669,0, ,0.0,0.0,0.0,0.0,0,0,0,0,0,0,0,0

SID,BUTK1D,25,5
CF,RB018,-9.901500,-67.944667,0,RCO,247.8,2.8,248.0,3.0,0,0,0,0,0,0,0,1
TF,RB023,-10.104500,-67.675167,1, ,0.0,0.0,0.0,0.0,0,0,0,0,0,0,0,1
TF,BUTKA,-10.287056,-67.104669,0, ,0.0,0.0,0.0,0.0,0,0,0,0,0,0,0,0

SID,BUTK2A,07,2
DF,DER07,-9.863739,-67.885672,0, ,0.0,0.0,0,0,0,0,0,0,0,1
CA,0,68.0,2,1100,0,0,0,0,0,0
VI,2, ,0.0,195.0,0,0,0,0,0,0,0,0
CF,BUTKA,-10.287056,-67.104669,0,RCO,128.5,53.4,129.0,49.0,0,0,0,0,0,0,0,0

SID,EGBA1C,07,5
CF,RB014,-9.836500,-67.843167,0,RCO,68.4,4.4,68.0,3.0,0,0,0,0,0,0,0,1
TF,EGBAK,-9.374500,-68.347500,1, ,0.0,0.0,0.0,0.0,0,0,0,0,0,0,0,0

SID,EGBA1D,25,5
CF,RB018,-9.901500,-67.944667,0,RCO,247.8,2.8,248.0,3.0,0,0,0,0,0,0,0,1
TF,EGBAK,-9.374500,-68.347500,0, ,0.0,0.0,0.0,0.0,0,0,0,0,0,0,0,0

SID,ESMA1A,07,2
DF,DER07,-9.863739,-67.885672,0, ,0.0,0.0,0,0,0,0,0,0,0,1
CA,0,68.0,2,1100,0,0,0,0,0,0
VI,2, ,0.0,156.0,0,0,0,0,0,0,0,0
CF,ESMAL,-10.144592,-66.911019,0,RCO,116.3,61.0,117.0,57.0,0,0,0,0,0,0,0,0

SID,ESMA1B,25,2
DF,DER25,-9.874328,-67.902197,0, ,0.0,0.0,0,0,0,0,0,0,0,1
CA,0,247.0,2,1500,0,1,230,0,0,0
DF,RCO,-9.875983,-67.905381,2, ,0.0,0.0,0,0,0,1,230,0,0,1
FD,RCO,-9.875983,-67.905381,0,RCO,0.0,12.0,117.0,12.0,0,0,0,1,230,0,0,0
CF,ESMAL,-10.144592,-66.911019,0,RCO,116.3,61.0,117.0,50.0,0,0,0,0,0,0,0,0

SID,FILH1B,25,2
DF,DER25,-9.874328,-67.902197,0, ,0.0,0.0,0,0,0,0,0,0,0,1
CA,0,247.0,2,1500,0,1,230,0,0,0
DF,RCO,-9.875983,-67.905381,2, ,0.0,0.0,0,0,0,1,230,0,0,1
FD,RCO,-9.875983,-67.905381,0,RCO,0.0,12.0,121.0,12.0,0,0,0,1,230,0,0,0
CF,FILHO,-10.195167,-66.977333,0,RCO,120.2,58.2,121.0,46.1,0,0,0,0,0,0,0,0

SID,FILH1C,07,5
CF,RB014,-9.836500,-67.843167,0,RCO,68.4,4.4,68.0,3.0,0,0,0,0,0,0,0,1
TF,FILHO,-10.195167,-66.977333,0, ,0.0,0.0,0.0,0.0,0,0,0,0,0,0,0,0

SID,FILH1D,25,5
CF,RB018,-9.901500,-67.944667,0,RCO,247.8,2.8,248.0,3.0,0,0,0,0,0,0,0,1
TF,RB023,-10.104500,-67.675167,1, ,0.0,0.0,0.0,0.0,0,0,0,0,0,0,0,1
TF,FILHO,-10.195167,-66.977333,0, ,0.0,0.0,0.0,0.0,0,0,0,0,0,0,0,0

SID,FILH2A,07,2
DF,DER07,-9.863739,-67.885672,0, ,0.0,0.0,0,0,0,0,0,0,0,1
CA,0,68.0,2,1100,0,0,0,0,0,0
VI,2, ,0.0,164.0,0,0,0,0,0,0,0,0
CF,FILHO,-10.195167,-66.977333,0,RCO,120.2,58.2,119.0,54.0,0,0,0,0,0,0,0,0

SID,JULI1C,07,5
CF,RB014,-9.836500,-67.843167,0,RCO,68.4,4.4,68.0,3.0,0,0,0,0,0,0,0,1
TF,JULIA,-9.210500,-68.136333,0, ,0.0,0.0,0.0,0.0,0,0,0,0,0,0,0,0

SID,JULI1D,25,5
CF,RB018,-9.901500,-67.944667,0,RCO,247.8,2.8,248.0,3.0,0,0,0,0,0,0,0,1
TF,RB021,-9.574167,-68.016000,2, ,0.0,0.0,0.0,0.0,0,0,0,0,0,0,0,0
TF,JULIA,-9.210500,-68.136333,0, ,0.0,0.0,0.0,0.0,0,0,0,0,0,0,0,0

SID,JULI2A,07,2
DF,DER07,-9.863739,-67.885672,0, ,0.0,0.0,0,0,0,0,0,0,0,1
CA,0,66.0,2,1100,0,0,0,0,0,0
CI,1, ,0.0,280.0,0,0,0,0,0,0,0,0
CF,JULIA,-9.210500,-68.136333,0,RCO,352.0,42.0,350.0,38.0,0,0,0,0,0,0,0,0

SID,JULI2B,25,2
DF,DER25,-9.874328,-67.902197,0, ,0.0,0.0,0,0,0,0,0,0,0,1
CA,0,246.0,2,1100,0,0,0,0,0,0
CI,2, ,0.0,43.0,0,0,0,1,250,0,0,0
CF,JULIA,-9.210500,-68.136333,0,RCO,352.0,42.0,350.0,37.0,0,0,0,0,0,0,0,0

SID,OMNI,07,1
DF,RW25,-9.863739,-67.885672,0, ,0.0,0.0,0,0,0,0,0,0,0,1
CA,0,68.0,2,1500,0,0,0,0,0,0
VM,0,0,0,68.0,0,0,0,0,0,0,0,0

SID,OMNI,25,1
DF,RW07,-9.874328,-67.902197,0, ,0.0,0.0,0,0,0,0,0,0,0,1
CA,0,248.0,2,1500,0,0,0,0,0,0
VM,0,0,0,248.0,0,0,0,0,0,0,0,0

SID,PADU1B,25,2
DF,DER25,-9.874328,-67.902197,0, ,0.0,0.0,0,0,0,0,0,0,0,1
CA,0,247.0,2,1500,0,1,230,0,0,0
VI,1, ,0.0,93.0,0,0,0,1,230,0,0,0
FD,RCO,-9.875983,-67.905381,0,RCO,0.0,12.0,160.0,12.0,0,0,0,1,230,0,0,0
CF,PADUP,-10.490669,-67.530308,0,RCO,159.9,42.9,160.0,30.0,0,0,0,0,0,0,0,0

SID,PADU1C,07,5
CF,RB014,-9.836500,-67.843167,0,RCO,68.4,4.4,68.0,3.0,0,0,0,0,0,0,0,1
TF,PADUP,-10.490669,-67.530308,2, ,0.0,0.0,0.0,0.0,0,0,0,0,0,0,0,0

SID,PADU1D,25,5
CF,RB018,-9.901500,-67.944667,0,RCO,247.8,2.8,248.0,3.0,0,0,0,0,0,0,0,1
TF,PADUP,-10.490669,-67.530308,1, ,0.0,0.0,0.0,0.0,0,0,0,0,0,0,0,0

SID,PADU2A,07,2
DF,DER07,-9.863739,-67.885672,0, ,0.0,0.0,0,0,0,0,0,0,0,1
CA,0,68.0,2,1100,0,0,0,0,0,0
VI,2, ,0.0,232.0,0,0,0,0,0,0,0,0
CF,PADUP,-10.490669,-67.530308,0,RCO,159.9,42.9,160.0,38.0,0,0,0,0,0,0,0,0

SID,PUNP1A,07,2
DF,DER07,-9.863739,-67.885672,0, ,0.0,0.0,0,0,0,0,0,0,0,1
CA,0,68.0,2,1100,0,0,0,0,0,0
CF,PUNPA,-9.418167,-67.353667,0,RCO,61.1,42.6,62.0,41.0,0,0,0,0,0,0,0,0

SID,PUNP1B,25,2
DF,DER25,-9.874328,-67.902197,0, ,0.0,0.0,0,0,0,0,0,0,0,1
CA,0,247.0,2,1500,0,1,230,0,0,0
DF,RCO,-9.875983,-67.905381,1, ,0.0,0.0,0,0,0,1,230,0,0,1
FD,RCO,-9.875983,-67.905381,2,RCO,0.0,12.0,62.0,12.0,0,0,0,1,230,0,0,0
CF,PUNPA,-9.418167,-67.353667,0,RCO,61.1,42.6,62.0,31.0,0,0,0,0,0,0,0,0

SID,PUNP1C,07,5
CF,RB014,-9.836500,-67.843167,0,RCO,68.4,4.4,68.0,3.0,0,0,0,0,0,0,0,1
TF,PUNPA,-9.418167,-67.353667,0, ,0.0,0.0,0.0,0.0,0,0,0,0,0,0,0,0

APPTR,D07-Y,07,OPNOT
IF,OPNOT,-9.804389,-68.058006, ,0.0,0.0,2,3000,0,0,0,0,1,0
AF,RB024,-9.967753,-68.046633,1,RCO,247.8,10.0,306.0,2,2800,0,0,0,0,0,0
CF,VURIP,-9.944228,-68.010408,0,RCO,247.8,7.4,68.0,2.6,2,2800,0,0,0,0,0,0

APPTR,D07-Y,07,SINED
IF,SINED,-10.019300,-67.818050, ,0.0,0.0,2,3000,0,0,0,0,1,0
AF,RB024,-9.967753,-68.046633,2,RCO,247.8,10.0,160.0,2,2800,0,0,0,0,0,0
CF,VURIP,-9.944228,-68.010408,0,RCO,247.8,7.4,68.0,2.6,2,2800,0,0,0,0,0,0

FINAL,D07-Y,07,D,4
IF,VURIP,-9.944228,-68.010408,RCO,247.8,7.4,2,2800,0,0,0,0,0,0
CF,BIVEL,-9.911850,-67.960711,0,RCO,247.8,3.9,68.0,3.5,2,2000,0,0,0,0,2,0
CF,RB015,-9.895319,-67.935294,0,RCO,247.9,2.1,68.0,1.8,2,1424,0,0,0,0,0,0
CF,RCO,-9.875983,-67.905381,0,RCO,0.0,0.0,68.0,2.1,1,754,0,0,0,0,3,0
CA,0,67.0,2,3000,0,0,0,0,0,0
DF,RCO,-9.875983,-67.905381,2, ,0.0,0.0,2,4000,0,0,0,0,0,0
CF,VURIP,-9.944228,-68.010408,0,RCO,247.8,7.4,248.0,7.4,2,4000,0,0,0,0,0,0
HM,VURIP,-9.944228,-68.010408,2, ,0.0,0.0,68.0,04.3,2,4000,0,0,0,0,0,0,0

APPTR,D25-Z,25,AKNOD
IF,AKNOD,-9.766614,-67.777547, ,0.0,0.0,2,3000,0,0,0,0,1,0
AF,DUBVO,-9.785694,-67.763197,2,RCO,68.4,10.0,60.0,2,3000,0,0,0,0,0,0

APPTR,D25-Z,25,EDRUP
IF,EDRUP,-9.709528,-67.887092, ,0.0,0.0,2,3000,0,0,0,0,1,0
AF,AKNOD,-9.766614,-67.777547,2,RCO,60.2,10.0,17.0,2,3000,0,0,0,0,0,0
AF,DUBVO,-9.785694,-67.763197,2,RCO,68.4,10.0,60.0,2,3000,0,0,0,0,0,0

APPTR,D25-Z,25,EVPEX
IF,EVPEX,-9.717686,-67.960408, ,0.0,0.0,2,3000,0,0,0,0,1,0
AF,EDRUP,-9.709528,-67.887092,2,RCO,17.2,10.0,352.0,2,3000,0,0,0,0,0,0
AF,AKNOD,-9.766614,-67.777547,2,RCO,60.2,10.0,17.0,2,3000,0,0,0,0,0,0
AF,DUBVO,-9.785694,-67.763197,2,RCO,68.4,10.0,60.0,2,3000,0,0,0,0,0,0

APPTR,D25-Z,25,MAPGI
IF,MAPGI,-9.829653,-67.743131, ,0.0,0.0,2,3000,0,0,0,0,1,0
AF,DUBVO,-9.785694,-67.763197,1,RCO,68.4,10.0,85.0,2,3000,0,0,0,0,0,0

APPTR,D25-Z,25,OPNOT
IF,OPNOT,-9.804389,-68.058006, ,0.0,0.0,2,3000,0,0,0,0,1,0
AF,EVPEX,-9.717686,-67.960408,2,RCO,352.0,10.0,306.0,2,3000,0,0,0,0,0,0
AF,EDRUP,-9.709528,-67.887092,2,RCO,17.2,10.0,352.0,2,3000,0,0,0,0,0,0
AF,AKNOD,-9.766614,-67.777547,2,RCO,60.2,10.0,17.0,2,3000,0,0,0,0,0,0
AF,DUBVO,-9.785694,-67.763197,2,RCO,68.4,10.0,60.0,2,3000,0,0,0,0,0,0

APPTR,D25-Z,25,SINED
IF,SINED,-10.019300,-67.818050, ,0.0,0.0,2,3000,0,0,0,0,1,0
AF,MAPGI,-9.829653,-67.743131,1,RCO,85.0,10.0,160.0,2,3000,0,0,0,0,0,0
AF,DUBVO,-9.785694,-67.763197,1,RCO,68.4,10.0,85.0,2,3000,0,0,0,0,0,0

APPTR,D25-Z,25,TOPOK
IF,TOPOK,-10.067933,-67.851517, ,0.0,0.0,2,3000,0,0,0,0,0,0
CI,0, ,0.0,356.0,0,0,0,0,0,0,0,0
AF,SINED,-10.019300,-67.818050,1,RCO,159.9,10.0,176.0,2,3000,0,0,0,0,0,0
AF,MAPGI,-9.829653,-67.743131,1,RCO,85.0,10.0,160.0,2,3000,0,0,0,0,0,0
AF,DUBVO,-9.785694,-67.763197,1,RCO,68.4,10.0,85.0,2,3000,0,0,0,0,0,0

FINAL,D25-Z,25,D,4
IF,DUBVO,-9.785694,-67.763197,RCO,68.4,10.0,2,3000,0,0,0,0,0,0
CF,GEVMU,-9.836467,-67.843122,0,RCO,68.4,4.4,249.0,5.6,2,1610,0,0,0,0,2,0
CF,RB025,-9.842786,-67.853078,0,RCO,68.4,3.7,249.0,0.7,2,1380,0,0,0,0,0,0
CF,RB026,-9.863547,-67.885783,0,RCO,68.4,1.4,249.0,2.3,1,648,0,0,0,0,3,0
CA,0,249.0,2,1040,0,0,0,0,0,0
CF,TOPOK,-10.067933,-67.851517,0,RCO,175.5,11.9,176.0,11.9,2,3000,0,0,0,0,0,0
HM,TOPOK,-10.067933,-67.851517,1, ,0.0,0.0,356.0,04.3,2,3000,0,0,0,0,0,0,0

APPTR,I07-V,07,RB001
IF,RB001,-9.904500,-68.124833, ,0.0,0.0,2,3000,0,0,0,0,1,0
TF,RB004,-9.965167,-68.044000,0,IRB,0.0,0.0,0.0,0.0,2,3000,0,0,0,0,1,0

APPTR,I07-V,07,RB002
IF,RB002,-10.019667,-68.129167, ,0.0,0.0,2,3000,0,0,0,0,1,0
TF,RB004,-9.965167,-68.044000,0,IRB,0.0,0.0,0.0,0.0,2,3000,0,0,0,0,1,0

APPTR,I07-V,07,RB003
IF,RB003,-10.063167,-68.021500, ,0.0,0.0,2,3000,0,0,0,0,1,0
TF,RB004,-9.965167,-68.044000,0,IRB,0.0,0.0,0.0,0.0,2,3000,0,0,0,0,1,0

FINAL,I07-V,07,I,3
IF,RB004,-9.965167,-68.044000,IRB,248.1,11.4,2,3000,0,0,0,0,0,0
CF,RB006,-9.919833,-67.973167,0,IRB,248.1,6.5,68.0,5.0,1,2280,0,0,0,0,2,0
CF,RW07,-9.874328,-67.902197,0,IRB,248.1,1.5,68.0,5.0,1,686,0,0,0,0,3,0
CF,RB007,-9.772833,-67.743833,0,RCO,68.2,11.4,68.0,11.2,2,3000,0,0,0,0,0,1
HM,RB007,-9.772833,-67.743833,2, ,0.0,0.0,247.0,04.3,2,3000,0,0,0,0,0,0,0

APPTR,I07-Y,07,OPNOT
IF,OPNOT,-9.804389,-68.058006, ,0.0,0.0,2,3000,0,0,0,0,1,0
AF,RB024,-9.967753,-68.046633,1,RCO,247.8,10.0,305.0,2,2800,0,0,0,0,0,0
CF,VURIP,-9.944228,-68.010408,0,IRB,247.9,9.1,68.0,2.6,2,2800,0,0,0,0,0,0

APPTR,I07-Y,07,SINED
IF,SINED,-10.019300,-67.818050, ,0.0,0.0,2,3000,0,0,0,0,1,0
AF,RB024,-9.967753,-68.046633,2,RCO,247.8,10.0,159.0,2,2800,0,0,0,0,0,0
CF,VURIP,-9.944228,-68.010408,0,IRB,247.9,9.1,68.0,2.6,2,2800,0,0,0,0,0,0

FINAL,I07-Y,07,I,3
IF,VURIP,-9.944228,-68.010408,IRB,247.9,9.1,2,2800,0,0,0,0,0,0
CF,BIVEL,-9.911850,-67.960711,0,IRB,248.1,5.6,68.0,3.5,1,2000,0,0,0,0,2,0
CF,RW07,-9.874328,-67.902197,0,IRB,248.1,1.5,68.0,4.1,1,686,0,0,0,0,3,0
CA,0,68.0,2,3000,0,0,0,0,0,0
DF,RCO,-9.875983,-67.905381,2, ,0.0,0.0,2,4000,0,0,0,0,0,0
CF,VURIP,-9.944228,-68.010408,0,RCO,247.8,7.4,248.0,7.4,2,4000,0,0,0,0,0,0
HM,VURIP,-9.944228,-68.010408,2, ,0.0,0.0,68.0,04.3,2,4000,0,0,0,0,0,0,0

APPTR,L07-Y,07,OPNOT
IF,OPNOT,-9.804389,-68.058006, ,0.0,0.0,2,3000,0,0,0,0,1,0
AF,RB024,-9.967753,-68.046633,1,RCO,247.8,10.0,305.0,2,2800,0,0,0,0,0,0
CF,VURIP,-9.944228,-68.010408,0,IRB,247.9,9.1,68.0,2.6,2,2800,0,0,0,0,0,0

APPTR,L07-Y,07,SINED
IF,SINED,-10.019300,-67.818050, ,0.0,0.0,2,3000,0,0,0,0,1,0
AF,RB024,-9.967753,-68.046633,2,RCO,247.8,10.0,159.0,2,2800,0,0,0,0,0,0
CF,VURIP,-9.944228,-68.010408,0,IRB,247.9,9.1,68.0,2.6,2,2800,0,0,0,0,0,0

FINAL,L07-Y,07,D,4
IF,VURIP,-9.944228,-68.010408,IRB,247.9,9.1,2,2800,0,0,0,0,0,0
CF,BIVEL,-9.911850,-67.960711,0,IRB,248.1,5.6,68.0,3.5,2,2000,0,0,0,0,2,0
CF,RB027,-9.903422,-67.947567,0,IRB,248.1,4.7,68.0,0.9,2,1705,0,0,0,0,0,0
CF,RW07,-9.874328,-67.902197,0,IRB,248.1,1.5,68.0,3.2,1,686,0,0,0,0,3,0
CA,0,68.0,2,3000,0,0,0,0,0,0
DF,RCO,-9.875983,-67.905381,2, ,0.0,0.0,2,4000,0,0,0,0,0,0
CF,VURIP,-9.944228,-68.010408,0,RCO,247.8,7.4,248.0,7.4,2,4000,0,0,0,0,0,0
HM,VURIP,-9.944228,-68.010408,2, ,0.0,0.0,68.0,04.3,2,4000,0,0,0,0,0,0,0

APPTR,R07,07,RB001
IF,RB001,-9.904500,-68.124833, ,0.0,0.0,2,3000,0,0,0,0,1,0
TF,RB004,-9.965167,-68.044000,0, ,0.0,0.0,0.0,0.0,2,3000,0,0,0,0,1,0

APPTR,R07,07,RB002
IF,RB002,-10.019667,-68.129167, ,0.0,0.0,2,3000,0,0,0,0,1,0
TF,RB004,-9.965167,-68.044000,0, ,0.0,0.0,0.0,0.0,2,3000,0,0,0,0,1,0

APPTR,R07,07,RB003
IF,RB003,-10.063167,-68.021500, ,0.0,0.0,2,3000,0,0,0,0,1,0
TF,RB004,-9.965167,-68.044000,0, ,0.0,0.0,0.0,0.0,2,3000,0,0,0,0,1,0

FINAL,R07,07,R,4
IF,RB004,-9.965167,-68.044000, ,0.0,0.0,2,3000,0,0,0,0,0,0
TF,RB006,-9.919833,-67.973167,0, ,0.0,0.0,68.0,5.0,2,2280,0,0,0,0,2,0
TF,RB005,-9.895286,-67.934878,0, ,0.0,0.0,68.0,2.7,2,1417,0,0,0,0,0,0
TF,RW07,-9.874328,-67.902197,0, ,0.0,0.0,68.0,2.3,1,683,0,0,0,0,3,1
CF,RB007,-9.772833,-67.743833,0,RCO,68.2,11.4,68.0,11.2,2,3000,0,0,0,0,0,1
HM,RB007,-9.772833,-67.743833,2, ,0.0,0.0,248.0,04.3,2,3000,0,0,0,0,0,0,0

APPTR,R25,25,RB008
IF,RB008,-9.833333,-67.663167, ,0.0,0.0,2,3000,0,0,0,0,1,0
TF,RB007,-9.772833,-67.743833,0, ,0.0,0.0,0.0,0.0,2,3000,0,0,0,0,1,0

APPTR,R25,25,RB009
IF,RB009,-9.718167,-67.658833, ,0.0,0.0,2,3000,0,0,0,0,1,0
TF,RB007,-9.772833,-67.743833,0, ,0.0,0.0,0.0,0.0,2,3000,0,0,0,0,1,0

APPTR,R25,25,RB011
IF,RB011,-9.674833,-67.766500, ,0.0,0.0,2,3000,0,0,0,0,1,0
TF,RB007,-9.772833,-67.743833,0, ,0.0,0.0,0.0,0.0,2,3000,0,0,0,0,1,0

FINAL,R25,25,R,4
IF,RB007,-9.772833,-67.743833, ,0.0,0.0,2,3000,0,0,0,0,0,0
TF,RB013,-9.818333,-67.814833,0, ,0.0,0.0,248.0,5.0,2,2240,0,0,0,0,2,0
TF,RB035,-9.842875,-67.853117,0, ,0.0,0.0,248.0,2.7,2,1378,0,0,0,0,0,0
TF,RW25,-9.863739,-67.885672,0, ,0.0,0.0,248.0,2.3,1,648,0,0,0,0,3,1
CF,RB004,-9.965167,-68.044000,0,RCO,248.0,9.8,248.0,11.2,2,3000,0,0,0,0,0,1
HM,RB004,-9.965167,-68.044000,2, ,0.0,0.0,68.0,04.3,2,3000,0,0,0,0,0,0,0

