SID,EGBA2A,18,4
CA,0,185.0,2,4000,0,0,0,0,0,0
VI,1, ,0.0,63.0,0,0,0,0,0,0,0,0
CF,EGBAL,-20.876000,-46.889167,0,TAU,351.0,150.2,93.0,41.0,0,0,0,0,0,0,0,0

SID,EGBA2A,36,4
CA,0,5.0,2,4000,0,0,0,0,0,0
VI,2, ,0.0,123.0,0,0,0,0,0,0,0,0
CF,EGBAL,-20.876000,-46.889167,0,TAU,351.0,150.2,93.0,39.0,0,0,0,0,0,0,0,0

SID,ESMI1C,18,5
CA,0,185.0,2,4000,0,0,0,0,0,0
DF,REPAX,-21.516264,-48.225431,0, ,0.0,0.0,0,0,0,0,0,0,0,0
TF,ESMIV,-21.813000,-48.139500,0, ,0.0,0.0,0.0,0.0,0,0,0,0,0,0,0,0

SID,ESMI1D,36,5
CA,0,5.0,2,4000,0,0,0,0,0,0
DF,REPAX,-21.516264,-48.225431,1, ,0.0,0.0,0,0,0,0,0,0,0,0
TF,ESMIV,-21.813000,-48.139500,0, ,0.0,0.0,0.0,0.0,0,0,0,0,0,0,0,0

SID,EVTO2A,18,4
CA,0,185.0,2,4000,0,0,0,0,0,0
VI,0, ,0.0,102.0,0,0,0,0,0,0,0,0
CF,EVTOB,-21.504156,-46.795072,0,TAU,343.8,116.1,132.0,50.0,0,0,0,0,0,0,0,0

SID,EVTO2A,36,4
CA,0,5.0,2,4000,0,0,0,0,0,0
VI,2, ,0.0,162.0,0,0,0,0,0,0,0,0
CF,EVTOB,-21.504156,-46.795072,0,TAU,343.8,116.1,132.0,47.0,0,0,0,0,0,0,0,0

SID,HAST1C,18,5
CA,0,185.0,2,4000,0,0,0,0,0,0
DF,HASTE,-21.107167,-48.343333,2, ,0.0,0.0,0,0,0,0,0,0,0,0

SID,HAST1D,36,5
CA,0,5.0,2,4000,0,0,0,0,0,0
DF,HASTE,-21.107167,-48.343333,0, ,0.0,0.0,0,0,0,0,0,0,0,0

SID,ISUV1A,18,4
CA,0,185.0,2,4000,0,0,0,0,0,0
DF,ISUVU,-21.146333,-47.553667,1, ,0.0,0.0,2,5000,0,0,0,0,0,0

SID,ISUV1A,EVNUG,6
IF,ISUVU,-21.146333,-47.553667, ,0.0,0.0,2,5000,0,0,0,0,0,0
TF,EVNUG,-21.155833,-46.847500,0, ,0.0,0.0,0.0,0.0,0,0,0,0,0,0,0,0

SID,ISUV1A,IVSUT,6
IF,ISUVU,-21.146333,-47.553667, ,0.0,0.0,2,5000,0,0,0,0,0,0
TF,IVSUT,-20.704000,-46.337833,0, ,0.0,0.0,0.0,0.0,0,0,0,0,0,0,0,0

SID,ISUV1A,URB,6
IF,ISUVU,-21.146333,-47.553667, ,0.0,0.0,2,5000,0,0,0,0,0,0
TF,URB,-19.765500,-47.959167,0, ,0.0,0.0,0.0,0.0,0,0,0,0,0,0,0,0

SID,KEXI2A,18,4
CA,0,185.0,2,4000,0,0,0,0,0,0
VI,1, ,0.0,24.0,0,0,0,0,0,0,0,0
CF,KEXIT,-20.583617,-47.382581,0,TAU,346.2,180.0,54.0,30.0,0,0,0,0,0,0,0,0

SID,KEXI2A,36,4
CA,0,5.0,2,4000,0,0,0,0,0,0
VI,0, ,0.0,84.0,0,0,0,0,0,0,0,0
CF,KEXIT,-20.583617,-47.382581,0,TAU,346.2,180.0,54.0,29.0,0,0,0,0,0,0,0,0

SID,NILP2A,18,4
CA,0,185.0,2,4000,0,0,0,0,0,0
VI,0, ,0.0,124.0,0,0,0,0,0,0,0,0
CF,NILPI,-22.078333,-46.710667,0,TAU,332.5,87.8,154.0,75.0,0,0,0,0,0,0,0,0

SID,NILP2A,36,4
CA,0,5.0,2,4000,0,0,0,0,0,0
VI,2, ,0.0,184.0,0,0,0,0,0,0,0,0
CF,NILPI,-22.078333,-46.710667,0,TAU,332.5,87.8,154.0,73.0,0,0,0,0,0,0,0,0

SID,NILS1C,18,5
CA,0,185.0,2,4000,0,0,0,0,0,0
DF,NILSU,-20.910000,-48.935167,2, ,0.0,0.0,0,0,0,0,0,0,0,0

SID,NILS1D,36,5
CA,0,5.0,2,4000,0,0,0,0,0,0
DF,NILSU,-20.910000,-48.935167,0, ,0.0,0.0,0,0,0,0,0,0,0,0

SID,OMNI,18,1
CA,0,185.0,2,4000,0,0,0,0,0,0
VM,0,0,0,185.0,0,0,0,0,0,0,0,0

SID,OMNI,36,1
CA,0,5.0,2,4000,0,0,0,0,0,0
VM,0,0,0,5.0,0,0,0,0,0,0,0,0

SID,OPRU2A,18,4
CA,0,185.0,2,4000,0,0,0,0,0,0
VI,0, ,0.0,115.0,0,0,0,0,0,0,0,0
CF,OPRUT,-22.034833,-46.355833,0,TAU,343.8,76.0,145.0,87.0,0,0,0,0,0,0,0,0

SID,OPRU2A,36,4
CA,0,5.0,2,4000,0,0,0,0,0,0
VI,2, ,0.0,175.0,0,0,0,0,0,0,0,0
CF,OPRUT,-22.034833,-46.355833,0,TAU,343.8,76.0,145.0,86.0,0,0,0,0,0,0,0,0

SID,PIR1C,18,5
CA,0,185.0,2,4000,0,0,0,0,0,0
DF,PIR,-21.984561,-47.344503,0, ,0.0,0.0,0,0,0,0,0,0,0,0

SID,PIR1D,36,5
CA,0,5.0,2,4000,0,0,0,0,0,0
DF,RP013,-21.099183,-47.653094,2, ,0.0,0.0,0,0,0,0,0,0,0,1
TF,PIR,-21.984561,-47.344503,0, ,0.0,0.0,0.0,0.0,0,0,0,0,0,0,0,0

SID,REPA1C,18,5
CA,0,185.0,2,4000,0,0,0,0,0,0
DF,REPAX,-21.516264,-48.225431,0, ,0.0,0.0,0,0,0,0,0,0,0,0

SID,REPA1D,36,5
CA,0,5.0,2,4000,0,0,0,0,0,0
DF,REPAX,-21.516264,-48.225431,1, ,0.0,0.0,0,0,0,0,0,0,0,0

SID,UBTA1C,18,5
CA,0,185.0,2,4000,0,0,0,0,0,0
DF,RP013,-21.099183,-47.653094,1, ,0.0,0.0,0,0,0,0,0,0,0,1
TF,UBTAT,-20.543667,-47.856000,0, ,0.0,0.0,0.0,0.0,0,0,0,0,0,0,0,0

SID,UBTA1D,36,5
CA,0,5.0,2,4000,0,0,0,0,0,0
DF,UBTAT,-20.543667,-47.856000,0, ,0.0,0.0,0,0,0,0,0,0,0,0

SID,VUME1A,18,4
CA,0,185.0,2,4000,0,0,0,0,0,0
DF,VUMEL,-21.248500,-47.487333,0, ,0.0,0.0,2,5000,0,0,0,0,0,0

SID,VUME1A,EVTOB,6
IF,VUMEL,-21.248500,-47.487333, ,0.0,0.0,2,5000,0,0,0,0,0,0
TF,NIMPU,-21.329983,-47.270856,0, ,0.0,0.0,0.0,0.0,0,0,0,0,0,0,0,0
TF,EVTOB,-21.504156,-46.795072,0, ,0.0,0.0,0.0,0.0,0,0,0,0,0,0,0,0

SID,VUME1A,NIMPU,6
IF,VUMEL,-21.248500,-47.487333, ,0.0,0.0,2,5000,0,0,0,0,0,0
TF,NIMPU,-21.329983,-47.270856,0, ,0.0,0.0,0.0,0.0,0,0,0,0,0,0,0,0

SID,VUPO1C,18,5
CA,0,185.0,2,4000,0,0,0,0,0,0
DF,VUPOG,-20.742314,-48.833067,2, ,0.0,0.0,0,0,0,0,0,0,0,0

SID,VUPO1D,36,5
CA,0,5.0,2,4000,0,0,0,0,0,0
DF,VUPOG,-20.742314,-48.833067,0, ,0.0,0.0,0,0,0,0,0,0,0,0

SID,ZANE2A,18,4
CA,0,185.0,2,4000,0,0,0,0,0,0
VI,1, ,0.0,82.0,0,0,0,0,0,0,0,0
CF,ZANET,-21.155000,-46.975333,0,TAU,345.8,138.9,112.0,33.0,0,0,0,0,0,0,0,0

SID,ZANE2A,36,4
CA,0,5.0,2,4000,0,0,0,0,0,0
VI,2, ,0.0,142.0,0,0,0,0,0,0,0,0
CF,ZANET,-21.155000,-46.975333,0,TAU,345.8,138.9,112.0,32.0,0,0,0,0,0,0,0,0

APPTR,R18,18,RP001
IF,RP001,-20.937667,-47.725333, ,0.0,0.0,2,5000,0,0,0,0,1,0
TF,RP004,-20.966667,-47.827667,0, ,0.0,0.0,0.0,0.0,2,3800,0,0,0,0,1,0

APPTR,R18,18,RP002
IF,RP002,-20.886500,-47.853167, ,0.0,0.0,2,5000,0,0,0,0,1,0
TF,RP004,-20.966667,-47.827667,0, ,0.0,0.0,0.0,0.0,2,3800,0,0,0,0,1,0

APPTR,R18,18,RP003
IF,RP003,-20.995333,-47.930000, ,0.0,0.0,2,5000,0,0,0,0,1,0
TF,RP004,-20.966667,-47.827667,0, ,0.0,0.0,0.0,0.0,2,3800,0,0,0,0,1,0

FINAL,R18,18,R,3
IF,RP004,-20.966667,-47.827667, ,0.0,0.0,2,3800,0,0,0,0,0,0
TF,RP006,-21.046667,-47.802000,0, ,0.0,0.0,185.0,5.0,2,3450,0,0,0,0,2,0
TF,RW18,-21.126803,-47.776436,0, ,0.0,0.0,185.0,5.0,1,1849,0,0,0,0,3,1
TF,RP007,-21.382667,-47.694333,0, ,0.0,0.0,0.0,0.0,2,5000,0,0,0,0,0,1
HM,RP007,-21.382667,-47.694333,1, ,0.0,0.0,5.0,04.3,2,5000,0,0,0,0,0,0,0

APPTR,R36,36,RP007
IF,RP007,-21.382667,-47.694333, ,0.0,0.0,2,5000,0,0,0,0,1,0
TF,RP011,-21.302500,-47.720167,0, ,0.0,0.0,0.0,0.0,2,3900,0,0,0,0,1,0

APPTR,R36,36,RP008
IF,RP008,-21.273667,-47.617500, ,0.0,0.0,2,5000,0,0,0,0,1,0
TF,RP011,-21.302500,-47.720167,0, ,0.0,0.0,0.0,0.0,2,3900,0,0,0,0,1,0

APPTR,R36,36,RP009
IF,RP009,-21.331333,-47.822667, ,0.0,0.0,2,5000,0,0,0,0,1,0
TF,RP011,-21.302500,-47.720167,0, ,0.0,0.0,0.0,0.0,2,3900,0,0,0,0,1,0

FINAL,R36,36,R,4
IF,RP011,-21.302500,-47.720167, ,0.0,0.0,2,3900,0,0,0,0,0,0
TF,RP012,-21.222500,-47.745833,0, ,0.0,0.0,5.0,5.0,2,3450,0,0,0,0,2,0
TF,RPR16,-21.182444,-47.758647,0, ,0.0,0.0,5.0,2.5,2,2652,0,0,0,0,0,0
TF,RW36,-21.142356,-47.771456,0, ,0.0,0.0,5.0,2.5,1,1855,0,0,0,0,3,1
TF,RP002,-20.886500,-47.853167,0, ,0.0,0.0,0.0,0.0,2,5000,0,0,0,0,0,1
HM,RP002,-20.886500,-47.853167,2, ,0.0,0.0,185.0,04.3,2,5000,0,0,0,0,0,0,0

