SID,BAIA3A,17L,5
CA,0,169.0,2,3400,0,0,0,0,0,0
DF,SP102,-23.720839,-46.492728,0, ,0.0,0.0,0,0,0,0,0,0,0,0
TF,BAIAN,-23.668872,-46.128417,0, ,0.0,0.0,0.0,0.0,0,0,0,0,0,0,0,0

SID,BAIA3A,17R,5
CA,0,169.0,2,3400,0,0,0,0,0,0
DF,SP102,-23.720839,-46.492728,0, ,0.0,0.0,0,0,0,0,0,0,0,0
TF,BAIAN,-23.668872,-46.128417,0, ,0.0,0.0,0.0,0.0,0,0,0,0,0,0,0,0

SID,BAIA3A,NIBRU,6
IF,BAIAN,-23.668872,-46.128417, ,0.0,0.0,0,0,0,0,0,0,0,0
TF,NIBRU,-23.573069,-45.468961,0, ,0.0,0.0,0.0,0.0,0,0,0,0,0,0,0,0

SID,BAIA3A,NUXEL,6
IF,BAIAN,-23.668872,-46.128417, ,0.0,0.0,0,0,0,0,0,0,0,0
TF,SP103,-23.541392,-46.057536,0, ,0.0,0.0,0.0,0.0,2,14000,0,0,0,0,0,0
TF,ISOXO,-23.431175,-45.996367,0, ,0.0,0.0,0.0,0.0,2,17000,0,0,0,0,0,0
TF,ORIMU,-23.263917,-45.990503,0, ,0.0,0.0,0.0,0.0,3,22000,0,0,0,0,0,0
TF,VUMEV,-22.886833,-45.977333,0, ,0.0,0.0,0.0,0.0,0,0,0,0,0,0,0,0
TF,NUXEL,-22.283086,-45.821908,0, ,0.0,0.0,0.0,0.0,0,0,0,0,0,0,0,0

SID,BAIA3A,UREMI,6
IF,BAIAN,-23.668872,-46.128417, ,0.0,0.0,0,0,0,0,0,0,0,0
TF,UREMI,-23.389156,-45.512986,0, ,0.0,0.0,0.0,0.0,0,0,0,0,0,0,0,0

SID,BAIA3A,VUMEV,6
IF,BAIAN,-23.668872,-46.128417, ,0.0,0.0,0,0,0,0,0,0,0,0
TF,SP103,-23.541392,-46.057536,0, ,0.0,0.0,0.0,0.0,2,14000,0,0,0,0,0,0
TF,ISOXO,-23.431175,-45.996367,0, ,0.0,0.0,0.0,0.0,2,17000,0,0,0,0,0,0
TF,ORIMU,-23.263917,-45.990503,0, ,0.0,0.0,0.0,0.0,3,22000,0,0,0,0,0,0
TF,VUMEV,-22.886833,-45.977333,0, ,0.0,0.0,0.0,0.0,0,0,0,0,0,0,0,0

SID,BAIA3B,35L,5
VA,0,349.0,2,3500,0,0,0,0,0,0
DF,SP107,-23.600008,-46.610056,2, ,0.0,0.0,0,0,0,1,210,0,0,0
TF,VUNVU,-23.613219,-46.556364,0, ,0.0,0.0,0.0,0.0,3,5500,0,0,0,0,0,0
TF,SP108,-23.714639,-46.448992,0, ,0.0,0.0,0.0,0.0,0,0,0,0,0,0,0,0
TF,BAIAN,-23.668872,-46.128417,0, ,0.0,0.0,0.0,0.0,0,0,0,0,0,0,0,0

SID,BAIA3B,35R,5
VA,0,349.0,2,3500,0,0,0,0,0,0
DF,SP107,-23.600008,-46.610056,2, ,0.0,0.0,0,0,0,1,210,0,0,0
TF,VUNVU,-23.613219,-46.556364,0, ,0.0,0.0,0.0,0.0,3,5500,0,0,0,0,0,0
TF,SP108,-23.714639,-46.448992,0, ,0.0,0.0,0.0,0.0,0,0,0,0,0,0,0,0
TF,BAIAN,-23.668872,-46.128417,0, ,0.0,0.0,0.0,0.0,0,0,0,0,0,0,0,0

SID,BAIA3B,NIBRU,6
IF,BAIAN,-23.668872,-46.128417, ,0.0,0.0,0,0,0,0,0,0,0,0
TF,NIBRU,-23.573069,-45.468961,0, ,0.0,0.0,0.0,0.0,0,0,0,0,0,0,0,0

SID,BAIA3B,NUXEL,6
IF,BAIAN,-23.668872,-46.128417, ,0.0,0.0,0,0,0,0,0,0,0,0
TF,SP103,-23.541392,-46.057536,0, ,0.0,0.0,0.0,0.0,2,14000,0,0,0,0,0,0
TF,ISOXO,-23.431175,-45.996367,0, ,0.0,0.0,0.0,0.0,2,17000,0,0,0,0,0,0
TF,ORIMU,-23.263917,-45.990503,0, ,0.0,0.0,0.0,0.0,3,22000,0,0,0,0,0,0
TF,VUMEV,-22.886833,-45.977333,0, ,0.0,0.0,0.0,0.0,0,0,0,0,0,0,0,0
TF,NUXEL,-22.283086,-45.821908,0, ,0.0,0.0,0.0,0.0,0,0,0,0,0,0,0,0

SID,BAIA3B,UREMI,6
IF,BAIAN,-23.668872,-46.128417, ,0.0,0.0,0,0,0,0,0,0,0,0
TF,UREMI,-23.389156,-45.512986,0, ,0.0,0.0,0.0,0.0,0,0,0,0,0,0,0,0

SID,BAIA3B,VUMEV,6
IF,BAIAN,-23.668872,-46.128417, ,0.0,0.0,0,0,0,0,0,0,0,0
TF,SP103,-23.541392,-46.057536,0, ,0.0,0.0,0.0,0.0,2,14000,0,0,0,0,0,0
TF,ISOXO,-23.431175,-45.996367,0, ,0.0,0.0,0.0,0.0,2,17000,0,0,0,0,0,0
TF,ORIMU,-23.263917,-45.990503,0, ,0.0,0.0,0.0,0.0,3,22000,0,0,0,0,0,0
TF,VUMEV,-22.886833,-45.977333,0, ,0.0,0.0,0.0,0.0,0,0,0,0,0,0,0,0

SID,OMNI,17L,1
CA,0,169.0,2,3600,0,0,0,0,0,0
VM,0,0,0,169.0,0,0,0,0,0,0,0,0

SID,OMNI,17R,1
CA,0,169.0,2,3600,0,0,0,0,0,0
VM,0,0,0,169.0,0,0,0,0,0,0,0,0

SID,OMNI,35L,1
CA,0,349.0,2,3900,0,0,0,0,0,0
VM,0,0,0,349.0,0,0,0,0,0,0,0,0

SID,OMNI,35R,1
CA,0,349.0,2,3900,0,0,0,0,0,0
VM,0,0,0,349.0,0,0,0,0,0,0,0,0

SID,SEDL1A,35L,5
CA,0,349.0,2,3900,0,0,0,0,0,0
DF,SP082,-23.575097,-46.757250,0, ,0.0,0.0,0,0,0,1,220,0,0,1
TF,SP083,-23.627578,-46.846511,0, ,0.0,0.0,0.0,0.0,3,7500,0,0,0,0,0,0
TF,SEDLO,-23.766697,-46.919114,0, ,0.0,0.0,0.0,0.0,0,0,0,0,0,0,0,0

SID,SEDL1A,35R,5
CA,0,349.0,2,3900,0,0,0,0,0,0
DF,SP082,-23.575097,-46.757250,0, ,0.0,0.0,0,0,0,1,220,0,0,1
TF,SP083,-23.627578,-46.846511,0, ,0.0,0.0,0.0,0.0,3,7500,0,0,0,0,0,0
TF,SEDLO,-23.766697,-46.919114,0, ,0.0,0.0,0.0,0.0,0,0,0,0,0,0,0,0

SID,SEDL1A,MADNI,6
IF,SEDLO,-23.766697,-46.919114, ,0.0,0.0,0,0,0,0,0,0,0,0
TF,MADNI,-24.607483,-47.009044,0, ,0.0,0.0,0.0,0.0,0,0,0,0,0,0,0,0

SID,SEDL1A,NIBGA,6
IF,SEDLO,-23.766697,-46.919114, ,0.0,0.0,0,0,0,0,0,0,0,0
TF,NIBGA,-24.078833,-47.239667,0, ,0.0,0.0,0.0,0.0,0,0,0,0,0,0,0,0

SID,SEDL1A,SOVSI,6
IF,SEDLO,-23.766697,-46.919114, ,0.0,0.0,0,0,0,0,0,0,0,0
TF,SOVSI,-24.105492,-47.472189,0, ,0.0,0.0,0.0,0.0,0,0,0,0,0,0,0,0

SID,SEDL1A,UBSOD,6
IF,SEDLO,-23.766697,-46.919114, ,0.0,0.0,0,0,0,0,0,0,0,0
TF,UBSOD,-24.261736,-47.144189,0, ,0.0,0.0,0.0,0.0,0,0,0,0,0,0,0,0

SID,UBRA1A,17L,5
CA,0,169.0,2,3400,0,0,0,0,0,0
DF,SP053,-23.690906,-46.674869,0, ,0.0,0.0,0,0,0,1,190,0,0,0
TF,SP081,-23.728036,-46.816519,0, ,0.0,0.0,0.0,0.0,1,6000,0,0,0,0,0,0
TF,SP066,-23.750864,-46.903850,0, ,0.0,0.0,0.0,0.0,0,0,0,0,0,0,0,0
TF,SP039,-23.699092,-47.037881,0, ,0.0,0.0,0.0,0.0,2,8000,0,0,0,0,0,0
TF,SP038,-23.624572,-47.230172,0, ,0.0,0.0,0.0,0.0,1,9000,0,0,0,0,0,0
TF,XOGOD,-23.526436,-47.482308,0, ,0.0,0.0,0.0,0.0,3,10000,0,0,0,0,0,0
TF,UMRAR,-23.467722,-47.691197,0, ,0.0,0.0,0.0,0.0,3,11000,0,0,0,0,0,0
TF,UBRAM,-23.445664,-47.769417,0, ,0.0,0.0,0.0,0.0,2,12000,0,0,0,0,0,0

SID,UBRA1A,17R,5
CA,0,169.0,2,3400,0,0,0,0,0,0
DF,SP053,-23.690906,-46.674869,0, ,0.0,0.0,0,0,0,1,190,0,0,0
TF,SP081,-23.728036,-46.816519,0, ,0.0,0.0,0.0,0.0,1,6000,0,0,0,0,0,0
TF,SP066,-23.750864,-46.903850,0, ,0.0,0.0,0.0,0.0,0,0,0,0,0,0,0,0
TF,SP039,-23.699092,-47.037881,0, ,0.0,0.0,0.0,0.0,2,8000,0,0,0,0,0,0
TF,SP038,-23.624572,-47.230172,0, ,0.0,0.0,0.0,0.0,1,9000,0,0,0,0,0,0
TF,XOGOD,-23.526436,-47.482308,0, ,0.0,0.0,0.0,0.0,3,10000,0,0,0,0,0,0
TF,UMRAR,-23.467722,-47.691197,0, ,0.0,0.0,0.0,0.0,3,11000,0,0,0,0,0,0
TF,UBRAM,-23.445664,-47.769417,0, ,0.0,0.0,0.0,0.0,2,12000,0,0,0,0,0,0

SID,UBRA1A,ASETA,6
IF,UBRAM,-23.445664,-47.769417, ,0.0,0.0,2,12000,0,0,0,0,0,0
TF,ASETA,-23.285667,-48.095667,0, ,0.0,0.0,0.0,0.0,1,15000,0,0,0,0,0,0

SID,UBRA1A,EGEVA,6
IF,UBRAM,-23.445664,-47.769417, ,0.0,0.0,2,12000,0,0,0,0,0,0
TF,ASETA,-23.285667,-48.095667,0, ,0.0,0.0,0.0,0.0,1,15000,0,0,0,0,0,0
TF,EGEVA,-23.139761,-48.561439,0, ,0.0,0.0,0.0,0.0,0,0,0,0,0,0,0,0

SID,UBRA1B,35L,5
CA,0,349.0,2,3500,0,0,0,0,0,0
DF,SP074,-23.598278,-46.750203,0, ,0.0,0.0,0,0,0,1,220,0,0,0
TF,SP079,-23.613467,-46.865003,0, ,0.0,0.0,0.0,0.0,4,8000,6000,0,0,0,0,0
TF,SP038,-23.624572,-47.230172,0, ,0.0,0.0,0.0,0.0,1,9000,0,0,0,0,0,0
TF,XOGOD,-23.526436,-47.482308,0, ,0.0,0.0,0.0,0.0,3,10000,0,0,0,0,0,0
TF,UMRAR,-23.467722,-47.691197,0, ,0.0,0.0,0.0,0.0,3,11000,0,0,0,0,0,0
TF,UBRAM,-23.445664,-47.769417,0, ,0.0,0.0,0.0,0.0,2,12000,0,0,0,0,0,0

SID,UBRA1B,35R,5
CA,0,349.0,2,3500,0,0,0,0,0,0
DF,SP074,-23.598278,-46.750203,0, ,0.0,0.0,0,0,0,1,220,0,0,0
TF,SP079,-23.613467,-46.865003,0, ,0.0,0.0,0.0,0.0,4,8000,6000,0,0,0,0,0
TF,SP038,-23.624572,-47.230172,0, ,0.0,0.0,0.0,0.0,1,9000,0,0,0,0,0,0
TF,XOGOD,-23.526436,-47.482308,0, ,0.0,0.0,0.0,0.0,3,10000,0,0,0,0,0,0
TF,UMRAR,-23.467722,-47.691197,0, ,0.0,0.0,0.0,0.0,3,11000,0,0,0,0,0,0
TF,UBRAM,-23.445664,-47.769417,0, ,0.0,0.0,0.0,0.0,2,12000,0,0,0,0,0,0

SID,UBRA1B,ASETA,6
IF,UBRAM,-23.445664,-47.769417, ,0.0,0.0,2,12000,0,0,0,0,0,0
TF,ASETA,-23.285667,-48.095667,0, ,0.0,0.0,0.0,0.0,1,15000,0,0,0,0,0,0

SID,UBRA1B,EGEVA,6
IF,UBRAM,-23.445664,-47.769417, ,0.0,0.0,2,12000,0,0,0,0,0,0
TF,ASETA,-23.285667,-48.095667,0, ,0.0,0.0,0.0,0.0,1,15000,0,0,0,0,0,0
TF,EGEVA,-23.139761,-48.561439,0, ,0.0,0.0,0.0,0.0,0,0,0,0,0,0,0,0

SID,UGTI1B,35L,5
VA,0,349.0,2,3900,0,0,0,0,0,0
DF,SP082,-23.575097,-46.757250,0, ,0.0,0.0,0,0,0,1,240,0,0,1
TF,SP083,-23.627578,-46.846511,0, ,0.0,0.0,0.0,0.0,3,7500,0,0,0,0,0,0
TF,SEDLO,-23.766697,-46.919114,0, ,0.0,0.0,0.0,0.0,0,0,0,0,0,0,0,0
TF,SP084,-23.741114,-47.128036,0, ,0.0,0.0,0.0,0.0,2,10000,0,0,0,0,0,0
TF,SP086,-23.590714,-47.161039,0, ,0.0,0.0,0.0,0.0,2,13000,0,0,0,0,0,0
TF,UGTIX,-23.281222,-47.228800,0, ,0.0,0.0,0.0,0.0,2,24000,0,0,0,0,0,0

SID,UGTI1B,35R,5
VA,0,349.0,2,3900,0,0,0,0,0,0
DF,SP082,-23.575097,-46.757250,0, ,0.0,0.0,0,0,0,1,240,0,0,1
TF,SP083,-23.627578,-46.846511,0, ,0.0,0.0,0.0,0.0,3,7500,0,0,0,0,0,0
TF,SEDLO,-23.766697,-46.919114,0, ,0.0,0.0,0.0,0.0,0,0,0,0,0,0,0,0
TF,SP084,-23.741114,-47.128036,0, ,0.0,0.0,0.0,0.0,2,10000,0,0,0,0,0,0
TF,SP086,-23.590714,-47.161039,0, ,0.0,0.0,0.0,0.0,2,13000,0,0,0,0,0,0
TF,UGTIX,-23.281222,-47.228800,0, ,0.0,0.0,0.0,0.0,2,24000,0,0,0,0,0,0

SID,UGTI1B,ASETA,6
IF,UGTIX,-23.281222,-47.228800, ,0.0,0.0,2,24000,0,0,0,0,0,0
TF,LESSA,-23.176422,-47.628150,0, ,0.0,0.0,0.0,0.0,0,0,0,0,0,0,0,0
TF,ASETA,-23.285667,-48.095667,0, ,0.0,0.0,0.0,0.0,0,0,0,0,0,0,0,0

SID,UGTI1B,EGEVA,6
IF,UGTIX,-23.281222,-47.228800, ,0.0,0.0,2,24000,0,0,0,0,0,0
TF,LESSA,-23.176422,-47.628150,0, ,0.0,0.0,0.0,0.0,0,0,0,0,0,0,0,0
TF,VURDU,-23.161811,-48.015050,0, ,0.0,0.0,0.0,0.0,0,0,0,0,0,0,0,0
TF,EGEVA,-23.139761,-48.561439,0, ,0.0,0.0,0.0,0.0,0,0,0,0,0,0,0,0

SID,UGTI1B,GERTU,6
IF,UGTIX,-23.281222,-47.228800, ,0.0,0.0,2,24000,0,0,0,0,0,0
TF,SP087,-23.149961,-47.257403,0, ,0.0,0.0,0.0,0.0,2,25000,0,0,0,0,0,0
TF,SP088,-22.670822,-47.361350,0, ,0.0,0.0,0.0,0.0,0,0,0,0,0,0,0,0
TF,GERTU,-22.430183,-47.562453,0, ,0.0,0.0,0.0,0.0,0,0,0,0,0,0,0,0

SID,UGTI1B,VURDU,6
IF,UGTIX,-23.281222,-47.228800, ,0.0,0.0,2,24000,0,0,0,0,0,0
TF,LESSA,-23.176422,-47.628150,0, ,0.0,0.0,0.0,0.0,0,0,0,0,0,0,0,0
TF,VURDU,-23.161811,-48.015050,0, ,0.0,0.0,0.0,0.0,0,0,0,0,0,0,0,0

SID,UGTI2A,17L,5
CA,0,169.0,2,3600,0,0,0,0,0,0
DF,SP104,-23.737139,-46.647778,0, ,0.0,0.0,0,0,0,1,250,0,0,1
TF,SP106,-23.789664,-46.737094,0, ,0.0,0.0,0.0,0.0,3,7500,0,0,0,0,0,0
TF,UTKOM,-23.876189,-46.879117,0, ,0.0,0.0,0.0,0.0,0,0,0,0,0,0,0,0
TF,SP084,-23.741114,-47.128036,0, ,0.0,0.0,0.0,0.0,2,10000,0,0,0,0,0,0
TF,SP086,-23.590714,-47.161039,0, ,0.0,0.0,0.0,0.0,2,13000,0,0,0,0,0,0
TF,UGTIX,-23.281222,-47.228800,0, ,0.0,0.0,0.0,0.0,2,24000,0,0,0,0,0,0

SID,UGTI2A,17R,5
CA,0,169.0,2,3600,0,0,0,0,0,0
DF,SP104,-23.737139,-46.647778,0, ,0.0,0.0,0,0,0,1,250,0,0,1
TF,SP106,-23.789664,-46.737094,0, ,0.0,0.0,0.0,0.0,3,7500,0,0,0,0,0,0
TF,UTKOM,-23.876189,-46.879117,0, ,0.0,0.0,0.0,0.0,0,0,0,0,0,0,0,0
TF,SP084,-23.741114,-47.128036,0, ,0.0,0.0,0.0,0.0,2,10000,0,0,0,0,0,0
TF,SP086,-23.590714,-47.161039,0, ,0.0,0.0,0.0,0.0,2,13000,0,0,0,0,0,0
TF,UGTIX,-23.281222,-47.228800,0, ,0.0,0.0,0.0,0.0,2,24000,0,0,0,0,0,0

SID,UGTI2A,ASETA,6
IF,UGTIX,-23.281222,-47.228800, ,0.0,0.0,2,24000,0,0,0,0,0,0
TF,LESSA,-23.176422,-47.628150,0, ,0.0,0.0,0.0,0.0,0,0,0,0,0,0,0,0
TF,ASETA,-23.285667,-48.095667,0, ,0.0,0.0,0.0,0.0,0,0,0,0,0,0,0,0

SID,UGTI2A,EGEVA,6
IF,UGTIX,-23.281222,-47.228800, ,0.0,0.0,2,24000,0,0,0,0,0,0
TF,LESSA,-23.176422,-47.628150,0, ,0.0,0.0,0.0,0.0,0,0,0,0,0,0,0,0
TF,VURDU,-23.161811,-48.015050,0, ,0.0,0.0,0.0,0.0,0,0,0,0,0,0,0,0
TF,EGEVA,-23.139761,-48.561439,0, ,0.0,0.0,0.0,0.0,0,0,0,0,0,0,0,0

SID,UGTI2A,GERTU,6
IF,UGTIX,-23.281222,-47.228800, ,0.0,0.0,2,24000,0,0,0,0,0,0
TF,SP087,-23.149961,-47.257403,0, ,0.0,0.0,0.0,0.0,2,25000,0,0,0,0,0,0
TF,SP088,-22.670822,-47.361350,0, ,0.0,0.0,0.0,0.0,0,0,0,0,0,0,0,0
TF,GERTU,-22.430183,-47.562453,0, ,0.0,0.0,0.0,0.0,0,0,0,0,0,0,0,0

SID,UGTI2A,VURDU,6
IF,UGTIX,-23.281222,-47.228800, ,0.0,0.0,2,24000,0,0,0,0,0,0
TF,LESSA,-23.176422,-47.628150,0, ,0.0,0.0,0.0,0.0,0,0,0,0,0,0,0,0
TF,VURDU,-23.161811,-48.015050,0, ,0.0,0.0,0.0,0.0,0,0,0,0,0,0,0,0

SID,UTKO1A,17L,5
CA,0,169.0,2,3600,0,0,0,0,0,0
DF,SP104,-23.737139,-46.647778,0, ,0.0,0.0,0,0,0,0,0,0,0,1
TF,SP106,-23.789664,-46.737094,0, ,0.0,0.0,0.0,0.0,3,7500,0,0,0,0,0,0
TF,UTKOM,-23.876189,-46.879117,0, ,0.0,0.0,0.0,0.0,0,0,0,0,0,0,0,0

SID,UTKO1A,17R,5
CA,0,169.0,2,3600,0,0,0,0,0,0
DF,SP104,-23.737139,-46.647778,0, ,0.0,0.0,0,0,0,0,0,0,0,1
TF,SP106,-23.789664,-46.737094,0, ,0.0,0.0,0.0,0.0,3,7500,0,0,0,0,0,0
TF,UTKOM,-23.876189,-46.879117,0, ,0.0,0.0,0.0,0.0,0,0,0,0,0,0,0,0

SID,UTKO1A,MADNI,6
IF,UTKOM,-23.876189,-46.879117, ,0.0,0.0,0,0,0,0,0,0,0,0
TF,MADNI,-24.607483,-47.009044,0, ,0.0,0.0,0.0,0.0,0,0,0,0,0,0,0,0

SID,UTKO1A,NIBGA,6
IF,UTKOM,-23.876189,-46.879117, ,0.0,0.0,0,0,0,0,0,0,0,0
TF,NIBGA,-24.078833,-47.239667,0, ,0.0,0.0,0.0,0.0,0,0,0,0,0,0,0,0

SID,UTKO1A,SOVSI,6
IF,UTKOM,-23.876189,-46.879117, ,0.0,0.0,0,0,0,0,0,0,0,0
TF,SOVSI,-24.105492,-47.472189,0, ,0.0,0.0,0.0,0.0,0,0,0,0,0,0,0,0

SID,UTKO1A,UBSOD,6
IF,UTKOM,-23.876189,-46.879117, ,0.0,0.0,0,0,0,0,0,0,0,0
TF,UBSOD,-24.261736,-47.144189,0, ,0.0,0.0,0.0,0.0,0,0,0,0,0,0,0,0

STAR,ANIS1A,35L,5
IF,ANISE,-24.602167,-46.625333, ,0.0,0.0,3,17000,0,0,0,0,0,0
TF,SP091,-24.394389,-46.625619,0, ,0.0,0.0,0.0,0.0,3,14000,0,0,0,0,0,0
TF,SP111,-24.227253,-46.625728,0, ,0.0,0.0,0.0,0.0,0,0,0,0,0,0,0,0
TF,OGTAL,-23.856469,-46.625964,0, ,0.0,0.0,0.0,0.0,2,6000,0,0,0,0,0,0

STAR,ANIS1A,35R,5
IF,ANISE,-24.602167,-46.625333, ,0.0,0.0,3,17000,0,0,0,0,0,0
TF,SP091,-24.394389,-46.625619,0, ,0.0,0.0,0.0,0.0,3,14000,0,0,0,0,0,0
TF,SP111,-24.227253,-46.625728,0, ,0.0,0.0,0.0,0.0,0,0,0,0,0,0,0,0
TF,OGTAL,-23.856469,-46.625964,0, ,0.0,0.0,0.0,0.0,2,6000,0,0,0,0,0,0

STAR,IBDA2A,35L,5
IF,IBDAL,-23.758186,-45.231511, ,0.0,0.0,0,0,0,0,0,0,0,0
TF,MANLO,-23.797192,-45.408247,0, ,0.0,0.0,0.0,0.0,3,19000,0,0,0,0,0,0
TF,SP033,-23.836892,-46.204742,0, ,0.0,0.0,0.0,0.0,0,0,0,0,0,0,0,0
TF,ESUNI,-23.854167,-46.452833,0, ,0.0,0.0,0.0,0.0,2,6000,0,0,0,0,0,0

STAR,IBDA2A,35R,5
IF,IBDAL,-23.758186,-45.231511, ,0.0,0.0,0,0,0,0,0,0,0,0
TF,MANLO,-23.797192,-45.408247,0, ,0.0,0.0,0.0,0.0,3,19000,0,0,0,0,0,0
TF,SP033,-23.836892,-46.204742,0, ,0.0,0.0,0.0,0.0,0,0,0,0,0,0,0,0
TF,ESUNI,-23.854167,-46.452833,0, ,0.0,0.0,0.0,0.0,2,6000,0,0,0,0,0,0

STAR,OGTA2A,ANISE,4
IF,ANISE,-24.602167,-46.625333, ,0.0,0.0,3,23000,0,0,0,0,0,0
TF,SP091,-24.394389,-46.625619,0, ,0.0,0.0,0.0,0.0,3,20000,0,0,0,0,0,0
TF,SP111,-24.227253,-46.625728,0, ,0.0,0.0,0.0,0.0,0,0,0,0,0,0,0,0
TF,OGTAL,-23.856469,-46.625964,0, ,0.0,0.0,0.0,0.0,3,12000,0,0,0,0,0,0

STAR,OGTA2A,IBDAL,4
IF,IBDAL,-23.758186,-45.231511, ,0.0,0.0,0,0,0,0,0,0,0,0
TF,MANLO,-23.797192,-45.408247,0, ,0.0,0.0,0.0,0.0,3,26000,0,0,0,0,0,0
TF,SP033,-23.836892,-46.204742,0, ,0.0,0.0,0.0,0.0,0,0,0,0,0,0,0,0
TF,OGTAL,-23.856469,-46.625964,0, ,0.0,0.0,0.0,0.0,3,12000,0,0,0,0,0,0

STAR,OGTA2A,17L,5
IF,OGTAL,-23.856469,-46.625964, ,0.0,0.0,3,12000,0,0,0,0,0,0
TF,SP099,-23.776747,-46.681358,0, ,0.0,0.0,0.0,0.0,1,9000,0,0,0,0,0,0
TF,SP101,-23.720364,-46.720492,0, ,0.0,0.0,0.0,0.0,1,9000,0,0,0,0,0,0
TF,SP032,-23.638586,-46.777181,0, ,0.0,0.0,0.0,0.0,2,7000,0,0,0,0,0,0
TF,KOMGU,-23.565247,-46.827956,0, ,0.0,0.0,0.0,0.0,2,5500,0,0,0,0,0,0

STAR,OGTA2A,17R,5
IF,OGTAL,-23.856469,-46.625964, ,0.0,0.0,3,12000,0,0,0,0,0,0
TF,SP099,-23.776747,-46.681358,0, ,0.0,0.0,0.0,0.0,1,9000,0,0,0,0,0,0
TF,SP101,-23.720364,-46.720492,0, ,0.0,0.0,0.0,0.0,1,9000,0,0,0,0,0,0
TF,SP032,-23.638586,-46.777181,0, ,0.0,0.0,0.0,0.0,2,7000,0,0,0,0,0,0
TF,KOMGU,-23.565247,-46.827956,0, ,0.0,0.0,0.0,0.0,2,5500,0,0,0,0,0,0

STAR,ORES1A,ENTIT,4
IF,ENTIT,-22.417511,-46.657975, ,0.0,0.0,3,27000,0,0,0,0,0,0
TF,OTAGA,-22.490269,-46.731278,0, ,0.0,0.0,0.0,0.0,0,0,0,0,0,0,0,0
TF,NEKIG,-22.553131,-46.794694,0, ,0.0,0.0,0.0,0.0,3,23000,0,0,0,0,0,0
TF,MAVKA,-22.675814,-46.918875,0, ,0.0,0.0,0.0,0.0,0,0,0,0,0,0,0,0
TF,SP031,-22.882667,-47.059925,0, ,0.0,0.0,0.0,0.0,2,20000,0,0,0,0,0,0
TF,ORESU,-23.024403,-47.155856,0, ,0.0,0.0,0.0,0.0,4,17000,13000,0,0,0,0,0

STAR,ORES1A,UTLOT,4
IF,UTLOT,-22.474000,-47.892333, ,0.0,0.0,0,0,0,0,0,0,0,0
TF,RUSTE,-22.768136,-47.500119,0, ,0.0,0.0,0.0,0.0,3,24000,0,0,0,0,0,0
TF,ORESU,-23.024403,-47.155856,0, ,0.0,0.0,0.0,0.0,4,17000,13000,0,0,0,0,0

STAR,ORES1A,17L,5
IF,ORESU,-23.024403,-47.155856, ,0.0,0.0,4,17000,13000,0,0,0,0,0
TF,PRUMO,-23.252806,-47.105553,0, ,0.0,0.0,0.0,0.0,2,12000,0,0,0,0,0,0
TF,IROPU,-23.425292,-47.067753,0, ,0.0,0.0,0.0,0.0,4,9000,8000,0,0,0,0,0
TF,LUVDI,-23.493306,-46.806047,0, ,0.0,0.0,0.0,0.0,2,5500,0,0,0,0,0,0

STAR,ORES1A,17R,5
IF,ORESU,-23.024403,-47.155856, ,0.0,0.0,4,17000,13000,0,0,0,0,0
TF,PRUMO,-23.252806,-47.105553,0, ,0.0,0.0,0.0,0.0,2,12000,0,0,0,0,0,0
TF,IROPU,-23.425292,-47.067753,0, ,0.0,0.0,0.0,0.0,4,9000,8000,0,0,0,0,0
TF,LUVDI,-23.493306,-46.806047,0, ,0.0,0.0,0.0,0.0,2,5500,0,0,0,0,0,0

STAR,ORES1B,ENTIT,4
IF,ENTIT,-22.417511,-46.657975, ,0.0,0.0,3,27000,0,0,0,0,0,0
TF,OTAGA,-22.490269,-46.731278,0, ,0.0,0.0,0.0,0.0,0,0,0,0,0,0,0,0
TF,NEKIG,-22.553131,-46.794694,0, ,0.0,0.0,0.0,0.0,3,23000,0,0,0,0,0,0
TF,MAVKA,-22.675814,-46.918875,0, ,0.0,0.0,0.0,0.0,0,0,0,0,0,0,0,0
TF,SP031,-22.882667,-47.059925,0, ,0.0,0.0,0.0,0.0,2,20000,0,0,0,0,0,0
TF,ORESU,-23.024403,-47.155856,0, ,0.0,0.0,0.0,0.0,4,17000,13000,0,0,0,0,0

STAR,ORES1B,UTLOT,4
IF,UTLOT,-22.474000,-47.892333, ,0.0,0.0,0,0,0,0,0,0,0,0
TF,RUSTE,-22.768136,-47.500119,0, ,0.0,0.0,0.0,0.0,3,24000,0,0,0,0,0,0
TF,ORESU,-23.024403,-47.155856,0, ,0.0,0.0,0.0,0.0,4,17000,13000,0,0,0,0,0

STAR,ORES1B,35L,5
IF,ORESU,-23.024403,-47.155856, ,0.0,0.0,4,17000,13000,0,0,0,0,0
TF,PRUMO,-23.252806,-47.105553,0, ,0.0,0.0,0.0,0.0,2,12000,0,0,0,0,0,0
TF,IROPU,-23.425292,-47.067753,0, ,0.0,0.0,0.0,0.0,0,0,0,0,0,0,0,0
TF,KOMGU,-23.565247,-46.827956,0, ,0.0,0.0,0.0,0.0,1,9000,0,0,0,0,0,0
TF,SP098,-23.644111,-46.773353,0, ,0.0,0.0,0.0,0.0,1,9000,0,0,0,0,0,0
TF,OGTAL,-23.856469,-46.625964,0, ,0.0,0.0,0.0,0.0,2,6000,0,0,0,0,0,0
VM,-23.626111,-46.656389,0,169.0,2,6000,0,0,0,0,0,0

STAR,ORES1B,35R,5
IF,ORESU,-23.024403,-47.155856, ,0.0,0.0,4,17000,13000,0,0,0,0,0
TF,PRUMO,-23.252806,-47.105553,0, ,0.0,0.0,0.0,0.0,2,12000,0,0,0,0,0,0
TF,IROPU,-23.425292,-47.067753,0, ,0.0,0.0,0.0,0.0,0,0,0,0,0,0,0,0
TF,KOMGU,-23.565247,-46.827956,0, ,0.0,0.0,0.0,0.0,1,9000,0,0,0,0,0,0
TF,SP098,-23.644111,-46.773353,0, ,0.0,0.0,0.0,0.0,1,9000,0,0,0,0,0,0
TF,OGTAL,-23.856469,-46.625964,0, ,0.0,0.0,0.0,0.0,2,6000,0,0,0,0,0,0
VM,-23.626111,-46.656389,0,169.0,2,6000,0,0,0,0,0,0

APPTR,D17LZ,17L,AKRUB
IF,AKRUB,-23.575181,-46.837392, ,0.0,0.0,2,6000,0,0,0,0,1,0
AF,GERSU,-23.511389,-46.736139,2,RDE,355.2,25.4,340.0,2,4800,0,0,0,0,1,0

APPTR,D17LZ,17L,STN
IF,STN,-23.487542,-46.923308, ,0.0,0.0,1,6000,0,0,0,0,1,0
TF,STN01,-23.499975,-46.825953,0, ,0.0,0.0,0.0,0.0,2,5700,0,0,0,0,0,0
TF,STN02,-23.507969,-46.763086,0, ,0.0,0.0,0.0,0.0,2,5000,0,0,0,0,0,0
TF,GERSU,-23.511389,-46.736139,0, ,0.0,0.0,0.0,0.0,2,4800,0,0,0,0,1,0

FINAL,D17LZ,17L,D,4
IF,GERSU,-23.511389,-46.736139,CGO,349.1,8.3,2,4800,0,0,0,0,0,0
CF,RENIT,-23.549467,-46.709839,0,CGO,348.9,5.6,169.0,2.7,2,4240,0,0,0,0,2,0
CF,SP008,-23.575689,-46.690939,0,CGO,349.1,3.7,169.0,1.8,2,3659,0,0,0,0,0,0
CF,SP004,-23.620444,-46.659558,0,CGO,349.1,0.5,169.0,3.2,1,2640,0,0,0,0,3,0
CA,0,169.0,2,4000,0,0,0,0,0,0
CF,AKRUB,-23.575181,-46.837392,2,RDE,339.9,25.4,340.0,12.0,2,6000,0,1,180,0,0,0
HM,AKRUB,-23.575181,-46.837392,1, ,0.0,0.0,340.0,04.3,2,6000,0,1,180,0,0,0,0

APPTR,D17RZ,17R,AKRUB
IF,AKRUB,-23.575181,-46.837392, ,0.0,0.0,2,6000,0,0,0,0,1,0
AF,GERSU,-23.511389,-46.736139,2,RDE,355.2,25.4,340.0,2,4800,0,0,0,0,1,0

APPTR,D17RZ,17R,STN
IF,STN,-23.487542,-46.923308, ,0.0,0.0,1,6000,0,0,0,0,1,0
TF,STN01,-23.499975,-46.825953,0, ,0.0,0.0,0.0,0.0,2,5700,0,0,0,0,0,0
TF,STN02,-23.507969,-46.763086,0, ,0.0,0.0,0.0,0.0,2,5000,0,0,0,0,0,0
TF,GERSU,-23.511389,-46.736139,0, ,0.0,0.0,0.0,0.0,2,4800,0,0,0,0,1,0

FINAL,D17RZ,17R,D,4
IF,GERSU,-23.511389,-46.736139,CGO,349.1,8.3,2,4800,0,0,0,0,0,0
CF,RENIT,-23.549467,-46.709839,0,CGO,348.9,5.6,169.0,2.7,2,4240,0,0,0,0,2,0
CF,SP008,-23.575689,-46.690939,0,CGO,349.1,3.7,169.0,1.8,2,3659,0,0,0,0,0,0
CF,SP004,-23.620444,-46.659558,0,CGO,349.1,0.5,169.0,3.2,1,2645,0,0,0,0,3,0
CA,0,169.0,2,4000,0,0,0,0,0,0
CF,AKRUB,-23.575181,-46.837392,2,RDE,339.9,25.4,340.0,12.0,2,6000,0,1,180,0,0,0
HM,AKRUB,-23.575181,-46.837392,1, ,0.0,0.0,340.0,04.3,2,6000,0,1,180,0,0,0,0

APPTR,D35LY,35L,ESUNI
IF,ESUNI,-23.854167,-46.452833, ,0.0,0.0,2,6000,0,0,0,0,1,0
CF,VUGVI,-23.776797,-46.552492,0,CGO,169.8,10.6,332.0,7.2,2,5300,0,0,0,0,1,0

APPTR,D35LY,35L,OGTAL
IF,OGTAL,-23.856469,-46.625964, ,0.0,0.0,2,6000,0,0,0,0,1,0
AF,SP118,-23.822428,-46.521031,1,CGO,169.8,13.8,195.0,2,5300,0,0,0,0,0,0
CF,VUGVI,-23.776797,-46.552492,0,CGO,169.8,10.6,349.0,3.2,2,5300,0,0,0,0,1,0

FINAL,D35LY,35L,D,3
IF,VUGVI,-23.776797,-46.552492,CGO,169.8,10.6,2,5300,0,0,0,0,0,0
CF,SURBU,-23.705247,-46.602061,0,CGO,170.1,5.5,349.0,5.1,2,4280,0,0,0,0,2,0
CF,SP112,-23.634242,-46.649997,0,CGO,169.8,0.5,349.0,5.0,1,2692,0,0,0,0,3,0
VA,0,349.0,2,3600,0,1,220,0,0,0
VI,1, ,0.0,160.0,2,6000,0,1,220,0,0,0
CF,OGTAL,-23.856469,-46.625964,0,CGO,195.4,13.8,195.0,8.0,2,6000,0,0,0,0,0,0
HM,OGTAL,-23.856469,-46.625964,1, ,0.0,0.0,15.0,04.3,2,6000,0,0,0,0,0,0,0

APPTR,D35RY,35R,ESUNI
IF,ESUNI,-23.854167,-46.452833, ,0.0,0.0,2,6000,0,0,0,0,1,0
CF,VUGVI,-23.776797,-46.552492,0,CGO,169.8,10.6,332.0,7.2,2,5300,0,0,0,0,1,0

APPTR,D35RY,35R,OGTAL
IF,OGTAL,-23.856469,-46.625964, ,0.0,0.0,2,6000,0,0,0,0,1,0
AF,SP118,-23.822428,-46.521031,1,CGO,169.8,13.8,195.0,2,5300,0,0,0,0,0,0
CF,VUGVI,-23.776797,-46.552492,0,CGO,169.8,10.6,349.0,3.2,2,5300,0,0,0,0,1,0

FINAL,D35RY,35R,D,3
IF,VUGVI,-23.776797,-46.552492,CGO,169.8,10.6,2,5300,0,0,0,0,0,0
CF,SURBU,-23.705247,-46.602061,0,CGO,170.1,5.5,349.0,5.1,2,4280,0,0,0,0,2,0
CF,SP112,-23.634242,-46.649997,0,CGO,169.8,0.5,349.0,5.0,1,2736,0,0,0,0,3,0
VA,0,349.0,2,3600,0,1,220,0,0,0
VI,1, ,0.0,160.0,2,6000,0,1,220,0,0,0
CF,OGTAL,-23.856469,-46.625964,0,CGO,195.4,13.8,195.0,8.0,2,6000,0,0,0,0,0,0
HM,OGTAL,-23.856469,-46.625964,1, ,0.0,0.0,15.0,04.3,2,6000,0,0,0,0,0,0,0

APPTR,I17RX,17R,KOMGU
IF,KOMGU,-23.565247,-46.827956, ,0.0,0.0,2,5500,0,0,0,0,1,0
TF,GERSU,-23.511389,-46.736139,0,ISP,0.0,0.0,0.0,0.0,2,4700,0,0,0,0,1,0

APPTR,I17RX,17R,LUVDI
IF,LUVDI,-23.493306,-46.806047, ,0.0,0.0,2,5500,0,0,0,0,1,0
TF,GERSU,-23.511389,-46.736139,0,ISP,0.0,0.0,0.0,0.0,2,4700,0,0,0,0,1,0

FINAL,I17RX,17R,I,3
IF,GERSU,-23.511389,-46.736139,ISP,349.5,9.0,2,4700,0,0,0,0,0,0
CF,URUTA,-23.557936,-46.703992,0,ISP,349.5,5.7,169.0,3.3,1,4020,0,0,0,0,2,0
CF,RW17R,-23.620950,-46.660425,0,ISP,349.5,1.2,169.0,4.5,1,2645,0,0,0,0,3,0
VA,0,169.0,2,3400,0,0,0,0,0,0
DF,KOMGU,-23.565247,-46.827956,2, ,0.0,0.0,2,5500,0,0,0,0,0,1
HM,KOMGU,-23.565247,-46.827956,1, ,0.0,0.0,349.0,04.3,2,5500,0,0,0,0,0,0,0

APPTR,I17RY,17R,AKRUB
IF,AKRUB,-23.575181,-46.837392, ,0.0,0.0,2,6000,0,0,0,0,1,0
AF,D350Y,-23.530303,-46.772500,2,RDE,350.0,25.4,340.0,2,4800,0,0,0,0,0,0
VI,0,ISP,0.0,124.0,0,0,0,0,0,0,0,0

APPTR,I17RY,17R,STN
IF,STN,-23.487542,-46.923308, ,0.0,0.0,1,6000,0,0,0,0,1,0
TF,STN01,-23.499975,-46.825953,0, ,0.0,0.0,0.0,0.0,2,5700,0,0,0,0,0,0
TF,STN02,-23.507969,-46.763086,0, ,0.0,0.0,0.0,0.0,2,5000,0,0,0,0,0,0
CF,GERSU,-23.511389,-46.736139,0,ISP,349.5,9.0,119.0,1.5,2,4800,0,1,160,0,1,0

FINAL,I17RY,17R,I,3
IF,GERSU,-23.511389,-46.736139,ISP,349.5,9.0,2,4800,0,1,160,0,0,0
CF,RENIT,-23.549467,-46.709839,0,ISP,349.5,6.3,169.0,2.7,1,4210,0,0,0,0,2,0
CF,RW17R,-23.620950,-46.660425,0,ISP,349.4,1.2,169.0,5.1,1,2645,0,0,0,0,3,0
CA,0,169.0,2,4000,0,0,0,0,0,0
CF,AKRUB,-23.575181,-46.837392,2,RDE,339.9,25.4,340.0,12.0,2,6000,0,1,180,0,0,0
HM,AKRUB,-23.575181,-46.837392,1, ,0.0,0.0,340.0,04.3,2,6000,0,1,180,0,0,0,0

APPTR,I35LR,35L,ESUNI
IF,ESUNI,-23.854167,-46.452833, ,0.0,0.0,2,6000,0,0,0,0,1,0
CF,VUGVI,-23.776797,-46.552492,0,ISO,169.5,11.2,332.0,7.2,2,5000,0,0,0,0,1,0

APPTR,I35LR,35L,OGTAL
IF,OGTAL,-23.856469,-46.625964, ,0.0,0.0,2,6000,0,0,0,0,1,0
AF,SP118,-23.822428,-46.521031,1,CGO,169.8,13.8,195.0,2,5000,0,0,0,0,0,0
CF,VUGVI,-23.776797,-46.552492,0,ISO,169.5,11.2,349.0,3.2,2,5000,0,0,0,0,1,0

FINAL,I35LR,35L,I,3
IF,VUGVI,-23.776797,-46.552492,ISO,169.5,11.2,2,5000,0,0,0,0,0,0
CF,SURBU,-23.705247,-46.602061,0,ISO,169.5,6.1,349.0,5.1,1,4290,0,0,0,0,2,0
CF,RW35L,-23.634303,-46.651186,0,ISO,169.5,1.1,349.0,5.0,1,2681,0,0,0,0,3,0
VA,0,349.0,2,3500,0,1,220,0,0,0
VI,1, ,0.0,160.0,0,0,0,1,220,0,0,0
CF,OGTAL,-23.856469,-46.625964,0,CGO,195.4,13.8,195.0,8.0,2,6000,0,0,0,0,0,0
HM,OGTAL,-23.856469,-46.625964,1, ,0.0,0.0,15.0,04.3,2,6000,0,0,0,0,0,0,0

APPTR,I35LV,35L,ESUNI
IF,ESUNI,-23.854167,-46.452833, ,0.0,0.0,2,6000,0,0,0,0,1,0
TF,USITO,-23.794333,-46.540333,0,ISO,0.0,0.0,0.0,0.0,2,5300,0,0,0,0,1,0

APPTR,I35LV,35L,OGTAL
IF,OGTAL,-23.856469,-46.625964, ,0.0,0.0,2,6000,0,0,0,0,1,0
TF,USITO,-23.794333,-46.540333,0,ISO,0.0,0.0,0.0,0.0,2,5300,0,0,0,0,1,0

FINAL,I35LV,35L,I,3
IF,USITO,-23.794333,-46.540333,ISO,169.5,12.4,2,5300,0,0,0,0,0,0
CF,SURBU,-23.705247,-46.602061,0,ISO,169.5,6.1,349.0,6.3,1,4290,0,0,0,0,2,0
CF,RW35L,-23.634303,-46.651186,0,ISO,169.5,1.1,349.0,5.0,1,2681,0,0,0,0,3,0
CA,0,349.0,2,3500,0,0,0,0,0,0
DF,OGTAL,-23.856469,-46.625964,1, ,0.0,0.0,2,6000,0,0,0,0,0,1
HM,OGTAL,-23.856469,-46.625964,2, ,0.0,0.0,73.0,04.3,2,6000,0,0,0,0,0,0,0

APPTR,R17LT,17L,KOMGU
IF,KOMGU,-23.565247,-46.827956, ,0.0,0.0,2,5500,0,0,0,0,1,0
TF,SP048,-23.512194,-46.733022,0, ,0.0,0.0,0.0,0.0,2,4700,0,0,0,0,1,0

APPTR,R17LT,17L,LUVDI
IF,LUVDI,-23.493306,-46.806047, ,0.0,0.0,2,5500,0,0,0,0,1,0
TF,SP048,-23.512194,-46.733022,0, ,0.0,0.0,0.0,0.0,2,4700,0,0,0,0,1,0

FINAL,R17LT,17L,R,4
IF,SP048,-23.512194,-46.733022, ,0.0,0.0,2,4700,0,0,0,0,0,0
TF,SP049,-23.558744,-46.700881,0, ,0.0,0.0,169.0,3.3,2,4040,0,0,0,0,2,0
TF,SP052,-23.586944,-46.681394,0, ,0.0,0.0,169.0,2.0,2,3404,0,0,0,0,0,0
TF,RW17L,-23.620792,-46.657994,0, ,0.0,0.0,169.0,2.4,1,2640,0,0,0,0,3,1
CA,0,169.0,2,4000,0,1,200,0,0,0
DF,KOMGU,-23.565247,-46.827956,2, ,0.0,0.0,2,5500,0,1,200,0,0,1
HM,KOMGU,-23.565247,-46.827956,1, ,0.0,0.0,349.0,04.3,2,5500,0,0,0,0,0,0,0

APPTR,R17RX,17R,SP003
IF,SP003,-23.664275,-46.759392, ,0.0,0.0,2,7000,0,0,0,0,1,0
TF,SP131,-23.632472,-46.781397,0, ,0.0,0.0,0.0,0.0,2,6500,0,1,220,0,1,0

FINAL,R17RX,17R,R,4
IF,SP131,-23.632472,-46.781397, ,0.0,0.0,2,6500,0,1,220,0,0,0
RF,SP132,-23.558267,-46.717603,2,SP138,148.8,3.0,2,4240,0,0,0,0,2,0
RF,SP078,-23.578656,-46.689700,2,SP138,167.8,3.0,2,3595,0,0,0,0,0,0
TF,RW17R,-23.620950,-46.660425,0, ,0.0,0.0,169.0,3.0,1,2640,0,0,0,0,3,1
TF,SP137,-23.761925,-46.562769,0, ,0.0,0.0,0.0,0.0,2,5000,0,0,0,0,0,0
TF,RDE,-23.890978,-46.528200,0, ,0.0,0.0,0.0,0.0,2,7000,0,0,0,0,0,1
HM,RDE,-23.890978,-46.528200,2, ,0.0,0.0,8.0,04.3,2,7000,0,0,0,0,0,0,0

APPTR,R17RY,17R,KOMGU
IF,KOMGU,-23.565247,-46.827956, ,0.0,0.0,2,5500,0,0,0,0,1,0
TF,GERSU,-23.511389,-46.736139,0, ,0.0,0.0,0.0,0.0,2,4700,0,0,0,0,1,0

APPTR,R17RY,17R,LUVDI
IF,LUVDI,-23.493306,-46.806047, ,0.0,0.0,2,5500,0,0,0,0,1,0
TF,GERSU,-23.511389,-46.736139,0, ,0.0,0.0,0.0,0.0,2,4700,0,0,0,0,1,0

FINAL,R17RY,17R,R,5
IF,GERSU,-23.511389,-46.736139, ,0.0,0.0,2,4700,0,0,0,0,0,0
TF,URUTA,-23.557936,-46.703992,0, ,0.0,0.0,169.0,3.3,2,4070,0,0,0,0,2,0
TF,SP139,-23.578647,-46.689675,0, ,0.0,0.0,169.0,1.5,2,3593,0,0,0,0,0,0
TF,SP017,-23.591339,-46.680903,0, ,0.0,0.0,169.0,0.9,2,3307,0,0,0,0,0,0
TF,RW17R,-23.620950,-46.660425,0, ,0.0,0.0,169.0,2.1,1,2640,0,0,0,0,3,1
VA,0,169.0,2,3400,0,0,0,0,0,0
DF,KOMGU,-23.565247,-46.827956,2, ,0.0,0.0,2,5500,0,0,0,0,0,1
HM,KOMGU,-23.565247,-46.827956,1, ,0.0,0.0,349.0,04.3,2,5500,0,0,0,0,0,0,0

APPTR,R35LX,35L,SP121
IF,SP121,-23.699494,-46.735247, ,0.0,0.0,2,7000,0,0,0,0,1,0
TF,SP124,-23.730525,-46.713789,0, ,0.0,0.0,0.0,0.0,2,6500,0,0,0,0,1,0

FINAL,R35LX,35L,R,4
IF,SP124,-23.730525,-46.713789, ,0.0,0.0,2,6500,0,0,0,0,0,0
RF,SP128,-23.708531,-46.613622,1,SP127,366.8,3.0,2,4280,0,0,0,0,2,0
RF,SP129,-23.676600,-46.621906,1,SP127,347.8,3.0,2,3635,0,0,0,0,0,0
TF,RW35L,-23.634303,-46.651186,0, ,0.0,0.0,349.0,3.0,1,2680,0,0,0,0,3,1
TF,RENIT,-23.549467,-46.709839,0, ,0.0,0.0,0.0,0.0,0,0,0,1,200,0,0,0
TF,SP126,-23.527119,-46.786906,0, ,0.0,0.0,0.0,0.0,0,0,0,1,200,0,0,0
TF,SP123,-23.580181,-46.850058,0, ,0.0,0.0,0.0,0.0,0,0,0,1,200,0,0,0
TF,SP121,-23.699494,-46.735247,0, ,0.0,0.0,0.0,0.0,2,7000,0,0,0,0,0,1
HM,SP121,-23.699494,-46.735247,1, ,0.0,0.0,169.0,04.3,2,7000,0,0,0,0,0,0,0

APPTR,R35LZ,35L,ESUNI
IF,ESUNI,-23.854167,-46.452833, ,0.0,0.0,2,6000,0,0,0,0,1,0
TF,USITO,-23.794333,-46.540333,0, ,0.0,0.0,0.0,0.0,2,5300,0,0,0,0,1,0

APPTR,R35LZ,35L,OGTAL
IF,OGTAL,-23.856469,-46.625964, ,0.0,0.0,2,6000,0,0,0,0,1,0
TF,USITO,-23.794333,-46.540333,0, ,0.0,0.0,0.0,0.0,2,5300,0,0,0,0,1,0

FINAL,R35LZ,35L,R,4
IF,USITO,-23.794333,-46.540333, ,0.0,0.0,2,5300,0,0,0,0,0,0
TF,SURBU,-23.705247,-46.602061,0, ,0.0,0.0,349.0,6.3,2,4290,0,0,0,0,2,0
TF,SP005,-23.666731,-46.628739,0, ,0.0,0.0,349.0,2.7,2,3412,0,0,0,0,0,0
TF,RW35L,-23.634303,-46.651186,0, ,0.0,0.0,349.0,2.3,1,2680,0,0,0,0,3,1
VA,0,349.0,2,3500,0,0,0,0,0,0
DF,OGTAL,-23.856469,-46.625964,1, ,0.0,0.0,2,6000,0,0,0,0,0,1
HM,OGTAL,-23.856469,-46.625964,2, ,0.0,0.0,74.0,04.3,2,6000,0,0,0,0,0,0,0

APPTR,R35RS,35R,ESUNI
IF,ESUNI,-23.854167,-46.452833, ,0.0,0.0,2,6000,0,0,0,0,1,0
TF,SP044,-23.788803,-46.541622,0, ,0.0,0.0,0.0,0.0,2,5300,0,0,0,0,1,0

APPTR,R35RS,35R,OGTAL
IF,OGTAL,-23.856469,-46.625964, ,0.0,0.0,2,6000,0,0,0,0,1,0
TF,SP044,-23.788803,-46.541622,0, ,0.0,0.0,0.0,0.0,2,5300,0,0,0,0,1,0

FINAL,R35RS,35R,R,4
IF,SP044,-23.788803,-46.541622, ,0.0,0.0,2,5300,0,0,0,0,0,0
TF,SP046,-23.702369,-46.601536,0, ,0.0,0.0,349.0,6.1,2,4280,0,0,0,0,2,0
TF,SP047,-23.668425,-46.625039,0, ,0.0,0.0,349.0,2.4,2,3519,0,0,0,0,0,0
TF,RW35R,-23.631264,-46.650756,0, ,0.0,0.0,349.0,2.6,1,2680,0,0,0,0,3,1
VA,0,349.0,2,3500,0,0,0,0,0,0
DF,OGTAL,-23.856469,-46.625964,1, ,0.0,0.0,2,6000,0,0,0,0,0,1
HM,OGTAL,-23.856469,-46.625964,2, ,0.0,0.0,70.0,04.3,2,6000,0,0,0,0,0,0,0

