SID,OMNI,08,1
CA,0,79.0,2,5000,0,0,0,0,0,0
VM,0,0,0,79.0,0,0,0,0,0,0,0,0

SID,OMNI,26,1
CA,0,259.0,2,4000,0,0,0,0,0,0
VM,0,0,0,259.0,0,0,0,0,0,0,0,0

FINAL,D08,08,D,4
IF,ANPUP,-23.100550,-45.595733,TAU,251.9,6.0,2,4400,0,0,0,0,0,0
CF,IROSO,-23.073622,-45.561167,0,TAU,251.9,3.5,72.0,2.5,2,3420,0,0,0,0,2,0
CF,TAU09,-23.062847,-45.547342,0,TAU,251.9,2.5,72.0,1.0,2,2921,0,0,0,0,0,0
CF,TAU08,-23.041297,-45.519703,0,TAU,251.9,0.5,72.0,2.0,1,1937,0,0,0,0,3,0
CF,TAU,-23.035708,-45.512536,0,TAU,0.0,0.0,72.0,0.5,0,0,0,0,0,0,0,1
CA,0,72.0,2,4000,0,0,0,0,0,0
DF,TAU,-23.035708,-45.512536,1, ,0.0,0.0,2,6000,0,0,0,0,0,0
HM,TAU,-23.035708,-45.512536,2, ,0.0,0.0,252.0,04.3,2,6000,0,0,0,0,0,0,0

APPTR,D26,26,DILUD
IF,DILUD,-22.946464,-45.459447, ,0.0,0.0,2,6000,0,0,0,0,1,0
AF,ASETU,-22.998211,-45.410194,2,TAU,90.4,6.1,51.0,2,4600,0,0,0,0,1,0

FINAL,D26,26,D,5
IF,ASETU,-22.998211,-45.410194,TAU,90.4,6.1,2,4600,0,0,0,0,0,0
CF,TAU03,-23.007450,-45.435386,0,TAU,90.4,4.6,271.0,1.5,2,3900,0,0,0,0,0,0
CF,NEPER,-23.016683,-45.460581,0,TAU,90.4,3.1,271.0,1.5,2,3190,0,0,0,0,2,0
CF,TAU01,-23.025914,-45.485781,0,TAU,90.4,1.6,271.0,1.5,2,2556,0,0,0,0,0,0
CF,TAU02,-23.035142,-45.510983,0,TAU,90.5,0.1,271.0,1.5,1,1916,0,0,0,0,3,0
CF,TAU,-23.035708,-45.512536,0,TAU,0.0,0.0,271.0,0.1,0,0,0,0,0,0,0,1
CA,0,271.0,2,3000,0,0,0,0,0,0
VI,2, ,0.0,96.0,0,0,0,0,0,0,0,0
CF,DILUD,-22.946464,-45.459447,0,TAU,50.9,6.1,51.0,1.0,2,6000,0,0,0,0,0,0
HM,DILUD,-22.946464,-45.459447,2, ,0.0,0.0,231.0,04.3,2,6000,0,0,0,0,0,0,0

APPTR,D26-Z,26,DIDOG
IF,DIDOG,-23.098236,-45.425603, ,0.0,0.0,2,6000,0,0,0,0,1,0
AF,ASETU,-22.998211,-45.410194,1,TAU,90.4,6.1,150.0,2,4900,0,0,0,0,1,0

FINAL,D26-Z,26,D,5
IF,ASETU,-22.998211,-45.410194,TAU,90.4,6.1,2,4900,0,0,0,0,0,0
CF,TAU03,-23.007450,-45.435386,0,TAU,90.4,4.6,271.0,1.5,2,3900,0,0,0,0,0,0
CF,NEPER,-23.016683,-45.460581,0,TAU,90.4,3.1,271.0,1.5,2,3190,0,0,0,0,2,0
CF,TAU01,-23.025914,-45.485781,0,TAU,90.4,1.6,271.0,1.5,2,2555,0,0,0,0,0,0
CF,TAU02,-23.035142,-45.510983,0,TAU,90.5,0.1,271.0,1.5,1,1918,0,0,0,0,3,0
CF,TAU,-23.035708,-45.512536,0,TAU,0.0,0.0,271.0,0.1,0,0,0,0,0,0,0,1
CA,0,271.0,2,3000,0,0,0,0,0,0
VI,1, ,0.0,110.0,0,0,0,0,0,0,0,0
CF,DIDOG,-23.098236,-45.425603,0,TAU,149.9,6.1,150.0,2.0,2,6000,0,0,0,0,0,0
HM,DIDOG,-23.098236,-45.425603,2, ,0.0,0.0,150.0,04.3,2,6000,0,0,0,0,0,0,0

APPTR,R08,08,TA004
IF,TA004,-23.147422,-45.571725, ,0.0,0.0,2,6000,0,0,0,0,1,0
TF,TA006,-23.108528,-45.611467,0, ,0.0,0.0,0.0,0.0,2,4500,0,0,0,0,1,0

FINAL,R08,08,R,4
IF,TA006,-23.108528,-45.611467, ,0.0,0.0,2,4500,0,0,0,0,0,0
TF,TA007,-23.074078,-45.572056,0, ,0.0,0.0,69.0,3.0,2,3660,0,0,0,0,2,0
TF,TA016,-23.060272,-45.549419,0, ,0.0,0.0,79.0,1.5,2,2921,0,0,0,0,0,0
TF,RW08,-23.041864,-45.519244,0, ,0.0,0.0,79.0,2.0,1,1937,0,0,0,0,3,1
CA,0,79.0,2,3000,0,0,0,0,0,0
DF,TA004,-23.147422,-45.571725,2, ,0.0,0.0,2,6000,0,0,0,0,0,1
HM,TA004,-23.147422,-45.571725,2, ,0.0,0.0,339.0,04.3,2,6000,0,0,0,0,0,0,0

APPTR,R26,26,TA001
IF,TA001,-22.927194,-45.479975, ,0.0,0.0,2,6000,0,0,0,0,1,0
TF,TA002,-22.967181,-45.431381,0, ,0.0,0.0,0.0,0.0,2,4500,0,0,0,0,1,0

FINAL,R26,26,R,4
IF,TA002,-22.967181,-45.431381, ,0.0,0.0,2,4500,0,0,0,0,0,0
TF,TA003,-23.005217,-45.467814,0, ,0.0,0.0,244.0,3.0,2,3190,0,0,0,0,2,0
TF,TAU06,-23.020806,-45.489044,0, ,0.0,0.0,254.0,1.5,2,2556,0,0,0,0,0,0
TF,RW26,-23.036392,-45.510281,0, ,0.0,0.0,254.0,1.5,1,1918,0,0,0,0,3,1
CA,0,254.0,2,3000,0,0,0,0,0,0
DF,TA001,-22.927194,-45.479975,2, ,0.0,0.0,2,6000,0,0,0,0,0,1
HM,TA001,-22.927194,-45.479975,2, ,0.0,0.0,154.0,04.3,2,6000,0,0,0,0,0,0,0

APPTR,R26-Z,26,CHORD
IF,CHORD,-23.082244,-45.430697, ,0.0,0.0,2,6000,0,0,0,0,1,0
TF,TA013,-23.015472,-45.435033,0, ,0.0,0.0,0.0,0.0,2,4100,0,0,0,0,1,0

FINAL,R26-Z,26,R,3
IF,TA013,-23.015472,-45.435033, ,0.0,0.0,2,4100,0,0,0,0,0,0
TF,TA014,-23.017975,-45.480036,0, ,0.0,0.0,289.0,2.5,2,3000,0,1,60,0,2,0
TF,RW26,-23.036392,-45.510281,0, ,0.0,0.0,259.0,2.0,1,1918,0,0,0,0,3,1
CA,0,259.0,2,3000,0,0,0,0,0,0
DF,CHORD,-23.082244,-45.430697,1, ,0.0,0.0,2,6000,0,0,0,0,0,0
HM,CHORD,-23.082244,-45.430697,1, ,0.0,0.0,109.0,04.3,2,6000,0,0,0,0,0,0,0

