SID,OMNI,02,1
VA,0,19.0,2,2500,0,0,0,0,0,0
VM,0,0,0,19.0,0,0,0,0,0,0,0,0

SID,OMNI,20,1
VA,0,199.0,2,2500,0,0,0,0,0,0
VM,0,0,0,199.0,0,0,0,0,0,0,0,0

APPTR,R02,02,TD006
IF,TD006,-24.797275,-53.840014, ,0.0,0.0,2,5000,0,0,0,0,1,0
TF,TD003,-24.848594,-53.745569,0, ,0.0,0.0,0.0,0.0,2,3500,0,0,0,0,1,0

FINAL,R02,02,R,4
IF,TD003,-24.848594,-53.745569, ,0.0,0.0,2,3500,0,0,0,0,0,0
TF,TD002,-24.776775,-53.698700,0, ,0.0,0.0,49.0,5.0,2,3490,0,0,0,0,2,0
TF,TD005,-24.731636,-53.698036,0, ,0.0,0.0,19.0,2.7,2,2624,0,0,0,0,0,0
TF,RW02,-24.693183,-53.697467,0, ,0.0,0.0,19.0,2.3,1,1892,0,0,0,0,3,1
CA,0,19.0,2,2600,0,0,0,0,0,0
DF,TD006,-24.797275,-53.840014,1, ,0.0,0.0,2,5000,0,0,0,0,0,1
HM,TD006,-24.797275,-53.840014,1, ,0.0,0.0,139.0,04.3,2,5000,0,0,0,0,0,0,0

APPTR,R20,20,TD016
IF,TD016,-24.411875,-53.693336, ,0.0,0.0,2,5000,0,0,0,0,1,0
TF,TD013,-24.512186,-53.694808,0, ,0.0,0.0,0.0,0.0,2,3500,0,0,0,0,1,0

APPTR,R20,20,TD017
IF,TD017,-24.510800,-53.804442, ,0.0,0.0,2,5000,0,0,0,0,1,0
TF,TD013,-24.512186,-53.694808,0, ,0.0,0.0,0.0,0.0,2,3500,0,0,0,0,1,0

APPTR,R20,20,TD018
IF,TD018,-24.513494,-53.585172, ,0.0,0.0,2,5000,0,0,0,0,1,0
TF,TD013,-24.512186,-53.694808,0, ,0.0,0.0,0.0,0.0,2,3500,0,0,0,0,1,0

FINAL,R20,20,R,4
IF,TD013,-24.512186,-53.694808, ,0.0,0.0,2,3500,0,0,0,0,0,0
TF,TD012,-24.595778,-53.696036,0, ,0.0,0.0,199.0,5.0,2,3460,0,0,0,0,2,0
TF,TD015,-24.640917,-53.696700,0, ,0.0,0.0,199.0,2.7,2,2594,0,0,0,0,0,0
TF,RW20,-24.679369,-53.697264,0, ,0.0,0.0,199.0,2.3,1,1862,0,0,0,0,3,1
CA,0,199.0,2,2600,0,0,0,0,0,0
DF,TD017,-24.510800,-53.804442,2, ,0.0,0.0,2,5000,0,0,0,0,0,1
HM,TD017,-24.510800,-53.804442,2, ,0.0,0.0,109.0,04.3,2,5000,0,0,0,0,0,0,0

