SID,OMNI,15,1
VA,0,152.0,2,2000,0,0,0,0,0,0
VM,0,0,0,152.0,0,0,0,0,0,0,0,0

SID,OMNI,33,1
VA,0,332.0,2,2000,0,0,0,0,0,0
VM,0,0,0,332.0,0,0,0,0,0,0,0,0

APPTR,D15,15,TFE
IF,TFE,-3.387769,-64.728061, ,0.0,0.0,2,2000,0,0,0,0,1,0
FD,TFE,-3.387769,-64.728061,0,TFE,0.0,7.0,315.0,7.0,2,1900,0,0,0,0,0,0
CF,CF15,-3.283722,-64.781822,2,TFE,346.6,7.0,167.0,1.0,2,1900,0,0,0,0,0,0

FINAL,D15,15,D,4
IF,CF15,-3.283722,-64.781822,TFE,346.6,7.0,2,1900,0,0,0,0,0,0
CF,UPUKA,-3.303144,-64.771789,0,TFE,346.6,5.7,167.0,1.3,2,1830,0,0,0,0,2,0
CF,TF010,-3.343278,-64.751053,0,TFE,346.6,3.0,167.0,2.7,2,970,0,0,0,0,0,0
CF,TFE01,-3.377461,-64.733386,0,TFE,346.6,0.7,167.0,2.3,1,231,0,0,0,0,3,0
CF,TFE,-3.387769,-64.728061,0,TFE,0.0,0.0,167.0,0.7,0,0,0,0,0,0,0,0
CA,0,167.0,2,2000,0,0,0,0,0,0
DF,TFE,-3.387769,-64.728061,1, ,0.0,0.0,2,2000,0,0,0,0,0,0
HM,TFE,-3.387769,-64.728061,2, ,0.0,0.0,315.0,04.3,2,2000,0,0,0,0,0,0,0

APPTR,D33,33,TFE
IF,TFE,-3.387769,-64.728061, ,0.0,0.0,2,2000,0,0,0,0,1,0
FD,TFE,-3.387769,-64.728061,0,TFE,0.0,7.0,169.0,7.0,2,1900,0,0,0,0,0,0
CF,CF33,-3.451344,-64.630039,1,TFE,136.8,7.0,317.0,1.0,2,1900,0,0,0,0,0,0

FINAL,D33,33,D,4
IF,CF33,-3.451344,-64.630039,TFE,136.8,7.0,2,1900,0,0,0,0,0,0
CF,SURCA,-3.438542,-64.649783,0,TFE,136.8,5.6,317.0,1.4,2,1860,0,0,0,0,2,0
CF,TF017,-3.413019,-64.689131,0,TFE,136.8,2.8,317.0,2.8,2,962,0,0,0,0,0,0
CF,TF072,-3.391850,-64.721769,0,TFE,136.8,0.5,317.0,2.3,1,203,0,0,0,0,3,0
CF,TFE,-3.387769,-64.728061,0,TFE,0.0,0.0,317.0,0.5,0,0,0,0,0,0,0,0
CA,0,317.0,2,2000,0,0,0,0,0,0
DF,TFE,-3.387769,-64.728061,2, ,0.0,0.0,2,2000,0,0,0,0,0,0
HM,TFE,-3.387769,-64.728061,2, ,0.0,0.0,169.0,04.3,2,2000,0,0,0,0,0,0,0

APPTR,R15-Z,15,TF004
IF,TF004,-3.189347,-64.898469, ,0.0,0.0,2,4000,0,0,0,0,1,0
TF,TF003,-3.251439,-64.842564,0, ,0.0,0.0,0.0,0.0,2,2200,0,0,0,0,1,0

APPTR,R15-Z,15,TF006
IF,TF006,-3.177394,-64.803644, ,0.0,0.0,2,4000,0,0,0,0,1,0
TF,TF003,-3.251439,-64.842564,0, ,0.0,0.0,0.0,0.0,2,2200,0,0,0,0,1,0

APPTR,R15-Z,15,TF007
IF,TF007,-3.283008,-64.919736, ,0.0,0.0,2,4000,0,0,0,0,1,0
TF,TF003,-3.251439,-64.842564,0, ,0.0,0.0,0.0,0.0,2,2200,0,0,0,0,1,0

FINAL,R15-Z,15,R,4
IF,TF003,-3.251439,-64.842564, ,0.0,0.0,2,2200,0,0,0,0,0,0
TF,TF002,-3.313528,-64.786653,0, ,0.0,0.0,152.0,5.0,2,1830,0,0,0,0,2,0
TF,TF016,-3.347053,-64.756458,0, ,0.0,0.0,152.0,2.7,2,968,0,0,0,0,0,0
TF,RW15,-3.375611,-64.730736,0, ,0.0,0.0,152.0,2.3,1,236,0,0,0,0,3,1
CA,0,152.0,2,2000,0,0,0,0,0,0
DF,TF006,-3.177394,-64.803644,1, ,0.0,0.0,2,4000,0,0,0,0,0,1
HM,TF006,-3.177394,-64.803644,1, ,0.0,0.0,222.0,04.3,2,4000,0,0,0,0,0,0,0

APPTR,R33-Y,33,TF011
IF,TF011,-3.576594,-64.549644, ,0.0,0.0,2,4000,0,0,0,0,1,0
TF,TF008,-3.514522,-64.605586,0, ,0.0,0.0,0.0,0.0,2,2200,0,0,0,0,1,0

APPTR,R33-Y,33,TF012
IF,TF012,-3.482931,-64.528406, ,0.0,0.0,2,4000,0,0,0,0,1,0
TF,TF008,-3.514522,-64.605586,0, ,0.0,0.0,0.0,0.0,2,2200,0,0,0,0,1,0

APPTR,R33-Y,33,TF013
IF,TF013,-3.588569,-64.644508, ,0.0,0.0,2,4000,0,0,0,0,1,0
TF,TF008,-3.514522,-64.605586,0, ,0.0,0.0,0.0,0.0,2,2200,0,0,0,0,1,0

FINAL,R33-Y,33,R,4
IF,TF008,-3.514522,-64.605586, ,0.0,0.0,2,2200,0,0,0,0,0,0
TF,TF009,-3.452444,-64.661519,0, ,0.0,0.0,332.0,5.0,2,1850,0,0,0,0,2,0
TF,TF014,-3.433550,-64.678544,0, ,0.0,0.0,332.0,1.5,2,1360,0,0,0,0,0,0
TF,RW33,-3.389019,-64.718658,0, ,0.0,0.0,332.0,3.6,1,220,0,0,0,0,3,1
CA,0,332.0,2,2000,0,0,0,0,0,0
DF,TF013,-3.588569,-64.644508,1, ,0.0,0.0,2,4000,0,0,0,0,0,1
HM,TF013,-3.588569,-64.644508,1, ,0.0,0.0,42.0,04.3,2,4000,0,0,0,0,0,0,0

