SID,OMNI,10,1
CA,0,99.0,2,1000,0,0,0,0,0,0
VM,0,0,0,99.0,0,0,0,0,0,0,0,0

SID,OMNI,28,1
CA,0,279.0,2,1000,0,0,0,0,0,0
VM,0,0,0,279.0,0,0,0,0,0,0,0,0

APPTR,R10,10,UG094
IF,UG094,-29.896008,-56.972869, ,0.0,0.0,2,3000,0,0,0,0,1,0
TF,UG093,-29.891597,-57.164542,0, ,0.0,0.0,0.0,0.0,2,1800,0,0,0,0,0,0
TF,UG092,-29.827072,-57.184503,0, ,0.0,0.0,0.0,0.0,2,1600,0,0,0,0,1,0

FINAL,R10,10,R,4
IF,UG092,-29.827072,-57.184503, ,0.0,0.0,2,1600,0,0,0,0,0,0
TF,UG091,-29.788644,-57.121806,0, ,0.0,0.0,69.0,4.0,2,1580,0,0,0,0,2,0
TF,UG008,-29.786175,-57.090258,0, ,0.0,0.0,99.0,1.7,2,1059,0,0,0,0,0,0
TF,RW10,-29.782581,-57.044475,0, ,0.0,0.0,99.0,2.4,1,303,0,0,0,0,3,1
CA,0,99.0,2,1400,0,0,0,0,0,0
DF,UG094,-29.896008,-56.972869,2, ,0.0,0.0,2,3000,0,0,0,0,0,1
HM,UG094,-29.896008,-56.972869,2, ,0.0,0.0,285.0,04.3,2,3000,0,0,0,0,0,0,0

APPTR,R28-X,28,UG004
IF,UG004,-29.856886,-56.789644, ,0.0,0.0,2,3000,0,0,0,0,1,0
TF,UG003,-29.766233,-56.838711,0, ,0.0,0.0,0.0,0.0,2,2000,0,0,0,0,1,0

APPTR,R28-X,28,UG006
IF,UG006,-29.669283,-56.809494, ,0.0,0.0,2,3000,0,0,0,0,1,0
TF,UG003,-29.766233,-56.838711,0, ,0.0,0.0,0.0,0.0,2,2000,0,0,0,0,1,0

APPTR,R28-X,28,UG007
IF,UG007,-29.757003,-56.724306, ,0.0,0.0,2,3000,0,0,0,0,1,0
TF,UG003,-29.766233,-56.838711,0, ,0.0,0.0,0.0,0.0,2,2000,0,0,0,0,1,0

FINAL,R28-X,28,R,3
IF,UG003,-29.766233,-56.838711, ,0.0,0.0,2,2000,0,0,0,0,0,0
TF,UG016,-29.773969,-56.935672,0, ,0.0,0.0,279.0,5.1,2,1880,0,0,0,0,2,0
TF,RW28,-29.781522,-57.031039,0, ,0.0,0.0,279.0,5.0,1,283,0,0,0,0,3,1
TF,UG002,-29.787153,-57.102728,0, ,0.0,0.0,0.0,0.0,0,0,0,0,0,0,0,1
DF,UG009,-29.895053,-57.030608,1, ,0.0,0.0,2,3000,0,0,0,0,0,1
HM,UG009,-29.895053,-57.030608,2, ,0.0,0.0,99.0,04.3,2,3000,0,0,0,0,0,0,0

