APPTR,R08-Z,08,RS006
IF,RS006,-22.641775,-44.779775, ,0.0,0.0,2,7800,0,0,0,0,1,0
TF,RS004,-22.590961,-44.686575,0, ,0.0,0.0,0.0,0.0,2,5200,0,0,0,0,1,0

APPTR,R08-Z,08,RS008
IF,RS008,-22.677464,-44.631789, ,0.0,0.0,2,7800,0,0,0,0,1,0
TF,RS007,-22.634214,-44.659192,0, ,0.0,0.0,0.0,0.0,2,6400,0,0,0,0,0,0
TF,RS004,-22.590961,-44.686575,0, ,0.0,0.0,0.0,0.0,2,5200,0,0,0,0,1,0

FINAL,R08-Z,08,R,3
IF,RS004,-22.590961,-44.686575, ,0.0,0.0,2,5200,0,0,0,0,0,0
TF,RS003,-22.531611,-44.577928,0, ,0.0,0.0,82.0,7.0,2,3280,0,0,0,0,2,0
TF,RW08,-22.480581,-44.484644,0, ,0.0,0.0,82.0,6.0,1,1362,0,0,0,0,3,1
CA,0,82.0,2,4500,0,0,0,0,0,0
DF,RS008,-22.677464,-44.631789,2, ,0.0,0.0,2,7800,0,0,0,0,0,1
HM,RS008,-22.677464,-44.631789,2, ,0.0,0.0,352.0,04.3,2,7800,0,0,0,0,0,0,0

APPTR,R26-Y,26,RS013
IF,RS013,-22.348289,-44.243767, ,0.0,0.0,2,5800,0,0,0,0,1,0
TF,RS011,-22.390850,-44.321158,0, ,0.0,0.0,0.0,0.0,2,4100,0,0,0,0,1,0

APPTR,R26-Y,26,RS014
IF,RS014,-22.462836,-44.275386, ,0.0,0.0,2,5800,0,0,0,0,1,0
TF,RS011,-22.390850,-44.321158,0, ,0.0,0.0,0.0,0.0,2,4100,0,0,0,0,1,0

FINAL,R26-Y,26,R,3
IF,RS011,-22.390850,-44.321158, ,0.0,0.0,2,4100,0,0,0,0,0,0
TF,RS009,-22.433375,-44.398597,0, ,0.0,0.0,262.0,5.0,2,2960,0,0,0,0,2,0
TF,RW26,-22.475883,-44.476039,0, ,0.0,0.0,262.0,5.0,1,1366,0,0,0,0,3,1
CA,0,262.0,2,2800,0,1,210,0,0,0
DF,RS014,-22.462836,-44.275386,1, ,0.0,0.0,2,5800,0,1,210,0,0,1
HM,RS014,-22.462836,-44.275386,1, ,0.0,0.0,352.0,04.3,2,5800,0,1,210,0,0,0,0

