APPTR,R34-A,34,ET228
IF,ET228,-18.052181,-63.131444, ,0.0,0.0,2,4000,0,0,0,0,1,0
TF,ET224,-17.955206,-63.062786,0, ,0.0,0.0,0.0,0.0,2,4000,0,1,200,0,1,0

FINAL,R34-A,34,R,3
IF,ET224,-17.955206,-63.062786, ,0.0,0.0,2,4000,0,0,0,0,0,0
TF,ET222,-17.887436,-63.114039,0, ,0.0,0.0,338.0,5.0,2,3200,0,1,200,0,2,0
TF,ET220,-17.837039,-63.152142,0, ,0.0,0.0,338.0,3.7,1,1861,0,1,160,0,3,1
TF,ET218,-17.682400,-63.358481,0, ,0.0,0.0,0.0,0.0,2,4000,0,1,185,0,0,1
HM,ET218,-17.682400,-63.358481,2, ,0.0,0.0,141.0,04.3,2,4000,0,0,0,0,0,0,0

