APPTR,D24-Z,24,PTS
IF,PTS,-19.523889,-65.691944, ,0.0,0.0,1,18000,0,0,0,0,1,0
FD,PTS,-19.523889,-65.691944,0,PTS,0.0,11.0,94.0,11.0,0,0,0,0,0,0,0,0
CF,FF24,-19.426289,-65.527436,1,PTS,68.0,11.0,248.0,1.0,2,17000,0,0,0,0,0,0

FINAL,D24-Z,24,D,2
IF,FF24,-19.426289,-65.527436,PTS,68.0,11.0,2,17000,0,0,0,0,2,0
CF,MA24,-19.499944,-65.651547,0,PTS,68.0,2.7,248.0,8.3,1,14226,0,0,0,0,3,0
CF,D246J,-19.617383,-65.838314,0,PTS,246.0,10.0,246.0,12.7,2,16200,0,0,0,0,0,0
TF,D219T,-19.816456,-65.863344,0, ,0.0,0.0,0.0,0.0,2,17000,0,0,0,0,0,0
AF,D121T,-19.643497,-65.362233,1,PTS,121.0,20.0,219.0,2,17000,0,0,0,0,0,0
TF,PTS,-19.523889,-65.691944,0, ,0.0,0.0,0.0,0.0,2,17000,0,0,0,0,0,0
HM,PTS,-19.523889,-65.691944,1, ,0.0,0.0,86.0,04.3,0,0,0,0,0,0,0,0,0

