SID,OMNI,09,1
CA,0,91.0,2,1000,0,0,0,0,0,0
VM,0,0,0,91.0,0,0,0,0,0,0,0,0

SID,OMNI,27,1
CA,0,271.0,2,1000,0,0,0,0,0,0
VM,0,0,0,271.0,0,0,0,0,0,0,0,0

APPTR,R09,09,SL004
IF,SL004,-0.782650,-47.578550, ,0.0,0.0,2,3400,0,0,0,0,1,0
TF,SL003,-0.754653,-47.500144,0, ,0.0,0.0,0.0,0.0,2,3400,0,0,0,0,1,0

APPTR,R09,09,SL006
IF,SL006,-0.659942,-47.533519, ,0.0,0.0,2,3400,0,0,0,0,1,0
TF,SL003,-0.754653,-47.500144,0, ,0.0,0.0,0.0,0.0,2,3400,0,0,0,0,1,0

APPTR,R09,09,SL007
IF,SL007,-0.849364,-47.466767, ,0.0,0.0,2,3400,0,0,0,0,1,0
TF,SL003,-0.754653,-47.500144,0, ,0.0,0.0,0.0,0.0,2,3400,0,0,0,0,1,0

FINAL,R09,09,R,4
IF,SL003,-0.754653,-47.500144, ,0.0,0.0,2,3400,0,0,0,0,0,0
TF,SL002,-0.726656,-47.421739,0, ,0.0,0.0,91.0,5.0,2,1730,0,0,0,0,2,0
TF,SL005,-0.711536,-47.379403,0, ,0.0,0.0,91.0,2.7,2,863,0,0,0,0,0,0
TF,RW09,-0.698656,-47.343336,0, ,0.0,0.0,91.0,2.3,1,130,0,0,0,0,3,1
VA,0,91.0,2,1200,0,0,0,0,0,0
DF,SL006,-0.659942,-47.533519,1, ,0.0,0.0,2,3400,0,0,0,0,0,1
HM,SL006,-0.659942,-47.533519,1, ,0.0,0.0,181.0,04.3,2,3400,0,0,0,0,0,0,0

