APPTR,R16,16,EI023
IF,EI023,-6.396061,-69.975411, ,0.0,0.0,2,3000,0,0,0,0,1,0
TF,EI022,-6.473986,-69.944772,0, ,0.0,0.0,0.0,0.0,2,2500,0,0,0,0,1,0

APPTR,R16,16,EI024
IF,EI024,-6.510756,-70.038264, ,0.0,0.0,2,3000,0,0,0,0,1,0
TF,EI022,-6.473986,-69.944772,0, ,0.0,0.0,0.0,0.0,2,2500,0,0,0,0,1,0

APPTR,R16,16,EI026
IF,EI026,-6.437197,-69.851294, ,0.0,0.0,2,3000,0,0,0,0,1,0
TF,EI022,-6.473986,-69.944772,0, ,0.0,0.0,0.0,0.0,2,2500,0,0,0,0,1,0

FINAL,R16,16,R,3
IF,EI022,-6.473986,-69.944772, ,0.0,0.0,2,2500,0,0,0,0,0,0
TF,EI021,-6.551906,-69.914125,0, ,0.0,0.0,169.0,5.0,2,2060,0,0,0,0,2,0
TF,RW16,-6.629819,-69.883472,0, ,0.0,0.0,169.0,5.0,1,464,0,0,0,0,3,1
VA,0,169.0,2,2000,0,0,0,0,0,0
DF,EI026,-6.437197,-69.851294,1, ,0.0,0.0,2,3000,0,0,0,0,0,1
HM,EI026,-6.437197,-69.851294,2, ,0.0,0.0,259.0,04.3,2,3000,0,0,0,0,0,0,0

APPTR,R34,34,EI013
IF,EI013,-6.882922,-69.783811, ,0.0,0.0,2,3000,0,0,0,0,1,0
TF,EI012,-6.805011,-69.814500,0, ,0.0,0.0,0.0,0.0,2,2500,0,0,0,0,1,0

APPTR,R34,34,EI014
IF,EI014,-6.841806,-69.908044, ,0.0,0.0,2,3000,0,0,0,0,1,0
TF,EI012,-6.805011,-69.814500,0, ,0.0,0.0,0.0,0.0,2,2500,0,0,0,0,1,0

APPTR,R34,34,EI016
IF,EI016,-6.768197,-69.720969, ,0.0,0.0,2,3000,0,0,0,0,1,0
TF,EI012,-6.805011,-69.814500,0, ,0.0,0.0,0.0,0.0,2,2500,0,0,0,0,1,0

FINAL,R34,34,R,3
IF,EI012,-6.805011,-69.814500, ,0.0,0.0,2,2500,0,0,0,0,0,0
TF,EI011,-6.727094,-69.845181,0, ,0.0,0.0,349.0,5.0,2,2060,0,0,0,0,2,0
TF,RW34,-6.649181,-69.875850,0, ,0.0,0.0,349.0,5.0,1,460,0,0,0,0,3,1
VA,0,349.0,2,2000,0,0,0,0,0,0
DF,EI016,-6.768197,-69.720969,2, ,0.0,0.0,2,3000,0,0,0,0,0,1
HM,EI016,-6.768197,-69.720969,2, ,0.0,0.0,259.0,04.3,2,3000,0,0,0,0,0,0,0

