SID,OMNI,09,1
CA,0,95.0,2,1600,0,0,0,0,0,0
VM,0,0,0,95.0,0,0,0,0,0,0,0,0

SID,OMNI,27,1
CA,0,275.0,2,1600,0,0,0,0,0,0
VM,0,0,0,275.0,0,0,0,0,0,0,0,0

APPTR,R09-Y,09,GN011
IF,GN011,-7.302644,-48.489147, ,0.0,0.0,2,3900,0,0,0,0,1,0
TF,GN009,-7.278511,-48.408847,0, ,0.0,0.0,0.0,0.0,2,2600,0,0,0,0,1,0

APPTR,R09-Y,09,GN012
IF,GN012,-7.182297,-48.437842, ,0.0,0.0,2,3900,0,0,0,0,1,0
TF,GN009,-7.278511,-48.408847,0, ,0.0,0.0,0.0,0.0,2,2600,0,0,0,0,1,0

APPTR,R09-Y,09,GN013
IF,GN013,-7.374731,-48.379856, ,0.0,0.0,2,3900,0,0,0,0,1,0
TF,GN009,-7.278511,-48.408847,0, ,0.0,0.0,0.0,0.0,2,2600,0,0,0,0,1,0

FINAL,R09-Y,09,R,4
IF,GN009,-7.278511,-48.408847, ,0.0,0.0,2,2600,0,0,0,0,0,0
TF,GN008,-7.254367,-48.328558,0, ,0.0,0.0,95.0,5.0,2,2420,0,0,0,0,2,0
TF,GN021,-7.241322,-48.285203,0, ,0.0,0.0,95.0,2.7,2,1556,0,0,0,0,0,0
TF,RW09,-7.230206,-48.248275,0, ,0.0,0.0,95.0,2.3,1,824,0,0,0,0,3,1
VA,0,95.0,2,2000,0,0,0,0,0,0
DF,GN012,-7.182297,-48.437842,1, ,0.0,0.0,2,3900,0,0,0,0,0,1
HM,GN012,-7.182297,-48.437842,1, ,0.0,0.0,185.0,04.3,2,3900,0,0,0,0,0,0,0

APPTR,R27-Y,27,GN004
IF,GN004,-7.152939,-47.991903, ,0.0,0.0,2,3900,0,0,0,0,1,0
TF,GN003,-7.177144,-48.072156,0, ,0.0,0.0,0.0,0.0,2,2400,0,0,0,0,1,0

APPTR,R27-Y,27,GN006
IF,GN006,-7.273333,-48.043072, ,0.0,0.0,2,3900,0,0,0,0,1,0
TF,GN003,-7.177144,-48.072156,0, ,0.0,0.0,0.0,0.0,2,2400,0,0,0,0,1,0

APPTR,R27-Y,27,GN007
IF,GN007,-7.080961,-48.101247, ,0.0,0.0,2,3900,0,0,0,0,1,0
TF,GN003,-7.177144,-48.072156,0, ,0.0,0.0,0.0,0.0,2,2400,0,0,0,0,1,0

FINAL,R27-Y,27,R,4
IF,GN003,-7.177144,-48.072156, ,0.0,0.0,2,2400,0,0,0,0,0,0
TF,GN002,-7.201336,-48.152419,0, ,0.0,0.0,275.0,5.0,2,2380,0,0,0,0,2,0
TF,GN023,-7.214394,-48.195767,0, ,0.0,0.0,275.0,2.7,2,1512,0,0,0,0,0,0
TF,RW27,-7.225514,-48.232692,0, ,0.0,0.0,275.0,2.3,1,780,0,0,0,0,3,1
VA,0,275.0,2,2000,0,0,0,0,0,0
DF,GN006,-7.273333,-48.043072,1, ,0.0,0.0,2,3900,0,0,0,0,0,1
HM,GN006,-7.273333,-48.043072,1, ,0.0,0.0,5.0,04.3,2,3900,0,0,0,0,0,0,0

