APPTR,R15-M,15,AGJ
IF,AGJ,31.185506,-98.141858, ,0.0,0.0,0,0,0,0,0,0,0,0
TF,ECHES,31.319747,-98.280617,0, ,0.0,0.0,0.0,0.0,2,3500,0,0,0,0,0,0
TF,JUVUR,31.693631,-98.670019,0, ,0.0,0.0,0.0,0.0,2,3500,0,0,0,0,1,0
TF,NOMIE,31.646544,-98.793014,0, ,0.0,0.0,0.0,0.0,2,3500,0,0,0,0,1,0

APPTR,R15-M,15,LAUDU
IF,LAUDU,31.599342,-98.915886, ,0.0,0.0,0,0,0,0,0,0,1,0
TF,NOMIE,31.646544,-98.793014,0, ,0.0,0.0,0.0,0.0,2,3500,0,0,0,0,1,0

APPTR,R15-M,15,NOMIE
HF,NOMIE,31.646544,-98.793014,2, ,0.0,0.0,152.0,04,2,3500,0,0,0,0,1,0,0

FINAL,R15-M,15,R,4
IF,NOMIE,31.646544,-98.793014, ,0.0,0.0,2,3500,0,0,0,0,0,0
TF,SMOKK,31.555089,-98.745139,0, ,0.0,0.0,152.0,6.0,2,3000,0,0,0,0,2,0
TF,SKIPG,31.503389,-98.718122,0, ,0.0,0.0,152.0,3.4,2,1920,0,0,0,0,0,0
TF,RW15,31.477647,-98.704683,0, ,0.0,0.0,152.0,1.7,1,1378,0,0,0,0,3,1
CA,0,152.0,2,1637,0,0,0,0,0,0
DF,WUPAM,31.295706,-98.609922,0, ,0.0,0.0,2,3500,0,0,0,0,0,1
HM,WUPAM,31.295706,-98.609922,2, ,0.0,0.0,332.0,04,0,0,0,0,0,0,0,0,0

APPTR,R33-M,33,CURAK
IF,CURAK,31.248678,-98.732431, ,0.0,0.0,0,0,0,0,0,0,1,0
TF,WUPAM,31.295706,-98.609922,0, ,0.0,0.0,0.0,0.0,2,3500,0,0,0,0,1,0

APPTR,R33-M,33,HALUK
IF,HALUK,31.342619,-98.487294, ,0.0,0.0,0,0,0,0,0,0,1,0
TF,WUPAM,31.295706,-98.609922,0, ,0.0,0.0,0.0,0.0,2,3500,0,0,0,0,1,0

APPTR,R33-M,33,WUPAM
HF,WUPAM,31.295706,-98.609922,2, ,0.0,0.0,332.0,04,2,3500,0,0,0,0,1,0,0

FINAL,R33-M,33,R,4
IF,WUPAM,31.295706,-98.609922, ,0.0,0.0,2,3500,0,0,0,0,0,0
TF,JENEB,31.387217,-98.657533,0, ,0.0,0.0,332.0,6.0,2,3000,0,0,0,0,2,0
TF,WODEL,31.439889,-98.684983,0, ,0.0,0.0,332.0,3.5,2,1900,0,0,0,0,0,0
TF,RW33,31.466153,-98.698686,0, ,0.0,0.0,332.0,1.7,1,1352,0,0,0,0,3,1
CA,0,332.0,2,1575,0,0,0,0,0,0
DF,NOMIE,31.646544,-98.793014,0, ,0.0,0.0,2,3500,0,0,0,0,0,1
HM,NOMIE,31.646544,-98.793014,2, ,0.0,0.0,152.0,04,0,0,0,0,0,0,0,0,0

