APPTR,R08,08,ANTEX
IF,ANTEX,18.479250,-68.000000, ,0.0,0.0,0,0,0,0,0,0,0,0
TF,JUNTA,18.388731,-67.479733,0, ,0.0,0.0,0.0,0.0,2,4000,0,0,0,0,1,0
TF,ODEZZ,18.439344,-67.312656,0, ,0.0,0.0,0.0,0.0,2,2500,0,0,0,0,1,0

APPTR,R08,08,BQN
IF,BQN,18.498403,-67.108422, ,0.0,0.0,0,0,0,0,0,0,0,0
TF,ODEZZ,18.439344,-67.312656,0, ,0.0,0.0,0.0,0.0,2,2500,0,0,0,0,0,0
HF,ODEZZ,18.439344,-67.312656,1, ,0.0,0.0,82.0,04,2,2500,0,0,0,0,1,0,0

APPTR,R08,08,IDAHO
IF,IDAHO,19.260522,-67.639553, ,0.0,0.0,0,0,0,0,0,0,0,0
TF,AQABA,18.595878,-67.374692,0, ,0.0,0.0,0.0,0.0,2,6000,0,0,0,0,1,0
TF,ODEZZ,18.439344,-67.312656,0, ,0.0,0.0,0.0,0.0,2,2500,0,0,0,0,1,0

APPTR,R08,08,MAZ
IF,MAZ,18.256453,-67.151042, ,0.0,0.0,0,0,0,0,0,0,0,0
TF,DROUN,18.359619,-67.286189,0, ,0.0,0.0,0.0,0.0,2,4000,0,0,0,0,1,0
TF,ODEZZ,18.439344,-67.312656,0, ,0.0,0.0,0.0,0.0,2,2500,0,0,0,0,1,0

FINAL,R08,08,R,3
IF,ODEZZ,18.439344,-67.312656, ,0.0,0.0,2,2500,0,0,0,0,0,0
TF,INNES,18.464761,-67.228850,0, ,0.0,0.0,82.0,5.0,2,1900,0,0,0,0,2,0
TF,RW08,18.490308,-67.144467,0, ,0.0,0.0,82.0,5.0,1,287,0,0,0,0,3,1
CA,0,82.0,2,1000,0,0,0,0,0,0
DF,ODEZZ,18.439344,-67.312656,1, ,0.0,0.0,2,2500,0,0,0,0,0,0
HM,ODEZZ,18.439344,-67.312656,1, ,0.0,0.0,82.0,04,0,0,0,0,0,0,0,0,0

APPTR,R26,26,LIYIP
IF,LIYIP,18.732825,-66.916681, ,0.0,0.0,0,0,0,1,210,0,1,0
TF,TBURN,18.574828,-66.864489,0, ,0.0,0.0,0.0,0.0,2,4800,0,1,210,0,1,0

APPTR,R26,26,TBURN
HF,TBURN,18.574828,-66.864489,2, ,0.0,0.0,262.0,05,2,4800,0,1,210,0,1,0,0

FINAL,R26,26,R,3
IF,TBURN,18.574828,-66.864489, ,0.0,0.0,2,4800,0,1,210,0,0,0
TF,CUREV,18.524364,-67.031761,0, ,0.0,0.0,262.0,10.0,2,1800,0,0,0,0,2,0
TF,RW26,18.499719,-67.113344,0, ,0.0,0.0,262.0,4.9,1,246,0,0,0,0,3,1
CA,0,262.0,2,638,0,0,0,0,0,0
DF,WITRA,18.472317,-67.204053,0, ,0.0,0.0,0,0,0,0,0,0,0,0
TF,AQABA,18.595878,-67.374692,0, ,0.0,0.0,0.0,0.0,2,3000,0,1,250,0,0,1
HM,AQABA,18.595878,-67.374692,2, ,0.0,0.0,121.0,04,0,0,0,0,0,0,0,0,0

