SID,BOPAT2,10,5
CA,0,96.0,2,420,0,0,0,0,0,0
DF,BOPAT,17.906228,-63.225883,2, ,0.0,0.0,2,4000,0,0,0,0,0,1

SID,BOPAT2,DANDE,6
IF,BOPAT,17.906228,-63.225883, ,0.0,0.0,2,4000,0,0,0,0,0,0
TF,DANDE,17.504189,-63.664672,0, ,0.0,0.0,0.0,0.0,0,0,0,0,0,0,0,0

SID,BOPAT2,GOUDA,6
IF,BOPAT,17.906228,-63.225883, ,0.0,0.0,2,4000,0,0,0,0,0,0
TF,GOUDA,17.934019,-63.666667,0, ,0.0,0.0,0.0,0.0,0,0,0,0,0,0,0,0

SID,BOPAT2,JUICE,6
IF,BOPAT,17.906228,-63.225883, ,0.0,0.0,2,4000,0,0,0,0,0,0
TF,JUICE,18.130939,-63.666667,0, ,0.0,0.0,0.0,0.0,0,0,0,0,0,0,0,0

SID,MODOR2,10,5
CA,0,96.0,2,420,0,0,0,0,0,0
DF,MODOR,17.874439,-63.081944,2, ,0.0,0.0,2,4000,0,0,0,0,0,1

SID,MODOR2,DANDE,6
IF,MODOR,17.874439,-63.081944, ,0.0,0.0,2,4000,0,0,0,0,0,0
TF,DANDE,17.504189,-63.664672,0, ,0.0,0.0,0.0,0.0,0,0,0,0,0,0,0,0

SID,MODOR2,ELOPO,6
IF,MODOR,17.874439,-63.081944, ,0.0,0.0,2,4000,0,0,0,0,0,0
TF,ELOPO,17.650056,-62.554389,0, ,0.0,0.0,0.0,0.0,0,0,0,0,0,0,0,0

SID,MODOR2,GOUDA,6
IF,MODOR,17.874439,-63.081944, ,0.0,0.0,2,4000,0,0,0,0,0,0
TF,GOUDA,17.934019,-63.666667,2, ,0.0,0.0,0.0,0.0,0,0,0,0,0,0,0,0

SID,MODOR2,JUICE,6
IF,MODOR,17.874439,-63.081944, ,0.0,0.0,2,4000,0,0,0,0,0,0
TF,JUICE,18.130939,-63.666667,2, ,0.0,0.0,0.0,0.0,0,0,0,0,0,0,0,0

SID,MODOR2,MNOLO,6
IF,MODOR,17.874439,-63.081944, ,0.0,0.0,2,4000,0,0,0,0,0,0
TF,MNOLO,18.345561,-62.802103,1, ,0.0,0.0,0.0,0.0,0,0,0,0,0,0,0,0

SID,MODOR2,TRNKY,6
IF,MODOR,17.874439,-63.081944, ,0.0,0.0,2,4000,0,0,0,0,0,0
TF,TRNKY,18.420281,-63.189703,1, ,0.0,0.0,0.0,0.0,0,0,0,0,0,0,0,0

SID,MODOR2,ZPATA,6
IF,MODOR,17.874439,-63.081944, ,0.0,0.0,2,4000,0,0,0,0,0,0
TF,ZPATA,17.473056,-62.833056,0, ,0.0,0.0,0.0,0.0,0,0,0,0,0,0,0,0

APPTR,D10-Z,10,DANDE
IF,DANDE,17.504189,-63.664672, ,0.0,0.0,0,0,0,0,0,0,0,0
TF,D238J,17.918719,-63.240783,0, ,0.0,0.0,0.0,0.0,2,2600,0,0,0,0,0,0
AF,ULUBA,18.014753,-63.291464,2,PJM,276.0,10.0,238.0,2,1600,0,0,0,0,1,0

APPTR,D10-Z,10,ESVAN
IF,ESVAN,17.586142,-62.890228, ,0.0,0.0,0,0,0,0,0,0,0,0
TF,D168J,17.887492,-63.042117,0, ,0.0,0.0,0.0,0.0,2,2600,0,0,0,0,0,0
AF,ULUBA,18.014753,-63.291464,2,PJM,276.0,10.0,168.0,2,1600,0,0,0,0,1,0

APPTR,D10-Z,10,GABUL
IF,GABUL,18.224644,-63.408875, ,0.0,0.0,0,0,0,0,0,0,0,0
TF,D318J,18.131442,-63.263494,0, ,0.0,0.0,0.0,0.0,2,2600,0,0,0,0,0,0
AF,ULUBA,18.014753,-63.291464,1,PJM,276.0,10.0,318.0,2,1600,0,0,0,0,1,0

APPTR,D10-Z,10,GOUDA
IF,GOUDA,17.934019,-63.666667, ,0.0,0.0,0,0,0,0,0,0,0,0
TF,D272J,18.005517,-63.289822,0, ,0.0,0.0,0.0,0.0,2,2600,0,0,0,0,0,0
AF,ULUBA,18.014753,-63.291464,2,PJM,276.0,10.0,272.0,2,1600,0,0,0,0,1,0

APPTR,D10-Z,10,JUICE
IF,JUICE,18.130939,-63.666667, ,0.0,0.0,0,0,0,0,0,0,0,0
TF,D294J,18.067664,-63.290456,0, ,0.0,0.0,0.0,0.0,2,2600,0,0,0,0,0,0
AF,ULUBA,18.014753,-63.291464,1,PJM,276.0,10.0,294.0,2,1600,0,0,0,0,1,0

APPTR,D10-Z,10,MNOLO
IF,MNOLO,18.345561,-62.802103, ,0.0,0.0,0,0,0,0,0,0,0,0
TF,PJM,18.038117,-63.118278,0, ,0.0,0.0,0.0,0.0,2,2600,0,0,0,0,1,0
TF,D318J,18.131442,-63.263494,0, ,0.0,0.0,0.0,0.0,2,1600,0,0,0,0,0,0
AF,ULUBA,18.014753,-63.291464,1,PJM,276.0,10.0,318.0,2,1600,0,0,0,0,1,0

APPTR,D10-Z,10,ONBED
IF,ONBED,17.843047,-62.834183, ,0.0,0.0,0,0,0,0,0,0,0,0
TF,PJM,18.038117,-63.118278,0, ,0.0,0.0,0.0,0.0,2,2600,0,0,0,0,1,0
TF,D318J,18.131442,-63.263494,0, ,0.0,0.0,0.0,0.0,2,1600,0,0,0,0,0,0
AF,ULUBA,18.014753,-63.291464,1,PJM,276.0,10.0,318.0,2,1600,0,0,0,0,1,0

APPTR,D10-Z,10,TRNKY
IF,TRNKY,18.420281,-63.189703, ,0.0,0.0,0,0,0,0,0,0,0,0
TF,D004J,18.202897,-63.148678,0, ,0.0,0.0,0.0,0.0,2,2600,0,0,0,0,0,0
AF,ULUBA,18.014753,-63.291464,1,PJM,276.0,10.0,4.0,2,1600,0,0,0,0,1,0

FINAL,D10-Z,10,D,3
IF,ULUBA,18.014753,-63.291464,PJM,276.0,10.0,2,1600,0,0,0,0,0,0
CF,DEBIR,18.026636,-63.203514,0,PJM,276.0,4.9,96.0,5.1,2,1600,0,0,0,0,2,0
CF,MA10,18.033456,-63.152919,0,PJM,276.0,2.0,96.0,2.9,1,691,0,0,0,0,3,0
CD, ,0,0,0,PJM,0,0.0,180.0,7.0,0,0,0,1,205,0,0,0
DF,PJM,18.038117,-63.118278,1, ,0.0,0.0,2,4000,0,0,0,0,0,0
HM,PJM,18.038117,-63.118278,1, ,0.0,0.0,308.0,04.3,0,0,0,1,240,0,0,0,0

APPTR,R10,10,DANDE
IF,DANDE,17.504189,-63.664672, ,0.0,0.0,2,2600,0,0,0,0,0,0
TF,AVAKI,18.014233,-63.294867,0, ,0.0,0.0,0.0,0.0,2,2600,0,0,0,0,1,0

APPTR,R10,10,ELOPO
IF,ELOPO,17.650056,-62.554389, ,0.0,0.0,2,2600,0,0,0,0,0,0
TF,UMANA,17.914953,-63.279256,0, ,0.0,0.0,0.0,0.0,2,2600,0,0,0,0,1,0
TF,AVAKI,18.014233,-63.294867,0, ,0.0,0.0,0.0,0.0,2,2600,0,0,0,0,0,0

APPTR,R10,10,GABUL
IF,GABUL,18.224644,-63.408875, ,0.0,0.0,2,2600,0,0,0,0,0,0
TF,AVAKI,18.014233,-63.294867,0, ,0.0,0.0,0.0,0.0,2,2600,0,0,0,0,1,0

APPTR,R10,10,GOUDA
IF,GOUDA,17.934019,-63.666667, ,0.0,0.0,2,2600,0,0,0,0,0,0
TF,AVAKI,18.014233,-63.294867,0, ,0.0,0.0,0.0,0.0,2,2600,0,0,0,0,1,0

APPTR,R10,10,JUICE
IF,JUICE,18.130939,-63.666667, ,0.0,0.0,2,2600,0,0,0,0,0,0
TF,AVAKI,18.014233,-63.294867,0, ,0.0,0.0,0.0,0.0,2,2600,0,0,0,0,1,0

APPTR,R10,10,MNOLO
IF,MNOLO,18.345561,-62.802103, ,0.0,0.0,2,2600,0,0,0,0,0,0
TF,OTMOT,18.113511,-63.310494,0, ,0.0,0.0,0.0,0.0,2,2600,0,0,0,0,1,0
TF,AVAKI,18.014233,-63.294867,0, ,0.0,0.0,0.0,0.0,2,2600,0,0,0,0,0,0

APPTR,R10,10,ONBED
IF,ONBED,17.843047,-62.834183, ,0.0,0.0,2,2600,0,0,0,0,0,0
TF,UMANA,17.914953,-63.279256,0, ,0.0,0.0,0.0,0.0,2,2600,0,0,0,0,1,0
TF,AVAKI,18.014233,-63.294867,0, ,0.0,0.0,0.0,0.0,2,2600,0,0,0,0,0,0

APPTR,R10,10,PFANG
IF,PFANG,18.205247,-63.092647, ,0.0,0.0,2,2600,0,0,0,0,0,0
TF,OTMOT,18.113511,-63.310494,0, ,0.0,0.0,0.0,0.0,2,2600,0,0,0,0,1,0
TF,AVAKI,18.014233,-63.294867,0, ,0.0,0.0,0.0,0.0,2,2600,0,0,0,0,0,0

APPTR,R10,10,SLUGO
IF,SLUGO,18.389444,-63.666667, ,0.0,0.0,2,2600,0,0,0,0,0,0
TF,AVAKI,18.014233,-63.294867,0, ,0.0,0.0,0.0,0.0,2,2600,0,0,0,0,1,0

APPTR,R10,10,TRNKY
IF,TRNKY,18.420281,-63.189703, ,0.0,0.0,2,2600,0,0,0,0,0,0
TF,OTMOT,18.113511,-63.310494,0, ,0.0,0.0,0.0,0.0,2,2600,0,0,0,0,1,0
TF,AVAKI,18.014233,-63.294867,0, ,0.0,0.0,0.0,0.0,2,2600,0,0,0,0,0,0

APPTR,R10,10,ZPATA
IF,ZPATA,17.473056,-62.833056, ,0.0,0.0,2,3000,0,0,0,0,0,0
TF,UMANA,17.914953,-63.279256,0, ,0.0,0.0,0.0,0.0,2,3000,0,0,0,0,1,0
TF,AVAKI,18.014233,-63.294867,0, ,0.0,0.0,0.0,0.0,2,2600,0,0,0,0,0,0

FINAL,R10,10,R,3
IF,AVAKI,18.014233,-63.294867, ,0.0,0.0,2,2600,0,0,0,0,0,0
TF,LESOR,18.026806,-63.207728,0, ,0.0,0.0,95.0,5.0,2,1700,0,0,0,0,2,0
TF,MAPON,18.034475,-63.154014,0, ,0.0,0.0,96.0,3.1,1,699,0,0,0,0,3,1
DF,ONBED,17.843047,-62.834183,0, ,0.0,0.0,2,4000,0,1,205,0,0,1
HM,ONBED,17.843047,-62.834183,2, ,0.0,0.0,320.0,04.3,3,14000,0,1,240,0,0,0,0

APPTR,S10-X,10,PJM
IF,PJM,18.038117,-63.118278, ,0.0,0.0,2,4000,0,0,0,0,1,0
FC,PJM,18.038117,-63.118278,0,PJM,0.0,0.0,308.0,7.0,2,1600,0,0,0,0,0,1
CF,FF10,18.026817,-63.202172,1,PJM,276.0,4.8,96.0,2.0,2,1600,0,0,0,0,0,0

FINAL,S10-X,10,D,2
IF,FF10,18.026817,-63.202172,PJM,276.0,4.8,2,1600,0,0,0,0,2,0
CF,PJM,18.038117,-63.118278,0,PJM,0.0,0.0,96.0,4.8,1,59,0,0,0,0,3,0
CA,0,96.0,2,420,0,0,0,0,0,0
CD, ,0,0,0,PJM,0,0.0,180.0,7.0,2,2600,0,0,0,0,0,0
DF,PJM,18.038117,-63.118278,1, ,0.0,0.0,2,4000,0,0,0,0,0,0
HM,PJM,18.038117,-63.118278,1, ,0.0,0.0,308.0,04.3,2,4000,0,1,240,0,0,0,0

APPTR,S10-Y,10,PJM
IF,PJM,18.038117,-63.118278, ,0.0,0.0,2,4000,0,0,0,0,1,0
FC,PJM,18.038117,-63.118278,0,PJM,0.0,0.0,288.0,9.0,2,1600,0,0,0,0,0,1
CF,FF10,18.026817,-63.202172,1,PJM,276.0,4.8,96.0,4.0,2,1600,0,0,0,0,0,0

FINAL,S10-Y,10,D,2
IF,FF10,18.026817,-63.202172,PJM,276.0,4.8,2,1600,0,0,0,0,2,0
CF,PJM,18.038117,-63.118278,0,PJM,0.0,0.0,96.0,4.8,1,59,0,0,0,0,3,0
CA,0,96.0,2,420,0,0,0,0,0,0
CD, ,0,0,0,PJM,0,0.0,180.0,7.0,2,2600,0,0,0,0,0,0
DF,PJM,18.038117,-63.118278,1, ,0.0,0.0,2,4000,0,0,0,0,0,0
HM,PJM,18.038117,-63.118278,1, ,0.0,0.0,308.0,04.3,2,4000,0,1,240,0,0,0,0

