SID,ESKI1A,02R,5
CA,0,21.0,2,2000,0,1,290,0,0,0
DF,ESKIZ,42.089167,67.074722,2, ,0.0,0.0,2,12000,0,1,290,0,0,0

SID,ESKI1B,20L,5
CA,0,201.0,2,2000,0,1,290,0,0,0
DF,ESKIZ,42.089167,67.074722,0, ,0.0,0.0,2,12000,0,1,290,0,0,0

SID,PAVE1A,02R,5
CA,0,21.0,2,2000,0,1,290,0,0,0
DF,PAVEL,42.996389,66.778333,1, ,0.0,0.0,2,12000,0,1,290,0,0,0

SID,PAVE1B,20L,5
CA,0,201.0,2,2000,0,1,290,0,0,0
DF,PAVEL,42.996389,66.778333,2, ,0.0,0.0,2,12000,0,1,290,0,0,0

SID,RAZB1A,02R,5
CA,0,21.0,2,2000,0,1,290,0,0,0
CF,RAZBI,42.998333,67.592500,0,KZO,131.4,134.6,7.0,12.0,2,4000,0,1,290,0,0,0

SID,RAZB1B,20L,5
CA,0,201.0,2,2000,0,1,290,0,0,0
DF,RAZBI,42.998333,67.592500,2, ,0.0,0.0,2,4000,0,1,290,0,0,0

SID,TONL1A,02R,5
CA,0,21.0,2,2000,0,1,290,0,0,0
DF,TONLA,42.226111,68.252222,2, ,0.0,0.0,2,6000,0,1,290,0,0,0

SID,TONL1B,20L,5
CA,0,201.0,2,2000,0,1,290,0,0,0
DF,TONLA,42.226111,68.252222,0, ,0.0,0.0,2,6000,0,1,290,0,0,0

STAR,ESKI1C,02R,5
IF,ESKIZ,42.089167,67.074722, ,0.0,0.0,2,12000,0,1,250,0,0,0
TF,IK212,42.498042,67.306378,0, ,0.0,0.0,0.0,0.0,2,3000,0,1,250,0,0,0

STAR,ESKI1D,20L,5
IF,ESKIZ,42.089167,67.074722, ,0.0,0.0,2,12000,0,1,250,0,0,0
TF,IK351,42.589842,67.523675,0, ,0.0,0.0,0.0,0.0,2,7000,0,1,250,0,0,0
TF,IK311,42.887439,67.735331,0, ,0.0,0.0,0.0,0.0,2,3000,0,1,250,0,0,0

STAR,PAVE1C,02R,5
IF,PAVEL,42.996389,66.778333, ,0.0,0.0,2,12000,0,1,250,0,0,0
TF,IK211,42.632989,67.248669,0, ,0.0,0.0,0.0,0.0,2,3000,0,1,250,0,0,0

STAR,PAVE1D,20L,5
IF,PAVEL,42.996389,66.778333, ,0.0,0.0,2,12000,0,1,250,0,0,0
TF,IK313,42.980031,67.493914,0, ,0.0,0.0,0.0,0.0,2,3000,0,1,250,0,0,0

STAR,RAZB1C,02R,5
IF,RAZBI,42.998333,67.592500, ,0.0,0.0,2,4000,0,1,250,0,0,0
TF,IK251,42.918439,67.453700,0, ,0.0,0.0,0.0,0.0,2,4000,0,1,250,0,0,0
TF,IK211,42.632989,67.248669,0, ,0.0,0.0,0.0,0.0,2,3000,0,1,250,0,0,0

STAR,RAZB1D,20L,5
IF,RAZBI,42.998333,67.592500, ,0.0,0.0,2,4000,0,1,250,0,0,0
TF,IK302,42.933800,67.614711,0, ,0.0,0.0,0.0,0.0,2,3000,0,1,250,0,0,0

STAR,TONL1C,02R,5
IF,TONLA,42.226111,68.252222, ,0.0,0.0,2,6000,0,1,250,0,0,0
TF,IK213,42.540483,67.488786,0, ,0.0,0.0,0.0,0.0,2,3000,0,1,250,0,0,0

STAR,TONL1D,20L,5
IF,TONLA,42.226111,68.252222, ,0.0,0.0,2,6000,0,1,250,0,0,0
TF,IK311,42.887439,67.735331,0, ,0.0,0.0,0.0,0.0,2,3000,0,1,250,0,0,0

APPTR,R02R,02R,IK211
IF,IK211,42.632989,67.248669, ,0.0,0.0,2,3000,0,1,250,0,1,0
TF,IK668,42.586800,67.368817,0, ,0.0,0.0,0.0,0.0,2,3000,0,1,250,0,1,0

APPTR,R02R,02R,IK212
IF,IK212,42.498042,67.306378, ,0.0,0.0,2,3000,0,1,250,0,1,0
TF,IK668,42.586800,67.368817,0, ,0.0,0.0,0.0,0.0,2,3000,0,1,250,0,1,0

APPTR,R02R,02R,IK213
IF,IK213,42.540483,67.488786, ,0.0,0.0,2,3000,0,1,250,0,1,0
TF,IK668,42.586800,67.368817,0, ,0.0,0.0,0.0,0.0,2,3000,0,1,250,0,1,0

FINAL,R02R,02R,R,3
IF,IK668,42.586800,67.368817, ,0.0,0.0,2,3000,0,1,250,0,0,0
TF,IK774,42.660767,67.420917,0, ,0.0,0.0,21.0,5.0,1,2500,0,1,250,0,2,0
TF,IK990,42.745683,67.480906,0, ,0.0,0.0,21.0,5.7,1,686,0,1,185,0,3,1
CA,0,21.0,2,900,0,1,265,0,0,0
DF,IK211,42.632989,67.248669,1, ,0.0,0.0,2,3000,0,1,265,0,0,0

APPTR,R20L,20L,IK311
IF,IK311,42.887439,67.735331, ,0.0,0.0,2,3000,0,1,250,0,1,0
TF,IK302,42.933800,67.614711,0, ,0.0,0.0,0.0,0.0,2,3000,0,1,250,0,1,0

APPTR,R20L,20L,IK313
IF,IK313,42.980031,67.493914, ,0.0,0.0,2,3000,0,1,250,0,1,0
TF,IK302,42.933800,67.614711,0, ,0.0,0.0,0.0,0.0,2,3000,0,1,250,0,1,0

FINAL,R20L,20L,R,3
IF,IK302,42.933800,67.614711, ,0.0,0.0,2,3000,0,1,250,0,0,0
TF,IK301,42.859911,67.562181,0, ,0.0,0.0,201.0,5.0,1,2500,0,1,250,0,2,0
TF,IK442,42.774922,67.501928,0, ,0.0,0.0,201.0,5.8,1,679,0,1,185,0,3,1
CA,0,201.0,2,900,0,1,265,0,0,0
DF,IK313,42.980031,67.493914,2, ,0.0,0.0,2,3000,0,1,265,0,0,0

