SID,OSH1K,19,5
CF,FD003,40.738194,72.907033,0,OSH,26.2,9.3,190.0,13.0,0,0,0,1,230,0,0,0
TF,OSH,40.606167,72.802056,0, ,0.0,0.0,0.0,0.0,2,9000,0,0,0,0,0,0

SID,REMI1K,19,5
CF,FD003,40.738194,72.907033,0,OSH,26.2,9.3,190.0,13.0,0,0,0,1,230,0,0,0
TF,FD014,40.791961,72.632806,0, ,0.0,0.0,0.0,0.0,0,0,0,0,0,0,0,0
TF,FD012,41.057036,72.722219,0, ,0.0,0.0,0.0,0.0,0,0,0,0,0,0,0,0
TF,REMIZ,41.121483,73.670728,0, ,0.0,0.0,0.0,0.0,2,15000,0,0,0,0,0,0

SID,REMI2K,19,5
CF,FD003,40.738194,72.907033,0,OSH,26.2,9.3,190.0,13.0,0,0,0,1,230,0,0,0
TF,FD013,40.693772,73.130775,0, ,0.0,0.0,0.0,0.0,0,0,0,1,230,0,0,0
TF,FD006,40.854864,73.245744,0, ,0.0,0.0,0.0,0.0,0,0,0,0,0,0,0,0
TF,IRISU,40.966667,73.366667,0, ,0.0,0.0,0.0,0.0,0,0,0,0,0,0,0,0
TF,REMIZ,41.121483,73.670728,0, ,0.0,0.0,0.0,0.0,2,15000,0,0,0,0,0,0

SID,ROSG1K,19,5
CF,FD003,40.738194,72.907033,0,OSH,26.2,9.3,190.0,13.0,0,0,0,1,230,0,0,0
TF,FD014,40.791961,72.632806,0, ,0.0,0.0,0.0,0.0,0,0,0,0,0,0,0,0
TF,ZEZAM,41.227222,72.211111,0, ,0.0,0.0,0.0,0.0,0,0,0,0,0,0,0,0
TF,ROSGU,41.404981,72.422117,0, ,0.0,0.0,0.0,0.0,2,15000,0,0,0,0,0,0

SID,ZIMA1K,19,5
CF,FD003,40.738194,72.907033,0,OSH,26.2,9.3,190.0,13.0,0,0,0,1,230,0,0,0
TF,FD014,40.791961,72.632806,0, ,0.0,0.0,0.0,0.0,0,0,0,0,0,0,0,0
TF,FD012,41.057036,72.722219,0, ,0.0,0.0,0.0,0.0,0,0,0,0,0,0,0,0
TF,ARLAN,41.246667,73.110000,0, ,0.0,0.0,0.0,0.0,0,0,0,0,0,0,0,0
TF,ZIMAN,41.464828,73.206339,0, ,0.0,0.0,0.0,0.0,2,15000,0,0,0,0,0,0

SID,ZIMA2K,19,5
CF,FD003,40.738194,72.907033,0,OSH,26.2,9.3,190.0,13.0,0,0,0,1,230,0,0,0
TF,FD013,40.693772,73.130775,0, ,0.0,0.0,0.0,0.0,0,0,0,1,230,0,0,0
TF,FD006,40.854864,73.245744,0, ,0.0,0.0,0.0,0.0,0,0,0,0,0,0,0,0
TF,ARLAN,41.246667,73.110000,0, ,0.0,0.0,0.0,0.0,0,0,0,0,0,0,0,0
TF,ZIMAN,41.464828,73.206339,0, ,0.0,0.0,0.0,0.0,2,15000,0,0,0,0,0,0

STAR,REMI1D,01,5
IF,REMIZ,41.121483,73.670728, ,0.0,0.0,2,15000,0,0,0,0,0,0
TF,IRISU,40.966667,73.366667,0, ,0.0,0.0,0.0,0.0,2,12000,0,0,0,0,0,0
TF,FD006,40.854864,73.245744,0, ,0.0,0.0,0.0,0.0,2,10000,0,0,0,0,0,0
TF,FD004,40.666678,73.043467,0, ,0.0,0.0,0.0,0.0,2,6000,0,0,0,0,0,0

STAR,ROSG1D,01,5
IF,ROSGU,41.404981,72.422117, ,0.0,0.0,2,15000,0,0,0,0,0,0
TF,ZEZAM,41.227222,72.211111,0, ,0.0,0.0,0.0,0.0,2,13000,0,0,0,0,0,0
TF,FD005,40.764350,72.774108,0, ,0.0,0.0,0.0,0.0,2,6000,0,0,0,0,0,0

STAR,ZIMA1D,01,5
IF,ZIMAN,41.464828,73.206339, ,0.0,0.0,2,15000,0,0,0,0,0,0
TF,ARLAN,41.246667,73.110000,0, ,0.0,0.0,0.0,0.0,2,13000,0,0,0,0,0,0
TF,FD012,41.057036,72.722219,0, ,0.0,0.0,0.0,0.0,2,9000,0,0,0,0,0,0
TF,FD005,40.764350,72.774108,0, ,0.0,0.0,0.0,0.0,2,6000,0,0,0,0,0,0

STAR,ZIMA2D,01,5
IF,ZIMAN,41.464828,73.206339, ,0.0,0.0,2,15000,0,0,0,0,0,0
TF,ARLAN,41.246667,73.110000,0, ,0.0,0.0,0.0,0.0,2,13000,0,0,0,0,0,0
TF,FD006,40.854864,73.245744,0, ,0.0,0.0,0.0,0.0,2,10000,0,0,0,0,0,0
TF,FD004,40.666678,73.043467,0, ,0.0,0.0,0.0,0.0,2,6000,0,0,0,0,0,0

APPTR,R01,01,FD004
IF,FD004,40.666678,73.043467, ,0.0,0.0,2,6000,0,0,0,0,1,0
TF,FD003,40.738194,72.907033,0, ,0.0,0.0,0.0,0.0,2,5700,0,0,0,0,1,0

APPTR,R01,01,FD005
IF,FD005,40.764350,72.774108, ,0.0,0.0,2,6000,0,0,0,0,1,0
TF,FD003,40.738194,72.907033,0, ,0.0,0.0,0.0,0.0,2,5700,0,0,0,0,1,0

APPTR,R01,01,OSH
IF,OSH,40.606167,72.802056, ,0.0,0.0,2,9000,0,0,0,0,1,0
TF,FD003,40.738194,72.907033,0, ,0.0,0.0,0.0,0.0,2,5700,0,0,0,0,1,0

FINAL,R01,01,R,3
IF,FD003,40.738194,72.907033, ,0.0,0.0,2,5700,0,0,0,0,0,0
TF,FD002,40.838553,72.941222,0, ,0.0,0.0,10.0,6.2,1,4500,0,0,0,0,2,0
TF,FD001,40.918922,72.968675,0, ,0.0,0.0,10.0,5.0,1,2931,0,0,0,0,3,1
TF,FD011,41.029689,73.006572,0, ,0.0,0.0,0.0,0.0,0,0,0,1,200,0,0,0
TF,FD012,41.057036,72.722219,1, ,0.0,0.0,0.0,0.0,0,0,0,0,0,0,0,0
TF,FD005,40.764350,72.774108,1, ,0.0,0.0,0.0,0.0,2,6000,0,0,0,0,0,0
TF,OSH,40.606167,72.802056,0, ,0.0,0.0,0.0,0.0,2,9000,0,0,0,0,0,0

