SID,KUMA1A,26,5
CA,0,264.0,2,2100,0,0,0,0,0,0
DF,UU001,51.786028,107.259694,0, ,0.0,0.0,0,0,0,1,240,0,0,1
DF,UU002,51.814667,107.477611,1, ,0.0,0.0,0,0,0,0,0,0,0,0
TF,KUMAT,51.986667,108.566667,0, ,0.0,0.0,0.0,0.0,2,10000,0,0,0,0,0,0

SID,KUMA1B,08,5
CA,0,84.0,2,2100,0,0,0,0,0,0
DF,UU004,51.826750,107.569694,0, ,0.0,0.0,0,0,0,0,0,0,0,0
TF,UU005,51.849639,107.832444,0, ,0.0,0.0,0.0,0.0,0,0,0,0,0,0,0,0
TF,UU006,51.948472,108.164083,0, ,0.0,0.0,0.0,0.0,0,0,0,0,0,0,0,0
TF,KUMAT,51.986667,108.566667,0, ,0.0,0.0,0.0,0.0,2,10000,0,0,0,0,0,0

SID,KUMA1C,08,2
CD, ,0,0,0,ULD,0,0.0,84.0,3.5,0,0,0,0,0,0,0,0
CF,KUMAT,51.986667,108.566667,0,ULD,81.5,43.2,81.0,40.0,2,10000,0,0,0,0,0,0

SID,KUMA1D,26,2
CA,0,264.0,2,2100,0,0,0,0,0,0
CD, ,0,0,0,ULD,0,0.0,249.0,4.2,0,0,0,0,0,0,0,0
DF,Z,51.814611,107.477417,1, ,0.0,0.0,0,0,0,1,260,0,0,1
TF,KUMAT,51.986667,108.566667,0, ,0.0,0.0,0.0,0.0,2,10000,0,0,0,0,0,0

SID,KUMA1E,26,2
CA,0,264.0,2,2100,0,0,0,0,0,0
CD, ,0,0,0,ULD,0,0.0,249.0,4.2,0,0,0,0,0,0,0,0
DF,ZD,51.820306,107.521056,1, ,0.0,0.0,0,0,0,1,260,0,0,1
TF,KUMAT,51.986667,108.566667,0, ,0.0,0.0,0.0,0.0,2,10000,0,0,0,0,0,0

SID,KUMA1F,08,2
CD, ,0,0,0,ULD,0,0.0,84.0,3.5,0,0,0,0,0,0,0,0
CF,KUMAT,51.986667,108.566667,0,ULD,81.5,43.2,81.0,40.0,2,10000,0,0,0,0,0,0

SID,KUMA1G,26,2
CA,0,264.0,2,2100,0,0,0,0,0,0
CD, ,0,0,0,ULD,0,0.0,249.0,4.2,0,0,0,0,0,0,0,0
DF,ULD,51.811722,107.439972,1, ,0.0,0.0,0,0,0,1,225,0,0,1
TF,KUMAT,51.986667,108.566667,0, ,0.0,0.0,0.0,0.0,2,10000,0,0,0,0,0,0

SID,PILU1A,26,5
CA,0,264.0,2,2100,0,0,0,0,0,0
DF,UU001,51.786028,107.259694,0, ,0.0,0.0,0,0,0,0,0,0,0,1
DF,PILUG,51.953333,106.176667,0, ,0.0,0.0,2,11000,0,0,0,0,0,0

SID,PILU1B,08,5
CA,0,84.0,2,2100,0,0,0,0,0,0
DF,UU007,51.820194,107.520056,0, ,0.0,0.0,0,0,0,1,250,0,0,1
DF,UU012,51.654833,107.048611,2, ,0.0,0.0,0,0,0,0,0,0,0,0
TF,PILUG,51.953333,106.176667,0, ,0.0,0.0,0.0,0.0,2,11000,0,0,0,0,0,0

SID,PILU1C,08,2
CD, ,0,0,0,ULD,0,0.0,84.0,3.5,0,0,0,0,0,0,0,0
DF,U,51.805000,107.403833,2, ,0.0,0.0,0,0,0,1,260,0,0,1
TF,PILUG,51.953333,106.176667,0, ,0.0,0.0,0.0,0.0,2,11000,0,0,0,0,0,0

SID,PILU1D,26,2
CA,0,264.0,2,2100,0,0,0,0,0,0
CD, ,0,0,0,ULD,0,0.0,249.0,4.2,0,0,0,0,0,0,0,0
CI,0, ,0.0,330.0,0,0,0,0,0,0,0,0
CF,PILUG,51.953333,106.176667,0,ULD,286.8,47.7,286.0,41.0,2,11000,0,0,0,0,0,0

SID,PILU1E,26,2
CA,0,264.0,2,2100,0,0,0,0,0,0
CD, ,0,0,0,ULD,0,0.0,249.0,4.2,0,0,0,0,0,0,0,0
CI,0, ,0.0,330.0,0,0,0,0,0,0,0,0
CF,PILUG,51.953333,106.176667,0,ULD,286.8,47.7,286.0,41.0,2,11000,0,0,0,0,0,0

SID,PILU1F,08,2
CD, ,0,0,0,ULD,0,0.0,84.0,3.5,0,0,0,0,0,0,0,0
DF,ULD,51.811722,107.439972,2, ,0.0,0.0,0,0,0,1,205,0,0,0
TF,PILUG,51.953333,106.176667,0, ,0.0,0.0,0.0,0.0,2,11000,0,0,0,0,0,0

SID,PILU1G,26,2
CA,0,264.0,2,2100,0,0,0,0,0,0
CD, ,0,0,0,ULD,0,0.0,249.0,4.2,0,0,0,0,0,0,0,0
CI,0, ,0.0,330.0,0,0,0,0,0,0,0,0
CF,PILUG,51.953333,106.176667,0,ULD,286.8,47.7,287.0,42.0,2,11000,0,0,0,0,0,0

SID,TATU1A,26,5
CA,0,264.0,2,2100,0,0,0,0,0,0
DF,UU001,51.786028,107.259694,0, ,0.0,0.0,0,0,0,1,255,0,0,1
DF,UU033,51.853278,107.050694,0, ,0.0,0.0,0,0,0,1,260,0,0,0
TF,UU034,52.006528,107.180694,0, ,0.0,0.0,0.0,0.0,0,0,0,0,0,0,0,0
TF,TATUR,52.133889,107.450278,0, ,0.0,0.0,0.0,0.0,2,10000,0,0,0,0,0,0

SID,TATU1B,08,5
CA,0,84.0,2,2100,0,0,0,0,0,0
DF,UU007,51.820194,107.520056,0, ,0.0,0.0,0,0,0,1,225,0,0,1
DF,UU013,51.758472,107.114806,2, ,0.0,0.0,0,0,0,1,235,0,0,0
TF,UU014,51.890528,107.059639,0, ,0.0,0.0,0.0,0.0,0,0,0,1,260,0,0,0
TF,TATUR,52.133889,107.450278,0, ,0.0,0.0,0.0,0.0,2,10000,0,0,0,0,0,0

SID,TATU1C,08,2
CD, ,0,0,0,ULD,0,0.0,84.0,3.5,0,0,0,0,0,0,0,0
DF,U,51.805000,107.403833,2, ,0.0,0.0,0,0,0,1,260,0,0,1
TF,TATUR,52.133889,107.450278,0, ,0.0,0.0,0.0,0.0,2,10000,0,0,0,0,0,0

SID,TATU1D,26,2
CA,0,264.0,2,2100,0,0,0,0,0,0
CD, ,0,0,0,ULD,0,0.0,249.0,4.2,0,0,0,0,0,0,0,0
DF,Z,51.814611,107.477417,1, ,0.0,0.0,0,0,0,1,260,0,0,0
TF,TATUR,52.133889,107.450278,0, ,0.0,0.0,0.0,0.0,2,10000,0,0,0,0,0,0

SID,TATU1E,26,2
CA,0,264.0,2,2100,0,0,0,0,0,0
CD, ,0,0,0,ULD,0,0.0,249.0,4.2,0,0,0,0,0,0,0,0
DF,ZD,51.820306,107.521056,1, ,0.0,0.0,0,0,0,1,260,0,0,0
TF,TATUR,52.133889,107.450278,0, ,0.0,0.0,0.0,0.0,2,10000,0,0,0,0,0,0

SID,TATU1F,08,2
CD, ,0,0,0,ULD,0,0.0,84.0,3.5,0,0,0,0,0,0,0,0
DF,ULD,51.811722,107.439972,2, ,0.0,0.0,0,0,0,1,205,0,0,1
TF,TATUR,52.133889,107.450278,0, ,0.0,0.0,0.0,0.0,2,10000,0,0,0,0,0,0

SID,TATU1G,26,2
CA,0,264.0,2,2100,0,0,0,0,0,0
CD, ,0,0,0,ULD,0,0.0,249.0,4.2,0,0,0,0,0,0,0,0
DF,ULD,51.811722,107.439972,1, ,0.0,0.0,0,0,0,1,225,0,0,0
TF,TATUR,52.133889,107.450278,0, ,0.0,0.0,0.0,0.0,2,10000,0,0,0,0,0,0

SID,TEGM1A,26,5
CA,0,264.0,2,2100,0,0,0,0,0,0
DF,UU001,51.786028,107.259694,0, ,0.0,0.0,0,0,0,0,0,0,0,1
DF,TEGMI,51.406667,106.748333,0, ,0.0,0.0,2,10000,0,0,0,0,0,0

SID,TEGM1B,08,5
CA,0,84.0,2,2100,0,0,0,0,0,0
DF,UU007,51.820194,107.520056,0, ,0.0,0.0,0,0,0,1,250,0,0,1
DF,TEGMI,51.406667,106.748333,2, ,0.0,0.0,2,10000,0,0,0,0,0,0

SID,TEGM1C,08,2
CD, ,0,0,0,ULD,0,0.0,84.0,3.5,0,0,0,0,0,0,0,0
DF,U,51.805000,107.403833,2, ,0.0,0.0,0,0,0,1,260,0,0,1
TF,TEGMI,51.406667,106.748333,0, ,0.0,0.0,0.0,0.0,2,10000,0,0,0,0,0,0

SID,TEGM1D,26,2
CA,0,264.0,2,2100,0,0,0,0,0,0
CD, ,0,0,0,ULD,0,0.0,249.0,4.2,0,0,0,0,0,0,0,0
CI,0, ,0.0,205.0,0,0,0,0,0,0,0,0
CF,TEGMI,51.406667,106.748333,0,ULD,233.0,35.5,234.0,28.0,2,10000,0,0,0,0,0,0

SID,TEGM1E,26,2
CA,0,264.0,2,2100,0,0,0,0,0,0
CD, ,0,0,0,ULD,0,0.0,249.0,4.2,0,0,0,0,0,0,0,0
CI,0, ,0.0,205.0,0,0,0,0,0,0,0,0
CF,TEGMI,51.406667,106.748333,0,ULD,233.0,35.5,236.0,26.0,2,10000,0,0,0,0,0,0

SID,TEGM1F,08,2
CD, ,0,0,0,ULD,0,0.0,84.0,3.5,0,0,0,0,0,0,0,0
DF,ULD,51.811722,107.439972,2, ,0.0,0.0,0,0,0,1,205,0,0,1
TF,TEGMI,51.406667,106.748333,1, ,0.0,0.0,0.0,0.0,2,10000,0,0,0,0,0,0

SID,TEGM1G,26,2
CA,0,264.0,2,2100,0,0,0,0,0,0
CD, ,0,0,0,ULD,0,0.0,249.0,4.2,0,0,0,0,0,0,0,0
CI,0, ,0.0,205.0,0,0,0,0,0,0,0,0
CF,TEGMI,51.406667,106.748333,0,ULD,233.0,35.5,233.0,28.0,2,10000,0,0,0,0,0,0

STAR,BULE1H,08,2
IF,BULEL,51.910000,108.080000, ,0.0,0.0,2,10000,0,0,0,0,0,0
TF,U,51.805000,107.403833,0, ,0.0,0.0,0.0,0.0,2,7100,0,0,0,0,0,0

STAR,BULE1J,26,2
IF,BULEL,51.910000,108.080000, ,0.0,0.0,2,10000,0,0,0,0,0,0
TF,Z,51.814611,107.477417,0, ,0.0,0.0,0.0,0.0,2,7000,0,0,0,0,0,0

STAR,BULE1K,26,2
IF,BULEL,51.910000,108.080000, ,0.0,0.0,2,10000,0,0,0,0,0,0
TF,ZD,51.820306,107.521056,0, ,0.0,0.0,0.0,0.0,2,7000,0,0,0,0,0,0

STAR,BULE1L,ALL,2
IF,BULEL,51.910000,108.080000, ,0.0,0.0,2,10000,0,0,0,0,0,0

STAR,BULE1L,08,3
IF,BULEL,51.910000,108.080000, ,0.0,0.0,2,10000,0,0,0,0,0,0
TF,ULD,51.811722,107.439972,0, ,0.0,0.0,0.0,0.0,2,7000,0,0,0,0,0,0

STAR,BULE1L,26,3
IF,BULEL,51.910000,108.080000, ,0.0,0.0,2,10000,0,0,0,0,0,0
TF,ULD,51.811722,107.439972,0, ,0.0,0.0,0.0,0.0,2,7000,0,0,0,0,0,0

STAR,BULE1N,08,5
IF,BULEL,51.910000,108.080000, ,0.0,0.0,2,10000,0,0,0,0,0,0
TF,UU026,51.985000,107.634667,0, ,0.0,0.0,0.0,0.0,0,0,0,0,0,0,0,0
TF,UU027,51.971194,107.309889,0, ,0.0,0.0,0.0,0.0,0,0,0,0,0,0,0,0
TF,UU011,51.851611,106.979750,0, ,0.0,0.0,0.0,0.0,2,7200,0,0,0,0,0,0

STAR,BULE1P,26,5
IF,BULEL,51.910000,108.080000, ,0.0,0.0,2,10000,0,0,0,0,0,0
TF,UU030,51.977861,107.937222,0, ,0.0,0.0,0.0,0.0,0,0,0,0,0,0,0,0
TF,UU018,51.952167,107.746278,0, ,0.0,0.0,0.0,0.0,2,7200,0,0,0,0,0,0

STAR,BULE1X,08,5
IF,BULEL,51.910000,108.080000, ,0.0,0.0,2,10000,0,0,0,0,0,0
TF,UU022,51.854417,107.865556,0, ,0.0,0.0,0.0,0.0,0,0,0,0,0,0,0,0
TF,UU023,51.699833,107.503500,0, ,0.0,0.0,0.0,0.0,0,0,0,0,0,0,0,0
TF,UU040,51.672417,107.190444,0, ,0.0,0.0,0.0,0.0,2,6500,0,1,240,0,0,0

STAR,BULE1Y,26,5
IF,BULEL,51.910000,108.080000, ,0.0,0.0,2,10000,0,0,0,0,0,0
TF,UU017,51.853583,107.779167,0, ,0.0,0.0,0.0,0.0,2,5100,0,1,240,0,0,0

STAR,OSTU1H,08,2
IF,OSTUN,52.035000,107.003333, ,0.0,0.0,2,10000,0,0,0,0,0,0
TF,U,51.805000,107.403833,0, ,0.0,0.0,0.0,0.0,2,7100,0,0,0,0,0,0

STAR,OSTU1J,26,2
IF,OSTUN,52.035000,107.003333, ,0.0,0.0,2,10000,0,0,0,0,0,0
TF,Z,51.814611,107.477417,0, ,0.0,0.0,0.0,0.0,2,7000,0,0,0,0,0,0

STAR,OSTU1K,26,2
IF,OSTUN,52.035000,107.003333, ,0.0,0.0,2,10000,0,0,0,0,0,0
TF,ZD,51.820306,107.521056,0, ,0.0,0.0,0.0,0.0,2,7000,0,0,0,0,0,0

STAR,OSTU1L,ALL,2
IF,OSTUN,52.035000,107.003333, ,0.0,0.0,2,10000,0,0,0,0,0,0

STAR,OSTU1L,08,3
IF,OSTUN,52.035000,107.003333, ,0.0,0.0,2,10000,0,0,0,0,0,0
TF,ULD,51.811722,107.439972,0, ,0.0,0.0,0.0,0.0,2,7000,0,0,0,0,0,0

STAR,OSTU1L,26,3
IF,OSTUN,52.035000,107.003333, ,0.0,0.0,2,10000,0,0,0,0,0,0
TF,ULD,51.811722,107.439972,0, ,0.0,0.0,0.0,0.0,2,7000,0,0,0,0,0,0

STAR,OSTU1N,08,5
IF,OSTUN,52.035000,107.003333, ,0.0,0.0,2,10000,0,0,0,0,0,0
TF,UU011,51.851611,106.979750,0, ,0.0,0.0,0.0,0.0,2,7200,0,0,0,0,0,0

STAR,OSTU1P,26,5
IF,OSTUN,52.035000,107.003333, ,0.0,0.0,2,10000,0,0,0,0,0,0
TF,UU018,51.952167,107.746278,0, ,0.0,0.0,0.0,0.0,2,7200,0,0,0,0,0,0

STAR,RIDL1H,08,2
IF,RIDLI,52.061667,107.681667, ,0.0,0.0,2,10000,0,0,0,0,0,0
TF,U,51.805000,107.403833,0, ,0.0,0.0,0.0,0.0,2,7100,0,0,0,0,0,0

STAR,RIDL1J,26,2
IF,RIDLI,52.061667,107.681667, ,0.0,0.0,2,10000,0,0,0,0,0,0
TF,Z,51.814611,107.477417,0, ,0.0,0.0,0.0,0.0,2,7000,0,0,0,0,0,0

STAR,RIDL1K,26,2
IF,RIDLI,52.061667,107.681667, ,0.0,0.0,2,10000,0,0,0,0,0,0
TF,ZD,51.820306,107.521056,0, ,0.0,0.0,0.0,0.0,2,7000,0,0,0,0,0,0

STAR,RIDL1L,ALL,2
IF,RIDLI,52.061667,107.681667, ,0.0,0.0,2,10000,0,0,0,0,0,0

STAR,RIDL1L,08,3
IF,RIDLI,52.061667,107.681667, ,0.0,0.0,2,10000,0,0,0,0,0,0
TF,ULD,51.811722,107.439972,0, ,0.0,0.0,0.0,0.0,2,7000,0,0,0,0,0,0

STAR,RIDL1L,26,3
IF,RIDLI,52.061667,107.681667, ,0.0,0.0,2,10000,0,0,0,0,0,0
TF,ULD,51.811722,107.439972,0, ,0.0,0.0,0.0,0.0,2,7000,0,0,0,0,0,0

STAR,RIDL1N,08,5
IF,RIDLI,52.061667,107.681667, ,0.0,0.0,2,10000,0,0,0,0,0,0
TF,UU027,51.971194,107.309889,0, ,0.0,0.0,0.0,0.0,0,0,0,0,0,0,0,0
TF,UU011,51.851611,106.979750,0, ,0.0,0.0,0.0,0.0,2,7200,0,0,0,0,0,0

STAR,RIDL1P,26,5
IF,RIDLI,52.061667,107.681667, ,0.0,0.0,2,10000,0,0,0,0,0,0
TF,UU018,51.952167,107.746278,0, ,0.0,0.0,0.0,0.0,2,7200,0,0,0,0,0,0

STAR,TOLG1H,08,2
IF,TOLGO,51.583333,107.053333, ,0.0,0.0,2,10000,0,0,0,0,0,0
TF,U,51.805000,107.403833,0, ,0.0,0.0,0.0,0.0,2,7100,0,0,0,0,0,0

STAR,TOLG1J,26,2
IF,TOLGO,51.583333,107.053333, ,0.0,0.0,2,10000,0,0,0,0,0,0
TF,Z,51.814611,107.477417,0, ,0.0,0.0,0.0,0.0,2,7000,0,0,0,0,0,0

STAR,TOLG1K,26,2
IF,TOLGO,51.583333,107.053333, ,0.0,0.0,2,10000,0,0,0,0,0,0
TF,ZD,51.820306,107.521056,0, ,0.0,0.0,0.0,0.0,2,7000,0,0,0,0,0,0

STAR,TOLG1L,ALL,2
IF,TOLGO,51.583333,107.053333, ,0.0,0.0,2,10000,0,0,0,0,0,0

STAR,TOLG1L,08,3
IF,TOLGO,51.583333,107.053333, ,0.0,0.0,2,10000,0,0,0,0,0,0
TF,ULD,51.811722,107.439972,0, ,0.0,0.0,0.0,0.0,2,7000,0,0,0,0,0,0

STAR,TOLG1L,26,3
IF,TOLGO,51.583333,107.053333, ,0.0,0.0,2,10000,0,0,0,0,0,0
TF,ULD,51.811722,107.439972,0, ,0.0,0.0,0.0,0.0,2,7000,0,0,0,0,0,0

STAR,TOLG1N,08,5
IF,TOLGO,51.583333,107.053333, ,0.0,0.0,2,10000,0,0,0,0,0,0
TF,UU012,51.654833,107.048611,0, ,0.0,0.0,0.0,0.0,0,0,0,1,240,0,0,0
TF,UU010,51.753222,107.014250,0, ,0.0,0.0,0.0,0.0,2,6500,0,1,240,0,0,0

STAR,TOLG1P,26,5
IF,TOLGO,51.583333,107.053333, ,0.0,0.0,2,10000,0,0,0,0,0,0
TF,UU021,51.679000,107.552111,0, ,0.0,0.0,0.0,0.0,2,6400,0,1,240,0,0,0

APPTR,D08,08,ULD1
IF,ULD,51.811722,107.439972, ,0.0,0.0,2,7000,0,0,0,0,1,0
FD,ULD,51.811722,107.439972,0,ULD,0.0,13.8,252.0,13.8,2,5600,0,1,160,0,0,0
CF,CD08,51.763233,107.169214,2,ULD,260.0,10.5,80.0,3.0,1,4800,0,0,0,0,0,0

APPTR,D08,08,ULD2
IF,ULD,51.811722,107.439972, ,0.0,0.0,2,7000,0,0,0,0,1,0
FD,ULD,51.811722,107.439972,0,ULD,0.0,13.8,253.0,13.8,2,5600,0,1,160,0,0,0
CF,CD08,51.763233,107.169214,2,ULD,260.0,10.5,80.0,3.0,1,4800,0,0,0,0,0,0

APPTR,D08,08,ULD3
IF,ULD,51.811722,107.439972, ,0.0,0.0,2,7000,0,0,0,0,1,0
FD,ULD,51.811722,107.439972,0,ULD,0.0,13.8,255.0,13.8,2,5600,0,1,160,0,0,0
CF,CD08,51.763233,107.169214,2,ULD,260.0,10.5,80.0,3.0,1,4800,0,0,0,0,0,0

FINAL,D08,08,D,3
IF,CD08,51.763233,107.169214,ULD,260.0,10.5,1,4800,0,0,0,0,0,0
CF,FD08,51.779167,107.256944,0,ULD,260.1,7.1,80.0,3.4,1,3700,0,0,0,0,2,0
CF,RW08,51.806661,107.416514,0,ULD,256.8,0.9,80.0,6.2,1,1756,0,0,0,0,3,0
CD, ,0,0,0,ULD,0,0.0,80.0,3.2,0,0,0,0,0,0,0,0
CA,0,80.0,2,4500,0,0,0,0,0,0
DF,ULD,51.811722,107.439972,2, ,0.0,0.0,2,6000,0,0,0,0,0,0

APPTR,D26,26,ULD1
IF,ULD,51.811722,107.439972, ,0.0,0.0,2,7000,0,0,0,0,1,0
FD,ULD,51.811722,107.439972,0,ULD,0.0,13.3,110.0,13.3,2,5300,0,0,0,0,0,0
CF,CD26,51.842000,107.793894,1,ULD,88.0,13.3,268.0,1.0,2,5300,0,0,0,0,0,0

APPTR,D26,26,ULD2
IF,ULD,51.811722,107.439972, ,0.0,0.0,2,7000,0,0,0,0,1,0
FD,ULD,51.811722,107.439972,0,ULD,0.0,13.3,108.0,13.3,2,5300,0,0,0,0,0,0
CF,CD26,51.842000,107.793894,1,ULD,88.0,13.3,268.0,1.0,2,5300,0,0,0,0,0,0

APPTR,D26,26,ULD3
IF,ULD,51.811722,107.439972, ,0.0,0.0,2,7000,0,0,0,0,1,0
FD,ULD,51.811722,107.439972,0,ULD,0.0,13.3,95.0,13.3,2,5300,0,0,0,0,0,0
CF,CD26,51.842000,107.793894,1,ULD,88.0,13.3,268.0,1.0,2,5300,0,0,0,0,0,0

APPTR,D26,26,ULD4
IF,ULD,51.811722,107.439972, ,0.0,0.0,2,7000,0,0,0,0,1,0
FD,ULD,51.811722,107.439972,0,ULD,0.0,13.3,94.0,13.3,2,5300,0,0,0,0,0,0
CF,CD26,51.842000,107.793894,1,ULD,88.0,13.3,268.0,1.0,2,5300,0,0,0,0,0,0

FINAL,D26,26,D,4
IF,CD26,51.842000,107.793894,ULD,88.0,13.3,2,5300,0,0,0,0,0,0
CF,FD26,51.830556,107.660556,0,ULD,88.1,8.3,268.0,5.0,1,4300,0,0,0,0,2,0
CF,45VOR,51.822083,107.559667,0,ULD,88.0,4.5,268.0,3.8,1,2980,0,0,0,0,0,0
CF,RW26,51.812969,107.464744,0,ULD,91.4,0.9,268.0,3.6,1,1708,0,0,0,0,3,0
CD, ,0,0,0,ULD,0,0.0,268.0,3.8,0,0,0,0,0,0,0,0
CA,0,268.0,2,3900,0,0,0,0,0,0
DF,ULD,51.811722,107.439972,1, ,0.0,0.0,2,6900,0,0,0,0,0,0

APPTR,I08-X,08,ULD1
IF,ULD,51.811722,107.439972, ,0.0,0.0,2,7000,0,0,0,0,1,0
FD,ULD,51.811722,107.439972,0,ULD,0.0,13.5,256.0,13.5,2,5700,0,0,0,0,0,0
CF,CF08X,51.773406,107.164869,2,IUL,264.1,11.7,84.0,3.0,1,4800,0,0,0,0,0,0

APPTR,I08-X,08,ULD2
IF,ULD,51.811722,107.439972, ,0.0,0.0,2,7000,0,0,0,0,1,0
FD,ULD,51.811722,107.439972,0,ULD,0.0,13.5,258.0,13.5,2,5700,0,0,0,0,0,0
CF,CF08X,51.773406,107.164869,2,IUL,264.1,11.7,84.0,3.0,1,4800,0,0,0,0,0,0

FINAL,I08-X,08,I,3
IF,CF08X,51.773406,107.164869,IUL,264.1,11.7,2,4800,0,0,0,0,0,0
CF,FF08,51.785278,107.254444,0,IUL,264.1,8.3,84.0,3.4,1,3700,0,0,0,0,2,0
CF,RW08,51.806661,107.416514,0,IUL,264.1,2.1,84.0,6.2,1,1756,0,0,0,0,3,0
CA,0,84.0,2,4000,0,0,0,0,0,0
DF,ULD,51.811722,107.439972,2, ,0.0,0.0,2,6000,0,0,0,0,0,0

APPTR,I08-Y,08,U
IF,U,51.805000,107.403833, ,0.0,0.0,2,7100,0,0,0,0,1,0
FD,U,51.805000,107.403833,0,ULD,259.3,15.0,259.0,15.0,2,6600,0,1,95,0,0,0
CF,D264M,51.763139,107.091703,2,ULD,263.5,13.3,84.0,2.0,1,5700,0,0,0,0,0,0
CF,CF08,51.774456,107.172739,0,IUL,264.1,11.4,84.0,3.1,1,4700,0,0,0,0,0,0

FINAL,I08-Y,08,I,3
IF,CF08,51.774456,107.172739,IUL,264.1,11.4,1,4700,0,0,0,0,0,0
CF,FF08,51.785278,107.254444,0,IUL,264.1,8.3,84.0,3.1,1,3700,0,0,0,0,2,0
CF,RW08,51.806661,107.416514,0,IUL,264.1,2.1,84.0,6.2,1,1756,0,0,0,0,3,0
CA,0,84.0,2,4000,0,0,0,0,0,0
DF,U,51.805000,107.403833,2, ,0.0,0.0,2,6600,0,0,0,0,0,0

APPTR,I08-Z,08,UU010
IF,UU010,51.753222,107.014250, ,0.0,0.0,2,6500,0,1,240,0,1,0
CF,CF08Z,51.769242,107.133656,0,IUL,264.1,12.9,84.0,4.6,1,5300,0,0,0,0,0,0

APPTR,I08-Z,08,UU011
IF,UU011,51.851611,106.979750, ,0.0,0.0,2,7200,0,0,0,0,1,0
TF,3NM,51.802019,106.997158,0, ,0.0,0.0,0.0,0.0,1,7200,0,0,0,0,0,0
TF,UU010,51.753222,107.014250,0, ,0.0,0.0,0.0,0.0,2,6500,0,1,240,0,1,0
CF,CF08Z,51.769242,107.133656,0,IUL,264.1,12.9,84.0,4.6,1,5300,0,0,0,0,0,0

APPTR,I08-Z,08,UU040
IF,UU040,51.672417,107.190444, ,0.0,0.0,2,6500,0,1,240,0,1,0
TF,UU012,51.654833,107.048611,0, ,0.0,0.0,0.0,0.0,2,6500,0,1,240,0,0,0
TF,UU010,51.753222,107.014250,0, ,0.0,0.0,0.0,0.0,2,6500,0,1,240,0,1,0
CF,CF08Z,51.769242,107.133656,0,IUL,264.1,12.9,84.0,4.6,1,5300,0,0,0,0,0,0

FINAL,I08-Z,08,I,3
IF,CF08Z,51.769242,107.133656,IUL,264.1,12.9,1,5300,0,0,0,0,0,0
CF,FF08,51.785278,107.254444,0,IUL,264.1,8.3,84.0,4.6,1,3700,0,0,0,0,2,0
CF,RW08,51.806661,107.416514,0,IUL,264.1,2.1,84.0,6.2,1,1756,0,0,0,0,3,0
TF,UU035,51.827500,107.574111,0, ,0.0,0.0,0.0,0.0,0,0,0,1,205,0,0,0
TF,UU021,51.679000,107.552111,2, ,0.0,0.0,0.0,0.0,0,0,0,1,210,0,0,0
TF,UU040,51.672417,107.190444,0, ,0.0,0.0,0.0,0.0,2,5900,0,1,240,0,0,0

APPTR,I26-X,26,ULD1
IF,ULD,51.811722,107.439972, ,0.0,0.0,2,7000,0,0,0,0,1,0
FD,ULD,51.811722,107.439972,0,ULD,0.0,13.3,110.0,13.3,2,5300,0,0,0,0,0,0
CF,CF26,51.855239,107.790331,1,IZD,84.0,14.5,264.0,1.0,2,5300,0,0,0,0,0,0

APPTR,I26-X,26,ULD2
IF,ULD,51.811722,107.439972, ,0.0,0.0,2,7000,0,0,0,0,1,0
FD,ULD,51.811722,107.439972,0,ULD,0.0,13.3,108.0,13.3,2,5300,0,0,0,0,0,0
CF,CF26,51.855239,107.790331,1,IZD,84.0,14.5,264.0,1.0,2,5300,0,0,0,0,0,0

APPTR,I26-X,26,ULD3
IF,ULD,51.811722,107.439972, ,0.0,0.0,2,7000,0,0,0,0,1,0
FD,ULD,51.811722,107.439972,0,ULD,0.0,13.3,95.0,13.3,2,5300,0,0,0,0,0,0
CF,CF26,51.855239,107.790331,1,IZD,84.0,14.5,264.0,1.0,2,5300,0,0,0,0,0,0

APPTR,I26-X,26,ULD4
IF,ULD,51.811722,107.439972, ,0.0,0.0,2,7000,0,0,0,0,1,0
FD,ULD,51.811722,107.439972,0,ULD,0.0,13.3,94.0,13.3,2,5300,0,0,0,0,0,0
CF,CF26,51.855239,107.790331,1,IZD,84.0,14.5,264.0,1.0,2,5300,0,0,0,0,0,0

FINAL,I26-X,26,I,3
IF,CF26,51.855239,107.790331,IZD,84.0,14.5,2,5300,0,0,0,0,0,0
CF,FF26,51.838056,107.658611,0,IZD,84.1,9.5,264.0,5.0,1,4300,0,0,0,0,2,0
CF,RW26,51.812969,107.464744,0,IZD,84.0,2.1,264.0,7.4,1,1708,0,0,0,0,3,0
CD, ,0,0,0,ULD,0,0.0,264.0,3.8,0,0,0,0,0,0,0,0
CA,0,264.0,2,3900,0,0,0,0,0,0
DF,ULD,51.811722,107.439972,1, ,0.0,0.0,2,6900,0,1,240,0,0,0

APPTR,I26-Y,26,ZD1
IF,ZD,51.820306,107.521056, ,0.0,0.0,2,7000,0,0,0,0,1,0
FD,ZD,51.820306,107.521056,0,ULD,86.3,13.3,112.0,13.3,2,5400,0,0,0,0,0,0
CF,CF26,51.855239,107.790331,1,IZD,84.0,14.5,264.0,3.0,2,5400,0,0,0,0,0,0

APPTR,I26-Y,26,ZD2
IF,ZD,51.820306,107.521056, ,0.0,0.0,2,7000,0,0,0,0,1,0
FD,ZD,51.820306,107.521056,0,ULD,86.3,13.3,109.0,13.3,2,5400,0,0,0,0,0,0
CF,CF26,51.855239,107.790331,1,IZD,84.0,14.5,264.0,3.0,2,5400,0,0,0,0,0,0

APPTR,I26-Y,26,ZD3
IF,ZD,51.820306,107.521056, ,0.0,0.0,2,7000,0,0,0,0,1,0
FD,ZD,51.820306,107.521056,0,ULD,86.3,13.3,94.0,13.3,2,5400,0,0,0,0,0,0
CF,CF26,51.855239,107.790331,1,IZD,84.0,14.5,264.0,3.0,2,5400,0,0,0,0,0,0

APPTR,I26-Y,26,ZD4
IF,ZD,51.820306,107.521056, ,0.0,0.0,2,7000,0,0,0,0,1,0
FD,ZD,51.820306,107.521056,0,ULD,86.3,13.3,92.0,13.3,2,5400,0,0,0,0,0,0
CF,CF26,51.855239,107.790331,1,IZD,84.0,14.5,264.0,3.0,2,5400,0,0,0,0,0,0

FINAL,I26-Y,26,I,3
IF,CF26,51.855239,107.790331,IZD,84.0,14.5,2,5400,0,0,0,0,0,0
CF,FF26,51.838056,107.658611,0,IZD,84.1,9.4,264.0,5.0,1,4300,0,0,0,0,2,0
CF,RW26,51.812969,107.464744,0,IZD,84.0,2.1,264.0,7.4,1,1708,0,0,0,0,3,0
CD, ,0,0,0,ULD,0,0.0,264.0,2.3,0,0,0,0,0,0,0,0
CA,0,264.0,2,3900,0,0,0,0,0,0
DF,ZD,51.820306,107.521056,1, ,0.0,0.0,2,6600,0,1,240,0,0,0

APPTR,I26-Z,26,UU018
IF,UU018,51.952167,107.746278, ,0.0,0.0,2,7200,0,0,0,0,1,0
TF,354AT,51.902489,107.762867,0, ,0.0,0.0,0.0,0.0,1,5900,0,0,0,0,0,0
TF,UU017,51.853583,107.779167,0,IZD,0.0,0.0,0.0,0.0,2,5100,0,1,240,0,1,0

APPTR,I26-Z,26,UU021
IF,UU021,51.679000,107.552111, ,0.0,0.0,2,6400,0,1,240,0,1,0
TF,UU019,51.755000,107.811917,0, ,0.0,0.0,0.0,0.0,2,5500,0,0,0,0,0,0
TF,174AT,51.804675,107.795431,0, ,0.0,0.0,0.0,0.0,1,5300,0,0,0,0,0,0
TF,UU017,51.853583,107.779167,0,IZD,0.0,0.0,0.0,0.0,2,5100,0,1,240,0,1,0

FINAL,I26-Z,26,I,3
IF,UU017,51.853583,107.779167,IZD,84.1,14.0,2,5100,0,1,240,0,1,0
CF,FF26,51.838056,107.658611,0,IZD,84.1,9.5,264.0,4.6,1,4300,0,0,0,0,2,0
CF,RW26,51.812969,107.464744,0,IZD,84.0,2.1,264.0,7.4,1,1708,0,0,0,0,3,0
TF,UU037,51.769750,107.133750,0, ,0.0,0.0,0.0,0.0,0,0,0,1,210,0,0,0
TF,UU038,51.607083,107.190028,0, ,0.0,0.0,0.0,0.0,0,0,0,1,215,0,0,0
TF,UU021,51.679000,107.552111,1, ,0.0,0.0,0.0,0.0,2,6400,0,1,240,0,0,0

APPTR,J08,08,UU011
IF,UU011,51.851611,106.979750, ,0.0,0.0,2,7200,0,0,0,0,1,0
TF,3NM,51.802019,106.997158,0, ,0.0,0.0,0.0,0.0,1,7200,0,0,0,0,0,0
TF,UU010,51.753222,107.014250,0,G08A,0.0,0.0,0.0,0.0,2,6500,0,1,240,0,1,0

APPTR,J08,08,UU040
IF,UU040,51.672417,107.190444, ,0.0,0.0,2,6500,0,1,240,0,1,0
TF,UU012,51.654833,107.048611,0, ,0.0,0.0,0.0,0.0,0,0,0,1,240,0,0,0
TF,UU010,51.753222,107.014250,0,G08A,0.0,0.0,0.0,0.0,2,6500,0,1,240,0,1,0

FINAL,J08,08,G,3
IF,UU010,51.753222,107.014250,G08A,0.0,0.0,2,6500,0,1,240,0,1,0
TF,UU031,51.776806,107.190278,0,G08A,0.0,0.0,84.0,6.7,1,4500,0,0,0,0,2,0
TF,RW08,51.806661,107.416514,0,G08A,0.0,0.0,84.0,8.6,1,1756,0,0,0,0,3,1
TF,UU035,51.827500,107.574111,0, ,0.0,0.0,0.0,0.0,0,0,0,1,205,0,0,0
TF,UU021,51.679000,107.552111,2, ,0.0,0.0,0.0,0.0,0,0,0,1,210,0,0,0
TF,UU040,51.672417,107.190444,0, ,0.0,0.0,0.0,0.0,2,5900,0,1,240,0,0,0

APPTR,J26,26,UU018
IF,UU018,51.952167,107.746278, ,0.0,0.0,2,7200,0,0,0,0,1,0
TF,354AT,51.902489,107.762867,0, ,0.0,0.0,0.0,0.0,1,5900,0,0,0,0,0,0
TF,UU017,51.853583,107.779167,0,G26A,0.0,0.0,0.0,0.0,2,5100,0,1,240,0,1,0

APPTR,J26,26,UU021
IF,UU021,51.679000,107.552111, ,0.0,0.0,2,6400,0,1,240,0,1,0
TF,UU019,51.755000,107.811917,0, ,0.0,0.0,0.0,0.0,2,5500,0,0,0,0,0,0
TF,174AT,51.804675,107.795431,0, ,0.0,0.0,0.0,0.0,1,5300,0,0,0,0,0,0
TF,UU017,51.853583,107.779167,0,G26A,0.0,0.0,0.0,0.0,2,5100,0,1,240,0,1,0

FINAL,J26,26,G,3
IF,UU017,51.853583,107.779167,G26A,0.0,0.0,2,5100,0,1,240,0,1,0
TF,UU039,51.838139,107.658667,0,G26A,0.0,0.0,264.0,4.6,1,4300,0,0,0,0,2,0
TF,RW26,51.812969,107.464744,0,G26A,0.0,0.0,264.0,7.4,1,1708,0,0,0,0,3,1
TF,UU037,51.769750,107.133750,0, ,0.0,0.0,0.0,0.0,0,0,0,1,210,0,0,0
TF,UU038,51.607083,107.190028,0, ,0.0,0.0,0.0,0.0,0,0,0,1,215,0,0,0
TF,UU021,51.679000,107.552111,1, ,0.0,0.0,0.0,0.0,2,6400,0,1,240,0,0,0

APPTR,L08-X,08,ULD1
IF,ULD,51.811722,107.439972, ,0.0,0.0,2,7000,0,0,0,0,1,0
FD,ULD,51.811722,107.439972,0,ULD,0.0,13.5,256.0,13.5,2,5700,0,0,0,0,0,0
CF,CF08X,51.773406,107.164869,2,IUL,264.1,11.7,84.0,3.0,1,4800,0,0,0,0,0,0

APPTR,L08-X,08,ULD2
IF,ULD,51.811722,107.439972, ,0.0,0.0,2,7000,0,0,0,0,1,0
FD,ULD,51.811722,107.439972,0,ULD,0.0,13.5,258.0,13.5,2,5700,0,0,0,0,0,0
CF,CF08X,51.773406,107.164869,2,IUL,264.1,11.7,84.0,3.0,1,4800,0,0,0,0,0,0

FINAL,L08-X,08,D,4
IF,CF08X,51.773406,107.164869,IUL,264.1,11.7,1,4800,0,0,0,0,0,0
CF,FF08,51.785278,107.254444,0,IUL,264.1,8.3,84.0,3.4,1,3700,0,0,0,0,2,0
CF,27LOC,51.797364,107.345708,0,IUL,264.1,4.8,84.0,3.5,1,2600,0,0,0,0,0,0
CF,ML08,51.804953,107.403492,0,IUL,264.1,2.6,84.0,2.2,1,1916,0,0,0,0,3,0
CA,0,84.0,2,4500,0,0,0,0,0,0
DF,ULD,51.811722,107.439972,2, ,0.0,0.0,2,6000,0,0,0,0,0,0

APPTR,L08-Y,08,U
IF,U,51.805000,107.403833, ,0.0,0.0,2,7100,0,0,0,0,1,0
FD,U,51.805000,107.403833,0,ULD,259.3,15.0,259.0,15.0,2,6600,0,1,95,0,0,0
CF,D264M,51.763139,107.091703,2,ULD,263.5,13.3,84.0,2.0,1,5700,0,0,0,0,0,0
CF,CF08,51.774456,107.172739,0,IUL,264.1,11.4,84.0,3.1,1,4700,0,0,0,0,0,0

FINAL,L08-Y,08,D,4
IF,CF08,51.774456,107.172739,IUL,264.1,11.4,1,4700,0,0,0,0,0,0
CF,FF08,51.785278,107.254444,0,IUL,264.1,8.3,84.0,3.1,1,3700,0,0,0,0,2,0
CF,27LOC,51.797364,107.345708,0,IUL,264.1,4.8,84.0,3.5,1,2600,0,0,0,0,0,0
CF,U,51.805000,107.403833,0,IUL,264.1,2.6,84.0,2.2,1,1910,0,0,0,0,3,0
CA,0,84.0,2,4500,0,0,0,0,0,0
DF,U,51.805000,107.403833,2, ,0.0,0.0,2,6600,0,0,0,0,0,0

APPTR,L08-Z,08,UU010
IF,UU010,51.753222,107.014250, ,0.0,0.0,2,6500,0,1,240,0,1,0
CF,CF08Z,51.769242,107.133656,0,IUL,264.1,12.9,84.0,4.6,1,5300,0,0,0,0,0,0

APPTR,L08-Z,08,UU011
IF,UU011,51.851611,106.979750, ,0.0,0.0,2,7200,0,0,0,0,1,0
TF,3NM,51.802019,106.997158,0, ,0.0,0.0,0.0,0.0,1,7200,0,0,0,0,0,0
TF,UU010,51.753222,107.014250,0, ,0.0,0.0,0.0,0.0,2,6500,0,1,240,0,1,0
CF,CF08Z,51.769242,107.133656,0,IUL,264.1,12.9,84.0,4.6,1,5300,0,0,0,0,0,0

APPTR,L08-Z,08,UU040
IF,UU040,51.672417,107.190444, ,0.0,0.0,2,6500,0,1,240,0,1,0
TF,UU012,51.654833,107.048611,0, ,0.0,0.0,0.0,0.0,2,6500,0,1,240,0,0,0
TF,UU010,51.753222,107.014250,0, ,0.0,0.0,0.0,0.0,2,6500,0,1,240,0,1,0
CF,CF08Z,51.769242,107.133656,0,IUL,264.1,12.9,84.0,4.6,1,5300,0,0,0,0,0,0

FINAL,L08-Z,08,D,4
IF,CF08Z,51.769242,107.133656,IUL,264.1,12.9,1,5300,0,0,0,0,0,0
CF,FF08,51.785278,107.254444,0,IUL,264.1,8.3,84.0,4.6,1,3700,0,0,0,0,2,0
CF,18LOC,51.800472,107.369344,0,IUL,264.1,3.9,84.0,4.4,1,2350,0,0,0,0,0,0
CF,ML08,51.804953,107.403492,0,IUL,264.1,2.6,84.0,1.3,1,1921,0,0,0,0,3,0
TF,UU035,51.827500,107.574111,0, ,0.0,0.0,0.0,0.0,0,0,0,1,205,0,0,0
TF,UU021,51.679000,107.552111,2, ,0.0,0.0,0.0,0.0,0,0,0,1,210,0,0,0
TF,UU040,51.672417,107.190444,0, ,0.0,0.0,0.0,0.0,2,5900,0,1,240,0,0,0

APPTR,N08-Y,08,U
IF,U,51.805000,107.403833, ,0.0,0.0,2,7100,0,0,0,0,1,0
FC,U,51.805000,107.403833,0,ULD,0.0,0.0,260.0,16.5,2,7100,0,0,0,0,0,1
CF,FN08Y,51.747569,106.974514,2,ULD,263.7,17.8,84.0,1.0,2,7100,0,0,0,0,0,0

FINAL,N08-Y,08,N,2
IF,FN08Y,51.747569,106.974514,U,0.0,0.0,2,7100,0,0,0,0,2,0
CF,U,51.805000,107.403833,0,U,0.0,0.0,84.0,16.4,1,1910,0,0,0,0,3,0
CA,0,84.0,2,6500,0,0,0,0,0,0
DF,U,51.805000,107.403833,2, ,0.0,0.0,2,7100,0,0,0,0,0,0

APPTR,N26-Y,26,Z
IF,Z,51.814611,107.477417, ,0.0,0.0,2,7000,0,0,0,0,1,0
FC,Z,51.814611,107.477417,0,ULD,0.0,0.0,94.0,13.9,2,5900,0,1,185,0,0,1
CF,FN26Y,51.858250,107.812617,1,ULD,84.5,14.2,264.0,2.0,1,5900,0,0,0,0,0,0

FINAL,N26-Y,26,N,2
IF,FN26Y,51.858250,107.812617,Z,0.0,0.0,1,5900,0,0,0,0,2,0
CF,Z,51.814611,107.477417,0,Z,0.0,0.0,264.0,12.8,1,1862,0,0,0,0,3,0
CA,0,264.0,2,5100,0,0,0,0,0,0
DF,Z,51.814611,107.477417,1, ,0.0,0.0,2,6800,0,0,0,0,0,0

APPTR,Q08-Z,08,U
IF,U,51.805000,107.403833, ,0.0,0.0,2,7100,0,0,0,0,1,0
FD,U,51.805000,107.403833,0,ULD,259.3,15.0,259.0,15.0,2,6600,0,1,95,0,0,0
CF,D264M,51.763139,107.091703,2,ULD,263.5,13.3,84.0,2.0,1,5700,0,0,0,0,0,0
CF,CF08,51.774456,107.172739,0,ULD,263.4,10.2,84.0,3.1,1,4700,0,0,0,0,0,0

FINAL,Q08-Z,08,N,3
IF,CF08,51.774456,107.172739,U,0.0,0.0,1,4700,0,0,0,0,0,0
CF,FF08,51.785278,107.254444,0,U,0.0,0.0,84.0,3.1,1,3700,0,0,0,0,2,0
CF,U,51.805000,107.403833,0,ULD,0.0,1.4,84.0,5.7,1,1910,0,0,0,0,3,0
CA,0,84.0,2,4500,0,0,0,0,0,0
DF,U,51.805000,107.403833,2, ,0.0,0.0,2,6600,0,0,0,0,0,0

APPTR,Q26-X,26,ZD1
IF,ZD,51.820306,107.521056, ,0.0,0.0,2,7000,0,0,0,0,1,0
FD,ZD,51.820306,107.521056,0,ULD,86.3,13.3,112.0,13.3,2,5400,0,0,0,0,0,0
CF,CF26,51.855239,107.790331,1,ULD,84.5,13.3,264.0,1.0,2,5400,0,0,0,0,0,0

APPTR,Q26-X,26,ZD2
IF,ZD,51.820306,107.521056, ,0.0,0.0,2,7000,0,0,0,0,1,0
FD,ZD,51.820306,107.521056,0,ULD,86.3,13.3,109.0,13.3,2,5400,0,0,0,0,0,0
CF,CF26,51.855239,107.790331,1,ULD,84.5,13.3,264.0,1.0,2,5400,0,0,0,0,0,0

APPTR,Q26-X,26,ZD3
IF,ZD,51.820306,107.521056, ,0.0,0.0,2,7000,0,0,0,0,1,0
FD,ZD,51.820306,107.521056,0,ULD,86.3,13.3,94.0,13.3,2,5400,0,0,0,0,0,0
CF,CF26,51.855239,107.790331,1,ULD,84.5,13.3,264.0,1.0,2,5400,0,0,0,0,0,0

APPTR,Q26-X,26,ZD4
IF,ZD,51.820306,107.521056, ,0.0,0.0,2,7000,0,0,0,0,1,0
FD,ZD,51.820306,107.521056,0,ULD,86.3,13.3,92.0,13.3,2,5400,0,0,0,0,0,0
CF,CF26,51.855239,107.790331,1,ULD,84.5,13.3,264.0,1.0,2,5400,0,0,0,0,0,0

FINAL,Q26-X,26,N,4
IF,CF26,51.855239,107.790331,ZD,0.0,0.0,2,5400,0,0,0,0,0,0
CF,FF26,51.838056,107.658611,0,ZD,0.0,0.0,264.0,5.0,1,4300,0,0,0,0,2,0
CF,54DME,51.828381,107.582497,0,ZD,0.0,0.0,264.0,2.9,1,3280,0,0,0,0,0,0
CF,RW26,51.812969,107.464744,0,ULD,0.0,0.9,264.0,4.5,1,1708,0,0,0,0,3,0
CD, ,0,0,0,ULD,0,0.0,264.0,2.3,0,0,0,0,0,0,0,0
CA,0,264.0,2,3900,0,0,0,0,0,0
DF,ZD,51.820306,107.521056,1, ,0.0,0.0,2,6600,0,0,0,0,0,0

APPTR,Q26-Z,26,Z1
IF,Z,51.814611,107.477417, ,0.0,0.0,2,7000,0,0,0,0,1,0
FD,Z,51.814611,107.477417,0,ULD,88.9,13.3,108.0,13.3,2,5300,0,0,0,0,0,0
CF,CF26,51.855239,107.790331,1,ULD,84.5,13.3,264.0,1.0,2,5300,0,0,0,0,0,0

APPTR,Q26-Z,26,Z2
IF,Z,51.814611,107.477417, ,0.0,0.0,2,7000,0,0,0,0,1,0
FD,Z,51.814611,107.477417,0,ULD,88.9,13.3,106.0,13.3,2,5300,0,0,0,0,0,0
CF,CF26,51.855239,107.790331,1,ULD,84.5,13.3,264.0,1.0,2,5300,0,0,0,0,0,0

APPTR,Q26-Z,26,Z3
IF,Z,51.814611,107.477417, ,0.0,0.0,2,7000,0,0,0,0,1,0
FD,Z,51.814611,107.477417,0,ULD,88.9,13.3,92.0,13.3,2,5300,0,0,0,0,0,0
CF,CF26,51.855239,107.790331,1,ULD,84.5,13.3,264.0,1.0,2,5300,0,0,0,0,0,0

APPTR,Q26-Z,26,Z4
IF,Z,51.814611,107.477417, ,0.0,0.0,2,7000,0,0,0,0,1,0
FD,Z,51.814611,107.477417,0,ULD,88.9,13.3,91.0,13.3,2,5300,0,0,0,0,0,0
CF,CF26,51.855239,107.790331,1,ULD,84.5,13.3,264.0,1.0,2,5300,0,0,0,0,0,0

FINAL,Q26-Z,26,N,4
IF,CF26,51.855239,107.790331,Z,0.0,0.0,2,5300,0,0,0,0,0,0
CF,FF26,51.838056,107.658611,0,Z,0.0,0.0,264.0,5.0,1,4300,0,0,0,0,2,0
CF,45DME,51.825306,107.558828,0,Z,0.0,0.0,264.0,3.8,1,2980,0,0,0,0,0,0
CF,Z,51.814611,107.477417,0,ULD,0.0,1.4,264.0,3.1,1,1877,0,0,0,0,3,0
CD, ,0,0,0,ULD,0,0.0,264.0,1.9,0,0,0,0,0,0,0,0
CA,0,264.0,2,3900,0,0,0,0,0,0
DF,Z,51.814611,107.477417,1, ,0.0,0.0,2,6800,0,0,0,0,0,0

APPTR,R08,08,UU011
IF,UU011,51.851611,106.979750, ,0.0,0.0,2,7200,0,0,0,0,1,0
TF,3NM,51.802019,106.997158,0, ,0.0,0.0,0.0,0.0,1,7200,0,0,0,0,0,0
TF,UU010,51.753222,107.014250,0, ,0.0,0.0,0.0,0.0,2,6500,0,1,240,0,1,0

APPTR,R08,08,UU040
IF,UU040,51.672417,107.190444, ,0.0,0.0,2,6500,0,1,240,0,1,0
TF,UU012,51.654833,107.048611,0, ,0.0,0.0,0.0,0.0,0,0,0,1,240,0,0,0
TF,UU010,51.753222,107.014250,0, ,0.0,0.0,0.0,0.0,2,6500,0,1,240,0,1,0

FINAL,R08,08,R,3
IF,UU010,51.753222,107.014250, ,0.0,0.0,2,6500,0,1,240,0,1,0
TF,UU008,51.776472,107.188028,0, ,0.0,0.0,84.0,6.7,1,4500,0,0,0,0,2,0
TF,RW08,51.806661,107.416514,0, ,0.0,0.0,84.0,8.7,1,1750,0,0,0,0,3,1
TF,UU035,51.827500,107.574111,0, ,0.0,0.0,0.0,0.0,0,0,0,1,205,0,0,0
TF,UU021,51.679000,107.552111,2, ,0.0,0.0,0.0,0.0,0,0,0,1,210,0,0,0
TF,UU040,51.672417,107.190444,0, ,0.0,0.0,0.0,0.0,2,5900,0,1,240,0,0,0

APPTR,R26,26,UU018
IF,UU018,51.952167,107.746278, ,0.0,0.0,2,7200,0,0,0,0,1,0
TF,354AT,51.902489,107.762867,0, ,0.0,0.0,0.0,0.0,1,5900,0,0,0,0,0,0
TF,UU017,51.853583,107.779167,0, ,0.0,0.0,0.0,0.0,2,5100,0,1,240,0,1,0

APPTR,R26,26,UU021
IF,UU021,51.679000,107.552111, ,0.0,0.0,2,6400,0,1,240,0,1,0
TF,UU019,51.755000,107.811917,0, ,0.0,0.0,0.0,0.0,2,5500,0,0,0,0,0,0
TF,174AT,51.804675,107.795431,0, ,0.0,0.0,0.0,0.0,1,5300,0,0,0,0,0,0
TF,UU017,51.853583,107.779167,0, ,0.0,0.0,0.0,0.0,2,5100,0,1,240,0,1,0

FINAL,R26,26,R,3
IF,UU017,51.853583,107.779167, ,0.0,0.0,2,5100,0,1,240,0,1,0
TF,UU039,51.838139,107.658667,0, ,0.0,0.0,264.0,4.6,1,4300,0,0,0,0,2,0
TF,RW26,51.812969,107.464744,0, ,0.0,0.0,264.0,7.4,1,1701,0,0,0,0,3,1
TF,UU037,51.769750,107.133750,0, ,0.0,0.0,0.0,0.0,0,0,0,1,210,0,0,0
TF,UU038,51.607083,107.190028,0, ,0.0,0.0,0.0,0.0,0,0,0,1,215,0,0,0
TF,UU021,51.679000,107.552111,1, ,0.0,0.0,0.0,0.0,2,6400,0,1,240,0,0,0

