SID,ASGO2E,13,2
CA,0,129.0,2,1100,0,0,0,0,0,0
CI,0, ,0.0,190.0,0,0,0,0,0,0,0,0
CF,ASGOR,68.516667,32.766667,0,VRD,144.0,116.7,160.0,10.0,2,7000,0,0,0,0,0,0

SID,ASGO2G,31,2
DF,DER31,68.791108,32.734011,0, ,0.0,0.0,0,0,0,0,0,0,0,1
CA,0,309.0,2,1000,0,0,0,0,0,0
CI,1, ,0.0,94.0,0,0,0,0,0,0,0,0
CF,ASGOR,68.516667,32.766667,0,VRD,144.0,116.7,164.0,14.0,2,7000,0,0,0,0,0,0

SID,ASGO2J,31,2
CA,0,309.0,2,1000,0,0,0,0,0,0
CI,1, ,0.0,88.0,0,0,0,0,0,0,0,0
CF,ASGOR,68.516667,32.766667,0,VRD,144.0,116.7,168.0,15.0,2,7000,0,0,0,0,0,0

SID,ASGO2N,13,5
CA,0,129.0,2,680,0,0,0,0,0,0
DF,MM516,68.727750,32.850889,0, ,0.0,0.0,0,0,0,0,0,0,0,0
TF,MM511,68.659083,32.976667,0, ,0.0,0.0,0.0,0.0,0,0,0,0,0,0,0,0
TF,ASGOR,68.516667,32.766667,0, ,0.0,0.0,0.0,0.0,2,7000,0,0,0,0,0,0

SID,ASGO2P,31,5
CA,0,309.0,2,650,0,0,0,0,0,0
DF,MM506,68.833306,32.655139,0, ,0.0,0.0,0,0,0,0,0,0,0,0
TF,MM507,68.885583,32.556833,0, ,0.0,0.0,0.0,0.0,0,0,0,1,230,0,0,0
TF,MM508,68.829306,32.326611,1, ,0.0,0.0,0.0,0.0,0,0,0,1,255,0,0,0
TF,MM504,68.674861,32.615806,1, ,0.0,0.0,0.0,0.0,3,6000,0,1,255,0,0,0
TF,ASGOR,68.516667,32.766667,0, ,0.0,0.0,0.0,0.0,2,7000,0,0,0,0,0,0

SID,ASGO2S,13,2
CA,0,129.0,2,1100,0,0,0,0,0,0
CI,0, ,0.0,197.0,0,0,0,0,0,0,0,0
CF,ASGOR,68.516667,32.766667,0,VRD,144.0,116.7,157.0,11.0,2,7000,0,0,0,0,0,0

SID,EKLE2E,13,2
DF,DER13,68.772486,32.768450,0, ,0.0,0.0,0,0,0,0,0,0,0,1
CA,0,129.0,2,3000,0,1,205,0,0,0
DF,P,68.798889,32.719583,2, ,0.0,0.0,0,0,0,1,205,0,0,0
TF,EKLED,68.835833,32.954444,0, ,0.0,0.0,0.0,0.0,2,9000,0,0,0,0,0,0

SID,EKLE2G,31,2
DF,DER31,68.791108,32.734011,0, ,0.0,0.0,0,0,0,0,0,0,0,1
CA,0,309.0,2,2000,0,1,205,0,0,0
DF,R,68.764583,32.783083,1, ,0.0,0.0,0,0,0,1,205,0,0,0
CA,0,138.0,2,6000,0,1,205,0,0,0
DF,R,68.764583,32.783083,2, ,0.0,0.0,0,0,0,1,205,0,0,0
TF,EKLED,68.835833,32.954444,0, ,0.0,0.0,0.0,0.0,2,9000,0,0,0,0,0,0

SID,EKLE2J,31,2
DF,DER31,68.791108,32.734011,0, ,0.0,0.0,0,0,0,0,0,0,0,1
CA,0,309.0,2,2000,0,1,205,0,0,0
DF,RD,68.743083,32.822444,1, ,0.0,0.0,0,0,0,1,205,0,0,1
CA,0,137.0,2,6000,0,1,205,0,0,0
DF,RD,68.743083,32.822444,0, ,0.0,0.0,0,0,0,1,205,0,0,0
TF,EKLED,68.835833,32.954444,0, ,0.0,0.0,0.0,0.0,2,9000,0,0,0,0,0,0

SID,EKLE2N,13,5
CA,0,129.0,2,680,0,0,0,0,0,0
DF,MM516,68.727750,32.850889,0, ,0.0,0.0,0,0,0,0,0,0,0,0
TF,MM511,68.659083,32.976667,0, ,0.0,0.0,0.0,0.0,0,0,0,1,245,0,0,0
TF,MM512,68.603333,32.747556,2, ,0.0,0.0,0.0,0.0,0,0,0,1,245,0,0,0
TF,MM513,68.777667,32.424611,2, ,0.0,0.0,0.0,0.0,3,6000,0,1,245,0,0,0
TF,MM515,68.833861,32.654694,2, ,0.0,0.0,0.0,0.0,0,0,0,1,245,0,0,0
TF,EKLED,68.835833,32.954444,0, ,0.0,0.0,0.0,0.0,2,9000,0,0,0,0,0,0

SID,EKLE2P,31,5
CA,0,309.0,2,650,0,0,0,0,0,0
DF,MM506,68.833306,32.655139,0, ,0.0,0.0,0,0,0,0,0,0,0,0
TF,MM507,68.885583,32.556833,0, ,0.0,0.0,0.0,0.0,0,0,0,1,230,0,0,0
TF,MM508,68.829306,32.326611,1, ,0.0,0.0,0.0,0.0,0,0,0,1,255,0,0,0
TF,MM504,68.674861,32.615806,1, ,0.0,0.0,0.0,0.0,3,6000,0,1,255,0,0,0
TF,MM505,68.742611,32.893000,1, ,0.0,0.0,0.0,0.0,0,0,0,1,255,0,0,0
TF,EKLED,68.835833,32.954444,0, ,0.0,0.0,0.0,0.0,2,9000,0,0,0,0,0,0

SID,EKLE2S,13,2
DF,DER13,68.772486,32.768450,0, ,0.0,0.0,0,0,0,0,0,0,0,1
CA,0,129.0,2,3000,0,1,205,0,0,0
DF,PF,68.823694,32.673611,2, ,0.0,0.0,0,0,0,1,205,0,0,1
TF,EKLED,68.835833,32.954444,0, ,0.0,0.0,0.0,0.0,2,9000,0,0,0,0,0,0

SID,LOPR2E,13,2
DF,DER13,68.772486,32.768450,0, ,0.0,0.0,0,0,0,0,0,0,0,1
CA,0,129.0,2,3000,0,1,205,0,0,0
DF,P,68.798889,32.719583,2, ,0.0,0.0,0,0,0,1,205,0,0,1
CI,1, ,0.0,56.0,0,0,0,0,0,0,0,0
CF,LOPRA,68.633333,33.196667,0,VRD,138.4,113.3,116.0,15.0,2,7000,0,0,0,0,0,0

SID,LOPR2G,31,2
DF,DER31,68.791108,32.734011,0, ,0.0,0.0,0,0,0,0,0,0,0,1
CA,0,309.0,2,1000,0,0,0,0,0,0
DF,R,68.764583,32.783083,1, ,0.0,0.0,0,0,0,0,0,0,0,0
TF,LOPRA,68.633333,33.196667,0, ,0.0,0.0,0.0,0.0,2,7000,0,0,0,0,0,0

SID,LOPR2J,31,2
DF,DER31,68.791108,32.734011,0, ,0.0,0.0,0,0,0,0,0,0,0,1
CA,0,309.0,2,1000,0,0,0,0,0,0
DF,RD,68.743083,32.822444,1, ,0.0,0.0,0,0,0,1,205,0,0,0
TF,LOPRA,68.633333,33.196667,0, ,0.0,0.0,0.0,0.0,2,7000,0,0,0,0,0,0

SID,LOPR2N,13,5
CA,0,129.0,2,680,0,0,0,0,0,0
DF,MM516,68.727750,32.850889,0, ,0.0,0.0,0,0,0,0,0,0,0,0
TF,MM511,68.659083,32.976667,0, ,0.0,0.0,0.0,0.0,0,0,0,0,0,0,0,0
TF,LOPRA,68.633333,33.196667,0, ,0.0,0.0,0.0,0.0,2,7000,0,0,0,0,0,0

SID,LOPR2P,31,5
CA,0,309.0,2,650,0,0,0,0,0,0
DF,MM506,68.833306,32.655139,0, ,0.0,0.0,0,0,0,0,0,0,0,0
TF,MM507,68.885583,32.556833,0, ,0.0,0.0,0.0,0.0,0,0,0,1,230,0,0,0
TF,MM508,68.829306,32.326611,1, ,0.0,0.0,0.0,0.0,0,0,0,1,255,0,0,0
TF,MM504,68.674861,32.615806,1, ,0.0,0.0,0.0,0.0,3,6000,0,1,255,0,0,0
TF,LOPRA,68.633333,33.196667,0, ,0.0,0.0,0.0,0.0,2,7000,0,0,0,0,0,0

SID,LOPR2S,13,2
DF,DER13,68.772486,32.768450,0, ,0.0,0.0,0,0,0,0,0,0,0,1
CA,0,129.0,2,3000,0,1,205,0,0,0
DF,PF,68.823694,32.673611,2, ,0.0,0.0,0,0,0,1,205,0,0,1
CI,1, ,0.0,63.0,0,0,0,0,0,0,0,0
CF,LOPRA,68.633333,33.196667,0,VRD,138.4,113.3,118.0,12.0,2,7000,0,0,0,0,0,0

SID,PELO2E,13,2
CA,0,129.0,2,1100,0,0,0,0,0,0
CI,2, ,0.0,295.0,0,0,0,0,0,0,0,0
CF,PELOR,68.616667,31.780000,0,VRD,154.3,106.0,225.0,19.0,2,10000,0,0,0,0,0,0

SID,PELO2G,31,2
DF,DER31,68.791108,32.734011,0, ,0.0,0.0,0,0,0,0,0,0,0,1
CA,0,309.0,2,1000,0,0,0,0,0,0
CI,1, ,0.0,171.0,0,0,0,0,0,0,0,0
CF,PELOR,68.616667,31.780000,0,VRD,154.3,106.0,231.0,19.0,2,10000,0,0,0,0,0,0

SID,PELO2J,31,2
CA,0,309.0,2,1000,0,0,0,0,0,0
CI,1, ,0.0,165.0,0,0,0,0,0,0,0,0
CF,PELOR,68.616667,31.780000,0,VRD,154.3,106.0,235.0,19.0,2,10000,0,0,0,0,0,0

SID,PELO2N,13,5
CA,0,129.0,2,680,0,0,0,0,0,0
DF,MM516,68.727750,32.850889,0, ,0.0,0.0,0,0,0,0,0,0,0,0
TF,MM511,68.659083,32.976667,0, ,0.0,0.0,0.0,0.0,0,0,0,0,0,0,0,0
TF,MM512,68.603333,32.747556,2, ,0.0,0.0,0.0,0.0,0,0,0,0,0,0,0,0
TF,PELOR,68.616667,31.780000,0, ,0.0,0.0,0.0,0.0,2,10000,0,0,0,0,0,0

SID,PELO2P,31,5
CA,0,309.0,2,650,0,0,0,0,0,0
DF,MM506,68.833306,32.655139,0, ,0.0,0.0,0,0,0,0,0,0,0,0
TF,MM507,68.885583,32.556833,0, ,0.0,0.0,0.0,0.0,0,0,0,1,230,0,0,0
TF,MM508,68.829306,32.326611,1, ,0.0,0.0,0.0,0.0,0,0,0,1,255,0,0,0
TF,PELOR,68.616667,31.780000,0, ,0.0,0.0,0.0,0.0,2,10000,0,0,0,0,0,0

SID,PELO2S,13,2
CA,0,129.0,2,1100,0,0,0,0,0,0
CI,2, ,0.0,311.0,0,0,0,0,0,0,0,0
CF,PELOR,68.616667,31.780000,0,VRD,154.3,106.0,221.0,21.0,2,10000,0,0,0,0,0,0

SID,ULME2E,13,2
DF,DER13,68.772486,32.768450,0, ,0.0,0.0,0,0,0,0,0,0,0,1
CA,0,129.0,2,1100,0,0,0,0,0,0
DF,P,68.798889,32.719583,2, ,0.0,0.0,0,0,0,0,0,0,0,0
TF,ULMER,68.966667,32.516667,0, ,0.0,0.0,0.0,0.0,2,10000,0,0,0,0,0,0

SID,ULME2G,31,2
DF,DER31,68.791108,32.734011,0, ,0.0,0.0,0,0,0,0,0,0,0,1
CA,0,309.0,2,2000,0,1,205,0,0,0
DF,R,68.764583,32.783083,1, ,0.0,0.0,0,0,0,1,205,0,0,0
CA,0,138.0,2,6000,0,1,205,0,0,0
DF,R,68.764583,32.783083,2, ,0.0,0.0,0,0,0,1,205,0,0,0
TF,ULMER,68.966667,32.516667,0, ,0.0,0.0,0.0,0.0,2,10000,0,0,0,0,0,0

SID,ULME2J,31,2
DF,DER31,68.791108,32.734011,0, ,0.0,0.0,0,0,0,0,0,0,0,1
CA,0,309.0,2,2000,0,1,205,0,0,0
DF,RD,68.743083,32.822444,1, ,0.0,0.0,0,0,0,1,205,0,0,0
CA,0,137.0,2,6000,0,1,205,0,0,0
DF,RD,68.743083,32.822444,2, ,0.0,0.0,0,0,0,1,205,0,0,0
TF,ULMER,68.966667,32.516667,0, ,0.0,0.0,0.0,0.0,2,10000,0,0,0,0,0,0

SID,ULME2N,13,5
CA,0,129.0,2,680,0,0,0,0,0,0
DF,MM516,68.727750,32.850889,0, ,0.0,0.0,0,0,0,0,0,0,0,0
TF,MM511,68.659083,32.976667,0, ,0.0,0.0,0.0,0.0,0,0,0,1,245,0,0,0
TF,MM512,68.603333,32.747556,2, ,0.0,0.0,0.0,0.0,0,0,0,1,245,0,0,0
TF,MM513,68.777667,32.424611,2, ,0.0,0.0,0.0,0.0,3,6000,0,0,0,0,0,0
TF,ULMER,68.966667,32.516667,0, ,0.0,0.0,0.0,0.0,2,10000,0,0,0,0,0,0

SID,ULME2P,31,5
CA,0,309.0,2,650,0,0,0,0,0,0
DF,MM506,68.833306,32.655139,0, ,0.0,0.0,0,0,0,0,0,0,0,0
TF,MM507,68.885583,32.556833,0, ,0.0,0.0,0.0,0.0,0,0,0,1,220,0,0,0
TF,MM508,68.829306,32.326611,1, ,0.0,0.0,0.0,0.0,0,0,0,1,220,0,0,0
TF,MM504,68.674861,32.615806,1, ,0.0,0.0,0.0,0.0,3,6000,0,1,220,0,0,0
TF,MM505,68.742611,32.893000,1, ,0.0,0.0,0.0,0.0,0,0,0,1,220,0,0,0
TF,ULMER,68.966667,32.516667,0, ,0.0,0.0,0.0,0.0,2,10000,0,0,0,0,0,0

SID,ULME2S,13,2
DF,DER13,68.772486,32.768450,0, ,0.0,0.0,0,0,0,0,0,0,0,1
CA,0,129.0,2,1100,0,0,0,0,0,0
DF,PF,68.823694,32.673611,2, ,0.0,0.0,0,0,0,1,205,0,0,1
TF,ULMER,68.966667,32.516667,0, ,0.0,0.0,0.0,0.0,2,10000,0,0,0,0,0,0

STAR,ASGO2A,13,2
IF,ASGOR,68.516667,32.766667, ,0.0,0.0,2,8000,0,0,0,0,0,0
TF,P,68.798889,32.719583,0, ,0.0,0.0,0.0,0.0,2,4000,0,0,0,0,0,0

STAR,ASGO2B,13,2
IF,ASGOR,68.516667,32.766667, ,0.0,0.0,2,8000,0,0,0,0,0,0
TF,PF,68.823694,32.673611,0, ,0.0,0.0,0.0,0.0,2,4000,0,0,0,0,0,0

STAR,ASGO2C,31,2
IF,ASGOR,68.516667,32.766667, ,0.0,0.0,2,6000,0,0,0,0,0,0
TF,R,68.764583,32.783083,0, ,0.0,0.0,0.0,0.0,2,4000,0,0,0,0,0,0

STAR,ASGO2H,31,2
IF,ASGOR,68.516667,32.766667, ,0.0,0.0,2,6000,0,0,0,0,0,0
TF,RD,68.743083,32.822444,0, ,0.0,0.0,0.0,0.0,2,4000,0,0,0,0,0,0

STAR,ASGO2L,31,5
IF,ASGOR,68.516667,32.766667, ,0.0,0.0,2,6000,0,0,0,0,0,0
TF,MM503,68.583861,32.783222,0, ,0.0,0.0,0.0,0.0,2,4600,0,0,0,0,0,0
TF,MM521,68.611750,32.897583,0, ,0.0,0.0,0.0,0.0,2,3600,0,0,0,0,0,0
TF,MM502,68.639556,33.012222,0, ,0.0,0.0,0.0,0.0,2,2600,0,1,230,0,0,0

STAR,ASGO2M,13,5
IF,ASGOR,68.516667,32.766667, ,0.0,0.0,2,8000,0,0,0,0,0,0
TF,MM513,68.777667,32.424611,0, ,0.0,0.0,0.0,0.0,2,7000,0,0,0,0,0,0

STAR,EKLE2A,13,2
IF,EKLED,68.835833,32.954444, ,0.0,0.0,2,8000,0,0,0,0,0,0
TF,P,68.798889,32.719583,0, ,0.0,0.0,0.0,0.0,2,4000,0,0,0,0,0,0

STAR,EKLE2B,13,2
IF,EKLED,68.835833,32.954444, ,0.0,0.0,2,8000,0,0,0,0,0,0
TF,PF,68.823694,32.673611,0, ,0.0,0.0,0.0,0.0,2,4000,0,0,0,0,0,0

STAR,EKLE2C,31,2
IF,EKLED,68.835833,32.954444, ,0.0,0.0,2,8000,0,0,0,0,0,0
TF,R,68.764583,32.783083,0, ,0.0,0.0,0.0,0.0,2,4000,0,0,0,0,0,0

STAR,EKLE2H,31,2
IF,EKLED,68.835833,32.954444, ,0.0,0.0,2,8000,0,0,0,0,0,0
TF,RD,68.743083,32.822444,0, ,0.0,0.0,0.0,0.0,2,4000,0,0,0,0,0,0

STAR,EKLE2L,31,5
IF,EKLED,68.835833,32.954444, ,0.0,0.0,2,8000,0,0,0,0,0,0
TF,MM504,68.674861,32.615806,0, ,0.0,0.0,0.0,0.0,2,7000,0,0,0,0,0,0

STAR,EKLE2M,13,5
IF,EKLED,68.835833,32.954444, ,0.0,0.0,2,8000,0,0,0,0,0,0
TF,MM513,68.777667,32.424611,0, ,0.0,0.0,0.0,0.0,2,7000,0,0,0,0,0,0

STAR,LOPR2A,13,2
IF,LOPRA,68.633333,33.196667, ,0.0,0.0,2,8000,0,0,0,0,0,0
TF,P,68.798889,32.719583,0, ,0.0,0.0,0.0,0.0,2,4000,0,0,0,0,0,0

STAR,LOPR2B,13,2
IF,LOPRA,68.633333,33.196667, ,0.0,0.0,2,8000,0,0,0,0,0,0
TF,PF,68.823694,32.673611,0, ,0.0,0.0,0.0,0.0,2,4000,0,0,0,0,0,0

STAR,LOPR2C,31,2
IF,LOPRA,68.633333,33.196667, ,0.0,0.0,2,6000,0,0,0,0,0,0
TF,R,68.764583,32.783083,0, ,0.0,0.0,0.0,0.0,2,4000,0,0,0,0,0,0

STAR,LOPR2H,31,2
IF,LOPRA,68.633333,33.196667, ,0.0,0.0,2,6000,0,0,0,0,0,0
TF,RD,68.743083,32.822444,0, ,0.0,0.0,0.0,0.0,2,4000,0,0,0,0,0,0

STAR,LOPR2L,31,5
IF,LOPRA,68.633333,33.196667, ,0.0,0.0,2,8000,0,0,0,0,0,0
TF,MM519,68.730778,32.845306,0, ,0.0,0.0,0.0,0.0,2,7000,0,0,0,0,0,0
TF,MM504,68.674861,32.615806,0, ,0.0,0.0,0.0,0.0,2,7000,0,0,0,0,0,0

STAR,LOPR2M,13,5
IF,LOPRA,68.633333,33.196667, ,0.0,0.0,2,8000,0,0,0,0,0,0
TF,MM513,68.777667,32.424611,0, ,0.0,0.0,0.0,0.0,2,7000,0,0,0,0,0,0

STAR,PELO2A,13,2
IF,PELOR,68.616667,31.780000, ,0.0,0.0,2,9000,0,0,0,0,0,0
TF,D224R,68.659719,31.998225,0, ,0.0,0.0,0.0,0.0,2,9000,0,0,0,0,0,0
TF,P,68.798889,32.719583,0, ,0.0,0.0,0.0,0.0,2,4000,0,0,0,0,0,0

STAR,PELO2B,13,2
IF,PELOR,68.616667,31.780000, ,0.0,0.0,2,9000,0,0,0,0,0,0
TF,D220R,68.665206,31.986222,0, ,0.0,0.0,0.0,0.0,2,9000,0,0,0,0,0,0
TF,PF,68.823694,32.673611,0, ,0.0,0.0,0.0,0.0,2,4000,0,0,0,0,0,0

STAR,PELO2C,31,2
IF,PELOR,68.616667,31.780000, ,0.0,0.0,2,9000,0,0,0,0,0,0
TF,D230R,68.651178,32.009300,0, ,0.0,0.0,0.0,0.0,2,9000,0,0,0,0,0,0
TF,R,68.764583,32.783083,0, ,0.0,0.0,0.0,0.0,2,4000,0,0,0,0,0,0

STAR,PELO2H,31,2
IF,PELOR,68.616667,31.780000, ,0.0,0.0,2,9000,0,0,0,0,0,0
TF,D234S,68.645444,32.011706,0, ,0.0,0.0,0.0,0.0,2,9000,0,0,0,0,0,0
TF,RD,68.743083,32.822444,0, ,0.0,0.0,0.0,0.0,2,4000,0,0,0,0,0,0

STAR,PELO2L,31,5
IF,PELOR,68.616667,31.780000, ,0.0,0.0,2,9000,0,0,0,0,0,0
TF,MM517,68.609222,32.024861,0, ,0.0,0.0,0.0,0.0,2,9000,0,0,0,0,0,0
TF,MM503,68.583861,32.783222,0, ,0.0,0.0,0.0,0.0,2,4600,0,0,0,0,0,0
TF,MM521,68.611750,32.897583,0, ,0.0,0.0,0.0,0.0,2,3600,0,0,0,0,0,0
TF,MM502,68.639556,33.012222,0, ,0.0,0.0,0.0,0.0,2,2600,0,1,230,0,0,0

STAR,PELO2M,13,5
IF,PELOR,68.616667,31.780000, ,0.0,0.0,2,9000,0,0,0,0,0,0
TF,MM523,68.689361,31.924167,0, ,0.0,0.0,0.0,0.0,2,9000,0,0,0,0,0,0
TF,MM514,68.860667,32.268667,0, ,0.0,0.0,0.0,0.0,0,0,0,0,0,0,0,0
TF,MM509,68.917056,32.499222,0, ,0.0,0.0,0.0,0.0,2,2200,0,1,200,0,0,0

STAR,PELO2Z,31,5
IF,PELOR,68.616667,31.780000, ,0.0,0.0,2,9000,0,0,0,0,0,0
TF,MM504,68.674861,32.615806,0, ,0.0,0.0,0.0,0.0,2,7000,0,0,0,0,0,0

STAR,ULME2A,13,2
IF,ULMER,68.966667,32.516667, ,0.0,0.0,2,9000,0,0,0,0,0,0
TF,P,68.798889,32.719583,0, ,0.0,0.0,0.0,0.0,2,4000,0,0,0,0,0,0

STAR,ULME2B,13,2
IF,ULMER,68.966667,32.516667, ,0.0,0.0,2,9000,0,0,0,0,0,0
TF,PF,68.823694,32.673611,0, ,0.0,0.0,0.0,0.0,2,4000,0,0,0,0,0,0

STAR,ULME2C,31,2
IF,ULMER,68.966667,32.516667, ,0.0,0.0,2,9000,0,0,0,0,0,0
TF,R,68.764583,32.783083,0, ,0.0,0.0,0.0,0.0,2,4000,0,0,0,0,0,0

STAR,ULME2H,31,2
IF,ULMER,68.966667,32.516667, ,0.0,0.0,2,9000,0,0,0,0,0,0
TF,RD,68.743083,32.822444,0, ,0.0,0.0,0.0,0.0,2,4000,0,0,0,0,0,0

STAR,ULME2L,31,5
IF,ULMER,68.966667,32.516667, ,0.0,0.0,2,9000,0,0,0,0,0,0
TF,MM504,68.674861,32.615806,0, ,0.0,0.0,0.0,0.0,2,7000,0,0,0,0,0,0

STAR,ULME2M,13,5
IF,ULMER,68.966667,32.516667, ,0.0,0.0,2,9000,0,0,0,0,0,0
TF,MM518,68.833861,32.654694,0, ,0.0,0.0,0.0,0.0,2,7000,0,0,0,0,0,0
TF,MM513,68.777667,32.424611,0, ,0.0,0.0,0.0,0.0,2,7000,0,0,0,0,0,0

APPTR,I13-Y,13,PF1
IF,PF,68.823694,32.673611, ,0.0,0.0,2,4000,0,0,0,0,1,0
TF,D281G,68.879564,32.380942,0, ,0.0,0.0,0.0,0.0,2,2500,0,1,215,0,0,1
CF,CF13,68.900506,32.530119,2,IPF,309.2,9.9,129.0,2.0,1,2000,0,0,0,0,1,0

APPTR,I13-Y,13,PF2
IF,PF,68.823694,32.673611, ,0.0,0.0,2,4000,0,0,0,0,1,0
TF,D297G,68.906567,32.434881,0, ,0.0,0.0,0.0,0.0,2,2500,0,1,215,0,0,1
CF,CF13,68.900506,32.530119,2,IPF,309.2,9.9,129.0,2.0,1,2000,0,0,0,0,1,0

APPTR,I13-Y,13,PF3
IF,PF,68.823694,32.673611, ,0.0,0.0,2,4000,0,0,0,0,1,0
TF,D300G,68.910969,32.447231,0, ,0.0,0.0,0.0,0.0,2,2500,0,1,215,0,0,1
CF,CF13,68.900506,32.530119,2,IPF,309.2,9.9,129.0,2.0,1,2000,0,0,0,0,1,0

FINAL,I13-Y,13,I,3
IF,CF13,68.900506,32.530119,IPF,309.2,9.9,1,2000,0,0,0,0,0,0
CF,FF13,68.865000,32.596667,0,IPF,309.2,7.3,129.0,2.6,1,2000,0,0,0,0,2,0
CF,RW13,68.791108,32.734011,0,IPF,309.2,1.9,129.0,5.4,1,293,0,0,0,0,3,0
CA,0,129.0,2,1500,0,0,0,0,0,0
DF,PF,68.823694,32.673611,2, ,0.0,0.0,2,2500,0,0,0,0,0,0

APPTR,I13-Z,13,MM513
IF,MM513,68.777667,32.424611, ,0.0,0.0,2,7000,0,0,0,0,1,0
TF,MM514,68.860667,32.268667,0, ,0.0,0.0,0.0,0.0,0,0,0,0,0,0,0,0
TF,MM509,68.917056,32.499222,0,IPF,0.0,0.0,0.0,0.0,2,2200,0,1,200,0,1,0

FINAL,I13-Z,13,I,3
IF,MM509,68.917056,32.499222,IPF,309.2,11.1,2,2200,0,1,200,0,0,0
CF,FF13,68.865000,32.596667,0,IPF,309.2,7.3,129.0,3.8,1,2000,0,0,0,0,2,0
CF,RW13,68.791108,32.734011,0,IPF,309.2,1.9,129.0,5.4,1,293,0,0,0,0,3,0
CA,0,129.0,2,670,0,0,0,0,0,0
DF,MM520,68.690444,32.919333,0, ,0.0,0.0,0,0,0,1,230,0,0,1
DF,MM513,68.777667,32.424611,2, ,0.0,0.0,2,2800,0,0,0,0,0,0

APPTR,I31-Y,31,RD1
IF,RD,68.743083,32.822444, ,0.0,0.0,2,4000,0,0,0,0,1,0
TF,D157G,68.624189,32.856697,0, ,0.0,0.0,0.0,0.0,2,2800,0,1,215,0,0,1
CF,CF31,68.652311,32.989028,1,IRD,129.2,10.3,309.0,1.0,1,2000,0,0,0,0,1,0

APPTR,I31-Y,31,RD2
IF,RD,68.743083,32.822444, ,0.0,0.0,2,4000,0,0,0,0,1,0
TF,D141G,68.632197,32.945242,0, ,0.0,0.0,0.0,0.0,2,2800,0,1,215,0,0,1
CF,CF31,68.652311,32.989028,1,IRD,129.2,10.3,309.0,1.0,1,2000,0,0,0,0,1,0

APPTR,I31-Y,31,RD3
IF,RD,68.743083,32.822444, ,0.0,0.0,2,4000,0,0,0,0,1,0
TF,D138G,68.634681,32.960997,0, ,0.0,0.0,0.0,0.0,2,2800,0,1,215,0,0,1
CF,CF31,68.652311,32.989028,1,IRD,129.2,10.3,309.0,1.0,1,2000,0,0,0,0,1,0

FINAL,I31-Y,31,I,3
IF,CF31,68.652311,32.989028,IRD,129.2,10.3,1,2000,0,0,0,0,0,0
CF,FF31,68.699444,32.902778,0,IRD,129.2,6.9,309.0,3.4,1,2000,0,0,0,0,2,0
CF,RW31,68.772486,32.768450,0,IRD,129.2,1.6,309.0,5.3,1,317,0,0,0,0,3,0
CA,0,309.0,2,1800,0,1,185,0,0,0
DF,RD,68.743083,32.822444,1, ,0.0,0.0,2,2800,0,0,0,0,0,0

APPTR,I31-Z,31,MM504
IF,MM504,68.674861,32.615806, ,0.0,0.0,2,7000,0,0,0,0,1,0
TF,MM503,68.583861,32.783222,0, ,0.0,0.0,0.0,0.0,0,0,0,0,0,0,0,0
TF,MM521,68.611750,32.897583,0, ,0.0,0.0,0.0,0.0,2,3600,0,0,0,0,0,0
TF,MM502,68.639556,33.012222,0,IRD,0.0,0.0,0.0,0.0,2,2600,0,1,230,0,1,0

FINAL,I31-Z,31,I,3
IF,MM502,68.639556,33.012222,IRD,129.2,11.2,2,2600,0,1,230,0,0,0
CF,FF31,68.699444,32.902778,0,IRD,129.2,6.9,309.0,4.3,1,2000,0,0,0,0,2,0
CF,RW31,68.772486,32.768450,0,IRD,129.2,1.6,309.0,5.3,1,317,0,0,0,0,3,0
CA,0,309.0,2,670,0,0,0,0,0,0
DF,MM522,68.880222,32.566972,0, ,0.0,0.0,0,0,0,1,215,0,0,1
DF,MM504,68.674861,32.615806,1, ,0.0,0.0,2,2800,0,0,0,0,0,0

APPTR,J13,13,MM513
IF,MM513,68.777667,32.424611, ,0.0,0.0,2,7000,0,0,0,0,1,0
TF,MM514,68.860667,32.268667,0, ,0.0,0.0,0.0,0.0,0,0,0,0,0,0,0,0
TF,MM509,68.917056,32.499222,0,G13A,0.0,0.0,0.0,0.0,2,2200,0,1,200,0,1,0

FINAL,J13,13,G,3
IF,MM509,68.917056,32.499222,G13A,0.0,0.0,2,2200,0,1,200,0,0,0
TF,MM510,68.865000,32.596639,0,G13A,0.0,0.0,129.0,3.8,1,2000,0,0,0,0,2,0
TF,RW13,68.791108,32.734011,0,G13A,0.0,0.0,129.0,5.4,1,295,0,0,0,0,3,1
CA,0,129.0,2,670,0,0,0,0,0,0
DF,MM520,68.690444,32.919333,0, ,0.0,0.0,0,0,0,1,230,0,0,1
DF,MM513,68.777667,32.424611,2, ,0.0,0.0,2,2800,0,0,0,0,0,0

APPTR,J31,31,MM504
IF,MM504,68.674861,32.615806, ,0.0,0.0,2,7000,0,0,0,0,1,0
TF,MM503,68.583861,32.783222,0, ,0.0,0.0,0.0,0.0,0,0,0,0,0,0,0,0
TF,MM521,68.611750,32.897583,0, ,0.0,0.0,0.0,0.0,2,3600,0,0,0,0,0,0
TF,MM502,68.639556,33.012222,0,G31A,0.0,0.0,0.0,0.0,2,2600,0,1,230,0,1,0

FINAL,J31,31,G,3
IF,MM502,68.639556,33.012222,G31A,0.0,0.0,2,2600,0,1,230,0,0,0
TF,MM501,68.699472,32.902806,0,G31A,0.0,0.0,309.0,4.3,1,2000,0,0,0,0,2,0
TF,RW31,68.772486,32.768450,0,G31A,0.0,0.0,309.0,5.3,1,322,0,0,0,0,3,1
CA,0,309.0,2,670,0,0,0,0,0,0
DF,MM522,68.880222,32.566972,0, ,0.0,0.0,0,0,0,1,215,0,0,1
DF,MM504,68.674861,32.615806,1, ,0.0,0.0,2,2800,0,0,0,0,0,0

APPTR,N13-X,13,P1
IF,P,68.798889,32.719583, ,0.0,0.0,2,4000,0,0,0,0,1,0
FC,P,68.798889,32.719583,0,P,0.0,0.0,281.0,7.2,2,2500,0,1,215,0,0,1
CF,FN13X,68.886428,32.555658,2,P,309.0,6.4,129.0,3.0,2,2500,0,0,0,0,0,0

APPTR,N13-X,13,P2
IF,P,68.798889,32.719583, ,0.0,0.0,2,4000,0,0,0,0,1,0
FC,P,68.798889,32.719583,0,P,0.0,0.0,297.0,7.2,2,2500,0,1,215,0,0,1
CF,FN13X,68.886428,32.555658,2,P,309.0,6.4,129.0,4.0,2,2500,0,0,0,0,0,0

FINAL,N13-X,13,N,2
IF,FN13X,68.886428,32.555658,P,0.0,0.0,2,2500,0,0,0,0,2,0
CF,P,68.798889,32.719583,0,P,0.0,0.0,129.0,6.4,1,473,0,0,0,0,3,0
CA,0,129.0,2,2000,0,0,0,0,0,0
DF,P,68.798889,32.719583,2, ,0.0,0.0,2,2500,0,0,0,0,0,0

APPTR,N13-Y,13,P1
IF,P,68.798889,32.719583, ,0.0,0.0,2,4000,0,0,0,0,1,0
FC,P,68.798889,32.719583,0,P,0.0,0.0,287.0,9.0,2,2500,0,1,215,0,0,1
CF,CN13Y,68.922611,32.487439,2,P,309.0,9.0,129.0,1.0,2,2500,0,0,0,0,0,0

APPTR,N13-Y,13,P2
IF,P,68.798889,32.719583, ,0.0,0.0,2,4000,0,0,0,0,1,0
FC,P,68.798889,32.719583,0,P,0.0,0.0,300.0,9.0,2,2500,0,1,215,0,0,1
CF,CN13Y,68.922611,32.487439,2,P,309.0,9.0,129.0,1.0,2,2500,0,0,0,0,0,0

APPTR,N13-Y,13,P3
IF,P,68.798889,32.719583, ,0.0,0.0,2,4000,0,0,0,0,1,0
FC,P,68.798889,32.719583,0,P,0.0,0.0,302.0,9.0,2,2500,0,1,215,0,0,1
CF,CN13Y,68.922611,32.487439,2,P,309.0,9.0,129.0,1.0,2,2500,0,0,0,0,0,0

FINAL,N13-Y,13,N,4
IF,CN13Y,68.922611,32.487439,P,0.0,0.0,2,2500,0,0,0,0,0,0
CF,FF13,68.865000,32.596667,0,P,0.0,0.0,129.0,4.2,1,2000,0,0,0,0,2,0
CF,PF,68.823694,32.673611,0,P,0.0,0.0,129.0,3.0,1,1050,0,0,0,0,0,0
CF,P,68.798889,32.719583,0,P,0.0,0.0,129.0,1.8,1,473,0,0,0,0,3,0
CA,0,129.0,2,1500,0,0,0,0,0,0
DF,P,68.798889,32.719583,2, ,0.0,0.0,2,2500,0,0,0,0,0,0

APPTR,N13-Z,13,PF1
IF,PF,68.823694,32.673611, ,0.0,0.0,2,4000,0,0,0,0,1,0
FC,PF,68.823694,32.673611,0,PF,0.0,0.0,281.0,7.2,2,2500,0,1,215,0,0,1
CF,CN13Z,68.922697,32.487894,2,PF,309.0,7.2,129.0,1.0,2,2500,0,0,0,0,0,0

APPTR,N13-Z,13,PF2
IF,PF,68.823694,32.673611, ,0.0,0.0,2,4000,0,0,0,0,1,0
FC,PF,68.823694,32.673611,0,PF,0.0,0.0,297.0,7.2,2,2500,0,1,215,0,0,1
CF,CN13Z,68.922697,32.487894,2,PF,309.0,7.2,129.0,1.0,2,2500,0,0,0,0,0,0

APPTR,N13-Z,13,PF3
IF,PF,68.823694,32.673611, ,0.0,0.0,2,4000,0,0,0,0,1,0
FC,PF,68.823694,32.673611,0,PF,0.0,0.0,300.0,7.2,2,2500,0,1,215,0,0,1
CF,CN13Z,68.922697,32.487894,2,PF,309.0,7.2,129.0,1.0,2,2500,0,0,0,0,0,0

FINAL,N13-Z,13,N,4
IF,CN13Z,68.922697,32.487894,PF,0.0,0.0,2,2500,0,0,0,0,0,0
CF,FF13,68.865000,32.596667,0,PF,0.0,0.0,129.0,4.2,1,2000,0,0,0,0,2,0
CF,PF,68.823694,32.673611,0,PF,0.0,0.0,129.0,3.0,1,1050,0,0,0,0,0,0
CF,P,68.798889,32.719583,0,PF,0.0,0.0,129.0,1.8,1,473,0,0,0,0,3,0
CA,0,129.0,2,1500,0,0,0,0,0,0
DF,PF,68.823694,32.673611,2, ,0.0,0.0,2,2500,0,0,0,0,0,0

APPTR,N31-X,31,R1
IF,R,68.764583,32.783083, ,0.0,0.0,2,4000,0,0,0,0,1,0
FC,R,68.764583,32.783083,0,R,0.0,0.0,152.0,9.0,2,2800,0,1,215,0,0,1
CF,FN31X,68.665283,32.966833,1,R,129.0,7.2,309.0,2.0,2,2800,0,0,0,0,0,0

APPTR,N31-X,31,R2
IF,R,68.764583,32.783083, ,0.0,0.0,2,4000,0,0,0,0,1,0
FC,R,68.764583,32.783083,0,R,0.0,0.0,139.0,9.0,2,2800,0,1,215,0,0,1
CF,FN31X,68.665283,32.966833,1,R,129.0,7.2,309.0,2.0,2,2800,0,0,0,0,0,0

FINAL,N31-X,31,N,2
IF,FN31X,68.665283,32.966833,R,0.0,0.0,2,2800,0,0,0,0,2,0
CF,R,68.764583,32.783083,0,R,0.0,0.0,309.0,7.2,1,500,0,0,0,0,3,0
CA,0,309.0,2,2200,0,0,0,0,0,0
DF,R,68.764583,32.783083,1, ,0.0,0.0,2,2800,0,0,0,0,0,0

APPTR,N31-Y,31,R1
IF,R,68.764583,32.783083, ,0.0,0.0,2,4000,0,0,0,0,1,0
FC,R,68.764583,32.783083,0,R,0.0,0.0,157.0,7.2,2,2800,0,1,215,0,0,1
CF,CN31Y,68.665375,32.966661,1,R,129.0,7.2,309.0,1.0,2,2800,0,0,0,0,0,0

APPTR,N31-Y,31,R2
IF,R,68.764583,32.783083, ,0.0,0.0,2,4000,0,0,0,0,1,0
FC,R,68.764583,32.783083,0,R,0.0,0.0,139.0,7.2,2,2800,0,1,215,0,0,1
CF,CN31Y,68.665375,32.966661,1,R,129.0,7.2,309.0,1.0,2,2800,0,0,0,0,0,0

APPTR,N31-Y,31,R3
IF,R,68.764583,32.783083, ,0.0,0.0,2,4000,0,0,0,0,1,0
FC,R,68.764583,32.783083,0,R,0.0,0.0,137.0,7.2,2,2800,0,1,215,0,0,1
CF,CN31Y,68.665375,32.966661,1,R,129.0,7.2,309.0,1.0,2,2800,0,0,0,0,0,0

FINAL,N31-Y,31,N,4
IF,CN31Y,68.665375,32.966661,R,0.0,0.0,2,2800,0,0,0,0,0,0
CF,FF31,68.699444,32.902778,0,R,0.0,0.0,309.0,2.5,1,2000,0,0,0,0,2,0
CF,RD,68.743083,32.822444,0,R,0.0,0.0,309.0,3.2,1,1000,0,0,0,0,0,0
CF,R,68.764583,32.783083,0,R,0.0,0.0,309.0,1.6,1,500,0,0,0,0,3,0
CA,0,309.0,2,1800,0,0,0,0,0,0
DF,R,68.764583,32.783083,1, ,0.0,0.0,2,2800,0,0,0,0,0,0

APPTR,N31-Z,31,RD1
IF,RD,68.743083,32.822444, ,0.0,0.0,2,4000,0,0,0,0,1,0
FC,RD,68.743083,32.822444,0,RD,0.0,0.0,157.0,7.2,2,2800,0,1,215,0,0,1
CF,CN31Z,68.643875,33.005847,1,RD,129.0,7.2,309.0,1.0,2,2800,0,0,0,0,0,0

APPTR,N31-Z,31,RD2
IF,RD,68.743083,32.822444, ,0.0,0.0,2,4000,0,0,0,0,1,0
FC,RD,68.743083,32.822444,0,RD,0.0,0.0,141.0,7.2,2,2800,0,1,215,0,0,1
CF,CN31Z,68.643875,33.005847,1,RD,129.0,7.2,309.0,1.0,2,2800,0,0,0,0,0,0

APPTR,N31-Z,31,RD3
IF,RD,68.743083,32.822444, ,0.0,0.0,2,4000,0,0,0,0,1,0
FC,RD,68.743083,32.822444,0,RD,0.0,0.0,138.0,7.2,2,2800,0,1,215,0,0,1
CF,CN31Z,68.643875,33.005847,1,RD,129.0,7.2,309.0,1.0,2,2800,0,0,0,0,0,0

FINAL,N31-Z,31,N,4
IF,CN31Z,68.643875,33.005847,RD,0.0,0.0,2,2800,0,0,0,0,0,0
CF,FF31,68.699444,32.902778,0,RD,0.0,0.0,309.0,4.0,1,2000,0,0,0,0,2,0
CF,RD,68.743083,32.822444,0,RD,0.0,0.0,309.0,3.2,1,1000,0,0,0,0,0,0
CF,R,68.764583,32.783083,0,RD,0.0,0.0,309.0,1.6,1,500,0,0,0,0,3,0
CA,0,309.0,2,1800,0,0,0,0,0,0
DF,RD,68.743083,32.822444,1, ,0.0,0.0,2,2800,0,0,0,0,0,0

APPTR,R13,13,MM513
IF,MM513,68.777667,32.424611, ,0.0,0.0,2,7000,0,0,0,0,1,0
TF,MM514,68.860667,32.268667,0, ,0.0,0.0,0.0,0.0,0,0,0,0,0,0,0,0
TF,MM509,68.917056,32.499222,0, ,0.0,0.0,0.0,0.0,2,2200,0,1,200,0,1,0

FINAL,R13,13,R,3
IF,MM509,68.917056,32.499222, ,0.0,0.0,2,2200,0,1,200,0,0,0
TF,MM510,68.865000,32.596639,0, ,0.0,0.0,129.0,3.8,1,2000,0,0,0,0,2,0
TF,RW13,68.791108,32.734011,0, ,0.0,0.0,129.0,5.4,1,292,0,0,0,0,3,1
CA,0,129.0,2,740,0,0,0,0,0,0
DF,MM520,68.690444,32.919333,0, ,0.0,0.0,0,0,0,1,230,0,0,1
DF,MM513,68.777667,32.424611,2, ,0.0,0.0,2,2800,0,0,0,0,0,0

APPTR,R31,31,MM504
IF,MM504,68.674861,32.615806, ,0.0,0.0,2,7000,0,0,0,0,1,0
TF,MM503,68.583861,32.783222,0, ,0.0,0.0,0.0,0.0,0,0,0,0,0,0,0,0
TF,MM521,68.611750,32.897583,0, ,0.0,0.0,0.0,0.0,2,3600,0,0,0,0,0,0
TF,MM502,68.639556,33.012222,0, ,0.0,0.0,0.0,0.0,2,2600,0,1,230,0,1,0

FINAL,R31,31,R,3
IF,MM502,68.639556,33.012222, ,0.0,0.0,2,2600,0,1,230,0,0,0
TF,MM501,68.699472,32.902806,0, ,0.0,0.0,309.0,4.3,1,2000,0,0,0,0,2,0
TF,RW31,68.772486,32.768450,0, ,0.0,0.0,309.0,5.3,1,317,0,0,0,0,3,1
CA,0,309.0,2,860,0,0,0,0,0,0
DF,MM522,68.880222,32.566972,0, ,0.0,0.0,0,0,0,1,215,0,0,1
DF,MM504,68.674861,32.615806,1, ,0.0,0.0,2,2800,0,0,0,0,0,0

