SID,BOBM2A,01,2
CA,0,9.0,2,810,0,0,0,0,0,0
DF,PTZ,61.887639,34.161028,2, ,0.0,0.0,0,0,0,1,205,0,0,0
TF,BOBMU,61.475278,33.030556,0, ,0.0,0.0,0.0,0.0,2,7000,0,0,0,0,0,0

SID,BOBM2B,01,2
CA,0,9.0,2,810,0,0,0,0,0,0
DF,XO,61.819778,34.096167,2, ,0.0,0.0,0,0,0,1,205,0,0,0
TF,BOBMU,61.475278,33.030556,0, ,0.0,0.0,0.0,0.0,2,7000,0,0,0,0,0,0

SID,BOBM2C,19,2
CD, ,0,0,0,PTZ,0,0.0,189.0,4.1,0,0,0,0,0,0,0,0
CI,0, ,0.0,249.0,0,0,0,1,205,0,0,0
CF,BOBMU,61.475278,33.030556,0,PTZ,219.0,40.7,219.0,34.0,2,7000,0,0,0,0,0,0

SID,BOBM2D,19,2
CD, ,0,0,0,PTZ,0,0.0,189.0,5.7,0,0,0,0,0,0,0,0
CI,0, ,0.0,239.0,0,0,0,0,0,0,0,0
CF,BOBMU,61.475278,33.030556,0,PTZ,219.0,40.7,223.0,34.0,2,7000,0,0,0,0,0,0

SID,BOBM2E,01,5
CA,0,9.0,2,810,0,0,0,0,0,0
DF,PB307,61.853431,33.897614,1, ,0.0,0.0,0,0,0,0,0,0,0,0
TF,PB301,61.667892,33.551678,0, ,0.0,0.0,0.0,0.0,0,0,0,0,0,0,0,0
TF,BOBMU,61.475278,33.030556,0, ,0.0,0.0,0.0,0.0,2,7000,0,0,0,0,0,0

SID,BOBM2F,19,5
CA,0,189.0,2,800,0,0,0,0,0,0
DF,PB301,61.667892,33.551678,0, ,0.0,0.0,0,0,0,0,0,0,0,0
TF,BOBMU,61.475278,33.030556,0, ,0.0,0.0,0.0,0.0,2,7000,0,0,0,0,0,0

SID,GITO2A,01,2
CA,0,9.0,2,810,0,0,0,0,0,0
DF,PTZ,61.887639,34.161028,2, ,0.0,0.0,0,0,0,1,205,0,0,0
TF,GITOS,61.876667,32.729167,0, ,0.0,0.0,0.0,0.0,2,7000,0,0,0,0,0,0

SID,GITO2B,01,2
CA,0,9.0,2,810,0,0,0,0,0,0
DF,XO,61.819778,34.096167,2, ,0.0,0.0,0,0,0,1,205,0,0,0
TF,GITOS,61.876667,32.729167,0, ,0.0,0.0,0.0,0.0,2,7000,0,0,0,0,0,0

SID,GITO2C,19,2
CD, ,0,0,0,PTZ,0,0.0,189.0,4.1,0,0,0,0,0,0,0,0
CI,2, ,0.0,309.0,0,0,0,1,205,0,0,0
CF,GITOS,61.876667,32.729167,0,PTZ,255.7,40.7,256.0,34.0,2,7000,0,0,0,0,0,0

SID,GITO2D,19,2
CD, ,0,0,0,PTZ,0,0.0,189.0,5.7,0,0,0,0,0,0,0,0
CI,2, ,0.0,292.0,0,0,0,1,205,0,0,0
CF,GITOS,61.876667,32.729167,0,PTZ,255.7,40.7,262.0,34.0,2,7000,0,0,0,0,0,0

SID,GITO2E,01,5
CA,0,9.0,2,810,0,0,0,0,0,0
DF,PB307,61.853431,33.897614,1, ,0.0,0.0,0,0,0,0,0,0,0,0
TF,GITOS,61.876667,32.729167,0, ,0.0,0.0,0.0,0.0,2,7000,0,0,0,0,0,0

SID,GITO2F,19,5
CA,0,189.0,2,800,0,0,0,0,0,0
DF,GITOS,61.876667,32.729167,0, ,0.0,0.0,2,7000,0,0,0,0,0,0

SID,OSNE2A,01,2
CA,0,9.0,2,810,0,0,0,0,0,0
CI,1, ,0.0,274.0,0,0,0,0,0,0,0,0
CF,OSNEN,62.437222,33.331389,0,PTZ,311.2,40.5,311.0,35.0,2,7000,0,0,0,0,0,0

SID,OSNE2B,01,2
CA,0,9.0,2,810,0,0,0,0,0,0
CI,1, ,0.0,249.0,0,0,0,1,205,0,0,0
CF,OSNEN,62.437222,33.331389,0,PTZ,311.2,40.5,317.0,35.0,2,7000,0,0,0,0,0,0

SID,OSNE2C,19,2
CD, ,0,0,0,PTZ,0,0.0,189.0,4.1,0,0,0,0,0,0,0,0
CI,2, ,0.0,16.0,0,0,0,1,205,0,0,0
CF,OSNEN,62.437222,33.331389,0,PTZ,311.2,40.5,311.0,38.0,2,7000,0,0,0,0,0,0

SID,OSNE2D,19,2
CD, ,0,0,0,PTZ,0,0.0,189.0,5.7,0,0,0,0,0,0,0,0
CI,2, ,0.0,16.0,0,0,0,1,205,0,0,0
CF,OSNEN,62.437222,33.331389,0,PTZ,311.2,40.5,317.0,40.0,2,7000,0,0,0,0,0,0

SID,OSNE2E,01,5
CA,0,9.0,2,810,0,0,0,0,0,0
DF,PB303,62.181431,33.722067,0, ,0.0,0.0,0,0,0,0,0,0,0,0
TF,OSNEN,62.437222,33.331389,0, ,0.0,0.0,0.0,0.0,2,7000,0,0,0,0,0,0

SID,OSNE2F,19,5
CA,0,189.0,2,800,0,0,0,0,0,0
DF,PB306,61.995089,34.024800,2, ,0.0,0.0,0,0,0,0,0,0,0,0
TF,PB303,62.181431,33.722067,0, ,0.0,0.0,0.0,0.0,0,0,0,0,0,0,0,0
TF,OSNEN,62.437222,33.331389,0, ,0.0,0.0,0.0,0.0,2,7000,0,0,0,0,0,0

SID,PEME2A,01,2
CA,0,9.0,2,810,0,0,0,0,0,0
DF,PTZ,61.887639,34.161028,1, ,0.0,0.0,0,0,0,1,205,0,0,0
TF,PEMEM,61.270556,34.729167,0, ,0.0,0.0,0.0,0.0,2,7000,0,0,0,0,0,0

SID,PEME2B,01,2
CA,0,9.0,2,810,0,0,0,0,0,0
DF,XO,61.819778,34.096167,1, ,0.0,0.0,0,0,0,1,205,0,0,0
TF,PEMEM,61.270556,34.729167,0, ,0.0,0.0,0.0,0.0,2,7000,0,0,0,0,0,0

SID,PEME2C,19,2
CA,0,189.0,2,800,0,0,0,0,0,0
CI,0, ,0.0,132.0,0,0,0,0,0,0,0,0
CF,PEMEM,61.270556,34.729167,0,PTZ,142.1,40.6,142.0,27.0,2,7000,0,0,0,0,0,0

SID,PEME2D,19,2
CD, ,0,0,0,PTZ,0,0.0,189.0,3.2,0,0,0,0,0,0,0,0
CF,XO,61.819778,34.096167,0,PTZ,190.3,4.5,189.0,2.0,0,0,0,0,0,0,0,0
TF,PEMEM,61.270556,34.729167,0, ,0.0,0.0,0.0,0.0,2,7000,0,0,0,0,0,0

SID,PEME2E,01,5
CA,0,9.0,2,810,0,0,0,0,0,0
DF,PB305,61.559197,34.466378,2, ,0.0,0.0,0,0,0,0,0,0,0,0
TF,PEMEM,61.270556,34.729167,0, ,0.0,0.0,0.0,0.0,2,7000,0,0,0,0,0,0

SID,PEME2F,19,5
CA,0,189.0,2,800,0,0,0,0,0,0
DF,PB305,61.559197,34.466378,0, ,0.0,0.0,0,0,0,0,0,0,0,0
TF,PEMEM,61.270556,34.729167,0, ,0.0,0.0,0.0,0.0,2,7000,0,0,0,0,0,0

SID,SOPI2A,01,2
CA,0,9.0,2,810,0,0,0,0,0,0
VI,0, ,0.0,56.0,0,0,0,0,0,0,0,0
CF,SOPID,62.398611,35.085000,0,PTZ,25.8,40.3,26.0,37.0,2,7000,0,0,0,0,0,0

SID,SOPI2B,01,2
CA,0,9.0,2,810,0,0,0,0,0,0
VI,0, ,0.0,55.0,0,0,0,0,0,0,0,0
CF,SOPID,62.398611,35.085000,0,PTZ,25.8,40.3,25.0,36.0,2,7000,0,0,0,0,0,0

SID,SOPI2C,19,2
CD, ,0,0,0,PTZ,0,0.0,189.0,4.1,0,0,0,0,0,0,0,0
CF,PTZ,61.887639,34.161028,2,PTZ,0.0,0.0,69.0,4.0,0,0,0,1,205,0,0,0
TF,SOPID,62.398611,35.085000,0, ,0.0,0.0,0.0,0.0,2,7000,0,0,0,0,0,0

SID,SOPI2D,19,2
CD, ,0,0,0,PTZ,0,0.0,189.0,5.7,0,0,0,0,0,0,0,0
CI,2, ,0.0,70.0,0,0,0,1,205,0,0,0
CF,SOPID,62.398611,35.085000,0,PTZ,25.8,40.3,25.0,43.0,2,7000,0,0,0,0,0,0

SID,SOPI2E,01,5
CA,0,9.0,2,810,0,0,0,0,0,0
DF,PB304,62.162311,34.652419,0, ,0.0,0.0,0,0,0,0,0,0,0,0
TF,SOPID,62.398611,35.085000,0, ,0.0,0.0,0.0,0.0,2,7000,0,0,0,0,0,0

SID,SOPI2F,19,5
CA,0,189.0,2,800,0,0,0,0,0,0
DF,PB306,61.995089,34.024800,2, ,0.0,0.0,0,0,0,0,0,0,0,0
TF,PB304,62.162311,34.652419,0, ,0.0,0.0,0.0,0.0,0,0,0,0,0,0,0,0
TF,SOPID,62.398611,35.085000,0, ,0.0,0.0,0.0,0.0,2,7000,0,0,0,0,0,0

STAR,BOBM2G,01,5
IF,BOBMU,61.475278,33.030556, ,0.0,0.0,2,7000,0,0,0,0,0,0
TF,PB301,61.667892,33.551678,0, ,0.0,0.0,0.0,0.0,0,0,0,0,0,0,0,0
TF,PB004,61.630194,33.926247,0, ,0.0,0.0,0.0,0.0,2,3110,0,0,0,0,0,0

STAR,BOBM2H,19,5
IF,BOBMU,61.475278,33.030556, ,0.0,0.0,2,7000,0,0,0,0,0,0
TF,PB003,61.760867,33.814281,0, ,0.0,0.0,0.0,0.0,2,3110,0,0,0,0,0,0
TF,PB022,62.087514,34.108056,0, ,0.0,0.0,0.0,0.0,2,3110,0,0,0,0,0,0

STAR,BOBM2J,ALL,2
IF,BOBMU,61.475278,33.030556, ,0.0,0.0,2,7000,0,0,0,0,0,0

STAR,BOBM2J,01,3
IF,BOBMU,61.475278,33.030556, ,0.0,0.0,2,7000,0,0,0,0,0,0
TF,PTZ,61.887639,34.161028,0, ,0.0,0.0,0.0,0.0,2,3110,0,0,0,0,0,0

STAR,BOBM2J,19,3
IF,BOBMU,61.475278,33.030556, ,0.0,0.0,2,7000,0,0,0,0,0,0
TF,PTZ,61.887639,34.161028,0, ,0.0,0.0,0.0,0.0,2,3100,0,0,0,0,0,0

STAR,BOBM2K,ALL,2
IF,BOBMU,61.475278,33.030556, ,0.0,0.0,2,7000,0,0,0,0,0,0

STAR,BOBM2K,01,3
IF,BOBMU,61.475278,33.030556, ,0.0,0.0,2,7000,0,0,0,0,0,0
TF,XO,61.819778,34.096167,0, ,0.0,0.0,0.0,0.0,2,3110,0,0,0,0,0,0

STAR,BOBM2K,19,3
IF,BOBMU,61.475278,33.030556, ,0.0,0.0,2,7000,0,0,0,0,0,0
TF,XO,61.819778,34.096167,0, ,0.0,0.0,0.0,0.0,2,3100,0,0,0,0,0,0

STAR,GITO2G,01,5
IF,GITOS,61.876667,32.729167, ,0.0,0.0,2,7000,0,0,0,0,0,0
TF,PB003,61.760867,33.814281,0, ,0.0,0.0,0.0,0.0,2,3110,0,0,0,0,0,0

STAR,GITO2H,19,5
IF,GITOS,61.876667,32.729167, ,0.0,0.0,2,7000,0,0,0,0,0,0
TF,PB302,61.883178,33.394231,0, ,0.0,0.0,0.0,0.0,0,0,0,0,0,0,0,0
TF,PB003,61.760867,33.814281,0, ,0.0,0.0,0.0,0.0,2,3110,0,0,0,0,0,0
TF,PB022,62.087514,34.108056,1, ,0.0,0.0,0.0,0.0,2,3110,0,0,0,0,0,0

STAR,GITO2J,ALL,2
IF,GITOS,61.876667,32.729167, ,0.0,0.0,2,7000,0,0,0,0,0,0

STAR,GITO2J,01,3
IF,GITOS,61.876667,32.729167, ,0.0,0.0,2,7000,0,0,0,0,0,0
TF,PTZ,61.887639,34.161028,0, ,0.0,0.0,0.0,0.0,2,3110,0,0,0,0,0,0

STAR,GITO2J,19,3
IF,GITOS,61.876667,32.729167, ,0.0,0.0,2,7000,0,0,0,0,0,0
TF,PTZ,61.887639,34.161028,0, ,0.0,0.0,0.0,0.0,2,3100,0,0,0,0,0,0

STAR,GITO2K,ALL,2
IF,GITOS,61.876667,32.729167, ,0.0,0.0,2,7000,0,0,0,0,0,0

STAR,GITO2K,01,3
IF,GITOS,61.876667,32.729167, ,0.0,0.0,2,7000,0,0,0,0,0,0
TF,XO,61.819778,34.096167,0, ,0.0,0.0,0.0,0.0,2,3110,0,0,0,0,0,0

STAR,GITO2K,19,3
IF,GITOS,61.876667,32.729167, ,0.0,0.0,2,7000,0,0,0,0,0,0
TF,XO,61.819778,34.096167,0, ,0.0,0.0,0.0,0.0,2,3100,0,0,0,0,0,0

STAR,OSNE2G,01,5
IF,OSNEN,62.437222,33.331389, ,0.0,0.0,2,7000,0,0,0,0,0,0
TF,PB303,62.181431,33.722067,0, ,0.0,0.0,0.0,0.0,0,0,0,0,0,0,0,0
TF,PB306,61.995089,34.024800,0, ,0.0,0.0,0.0,0.0,0,0,0,0,0,0,0,0
TF,PB003,61.760867,33.814281,0, ,0.0,0.0,0.0,0.0,2,3110,0,0,0,0,0,0

STAR,OSNE2H,19,5
IF,OSNEN,62.437222,33.331389, ,0.0,0.0,2,7000,0,0,0,0,0,0
TF,PB303,62.181431,33.722067,0, ,0.0,0.0,0.0,0.0,0,0,0,0,0,0,0,0
TF,PB022,62.087514,34.108056,0, ,0.0,0.0,0.0,0.0,2,3110,0,0,0,0,0,0

STAR,OSNE2J,ALL,2
IF,OSNEN,62.437222,33.331389, ,0.0,0.0,2,7000,0,0,0,0,0,0

STAR,OSNE2J,01,3
IF,OSNEN,62.437222,33.331389, ,0.0,0.0,2,7000,0,0,0,0,0,0
TF,PTZ,61.887639,34.161028,0, ,0.0,0.0,0.0,0.0,2,3110,0,0,0,0,0,0

STAR,OSNE2J,19,3
IF,OSNEN,62.437222,33.331389, ,0.0,0.0,2,7000,0,0,0,0,0,0
TF,PTZ,61.887639,34.161028,0, ,0.0,0.0,0.0,0.0,2,3100,0,0,0,0,0,0

STAR,OSNE2K,ALL,2
IF,OSNEN,62.437222,33.331389, ,0.0,0.0,2,7000,0,0,0,0,0,0

STAR,OSNE2K,01,3
IF,OSNEN,62.437222,33.331389, ,0.0,0.0,2,7000,0,0,0,0,0,0
TF,XO,61.819778,34.096167,0, ,0.0,0.0,0.0,0.0,2,3110,0,0,0,0,0,0

STAR,OSNE2K,19,3
IF,OSNEN,62.437222,33.331389, ,0.0,0.0,2,7000,0,0,0,0,0,0
TF,XO,61.819778,34.096167,0, ,0.0,0.0,0.0,0.0,2,3100,0,0,0,0,0,0

STAR,PEME2G,01,5
IF,PEMEM,61.270556,34.729167, ,0.0,0.0,2,7000,0,0,0,0,0,0
TF,PB305,61.559197,34.466378,0, ,0.0,0.0,0.0,0.0,0,0,0,0,0,0,0,0
TF,PB005,61.682708,34.201089,0, ,0.0,0.0,0.0,0.0,2,3110,0,0,0,0,0,0

STAR,PEME2H,19,5
IF,PEMEM,61.270556,34.729167, ,0.0,0.0,2,7000,0,0,0,0,0,0
TF,PB305,61.559197,34.466378,0, ,0.0,0.0,0.0,0.0,0,0,0,0,0,0,0,0
TF,PB024,62.008892,34.497953,0, ,0.0,0.0,0.0,0.0,2,3110,0,0,0,0,0,0

STAR,PEME2J,ALL,2
IF,PEMEM,61.270556,34.729167, ,0.0,0.0,2,7000,0,0,0,0,0,0

STAR,PEME2J,01,3
IF,PEMEM,61.270556,34.729167, ,0.0,0.0,2,7000,0,0,0,0,0,0
TF,PTZ,61.887639,34.161028,0, ,0.0,0.0,0.0,0.0,2,3110,0,0,0,0,0,0

STAR,PEME2J,19,3
IF,PEMEM,61.270556,34.729167, ,0.0,0.0,2,7000,0,0,0,0,0,0
TF,PTZ,61.887639,34.161028,0, ,0.0,0.0,0.0,0.0,2,3100,0,0,0,0,0,0

STAR,PEME2K,ALL,2
IF,PEMEM,61.270556,34.729167, ,0.0,0.0,2,7000,0,0,0,0,0,0

STAR,PEME2K,01,3
IF,PEMEM,61.270556,34.729167, ,0.0,0.0,2,7000,0,0,0,0,0,0
TF,XO,61.819778,34.096167,0, ,0.0,0.0,0.0,0.0,2,3110,0,0,0,0,0,0

STAR,PEME2K,19,3
IF,PEMEM,61.270556,34.729167, ,0.0,0.0,2,7000,0,0,0,0,0,0
TF,XO,61.819778,34.096167,0, ,0.0,0.0,0.0,0.0,2,3100,0,0,0,0,0,0

STAR,SOPI2G,01,5
IF,SOPID,62.398611,35.085000, ,0.0,0.0,2,7000,0,0,0,0,0,0
TF,PB304,62.162311,34.652419,0, ,0.0,0.0,0.0,0.0,0,0,0,0,0,0,0,0
TF,PB306,61.995089,34.024800,0, ,0.0,0.0,0.0,0.0,0,0,0,0,0,0,0,0
TF,PB003,61.760867,33.814281,0, ,0.0,0.0,0.0,0.0,2,3110,0,0,0,0,0,0

STAR,SOPI2H,19,5
IF,SOPID,62.398611,35.085000, ,0.0,0.0,2,7000,0,0,0,0,0,0
TF,PB304,62.162311,34.652419,0, ,0.0,0.0,0.0,0.0,0,0,0,0,0,0,0,0
TF,PB023,62.139833,34.387247,0, ,0.0,0.0,0.0,0.0,2,3110,0,0,0,0,0,0

STAR,SOPI2J,ALL,2
IF,SOPID,62.398611,35.085000, ,0.0,0.0,2,7000,0,0,0,0,0,0

STAR,SOPI2J,01,3
IF,SOPID,62.398611,35.085000, ,0.0,0.0,2,7000,0,0,0,0,0,0
TF,PTZ,61.887639,34.161028,0, ,0.0,0.0,0.0,0.0,2,3110,0,0,0,0,0,0

STAR,SOPI2J,19,3
IF,SOPID,62.398611,35.085000, ,0.0,0.0,2,7000,0,0,0,0,0,0
TF,PTZ,61.887639,34.161028,0, ,0.0,0.0,0.0,0.0,2,3100,0,0,0,0,0,0

STAR,SOPI2K,ALL,2
IF,SOPID,62.398611,35.085000, ,0.0,0.0,2,7000,0,0,0,0,0,0

STAR,SOPI2K,01,3
IF,SOPID,62.398611,35.085000, ,0.0,0.0,2,7000,0,0,0,0,0,0
TF,XO,61.819778,34.096167,0, ,0.0,0.0,0.0,0.0,2,3110,0,0,0,0,0,0

STAR,SOPI2K,19,3
IF,SOPID,62.398611,35.085000, ,0.0,0.0,2,7000,0,0,0,0,0,0
TF,XO,61.819778,34.096167,0, ,0.0,0.0,0.0,0.0,2,3100,0,0,0,0,0,0

APPTR,D01,01,PTZ1
IF,PTZ,61.887639,34.161028, ,0.0,0.0,2,3110,0,0,0,0,1,0
FD,PTZ,61.887639,34.161028,0,PTZ,0.0,11.0,214.0,11.0,2,2120,0,0,0,0,0,0
CF,FD01,61.800242,34.066969,1,PTZ,193.0,5.9,13.0,6.0,1,1790,0,0,0,0,0,0

APPTR,D01,01,PTZ2
IF,PTZ,61.887639,34.161028, ,0.0,0.0,2,3110,0,0,0,0,1,0
FD,PTZ,61.887639,34.161028,0,PTZ,0.0,11.0,201.0,11.0,2,2120,0,0,0,0,0,0
CF,FD01,61.800242,34.066969,1,PTZ,193.0,5.9,13.0,6.0,1,1790,0,0,0,0,0,0

FINAL,D01,01,D,3
IF,FD01,61.800242,34.066969,PTZ,193.0,5.9,1,1790,0,0,0,0,2,0
CF,28VOR,61.846169,34.116322,0,PTZ,193.0,2.8,13.0,3.1,1,810,0,0,0,0,0,0
CF,RW01,61.874831,34.145478,0,PTZ,195.8,0.9,13.0,1.9,1,199,0,0,0,0,3,0
FD,RW01,61.874831,34.145478,0,PTZ,195.8,4.3,13.0,4.3,0,0,0,0,0,0,0,0
DF,PTZ,61.887639,34.161028,1, ,0.0,0.0,2,2120,0,0,0,0,0,0

APPTR,D19,19,PTZ1
IF,PTZ,61.887639,34.161028, ,0.0,0.0,2,3110,0,0,0,0,1,0
FD,PTZ,61.887639,34.161028,0,PTZ,0.0,10.8,340.0,10.8,2,2110,0,0,0,0,0,0
CF,FD19,61.974044,34.224261,2,PTZ,5.0,5.5,185.0,6.0,1,1780,0,0,0,0,0,0

APPTR,D19,19,PTZ2
IF,PTZ,61.887639,34.161028, ,0.0,0.0,2,3110,0,0,0,0,1,0
FD,PTZ,61.887639,34.161028,0,PTZ,0.0,10.8,356.0,10.8,2,2110,0,0,0,0,0,0
CF,FD19,61.974044,34.224261,2,PTZ,5.0,5.5,185.0,6.0,1,1780,0,0,0,0,0,0

FINAL,D19,19,D,3
IF,FD19,61.974044,34.224261,PTZ,5.0,5.5,1,1780,0,0,0,0,2,0
CF,23VOR,61.923775,34.187428,0,PTZ,5.0,2.3,185.0,3.2,1,770,0,0,0,0,0,0
CF,RW19,61.895483,34.164156,0,PTZ,356.7,0.5,185.0,1.8,1,188,0,0,0,0,3,0
FD,RW19,61.895483,34.164156,0,PTZ,356.7,3.5,185.0,3.5,0,0,0,0,0,0,0,0
DF,PTZ,61.887639,34.161028,2, ,0.0,0.0,2,2110,0,1,185,0,0,0

APPTR,I19-X,19,XO1
IF,XO,61.819778,34.096167, ,0.0,0.0,2,3110,0,0,0,0,1,0
FD,XO,61.819778,34.096167,0,PTZ,190.3,10.8,353.0,10.8,2,2110,0,0,0,0,0,0
CF,CI19,62.053264,34.307786,2,IPD,9.1,12.0,189.0,1.0,2,2110,0,0,0,0,0,0

APPTR,I19-X,19,XO2
IF,XO,61.819778,34.096167, ,0.0,0.0,2,3110,0,0,0,0,1,0
FD,XO,61.819778,34.096167,0,PTZ,190.3,10.8,5.0,10.8,2,2110,0,0,0,0,0,0
CF,CI19,62.053264,34.307786,2,IPD,9.1,12.0,189.0,1.0,2,2110,0,0,0,0,0,0

FINAL,I19-X,19,I,3
IF,CI19,62.053264,34.307786,IPD,9.1,12.0,2,2110,0,0,0,0,0,0
CF,FI19,61.971944,34.233611,0,IPD,9.1,6.7,189.0,5.3,1,1780,0,0,0,0,2,0
CF,RW19,61.895483,34.164156,0,IPD,9.1,1.7,189.0,5.0,1,188,0,0,0,0,3,0
CF,XO,61.819778,34.096167,0,PTZ,190.3,4.5,189.0,5.0,2,1130,0,1,200,0,0,1
VM,0,0,2,9.0,2,2110,0,0,0,0,0,0

APPTR,I19-Y,19,PTZ1
IF,PTZ,61.887639,34.161028, ,0.0,0.0,2,3110,0,0,0,0,1,0
FD,PTZ,61.887639,34.161028,0,PTZ,0.0,10.8,345.0,10.8,2,2110,0,0,0,0,0,0
CF,CI19,62.053264,34.307786,2,IPD,9.1,12.0,189.0,1.0,2,2110,0,0,0,0,0,0

APPTR,I19-Y,19,PTZ2
IF,PTZ,61.887639,34.161028, ,0.0,0.0,2,3110,0,0,0,0,1,0
FD,PTZ,61.887639,34.161028,0,PTZ,0.0,10.8,1.0,10.8,2,2110,0,0,0,0,0,0
CF,CI19,62.053264,34.307786,2,IPD,9.1,12.0,189.0,1.0,2,2110,0,0,0,0,0,0

FINAL,I19-Y,19,I,3
IF,CI19,62.053264,34.307786,IPD,9.1,12.0,2,2110,0,0,0,0,0,0
CF,FI19,61.971944,34.233611,0,IPD,9.1,6.7,189.0,5.3,1,1780,0,0,0,0,2,0
CF,RW19,61.895483,34.164156,0,IPD,9.1,1.7,189.0,5.0,1,188,0,0,0,0,3,0
FD,RW19,61.895483,34.164156,0,PTZ,356.7,3.5,189.0,3.5,0,0,0,0,0,0,0,0
DF,PTZ,61.887639,34.161028,2, ,0.0,0.0,2,2110,0,1,185,0,0,0

APPTR,I19-Z,19,PB022
IF,PB022,62.087514,34.108056, ,0.0,0.0,2,3110,0,0,0,0,1,0
TF,PB021,62.048344,34.303258,0,IPD,0.0,0.0,0.0,0.0,2,2110,0,0,0,0,1,0

APPTR,I19-Z,19,PB023
IF,PB023,62.139833,34.387247, ,0.0,0.0,2,3110,0,0,0,0,1,0
TF,PB021,62.048344,34.303258,0,IPD,0.0,0.0,0.0,0.0,2,2110,0,0,0,0,1,0

APPTR,I19-Z,19,PB024
IF,PB024,62.008892,34.497953, ,0.0,0.0,2,3110,0,0,0,0,1,0
TF,PB021,62.048344,34.303258,0,IPD,0.0,0.0,0.0,0.0,2,2110,0,0,0,0,1,0

FINAL,I19-Z,19,I,3
IF,PB021,62.048344,34.303258,IPD,9.1,11.7,2,2110,0,0,0,0,0,0
CF,FI19,61.971944,34.233611,0,IPD,9.1,6.7,189.0,5.0,1,1780,0,0,0,0,2,0
CF,RW19,61.895483,34.164156,0,IPD,9.1,1.7,189.0,5.0,1,188,0,0,0,0,3,0
CA,0,189.0,2,800,0,0,0,0,0,0
DF,PB025,62.004942,34.033253,2, ,0.0,0.0,0,0,0,1,185,0,0,0
TF,PB022,62.087514,34.108056,0, ,0.0,0.0,0.0,0.0,2,3110,0,0,0,0,0,0

APPTR,J01,01,PB003
IF,PB003,61.760867,33.814281, ,0.0,0.0,2,3110,0,0,0,0,1,0
TF,PB002,61.721914,34.007997,0,G01A,0.0,0.0,0.0,0.0,2,2120,0,0,0,0,1,0

APPTR,J01,01,PB004
IF,PB004,61.630194,33.926247, ,0.0,0.0,2,3110,0,0,0,0,1,0
TF,PB002,61.721914,34.007997,0,G01A,0.0,0.0,0.0,0.0,2,2120,0,0,0,0,1,0

APPTR,J01,01,PB005
IF,PB005,61.682708,34.201089, ,0.0,0.0,2,3110,0,0,0,0,1,0
TF,PB002,61.721914,34.007997,0,G01A,0.0,0.0,0.0,0.0,2,2120,0,0,0,0,1,0

FINAL,J01,01,G,3
IF,PB002,61.721914,34.007997,G01A,0.0,0.0,2,2120,0,0,0,0,0,0
TF,PB001,61.798389,34.076567,0,G01A,0.0,0.0,9.0,5.0,1,1790,0,0,0,0,2,0
TF,RW01,61.874831,34.145478,0,G01A,0.0,0.0,9.0,5.0,1,199,0,0,0,0,3,1
CA,0,9.0,2,810,0,0,0,0,0,0
DF,PB006,61.846383,33.887856,1, ,0.0,0.0,0,0,0,1,185,0,0,0
TF,PB003,61.760867,33.814281,0, ,0.0,0.0,0.0,0.0,2,3110,0,0,0,0,0,0

APPTR,J19,19,PB022
IF,PB022,62.087514,34.108056, ,0.0,0.0,2,3110,0,0,0,0,1,0
TF,PB021,62.048344,34.303258,0,G19A,0.0,0.0,0.0,0.0,2,2110,0,0,0,0,1,0

APPTR,J19,19,PB023
IF,PB023,62.139833,34.387247, ,0.0,0.0,2,3110,0,0,0,0,1,0
TF,PB021,62.048344,34.303258,0,G19A,0.0,0.0,0.0,0.0,2,2110,0,0,0,0,1,0

APPTR,J19,19,PB024
IF,PB024,62.008892,34.497953, ,0.0,0.0,2,3110,0,0,0,0,1,0
TF,PB021,62.048344,34.303258,0,G19A,0.0,0.0,0.0,0.0,2,2110,0,0,0,0,1,0

FINAL,J19,19,G,3
IF,PB021,62.048344,34.303258,G19A,0.0,0.0,2,2110,0,0,0,0,0,0
TF,PB020,61.971931,34.233533,0,G19A,0.0,0.0,189.0,5.0,1,1780,0,0,0,0,2,0
TF,RW19,61.895483,34.164156,0,G19A,0.0,0.0,189.0,5.0,1,187,0,0,0,0,3,1
CA,0,189.0,2,800,0,0,0,0,0,0
DF,PB025,62.004942,34.033253,2, ,0.0,0.0,0,0,0,1,185,0,0,0
TF,PB022,62.087514,34.108056,0, ,0.0,0.0,0.0,0.0,2,3110,0,0,0,0,0,0

FINAL,N01-Y,01,N,4
IF,CN01,61.742778,34.026667,XO,0.0,0.0,1,2120,0,0,0,0,0,0
CF,XO,61.819778,34.096167,0,XO,0.0,0.0,9.0,5.0,1,1400,0,0,0,0,2,0
CF,11THR,61.857361,34.129942,0,XO,0.0,0.0,9.0,2.5,1,580,0,0,0,0,0,0
CF,X,61.866500,34.137778,0,XO,0.0,0.0,9.0,0.6,1,385,0,0,0,0,3,0
CA,0,9.0,2,810,0,0,0,0,0,0
VM,0,0,1,189.0,2,2120,0,0,0,0,0,0

APPTR,Q01-Z,01,XO1
IF,XO,61.819778,34.096167, ,0.0,0.0,2,3110,0,0,0,0,1,0
FD,XO,61.819778,34.096167,0,PTZ,190.3,11.4,229.0,11.4,2,2120,0,0,0,0,0,0
CF,FQ01,61.798053,34.076683,1,PTZ,190.0,5.9,9.0,6.0,1,1790,0,0,0,0,0,0

APPTR,Q01-Z,01,XO2
IF,XO,61.819778,34.096167, ,0.0,0.0,2,3110,0,0,0,0,1,0
FD,XO,61.819778,34.096167,0,PTZ,190.3,11.4,203.0,11.4,2,2120,0,0,0,0,0,0
CF,FQ01,61.798053,34.076683,1,PTZ,190.0,5.9,9.0,6.0,1,1790,0,0,0,0,0,0

FINAL,Q01-Z,01,N,3
IF,FQ01,61.798053,34.076683,XO,0.0,0.0,1,1790,0,0,0,0,2,0
CF,28DME,61.845475,34.119250,0,XO,0.0,0.0,9.0,3.1,1,810,0,0,0,0,0,0
CF,RW01,61.874831,34.145478,0,PTZ,0.0,0.9,9.0,1.9,1,199,0,0,0,0,3,0
CA,0,9.0,2,810,0,0,0,0,0,0
DF,XO,61.819778,34.096167,1, ,0.0,0.0,2,2120,0,0,0,0,0,0

APPTR,Q19,19,XO1
IF,XO,61.819778,34.096167, ,0.0,0.0,2,3110,0,0,0,0,1,0
FD,XO,61.819778,34.096167,0,PTZ,190.3,10.8,351.0,10.8,2,2110,0,0,0,0,0,0
CF,FQ19,61.972353,34.233847,2,PTZ,8.0,5.5,189.0,6.0,1,1780,0,0,0,0,0,0

APPTR,Q19,19,XO2
IF,XO,61.819778,34.096167, ,0.0,0.0,2,3110,0,0,0,0,1,0
FD,XO,61.819778,34.096167,0,PTZ,190.3,10.8,3.0,10.8,2,2110,0,0,0,0,0,0
CF,FQ19,61.972353,34.233847,2,PTZ,8.0,5.5,189.0,6.0,1,1780,0,0,0,0,0,0

FINAL,Q19,19,N,3
IF,FQ19,61.972353,34.233847,XO,0.0,0.0,1,1780,0,0,0,0,2,0
CF,23DME,61.923419,34.189528,0,XO,0.0,0.0,189.0,3.2,1,770,0,0,0,0,0,0
CF,RW19,61.895483,34.164156,0,PTZ,0.0,0.5,189.0,1.8,1,188,0,0,0,0,3,0
CF,XO,61.819778,34.096167,0,PTZ,190.3,4.5,189.0,5.0,2,1130,0,1,200,0,0,1
VM,0,0,2,9.0,2,2110,0,0,0,0,0,0

APPTR,R01,01,PB003
IF,PB003,61.760867,33.814281, ,0.0,0.0,2,3110,0,0,0,0,1,0
TF,PB002,61.721914,34.007997,0, ,0.0,0.0,0.0,0.0,2,2120,0,0,0,0,1,0

APPTR,R01,01,PB004
IF,PB004,61.630194,33.926247, ,0.0,0.0,2,3110,0,0,0,0,1,0
TF,PB002,61.721914,34.007997,0, ,0.0,0.0,0.0,0.0,2,2120,0,0,0,0,1,0

APPTR,R01,01,PB005
IF,PB005,61.682708,34.201089, ,0.0,0.0,2,3110,0,0,0,0,1,0
TF,PB002,61.721914,34.007997,0, ,0.0,0.0,0.0,0.0,2,2120,0,0,0,0,1,0

FINAL,R01,01,R,3
IF,PB002,61.721914,34.007997, ,0.0,0.0,2,2120,0,0,0,0,0,0
TF,PB001,61.798389,34.076567,0, ,0.0,0.0,9.0,5.0,1,1790,0,0,0,0,2,0
TF,RW01,61.874831,34.145478,0, ,0.0,0.0,9.0,5.0,1,199,0,0,0,0,3,1
CA,0,9.0,2,810,0,0,0,0,0,0
DF,PB006,61.846383,33.887856,1, ,0.0,0.0,0,0,0,1,185,0,0,0
TF,PB003,61.760867,33.814281,0, ,0.0,0.0,0.0,0.0,2,3110,0,0,0,0,0,0

APPTR,R19,19,PB022
IF,PB022,62.087514,34.108056, ,0.0,0.0,2,3110,0,0,0,0,1,0
TF,PB021,62.048344,34.303258,0, ,0.0,0.0,0.0,0.0,2,2110,0,0,0,0,1,0

APPTR,R19,19,PB023
IF,PB023,62.139833,34.387247, ,0.0,0.0,2,3110,0,0,0,0,1,0
TF,PB021,62.048344,34.303258,0, ,0.0,0.0,0.0,0.0,2,2110,0,0,0,0,1,0

APPTR,R19,19,PB024
IF,PB024,62.008892,34.497953, ,0.0,0.0,2,3110,0,0,0,0,1,0
TF,PB021,62.048344,34.303258,0, ,0.0,0.0,0.0,0.0,2,2110,0,0,0,0,1,0

FINAL,R19,19,R,4
IF,PB021,62.048344,34.303258, ,0.0,0.0,2,2110,0,0,0,0,0,0
TF,PB020,61.971931,34.233533,0, ,0.0,0.0,189.0,5.0,1,1780,0,0,0,0,2,0
TF,22THR,61.929100,34.194614,0, ,0.0,0.0,189.0,2.8,1,860,0,0,0,0,0,0
TF,RW19,61.895483,34.164156,0, ,0.0,0.0,189.0,2.2,1,187,0,0,0,0,3,1
CA,0,189.0,2,800,0,0,0,0,0,0
DF,PB025,62.004942,34.033253,2, ,0.0,0.0,0,0,0,1,185,0,0,0
TF,PB022,62.087514,34.108056,0, ,0.0,0.0,0.0,0.0,2,3110,0,0,0,0,0,0

