SID,APRU2A,11,2
CA,0,109.0,2,2000,0,0,0,0,0,0
CI,2, ,0.0,303.0,0,0,0,0,0,0,0,0
CF,APRUS,55.983889,91.233056,0,KRS,253.7,45.1,253.0,43.0,2,9000,0,0,0,0,0,0

SID,APRU2B,29,2
CA,0,289.0,2,2000,0,0,0,0,0,0
CI,0, ,0.0,220.0,0,0,0,0,0,0,0,0
CF,APRUS,55.983889,91.233056,0,KRS,253.7,45.1,253.0,38.0,2,9000,0,0,0,0,0,0

SID,APRU2C,11,2
CA,0,109.0,2,2000,0,0,0,0,0,0
DF,UJ,55.947389,92.488222,2, ,0.0,0.0,2,5000,0,0,0,0,0,0
TF,APRUS,55.983889,91.233056,0, ,0.0,0.0,0.0,0.0,2,9000,0,0,0,0,0,0

SID,APRU2D,29,2
CA,0,289.0,2,2000,0,0,0,0,0,0
CI,0, ,0.0,212.0,0,0,0,0,0,0,0,0
CF,APRUS,55.983889,91.233056,0,KRS,253.7,45.1,254.0,39.0,2,9000,0,0,0,0,0,0

SID,APRU2E,11,5
CF,KL008,56.144333,92.684806,0,TAI,12.9,531.5,109.0,5.0,0,0,0,0,0,0,0,1
DF,UJ,55.947389,92.488222,2, ,0.0,0.0,2,5000,0,0,0,0,0,0
TF,APRUS,55.983889,91.233056,0, ,0.0,0.0,0.0,0.0,2,9000,0,0,0,0,0,0

SID,APRU2F,29,5
CF,KL009,56.220972,92.363222,0,TAI,11.6,532.2,289.0,7.0,0,0,0,0,0,0,0,1
DF,APRUS,55.983889,91.233056,0, ,0.0,0.0,2,9000,0,0,0,0,0,0

SID,ATRE2A,11,2
CA,0,109.0,2,2000,0,0,0,0,0,0
CI,0, ,0.0,148.0,0,0,0,0,0,0,0,0
CF,ATREG,55.745556,93.399722,0,KRS,127.4,38.5,126.0,29.0,2,9000,0,0,0,0,0,0

SID,ATRE2B,29,2
CA,0,289.0,2,2000,0,0,0,0,0,0
DF,KRS,56.163000,92.536167,2, ,0.0,0.0,0,0,0,0,0,0,0,0
TF,ATREG,55.745556,93.399722,0, ,0.0,0.0,0.0,0.0,2,9000,0,0,0,0,0,0

SID,ATRE2C,11,2
CA,0,109.0,2,2000,0,0,0,0,0,0
DF,UJ,55.947389,92.488222,2, ,0.0,0.0,2,5000,0,0,0,0,0,0
TF,ATREG,55.745556,93.399722,1, ,0.0,0.0,0.0,0.0,2,9000,0,0,0,0,0,0

SID,ATRE2D,29,2
CA,0,289.0,2,2000,0,0,0,0,0,0
CF,UJ,55.947389,92.488222,1,KRS,184.1,13.1,160.0,13.0,2,5000,0,0,0,0,0,0
TF,ATREG,55.745556,93.399722,0, ,0.0,0.0,0.0,0.0,2,9000,0,0,0,0,0,0

SID,ATRE2E,11,5
CF,KL008,56.144333,92.684806,0,TAI,12.9,531.5,109.0,5.0,0,0,0,0,0,0,0,1
DF,UJ,55.947389,92.488222,2, ,0.0,0.0,2,5000,0,0,0,0,0,0
TF,KL002,55.809750,93.114278,1, ,0.0,0.0,0.0,0.0,0,0,0,0,0,0,0,0
TF,ATREG,55.745556,93.399722,0, ,0.0,0.0,0.0,0.0,2,9000,0,0,0,0,0,0

SID,ATRE2F,29,5
CF,KL009,56.220972,92.363222,0,TAI,11.6,532.2,289.0,7.0,0,0,0,0,0,0,0,1
DF,UJ,55.947389,92.488222,1, ,0.0,0.0,2,5000,0,0,0,0,0,0
TF,ATREG,55.745556,93.399722,0, ,0.0,0.0,0.0,0.0,2,9000,0,0,0,0,0,0

SID,ATRE2Y,11,2
CA,0,109.0,2,2000,0,0,0,0,0,0
CI,0, ,0.0,144.0,0,0,0,0,0,0,0,0
CF,ATREG,55.745556,93.399722,0,KRS,127.4,38.5,127.0,30.0,2,9000,0,0,0,0,0,0

SID,ATRE2Z,11,5
CF,KL008,56.144333,92.684806,0,TAI,12.9,531.5,109.0,5.0,0,0,0,0,0,0,0,1
DF,KL002,55.809750,93.114278,0, ,0.0,0.0,0,0,0,0,0,0,0,0
TF,ATREG,55.745556,93.399722,0, ,0.0,0.0,0.0,0.0,2,9000,0,0,0,0,0,0

SID,BASE2A,11,2
CA,0,109.0,2,2000,0,0,0,0,0,0
CI,1, ,0.0,252.0,0,0,0,0,0,0,0,0
CF,BASEL,56.750556,91.716389,0,KRS,319.7,44.6,319.0,43.0,2,9000,0,0,0,0,0,0

SID,BASE2B,29,2
CA,0,289.0,2,2000,0,0,0,0,0,0
CI,0, ,0.0,331.0,0,0,0,0,0,0,0,0
CF,BASEL,56.750556,91.716389,0,KRS,319.7,44.6,319.0,37.0,2,9000,0,0,0,0,0,0

SID,BASE2C,11,2
CA,0,109.0,2,2000,0,0,0,0,0,0
DF,KP,56.184556,92.516722,2, ,0.0,0.0,0,0,0,0,0,0,0,0
TF,BASEL,56.750556,91.716389,0, ,0.0,0.0,0.0,0.0,2,9000,0,0,0,0,0,0

SID,BASE2D,29,2
CA,0,289.0,2,2000,0,0,0,0,0,0
CI,0, ,0.0,347.0,0,0,0,0,0,0,0,0
CF,BASEL,56.750556,91.716389,0,KRS,319.7,44.6,316.0,36.0,2,9000,0,0,0,0,0,0

SID,BASE2E,11,5
CF,KL008,56.144333,92.684806,0,TAI,12.9,531.5,109.0,5.0,0,0,0,0,0,0,0,1
DF,KL003,56.287389,92.903167,0, ,0.0,0.0,0,0,0,0,0,0,0,0
TF,KL005,56.450194,92.462639,0, ,0.0,0.0,0.0,0.0,0,0,0,0,0,0,0,0
TF,BASEL,56.750556,91.716389,0, ,0.0,0.0,0.0,0.0,2,9000,0,0,0,0,0,0

SID,BASE2F,29,5
CF,KL009,56.220972,92.363222,0,TAI,11.6,532.2,289.0,7.0,0,0,0,0,0,0,0,1
DF,KL007,56.393528,92.137167,0, ,0.0,0.0,0,0,0,0,0,0,0,0
TF,BASEL,56.750556,91.716389,0, ,0.0,0.0,0.0,0.0,2,9000,0,0,0,0,0,0

SID,BASE2Y,11,2
CA,0,109.0,2,2000,0,0,0,0,0,0
CF,GO,56.641111,92.653611,1,KRS,4.7,29.0,351.0,28.0,0,0,0,0,0,0,0,0
TF,BASEL,56.750556,91.716389,0, ,0.0,0.0,0.0,0.0,2,9000,0,0,0,0,0,0

SID,BASE2Z,11,5
CF,KL008,56.144333,92.684806,0,TAI,12.9,531.5,109.0,5.0,0,0,0,0,0,0,0,1
DF,KL005,56.450194,92.462639,1, ,0.0,0.0,0,0,0,0,0,0,0,0
TF,BASEL,56.750556,91.716389,0, ,0.0,0.0,0.0,0.0,2,9000,0,0,0,0,0,0

SID,IVRA2A,11,2
CA,0,109.0,2,2000,0,0,0,0,0,0
CI,2, ,0.0,231.0,0,0,0,0,0,0,0,0
CF,IVRAS,55.383889,92.466389,0,KRS,179.9,46.9,179.0,41.0,2,10000,0,0,0,0,0,0

SID,IVRA2B,29,2
CA,0,289.0,2,2000,0,0,0,0,0,0
DF,KRS,56.163000,92.536167,2, ,0.0,0.0,0,0,0,0,0,0,0,0
TF,IVRAS,55.383889,92.466389,0, ,0.0,0.0,0.0,0.0,2,10000,0,0,0,0,0,0

SID,IVRA2C,11,2
CA,0,109.0,2,2000,0,0,0,0,0,0
DF,UJ,55.947389,92.488222,2, ,0.0,0.0,2,5000,0,0,0,0,0,0
TF,IVRAS,55.383889,92.466389,0, ,0.0,0.0,0.0,0.0,2,10000,0,0,0,0,0,0

SID,IVRA2D,29,2
CA,0,289.0,2,2000,0,0,0,0,0,0
CF,UJ,55.947389,92.488222,1,KRS,184.1,13.1,160.0,13.0,2,5000,0,0,0,0,0,0
TF,IVRAS,55.383889,92.466389,0, ,0.0,0.0,0.0,0.0,2,10000,0,0,0,0,0,0

SID,IVRA2E,11,5
CF,KL008,56.144333,92.684806,0,TAI,12.9,531.5,109.0,5.0,0,0,0,0,0,0,0,1
DF,UJ,55.947389,92.488222,2, ,0.0,0.0,2,5000,0,0,0,0,0,0
TF,IVRAS,55.383889,92.466389,0, ,0.0,0.0,0.0,0.0,2,10000,0,0,0,0,0,0

SID,IVRA2F,29,5
CF,KL009,56.220972,92.363222,0,TAI,11.6,532.2,289.0,7.0,0,0,0,0,0,0,0,1
DF,UJ,55.947389,92.488222,1, ,0.0,0.0,0,0,0,0,0,0,0,0
TF,IVRAS,55.383889,92.466389,0, ,0.0,0.0,0.0,0.0,2,10000,0,0,0,0,0,0

SID,KETE2A,11,2
CA,0,109.0,2,2000,0,0,0,0,0,0
CI,0, ,0.0,199.0,0,0,0,0,0,0,0,0
CF,KETEM,55.348889,92.991389,0,KRS,159.3,51.3,158.0,44.0,2,13000,0,0,0,0,0,0

SID,KETE2B,29,2
CA,0,289.0,2,2000,0,0,0,0,0,0
DF,KRS,56.163000,92.536167,2, ,0.0,0.0,0,0,0,0,0,0,0,0
TF,KETEM,55.348889,92.991389,0, ,0.0,0.0,0.0,0.0,2,13000,0,0,0,0,0,0

SID,KETE2C,11,2
CA,0,109.0,2,2000,0,0,0,0,0,0
DF,UJ,55.947389,92.488222,2, ,0.0,0.0,2,5000,0,0,0,0,0,0
TF,KETEM,55.348889,92.991389,0, ,0.0,0.0,0.0,0.0,2,13000,0,0,0,0,0,0

SID,KETE2D,29,2
CA,0,289.0,2,2000,0,0,0,0,0,0
CF,UJ,55.947389,92.488222,1,KRS,184.1,13.1,160.0,13.0,2,5000,0,0,0,0,0,0
TF,KETEM,55.348889,92.991389,0, ,0.0,0.0,0.0,0.0,2,13000,0,0,0,0,0,0

SID,KETE2E,11,5
CF,KL008,56.144333,92.684806,0,TAI,12.9,531.5,109.0,5.0,0,0,0,0,0,0,0,1
DF,UJ,55.947389,92.488222,2, ,0.0,0.0,2,5000,0,0,0,0,0,0
TF,KETEM,55.348889,92.991389,0, ,0.0,0.0,0.0,0.0,2,13000,0,0,0,0,0,0

SID,KETE2F,29,5
CF,KL009,56.220972,92.363222,0,TAI,11.6,532.2,289.0,7.0,0,0,0,0,0,0,0,1
DF,UJ,55.947389,92.488222,1, ,0.0,0.0,0,0,0,0,0,0,0,0
TF,KETEM,55.348889,92.991389,0, ,0.0,0.0,0.0,0.0,2,13000,0,0,0,0,0,0

SID,KETE2Z,11,5
CF,KL008,56.144333,92.684806,0,TAI,12.9,531.5,109.0,5.0,0,0,0,0,0,0,0,1
DF,KETEM,55.348889,92.991389,0, ,0.0,0.0,2,13000,0,0,0,0,0,0

SID,PENA2A,11,2
CA,0,109.0,2,2000,0,0,0,0,0,0
CI,1, ,0.0,356.0,0,0,0,0,0,0,0,0
CF,PENAP,56.735833,93.552222,0,KRS,41.1,48.3,40.0,43.0,2,9000,0,0,0,0,0,0

SID,PENA2B,29,2
CA,0,289.0,2,2000,0,0,0,0,0,0
CI,2, ,0.0,109.0,0,0,0,0,0,0,0,0
CF,PENAP,56.735833,93.552222,0,KRS,41.1,48.3,40.0,43.0,2,9000,0,0,0,0,0,0

SID,PENA2C,11,2
CA,0,109.0,2,2000,0,0,0,0,0,0
CI,1, ,0.0,351.0,0,0,0,0,0,0,0,0
CF,PENAP,56.735833,93.552222,0,KRS,41.1,48.3,42.0,42.0,2,9000,0,0,0,0,0,0

SID,PENA2D,29,2
CA,0,289.0,2,2000,0,0,0,0,0,0
DF,GO,56.641111,92.653611,0, ,0.0,0.0,0,0,0,0,0,0,0,0
TF,PENAP,56.735833,93.552222,0, ,0.0,0.0,0.0,0.0,2,9000,0,0,0,0,0,0

SID,PENA2E,11,5
CF,KL008,56.144333,92.684806,0,TAI,12.9,531.5,109.0,5.0,0,0,0,0,0,0,0,1
DF,KL003,56.287389,92.903167,0, ,0.0,0.0,0,0,0,0,0,0,0,0
TF,KL004,56.479722,93.092500,0, ,0.0,0.0,0.0,0.0,0,0,0,0,0,0,0,0
TF,PENAP,56.735833,93.552222,0, ,0.0,0.0,0.0,0.0,2,9000,0,0,0,0,0,0

SID,PENA2F,29,5
CF,KL009,56.220972,92.363222,0,TAI,11.6,532.2,289.0,7.0,0,0,0,0,0,0,0,1
DF,KL007,56.393528,92.137167,0, ,0.0,0.0,0,0,0,0,0,0,0,0
TF,PENAP,56.735833,93.552222,2, ,0.0,0.0,0.0,0.0,2,9000,0,0,0,0,0,0

SID,ROVN2A,11,2
CA,0,109.0,2,2000,0,0,0,0,0,0
CI,2, ,0.0,286.0,0,0,0,0,0,0,0,0
CF,ROVNO,55.517222,91.116389,0,KRS,228.6,61.8,228.0,59.0,2,9000,0,0,0,0,0,0

SID,ROVN2B,29,2
CA,0,289.0,2,2000,0,0,0,0,0,0
CI,1, ,0.0,181.0,0,0,0,0,0,0,0,0
CF,ROVNO,55.517222,91.116389,0,KRS,228.6,61.8,228.0,55.0,2,9000,0,0,0,0,0,0

SID,ROVN2C,11,2
CA,0,109.0,2,2000,0,0,0,0,0,0
DF,UJ,55.947389,92.488222,2, ,0.0,0.0,2,5000,0,0,0,0,0,0
TF,ROVNO,55.517222,91.116389,0, ,0.0,0.0,0.0,0.0,2,9000,0,0,0,0,0,0

SID,ROVN2D,29,2
CA,0,289.0,2,2000,0,0,0,0,0,0
CI,1, ,0.0,160.0,0,0,0,0,0,0,0,0
CF,ROVNO,55.517222,91.116389,0,KRS,228.6,61.8,230.0,57.0,2,9000,0,0,0,0,0,0

SID,ROVN2E,11,5
CF,KL008,56.144333,92.684806,0,TAI,12.9,531.5,109.0,5.0,0,0,0,0,0,0,0,1
DF,UJ,55.947389,92.488222,2, ,0.0,0.0,2,5000,0,0,0,0,0,0
TF,ROVNO,55.517222,91.116389,0, ,0.0,0.0,0.0,0.0,2,9000,0,0,0,0,0,0

SID,ROVN2F,29,5
CF,KL009,56.220972,92.363222,0,TAI,11.6,532.2,289.0,7.0,0,0,0,0,0,0,0,1
DF,ROVNO,55.517222,91.116389,0, ,0.0,0.0,2,9000,0,0,0,0,0,0

STAR,DEB2YA,ALL,2
IF,DEBAR,57.050556,92.533056, ,0.0,0.0,2,9000,0,0,0,0,0,0
TF,GO,56.641111,92.653611,0, ,0.0,0.0,0.0,0.0,2,7000,0,0,0,0,0,0
TF,KRS,56.163000,92.536167,0, ,0.0,0.0,0.0,0.0,2,5000,0,0,0,0,0,0

STAR,DEBA2N,11,2
IF,DEBAR,57.050556,92.533056, ,0.0,0.0,2,9000,0,0,0,0,0,0
TF,GO,56.641111,92.653611,0, ,0.0,0.0,0.0,0.0,2,7000,0,0,0,0,0,0
TF,KP,56.184556,92.516722,0, ,0.0,0.0,0.0,0.0,2,5000,0,0,0,0,0,0

STAR,DEBA2P,29,2
IF,DEBAR,57.050556,92.533056, ,0.0,0.0,2,9000,0,0,0,0,0,0
TF,GO,56.641111,92.653611,0, ,0.0,0.0,0.0,0.0,2,7000,0,0,0,0,0,0
TF,RL,56.158056,92.627444,0, ,0.0,0.0,0.0,0.0,2,5000,0,0,0,0,0,0

STAR,DEBA2R,11,5
IF,DEBAR,57.050556,92.533056, ,0.0,0.0,2,9000,0,0,0,0,0,0
TF,GO,56.641111,92.653611,0, ,0.0,0.0,0.0,0.0,2,7000,0,0,0,0,0,0
TF,KL041,56.378083,92.548000,0, ,0.0,0.0,0.0,0.0,0,0,0,0,0,0,0,0
TF,KL010,56.307278,92.493528,0, ,0.0,0.0,0.0,0.0,2,4000,0,0,0,0,0,0

STAR,DEBA2S,29,5
IF,DEBAR,57.050556,92.533056, ,0.0,0.0,2,9000,0,0,0,0,0,0
TF,GO,56.641111,92.653611,0, ,0.0,0.0,0.0,0.0,2,7000,0,0,0,0,0,0
TF,KL023,56.264167,92.674583,0, ,0.0,0.0,0.0,0.0,2,4000,0,0,0,0,0,0

STAR,LAL2YA,ALL,2
IF,LALOM,55.907222,93.824722, ,0.0,0.0,2,9000,0,0,0,0,0,0
TF,NEMUR,56.021667,93.259167,0, ,0.0,0.0,0.0,0.0,2,7000,0,0,0,0,0,0
TF,KRS,56.163000,92.536167,0, ,0.0,0.0,0.0,0.0,2,5000,0,0,0,0,0,0

STAR,LALO2N,11,2
IF,LALOM,55.907222,93.824722, ,0.0,0.0,2,9000,0,0,0,0,0,0
TF,D124W,55.931111,93.088333,0, ,0.0,0.0,0.0,0.0,2,7000,0,0,0,0,0,0
TF,KP,56.184556,92.516722,0, ,0.0,0.0,0.0,0.0,2,5000,0,0,0,0,0,0

STAR,LALO2P,29,2
IF,LALOM,55.907222,93.824722, ,0.0,0.0,2,9000,0,0,0,0,0,0
TF,D124W,55.931111,93.088333,0, ,0.0,0.0,0.0,0.0,2,7000,0,0,0,0,0,0
TF,RL,56.158056,92.627444,0, ,0.0,0.0,0.0,0.0,2,5000,0,0,0,0,0,0

STAR,LALO2R,11,5
IF,LALOM,55.907222,93.824722, ,0.0,0.0,2,9000,0,0,0,0,0,0
TF,NEMUR,56.021667,93.259167,0, ,0.0,0.0,0.0,0.0,0,0,0,0,0,0,0,0
TF,KL039,56.200806,92.831333,0, ,0.0,0.0,0.0,0.0,0,0,0,0,0,0,0,0
TF,KL040,56.262111,92.683139,0, ,0.0,0.0,0.0,0.0,0,0,0,0,0,0,0,0
TF,KL010,56.307278,92.493528,0, ,0.0,0.0,0.0,0.0,2,4000,0,0,0,0,0,0

STAR,LALO2S,29,5
IF,LALOM,55.907222,93.824722, ,0.0,0.0,2,9000,0,0,0,0,0,0
TF,NEMUR,56.021667,93.259167,0, ,0.0,0.0,0.0,0.0,2,7000,0,0,0,0,0,0
TF,KL028,56.061556,92.956167,0, ,0.0,0.0,0.0,0.0,2,4000,0,0,0,0,0,0

STAR,LALO2Z,11,5
IF,LALOM,55.907222,93.824722, ,0.0,0.0,2,9000,0,0,0,0,0,0
TF,NEMUR,56.021667,93.259167,0, ,0.0,0.0,0.0,0.0,0,0,0,0,0,0,0,0
TF,KL037,56.003000,92.712917,0, ,0.0,0.0,0.0,0.0,0,0,0,0,0,0,0,0
TF,KL038,56.049417,92.519639,0, ,0.0,0.0,0.0,0.0,0,0,0,0,0,0,0,0
TF,KL019,56.094306,92.331000,0, ,0.0,0.0,0.0,0.0,2,5000,0,0,0,0,0,0

STAR,OKR2YA,ALL,2
IF,OKRIM,56.900556,93.166389, ,0.0,0.0,2,9000,0,0,0,0,0,0
TF,GO,56.641111,92.653611,0, ,0.0,0.0,0.0,0.0,2,7000,0,0,0,0,0,0
TF,KRS,56.163000,92.536167,0, ,0.0,0.0,0.0,0.0,2,5000,0,0,0,0,0,0

STAR,OKRI2N,11,2
IF,OKRIM,56.900556,93.166389, ,0.0,0.0,2,9000,0,0,0,0,0,0
TF,GO,56.641111,92.653611,0, ,0.0,0.0,0.0,0.0,2,7000,0,0,0,0,0,0
TF,KP,56.184556,92.516722,0, ,0.0,0.0,0.0,0.0,2,5000,0,0,0,0,0,0

STAR,OKRI2P,29,2
IF,OKRIM,56.900556,93.166389, ,0.0,0.0,2,9000,0,0,0,0,0,0
TF,GO,56.641111,92.653611,0, ,0.0,0.0,0.0,0.0,2,7000,0,0,0,0,0,0
TF,RL,56.158056,92.627444,0, ,0.0,0.0,0.0,0.0,2,5000,0,0,0,0,0,0

STAR,OKRI2R,11,5
IF,OKRIM,56.900556,93.166389, ,0.0,0.0,2,9000,0,0,0,0,0,0
TF,GO,56.641111,92.653611,0, ,0.0,0.0,0.0,0.0,2,7000,0,0,0,0,0,0
TF,KL041,56.378083,92.548000,0, ,0.0,0.0,0.0,0.0,0,0,0,0,0,0,0,0
TF,KL010,56.307278,92.493528,0, ,0.0,0.0,0.0,0.0,2,4000,0,0,0,0,0,0

STAR,OKRI2S,29,5
IF,OKRIM,56.900556,93.166389, ,0.0,0.0,2,9000,0,0,0,0,0,0
TF,GO,56.641111,92.653611,0, ,0.0,0.0,0.0,0.0,2,7000,0,0,0,0,0,0
TF,KL023,56.264167,92.674583,0, ,0.0,0.0,0.0,0.0,2,4000,0,0,0,0,0,0

STAR,RAN2YA,ALL,2
IF,RANET,56.283889,91.133056, ,0.0,0.0,2,9000,0,0,0,0,0,0
TF,LAGEP,56.238056,91.688333,0, ,0.0,0.0,0.0,0.0,2,7000,0,0,0,0,0,0
TF,KRS,56.163000,92.536167,0, ,0.0,0.0,0.0,0.0,2,5000,0,0,0,0,0,0

STAR,RANE2N,11,2
IF,RANET,56.283889,91.133056, ,0.0,0.0,2,9000,0,0,0,0,0,0
TF,KR27B,56.242222,91.742500,0, ,0.0,0.0,0.0,0.0,2,7000,0,0,0,0,0,0
TF,KP,56.184556,92.516722,0, ,0.0,0.0,0.0,0.0,2,5000,0,0,0,0,0,0

STAR,RANE2P,29,2
IF,RANET,56.283889,91.133056, ,0.0,0.0,2,9000,0,0,0,0,0,0
TF,RL34,56.426006,91.725156,0, ,0.0,0.0,0.0,0.0,0,0,0,0,0,0,0,0
TF,KR27C,56.392222,91.841667,0, ,0.0,0.0,0.0,0.0,2,7000,0,0,0,0,0,0
TF,RL,56.158056,92.627444,0, ,0.0,0.0,0.0,0.0,2,5000,0,0,0,0,0,0

STAR,RANE2R,11,5
IF,RANET,56.283889,91.133056, ,0.0,0.0,2,9000,0,0,0,0,0,0
TF,KL045,56.272139,91.740056,0, ,0.0,0.0,0.0,0.0,2,7000,0,0,0,0,0,0
TF,KL014,56.263500,92.109361,0, ,0.0,0.0,0.0,0.0,2,3000,0,0,0,0,0,0

STAR,RANE2S,29,5
IF,RANET,56.283889,91.133056, ,0.0,0.0,2,9000,0,0,0,0,0,0
TF,LAGEP,56.238056,91.688333,0, ,0.0,0.0,0.0,0.0,2,7000,0,0,0,0,0,0
TF,KL042,56.295000,92.195667,0, ,0.0,0.0,0.0,0.0,0,0,0,0,0,0,0,0
TF,KL043,56.281417,92.410111,0, ,0.0,0.0,0.0,0.0,0,0,0,0,0,0,0,0
TF,KL023,56.264167,92.674583,0, ,0.0,0.0,0.0,0.0,2,4000,0,0,0,0,0,0

STAR,RANE2Z,29,5
IF,RANET,56.283889,91.133056, ,0.0,0.0,2,9000,0,0,0,0,0,0
TF,LAGEP,56.238056,91.688333,0, ,0.0,0.0,0.0,0.0,2,7000,0,0,0,0,0,0
TF,KL034,56.051417,92.511250,0, ,0.0,0.0,0.0,0.0,2,5000,0,0,0,0,0,0

STAR,ROG2YA,ALL,2
IF,ROGMA,55.417222,91.549722, ,0.0,0.0,2,9000,0,0,0,0,0,0
TF,KR27A,55.802778,92.053611,0, ,0.0,0.0,0.0,0.0,2,7000,0,0,0,0,0,0
TF,KRS,56.163000,92.536167,0, ,0.0,0.0,0.0,0.0,2,5000,0,0,0,0,0,0

STAR,ROGM2N,11,2
IF,ROGMA,55.417222,91.549722, ,0.0,0.0,2,9000,0,0,0,0,0,0
TF,D203X,55.805833,92.233889,0, ,0.0,0.0,0.0,0.0,2,7000,0,0,0,0,0,0
TF,KP,56.184556,92.516722,0, ,0.0,0.0,0.0,0.0,2,5000,0,0,0,0,0,0

STAR,ROGM2P,29,2
IF,ROGMA,55.417222,91.549722, ,0.0,0.0,2,9000,0,0,0,0,0,0
TF,D203X,55.805833,92.233889,0, ,0.0,0.0,0.0,0.0,2,7000,0,0,0,0,0,0
TF,RL,56.158056,92.627444,0, ,0.0,0.0,0.0,0.0,2,5000,0,0,0,0,0,0

STAR,ROGM2R,11,5
IF,ROGMA,55.417222,91.549722, ,0.0,0.0,2,9000,0,0,0,0,0,0
TF,LOKSI,55.757972,92.161611,0, ,0.0,0.0,0.0,0.0,2,7000,0,0,0,0,0,0
TF,KL019,56.094306,92.331000,0, ,0.0,0.0,0.0,0.0,2,5000,0,0,0,0,0,0

STAR,ROGM2S,29,5
IF,ROGMA,55.417222,91.549722, ,0.0,0.0,2,9000,0,0,0,0,0,0
TF,LOKSI,55.757972,92.161611,0, ,0.0,0.0,0.0,0.0,0,0,0,0,0,0,0,0
TF,KL034,56.051417,92.511250,0, ,0.0,0.0,0.0,0.0,0,0,0,0,0,0,0,0
TF,KL044,56.127083,92.569139,0, ,0.0,0.0,0.0,0.0,0,0,0,0,0,0,0,0
TF,KL023,56.264167,92.674583,0, ,0.0,0.0,0.0,0.0,2,4000,0,0,0,0,0,0

STAR,ROGM2Z,29,5
IF,ROGMA,55.417222,91.549722, ,0.0,0.0,2,9000,0,0,0,0,0,0
TF,LOKSI,55.757972,92.161611,0, ,0.0,0.0,0.0,0.0,2,7000,0,0,0,0,0,0
TF,KL034,56.051417,92.511250,0, ,0.0,0.0,0.0,0.0,2,5000,0,0,0,0,0,0

APPTR,I29-X,29,RL1
IF,RL,56.158056,92.627444, ,0.0,0.0,2,5000,0,1,215,0,1,0
FC,RL,56.158056,92.627444,0,KRS,0.0,0.0,83.0,7.0,2,3000,0,0,0,0,0,1
CF,CF291,56.110469,92.824997,2,IRL,109.2,11.2,289.0,1.0,2,3000,0,0,0,0,0,0

APPTR,I29-X,29,RL2
IF,RL,56.158056,92.627444, ,0.0,0.0,2,5000,0,1,215,0,1,0
FC,RL,56.158056,92.627444,0,KRS,0.0,0.0,97.0,7.0,2,3000,0,0,0,0,0,1
CF,CF291,56.110469,92.824997,2,IRL,109.2,11.2,289.0,1.0,2,3000,0,0,0,0,0,0

FINAL,I29-X,29,I,3
IF,CF291,56.110469,92.824997,IRL,109.2,11.2,2,3000,0,0,0,0,0,0
CF,FF291,56.140000,92.702500,0,IRL,109.2,6.7,289.0,4.5,1,2500,0,0,0,0,2,0
CF,RW29,56.174186,92.560047,0,IRL,109.1,1.5,289.0,5.2,1,844,0,0,0,0,3,0
CA,0,289.0,2,1600,0,0,0,0,0,0
CA,0,304.0,2,2500,0,0,0,0,0,0
DF,RL,56.158056,92.627444,2, ,0.0,0.0,1,3000,0,0,0,0,0,0

APPTR,I29-Y,29,KRS1
IF,KRS,56.163000,92.536167, ,0.0,0.0,2,5000,0,0,0,0,1,0
FD,KRS,56.163000,92.536167,0,KRS,0.0,11.0,78.0,11.0,2,3000,0,0,0,0,0,0
CF,CF291,56.110469,92.824997,2,IRL,109.2,11.2,289.0,1.0,2,3000,0,0,0,0,0,0

APPTR,I29-Y,29,KRS2
IF,KRS,56.163000,92.536167, ,0.0,0.0,2,5000,0,0,0,0,1,0
FD,KRS,56.163000,92.536167,0,KRS,0.0,11.0,95.0,11.0,2,3000,0,0,0,0,0,0
CF,CF291,56.110469,92.824997,2,IRL,109.2,11.2,289.0,1.0,2,3000,0,0,0,0,0,0

FINAL,I29-Y,29,I,3
IF,CF291,56.110469,92.824997,IRL,109.2,11.2,2,3000,0,0,0,0,0,0
CF,FF291,56.140000,92.702500,0,IRL,109.2,6.7,289.0,4.5,1,2500,0,0,0,0,2,0
CF,RW29,56.174186,92.560047,0,IRL,109.1,1.5,289.0,5.2,1,844,0,0,0,0,3,0
CA,0,289.0,2,1600,0,0,0,0,0,0
CA,0,304.0,2,2500,0,0,0,0,0,0
DF,KRS,56.163000,92.536167,2, ,0.0,0.0,1,3500,0,0,0,0,0,0

APPTR,I29-Z,29,GO2C
IF,KL023,56.264167,92.674583, ,0.0,0.0,2,4000,0,0,0,0,1,0
TF,KL024,56.221167,92.853611,0, ,0.0,0.0,0.0,0.0,2,4000,0,0,0,0,0,0
TF,KL054,56.122167,92.777278,0,IRL,0.0,0.0,0.0,0.0,2,3000,0,1,170,0,1,0

APPTR,I29-Z,29,GO2D
IF,KL023,56.264167,92.674583, ,0.0,0.0,2,4000,0,0,0,0,1,0
TF,KL024,56.221167,92.853611,0, ,0.0,0.0,0.0,0.0,2,4000,0,0,0,0,0,0
TF,KL025,56.198139,92.948806,0, ,0.0,0.0,0.0,0.0,2,4000,0,0,0,0,0,0
TF,KL030,56.084639,92.861000,0, ,0.0,0.0,0.0,0.0,2,4000,0,0,0,0,0,0
TF,KL054,56.122167,92.777278,0,IRL,0.0,0.0,0.0,0.0,2,3000,0,1,170,0,1,0

APPTR,I29-Z,29,GO2E
IF,KL023,56.264167,92.674583, ,0.0,0.0,2,4000,0,0,0,0,1,0
TF,KL024,56.221167,92.853611,0, ,0.0,0.0,0.0,0.0,2,4000,0,0,0,0,0,0
TF,KL025,56.198139,92.948806,0, ,0.0,0.0,0.0,0.0,2,4000,0,0,0,0,0,0
TF,KL027,56.175083,93.043833,0, ,0.0,0.0,0.0,0.0,2,4000,0,0,0,0,0,0
TF,KL028,56.061556,92.956167,0, ,0.0,0.0,0.0,0.0,2,4000,0,0,0,0,0,0
TF,KL030,56.084639,92.861000,0, ,0.0,0.0,0.0,0.0,2,4000,0,0,0,0,0,0
TF,KL054,56.122167,92.777278,0,IRL,0.0,0.0,0.0,0.0,2,3000,0,1,170,0,1,0

APPTR,I29-Z,29,KL028
IF,KL028,56.061556,92.956167, ,0.0,0.0,2,4000,0,0,0,0,1,0
TF,KL030,56.084639,92.861000,0, ,0.0,0.0,0.0,0.0,2,4000,0,0,0,0,0,0
TF,KL054,56.122167,92.777278,0,IRL,0.0,0.0,0.0,0.0,2,3000,0,1,170,0,1,0

APPTR,I29-Z,29,LOK2C
IF,KL034,56.051417,92.511250, ,0.0,0.0,2,5000,0,0,0,0,1,0
TF,KL036,56.008639,92.689472,0, ,0.0,0.0,0.0,0.0,2,4000,0,0,0,0,0,0
TF,KL054,56.122167,92.777278,0,IRL,0.0,0.0,0.0,0.0,2,3000,0,1,170,0,1,0

FINAL,I29-Z,29,I,3
IF,KL054,56.122167,92.777278,IRL,109.1,9.5,2,3000,0,0,0,0,0,0
CF,FF29Z,56.144167,92.685278,0,IRL,109.2,6.1,289.0,3.4,1,2300,0,0,0,0,2,0
CF,RW29,56.174186,92.560047,0,IRL,109.1,1.5,289.0,4.6,1,844,0,0,0,0,3,0
CA,0,289.0,2,1600,0,0,0,0,0,0
CA,0,304.0,2,2500,0,0,0,0,0,0
DF,KL023,56.264167,92.674583,2, ,0.0,0.0,1,3000,0,0,0,0,0,0

APPTR,Q11-Y,11,KRS1
IF,KRS,56.163000,92.536167, ,0.0,0.0,2,5000,0,0,0,0,1,0
FD,KRS,56.163000,92.536167,0,KRS,0.0,10.5,267.0,10.5,2,3000,0,0,0,0,0,0
CF,FQ11,56.213611,92.393889,2,KRS,299.6,5.7,109.0,5.0,1,2500,0,0,0,0,0,0

APPTR,Q11-Y,11,KRS2
IF,KRS,56.163000,92.536167, ,0.0,0.0,2,5000,0,0,0,0,1,0
FD,KRS,56.163000,92.536167,0,KRS,0.0,10.5,285.0,10.5,2,3000,0,0,0,0,0,0
CF,FQ11,56.213611,92.393889,2,KRS,299.6,5.7,109.0,5.0,1,2500,0,0,0,0,0,0

FINAL,Q11-Y,11,N,3
IF,FQ11,56.213611,92.393889,KP,0.0,0.0,1,2500,0,0,0,0,2,0
CF,41VOR,56.203275,92.437489,0,KP,0.0,0.0,109.0,1.6,1,2000,0,0,0,0,0,0
CF,KP,56.184556,92.516722,0,KRS,0.0,1.5,109.0,2.9,1,1077,0,0,0,0,3,0
CD, ,0,0,0,KRS,0,0.0,94.0,4.3,0,0,0,0,0,0,0,0
DF,KRS,56.163000,92.536167,1, ,0.0,0.0,1,3000,0,0,0,0,0,0

APPTR,Q11-Z,11,KP1
IF,KP,56.184556,92.516722, ,0.0,0.0,2,5000,0,0,0,0,1,0
FC,KP,56.184556,92.516722,0,KRS,0.0,0.0,258.0,7.0,2,3200,0,0,0,0,0,1
CF,FQ11,56.213611,92.393889,2,KRS,299.6,5.7,109.0,3.0,1,2500,0,0,0,0,0,0

APPTR,Q11-Z,11,KP2
IF,KP,56.184556,92.516722, ,0.0,0.0,2,5000,0,0,0,0,1,0
FC,KP,56.184556,92.516722,0,KRS,0.0,0.0,279.0,7.0,2,3200,0,0,0,0,0,1
CF,FQ11,56.213611,92.393889,2,KRS,299.6,5.7,109.0,3.0,1,2500,0,0,0,0,0,0

FINAL,Q11-Z,11,N,3
IF,FQ11,56.213611,92.393889,KP,0.0,0.0,1,2500,0,0,0,0,2,0
CF,41VOR,56.203275,92.437489,0,KP,0.0,0.0,109.0,1.6,1,2000,0,0,0,0,0,0
CF,KP,56.184556,92.516722,0,KRS,0.0,1.5,109.0,2.9,1,1077,0,0,0,0,3,0
CA,0,94.0,2,2100,0,0,0,0,0,0
DF,KP,56.184556,92.516722,1, ,0.0,0.0,1,3000,0,0,0,0,0,0

APPTR,Q29,29,RL1
IF,RL,56.158056,92.627444, ,0.0,0.0,2,5000,0,1,215,0,1,0
FC,RL,56.158056,92.627444,0,KRS,0.0,0.0,83.0,7.0,2,3000,0,0,0,0,0,1
CF,CF291,56.110469,92.824997,2,KRS,104.9,10.2,289.0,1.0,2,3000,0,0,0,0,0,0

APPTR,Q29,29,RL2
IF,RL,56.158056,92.627444, ,0.0,0.0,2,5000,0,1,215,0,1,0
FC,RL,56.158056,92.627444,0,KRS,0.0,0.0,97.0,7.0,2,3000,0,0,0,0,0,1
CF,CF291,56.110469,92.824997,2,KRS,104.9,10.2,289.0,1.0,2,3000,0,0,0,0,0,0

FINAL,Q29,29,N,4
IF,CF291,56.110469,92.824997,R,0.0,0.0,2,3000,0,0,0,0,0,0
CF,FF291,56.140000,92.702500,0,R,0.0,0.0,289.0,4.5,1,2500,0,0,0,0,2,0
CF,RL,56.158056,92.627444,0,R,0.0,0.0,289.0,2.7,1,1630,0,0,0,0,0,0
CF,R,56.169889,92.578028,0,KRS,0.0,1.5,289.0,1.8,1,1054,0,0,0,0,3,0
CA,0,304.0,2,2500,0,0,0,0,0,0
DF,RL,56.158056,92.627444,2, ,0.0,0.0,1,3000,0,0,0,0,0,0

APPTR,R11,11,GO2A
IF,KL010,56.307278,92.493528, ,0.0,0.0,2,4000,0,0,0,0,1,0
TF,KL060,56.329028,92.401694,0, ,0.0,0.0,0.0,0.0,2,4000,0,0,0,0,0,0
TF,KL011,56.351056,92.308278,0, ,0.0,0.0,0.0,0.0,2,4000,0,0,0,0,0,0
TF,KL013,56.377472,92.195694,0, ,0.0,0.0,0.0,0.0,2,4000,0,0,0,0,0,0
TF,KL014,56.263500,92.109361,0, ,0.0,0.0,0.0,0.0,2,3000,0,1,220,0,0,0
TF,KL050,56.251750,92.232722,0, ,0.0,0.0,0.0,0.0,2,3000,0,1,170,0,0,0
TF,KL058,56.229944,92.325639,0, ,0.0,0.0,0.0,0.0,2,2500,0,0,0,0,1,0

APPTR,R11,11,GO2B
IF,KL010,56.307278,92.493528, ,0.0,0.0,2,4000,0,0,0,0,1,0
TF,KL060,56.329028,92.401694,0, ,0.0,0.0,0.0,0.0,2,4000,0,0,0,0,0,0
TF,KL011,56.351056,92.308278,0, ,0.0,0.0,0.0,0.0,2,4000,0,0,0,0,0,0
TF,KL050,56.251750,92.232722,0, ,0.0,0.0,0.0,0.0,2,3000,0,1,170,0,0,0
TF,KL058,56.229944,92.325639,0, ,0.0,0.0,0.0,0.0,2,2500,0,0,0,0,1,0

APPTR,R11,11,KL014
IF,KL014,56.263500,92.109361, ,0.0,0.0,2,3000,0,1,220,0,1,0
TF,KL050,56.251750,92.232722,0, ,0.0,0.0,0.0,0.0,2,3000,0,1,170,0,0,0
TF,KL058,56.229944,92.325639,0, ,0.0,0.0,0.0,0.0,2,2500,0,0,0,0,1,0

APPTR,R11,11,LOK2A
IF,KL019,56.094306,92.331000, ,0.0,0.0,2,5000,0,0,0,0,1,0
TF,KL059,56.116111,92.238778,0, ,0.0,0.0,0.0,0.0,2,4000,0,0,0,0,0,0
TF,KL020,56.137833,92.146583,0, ,0.0,0.0,0.0,0.0,2,4000,0,0,0,0,0,0
TF,KL022,56.164111,92.034500,0, ,0.0,0.0,0.0,0.0,2,4000,0,0,0,0,0,0
TF,KL014,56.263500,92.109361,0, ,0.0,0.0,0.0,0.0,2,3000,0,1,220,0,0,0
TF,KL050,56.251750,92.232722,0, ,0.0,0.0,0.0,0.0,2,3000,0,1,170,0,0,0
TF,KL058,56.229944,92.325639,0, ,0.0,0.0,0.0,0.0,2,2500,0,0,0,0,1,0

APPTR,R11,11,LOK2B
IF,KL019,56.094306,92.331000, ,0.0,0.0,2,5000,0,0,0,0,1,0
TF,KL059,56.116111,92.238778,0, ,0.0,0.0,0.0,0.0,2,4000,0,0,0,0,0,0
TF,KL020,56.137833,92.146583,0, ,0.0,0.0,0.0,0.0,2,4000,0,0,0,0,0,0
TF,KL050,56.251750,92.232722,0, ,0.0,0.0,0.0,0.0,2,3000,0,1,170,0,0,0
TF,KL058,56.229944,92.325639,0, ,0.0,0.0,0.0,0.0,2,2500,0,0,0,0,1,0

FINAL,R11,11,R,3
IF,KL058,56.229944,92.325639, ,0.0,0.0,2,2500,0,0,0,0,0,0
TF,KL051,56.209639,92.411250,0, ,0.0,0.0,109.0,3.1,1,2300,0,0,0,0,2,0
TF,KL057,56.184556,92.516694,0, ,0.0,0.0,109.0,3.8,1,1078,0,0,0,0,3,1
CA,0,109.0,2,1800,0,0,0,0,0,0
DF,KL049,56.162500,92.756528,0, ,0.0,0.0,0,0,0,0,0,0,0,1
DF,KL010,56.307278,92.493528,1, ,0.0,0.0,1,3000,0,0,0,0,0,0

APPTR,R29,29,GO2C
IF,KL023,56.264167,92.674583, ,0.0,0.0,2,4000,0,0,0,0,1,0
TF,KL024,56.221167,92.853611,0, ,0.0,0.0,0.0,0.0,2,4000,0,0,0,0,0,0
TF,KL054,56.122167,92.777278,0, ,0.0,0.0,0.0,0.0,2,3000,0,1,170,0,1,0

APPTR,R29,29,GO2D
IF,KL023,56.264167,92.674583, ,0.0,0.0,2,4000,0,0,0,0,1,0
TF,KL024,56.221167,92.853611,0, ,0.0,0.0,0.0,0.0,2,4000,0,0,0,0,0,0
TF,KL025,56.198139,92.948806,0, ,0.0,0.0,0.0,0.0,2,4000,0,0,0,0,0,0
TF,KL030,56.084639,92.861000,0, ,0.0,0.0,0.0,0.0,1,4000,0,0,0,0,0,0
TF,KL054,56.122167,92.777278,0, ,0.0,0.0,0.0,0.0,2,3000,0,1,170,0,1,0

APPTR,R29,29,GO2E
IF,KL023,56.264167,92.674583, ,0.0,0.0,2,4000,0,0,0,0,1,0
TF,KL024,56.221167,92.853611,0, ,0.0,0.0,0.0,0.0,2,4000,0,0,0,0,0,0
TF,KL025,56.198139,92.948806,0, ,0.0,0.0,0.0,0.0,2,4000,0,0,0,0,0,0
TF,KL027,56.175083,93.043833,0, ,0.0,0.0,0.0,0.0,2,4000,0,0,0,0,0,0
TF,KL028,56.061556,92.956167,0, ,0.0,0.0,0.0,0.0,2,4000,0,0,0,0,0,0
TF,KL030,56.084639,92.861000,0, ,0.0,0.0,0.0,0.0,1,4000,0,0,0,0,0,0
TF,KL054,56.122167,92.777278,0, ,0.0,0.0,0.0,0.0,2,3000,0,1,170,0,1,0

APPTR,R29,29,KL028
IF,KL028,56.061556,92.956167, ,0.0,0.0,2,4000,0,0,0,0,1,0
TF,KL030,56.084639,92.861000,0, ,0.0,0.0,0.0,0.0,1,4000,0,0,0,0,0,0
TF,KL054,56.122167,92.777278,0, ,0.0,0.0,0.0,0.0,2,3000,0,1,170,0,1,0

APPTR,R29,29,LOK2C
IF,KL034,56.051417,92.511250, ,0.0,0.0,2,5000,0,0,0,0,1,0
TF,KL036,56.008639,92.689472,0, ,0.0,0.0,0.0,0.0,2,4000,0,0,0,0,0,0
TF,KL054,56.122167,92.777278,0, ,0.0,0.0,0.0,0.0,2,3000,0,1,170,0,1,0

FINAL,R29,29,R,3
IF,KL054,56.122167,92.777278, ,0.0,0.0,2,3000,0,1,170,0,0,0
TF,KL055,56.144194,92.685361,0, ,0.0,0.0,289.0,3.4,1,2300,0,0,0,0,2,0
TF,KL056,56.169889,92.578028,0, ,0.0,0.0,289.0,3.9,1,1053,0,0,0,0,3,1
CA,0,289.0,2,1800,0,0,0,0,0,0
DF,KL053,56.246528,92.393472,0, ,0.0,0.0,0,0,0,1,230,0,0,1
DF,KL023,56.264167,92.674583,2, ,0.0,0.0,1,3000,0,0,0,0,0,0

