SID,ALOD6C,07,5
CA,0,65.0,2,720,0,0,0,0,0,0
DF,OO008,54.994972,73.520083,0, ,0.0,0.0,0,0,0,0,0,0,0,1
DF,OO024,55.143722,73.244556,1, ,0.0,0.0,0,0,0,0,0,0,0,0
TF,OO023,55.029972,72.850750,0, ,0.0,0.0,0.0,0.0,0,0,0,0,0,0,0,0
TF,ALODA,54.611667,72.906667,0, ,0.0,0.0,0.0,0.0,2,7000,0,0,0,0,0,0

SID,ALOD6D,25,5
CA,0,245.0,2,720,0,0,0,0,0,0
DF,OO028,54.932861,73.055944,0, ,0.0,0.0,0,0,0,0,0,0,0,1
DF,ALODA,54.611667,72.906667,0, ,0.0,0.0,2,7000,0,0,0,0,0,0

SID,ALOD6H,07,2
CD, ,0,0,0,OMS,0,0.0,65.0,9.2,0,0,0,1,220,0,0,0
DF,OMS,54.958917,73.294889,1, ,0.0,0.0,2,5000,0,1,220,0,0,0
TF,ALODA,54.611667,72.906667,0, ,0.0,0.0,0.0,0.0,2,7000,0,0,0,0,0,0

SID,ALOD6J,07,2
CA,0,65.0,2,1800,0,0,0,0,0,0
CA,0,20.0,2,3300,0,0,0,0,0,0
DF,RM,54.956528,73.231667,1, ,0.0,0.0,0,0,0,0,0,0,0,0
TF,ALODA,54.611667,72.906667,0, ,0.0,0.0,0.0,0.0,2,7000,0,0,0,0,0,0

SID,ALOD6K,25,2
CD, ,0,0,0,OMS,0,0.0,245.0,3.8,0,0,0,1,220,0,0,0
CI,0, ,0.0,156.0,0,0,0,0,0,0,0,0
CF,ALODA,54.611667,72.906667,0,OMS,201.0,24.9,201.0,18.0,2,7000,0,0,0,0,0,0

SID,ALOD6L,25,2
CA,0,245.0,2,800,0,0,0,0,0,0
CI,0, ,0.0,168.0,0,0,0,0,0,0,0,0
CF,ALODA,54.611667,72.906667,0,OMS,201.0,24.9,206.0,19.0,2,7000,0,0,0,0,0,0

SID,ALOD6M,07,2
CD, ,0,0,0,OMS,0,0.0,65.0,9.2,0,0,0,1,220,0,0,0
CI,0, ,0.0,65.0,0,0,0,0,0,0,0,0
AF,D017K,55.123797,73.454472,1,OMS,17.0,11.3,65.0,0,0,0,0,0,0,0,0
CF,OMS,54.958917,73.294889,0,OMS,0.0,0.0,186.0,11.0,2,6000,0,0,0,0,0,0
TF,ALODA,54.611667,72.906667,0, ,0.0,0.0,0.0,0.0,2,7000,0,0,0,0,0,0

SID,BUNE6D,25,5
CA,0,245.0,2,720,0,0,0,0,0,0
DF,OO028,54.932861,73.055944,0, ,0.0,0.0,0,0,0,0,0,0,0,1
DF,BUNET,55.160278,72.693889,0, ,0.0,0.0,2,7000,0,0,0,0,0,0

SID,BUNE6K,25,2
CD, ,0,0,0,OMS,0,0.0,245.0,6.5,0,0,0,1,220,0,0,0
CI,0, ,0.0,332.0,0,0,0,0,0,0,0,0
CF,BUNET,55.160278,72.693889,0,OMS,288.5,24.0,289.0,13.0,2,7000,0,0,0,0,0,0

SID,BUNE6L,25,2
CA,0,245.0,2,1600,0,0,0,0,0,0
CI,0, ,0.0,331.0,0,0,0,0,0,0,0,0
CF,BUNET,55.160278,72.693889,0,OMS,288.5,24.0,282.0,17.0,2,7000,0,0,0,0,0,0

SID,KOVE6C,07,5
CA,0,65.0,2,720,0,0,0,0,0,0
DF,OO008,54.994972,73.520083,0, ,0.0,0.0,0,0,0,0,0,0,0,1
DF,KOVEN,55.041667,74.073333,0, ,0.0,0.0,2,7000,0,0,0,0,0,0

SID,KOVE6D,25,5
CA,0,245.0,2,720,0,0,0,0,0,0
DF,OO028,54.932861,73.055944,0, ,0.0,0.0,0,0,0,1,240,0,0,1
DF,OO029,55.107556,73.095000,2, ,0.0,0.0,0,0,0,0,0,0,0,0
TF,OO030,55.145472,73.455889,0, ,0.0,0.0,0.0,0.0,0,0,0,0,0,0,0,0
TF,OO031,55.093306,73.768944,0, ,0.0,0.0,0.0,0.0,0,0,0,0,0,0,0,0
TF,KOVEN,55.041667,74.073333,0, ,0.0,0.0,0.0,0.0,2,7000,0,0,0,0,0,0

SID,KOVE6H,07,2
CD, ,0,0,0,OMS,0,0.0,65.0,9.2,0,0,0,0,0,0,0,0
CI,0, ,0.0,79.0,0,0,0,0,0,0,0,0
CF,KOVEN,55.041667,74.073333,0,OMS,67.2,27.4,67.0,15.0,2,7000,0,0,0,0,0,0

SID,KOVE6J,07,2
CA,0,65.0,2,1800,0,0,0,0,0,0
CF,KOVEN,55.041667,74.073333,0,OMS,67.2,27.4,68.0,23.0,2,7000,0,0,0,0,0,0

SID,KOVE6K,25,2
CD, ,0,0,0,OMS,0,0.0,245.0,6.5,0,0,0,1,220,0,0,0
DF,OMS,54.958917,73.294889,2, ,0.0,0.0,2,4000,0,1,220,0,0,1
TF,KOVEN,55.041667,74.073333,0, ,0.0,0.0,0.0,0.0,2,7000,0,0,0,0,0,0

SID,KOVE6L,25,2
CA,0,245.0,2,1600,0,0,0,0,0,0
DF,TK,54.980167,73.405806,2, ,0.0,0.0,0,0,0,0,0,0,0,0
TF,KOVEN,55.041667,74.073333,0, ,0.0,0.0,0.0,0.0,2,7000,0,0,0,0,0,0

SID,KOVE6M,07,2
CD, ,0,0,0,OMS,0,0.0,65.0,11.3,0,0,0,0,0,0,0,0
CI,0, ,0.0,82.0,0,0,0,0,0,0,0,0
CF,KOVEN,55.041667,74.073333,0,OMS,67.2,27.4,67.0,14.0,2,7000,0,0,0,0,0,0

SID,LUSO6C,07,5
CA,0,65.0,2,720,0,0,0,0,0,0
DF,OO008,54.994972,73.520083,0, ,0.0,0.0,0,0,0,0,0,0,0,1
DF,OO022,54.980667,73.811556,0, ,0.0,0.0,0,0,0,0,0,0,0,0
TF,LUSOV,54.965000,74.075000,0, ,0.0,0.0,0.0,0.0,2,7000,0,0,0,0,0,0

SID,LUSO6D,25,5
CA,0,245.0,2,720,0,0,0,0,0,0
DF,OO028,54.932861,73.055944,0, ,0.0,0.0,0,0,0,1,240,0,0,1
DF,OO029,55.107556,73.095000,2, ,0.0,0.0,0,0,0,0,0,0,0,0
TF,OO030,55.145472,73.455889,0, ,0.0,0.0,0.0,0.0,0,0,0,0,0,0,0,0
TF,OO031,55.093306,73.768944,0, ,0.0,0.0,0.0,0.0,0,0,0,0,0,0,0,0
TF,LUSOV,54.965000,74.075000,0, ,0.0,0.0,0.0,0.0,2,7000,0,0,0,0,0,0

SID,LUSO6H,07,2
CD, ,0,0,0,OMS,0,0.0,65.0,9.2,0,0,0,0,0,0,0,0
CI,0, ,0.0,105.0,0,0,0,0,0,0,0,0
CF,LUSOV,54.965000,74.075000,0,OMS,76.9,27.0,77.0,14.0,2,7000,0,0,0,0,0,0

SID,LUSO6J,07,2
CA,0,65.0,2,1800,0,0,0,0,0,0
VI,0, ,0.0,107.0,0,0,0,0,0,0,0,0
CF,LUSOV,54.965000,74.075000,0,OMS,76.9,27.0,77.0,21.0,2,7000,0,0,0,0,0,0

SID,LUSO6K,25,2
CD, ,0,0,0,OMS,0,0.0,245.0,6.5,0,0,0,1,220,0,0,0
DF,OMS,54.958917,73.294889,2, ,0.0,0.0,2,4000,0,1,220,0,0,1
TF,LUSOV,54.965000,74.075000,0, ,0.0,0.0,0.0,0.0,2,7000,0,0,0,0,0,0

SID,LUSO6L,25,2
CA,0,245.0,2,1600,0,0,0,0,0,0
DF,TK,54.980167,73.405806,2, ,0.0,0.0,0,0,0,0,0,0,0,0
TF,LUSOV,54.965000,74.075000,0, ,0.0,0.0,0.0,0.0,2,7000,0,0,0,0,0,0

SID,LUSO6M,07,2
CD, ,0,0,0,OMS,0,0.0,65.0,11.3,0,0,0,0,0,0,0,0
CI,0, ,0.0,120.0,0,0,0,0,0,0,0,0
CF,LUSOV,54.965000,74.075000,0,OMS,76.9,27.0,77.0,13.0,2,7000,0,0,0,0,0,0

SID,MANU6C,07,5
CA,0,65.0,2,720,0,0,0,0,0,0
DF,OO008,54.994972,73.520083,0, ,0.0,0.0,0,0,0,0,0,0,0,1
DF,OO024,55.143722,73.244556,1, ,0.0,0.0,0,0,0,0,0,0,0,0
TF,MANUG,55.275556,72.799167,0, ,0.0,0.0,0.0,0.0,2,7000,0,0,0,0,0,0

SID,MANU6H,07,2
CD, ,0,0,0,OMS,0,0.0,65.0,9.2,0,0,0,1,220,0,0,0
DF,OMS,54.958917,73.294889,1, ,0.0,0.0,2,5000,0,1,220,0,0,1
VI,2, ,0.0,336.0,0,0,0,0,0,0,0,0
CF,MANUG,55.275556,72.799167,0,OMS,306.3,25.6,306.0,21.0,2,7000,0,0,0,0,0,0

SID,MANU6J,07,2
CA,0,65.0,2,1800,0,0,0,0,0,0
CA,0,20.0,2,3300,0,0,0,0,0,0
DF,RM,54.956528,73.231667,1, ,0.0,0.0,0,0,0,0,0,0,0,1
VI,2, ,0.0,340.0,0,0,0,0,0,0,0,0
CF,MANUG,55.275556,72.799167,0,OMS,306.3,25.6,310.0,19.0,2,7000,0,0,0,0,0,0

SID,MANU6M,07,2
CD, ,0,0,0,OMS,0,0.0,65.0,9.2,0,0,0,1,220,0,0,0
CI,0, ,0.0,65.0,0,0,0,0,0,0,0,0
AF,D317K,55.120492,73.125367,1,OMS,317.0,11.3,65.0,0,0,0,0,0,0,0,0
CF,MANUG,55.275556,72.799167,0,OMS,306.3,25.6,306.0,15.0,2,7000,0,0,0,0,0,0

SID,MATI6C,07,5
CA,0,65.0,2,720,0,0,0,0,0,0
DF,OO008,54.994972,73.520083,0, ,0.0,0.0,0,0,0,0,0,0,0,1
DF,OO024,55.143722,73.244556,1, ,0.0,0.0,0,0,0,0,0,0,0,0
TF,MATIL,55.063056,72.623056,0, ,0.0,0.0,0.0,0.0,2,7000,0,0,0,0,0,0

SID,MATI6H,07,2
CD, ,0,0,0,OMS,0,0.0,65.0,9.2,0,0,0,1,220,0,0,0
DF,OMS,54.958917,73.294889,1, ,0.0,0.0,2,5000,0,1,220,0,0,1
TF,MATIL,55.063056,72.623056,0, ,0.0,0.0,0.0,0.0,2,7000,0,0,0,0,0,0

SID,MATI6J,07,2
CA,0,65.0,2,1800,0,0,0,0,0,0
CA,0,20.0,2,3300,0,0,0,0,0,0
DF,RM,54.956528,73.231667,1, ,0.0,0.0,0,0,0,0,0,0,0,1
VI,2, ,0.0,305.0,0,0,0,0,0,0,0,0
CF,MATIL,55.063056,72.623056,0,OMS,273.4,24.0,275.0,19.0,2,7000,0,0,0,0,0,0

SID,MATI6K,25,2
CD, ,0,0,0,OMS,0,0.0,245.0,6.5,0,0,0,0,0,0,0,0
CI,0, ,0.0,318.0,0,0,0,0,0,0,0,0
CF,MATIL,55.063056,72.623056,0,OMS,273.4,24.0,273.0,15.0,2,7000,0,0,0,0,0,0

SID,MATI6M,07,2
CD, ,0,0,0,OMS,0,0.0,65.0,9.2,0,0,0,1,220,0,0,0
CI,0, ,0.0,65.0,0,0,0,0,0,0,0,0
AF,D284K,55.041253,72.999639,1,OMS,284.0,11.3,65.0,0,0,0,0,0,0,0,0
CF,MATIL,55.063056,72.623056,0,OMS,273.4,24.0,273.0,13.0,2,7000,0,0,0,0,0,0

SID,NANO6C,07,5
CA,0,65.0,2,720,0,0,0,0,0,0
DF,OO008,54.994972,73.520083,0, ,0.0,0.0,0,0,0,0,0,0,0,1
DF,OO024,55.143722,73.244556,1, ,0.0,0.0,0,0,0,0,0,0,0,0
TF,OO023,55.029972,72.850750,0, ,0.0,0.0,0.0,0.0,0,0,0,0,0,0,0,0
TF,NANOL,54.937778,72.536389,0, ,0.0,0.0,0.0,0.0,2,7000,0,0,0,0,0,0

SID,NANO6D,25,5
CA,0,245.0,2,720,0,0,0,0,0,0
DF,OO028,54.932861,73.055944,0, ,0.0,0.0,0,0,0,0,0,0,0,1
DF,NANOL,54.937778,72.536389,0, ,0.0,0.0,2,7000,0,0,0,0,0,0

SID,NANO6H,07,2
CD, ,0,0,0,OMS,0,0.0,65.0,9.2,0,0,0,1,220,0,0,0
DF,OMS,54.958917,73.294889,1, ,0.0,0.0,2,5000,0,1,220,0,0,0
TF,NANOL,54.937778,72.536389,0, ,0.0,0.0,0.0,0.0,2,7000,0,0,0,0,0,0

SID,NANO6J,07,2
CA,0,65.0,2,1800,0,0,0,0,0,0
CA,0,20.0,2,3300,0,0,0,0,0,0
DF,RM,54.956528,73.231667,1, ,0.0,0.0,0,0,0,0,0,0,0,1
TF,NANOL,54.937778,72.536389,0, ,0.0,0.0,0.0,0.0,2,7000,0,0,0,0,0,0

SID,NANO6K,25,2
CD, ,0,0,0,OMS,0,0.0,245.0,6.5,0,0,0,0,0,0,0,0
CI,0, ,0.0,267.0,0,0,0,0,0,0,0,0
CF,NANOL,54.937778,72.536389,0,OMS,255.5,26.3,256.0,18.0,2,7000,0,0,0,0,0,0

SID,NANO6L,25,2
CA,0,245.0,2,1600,0,0,0,0,0,0
VI,0, ,0.0,284.0,0,0,0,0,0,0,0,0
CF,NANOL,54.937778,72.536389,0,OMS,255.5,26.3,254.0,22.0,2,7000,0,0,0,0,0,0

SID,NANO6M,07,2
CD, ,0,0,0,OMS,0,0.0,65.0,9.2,0,0,0,1,220,0,0,0
CI,0,OMS,0.0,65.0,0,0,0,0,0,0,0,0
AF,D267K,54.987994,72.970869,1,OMS,267.0,11.3,65.0,0,0,0,0,0,0,0,0
CF,NANOL,54.937778,72.536389,0,OMS,255.5,26.3,256.0,15.0,2,7000,0,0,0,0,0,0

SID,ODEL6C,07,5
CA,0,65.0,2,720,0,0,0,0,0,0
DF,OO008,54.994972,73.520083,0, ,0.0,0.0,0,0,0,0,0,0,0,1
DF,OO022,54.980667,73.811556,0, ,0.0,0.0,0,0,0,0,0,0,0,0
TF,ODELA,54.631667,73.799722,0, ,0.0,0.0,0.0,0.0,2,7000,0,0,0,0,0,0

SID,ODEL6D,25,5
CA,0,245.0,2,720,0,0,0,0,0,0
DF,OO028,54.932861,73.055944,0, ,0.0,0.0,0,0,0,0,0,0,0,1
DF,OO032,54.713306,73.302250,1, ,0.0,0.0,0,0,0,0,0,0,0,0
TF,ODELA,54.631667,73.799722,0, ,0.0,0.0,0.0,0.0,2,7000,0,0,0,0,0,0

SID,ODEL6H,07,2
CD, ,0,0,0,OMS,0,0.0,65.0,9.2,0,0,0,1,220,0,0,0
CI,2, ,0.0,216.0,0,0,0,0,0,0,0,0
CF,ODELA,54.631667,73.799722,0,OMS,126.1,26.4,126.0,19.0,2,7000,0,0,0,0,0,0

SID,ODEL6J,07,2
CA,0,65.0,2,1800,0,0,0,0,0,0
CI,2, ,0.0,203.0,0,0,0,0,0,0,0,0
CF,ODELA,54.631667,73.799722,0,OMS,126.1,26.4,122.0,21.0,2,7000,0,0,0,0,0,0

SID,ODEL6K,25,2
CD, ,0,0,0,OMS,0,0.0,245.0,6.5,0,0,0,1,220,0,0,0
DF,OMS,54.958917,73.294889,2, ,0.0,0.0,2,4000,0,1,220,0,0,0
TF,ODELA,54.631667,73.799722,0, ,0.0,0.0,0.0,0.0,2,7000,0,0,0,0,0,0

SID,ODEL6L,25,2
CA,0,245.0,2,1600,0,0,0,0,0,0
DF,TK,54.980167,73.405806,2, ,0.0,0.0,0,0,0,0,0,0,0,1
TF,ODELA,54.631667,73.799722,0, ,0.0,0.0,0.0,0.0,2,7000,0,0,0,0,0,0

SID,ODEL6M,07,2
CD, ,0,0,0,OMS,0,0.0,65.0,9.2,0,0,0,1,220,0,0,0
CI,0, ,0.0,65.0,0,0,0,0,0,0,0,0
AF,D017K,55.123797,73.454472,1,OMS,17.0,11.3,65.0,0,0,0,0,0,0,0,0
CF,OMS,54.958917,73.294889,0,OMS,0.0,0.0,186.0,11.0,2,6000,0,0,0,0,0,1
CI,0, ,0.0,111.0,0,0,0,0,0,0,0,0
CF,ODELA,54.631667,73.799722,0,OMS,126.1,26.4,126.0,22.0,2,7000,0,0,0,0,0,0

SID,POGI6C,07,5
CA,0,65.0,2,720,0,0,0,0,0,0
DF,OO008,54.994972,73.520083,0, ,0.0,0.0,0,0,0,0,0,0,0,1
DF,POGIR,55.356667,73.520000,0, ,0.0,0.0,2,7000,0,0,0,0,0,0

SID,POGI6D,25,5
CA,0,245.0,2,720,0,0,0,0,0,0
DF,OO028,54.932861,73.055944,0, ,0.0,0.0,0,0,0,1,240,0,0,1
DF,OO029,55.107556,73.095000,2, ,0.0,0.0,0,0,0,0,0,0,0,0
TF,POGIR,55.356667,73.520000,0, ,0.0,0.0,0.0,0.0,2,7000,0,0,0,0,0,0

SID,POGI6H,07,2
CD, ,0,0,0,OMS,0,0.0,65.0,6.0,0,0,0,1,220,0,0,0
CI,1, ,0.0,303.0,0,0,0,0,0,0,0,0
CF,POGIR,55.356667,73.520000,0,OMS,5.9,25.1,6.0,17.0,2,7000,0,0,0,0,0,0

SID,POGI6J,07,2
CA,0,65.0,2,1800,0,0,0,0,0,0
CI,1, ,0.0,296.0,0,0,0,0,0,0,0,0
CF,POGIR,55.356667,73.520000,0,OMS,5.9,25.1,10.0,19.0,2,7000,0,0,0,0,0,0

SID,POGI6K,25,2
CD, ,0,0,0,OMS,0,0.0,245.0,6.5,0,0,0,1,220,0,0,0
DF,OMS,54.958917,73.294889,2, ,0.0,0.0,2,4000,0,1,220,0,0,1
VI,1, ,0.0,336.0,0,0,0,0,0,0,0,0
CF,POGIR,55.356667,73.520000,0,OMS,5.9,25.1,6.0,20.0,2,7000,0,0,0,0,0,0

SID,POGI6L,25,2
CA,0,245.0,2,1600,0,0,0,0,0,0
DF,TK,54.980167,73.405806,2, ,0.0,0.0,0,0,0,0,0,0,0,1
VI,1, ,0.0,328.0,0,0,0,0,0,0,0,0
CF,POGIR,55.356667,73.520000,0,OMS,5.9,25.1,358.0,18.0,2,7000,0,0,0,0,0,0

SID,POGI6M,07,2
CD, ,0,0,0,OMS,0,0.0,65.0,9.2,0,0,0,1,220,0,0,0
CI,0, ,0.0,65.0,0,0,0,0,0,0,0,0
AF,D017K,55.123797,73.454472,1,OMS,17.0,11.3,65.0,0,0,0,0,0,0,0,0
CF,POGIR,55.356667,73.520000,0,OMS,5.9,25.1,6.0,14.0,2,7000,0,0,0,0,0,0

SID,RUMO6C,07,5
CA,0,65.0,2,720,0,0,0,0,0,0
DF,OO008,54.994972,73.520083,0, ,0.0,0.0,0,0,0,0,0,0,0,1
DF,RUMOD,55.302500,73.802778,0, ,0.0,0.0,2,7000,0,0,0,0,0,0

SID,RUMO6D,25,5
CA,0,245.0,2,720,0,0,0,0,0,0
DF,OO028,54.932861,73.055944,0, ,0.0,0.0,0,0,0,1,240,0,0,1
DF,OO029,55.107556,73.095000,2, ,0.0,0.0,0,0,0,0,0,0,0,0
TF,OO030,55.145472,73.455889,0, ,0.0,0.0,0.0,0.0,0,0,0,0,0,0,0,0
TF,RUMOD,55.302500,73.802778,0, ,0.0,0.0,0.0,0.0,2,7000,0,0,0,0,0,0

SID,RUMO6H,07,2
CD, ,0,0,0,OMS,0,0.0,65.0,6.0,0,0,0,1,220,0,0,0
CI,0, ,0.0,343.0,0,0,0,0,0,0,0,0
CF,RUMOD,55.302500,73.802778,0,OMS,28.1,27.1,28.0,17.0,2,7000,0,0,0,0,0,0

SID,RUMO6J,07,2
CA,0,65.0,2,1800,0,0,0,0,0,0
CI,0, ,0.0,347.0,0,0,0,0,0,0,0,0
CF,RUMOD,55.302500,73.802778,0,OMS,28.1,27.1,31.0,19.0,2,7000,0,0,0,0,0,0

SID,RUMO6K,25,2
CD, ,0,0,0,OMS,0,0.0,245.0,6.5,0,0,0,1,220,0,0,0
DF,OMS,54.958917,73.294889,2, ,0.0,0.0,2,4000,0,1,220,0,0,1
VI,1, ,0.0,358.0,0,0,0,0,0,0,0,0
CF,RUMOD,55.302500,73.802778,0,OMS,28.1,27.1,28.0,24.0,2,7000,0,0,0,0,0,0

SID,RUMO6L,25,2
CA,0,245.0,2,1600,0,0,0,0,0,0
DF,TK,54.980167,73.405806,2, ,0.0,0.0,0,0,0,0,0,0,0,1
VI,1, ,0.0,353.0,0,0,0,0,0,0,0,0
CF,RUMOD,55.302500,73.802778,0,OMS,28.1,27.1,23.0,20.0,2,7000,0,0,0,0,0,0

SID,RUMO6M,07,2
CD, ,0,0,0,OMS,0,0.0,65.0,9.2,0,0,0,1,220,0,0,0
CI,0, ,0.0,65.0,0,0,0,0,0,0,0,0
AF,D039K,55.077361,73.550406,1,OMS,39.0,11.3,65.0,0,0,0,0,0,0,0,0
CF,RUMOD,55.302500,73.802778,0,OMS,28.1,27.1,28.0,16.0,2,7000,0,0,0,0,0,0

STAR,ALOD6A,07,5
IF,ALODA,54.611667,72.906667, ,0.0,0.0,2,7000,0,0,0,0,0,0
TF,OO001,54.832556,73.071972,0, ,0.0,0.0,0.0,0.0,2,2800,0,0,0,0,0,0

STAR,ALOD6B,25,5
IF,ALODA,54.611667,72.906667, ,0.0,0.0,2,7000,0,0,0,0,0,0
TF,OO016,55.095333,73.084139,0, ,0.0,0.0,0.0,0.0,2,2800,0,0,0,0,0,0
TF,OO017,55.158694,73.360139,0, ,0.0,0.0,0.0,0.0,2,2500,0,0,0,0,0,0
TF,OO011,55.099250,73.639611,0, ,0.0,0.0,0.0,0.0,2,2500,0,0,0,0,0,0

STAR,ALOD6E,07,2
IF,ALODA,54.611667,72.906667, ,0.0,0.0,2,7000,0,0,0,0,0,0
TF,RM,54.956528,73.231667,0, ,0.0,0.0,0.0,0.0,2,2800,0,0,0,0,0,0

STAR,ALOD6F,ALL,2
IF,ALODA,54.611667,72.906667, ,0.0,0.0,2,7000,0,0,0,0,0,0
TF,D201N,54.770442,73.083175,0, ,0.0,0.0,0.0,0.0,2,7000,0,0,0,0,0,0

STAR,ALOD6G,25,2
IF,ALODA,54.611667,72.906667, ,0.0,0.0,2,7000,0,0,0,0,0,0
TF,TK,54.980167,73.405806,0, ,0.0,0.0,0.0,0.0,2,2800,0,0,0,0,0,0

STAR,BUNE6A,07,5
IF,BUNET,55.160278,72.693889, ,0.0,0.0,2,7000,0,0,0,0,0,0
TF,OO003,55.026667,72.992278,0, ,0.0,0.0,0.0,0.0,2,2200,0,0,0,0,0,0

STAR,BUNE6E,07,2
IF,BUNET,55.160278,72.693889, ,0.0,0.0,2,7000,0,0,0,0,0,0
TF,RM,54.956528,73.231667,0, ,0.0,0.0,0.0,0.0,2,2800,0,0,0,0,0,0

STAR,BUNE6F,ALL,2
IF,BUNET,55.160278,72.693889, ,0.0,0.0,2,7000,0,0,0,0,0,0

STAR,BUNE6F,07,3
IF,BUNET,55.160278,72.693889, ,0.0,0.0,2,7000,0,0,0,0,0,0
TF,D289N,55.072489,72.957739,0, ,0.0,0.0,0.0,0.0,2,4000,0,0,0,0,0,0

STAR,BUNE6F,25,3
IF,BUNET,55.160278,72.693889, ,0.0,0.0,2,7000,0,0,0,0,0,0
TF,D289N,55.072489,72.957739,0, ,0.0,0.0,0.0,0.0,2,7000,0,0,0,0,0,0

STAR,KOVE6A,07,5
IF,KOVEN,55.041667,74.073333, ,0.0,0.0,2,7000,0,0,0,0,0,0
TF,OO020,55.120889,73.807028,0, ,0.0,0.0,0.0,0.0,0,0,0,0,0,0,0,0
TF,OO018,55.113389,73.165583,0, ,0.0,0.0,0.0,0.0,0,0,0,0,0,0,0,0
TF,OO003,55.026667,72.992278,0, ,0.0,0.0,0.0,0.0,2,2200,0,0,0,0,0,0

STAR,KOVE6B,25,5
IF,KOVEN,55.041667,74.073333, ,0.0,0.0,2,7000,0,0,0,0,0,0
TF,OO012,55.026028,73.757583,0, ,0.0,0.0,0.0,0.0,2,2500,0,0,0,0,0,0

STAR,KOVE6E,07,2
IF,KOVEN,55.041667,74.073333, ,0.0,0.0,2,7000,0,0,0,0,0,0
TF,RM,54.956528,73.231667,0, ,0.0,0.0,0.0,0.0,2,2800,0,0,0,0,0,0

STAR,KOVE6F,07,2
IF,KOVEN,55.041667,74.073333, ,0.0,0.0,2,7000,0,0,0,0,0,0
TF,D067N,55.000375,73.678639,0, ,0.0,0.0,0.0,0.0,2,7000,0,0,0,0,0,0

STAR,KOVE6G,25,2
IF,KOVEN,55.041667,74.073333, ,0.0,0.0,2,7000,0,0,0,0,0,0
TF,TK,54.980167,73.405806,0, ,0.0,0.0,0.0,0.0,2,2800,0,0,0,0,0,0

STAR,KOVE6N,25,2
IF,KOVEN,55.041667,74.073333, ,0.0,0.0,2,7000,0,0,0,0,0,0
TF,D067S,55.017908,73.844664,0, ,0.0,0.0,0.0,0.0,2,6000,0,0,0,0,0,0

STAR,LUSO6A,07,5
IF,LUSOV,54.965000,74.075000, ,0.0,0.0,2,7000,0,0,0,0,0,0
TF,OO020,55.120889,73.807028,0, ,0.0,0.0,0.0,0.0,0,0,0,0,0,0,0,0
TF,OO018,55.113389,73.165583,0, ,0.0,0.0,0.0,0.0,0,0,0,0,0,0,0,0
TF,OO003,55.026667,72.992278,0, ,0.0,0.0,0.0,0.0,2,2200,0,0,0,0,0,0

STAR,LUSO6B,25,5
IF,LUSOV,54.965000,74.075000, ,0.0,0.0,2,7000,0,0,0,0,0,0
TF,OO012,55.026028,73.757583,0, ,0.0,0.0,0.0,0.0,2,2500,0,0,0,0,0,0

STAR,LUSO6E,07,2
IF,LUSOV,54.965000,74.075000, ,0.0,0.0,2,7000,0,0,0,0,0,0
TF,RM,54.956528,73.231667,0, ,0.0,0.0,0.0,0.0,2,2800,0,0,0,0,0,0

STAR,LUSO6F,ALL,2
IF,LUSOV,54.965000,74.075000, ,0.0,0.0,2,7000,0,0,0,0,0,0

STAR,LUSO6F,07,3
IF,LUSOV,54.965000,74.075000, ,0.0,0.0,2,7000,0,0,0,0,0,0
TF,D077N,54.962583,73.685117,0, ,0.0,0.0,0.0,0.0,2,7000,0,0,0,0,0,0

STAR,LUSO6F,25,3
IF,LUSOV,54.965000,74.075000, ,0.0,0.0,2,7000,0,0,0,0,0,0
TF,D077N,54.962583,73.685117,0, ,0.0,0.0,0.0,0.0,2,4000,0,0,0,0,0,0

STAR,LUSO6G,25,2
IF,LUSOV,54.965000,74.075000, ,0.0,0.0,2,7000,0,0,0,0,0,0
TF,TK,54.980167,73.405806,0, ,0.0,0.0,0.0,0.0,2,2800,0,0,0,0,0,0

STAR,MANU6B,25,5
IF,MANUG,55.275556,72.799167, ,0.0,0.0,2,7000,0,0,0,0,0,0
TF,OO017,55.158694,73.360139,0, ,0.0,0.0,0.0,0.0,2,2500,0,0,0,0,0,0
TF,OO011,55.099250,73.639611,0, ,0.0,0.0,0.0,0.0,2,2500,0,0,0,0,0,0

STAR,MANU6F,ALL,2
IF,MANUG,55.275556,72.799167, ,0.0,0.0,2,7000,0,0,0,0,0,0
TF,D306N,55.126311,73.034192,0, ,0.0,0.0,0.0,0.0,2,7000,0,0,0,0,0,0

STAR,MANU6G,25,2
IF,MANUG,55.275556,72.799167, ,0.0,0.0,2,7000,0,0,0,0,0,0
TF,TK,54.980167,73.405806,0, ,0.0,0.0,0.0,0.0,2,2800,0,0,0,0,0,0

STAR,MATI6B,25,5
IF,MATIL,55.063056,72.623056, ,0.0,0.0,2,7000,0,0,0,0,0,0
TF,OO017,55.158694,73.360139,0, ,0.0,0.0,0.0,0.0,2,2500,0,0,0,0,0,0
TF,OO011,55.099250,73.639611,0, ,0.0,0.0,0.0,0.0,2,2500,0,0,0,0,0,0

STAR,MATI6F,25,2
IF,MATIL,55.063056,72.623056, ,0.0,0.0,2,7000,0,0,0,0,0,0
TF,D273N,55.017856,72.918031,0, ,0.0,0.0,0.0,0.0,2,7000,0,0,0,0,0,0

STAR,MATI6G,25,2
IF,MATIL,55.063056,72.623056, ,0.0,0.0,2,7000,0,0,0,0,0,0
TF,TK,54.980167,73.405806,0, ,0.0,0.0,0.0,0.0,2,2800,0,0,0,0,0,0

STAR,MATI6N,07,2
IF,MATIL,55.063056,72.623056, ,0.0,0.0,2,7000,0,0,0,0,0,0
TF,D273S,55.042953,72.754886,0, ,0.0,0.0,0.0,0.0,2,6000,0,0,0,0,0,0

STAR,NANO6A,07,5
IF,NANOL,54.937778,72.536389, ,0.0,0.0,2,7000,0,0,0,0,0,0
TF,OO002,54.906556,72.863778,0, ,0.0,0.0,0.0,0.0,2,1900,0,0,0,0,0,0

STAR,NANO6B,25,5
IF,NANOL,54.937778,72.536389, ,0.0,0.0,2,7000,0,0,0,0,0,0
TF,OO016,55.095333,73.084139,0, ,0.0,0.0,0.0,0.0,2,2800,0,0,0,0,0,0
TF,OO017,55.158694,73.360139,0, ,0.0,0.0,0.0,0.0,2,2500,0,0,0,0,0,0
TF,OO011,55.099250,73.639611,0, ,0.0,0.0,0.0,0.0,2,2500,0,0,0,0,0,0

STAR,NANO6E,07,2
IF,NANOL,54.937778,72.536389, ,0.0,0.0,2,7000,0,0,0,0,0,0
TF,RM,54.956528,73.231667,0, ,0.0,0.0,0.0,0.0,2,2800,0,0,0,0,0,0

STAR,NANO6F,25,2
IF,NANOL,54.937778,72.536389, ,0.0,0.0,2,7000,0,0,0,0,0,0
TF,D256N,54.948644,72.905083,0, ,0.0,0.0,0.0,0.0,2,7000,0,0,0,0,0,0

STAR,NANO6G,25,2
IF,NANOL,54.937778,72.536389, ,0.0,0.0,2,7000,0,0,0,0,0,0
TF,TK,54.980167,73.405806,0, ,0.0,0.0,0.0,0.0,2,2800,0,0,0,0,0,0

STAR,NANO6N,07,2
IF,NANOL,54.937778,72.536389, ,0.0,0.0,2,7000,0,0,0,0,0,0
TF,D256U,54.942442,72.690000,0, ,0.0,0.0,0.0,0.0,2,6000,0,0,0,0,0,0

STAR,ODEL6A,07,5
IF,ODELA,54.631667,73.799722, ,0.0,0.0,2,7000,0,0,0,0,0,0
TF,OO001,54.832556,73.071972,0, ,0.0,0.0,0.0,0.0,2,2800,0,0,0,0,0,0

STAR,ODEL6B,25,5
IF,ODELA,54.631667,73.799722, ,0.0,0.0,2,7000,0,0,0,0,0,0
TF,OO012,55.026028,73.757583,0, ,0.0,0.0,0.0,0.0,2,2500,0,0,0,0,0,0

STAR,ODEL6E,07,2
IF,ODELA,54.631667,73.799722, ,0.0,0.0,2,7000,0,0,0,0,0,0
TF,RM,54.956528,73.231667,0, ,0.0,0.0,0.0,0.0,2,2800,0,0,0,0,0,0

STAR,ODEL6F,ALL,2
IF,ODELA,54.631667,73.799722, ,0.0,0.0,2,7000,0,0,0,0,0,0
TF,D126N,54.791531,73.554531,0, ,0.0,0.0,0.0,0.0,2,7000,0,0,0,0,0,0

STAR,ODEL6G,25,2
IF,ODELA,54.631667,73.799722, ,0.0,0.0,2,7000,0,0,0,0,0,0
TF,TK,54.980167,73.405806,0, ,0.0,0.0,0.0,0.0,2,2800,0,0,0,0,0,0

STAR,POGI6A,07,5
IF,POGIR,55.356667,73.520000, ,0.0,0.0,2,7000,0,0,0,0,0,0
TF,OO018,55.113389,73.165583,0, ,0.0,0.0,0.0,0.0,0,0,0,0,0,0,0,0
TF,OO003,55.026667,72.992278,0, ,0.0,0.0,0.0,0.0,2,2200,0,0,0,0,0,0

STAR,POGI6B,25,5
IF,POGIR,55.356667,73.520000, ,0.0,0.0,2,7000,0,0,0,0,0,0
TF,OO011,55.099250,73.639611,0, ,0.0,0.0,0.0,0.0,2,2500,0,0,0,0,0,0

STAR,POGI6E,07,2
IF,POGIR,55.356667,73.520000, ,0.0,0.0,2,7000,0,0,0,0,0,0
TF,RM,54.956528,73.231667,0, ,0.0,0.0,0.0,0.0,2,2800,0,0,0,0,0,0

STAR,POGI6F,ALL,2
IF,POGIR,55.356667,73.520000, ,0.0,0.0,2,7000,0,0,0,0,0,0

STAR,POGI6F,07,3
IF,POGIR,55.356667,73.520000, ,0.0,0.0,2,7000,0,0,0,0,0,0
TF,D006N,55.172597,73.415236,0, ,0.0,0.0,0.0,0.0,2,7000,0,0,0,0,0,0

STAR,POGI6F,25,3
IF,POGIR,55.356667,73.520000, ,0.0,0.0,2,7000,0,0,0,0,0,0
TF,D006N,55.172597,73.415236,0, ,0.0,0.0,0.0,0.0,2,4000,0,0,0,0,0,0

STAR,POGI6G,25,2
IF,POGIR,55.356667,73.520000, ,0.0,0.0,2,7000,0,0,0,0,0,0
TF,TK,54.980167,73.405806,0, ,0.0,0.0,0.0,0.0,2,2800,0,0,0,0,0,0

STAR,RUMO6A,07,5
IF,RUMOD,55.302500,73.802778, ,0.0,0.0,2,7000,0,0,0,0,0,0
TF,OO018,55.113389,73.165583,0, ,0.0,0.0,0.0,0.0,0,0,0,0,0,0,0,0
TF,OO003,55.026667,72.992278,0, ,0.0,0.0,0.0,0.0,2,2200,0,0,0,0,0,0

STAR,RUMO6B,25,5
IF,RUMOD,55.302500,73.802778, ,0.0,0.0,2,7000,0,0,0,0,0,0
TF,OO011,55.099250,73.639611,0, ,0.0,0.0,0.0,0.0,2,2500,0,0,0,0,0,0

STAR,RUMO6E,07,2
IF,RUMOD,55.302500,73.802778, ,0.0,0.0,2,7000,0,0,0,0,0,0
TF,RM,54.956528,73.231667,0, ,0.0,0.0,0.0,0.0,2,2800,0,0,0,0,0,0

STAR,RUMO6F,ALL,2
IF,RUMOD,55.302500,73.802778, ,0.0,0.0,2,7000,0,0,0,0,0,0

STAR,RUMO6F,07,3
IF,RUMOD,55.302500,73.802778, ,0.0,0.0,2,7000,0,0,0,0,0,0
TF,D028N,55.130544,73.547108,0, ,0.0,0.0,0.0,0.0,2,7000,0,0,0,0,0,0

STAR,RUMO6F,25,3
IF,RUMOD,55.302500,73.802778, ,0.0,0.0,2,7000,0,0,0,0,0,0
TF,D028N,55.130544,73.547108,0, ,0.0,0.0,0.0,0.0,2,4000,0,0,0,0,0,0

STAR,RUMO6G,25,2
IF,RUMOD,55.302500,73.802778, ,0.0,0.0,2,7000,0,0,0,0,0,0
TF,TK,54.980167,73.405806,0, ,0.0,0.0,0.0,0.0,2,2800,0,0,0,0,0,0

APPTR,D07,07,D006N
IF,D006N,55.172597,73.415236, ,0.0,0.0,2,7000,0,0,0,0,1,0
CI,0, ,0.0,186.0,0,0,0,0,0,0,0,0
AF,CD07,54.965039,72.968342,1,OMS,260.0,11.3,6.0,2,3000,0,0,0,0,1,0

APPTR,D07,07,D028N
IF,D028N,55.130544,73.547108, ,0.0,0.0,2,7000,0,0,0,0,1,0
CI,0, ,0.0,208.0,0,0,0,0,0,0,0,0
AF,CD07,54.965039,72.968342,1,OMS,260.0,11.3,28.0,2,3000,0,0,0,0,1,0

APPTR,D07,07,D067N
IF,D067N,55.000375,73.678639, ,0.0,0.0,2,7000,0,0,0,0,1,0
CI,0, ,0.0,247.0,0,0,0,0,0,0,0,0
AF,CD07,54.965039,72.968342,1,OMS,260.0,11.3,67.0,2,3000,0,0,0,0,1,0

APPTR,D07,07,D077N
IF,D077N,54.962583,73.685117, ,0.0,0.0,2,7000,0,0,0,0,1,0
CI,0, ,0.0,257.0,0,0,0,0,0,0,0,0
AF,CD07,54.965039,72.968342,1,OMS,260.0,11.3,77.0,2,3000,0,0,0,0,1,0

APPTR,D07,07,D126N
IF,D126N,54.791531,73.554531, ,0.0,0.0,2,7000,0,0,0,0,1,0
CI,0, ,0.0,306.0,0,0,0,0,0,0,0,0
AF,CD07,54.965039,72.968342,2,OMS,260.0,11.3,126.0,2,3000,0,0,0,0,1,0

APPTR,D07,07,D201N
IF,D201N,54.770442,73.083175, ,0.0,0.0,2,7000,0,0,0,0,1,0
CI,0, ,0.0,21.0,0,0,0,0,0,0,0,0
AF,CD07,54.965039,72.968342,2,OMS,260.0,11.3,201.0,2,3000,0,0,0,0,1,0

APPTR,D07,07,D256U
IF,D256U,54.942442,72.690000, ,0.0,0.0,2,6000,0,0,0,0,1,0
CF,D260S,54.968842,72.737103,0,OMS,260.0,19.3,34.0,2.2,0,0,0,0,0,0,0,0
CF,CD07,54.965039,72.968342,0,OMS,260.0,11.3,80.0,8.0,2,3000,0,0,0,0,1,0

APPTR,D07,07,D273S
IF,D273S,55.042953,72.754886, ,0.0,0.0,2,6000,0,0,0,0,1,0
CF,D273O,55.024042,72.866928,0,OMS,273.0,15.3,93.0,4.0,0,0,0,0,0,0,0,0
CF,CD07,54.965039,72.968342,0,OMS,260.0,11.3,125.0,5.0,2,3000,0,0,0,0,1,0

APPTR,D07,07,D289N
IF,D289N,55.072489,72.957739, ,0.0,0.0,2,4000,0,0,0,0,1,0
CI,0, ,0.0,109.0,0,0,0,0,0,0,0,0
AF,CD07,54.965039,72.968342,1,OMS,260.0,11.3,289.0,2,3000,0,0,0,0,1,0

APPTR,D07,07,D306N
IF,D306N,55.126311,73.034192, ,0.0,0.0,2,7000,0,0,0,0,1,0
CI,0, ,0.0,126.0,0,0,0,0,0,0,0,0
AF,CD07,54.965039,72.968342,1,OMS,260.0,11.3,306.0,2,3000,0,0,0,0,1,0

FINAL,D07,07,D,3
IF,CD07,54.965039,72.968342,OMS,260.0,11.3,2,3000,0,0,0,0,0,0
CF,FD07,54.961389,73.166111,0,OMS,260.0,4.5,80.0,6.8,1,1900,0,0,0,0,2,0
CF,OMS,54.958917,73.294889,0,OMS,0.0,0.0,80.0,4.5,1,327,0,0,0,0,3,0
FD,OMS,54.958917,73.294889,0,OMS,0.0,3.9,65.0,3.9,0,0,0,1,200,0,0,0
CI,1, ,0.0,311.0,0,0,0,0,0,0,0,0
CF,D006K,55.137661,73.396292,0,OMS,6.0,11.3,6.0,5.0,2,3000,0,0,0,0,0,0

APPTR,D25,25,D006N
IF,D006N,55.172597,73.415236, ,0.0,0.0,2,4000,0,0,0,0,1,0
CI,0, ,0.0,186.0,0,0,0,0,0,0,0,0
AF,CD25,55.031997,73.596158,2,OMS,55.0,11.3,6.0,2,3000,0,0,0,0,1,0

APPTR,D25,25,D028N
IF,D028N,55.130544,73.547108, ,0.0,0.0,2,4000,0,0,0,0,1,0
CI,0, ,0.0,208.0,0,0,0,0,0,0,0,0
AF,CD25,55.031997,73.596158,2,OMS,55.0,11.3,28.0,2,3000,0,0,0,0,1,0

APPTR,D25,25,D067S
IF,D067S,55.017908,73.844664, ,0.0,0.0,2,6000,0,0,0,0,1,0
CF,D067O,55.005786,73.721083,0,OMS,67.0,15.0,247.0,4.3,0,0,0,0,0,0,0,0
CF,CD25,55.031997,73.596158,0,OMS,55.0,11.3,280.0,4.6,2,3000,0,0,0,0,1,0

APPTR,D25,25,D077N
IF,D077N,54.962583,73.685117, ,0.0,0.0,2,4000,0,0,0,0,1,0
CI,0, ,0.0,257.0,0,0,0,0,0,0,0,0
AF,CD25,55.031997,73.596158,1,OMS,55.0,11.3,77.0,2,3000,0,0,0,0,1,0

APPTR,D25,25,D126N
IF,D126N,54.791531,73.554531, ,0.0,0.0,2,7000,0,0,0,0,1,0
CI,0, ,0.0,306.0,0,0,0,0,0,0,0,0
AF,CD25,55.031997,73.596158,2,OMS,55.0,11.3,126.0,2,3000,0,0,0,0,1,0

APPTR,D25,25,D201N
IF,D201N,54.770442,73.083175, ,0.0,0.0,2,7000,0,0,0,0,1,0
CI,0, ,0.0,21.0,0,0,0,0,0,0,0,0
AF,CD25,55.031997,73.596158,2,OMS,55.0,11.3,201.0,2,3000,0,0,0,0,1,0

APPTR,D25,25,D256N
IF,D256N,54.948644,72.905083, ,0.0,0.0,2,7000,0,0,0,0,1,0
CI,0, ,0.0,76.0,0,0,0,0,0,0,0,0
AF,CD25,55.031997,73.596158,2,OMS,55.0,11.3,256.0,2,3000,0,0,0,0,1,0

APPTR,D25,25,D273N
IF,D273N,55.017856,72.918031, ,0.0,0.0,2,7000,0,0,0,0,1,0
CI,0, ,0.0,93.0,0,0,0,0,0,0,0,0
AF,CD25,55.031997,73.596158,2,OMS,55.0,11.3,273.0,2,3000,0,0,0,0,1,0

APPTR,D25,25,D289N
IF,D289N,55.072489,72.957739, ,0.0,0.0,2,7000,0,0,0,0,1,0
CI,0, ,0.0,109.0,0,0,0,0,0,0,0,0
AF,CD25,55.031997,73.596158,2,OMS,55.0,11.3,289.0,2,3000,0,0,0,0,1,0

APPTR,D25,25,D306N
IF,D306N,55.126311,73.034192, ,0.0,0.0,2,7000,0,0,0,0,1,0
CI,0, ,0.0,126.0,0,0,0,0,0,0,0,0
AF,CD25,55.031997,73.596158,2,OMS,55.0,11.3,306.0,2,3000,0,0,0,0,1,0

FINAL,D25,25,D,3
IF,CD25,55.031997,73.596158,OMS,55.0,11.3,2,3000,0,0,0,0,0,0
CF,FD25,54.999444,73.461667,0,OMS,55.0,6.3,235.0,5.0,1,1900,0,0,0,0,2,0
CF,RW25,54.969678,73.329261,0,OMS,49.4,1.4,235.0,4.9,1,345,0,0,0,0,3,0
CF,OMS,54.958917,73.294889,0,OMS,0.0,0.0,235.0,1.4,0,0,0,0,0,0,0,1
FD,OMS,54.958917,73.294889,0,OMS,0.0,3.8,245.0,3.8,0,0,0,1,205,0,0,0
CI,2, ,0.0,65.0,0,0,0,0,0,0,0,0
CF,D006K,55.137661,73.396292,0,OMS,6.0,11.3,6.0,8.0,2,3000,0,0,0,0,0,0

APPTR,I07-Y,07,RM1
IF,RM,54.956528,73.231667, ,0.0,0.0,2,2800,0,0,0,0,1,0
FC,RM,54.956528,73.231667,0,OMS,0.0,0.0,275.0,7.0,0,0,0,0,0,0,0,1
CF,CF07,54.929972,73.034686,1,IRM,245.0,10.9,65.0,1.0,2,2000,0,0,0,0,0,0

APPTR,I07-Y,07,RM2
IF,RM,54.956528,73.231667, ,0.0,0.0,2,2800,0,0,0,0,1,0
FC,RM,54.956528,73.231667,0,OMS,0.0,0.0,257.0,7.0,0,0,0,0,0,0,0,1
CF,CF07,54.929972,73.034686,1,IRM,245.0,10.9,65.0,1.0,2,2000,0,0,0,0,0,0

APPTR,I07-Y,07,RM3
IF,RM,54.956528,73.231667, ,0.0,0.0,2,2800,0,0,0,0,1,0
FC,RM,54.956528,73.231667,0,OMS,0.0,0.0,255.0,7.0,0,0,0,0,0,0,0,1
CF,CF07,54.929972,73.034686,1,IRM,245.0,10.9,65.0,1.0,2,2000,0,0,0,0,0,0

FINAL,I07-Y,07,I,3
IF,CF07,54.929972,73.034686,IRM,245.0,10.9,2,2000,0,0,0,0,0,0
CF,FF07,54.948344,73.170264,0,IRM,245.0,6.1,65.0,4.8,1,1900,0,0,0,0,2,0
CF,RW07,54.964594,73.291222,0,IRM,245.0,1.8,65.0,4.3,1,366,0,0,0,0,3,0
CA,0,65.0,2,1800,0,0,0,0,0,0
CA,0,20.0,2,4000,0,0,0,0,0,0
DF,RM,54.956528,73.231667,1, ,0.0,0.0,0,0,0,0,0,0,0,0

APPTR,I07-Z,07,OO001
IF,OO001,54.832556,73.071972, ,0.0,0.0,2,2800,0,0,0,0,1,0
TF,OO004,54.929639,73.032222,0,IRM,0.0,0.0,0.0,0.0,2,1900,0,0,0,0,1,0

APPTR,I07-Z,07,OO002
IF,OO002,54.906556,72.863778, ,0.0,0.0,2,1900,0,0,0,0,1,0
TF,OO004,54.929639,73.032222,0,IRM,0.0,0.0,0.0,0.0,2,1900,0,0,0,0,1,0

APPTR,I07-Z,07,OO003
IF,OO003,55.026667,72.992278, ,0.0,0.0,2,2200,0,0,0,0,1,0
TF,OO004,54.929639,73.032222,0,IRM,0.0,0.0,0.0,0.0,2,1900,0,0,0,0,1,0

FINAL,I07-Z,07,I,3
IF,OO004,54.929639,73.032222,IRM,245.0,11.0,2,1900,0,0,0,0,0,0
CF,FF07,54.948344,73.170264,0,IRM,245.0,6.1,65.0,4.9,1,1900,0,0,0,0,2,0
CF,RW07,54.964594,73.291222,0,IRM,245.0,1.8,65.0,4.3,1,366,0,0,0,0,3,0
TF,OO033,55.003000,73.578750,0, ,0.0,0.0,0.0,0.0,0,0,0,1,215,0,0,1
DF,OO019,55.127528,73.416028,1, ,0.0,0.0,0,0,0,0,0,0,0,0
TF,OO018,55.113389,73.165583,0, ,0.0,0.0,0.0,0.0,0,0,0,0,0,0,0,0
TF,OO003,55.026667,72.992278,0, ,0.0,0.0,0.0,0.0,2,2200,0,0,0,0,0,0

APPTR,I25-Y,25,TK1
IF,TK,54.980167,73.405806, ,0.0,0.0,2,2800,0,0,0,0,1,0
FC,TK,54.980167,73.405806,0,OMS,0.0,0.0,27.0,5.3,0,0,0,0,0,0,0,1
CF,CI25Y,54.999583,73.555297,2,ITK,64.9,9.9,245.0,1.0,2,2300,0,0,0,0,0,0

APPTR,I25-Y,25,TK2
IF,TK,54.980167,73.405806, ,0.0,0.0,2,2800,0,0,0,0,1,0
FC,TK,54.980167,73.405806,0,OMS,0.0,0.0,47.0,5.3,0,0,0,0,0,0,0,1
CF,CI25Y,54.999583,73.555297,2,ITK,64.9,9.9,245.0,1.0,2,2300,0,0,0,0,0,0

FINAL,I25-Y,25,I,3
IF,CI25Y,54.999583,73.555297,ITK,64.9,9.9,2,2300,0,0,0,0,0,0
CF,FF25,54.987994,73.467294,0,ITK,64.9,6.8,245.0,3.1,1,1900,0,0,0,0,2,0
CF,RW25,54.969678,73.329261,0,ITK,64.9,1.9,245.0,4.9,1,345,0,0,0,0,3,0
CA,0,245.0,2,1700,0,0,0,0,0,0
DF,TK,54.980167,73.405806,2, ,0.0,0.0,2,2400,0,0,0,0,0,0

APPTR,I25-Z,25,OO011
IF,OO011,55.099250,73.639611, ,0.0,0.0,2,2500,0,0,0,0,1,0
TF,OO013,55.003944,73.588333,0,ITK,0.0,0.0,0.0,0.0,2,2500,0,0,0,0,1,0

APPTR,I25-Z,25,OO012
IF,OO012,55.026028,73.757583, ,0.0,0.0,2,2500,0,0,0,0,1,0
TF,OO013,55.003944,73.588333,0,ITK,0.0,0.0,0.0,0.0,2,2500,0,0,0,0,1,0

FINAL,I25-Z,25,I,3
IF,OO013,55.003944,73.588333,ITK,64.9,11.1,2,2500,0,0,0,0,0,0
CF,FF25,54.987994,73.467294,0,ITK,64.9,6.8,245.0,4.3,1,1900,0,0,0,0,2,0
CF,RW25,54.969678,73.329261,0,ITK,64.9,1.9,245.0,4.9,1,345,0,0,0,0,3,0
TF,OO015,54.945222,73.145583,0, ,0.0,0.0,0.0,0.0,0,0,0,1,235,0,0,0
TF,OO016,55.095333,73.084139,0, ,0.0,0.0,0.0,0.0,0,0,0,0,0,0,0,0
TF,OO017,55.158694,73.360139,0, ,0.0,0.0,0.0,0.0,0,0,0,0,0,0,0,0
TF,OO011,55.099250,73.639611,0, ,0.0,0.0,0.0,0.0,2,2500,0,0,0,0,0,0

APPTR,J07,07,OO001
IF,OO001,54.832556,73.071972, ,0.0,0.0,2,2800,0,0,0,0,1,0
TF,OO004,54.929639,73.032222,0,G07A,0.0,0.0,0.0,0.0,2,1900,0,0,0,0,1,0

APPTR,J07,07,OO002
IF,OO002,54.906556,72.863778, ,0.0,0.0,2,1900,0,0,0,0,1,0
TF,OO004,54.929639,73.032222,0,G07A,0.0,0.0,0.0,0.0,2,1900,0,0,0,0,1,0

APPTR,J07,07,OO003
IF,OO003,55.026667,72.992278, ,0.0,0.0,2,2200,0,0,0,0,1,0
TF,OO004,54.929639,73.032222,0,G07A,0.0,0.0,0.0,0.0,2,1900,0,0,0,0,1,0

FINAL,J07,07,G,3
IF,OO004,54.929639,73.032222,G07A,0.0,0.0,2,1900,0,0,0,0,0,0
TF,OO010,54.947944,73.167389,0,G07A,0.0,0.0,65.0,4.8,1,1900,0,0,0,0,2,0
TF,RW07,54.964594,73.291222,0,G07A,0.0,0.0,65.0,4.4,1,365,0,0,0,0,3,1
CA,0,65.0,2,720,0,0,0,0,0,0
DF,OO033,55.003000,73.578750,0, ,0.0,0.0,0,0,0,1,215,0,0,1
DF,OO019,55.127528,73.416028,1, ,0.0,0.0,0,0,0,0,0,0,0,0
TF,OO018,55.113389,73.165583,0, ,0.0,0.0,0.0,0.0,0,0,0,0,0,0,0,0
TF,OO003,55.026667,72.992278,0, ,0.0,0.0,0.0,0.0,2,2200,0,0,0,0,0,0

APPTR,J25,25,OO011
IF,OO011,55.099250,73.639611, ,0.0,0.0,2,2500,0,0,0,0,1,0
TF,OO013,55.003944,73.588333,0,G25A,0.0,0.0,0.0,0.0,2,2500,0,0,0,0,1,0

APPTR,J25,25,OO012
IF,OO012,55.026028,73.757583, ,0.0,0.0,2,2500,0,0,0,0,1,0
TF,OO013,55.003944,73.588333,0,G25A,0.0,0.0,0.0,0.0,2,2500,0,0,0,0,1,0

FINAL,J25,25,G,3
IF,OO013,55.003944,73.588333,G25A,0.0,0.0,2,2500,0,0,0,0,0,0
TF,OO027,54.988222,73.466556,0,G25A,0.0,0.0,245.0,4.3,1,1900,0,0,0,0,2,0
TF,RW25,54.969678,73.329261,0,G25A,0.0,0.0,245.0,4.9,1,348,0,0,0,0,3,1
CA,0,245.0,2,720,0,0,0,0,0,0
DF,OO015,54.945222,73.145583,0, ,0.0,0.0,0,0,0,1,235,0,0,0
TF,OO016,55.095333,73.084139,0, ,0.0,0.0,0.0,0.0,0,0,0,0,0,0,0,0
TF,OO017,55.158694,73.360139,0, ,0.0,0.0,0.0,0.0,0,0,0,0,0,0,0,0
TF,OO011,55.099250,73.639611,0, ,0.0,0.0,0.0,0.0,2,2500,0,0,0,0,0,0

APPTR,L25-Y,25,TK1
IF,TK,54.980167,73.405806, ,0.0,0.0,2,2800,0,0,0,0,1,0
FC,TK,54.980167,73.405806,0,OMS,0.0,0.0,36.0,7.0,0,0,0,0,0,0,0,1
CF,CF25,55.005869,73.603267,2,ITK,64.9,11.6,245.0,1.0,2,2300,0,0,0,0,0,0

APPTR,L25-Y,25,TK2
IF,TK,54.980167,73.405806, ,0.0,0.0,2,2800,0,0,0,0,1,0
FC,TK,54.980167,73.405806,0,OMS,0.0,0.0,53.0,7.0,0,0,0,0,0,0,0,1
CF,CF25,55.005869,73.603267,2,ITK,64.9,11.6,245.0,1.0,2,2300,0,0,0,0,0,0

APPTR,L25-Y,25,TK3
IF,TK,54.980167,73.405806, ,0.0,0.0,2,2800,0,0,0,0,1,0
FC,TK,54.980167,73.405806,0,OMS,0.0,0.0,55.0,7.0,0,0,0,0,0,0,0,1
CF,CF25,55.005869,73.603267,2,ITK,64.9,11.6,245.0,1.0,2,2300,0,0,0,0,0,0

FINAL,L25-Y,25,D,3
IF,CF25,55.005869,73.603267,ITK,64.9,11.6,2,2300,0,0,0,0,0,0
CF,FF25,54.987994,73.467294,0,ITK,64.9,6.8,245.0,4.8,1,1900,0,0,0,0,2,0
CF,T,54.971667,73.343611,0,ITK,64.8,2.4,245.0,4.4,1,508,0,0,0,0,3,0
CA,0,245.0,2,1700,0,0,0,0,0,0
DF,TK,54.980167,73.405806,2, ,0.0,0.0,2,2400,0,0,0,0,0,0

APPTR,L25-Z,25,OO011
IF,OO011,55.099250,73.639611, ,0.0,0.0,2,2500,0,0,0,0,1,0
TF,OO013,55.003944,73.588333,0,ITK,0.0,0.0,0.0,0.0,2,2500,0,0,0,0,1,0

APPTR,L25-Z,25,OO012
IF,OO012,55.026028,73.757583, ,0.0,0.0,2,2500,0,0,0,0,1,0
TF,OO013,55.003944,73.588333,0,ITK,0.0,0.0,0.0,0.0,2,2500,0,0,0,0,1,0

FINAL,L25-Z,25,D,4
IF,OO013,55.003944,73.588333,ITK,64.9,11.1,2,2500,0,0,0,0,0,0
CF,FF25,54.987994,73.467294,0,ITK,64.9,6.8,245.0,4.3,1,1900,0,0,0,0,2,0
CF,TK,54.980167,73.405806,0,ITK,64.7,4.6,245.0,2.2,1,1220,0,0,0,0,0,0
CF,T,54.971667,73.343611,0,ITK,64.8,2.4,245.0,2.2,1,508,0,0,0,0,3,0
TF,OO015,54.945222,73.145583,0, ,0.0,0.0,0.0,0.0,0,0,0,1,235,0,0,0
TF,OO016,55.095333,73.084139,0, ,0.0,0.0,0.0,0.0,0,0,0,0,0,0,0,0
TF,OO017,55.158694,73.360139,0, ,0.0,0.0,0.0,0.0,0,0,0,0,0,0,0,0
TF,OO011,55.099250,73.639611,0, ,0.0,0.0,0.0,0.0,2,2500,0,0,0,0,0,0

APPTR,Q07,07,RM1
IF,RM,54.956528,73.231667, ,0.0,0.0,2,2800,0,0,0,0,1,0
FC,RM,54.956528,73.231667,0,OMS,0.0,0.0,275.0,7.0,0,0,0,0,0,0,0,1
CF,CF07,54.929972,73.034686,1,OMS,247.2,9.2,65.0,1.0,2,2000,0,0,0,0,0,0

APPTR,Q07,07,RM2
IF,RM,54.956528,73.231667, ,0.0,0.0,2,2800,0,0,0,0,1,0
FC,RM,54.956528,73.231667,0,OMS,0.0,0.0,257.0,7.0,0,0,0,0,0,0,0,1
CF,CF07,54.929972,73.034686,1,OMS,247.2,9.2,65.0,1.0,2,2000,0,0,0,0,0,0

APPTR,Q07,07,RM3
IF,RM,54.956528,73.231667, ,0.0,0.0,2,2800,0,0,0,0,1,0
FC,RM,54.956528,73.231667,0,OMS,0.0,0.0,255.0,7.0,0,0,0,0,0,0,0,1
CF,CF07,54.929972,73.034686,1,OMS,247.2,9.2,65.0,1.0,2,2000,0,0,0,0,0,0

FINAL,Q07,07,N,4
IF,CF07,54.929972,73.034686,RM,0.0,0.0,2,2000,0,0,0,0,0,0
CF,FF07,54.948344,73.170264,0,RM,0.0,0.0,65.0,4.8,1,1900,0,0,0,0,2,0
CF,RM,54.956528,73.231667,0,RM,0.0,0.0,65.0,2.2,1,1110,0,0,0,0,0,0
CF,RW07,54.964594,73.291222,0,OMS,0.0,0.4,65.0,2.1,1,366,0,0,0,0,3,0
CA,0,65.0,2,1800,0,0,0,0,0,0
CA,0,20.0,2,4000,0,0,0,0,0,0
DF,RM,54.956528,73.231667,1, ,0.0,0.0,0,0,0,0,0,0,0,0

APPTR,Q25,25,TK1
IF,TK,54.980167,73.405806, ,0.0,0.0,2,2800,0,0,0,0,1,0
FC,TK,54.980167,73.405806,0,OMS,0.0,0.0,35.0,7.0,0,0,0,0,0,0,0,1
CF,CF25,55.005869,73.603267,2,OMS,63.0,11.0,245.0,1.0,2,2300,0,0,0,0,0,0

APPTR,Q25,25,TK2
IF,TK,54.980167,73.405806, ,0.0,0.0,2,2800,0,0,0,0,1,0
FC,TK,54.980167,73.405806,0,OMS,0.0,0.0,53.0,7.0,0,0,0,0,0,0,0,1
CF,CF25,55.005869,73.603267,2,OMS,63.0,11.0,245.0,1.0,2,2300,0,0,0,0,0,0

APPTR,Q25,25,TK3
IF,TK,54.980167,73.405806, ,0.0,0.0,2,2800,0,0,0,0,1,0
FC,TK,54.980167,73.405806,0,OMS,0.0,0.0,55.0,7.0,0,0,0,0,0,0,0,1
CF,CF25,55.005869,73.603267,2,OMS,63.0,11.0,245.0,1.0,2,2300,0,0,0,0,0,0

FINAL,Q25,25,N,4
IF,CF25,55.005869,73.603267,TK,0.0,0.0,2,2300,0,0,0,0,0,0
CF,FF25,54.987994,73.467294,0,TK,0.0,0.0,245.0,4.8,1,1900,0,0,0,0,2,0
CF,TK,54.980167,73.405806,0,TK,0.0,0.0,245.0,2.2,1,1210,0,0,0,0,0,0
CF,RW25,54.969678,73.329261,0,OMS,0.0,1.4,245.0,2.7,1,345,0,0,0,0,3,0
CA,0,245.0,2,1700,0,0,0,0,0,0
DF,TK,54.980167,73.405806,2, ,0.0,0.0,2,2400,0,0,0,0,0,0

APPTR,R07,07,OO001
IF,OO001,54.832556,73.071972, ,0.0,0.0,2,2800,0,0,0,0,1,0
TF,OO004,54.929639,73.032222,0, ,0.0,0.0,0.0,0.0,2,1900,0,0,0,0,1,0

APPTR,R07,07,OO002
IF,OO002,54.906556,72.863778, ,0.0,0.0,2,1900,0,0,0,0,1,0
TF,OO004,54.929639,73.032222,0, ,0.0,0.0,0.0,0.0,2,1900,0,0,0,0,1,0

APPTR,R07,07,OO003
IF,OO003,55.026667,72.992278, ,0.0,0.0,2,2200,0,0,0,0,1,0
TF,OO004,54.929639,73.032222,0, ,0.0,0.0,0.0,0.0,2,1900,0,0,0,0,1,0

FINAL,R07,07,R,3
IF,OO004,54.929639,73.032222, ,0.0,0.0,2,1900,0,0,0,0,0,0
TF,OO010,54.947944,73.167389,0, ,0.0,0.0,65.0,4.8,1,1900,0,0,0,0,2,0
TF,RW07,54.964594,73.291222,0, ,0.0,0.0,65.0,4.4,1,362,0,0,0,0,3,1
CA,0,65.0,2,720,0,0,0,0,0,0
DF,OO007,54.992833,73.502139,0, ,0.0,0.0,0,0,0,1,215,0,0,1
DF,OO019,55.127528,73.416028,1, ,0.0,0.0,0,0,0,0,0,0,0,0
TF,OO018,55.113389,73.165583,0, ,0.0,0.0,0.0,0.0,0,0,0,0,0,0,0,0
TF,OO003,55.026667,72.992278,0, ,0.0,0.0,0.0,0.0,2,2200,0,0,0,0,0,0

APPTR,R25,25,OO011
IF,OO011,55.099250,73.639611, ,0.0,0.0,2,2500,0,0,0,0,1,0
TF,OO013,55.003944,73.588333,0, ,0.0,0.0,0.0,0.0,2,2500,0,0,0,0,1,0

APPTR,R25,25,OO012
IF,OO012,55.026028,73.757583, ,0.0,0.0,2,2500,0,0,0,0,1,0
TF,OO013,55.003944,73.588333,0, ,0.0,0.0,0.0,0.0,2,2500,0,0,0,0,1,0

FINAL,R25,25,R,3
IF,OO013,55.003944,73.588333, ,0.0,0.0,2,2500,0,0,0,0,0,0
TF,OO021,54.988139,73.468194,0, ,0.0,0.0,245.0,4.3,1,1900,0,0,0,0,2,0
TF,RW25,54.969678,73.329261,0, ,0.0,0.0,245.0,4.9,1,344,0,0,0,0,3,1
CA,0,245.0,2,720,0,0,0,0,0,0
DF,OO015,54.945222,73.145583,0, ,0.0,0.0,0,0,0,1,235,0,0,0
TF,OO016,55.095333,73.084139,0, ,0.0,0.0,0.0,0.0,0,0,0,0,0,0,0,0
TF,OO017,55.158694,73.360139,0, ,0.0,0.0,0.0,0.0,0,0,0,0,0,0,0,0
TF,OO011,55.099250,73.639611,0, ,0.0,0.0,0.0,0.0,2,2500,0,0,0,0,0,0

