SID,DORO5J,19,2
CD, ,0,0,0,GNV,0,0.0,186.0,2.5,0,0,0,0,0,0,0,0
CI,2, ,0.0,335.0,0,0,0,0,0,0,0,0
CF,DOROL,44.631389,37.561667,0,GNV,272.5,19.6,272.0,15.0,2,8000,0,0,0,0,0,0

SID,DORO5K,19,5
CF,KG022,44.532861,37.995694,0,GNV,188.5,2.5,186.0,3.0,0,0,0,0,0,0,0,1
DF,KG019,44.531167,37.730056,0, ,0.0,0.0,0,0,0,0,0,0,0,0
TF,DOROL,44.631389,37.561667,0, ,0.0,0.0,0.0,0.0,2,8000,0,0,0,0,0,0

SID,DORO5L,01,2
DF,DE01A,44.588575,38.015339,0, ,0.0,0.0,0,0,0,0,0,0,0,1
CA,0,352.0,2,920,0,1,205,0,0,0
CI,1, ,0.0,229.0,0,0,0,0,0,0,0,0
CF,DOROL,44.631389,37.561667,0,GNV,272.5,19.6,273.0,14.0,2,8000,0,0,0,0,0,0

SID,DORO5M,01,5
FC,RW01,44.568494,38.008333,0,GNV,0.0,0.0,6.0,1.2,0,0,0,1,205,0,0,1
CA,0,352.0,2,920,0,1,205,0,0,0
DF,DOROL,44.631389,37.561667,1, ,0.0,0.0,2,8000,0,0,0,0,0,0

SID,DORO5P,19,2
CD, ,0,0,0,GNV,0,0.0,186.0,2.5,0,0,0,0,0,0,0,0
CI,2, ,0.0,335.0,0,0,0,0,0,0,0,0
CF,DOROL,44.631389,37.561667,0,GNV,272.5,19.6,273.0,15.0,2,8000,0,0,0,0,0,0

SID,DORO5R,01,2
DF,DE01A,44.588575,38.015339,0, ,0.0,0.0,0,0,0,0,0,0,0,1
CA,0,352.0,2,920,0,1,205,0,0,0
CI,1, ,0.0,229.0,0,0,0,0,0,0,0,0
CF,DOROL,44.631389,37.561667,0,GNV,272.5,19.6,272.0,15.0,2,8000,0,0,0,0,0,0

SID,DORO5S,01,2
DF,DE01B,44.586831,38.014731,0, ,0.0,0.0,0,0,0,0,0,0,0,1
CA,0,352.0,2,920,0,1,205,0,0,0
CI,1, ,0.0,229.0,0,0,0,0,0,0,0,0
CF,DOROL,44.631389,37.561667,0,GNV,272.5,19.6,272.0,15.0,2,8000,0,0,0,0,0,0

SID,DORO5T,01,2
DF,DE01B,44.586831,38.014731,0, ,0.0,0.0,0,0,0,0,0,0,0,1
CA,0,352.0,2,920,0,1,205,0,0,0
CI,1, ,0.0,229.0,0,0,0,0,0,0,0,0
CF,DOROL,44.631389,37.561667,0,GNV,272.5,19.6,273.0,14.0,2,8000,0,0,0,0,0,0

SID,DORO5V,01,5
FC,RW01,44.568494,38.008333,0,GNV,0.0,0.0,6.0,1.1,0,0,0,1,205,0,0,1
CA,0,352.0,2,920,0,1,205,0,0,0
DF,DOROL,44.631389,37.561667,1, ,0.0,0.0,2,8000,0,0,0,0,0,0

SID,KUTO5J,19,2
CD, ,0,0,0,GNV,0,0.0,186.0,2.5,0,0,0,0,0,0,0,0
CI,0, ,0.0,135.0,0,0,0,0,0,0,0,0
CF,D345K,44.394111,38.044967,0,GNV,164.5,10.8,165.0,6.0,0,0,0,0,0,0,0,1
CI,0, ,0.0,90.0,0,0,0,0,0,0,0,0
CF,KUTON,44.269722,38.315000,0,GNV,136.3,22.4,137.0,7.0,2,7000,0,0,0,0,0,0

SID,KUTO5K,19,5
CF,KG022,44.532861,37.995694,0,GNV,188.5,2.5,186.0,3.0,0,0,0,0,0,0,0,1
DF,KG017,44.359056,38.052306,0, ,0.0,0.0,0,0,0,0,0,0,0,0
TF,KUTON,44.269722,38.315000,0, ,0.0,0.0,0.0,0.0,2,7000,0,0,0,0,0,0

SID,KUTO5L,01,2
DF,DE01A,44.588575,38.015339,0, ,0.0,0.0,0,0,0,0,0,0,0,1
CA,0,352.0,2,920,0,1,205,0,0,0
CI,1, ,0.0,135.0,0,0,0,0,0,0,0,0
CF,D164K,44.394317,38.047100,0,GNV,164.0,10.8,164.0,7.0,0,0,0,0,0,0,0,1
CI,0, ,0.0,90.0,0,0,0,0,0,0,0,0
CF,KUTON,44.269722,38.315000,0,GNV,136.3,22.4,136.0,7.0,2,7000,0,0,0,0,0,0

SID,KUTO5M,01,5
FC,RW01,44.568494,38.008333,0,GNV,0.0,0.0,6.0,1.2,0,0,0,1,205,0,0,1
CA,0,352.0,2,920,0,1,205,0,0,0
DF,KG020,44.495139,37.982444,1, ,0.0,0.0,0,0,0,0,0,0,0,0
TF,KUTON,44.269722,38.315000,0, ,0.0,0.0,0.0,0.0,2,7000,0,0,0,0,0,0

SID,KUTO5P,19,2
CD, ,0,0,0,GNV,0,0.0,186.0,2.5,0,0,0,0,0,0,0,0
CI,0, ,0.0,135.0,0,0,0,0,0,0,0,0
CF,D164K,44.394317,38.047100,0,GNV,164.0,10.8,164.0,6.0,0,0,0,0,0,0,0,1
CI,0, ,0.0,90.0,0,0,0,0,0,0,0,0
CF,KUTON,44.269722,38.315000,0,GNV,136.3,22.4,136.0,7.0,2,7000,0,0,0,0,0,0

SID,KUTO5R,01,2
DF,DE01A,44.588575,38.015339,0, ,0.0,0.0,0,0,0,0,0,0,0,1
CA,0,352.0,2,920,0,1,205,0,0,0
CI,1, ,0.0,120.0,0,0,0,0,0,0,0,0
CF,D345K,44.394111,38.044967,0,GNV,164.5,10.8,165.0,10.0,0,0,0,0,0,0,0,1
CI,0, ,0.0,90.0,0,0,0,0,0,0,0,0
CF,KUTON,44.269722,38.315000,0,GNV,136.3,22.4,137.0,7.0,2,7000,0,0,0,0,0,0

SID,KUTO5S,01,2
DF,DE01B,44.586831,38.014731,0, ,0.0,0.0,0,0,0,0,0,0,0,1
CA,0,352.0,2,920,0,1,205,0,0,0
CI,1, ,0.0,120.0,0,0,0,0,0,0,0,0
CF,D345K,44.394111,38.044967,0,GNV,164.5,10.8,165.0,10.0,0,0,0,0,0,0,0,1
CI,0, ,0.0,90.0,0,0,0,0,0,0,0,0
CF,KUTON,44.269722,38.315000,0,GNV,136.3,22.4,137.0,7.0,2,7000,0,0,0,0,0,0

SID,KUTO5T,01,2
DF,DE01B,44.586831,38.014731,0, ,0.0,0.0,0,0,0,0,0,0,0,1
CA,0,352.0,2,920,0,1,205,0,0,0
CI,1, ,0.0,135.0,0,0,0,0,0,0,0,0
CF,D164K,44.394317,38.047100,0,GNV,164.0,10.8,164.0,7.0,0,0,0,0,0,0,0,1
CI,0, ,0.0,90.0,0,0,0,0,0,0,0,0
CF,KUTON,44.269722,38.315000,0,GNV,136.3,22.4,136.0,7.0,2,7000,0,0,0,0,0,0

SID,KUTO5V,01,5
FC,RW01,44.568494,38.008333,0,GNV,0.0,0.0,6.0,1.1,0,0,0,1,205,0,0,1
CA,0,352.0,2,920,0,1,205,0,0,0
DF,KG020,44.495139,37.982444,1, ,0.0,0.0,0,0,0,0,0,0,0,0
TF,KUTON,44.269722,38.315000,0, ,0.0,0.0,0.0,0.0,2,7000,0,0,0,0,0,0

SID,LIMA5J,19,2
CD, ,0,0,0,GNV,0,0.0,186.0,2.5,0,0,0,0,0,0,0,0
CF,LIMAS,44.208056,37.820000,0,GNV,192.8,23.4,193.0,21.0,2,7000,0,0,0,0,0,0

SID,LIMA5K,19,5
CF,KG022,44.532861,37.995694,0,GNV,188.5,2.5,186.0,3.0,0,0,0,0,0,0,0,1
DF,LIMAS,44.208056,37.820000,0, ,0.0,0.0,2,7000,0,0,0,0,0,0

SID,LIMA5L,01,2
DF,DE01A,44.588575,38.015339,0, ,0.0,0.0,0,0,0,0,0,0,0,1
CA,0,352.0,2,920,0,1,205,0,0,0
CI,1, ,0.0,144.0,0,0,0,0,0,0,0,0
CF,LIMAS,44.208056,37.820000,0,GNV,192.8,23.4,193.0,21.0,2,7000,0,0,0,0,0,0

SID,LIMA5M,01,5
FC,RW01,44.568494,38.008333,0,GNV,0.0,0.0,6.0,1.2,0,0,0,1,205,0,0,1
CA,0,352.0,2,920,0,1,205,0,0,0
DF,KG020,44.495139,37.982444,1, ,0.0,0.0,0,0,0,0,0,0,0,0
TF,LIMAS,44.208056,37.820000,0, ,0.0,0.0,0.0,0.0,2,7000,0,0,0,0,0,0

SID,LIMA5P,19,2
CD, ,0,0,0,GNV,0,0.0,186.0,2.5,0,0,0,0,0,0,0,0
CF,LIMAS,44.208056,37.820000,0,GNV,192.8,23.4,193.0,21.0,2,7000,0,0,0,0,0,0

SID,LIMA5R,01,2
DF,DE01A,44.588575,38.015339,0, ,0.0,0.0,0,0,0,0,0,0,0,1
CA,0,352.0,2,920,0,1,205,0,0,0
CI,1, ,0.0,137.0,0,0,0,0,0,0,0,0
CF,LIMAS,44.208056,37.820000,0,GNV,192.8,23.4,193.0,22.0,2,7000,0,0,0,0,0,0

SID,LIMA5S,01,2
DF,DE01B,44.586831,38.014731,0, ,0.0,0.0,0,0,0,0,0,0,0,1
CA,0,352.0,2,920,0,1,205,0,0,0
CI,1, ,0.0,137.0,0,0,0,0,0,0,0,0
CF,LIMAS,44.208056,37.820000,0,GNV,192.8,23.4,193.0,22.0,2,7000,0,0,0,0,0,0

SID,LIMA5T,01,2
DF,DE01B,44.586831,38.014731,0, ,0.0,0.0,0,0,0,0,0,0,0,1
CA,0,352.0,2,920,0,1,205,0,0,0
CI,1, ,0.0,144.0,0,0,0,0,0,0,0,0
CF,LIMAS,44.208056,37.820000,0,GNV,192.8,23.4,193.0,21.0,2,7000,0,0,0,0,0,0

SID,LIMA5V,01,5
FC,RW01,44.568494,38.008333,0,GNV,0.0,0.0,6.0,1.1,0,0,0,1,205,0,0,1
CA,0,352.0,2,920,0,1,205,0,0,0
DF,KG020,44.495139,37.982444,1, ,0.0,0.0,0,0,0,0,0,0,0,0
TF,LIMAS,44.208056,37.820000,0, ,0.0,0.0,0.0,0.0,2,7000,0,0,0,0,0,0

SID,NALU5J,19,2
CD, ,0,0,0,GNV,0,0.0,186.0,2.5,0,0,0,0,0,0,0,0
CI,2, ,0.0,300.0,0,0,0,0,0,0,0,0
CF,NALUD,44.479722,37.403611,0,GNV,250.2,26.7,250.0,21.0,2,8000,0,0,0,0,0,0

SID,NALU5K,19,5
CF,KG022,44.532861,37.995694,0,GNV,188.5,2.5,186.0,3.0,0,0,0,0,0,0,0,1
DF,NALUD,44.479722,37.403611,0, ,0.0,0.0,2,8000,0,0,0,0,0,0

SID,NALU5L,01,2
DF,DE01A,44.588575,38.015339,0, ,0.0,0.0,0,0,0,0,0,0,0,1
CA,0,352.0,2,920,0,1,205,0,0,0
CI,1, ,0.0,205.0,0,0,0,0,0,0,0,0
CF,NALUD,44.479722,37.403611,0,GNV,250.2,26.7,250.0,22.0,2,8000,0,0,0,0,0,0

SID,NALU5M,01,5
FC,RW01,44.568494,38.008333,0,GNV,0.0,0.0,6.0,1.2,0,0,0,1,205,0,0,1
CA,0,352.0,2,920,0,1,205,0,0,0
DF,NALUD,44.479722,37.403611,1, ,0.0,0.0,2,8000,0,0,0,0,0,0

SID,NALU5P,19,2
CD, ,0,0,0,GNV,0,0.0,186.0,2.5,0,0,0,0,0,0,0,0
CI,2, ,0.0,300.0,0,0,0,0,0,0,0,0
CF,NALUD,44.479722,37.403611,0,GNV,250.2,26.7,250.0,21.0,2,8000,0,0,0,0,0,0

SID,NALU5R,01,2
DF,DE01A,44.588575,38.015339,0, ,0.0,0.0,0,0,0,0,0,0,0,1
CA,0,352.0,2,920,0,1,205,0,0,0
CI,1, ,0.0,197.0,0,0,0,0,0,0,0,0
CF,NALUD,44.479722,37.403611,0,GNV,250.2,26.7,250.0,22.0,2,8000,0,0,0,0,0,0

SID,NALU5S,01,2
DF,DE01B,44.586831,38.014731,0, ,0.0,0.0,0,0,0,0,0,0,0,1
CA,0,352.0,2,920,0,1,205,0,0,0
CI,1, ,0.0,197.0,0,0,0,0,0,0,0,0
CF,NALUD,44.479722,37.403611,0,GNV,250.2,26.7,250.0,22.0,2,8000,0,0,0,0,0,0

SID,NALU5T,01,2
DF,DE01B,44.586831,38.014731,0, ,0.0,0.0,0,0,0,0,0,0,0,1
CA,0,352.0,2,920,0,1,205,0,0,0
CI,1, ,0.0,205.0,0,0,0,0,0,0,0,0
CF,NALUD,44.479722,37.403611,0,GNV,250.2,26.7,250.0,22.0,2,8000,0,0,0,0,0,0

SID,NALU5V,01,5
FC,RW01,44.568494,38.008333,0,GNV,0.0,0.0,6.0,1.1,0,0,0,1,205,0,0,1
CA,0,352.0,2,920,0,1,205,0,0,0
DF,NALUD,44.479722,37.403611,1, ,0.0,0.0,2,8000,0,0,0,0,0,0

SID,OSNI5J,19,2
CD, ,0,0,0,GNV,0,0.0,186.0,6.5,0,0,0,0,0,0,0,0
DF,GN,44.575111,38.013972,2, ,0.0,0.0,0,0,0,0,0,0,0,0
TF,OSNIR,44.642778,38.283889,0, ,0.0,0.0,0.0,0.0,2,7000,0,0,0,0,0,0

SID,OSNI5K,19,5
CF,KG023,44.467944,37.972944,0,GNV,187.0,6.5,186.0,7.0,0,0,0,1,250,0,0,1
DF,KG018,44.583611,37.911528,2, ,0.0,0.0,0,0,0,1,250,0,0,0
TF,OSNIR,44.642778,38.283889,0, ,0.0,0.0,0.0,0.0,2,7000,0,0,0,0,0,0

SID,OSNI5L,01,2
DF,DE01A,44.588575,38.015339,0, ,0.0,0.0,0,0,0,0,0,0,0,1
CA,0,352.0,2,920,0,1,205,0,0,0
DF,GNV,44.572556,38.012167,1, ,0.0,0.0,0,0,0,1,205,0,0,0
TF,OSNIR,44.642778,38.283889,0, ,0.0,0.0,0.0,0.0,2,7000,0,0,0,0,0,0

SID,OSNI5M,01,5
FC,RW01,44.568494,38.008333,0,GNV,0.0,0.0,6.0,1.2,0,0,0,1,205,0,0,1
CA,0,352.0,2,920,0,1,205,0,0,0
DF,KG020,44.495139,37.982444,1, ,0.0,0.0,0,0,0,1,230,0,0,0
TF,OSNIR,44.642778,38.283889,1, ,0.0,0.0,0.0,0.0,2,7000,0,0,0,0,0,0

SID,OSNI5P,19,2
CD, ,0,0,0,GNV,0,0.0,186.0,6.5,0,0,0,0,0,0,0,0
DF,GNV,44.572556,38.012167,2, ,0.0,0.0,0,0,0,0,0,0,0,0
TF,OSNIR,44.642778,38.283889,0, ,0.0,0.0,0.0,0.0,2,7000,0,0,0,0,0,0

SID,OSNI5R,01,2
DF,DE01A,44.588575,38.015339,0, ,0.0,0.0,0,0,0,0,0,0,0,1
CA,0,352.0,2,920,0,1,205,0,0,0
DF,GN,44.575111,38.013972,1, ,0.0,0.0,0,0,0,1,205,0,0,0
TF,OSNIR,44.642778,38.283889,0, ,0.0,0.0,0.0,0.0,2,7000,0,0,0,0,0,0

SID,OSNI5S,01,2
DF,DE01B,44.586831,38.014731,0, ,0.0,0.0,0,0,0,0,0,0,0,1
CA,0,352.0,2,920,0,1,205,0,0,0
DF,GN,44.575111,38.013972,1, ,0.0,0.0,0,0,0,1,205,0,0,0
TF,OSNIR,44.642778,38.283889,0, ,0.0,0.0,0.0,0.0,2,7000,0,0,0,0,0,0

SID,OSNI5T,01,2
DF,DE01B,44.586831,38.014731,0, ,0.0,0.0,0,0,0,0,0,0,0,1
CA,0,352.0,2,920,0,1,205,0,0,0
DF,GNV,44.572556,38.012167,1, ,0.0,0.0,0,0,0,1,205,0,0,0
TF,OSNIR,44.642778,38.283889,0, ,0.0,0.0,0.0,0.0,2,7000,0,0,0,0,0,0

SID,OSNI5V,01,5
FC,RW01,44.568494,38.008333,0,GNV,0.0,0.0,6.0,1.1,0,0,0,1,205,0,0,1
CA,0,352.0,2,920,0,1,205,0,0,0
DF,KG020,44.495139,37.982444,1, ,0.0,0.0,0,0,0,1,230,0,0,0
TF,OSNIR,44.642778,38.283889,1, ,0.0,0.0,0.0,0.0,2,7000,0,0,0,0,0,0

STAR,DORO5D,01,2
IF,DOROL,44.631389,37.561667, ,0.0,0.0,4,10000,7000,0,0,0,0,0
TF,GNV,44.572556,38.012167,0, ,0.0,0.0,0.0,0.0,4,7000,5180,0,0,0,0,0

STAR,DORO5E,01,2
IF,DOROL,44.631389,37.561667, ,0.0,0.0,4,10000,7000,0,0,0,0,0
TF,GN,44.575111,38.013972,0, ,0.0,0.0,0.0,0.0,4,7000,5180,0,0,0,0,0

STAR,DORO5F,01,5
IF,DOROL,44.631389,37.561667, ,0.0,0.0,4,10000,7000,0,0,0,0,0
TF,KG007,44.417194,37.810250,0, ,0.0,0.0,0.0,0.0,2,3050,0,0,0,0,0,0

STAR,KUTO5D,01,2
IF,KUTON,44.269722,38.315000, ,0.0,0.0,4,10000,8000,0,0,0,0,0
TF,GNV,44.572556,38.012167,0, ,0.0,0.0,0.0,0.0,4,7000,5180,0,0,0,0,0

STAR,KUTO5E,01,2
IF,KUTON,44.269722,38.315000, ,0.0,0.0,4,10000,8000,0,0,0,0,0
TF,GN,44.575111,38.013972,0, ,0.0,0.0,0.0,0.0,4,7000,5180,0,0,0,0,0

STAR,KUTO5F,01,5
IF,KUTON,44.269722,38.315000, ,0.0,0.0,4,10000,8000,0,0,0,0,0
TF,KG008,44.368222,38.082972,0, ,0.0,0.0,0.0,0.0,2,2880,0,0,0,0,0,0

STAR,KUTO5G,01,2
IF,KUTON,44.269722,38.315000, ,0.0,0.0,4,10000,8000,0,0,0,0,0
TF,D317P,44.352128,38.234153,0, ,0.0,0.0,0.0,0.0,0,0,0,0,0,0,0,0
TF,D328M,44.381028,38.134422,0, ,0.0,0.0,0.0,0.0,0,0,0,0,0,0,0,0
TF,GN,44.575111,38.013972,0, ,0.0,0.0,0.0,0.0,4,7000,5180,0,0,0,0,0

STAR,KUTO5H,01,2
IF,KUTON,44.269722,38.315000, ,0.0,0.0,4,10000,8000,0,0,0,0,0
TF,D136Q,44.338556,38.246511,0, ,0.0,0.0,0.0,0.0,4,10000,7000,0,0,0,0,0

STAR,KUTO5N,01,2
IF,KUTON,44.269722,38.315000, ,0.0,0.0,4,10000,8000,0,0,0,0,0
TF,D136P,44.351731,38.233378,0, ,0.0,0.0,0.0,0.0,0,0,0,0,0,0,0,0
TF,D148M,44.380117,38.131594,0, ,0.0,0.0,0.0,0.0,0,0,0,0,0,0,0,0
TF,GNV,44.572556,38.012167,0, ,0.0,0.0,0.0,0.0,4,7000,5180,0,0,0,0,0

STAR,LIMA5D,01,2
IF,LIMAS,44.208056,37.820000, ,0.0,0.0,4,10000,7000,0,0,0,0,0
TF,GNV,44.572556,38.012167,0, ,0.0,0.0,0.0,0.0,4,7000,5180,0,0,0,0,0

STAR,LIMA5E,01,2
IF,LIMAS,44.208056,37.820000, ,0.0,0.0,4,10000,7000,0,0,0,0,0
TF,GN,44.575111,38.013972,0, ,0.0,0.0,0.0,0.0,4,7000,5180,0,0,0,0,0

STAR,LIMA5F,01,5
IF,LIMAS,44.208056,37.820000, ,0.0,0.0,4,10000,7000,0,0,0,0,0
TF,KG016,44.321278,37.777000,0, ,0.0,0.0,0.0,0.0,0,0,0,0,0,0,0,0
TF,KG007,44.417194,37.810250,0, ,0.0,0.0,0.0,0.0,2,3050,0,0,0,0,0,0

STAR,LIMA5H,01,2
IF,LIMAS,44.208056,37.820000, ,0.0,0.0,4,10000,7000,0,0,0,0,0
TF,D193Q,44.303217,37.869922,0, ,0.0,0.0,0.0,0.0,4,10000,4360,0,0,0,0,0

STAR,LIMA5W,01,5
IF,LIMAS,44.208056,37.820000, ,0.0,0.0,4,10000,7000,0,0,0,0,0
TF,KG009,44.295028,37.912556,0, ,0.0,0.0,0.0,0.0,2,3050,0,0,0,0,0,0

STAR,NALU5D,01,2
IF,NALUD,44.479722,37.403611, ,0.0,0.0,4,10000,7000,0,0,0,0,0
TF,GNV,44.572556,38.012167,0, ,0.0,0.0,0.0,0.0,4,7000,5180,0,0,0,0,0

STAR,NALU5E,01,2
IF,NALUD,44.479722,37.403611, ,0.0,0.0,4,10000,7000,0,0,0,0,0
TF,GN,44.575111,38.013972,0, ,0.0,0.0,0.0,0.0,4,7000,5180,0,0,0,0,0

STAR,NALU5F,01,5
IF,NALUD,44.479722,37.403611, ,0.0,0.0,4,10000,7000,0,0,0,0,0
TF,KG007,44.417194,37.810250,0, ,0.0,0.0,0.0,0.0,2,3050,0,0,0,0,0,0

STAR,NALU5H,01,2
IF,NALUD,44.479722,37.403611, ,0.0,0.0,4,10000,7000,0,0,0,0,0
TF,D250Q,44.512867,37.618250,0, ,0.0,0.0,0.0,0.0,4,10000,7000,0,0,0,0,0

STAR,OSNI5D,01,2
IF,OSNIR,44.642778,38.283889, ,0.0,0.0,4,10000,7000,0,0,0,0,0
TF,GNV,44.572556,38.012167,0, ,0.0,0.0,0.0,0.0,4,7000,5180,0,0,0,0,0

STAR,OSNI5E,01,2
IF,OSNIR,44.642778,38.283889, ,0.0,0.0,4,10000,7000,0,0,0,0,0
TF,GN,44.575111,38.013972,0, ,0.0,0.0,0.0,0.0,4,7000,5180,0,0,0,0,0

STAR,OSNI5F,01,5
IF,OSNIR,44.642778,38.283889, ,0.0,0.0,4,10000,7000,0,0,0,0,0
TF,KG015,44.476583,38.121194,0, ,0.0,0.0,0.0,0.0,0,0,0,0,0,0,0,0
TF,KG008,44.368222,38.082972,0, ,0.0,0.0,0.0,0.0,2,2880,0,0,0,0,0,0

STAR,RULA5D,01,2
IF,RULAB,44.366389,38.408333, ,0.0,0.0,4,10000,8000,0,0,0,0,0
TF,GNV,44.572556,38.012167,0, ,0.0,0.0,0.0,0.0,4,7000,5180,0,0,0,0,0

STAR,RULA5E,01,2
IF,RULAB,44.366389,38.408333, ,0.0,0.0,4,10000,8000,0,0,0,0,0
TF,GN,44.575111,38.013972,0, ,0.0,0.0,0.0,0.0,4,7000,5180,0,0,0,0,0

STAR,RULA5F,01,5
IF,RULAB,44.366389,38.408333, ,0.0,0.0,4,10000,8000,0,0,0,0,0
TF,KG008,44.368222,38.082972,0, ,0.0,0.0,0.0,0.0,2,2880,0,0,0,0,0,0

STAR,RULA5G,01,2
IF,RULAB,44.366389,38.408333, ,0.0,0.0,4,10000,8000,0,0,0,0,0
TF,D299O,44.423058,38.301792,0, ,0.0,0.0,0.0,0.0,0,0,0,0,0,0,0,0
TF,D286L,44.495108,38.264158,0, ,0.0,0.0,0.0,0.0,0,0,0,0,0,0,0,0
TF,GN,44.575111,38.013972,0, ,0.0,0.0,0.0,0.0,4,7000,5180,0,0,0,0,0

STAR,RULA5H,01,2
IF,RULAB,44.366389,38.408333, ,0.0,0.0,4,10000,8000,0,0,0,0,0
TF,D118Q,44.403358,38.337689,0, ,0.0,0.0,0.0,0.0,4,10000,7000,0,0,0,0,0

STAR,RULA5N,01,2
IF,RULAB,44.366389,38.408333, ,0.0,0.0,4,10000,8000,0,0,0,0,0
TF,D118O,44.422439,38.301164,0, ,0.0,0.0,0.0,0.0,0,0,0,0,0,0,0,0
TF,D106L,44.491750,38.264842,0, ,0.0,0.0,0.0,0.0,0,0,0,0,0,0,0,0
TF,GNV,44.572556,38.012167,0, ,0.0,0.0,0.0,0.0,4,7000,5180,0,0,0,0,0

APPTR,D01-W,01,D118Q
IF,D118Q,44.403358,38.337689, ,0.0,0.0,4,10000,7000,0,0,0,1,0
CI,0, ,0.0,298.0,0,0,0,0,0,0,0,0
AF,D180O,44.323325,37.963375,2,GNV,180.0,15.1,118.0,0,0,0,0,0,0,0,0
CF,CD01,44.394700,37.941044,0,GNV,188.0,11.1,8.0,4.0,2,2720,0,0,0,0,1,0

APPTR,D01-W,01,D136Q
IF,D136Q,44.338556,38.246511, ,0.0,0.0,4,10000,7000,0,0,0,1,0
CI,0, ,0.0,316.0,0,0,0,0,0,0,0,0
AF,D180O,44.323325,37.963375,2,GNV,180.0,15.1,136.0,0,0,0,0,0,0,0,0
CF,CD01,44.394700,37.941044,0,GNV,188.0,11.1,8.0,4.0,2,2720,0,0,0,0,1,0

APPTR,D01-W,01,D193Q
IF,D193Q,44.303217,37.869922, ,0.0,0.0,4,10000,4360,0,0,0,1,0
CI,0, ,0.0,38.0,0,0,0,0,0,0,0,0
CF,CD01,44.394700,37.941044,0,GNV,188.0,11.1,8.0,4.0,2,2720,0,0,0,0,1,0

APPTR,D01-W,01,D250Q
IF,D250Q,44.512867,37.618250, ,0.0,0.0,4,10000,7000,0,0,0,1,0
CI,0, ,0.0,70.0,0,0,0,0,0,0,0,0
AF,D196O,44.342556,37.869525,1,GNV,196.0,15.1,250.0,0,0,0,0,0,0,0,0
CF,CD01,44.394700,37.941044,0,GNV,188.0,11.1,8.0,4.0,2,2720,0,0,0,0,1,0

APPTR,D01-W,01,DOROL
IF,DOROL,44.631389,37.561667, ,0.0,0.0,4,10000,7000,0,0,0,1,0
TF,D273Q,44.626817,37.616331,0, ,0.0,0.0,0.0,0.0,0,0,0,0,0,0,0,0
CI,0, ,0.0,93.0,0,0,0,0,0,0,0,0
AF,D196O,44.342556,37.869525,1,GNV,196.0,15.1,273.0,0,0,0,0,0,0,0,0
CF,CD01,44.394700,37.941044,0,GNV,188.0,11.1,8.0,4.0,2,2720,0,0,0,0,1,0

FINAL,D01-W,01,D,3
IF,CD01,44.394700,37.941044,GNV,188.0,11.1,2,2720,0,0,0,0,0,0
CF,FD01,44.479167,37.974444,0,GNV,188.1,5.8,8.0,5.3,1,1740,0,0,0,0,2,0
CF,MD01,44.529297,37.994825,0,GNV,188.0,2.7,8.0,3.1,1,839,0,0,0,0,3,0
CI,1, ,0.0,165.0,0,0,0,1,185,0,0,0
CF,D213L,44.425247,37.833644,0,GNV,213.0,11.7,213.0,5.0,0,0,0,1,250,0,0,1
CF,CD01,44.394700,37.941044,1,GNV,188.0,11.1,8.0,1.0,2,2720,0,0,0,0,0,0

APPTR,D01-X,01,D118Q
IF,D118Q,44.403358,38.337689, ,0.0,0.0,4,10000,7000,0,0,0,1,0
CI,0, ,0.0,298.0,0,0,0,0,0,0,0,0
AF,D180O,44.323325,37.963375,2,GNV,180.0,15.1,118.0,0,0,0,0,0,0,0,0
CF,CD01,44.394700,37.941044,0,GNV,188.0,11.1,8.0,4.0,2,2720,0,0,0,0,1,0

APPTR,D01-X,01,D136Q
IF,D136Q,44.338556,38.246511, ,0.0,0.0,4,10000,7000,0,0,0,1,0
CI,0, ,0.0,316.0,0,0,0,0,0,0,0,0
AF,D180O,44.323325,37.963375,2,GNV,180.0,15.1,136.0,0,0,0,0,0,0,0,0
CF,CD01,44.394700,37.941044,0,GNV,188.0,11.1,8.0,4.0,2,2720,0,0,0,0,1,0

APPTR,D01-X,01,D193Q
IF,D193Q,44.303217,37.869922, ,0.0,0.0,4,10000,4360,0,0,0,1,0
CI,0, ,0.0,38.0,0,0,0,0,0,0,0,0
CF,CD01,44.394700,37.941044,0,GNV,188.0,11.1,8.0,4.0,2,2720,0,0,0,0,1,0

APPTR,D01-X,01,D250Q
IF,D250Q,44.512867,37.618250, ,0.0,0.0,4,10000,7000,0,0,0,1,0
CI,0, ,0.0,70.0,0,0,0,0,0,0,0,0
AF,D196O,44.342556,37.869525,1,GNV,196.0,15.1,250.0,0,0,0,0,0,0,0,0
CF,CD01,44.394700,37.941044,0,GNV,188.0,11.1,8.0,4.0,2,2720,0,0,0,0,1,0

APPTR,D01-X,01,DOROL
IF,DOROL,44.631389,37.561667, ,0.0,0.0,4,10000,7000,0,0,0,1,0
TF,D273Q,44.626817,37.616331,0, ,0.0,0.0,0.0,0.0,0,0,0,0,0,0,0,0
CI,0, ,0.0,93.0,0,0,0,0,0,0,0,0
AF,D196O,44.342556,37.869525,1,GNV,196.0,15.1,273.0,0,0,0,0,0,0,0,0
CF,CD01,44.394700,37.941044,0,GNV,188.0,11.1,8.0,4.0,2,2720,0,0,0,0,1,0

FINAL,D01-X,01,D,3
IF,CD01,44.394700,37.941044,GNV,188.0,11.1,2,2720,0,0,0,0,0,0
CF,FD01,44.479167,37.974444,0,GNV,188.1,5.8,8.0,5.3,1,1740,0,0,0,0,2,0
CF,MD01X,44.550125,38.003172,0,GNV,188.0,1.4,8.0,4.4,1,467,0,0,0,0,3,0
CI,2, ,0.0,205.0,0,0,0,1,135,0,0,0
CF,D176L,44.369714,37.992392,0,GNV,176.0,12.2,176.0,5.0,0,0,0,0,0,0,0,0
CF,CD01,44.394700,37.941044,2,GNV,188.0,11.1,8.0,1.0,2,2720,0,0,0,0,0,0

APPTR,D01-Y,01,GNV
IF,GNV,44.572556,38.012167, ,0.0,0.0,4,7000,5180,0,0,0,1,0
CF,D213L,44.425247,37.833644,0,GNV,213.0,11.7,213.0,11.7,0,0,0,0,0,0,0,1
CF,CD01,44.394700,37.941044,1,GNV,188.0,11.1,8.0,1.0,2,2720,0,0,0,0,1,0

FINAL,D01-Y,01,D,3
IF,CD01,44.394700,37.941044,GNV,188.0,11.1,2,2720,0,0,0,0,0,0
CF,FD01,44.479167,37.974444,0,GNV,188.1,5.8,8.0,5.3,1,1740,0,0,0,0,2,0
CF,MD01,44.529297,37.994825,0,GNV,188.0,2.7,8.0,3.1,1,839,0,0,0,0,3,0
CI,1, ,0.0,165.0,0,0,0,1,185,0,0,0
CF,D213L,44.425247,37.833644,0,GNV,213.0,11.7,213.0,6.0,0,0,0,0,0,0,0,1
CF,CD01,44.394700,37.941044,1,GNV,188.0,11.1,8.0,1.0,2,2720,0,1,250,0,0,0

APPTR,D01-Z,01,GNV
IF,GNV,44.572556,38.012167, ,0.0,0.0,4,7000,5180,0,0,0,1,0
CF,D197L,44.395767,37.897222,0,GNV,197.0,11.7,197.0,11.7,0,0,0,0,0,0,0,0
CF,CD01,44.394700,37.941044,1,GNV,188.0,11.1,8.0,1.0,2,2720,0,0,0,0,1,0

FINAL,D01-Z,01,D,3
IF,CD01,44.394700,37.941044,GNV,188.0,11.1,2,2720,0,0,0,0,0,0
CF,FD01,44.479167,37.974444,0,GNV,188.1,5.8,8.0,5.3,1,1740,0,0,0,0,2,0
CF,MD01Z,44.548522,38.002528,0,GNV,188.0,1.5,8.0,4.3,1,496,0,0,0,0,3,0
CI,2, ,0.0,205.0,0,0,0,1,130,0,0,0
CF,D176L,44.369714,37.992392,0,GNV,176.0,12.2,176.0,5.0,0,0,0,0,0,0,0,0
CF,CD01,44.394700,37.941044,2,GNV,188.0,11.1,8.0,1.0,2,2720,0,0,0,0,0,0

APPTR,J01-X,01,KG007
IF,KG007,44.417194,37.810250, ,0.0,0.0,2,3050,0,0,0,0,1,0
TF,KG006,44.392806,37.946667,0,G01A,0.0,0.0,0.0,0.0,2,2720,0,0,0,0,1,0

APPTR,J01-X,01,KG008
IF,KG008,44.368222,38.082972, ,0.0,0.0,2,2880,0,0,0,0,1,0
TF,KG006,44.392806,37.946667,0,G01A,0.0,0.0,0.0,0.0,2,2720,0,0,0,0,1,0

APPTR,J01-X,01,KG009
IF,KG009,44.295028,37.912556, ,0.0,0.0,2,3050,0,0,0,0,1,0
TF,KG006,44.392806,37.946667,0,G01A,0.0,0.0,0.0,0.0,2,2720,0,0,0,0,1,0

FINAL,J01-X,01,G,3
IF,KG006,44.392806,37.946667,G01A,0.0,0.0,2,2720,0,0,0,0,0,0
TF,KG003,44.478583,37.976611,0,G01A,0.0,0.0,6.0,5.3,1,1740,0,0,0,0,2,0
TF,RW01,44.568494,38.008333,0,G01A,0.0,0.0,6.0,5.6,1,141,0,0,0,0,3,1
DF,KG014,44.499306,37.838778,1, ,0.0,0.0,0,0,0,1,185,0,0,0
TF,KG007,44.417194,37.810250,0, ,0.0,0.0,0.0,0.0,2,3050,0,0,0,0,0,0

APPTR,J01-Y,01,KG007
IF,KG007,44.417194,37.810250, ,0.0,0.0,2,3050,0,0,0,0,1,0
TF,KG006,44.392806,37.946667,0,G01A,0.0,0.0,0.0,0.0,2,2720,0,0,0,0,1,0

APPTR,J01-Y,01,KG008
IF,KG008,44.368222,38.082972, ,0.0,0.0,2,2880,0,0,0,0,1,0
TF,KG006,44.392806,37.946667,0,G01A,0.0,0.0,0.0,0.0,2,2720,0,0,0,0,1,0

APPTR,J01-Y,01,KG009
IF,KG009,44.295028,37.912556, ,0.0,0.0,2,3050,0,0,0,0,1,0
TF,KG006,44.392806,37.946667,0,G01A,0.0,0.0,0.0,0.0,2,2720,0,0,0,0,1,0

FINAL,J01-Y,01,G,3
IF,KG006,44.392806,37.946667,G01A,0.0,0.0,2,2720,0,0,0,0,0,0
TF,KG003,44.478583,37.976611,0,G01A,0.0,0.0,6.0,5.3,1,1740,0,0,0,0,2,0
TF,RW01,44.568494,38.008333,0,G01A,0.0,0.0,6.0,5.6,1,141,0,0,0,0,3,1
DF,KG014,44.499306,37.838778,1, ,0.0,0.0,0,0,0,1,160,0,0,0
TF,KG007,44.417194,37.810250,0, ,0.0,0.0,0.0,0.0,2,3050,0,0,0,0,0,0

APPTR,J01-Z,01,KG007
IF,KG007,44.417194,37.810250, ,0.0,0.0,2,3050,0,0,0,0,1,0
TF,KG006,44.392806,37.946667,0,G01A,0.0,0.0,0.0,0.0,2,2720,0,0,0,0,1,0

APPTR,J01-Z,01,KG008
IF,KG008,44.368222,38.082972, ,0.0,0.0,2,2880,0,0,0,0,1,0
TF,KG006,44.392806,37.946667,0,G01A,0.0,0.0,0.0,0.0,2,2720,0,0,0,0,1,0

APPTR,J01-Z,01,KG009
IF,KG009,44.295028,37.912556, ,0.0,0.0,2,3050,0,0,0,0,1,0
TF,KG006,44.392806,37.946667,0,G01A,0.0,0.0,0.0,0.0,2,2720,0,0,0,0,1,0

FINAL,J01-Z,01,G,3
IF,KG006,44.392806,37.946667,G01A,0.0,0.0,2,2720,0,0,0,0,0,0
TF,KG003,44.478583,37.976611,0,G01A,0.0,0.0,6.0,5.3,1,1740,0,0,0,0,2,0
TF,RW01,44.568494,38.008333,0,G01A,0.0,0.0,6.0,5.6,1,141,0,0,0,0,3,1
DF,KG021,44.507306,38.074528,2, ,0.0,0.0,0,0,0,1,135,0,0,0
TF,KG010,44.450250,38.111833,0, ,0.0,0.0,0.0,0.0,0,0,0,0,0,0,0,0
TF,KG008,44.368222,38.082972,0, ,0.0,0.0,0.0,0.0,2,2880,0,0,0,0,0,0

APPTR,L01-R,01,GN
IF,GN,44.575111,38.013972, ,0.0,0.0,4,7000,5180,0,0,0,1,0
CF,D212L,44.423042,37.837261,0,GNV,212.0,11.7,212.0,11.9,0,0,0,0,0,0,0,1
CF,CF01,44.393650,37.946936,1,IGN,186.1,12.6,6.0,1.0,2,2720,0,0,0,0,1,0

FINAL,L01-R,01,D,3
IF,CF01,44.393650,37.946936,IGN,186.1,12.6,2,2720,0,0,0,0,0,0
CF,FF01,44.478611,37.976667,0,IGN,186.1,7.3,6.0,5.3,1,1740,0,0,0,0,2,0
CF,ML01,44.531869,37.995347,0,IGN,186.1,4.1,6.0,3.3,1,795,0,0,0,0,3,0
CI,1, ,0.0,165.0,0,0,0,1,160,0,0,0
CF,D212L,44.423042,37.837261,0,GNV,212.0,11.7,212.0,6.0,0,0,0,0,0,0,0,1
CF,CF01,44.393650,37.946936,1,GNV,186.7,11.1,6.0,1.0,2,2720,0,0,0,0,0,0

APPTR,L01-S,01,D118Q
IF,D118Q,44.403358,38.337689, ,0.0,0.0,4,10000,7000,0,0,0,1,0
CI,0, ,0.0,298.0,0,0,0,0,0,0,0,0
AF,D179O,44.322756,37.969442,2,GNV,179.0,15.1,118.0,0,0,0,0,0,0,0,0
CF,CF01,44.393650,37.946936,0,IGN,186.1,12.6,6.0,4.0,2,2720,0,0,0,0,1,0

APPTR,L01-S,01,D136Q
IF,D136Q,44.338556,38.246511, ,0.0,0.0,4,10000,7000,0,0,0,1,0
CI,0, ,0.0,316.0,0,0,0,0,0,0,0,0
AF,D179O,44.322756,37.969442,2,GNV,179.0,15.1,136.0,0,0,0,0,0,0,0,0
CF,CF01,44.393650,37.946936,0,IGN,186.1,12.6,6.0,4.0,2,2720,0,0,0,0,1,0

APPTR,L01-S,01,D193Q
IF,D193Q,44.303217,37.869922, ,0.0,0.0,4,10000,4360,0,0,0,1,0
CI,0, ,0.0,36.0,0,0,0,0,0,0,0,0
CF,CF01,44.393650,37.946936,0,IGN,186.1,12.6,6.0,4.0,2,2720,0,0,0,0,1,0

APPTR,L01-S,01,D250Q
IF,D250Q,44.512867,37.618250, ,0.0,0.0,4,10000,7000,0,0,0,1,0
CI,0, ,0.0,70.0,0,0,0,0,0,0,0,0
AF,D195O,44.340811,37.875142,1,GNV,195.0,15.1,250.0,0,0,0,0,0,0,0,0
CF,CF01,44.393650,37.946936,0,IGN,186.1,12.6,6.0,4.0,2,2720,0,0,0,0,1,0

APPTR,L01-S,01,DOROL
IF,DOROL,44.631389,37.561667, ,0.0,0.0,4,10000,7000,0,0,0,1,0
TF,D273Q,44.626817,37.616331,0, ,0.0,0.0,0.0,0.0,0,0,0,0,0,0,0,0
CI,0, ,0.0,93.0,0,0,0,0,0,0,0,0
AF,D195O,44.340811,37.875142,1,GNV,195.0,15.1,273.0,0,0,0,0,0,0,0,0
CF,CF01,44.393650,37.946936,0,IGN,186.1,12.6,6.0,4.0,2,2720,0,0,0,0,1,0

APPTR,L01-S,01,GNV
IF,GNV,44.572556,38.012167, ,0.0,0.0,4,7000,5180,0,0,0,1,0
CF,D212L,44.423042,37.837261,0,GNV,212.0,11.7,212.0,11.7,0,0,0,0,0,0,0,1
CF,CF01,44.393650,37.946936,1,IGN,186.1,12.6,6.0,1.0,2,2720,0,0,0,0,1,0

FINAL,L01-S,01,D,3
IF,CF01,44.393650,37.946936,IGN,186.1,12.6,2,2720,0,0,0,0,0,0
CF,FF01,44.478611,37.976667,0,IGN,186.1,7.3,6.0,5.3,1,1740,0,0,0,0,2,0
CF,ML01,44.531869,37.995347,0,IGN,186.1,4.1,6.0,3.3,1,795,0,0,0,0,3,0
CI,1, ,0.0,165.0,0,0,0,1,160,0,0,0
CF,D212L,44.423042,37.837261,0,GNV,212.0,11.7,212.0,6.0,0,0,0,0,0,0,0,1
CF,CF01,44.393650,37.946936,1,GNV,186.7,11.1,6.0,1.0,2,2720,0,0,0,0,0,0

APPTR,L01-T,01,KG007
IF,KG007,44.417194,37.810250, ,0.0,0.0,2,3050,0,0,0,0,1,0
TF,KG006,44.392806,37.946667,0,IGN,0.0,0.0,0.0,0.0,2,2720,0,0,0,0,1,0

APPTR,L01-T,01,KG008
IF,KG008,44.368222,38.082972, ,0.0,0.0,2,2880,0,0,0,0,1,0
TF,KG006,44.392806,37.946667,0,IGN,0.0,0.0,0.0,0.0,2,2720,0,0,0,0,1,0

APPTR,L01-T,01,KG009
IF,KG009,44.295028,37.912556, ,0.0,0.0,2,3050,0,0,0,0,1,0
TF,KG006,44.392806,37.946667,0,IGN,0.0,0.0,0.0,0.0,2,2720,0,0,0,0,1,0

FINAL,L01-T,01,D,3
IF,KG006,44.392806,37.946667,IGN,186.1,12.7,2,2720,0,0,0,0,0,0
CF,FF01,44.478611,37.976667,0,IGN,186.1,7.3,6.0,5.3,1,1740,0,0,0,0,2,0
CF,ML01,44.531869,37.995347,0,IGN,186.1,4.1,6.0,3.3,1,795,0,0,0,0,3,1
DF,KG014,44.499306,37.838778,1, ,0.0,0.0,0,0,0,1,185,0,0,0
TF,KG007,44.417194,37.810250,0, ,0.0,0.0,0.0,0.0,2,3050,0,0,0,0,0,0

APPTR,L01-U,01,GN
IF,GN,44.575111,38.013972, ,0.0,0.0,4,7000,5180,0,0,0,1,0
CF,D212L,44.423042,37.837261,0,GNV,212.0,11.7,212.0,11.9,0,0,0,0,0,0,0,1
CF,CF01,44.393650,37.946936,1,IGN,186.1,12.6,6.0,1.0,2,2720,0,0,0,0,1,0

FINAL,L01-U,01,D,3
IF,CF01,44.393650,37.946936,IGN,186.1,12.6,2,2720,0,0,0,0,0,0
CF,FF01,44.478611,37.976667,0,IGN,186.1,7.3,6.0,5.3,1,1740,0,0,0,0,2,0
CF,ML01,44.531869,37.995347,0,IGN,186.1,4.1,6.0,3.3,1,795,0,0,0,0,3,0
CI,1, ,0.0,165.0,0,0,0,1,185,0,0,0
CF,D212L,44.423042,37.837261,0,GNV,212.0,11.7,212.0,5.0,0,0,0,0,0,0,0,1
CF,CF01,44.393650,37.946936,1,GNV,186.7,11.1,6.0,1.0,2,2720,0,1,250,0,0,0

APPTR,L01-V,01,GN
IF,GN,44.575111,38.013972, ,0.0,0.0,4,7000,5180,0,0,0,1,0
CF,D196L,44.394361,37.901544,0,GNV,196.0,11.7,196.0,11.9,0,0,0,0,0,0,0,0
CF,CF01,44.393650,37.946936,1,IGN,186.1,12.6,6.0,1.0,2,2720,0,0,0,0,1,0

FINAL,L01-V,01,D,3
IF,CF01,44.393650,37.946936,IGN,186.1,12.6,2,2720,0,0,0,0,0,0
CF,FF01,44.478611,37.976667,0,IGN,186.1,7.3,6.0,5.3,1,1740,0,0,0,0,2,0
CF,ML012,44.551106,38.002103,0,IGN,186.1,2.9,6.0,4.5,1,454,0,0,0,0,3,0
CI,2, ,0.0,205.0,0,0,0,1,135,0,0,0
CF,D173L,44.369233,38.008961,0,GNV,172.7,12.2,173.0,5.0,0,0,0,0,0,0,0,0
CF,CF01,44.393650,37.946936,2,GNV,186.7,11.1,6.0,1.0,2,2720,0,0,0,0,0,0

APPTR,L01-W,01,D118Q
IF,D118Q,44.403358,38.337689, ,0.0,0.0,4,10000,7000,0,0,0,1,0
CI,0, ,0.0,298.0,0,0,0,0,0,0,0,0
AF,D179O,44.322756,37.969442,2,GNV,179.0,15.1,118.0,0,0,0,0,0,0,0,0
CF,CF01,44.393650,37.946936,0,IGN,186.1,12.6,6.0,4.0,2,2720,0,0,0,0,1,0

APPTR,L01-W,01,D136Q
IF,D136Q,44.338556,38.246511, ,0.0,0.0,4,10000,7000,0,0,0,1,0
CI,0, ,0.0,316.0,0,0,0,0,0,0,0,0
AF,D179O,44.322756,37.969442,2,GNV,179.0,15.1,136.0,0,0,0,0,0,0,0,0
CF,CF01,44.393650,37.946936,0,IGN,186.1,12.6,6.0,4.0,2,2720,0,0,0,0,1,0

APPTR,L01-W,01,D193Q
IF,D193Q,44.303217,37.869922, ,0.0,0.0,4,10000,4360,0,0,0,1,0
CI,0, ,0.0,36.0,0,0,0,0,0,0,0,0
CF,CF01,44.393650,37.946936,0,IGN,186.1,12.6,6.0,4.0,2,2720,0,0,0,0,1,0

APPTR,L01-W,01,D250Q
IF,D250Q,44.512867,37.618250, ,0.0,0.0,4,10000,7000,0,0,0,1,0
CI,0, ,0.0,70.0,0,0,0,0,0,0,0,0
AF,D195O,44.340811,37.875142,1,GNV,195.0,15.1,250.0,0,0,0,0,0,0,0,0
CF,CF01,44.393650,37.946936,0,IGN,186.1,12.6,6.0,4.0,2,2720,0,0,0,0,1,0

APPTR,L01-W,01,DOROL
IF,DOROL,44.631389,37.561667, ,0.0,0.0,4,10000,7000,0,0,0,1,0
TF,D273Q,44.626817,37.616331,0, ,0.0,0.0,0.0,0.0,0,0,0,0,0,0,0,0
CI,0, ,0.0,93.0,0,0,0,0,0,0,0,0
AF,D195O,44.340811,37.875142,1,GNV,195.0,15.1,273.0,0,0,0,0,0,0,0,0
CF,CF01,44.393650,37.946936,0,IGN,186.1,12.6,6.0,4.0,2,2720,0,0,0,0,1,0

APPTR,L01-W,01,GNV
IF,GNV,44.572556,38.012167, ,0.0,0.0,4,7000,5180,0,0,0,1,0
CF,D212L,44.423042,37.837261,0,GNV,212.0,11.7,212.0,11.7,0,0,0,0,0,0,0,1
CF,CF01,44.393650,37.946936,1,IGN,186.1,12.6,6.0,1.0,2,2720,0,0,0,0,1,0

FINAL,L01-W,01,D,3
IF,CF01,44.393650,37.946936,IGN,186.1,12.6,2,2720,0,0,0,0,0,0
CF,FF01,44.478611,37.976667,0,IGN,186.1,7.3,6.0,5.3,1,1740,0,0,0,0,2,0
CF,ML01,44.531869,37.995347,0,IGN,186.1,4.1,6.0,3.3,1,795,0,0,0,0,3,0
CI,1, ,0.0,165.0,0,0,0,1,185,0,0,0
CF,D212L,44.423042,37.837261,0,GNV,212.0,11.7,212.0,5.0,0,0,0,0,0,0,0,1
CF,CF01,44.393650,37.946936,1,GNV,186.7,11.1,6.0,1.0,2,2720,0,1,250,0,0,0

APPTR,L01-X,01,D118Q
IF,D118Q,44.403358,38.337689, ,0.0,0.0,4,10000,7000,0,0,0,1,0
CI,0, ,0.0,298.0,0,0,0,0,0,0,0,0
AF,D179O,44.322756,37.969442,2,GNV,179.0,15.1,118.0,0,0,0,0,0,0,0,0
CF,CF01,44.393650,37.946936,0,IGN,186.1,12.6,6.0,4.0,2,2720,0,0,0,0,1,0

APPTR,L01-X,01,D136Q
IF,D136Q,44.338556,38.246511, ,0.0,0.0,4,10000,7000,0,0,0,1,0
CI,0, ,0.0,316.0,0,0,0,0,0,0,0,0
AF,D179O,44.322756,37.969442,2,GNV,179.0,15.1,136.0,0,0,0,0,0,0,0,0
CF,CF01,44.393650,37.946936,0,IGN,186.1,12.6,6.0,4.0,2,2720,0,0,0,0,1,0

APPTR,L01-X,01,D193Q
IF,D193Q,44.303217,37.869922, ,0.0,0.0,4,10000,4360,0,0,0,1,0
CI,0, ,0.0,36.0,0,0,0,0,0,0,0,0
CF,CF01,44.393650,37.946936,0,IGN,186.1,12.6,6.0,4.0,2,2720,0,0,0,0,1,0

APPTR,L01-X,01,D250Q
IF,D250Q,44.512867,37.618250, ,0.0,0.0,4,10000,7000,0,0,0,1,0
CI,0, ,0.0,70.0,0,0,0,0,0,0,0,0
AF,D195O,44.340811,37.875142,1,GNV,195.0,15.1,250.0,0,0,0,0,0,0,0,0
CF,CF01,44.393650,37.946936,0,IGN,186.1,12.6,6.0,4.0,2,2720,0,0,0,0,1,0

APPTR,L01-X,01,DOROL
IF,DOROL,44.631389,37.561667, ,0.0,0.0,4,10000,7000,0,0,0,1,0
TF,D273Q,44.626817,37.616331,0, ,0.0,0.0,0.0,0.0,0,0,0,0,0,0,0,0
CI,0, ,0.0,93.0,0,0,0,0,0,0,0,0
AF,D195O,44.340811,37.875142,1,GNV,195.0,15.1,273.0,0,0,0,0,0,0,0,0
CF,CF01,44.393650,37.946936,0,IGN,186.1,12.6,6.0,4.0,2,2720,0,0,0,0,1,0

APPTR,L01-X,01,GNV
IF,GNV,44.572556,38.012167, ,0.0,0.0,4,7000,5180,0,0,0,1,0
CF,D196L,44.394361,37.901544,0,GNV,196.0,11.7,196.0,11.7,0,0,0,0,0,0,0,0
CF,CF01,44.393650,37.946936,1,IGN,186.1,12.6,6.0,1.0,2,2720,0,0,0,0,1,0

FINAL,L01-X,01,D,3
IF,CF01,44.393650,37.946936,IGN,186.1,12.6,2,2720,0,0,0,0,0,0
CF,FF01,44.478611,37.976667,0,IGN,186.1,7.3,6.0,5.3,1,1740,0,0,0,0,2,0
CF,ML012,44.551106,38.002103,0,IGN,186.1,2.9,6.0,4.5,1,454,0,0,0,0,3,0
CI,2, ,0.0,205.0,0,0,0,1,135,0,0,0
CF,D174L,44.369344,38.002272,0,GNV,174.0,12.2,174.0,5.0,0,0,0,0,0,0,0,0
CF,CF01,44.393650,37.946936,2,GNV,186.7,11.1,6.0,1.0,2,2720,0,0,0,0,0,0

APPTR,L01-Y,01,KG007
IF,KG007,44.417194,37.810250, ,0.0,0.0,2,3050,0,0,0,0,1,0
TF,KG006,44.392806,37.946667,0,IGN,0.0,0.0,0.0,0.0,2,2720,0,0,0,0,1,0

APPTR,L01-Y,01,KG008
IF,KG008,44.368222,38.082972, ,0.0,0.0,2,2880,0,0,0,0,1,0
TF,KG006,44.392806,37.946667,0,IGN,0.0,0.0,0.0,0.0,2,2720,0,0,0,0,1,0

APPTR,L01-Y,01,KG009
IF,KG009,44.295028,37.912556, ,0.0,0.0,2,3050,0,0,0,0,1,0
TF,KG006,44.392806,37.946667,0,IGN,0.0,0.0,0.0,0.0,2,2720,0,0,0,0,1,0

FINAL,L01-Y,01,D,3
IF,KG006,44.392806,37.946667,IGN,186.1,12.7,2,2720,0,0,0,0,0,0
CF,FF01,44.478611,37.976667,0,IGN,186.1,7.3,6.0,5.3,1,1740,0,0,0,0,2,0
CF,ML01,44.531869,37.995347,0,IGN,186.1,4.1,6.0,3.3,1,795,0,0,0,0,3,1
DF,KG014,44.499306,37.838778,1, ,0.0,0.0,0,0,0,1,160,0,0,0
TF,KG007,44.417194,37.810250,0, ,0.0,0.0,0.0,0.0,2,3050,0,0,0,0,0,0

APPTR,L01-Z,01,KG007
IF,KG007,44.417194,37.810250, ,0.0,0.0,2,3050,0,0,0,0,1,0
TF,KG006,44.392806,37.946667,0,IGN,0.0,0.0,0.0,0.0,2,2720,0,0,0,0,1,0

APPTR,L01-Z,01,KG008
IF,KG008,44.368222,38.082972, ,0.0,0.0,2,2880,0,0,0,0,1,0
TF,KG006,44.392806,37.946667,0,IGN,0.0,0.0,0.0,0.0,2,2720,0,0,0,0,1,0

APPTR,L01-Z,01,KG009
IF,KG009,44.295028,37.912556, ,0.0,0.0,2,3050,0,0,0,0,1,0
TF,KG006,44.392806,37.946667,0,IGN,0.0,0.0,0.0,0.0,2,2720,0,0,0,0,1,0

FINAL,L01-Z,01,D,3
IF,KG006,44.392806,37.946667,IGN,186.1,12.7,2,2720,0,0,0,0,0,0
CF,FF01,44.478611,37.976667,0,IGN,186.1,7.3,6.0,5.3,1,1740,0,0,0,0,2,0
CF,ML012,44.551106,38.002103,0,IGN,186.1,2.9,6.0,4.5,1,454,0,0,0,0,3,1
DF,KG021,44.507306,38.074528,2, ,0.0,0.0,0,0,0,1,135,0,0,0
TF,KG010,44.450250,38.111833,0, ,0.0,0.0,0.0,0.0,0,0,0,0,0,0,0,0
TF,KG008,44.368222,38.082972,0, ,0.0,0.0,0.0,0.0,2,2880,0,0,0,0,0,0

APPTR,N01-X,01,GN
IF,GN,44.575111,38.013972, ,0.0,0.0,4,7000,5180,0,0,0,1,0
FC,GN,44.575111,38.013972,0,GNV,0.0,0.0,206.0,12.3,0,0,0,0,0,0,0,1
CF,FN01X,44.480125,37.973411,1,GNV,188.7,5.8,9.0,7.0,2,1900,0,0,0,0,0,0

FINAL,N01-X,01,N,2
IF,FN01X,44.480125,37.973411,GN,0.0,0.0,2,1900,0,0,0,0,2,0
CF,RW01,44.568494,38.008333,0,GN,0.0,0.0,9.0,5.5,1,145,0,0,0,0,3,0
CF,GN,44.575111,38.013972,0,GNV,18.8,0.2,9.0,0.5,2,540,0,0,0,0,0,1
VM,0,0,1,165.0,2,1900,0,1,185,0,0,0

APPTR,Q01-Y,01,GN
IF,GN,44.575111,38.013972, ,0.0,0.0,4,7000,5180,0,0,0,1,0
CF,D213L,44.425247,37.833644,0,GNV,213.0,11.7,213.0,11.9,0,0,0,0,0,0,0,1
CF,CQ01,44.395472,37.937381,1,GNV,188.9,11.1,9.0,1.0,2,2720,0,0,0,0,1,0

FINAL,Q01-Y,01,N,3
IF,CQ01,44.395472,37.937381,GN,0.0,0.0,2,2720,0,0,0,0,0,0
CF,FQ01,44.479444,37.973056,0,GN,0.0,0.0,9.0,5.3,1,1740,0,0,0,0,2,0
CF,MQ01Y,44.527786,37.993747,0,GNV,0.0,2.8,9.0,3.0,1,868,0,0,0,0,3,0
CI,1, ,0.0,165.0,0,0,0,1,185,0,0,0
CF,D213L,44.425247,37.833644,0,GNV,213.0,11.7,213.0,6.0,0,0,0,0,0,0,0,1
CF,CQ01,44.395472,37.937381,1,GNV,188.9,11.1,9.0,1.0,2,2720,0,1,250,0,0,0

APPTR,Q01-Z,01,GN
IF,GN,44.575111,38.013972, ,0.0,0.0,4,7000,5180,0,0,0,1,0
CF,D197L,44.395767,37.897222,0,GNV,197.0,11.7,197.0,11.9,0,0,0,0,0,0,0,1
CF,CQ01,44.395472,37.937381,1,GNV,188.9,11.1,9.0,1.0,2,2720,0,0,0,0,1,0

FINAL,Q01-Z,01,N,3
IF,CQ01,44.395472,37.937381,GN,0.0,0.0,2,2720,0,0,0,0,0,0
CF,FQ01,44.479444,37.973056,0,GN,0.0,0.0,9.0,5.3,1,1740,0,0,0,0,2,0
CF,MQ01Z,44.546914,38.001917,0,GNV,0.0,1.6,9.0,4.2,1,524,0,0,0,0,3,0
CI,2, ,0.0,205.0,0,0,0,1,130,0,0,0
CF,D175L,44.369442,37.998944,0,GNV,174.7,12.2,175.0,4.0,0,0,0,0,0,0,0,0
CF,CQ01,44.395472,37.937381,2,GNV,188.9,11.1,9.0,1.0,2,2720,0,0,0,0,0,0

APPTR,R01-Y,01,KG007
IF,KG007,44.417194,37.810250, ,0.0,0.0,2,3050,0,0,0,0,1,0
TF,KG006,44.392806,37.946667,0, ,0.0,0.0,0.0,0.0,2,2720,0,0,0,0,1,0

APPTR,R01-Y,01,KG008
IF,KG008,44.368222,38.082972, ,0.0,0.0,2,2880,0,0,0,0,1,0
TF,KG006,44.392806,37.946667,0, ,0.0,0.0,0.0,0.0,2,2720,0,0,0,0,1,0

APPTR,R01-Y,01,KG009
IF,KG009,44.295028,37.912556, ,0.0,0.0,2,3050,0,0,0,0,1,0
TF,KG006,44.392806,37.946667,0, ,0.0,0.0,0.0,0.0,2,2720,0,0,0,0,1,0

FINAL,R01-Y,01,R,3
IF,KG006,44.392806,37.946667, ,0.0,0.0,2,2720,0,0,0,0,0,0
TF,KG003,44.478583,37.976611,0, ,0.0,0.0,6.0,5.3,1,1740,0,0,0,0,2,0
TF,KG002,44.527444,37.993778,0, ,0.0,0.0,6.0,3.0,1,870,0,0,0,0,3,1
DF,KG014,44.499306,37.838778,1, ,0.0,0.0,0,0,0,1,185,0,0,0
TF,KG007,44.417194,37.810250,0, ,0.0,0.0,0.0,0.0,2,3050,0,0,0,0,0,0

APPTR,R01-Z,01,KG007
IF,KG007,44.417194,37.810250, ,0.0,0.0,2,3050,0,0,0,0,1,0
TF,KG006,44.392806,37.946667,0, ,0.0,0.0,0.0,0.0,2,2720,0,0,0,0,1,0

APPTR,R01-Z,01,KG008
IF,KG008,44.368222,38.082972, ,0.0,0.0,2,2880,0,0,0,0,1,0
TF,KG006,44.392806,37.946667,0, ,0.0,0.0,0.0,0.0,2,2720,0,0,0,0,1,0

APPTR,R01-Z,01,KG009
IF,KG009,44.295028,37.912556, ,0.0,0.0,2,3050,0,0,0,0,1,0
TF,KG006,44.392806,37.946667,0, ,0.0,0.0,0.0,0.0,2,2720,0,0,0,0,1,0

FINAL,R01-Z,01,R,3
IF,KG006,44.392806,37.946667, ,0.0,0.0,2,2720,0,0,0,0,0,0
TF,KG003,44.478583,37.976611,0, ,0.0,0.0,6.0,5.3,1,1740,0,0,0,0,2,0
TF,KG025,44.549806,38.001639,0, ,0.0,0.0,6.0,4.4,1,473,0,0,0,0,3,1
DF,KG021,44.507306,38.074528,2, ,0.0,0.0,0,0,0,1,135,0,0,0
TF,KG010,44.450250,38.111833,0, ,0.0,0.0,0.0,0.0,0,0,0,0,0,0,0,0
TF,KG008,44.368222,38.082972,0, ,0.0,0.0,0.0,0.0,2,2880,0,0,0,0,0,0

