SID,AGAT1K,14,2
DF,DER14,42.806731,47.660975,0, ,0.0,0.0,0,0,0,0,0,0,0,1
CA,0,141.0,2,1200,0,0,0,0,0,0
CI,0, ,0.0,104.0,0,0,0,0,0,0,0,0
CF,AGATO,42.266389,48.538611,0,MKL,122.1,50.0,124.0,44.0,2,17000,0,0,0,0,0,0

SID,AGAT1N,14,5
CA,0,141.0,2,401,0,0,0,0,0,0
DF,ML019,42.737722,47.719583,0, ,0.0,0.0,0,0,0,0,0,0,0,1
TF,ML023,42.577139,48.032667,0, ,0.0,0.0,0.0,0.0,3,10000,0,0,0,0,0,0
TF,AGATO,42.266389,48.538611,0, ,0.0,0.0,0.0,0.0,2,17000,0,0,0,0,0,0

SID,AGAT2A,14,2
CD, ,0,0,0,MKL,0,0.0,141.0,9.7,0,0,0,0,0,0,0,0
CI,0, ,0.0,92.0,0,0,0,0,0,0,0,0
CF,AGATO,42.266389,48.538611,0,MKL,122.1,50.0,122.0,36.0,2,17000,0,0,0,0,0,0

SID,AGAT2B,32,2
DF,DER32,42.823833,47.646464,0, ,0.0,0.0,0,0,0,0,0,0,0,1
CD, ,0,0,0,MKL,0,0.0,321.0,5.4,0,0,0,1,235,0,0,0
DF,MKL,42.794444,47.667833,2, ,0.0,0.0,0,0,0,1,235,0,0,0
TF,AGATO,42.266389,48.538611,0, ,0.0,0.0,0.0,0.0,2,17000,0,0,0,0,0,0

SID,AGAT2M,32,2
DF,DER32,42.823833,47.646464,0, ,0.0,0.0,0,0,0,0,0,0,0,1
CA,0,321.0,2,1000,0,1,235,0,0,0
DF,SM,42.777278,47.686028,2, ,0.0,0.0,0,0,0,1,235,0,0,0
TF,AGATO,42.266389,48.538611,0, ,0.0,0.0,0.0,0.0,2,17000,0,0,0,0,0,0

SID,AGAT2P,32,5
CA,0,321.0,2,414,0,0,0,0,0,0
DF,ML013,42.884333,47.594889,0, ,0.0,0.0,0,0,0,0,0,0,0,1
TF,ML015,43.049083,47.831278,0, ,0.0,0.0,0.0,0.0,3,10000,0,1,205,0,0,0
TF,ML017,42.913278,48.048750,0, ,0.0,0.0,0.0,0.0,0,0,0,1,205,0,0,0
TF,AGATO,42.266389,48.538611,0, ,0.0,0.0,0.0,0.0,2,17000,0,0,0,0,0,0

SID,AGNE1K,14,2
DF,DER14,42.806731,47.660975,0, ,0.0,0.0,0,0,0,0,0,0,0,1
CA,0,141.0,2,1200,0,0,0,0,0,0
CF,AGNET,42.230000,48.211667,0,MKL,137.3,41.6,138.0,40.0,2,13000,0,0,0,0,0,0

SID,AGNE1N,14,5
CA,0,141.0,2,401,0,0,0,0,0,0
DF,ML019,42.737722,47.719583,0, ,0.0,0.0,0,0,0,0,0,0,0,1
TF,ML023,42.577139,48.032667,0, ,0.0,0.0,0.0,0.0,3,10000,0,0,0,0,0,0
TF,AGNET,42.230000,48.211667,0, ,0.0,0.0,0.0,0.0,2,13000,0,0,0,0,0,0

SID,AGNE2A,14,2
CD, ,0,0,0,MKL,0,0.0,141.0,9.7,0,0,0,0,0,0,0,0
CF,AGNET,42.230000,48.211667,0,MKL,137.3,41.6,137.0,34.0,2,13000,0,0,0,0,0,0

SID,AGNE2B,32,2
DF,DER32,42.823833,47.646464,0, ,0.0,0.0,0,0,0,0,0,0,0,1
CD, ,0,0,0,MKL,0,0.0,321.0,5.4,0,0,0,1,235,0,0,0
DF,MKL,42.794444,47.667833,2, ,0.0,0.0,0,0,0,1,235,0,0,0
TF,AGNET,42.230000,48.211667,0, ,0.0,0.0,0.0,0.0,2,13000,0,0,0,0,0,0

SID,AGNE2M,32,2
DF,DER32,42.823833,47.646464,0, ,0.0,0.0,0,0,0,0,0,0,0,1
CA,0,321.0,2,1000,0,1,235,0,0,0
DF,SM,42.777278,47.686028,2, ,0.0,0.0,0,0,0,1,235,0,0,0
TF,AGNET,42.230000,48.211667,0, ,0.0,0.0,0.0,0.0,2,13000,0,0,0,0,0,0

SID,AGNE2P,32,5
CA,0,321.0,2,414,0,0,0,0,0,0
DF,ML013,42.884333,47.594889,0, ,0.0,0.0,0,0,0,0,0,0,0,1
TF,ML015,43.049083,47.831278,0, ,0.0,0.0,0.0,0.0,3,10000,0,1,205,0,0,0
TF,ML017,42.913278,48.048750,0, ,0.0,0.0,0.0,0.0,0,0,0,1,205,0,0,0
TF,AGNET,42.230000,48.211667,0, ,0.0,0.0,0.0,0.0,2,13000,0,0,0,0,0,0

SID,ALUB1K,14,2
DF,DER14,42.806731,47.660975,0, ,0.0,0.0,0,0,0,0,0,0,0,1
CA,0,141.0,2,1200,0,0,0,0,0,0
DF,HC,42.855250,47.619611,1, ,0.0,0.0,0,0,0,0,0,0,0,0
TF,ALUBA,42.684444,46.979167,0, ,0.0,0.0,0.0,0.0,2,18000,0,0,0,0,0,0

SID,ALUB1L,14,2
DF,DER14,42.806731,47.660975,0, ,0.0,0.0,0,0,0,0,0,0,0,1
CA,0,141.0,2,1200,0,1,235,0,0,0
DF,H,42.834639,47.637222,1, ,0.0,0.0,0,0,0,1,235,0,0,0
TF,ALUBA,42.684444,46.979167,0, ,0.0,0.0,0.0,0.0,2,18000,0,0,0,0,0,0

SID,ALUB1N,14,5
CA,0,141.0,2,401,0,0,0,0,0,0
DF,ML019,42.737722,47.719583,0, ,0.0,0.0,0,0,0,0,0,0,0,1
TF,ML023,42.577139,48.032667,0, ,0.0,0.0,0.0,0.0,3,10000,0,0,0,0,0,0
TF,ML024,42.433806,47.907833,0, ,0.0,0.0,0.0,0.0,0,0,0,0,0,0,0,0
TF,ALUBA,42.684444,46.979167,0, ,0.0,0.0,0.0,0.0,2,18000,0,0,0,0,0,0

SID,ALUB2A,14,2
CD, ,0,0,0,MKL,0,0.0,141.0,9.7,0,0,0,0,0,0,0,0
DF,MKL,42.794444,47.667833,1, ,0.0,0.0,0,0,0,0,0,0,0,0
TF,ALUBA,42.684444,46.979167,0, ,0.0,0.0,0.0,0.0,2,18000,0,0,0,0,0,0

SID,ALUB2B,32,2
DF,DER32,42.823833,47.646464,0, ,0.0,0.0,0,0,0,0,0,0,0,1
CD, ,0,0,0,MKL,0,0.0,321.0,5.4,0,0,0,1,235,0,0,0
DF,MKL,42.794444,47.667833,2, ,0.0,0.0,0,0,0,1,235,0,0,0
TF,ALUBA,42.684444,46.979167,0, ,0.0,0.0,0.0,0.0,2,18000,0,0,0,0,0,0

SID,ALUB2M,32,2
DF,DER32,42.823833,47.646464,0, ,0.0,0.0,0,0,0,0,0,0,0,1
CA,0,321.0,2,1000,0,1,235,0,0,0
DF,SM,42.777278,47.686028,2, ,0.0,0.0,0,0,0,1,235,0,0,0
TF,ALUBA,42.684444,46.979167,0, ,0.0,0.0,0.0,0.0,2,18000,0,0,0,0,0,0

SID,ALUB2P,32,5
CA,0,321.0,2,414,0,0,0,0,0,0
DF,ML013,42.884333,47.594889,0, ,0.0,0.0,0,0,0,0,0,0,0,1
TF,ML015,43.049083,47.831278,0, ,0.0,0.0,0.0,0.0,3,10000,0,1,205,0,0,0
TF,ML017,42.913278,48.048750,0, ,0.0,0.0,0.0,0.0,0,0,0,1,205,0,0,0
TF,ML018,42.621139,47.709778,2, ,0.0,0.0,0.0,0.0,0,0,0,0,0,0,0,0
TF,ALUBA,42.684444,46.979167,0, ,0.0,0.0,0.0,0.0,2,18000,0,0,0,0,0,0

SID,AMKO1K,14,2
DF,DER14,42.806731,47.660975,0, ,0.0,0.0,0,0,0,0,0,0,0,1
CA,0,141.0,2,1200,0,0,0,0,0,0
DF,HC,42.855250,47.619611,1, ,0.0,0.0,0,0,0,0,0,0,0,0
TF,AMKOL,43.618333,47.500000,0, ,0.0,0.0,0.0,0.0,2,14000,0,0,0,0,0,0

SID,AMKO1N,14,5
CA,0,141.0,2,401,0,0,0,0,0,0
DF,ML019,42.737722,47.719583,0, ,0.0,0.0,0,0,0,0,0,0,0,1
TF,ML020,42.741111,48.043972,0, ,0.0,0.0,0.0,0.0,3,10000,0,1,235,0,0,0
TF,ML021,42.931389,48.065333,0, ,0.0,0.0,0.0,0.0,0,0,0,1,235,0,0,0
TF,ML022,43.110250,47.653972,0, ,0.0,0.0,0.0,0.0,0,0,0,0,0,0,0,0
TF,AMKOL,43.618333,47.500000,0, ,0.0,0.0,0.0,0.0,2,14000,0,0,0,0,0,0

SID,AMKO2A,14,2
CD, ,0,0,0,MKL,0,0.0,141.0,9.7,0,0,0,0,0,0,0,0
DF,MKL,42.794444,47.667833,1, ,0.0,0.0,0,0,0,0,0,0,0,0
TF,AMKOL,43.618333,47.500000,0, ,0.0,0.0,0.0,0.0,2,14000,0,0,0,0,0,0

SID,AMKO2B,32,2
DF,DER32,42.823833,47.646464,0, ,0.0,0.0,0,0,0,0,0,0,0,1
CD, ,0,0,0,MKL,0,0.0,321.0,5.4,0,0,0,1,235,0,0,0
CI,0, ,0.0,9.0,0,0,0,0,0,0,0,0
CF,AMKOL,43.618333,47.500000,0,MKL,344.6,50.0,345.0,40.0,2,14000,0,0,0,0,0,0

SID,AMKO2M,32,2
DF,DER32,42.823833,47.646464,0, ,0.0,0.0,0,0,0,0,0,0,0,1
CA,0,321.0,2,1000,0,1,235,0,0,0
CI,0, ,0.0,16.0,0,0,0,0,0,0,0,0
CF,AMKOL,43.618333,47.500000,0,MKL,344.6,50.0,344.0,44.0,2,14000,0,0,0,0,0,0

SID,AMKO2P,32,5
CA,0,321.0,2,414,0,0,0,0,0,0
DF,ML013,42.884333,47.594889,0, ,0.0,0.0,0,0,0,0,0,0,0,1
TF,ML014,43.093972,47.606250,0, ,0.0,0.0,0.0,0.0,0,0,0,1,205,0,0,0
TF,AMKOL,43.618333,47.500000,0, ,0.0,0.0,0.0,0.0,2,14000,0,0,0,0,0,0

SID,BALI1K,14,2
DF,DER14,42.806731,47.660975,0, ,0.0,0.0,0,0,0,0,0,0,0,1
CA,0,141.0,2,1200,0,0,0,0,0,0
CI,0, ,0.0,74.0,0,0,0,0,0,0,0,0
CF,BALIP,42.493611,48.570000,0,MKL,107.0,43.8,110.0,38.0,2,15000,0,0,0,0,0,0

SID,BALI1N,14,5
CA,0,141.0,2,401,0,0,0,0,0,0
DF,ML019,42.737722,47.719583,0, ,0.0,0.0,0,0,0,0,0,0,0,1
TF,ML023,42.577139,48.032667,0, ,0.0,0.0,0.0,0.0,3,10000,0,0,0,0,0,0
TF,BALIP,42.493611,48.570000,0, ,0.0,0.0,0.0,0.0,2,15000,0,0,0,0,0,0

SID,BALI2A,14,2
CD, ,0,0,0,MKL,0,0.0,141.0,9.7,0,0,0,0,0,0,0,0
CI,0, ,0.0,58.0,0,0,0,0,0,0,0,0
CF,BALIP,42.493611,48.570000,0,MKL,107.0,43.8,107.0,30.0,2,15000,0,0,0,0,0,0

SID,BALI2B,32,2
DF,DER32,42.823833,47.646464,0, ,0.0,0.0,0,0,0,0,0,0,0,1
CD, ,0,0,0,MKL,0,0.0,321.0,5.4,0,0,0,1,235,0,0,0
DF,MKL,42.794444,47.667833,2, ,0.0,0.0,0,0,0,1,235,0,0,0
TF,BALIP,42.493611,48.570000,0, ,0.0,0.0,0.0,0.0,2,15000,0,0,0,0,0,0

SID,BALI2M,32,2
DF,DER32,42.823833,47.646464,0, ,0.0,0.0,0,0,0,0,0,0,0,1
CA,0,321.0,2,1000,0,1,235,0,0,0
DF,SM,42.777278,47.686028,2, ,0.0,0.0,0,0,0,1,235,0,0,0
TF,BALIP,42.493611,48.570000,0, ,0.0,0.0,0.0,0.0,2,15000,0,0,0,0,0,0

SID,BALI2P,32,5
CA,0,321.0,2,414,0,0,0,0,0,0
DF,ML013,42.884333,47.594889,0, ,0.0,0.0,0,0,0,0,0,0,0,1
TF,ML015,43.049083,47.831278,0, ,0.0,0.0,0.0,0.0,3,10000,0,1,205,0,0,0
TF,ML017,42.913278,48.048750,0, ,0.0,0.0,0.0,0.0,0,0,0,1,205,0,0,0
TF,BALIP,42.493611,48.570000,0, ,0.0,0.0,0.0,0.0,2,15000,0,0,0,0,0,0

SID,DUBK1K,14,2
DF,DER14,42.806731,47.660975,0, ,0.0,0.0,0,0,0,0,0,0,0,1
CA,0,141.0,2,1200,0,0,0,0,0,0
DF,HC,42.855250,47.619611,1, ,0.0,0.0,0,0,0,0,0,0,0,0
TF,DUBKI,43.059167,46.848056,0, ,0.0,0.0,0.0,0.0,2,14000,0,0,0,0,0,0

SID,DUBK1L,14,2
DF,DER14,42.806731,47.660975,0, ,0.0,0.0,0,0,0,0,0,0,0,1
CA,0,141.0,2,1200,0,1,235,0,0,0
DF,H,42.834639,47.637222,1, ,0.0,0.0,0,0,0,1,235,0,0,0
TF,DUBKI,43.059167,46.848056,0, ,0.0,0.0,0.0,0.0,2,14000,0,0,0,0,0,0

SID,DUBK1N,14,5
CA,0,141.0,2,401,0,0,0,0,0,0
DF,ML019,42.737722,47.719583,0, ,0.0,0.0,0,0,0,0,0,0,0,1
TF,ML020,42.741111,48.043972,0, ,0.0,0.0,0.0,0.0,3,10000,0,1,235,0,0,0
TF,ML021,42.931389,48.065333,0, ,0.0,0.0,0.0,0.0,0,0,0,1,235,0,0,0
TF,ML022,43.110250,47.653972,0, ,0.0,0.0,0.0,0.0,0,0,0,0,0,0,0,0
TF,DUBKI,43.059167,46.848056,0, ,0.0,0.0,0.0,0.0,2,14000,0,0,0,0,0,0

SID,DUBK2A,14,2
CD, ,0,0,0,MKL,0,0.0,141.0,9.7,0,0,0,0,0,0,0,0
DF,MKL,42.794444,47.667833,1, ,0.0,0.0,0,0,0,0,0,0,0,0
TF,DUBKI,43.059167,46.848056,0, ,0.0,0.0,0.0,0.0,2,14000,0,0,0,0,0,0

SID,DUBK2B,32,2
DF,DER32,42.823833,47.646464,0, ,0.0,0.0,0,0,0,0,0,0,0,1
CD, ,0,0,0,MKL,0,0.0,321.0,5.4,0,0,0,1,235,0,0,0
DF,MKL,42.794444,47.667833,2, ,0.0,0.0,0,0,0,1,235,0,0,0
TF,DUBKI,43.059167,46.848056,2, ,0.0,0.0,0.0,0.0,2,14000,0,0,0,0,0,0

SID,DUBK2M,32,2
DF,DER32,42.823833,47.646464,0, ,0.0,0.0,0,0,0,0,0,0,0,1
CA,0,321.0,2,1000,0,1,235,0,0,0
DF,SM,42.777278,47.686028,2, ,0.0,0.0,0,0,0,1,235,0,0,0
TF,DUBKI,43.059167,46.848056,2, ,0.0,0.0,0.0,0.0,2,14000,0,0,0,0,0,0

SID,DUBK2P,32,5
CA,0,321.0,2,414,0,0,0,0,0,0
DF,ML013,42.884333,47.594889,0, ,0.0,0.0,0,0,0,0,0,0,0,1
TF,ML014,43.093972,47.606250,0, ,0.0,0.0,0.0,0.0,0,0,0,1,205,0,0,0
TF,ML016,43.239806,47.409722,0, ,0.0,0.0,0.0,0.0,0,0,0,0,0,0,0,0
TF,DUBKI,43.059167,46.848056,0, ,0.0,0.0,0.0,0.0,2,14000,0,0,0,0,0,0

SID,H1A,14,2
DF,DER14,42.806731,47.660975,0, ,0.0,0.0,0,0,0,0,0,0,0,1
CA,0,141.0,2,2200,0,0,0,0,0,0
DF,H,42.834639,47.637222,1, ,0.0,0.0,2,4400,0,0,0,0,0,0

SID,INGU1K,14,2
DF,DER14,42.806731,47.660975,0, ,0.0,0.0,0,0,0,0,0,0,0,1
CA,0,141.0,2,1200,0,0,0,0,0,0
DF,HC,42.855250,47.619611,1, ,0.0,0.0,0,0,0,0,0,0,0,0
TF,INGUT,43.586667,46.936667,0, ,0.0,0.0,0.0,0.0,2,14000,0,0,0,0,0,0

SID,INGU1N,14,5
CA,0,141.0,2,401,0,0,0,0,0,0
DF,ML019,42.737722,47.719583,0, ,0.0,0.0,0,0,0,0,0,0,0,1
TF,ML020,42.741111,48.043972,0, ,0.0,0.0,0.0,0.0,3,10000,0,1,235,0,0,0
TF,ML021,42.931389,48.065333,0, ,0.0,0.0,0.0,0.0,0,0,0,1,235,0,0,0
TF,ML022,43.110250,47.653972,0, ,0.0,0.0,0.0,0.0,0,0,0,0,0,0,0,0
TF,INGUT,43.586667,46.936667,0, ,0.0,0.0,0.0,0.0,2,14000,0,0,0,0,0,0

SID,INGU2A,14,2
CD, ,0,0,0,MKL,0,0.0,141.0,9.7,0,0,0,0,0,0,0,0
DF,MKL,42.794444,47.667833,1, ,0.0,0.0,0,0,0,0,0,0,0,0
TF,INGUT,43.586667,46.936667,0, ,0.0,0.0,0.0,0.0,2,14000,0,0,0,0,0,0

SID,INGU2B,32,2
DF,DER32,42.823833,47.646464,0, ,0.0,0.0,0,0,0,0,0,0,0,1
CD, ,0,0,0,MKL,0,0.0,321.0,5.4,0,0,0,1,235,0,0,0
CF,INGUT,43.586667,46.936667,0,MKL,319.2,57.3,319.0,52.0,2,14000,0,0,0,0,0,0

SID,INGU2M,32,2
DF,DER32,42.823833,47.646464,0, ,0.0,0.0,0,0,0,0,0,0,0,1
CA,0,321.0,2,1000,0,1,235,0,0,0
CF,INGUT,43.586667,46.936667,0,MKL,319.2,57.3,319.0,54.0,2,14000,0,0,0,0,0,0

SID,INGU2P,32,5
CA,0,321.0,2,414,0,0,0,0,0,0
DF,ML013,42.884333,47.594889,0, ,0.0,0.0,0,0,0,0,0,0,0,1
TF,ML014,43.093972,47.606250,0, ,0.0,0.0,0.0,0.0,0,0,0,1,205,0,0,0
TF,ML016,43.239806,47.409722,0, ,0.0,0.0,0.0,0.0,0,0,0,0,0,0,0,0
TF,INGUT,43.586667,46.936667,0, ,0.0,0.0,0.0,0.0,2,14000,0,0,0,0,0,0

SID,LARK1K,14,2
DF,DER14,42.806731,47.660975,0, ,0.0,0.0,0,0,0,0,0,0,0,1
CA,0,141.0,2,1200,0,0,0,0,0,0
DF,HC,42.855250,47.619611,1, ,0.0,0.0,0,0,0,0,0,0,0,0
TF,LARKA,42.441667,47.063333,0, ,0.0,0.0,0.0,0.0,2,16000,0,0,0,0,0,0

SID,LARK1L,14,2
DF,DER14,42.806731,47.660975,0, ,0.0,0.0,0,0,0,0,0,0,0,1
CA,0,141.0,2,1200,0,1,235,0,0,0
DF,H,42.834639,47.637222,1, ,0.0,0.0,0,0,0,1,235,0,0,0
TF,LARKA,42.441667,47.063333,0, ,0.0,0.0,0.0,0.0,2,16000,0,0,0,0,0,0

SID,LARK1N,14,5
CA,0,141.0,2,401,0,0,0,0,0,0
DF,ML019,42.737722,47.719583,0, ,0.0,0.0,0,0,0,0,0,0,0,1
TF,ML023,42.577139,48.032667,0, ,0.0,0.0,0.0,0.0,3,10000,0,0,0,0,0,0
TF,ML024,42.433806,47.907833,0, ,0.0,0.0,0.0,0.0,0,0,0,0,0,0,0,0
TF,LARKA,42.441667,47.063333,0, ,0.0,0.0,0.0,0.0,2,16000,0,0,0,0,0,0

SID,LARK2A,14,2
CD, ,0,0,0,MKL,0,0.0,141.0,9.7,0,0,0,0,0,0,0,0
DF,MKL,42.794444,47.667833,1, ,0.0,0.0,0,0,0,0,0,0,0,0
TF,LARKA,42.441667,47.063333,0, ,0.0,0.0,0.0,0.0,2,16000,0,0,0,0,0,0

SID,LARK2B,32,2
DF,DER32,42.823833,47.646464,0, ,0.0,0.0,0,0,0,0,0,0,0,1
CD, ,0,0,0,MKL,0,0.0,321.0,5.4,0,0,0,1,235,0,0,0
DF,MKL,42.794444,47.667833,2, ,0.0,0.0,0,0,0,1,235,0,0,0
TF,LARKA,42.441667,47.063333,0, ,0.0,0.0,0.0,0.0,2,16000,0,0,0,0,0,0

SID,LARK2M,32,2
DF,DER32,42.823833,47.646464,0, ,0.0,0.0,0,0,0,0,0,0,0,1
CA,0,321.0,2,1000,0,1,235,0,0,0
DF,SM,42.777278,47.686028,2, ,0.0,0.0,0,0,0,1,235,0,0,0
TF,LARKA,42.441667,47.063333,0, ,0.0,0.0,0.0,0.0,2,16000,0,0,0,0,0,0

SID,LARK2P,32,5
CA,0,321.0,2,414,0,0,0,0,0,0
DF,ML013,42.884333,47.594889,0, ,0.0,0.0,0,0,0,0,0,0,0,1
TF,ML015,43.049083,47.831278,0, ,0.0,0.0,0.0,0.0,3,10000,0,1,205,0,0,0
TF,ML017,42.913278,48.048750,0, ,0.0,0.0,0.0,0.0,0,0,0,1,205,0,0,0
TF,ML018,42.621139,47.709778,2, ,0.0,0.0,0.0,0.0,0,0,0,0,0,0,0,0
TF,LARKA,42.441667,47.063333,0, ,0.0,0.0,0.0,0.0,2,16000,0,0,0,0,0,0

SID,RIRA1K,14,2
DF,DER14,42.806731,47.660975,0, ,0.0,0.0,0,0,0,0,0,0,0,1
CA,0,141.0,2,1000,0,0,0,0,0,0
CI,1, ,0.0,336.0,0,0,0,0,0,0,0,0
CF,RIRAN,43.135000,48.656667,0,MKL,57.5,48.1,62.0,45.0,2,13000,0,0,0,0,0,0

SID,RIRA1N,14,5
CA,0,141.0,2,401,0,0,0,0,0,0
DF,ML019,42.737722,47.719583,0, ,0.0,0.0,0,0,0,0,0,0,0,1
TF,ML023,42.577139,48.032667,0, ,0.0,0.0,0.0,0.0,3,10000,0,0,0,0,0,0
TF,RIRAN,43.135000,48.656667,0, ,0.0,0.0,0.0,0.0,2,13000,0,0,0,0,0,0

SID,RIRA2A,14,2
CD, ,0,0,0,MKL,0,0.0,141.0,4.9,0,0,0,0,0,0,0,0
CI,1, ,0.0,354.0,0,0,0,0,0,0,0,0
CF,RIRAN,43.135000,48.656667,0,MKL,57.5,48.1,58.0,42.0,2,13000,0,0,0,0,0,0

SID,RIRA2B,32,2
DF,DER32,42.823833,47.646464,0, ,0.0,0.0,0,0,0,0,0,0,0,1
CD, ,0,0,0,MKL,0,0.0,321.0,5.4,0,0,0,1,235,0,0,0
CI,2, ,0.0,144.0,0,0,0,0,0,0,0,0
CF,RIRAN,43.135000,48.656667,0,MKL,57.5,48.1,58.0,45.0,2,13000,0,0,0,0,0,0

SID,RIRA2M,32,2
DF,DER32,42.823833,47.646464,0, ,0.0,0.0,0,0,0,0,0,0,0,1
CA,0,321.0,2,800,0,1,235,0,0,0
CI,2, ,0.0,155.0,0,0,0,0,0,0,0,0
CF,RIRAN,43.135000,48.656667,1,MKL,57.5,48.1,56.0,46.0,2,13000,0,0,0,0,0,0

SID,RIRA2P,32,5
CA,0,321.0,2,414,0,0,0,0,0,0
DF,ML013,42.884333,47.594889,0, ,0.0,0.0,0,0,0,0,0,0,0,1
TF,ML015,43.049083,47.831278,0, ,0.0,0.0,0.0,0.0,3,10000,0,1,205,0,0,0
TF,RIRAN,43.135000,48.656667,0, ,0.0,0.0,0.0,0.0,2,13000,0,0,0,0,0,0

SID,TA2A,32,2
DF,TA,42.974889,47.521556,0, ,0.0,0.0,0,0,0,0,0,0,0,1
DF,S,42.798444,47.668056,2, ,0.0,0.0,2,3700,0,0,0,0,0,0

STAR,AGAT1D,14,2
IF,AGATO,42.266389,48.538611, ,0.0,0.0,2,16000,0,0,0,0,0,0
TF,HC,42.855250,47.619611,0, ,0.0,0.0,0.0,0.0,4,11000,7500,0,0,0,0,0

STAR,AGAT1E,14,2
IF,AGATO,42.266389,48.538611, ,0.0,0.0,2,16000,0,0,0,0,0,0
TF,D303Y,42.567958,48.065897,0, ,0.0,0.0,0.0,0.0,0,0,0,0,0,0,0,0
TF,H,42.834639,47.637222,0, ,0.0,0.0,0.0,0.0,4,11000,7500,0,0,0,0,0

STAR,AGAT1F,32,2
IF,AGATO,42.266389,48.538611, ,0.0,0.0,2,16000,0,0,0,0,0,0
TF,SM,42.777278,47.686028,0, ,0.0,0.0,0.0,0.0,4,10000,7500,0,0,0,0,0

STAR,AGAT1G,32,2
IF,AGATO,42.266389,48.538611, ,0.0,0.0,2,16000,0,0,0,0,0,0
TF,D303Z,42.532219,48.095758,0, ,0.0,0.0,0.0,0.0,0,0,0,0,0,0,0,0
TF,S,42.798444,47.668056,0, ,0.0,0.0,0.0,0.0,4,10000,7500,0,0,0,0,0

STAR,AGAT1H,14,5
IF,AGATO,42.266389,48.538611, ,0.0,0.0,2,16000,0,0,0,0,0,0
TF,ML048,42.800917,48.134833,0, ,0.0,0.0,0.0,0.0,0,0,0,0,0,0,0,0
TF,ML049,43.000111,47.849306,0, ,0.0,0.0,0.0,0.0,0,0,0,1,215,0,0,0
TF,ML051,43.266194,47.463444,0, ,0.0,0.0,0.0,0.0,4,6500,5500,1,215,0,0,0
TF,ML052,43.248333,47.350583,0, ,0.0,0.0,0.0,0.0,4,6500,5500,1,215,0,0,0
TF,ML053,43.203250,47.253028,0, ,0.0,0.0,0.0,0.0,4,6500,5500,1,215,0,0,0
TF,ML054,43.136444,47.182583,0, ,0.0,0.0,0.0,0.0,4,6500,5500,1,215,0,0,0
TF,ML055,43.055972,47.147694,0, ,0.0,0.0,0.0,0.0,4,6500,5500,1,215,0,0,0
TF,ML008,43.037000,47.339889,1, ,0.0,0.0,0.0,0.0,2,5500,0,0,0,0,0,0

STAR,AGAT1J,32,5
IF,AGATO,42.266389,48.538611, ,0.0,0.0,2,16000,0,0,0,0,0,0
TF,ML037,42.443917,48.029500,0, ,0.0,0.0,0.0,0.0,1,6000,0,1,215,0,0,0
TF,ML038,42.402694,47.939917,0, ,0.0,0.0,0.0,0.0,1,6000,0,1,215,0,0,0
TF,ML039,42.386556,47.836778,0, ,0.0,0.0,0.0,0.0,1,6000,0,1,215,0,0,0
TF,ML040,42.397444,47.732389,0, ,0.0,0.0,0.0,0.0,1,6000,0,1,215,0,0,0
TF,ML002,42.515583,47.784222,2, ,0.0,0.0,0.0,0.0,2,5500,0,0,0,0,0,0

STAR,AGAT2C,ALL,2
IF,AGATO,42.266389,48.538611, ,0.0,0.0,2,16000,0,0,0,0,0,0
TF,MKL,42.794444,47.667833,0, ,0.0,0.0,0.0,0.0,2,6100,0,0,0,0,0,0

STAR,AGNE1D,14,2
IF,AGNET,42.230000,48.211667, ,0.0,0.0,2,14000,0,0,0,0,0,0
TF,HC,42.855250,47.619611,0, ,0.0,0.0,0.0,0.0,4,11000,7500,0,0,0,0,0

STAR,AGNE1E,14,2
IF,AGNET,42.230000,48.211667, ,0.0,0.0,2,14000,0,0,0,0,0,0
TF,D318Y,42.495792,47.957417,0, ,0.0,0.0,0.0,0.0,0,0,0,0,0,0,0,0
TF,H,42.834639,47.637222,0, ,0.0,0.0,0.0,0.0,4,11000,7500,0,0,0,0,0

STAR,AGNE1F,32,2
IF,AGNET,42.230000,48.211667, ,0.0,0.0,2,14000,0,0,0,0,0,0
TF,SM,42.777278,47.686028,0, ,0.0,0.0,0.0,0.0,4,10000,7500,0,0,0,0,0

STAR,AGNE1G,32,2
IF,AGNET,42.230000,48.211667, ,0.0,0.0,2,14000,0,0,0,0,0,0
TF,D318Z,42.459133,47.988497,0, ,0.0,0.0,0.0,0.0,0,0,0,0,0,0,0,0
TF,S,42.798444,47.668056,0, ,0.0,0.0,0.0,0.0,4,10000,7500,0,0,0,0,0

STAR,AGNE1H,14,5
IF,AGNET,42.230000,48.211667, ,0.0,0.0,2,14000,0,0,0,0,0,0
TF,ML048,42.800917,48.134833,0, ,0.0,0.0,0.0,0.0,0,0,0,0,0,0,0,0
TF,ML049,43.000111,47.849306,0, ,0.0,0.0,0.0,0.0,0,0,0,1,215,0,0,0
TF,ML051,43.266194,47.463444,0, ,0.0,0.0,0.0,0.0,4,6500,5500,1,215,0,0,0
TF,ML052,43.248333,47.350583,0, ,0.0,0.0,0.0,0.0,4,6500,5500,1,215,0,0,0
TF,ML053,43.203250,47.253028,0, ,0.0,0.0,0.0,0.0,4,6500,5500,1,215,0,0,0
TF,ML054,43.136444,47.182583,0, ,0.0,0.0,0.0,0.0,4,6500,5500,1,215,0,0,0
TF,ML055,43.055972,47.147694,0, ,0.0,0.0,0.0,0.0,4,6500,5500,1,215,0,0,0
TF,ML008,43.037000,47.339889,1, ,0.0,0.0,0.0,0.0,2,5500,0,0,0,0,0,0

STAR,AGNE1J,32,5
IF,AGNET,42.230000,48.211667, ,0.0,0.0,2,14000,0,0,0,0,0,0
TF,ML030,42.450611,48.021417,0, ,0.0,0.0,0.0,0.0,2,7000,0,1,215,0,0,0
TF,ML031,42.509556,48.084083,0, ,0.0,0.0,0.0,0.0,2,7000,0,1,215,0,0,0
TF,ML032,42.580806,48.115833,0, ,0.0,0.0,0.0,0.0,2,7000,0,1,215,0,0,0
TF,ML001,42.597222,47.961528,1, ,0.0,0.0,0.0,0.0,2,5500,0,0,0,0,0,0

STAR,AGNE2C,ALL,2
IF,AGNET,42.230000,48.211667, ,0.0,0.0,2,14000,0,0,0,0,0,0
TF,MKL,42.794444,47.667833,0, ,0.0,0.0,0.0,0.0,2,6100,0,0,0,0,0,0

STAR,ALUB1D,14,2
IF,ALUBA,42.684444,46.979167, ,0.0,0.0,2,17000,0,0,0,0,0,0
TF,D063P,42.762772,47.276703,0, ,0.0,0.0,0.0,0.0,2,14000,0,0,0,0,0,0
TF,HC,42.855250,47.619611,0, ,0.0,0.0,0.0,0.0,4,11000,7500,0,0,0,0,0

STAR,ALUB1E,14,2
IF,ALUBA,42.684444,46.979167, ,0.0,0.0,2,17000,0,0,0,0,0,0
TF,D066P,42.755386,47.287828,0, ,0.0,0.0,0.0,0.0,2,14000,0,0,0,0,0,0
TF,H,42.834639,47.637222,0, ,0.0,0.0,0.0,0.0,4,11000,7500,0,0,0,0,0

STAR,ALUB1F,32,2
IF,ALUBA,42.684444,46.979167, ,0.0,0.0,2,17000,0,0,0,0,0,0
TF,D073P,42.730044,47.327017,0, ,0.0,0.0,0.0,0.0,2,14000,0,0,0,0,0,0
TF,SM,42.777278,47.686028,0, ,0.0,0.0,0.0,0.0,4,10000,7500,0,0,0,0,0

STAR,ALUB1G,32,2
IF,ALUBA,42.684444,46.979167, ,0.0,0.0,2,17000,0,0,0,0,0,0
TF,D068P,42.730533,47.326844,0, ,0.0,0.0,0.0,0.0,2,14000,0,0,0,0,0,0
TF,S,42.798444,47.668056,0, ,0.0,0.0,0.0,0.0,4,10000,7500,0,0,0,0,0

STAR,ALUB1H,14,5
IF,ALUBA,42.684444,46.979167, ,0.0,0.0,2,17000,0,0,0,0,0,0
TF,ML041,42.792389,47.217583,0, ,0.0,0.0,0.0,0.0,2,10000,0,0,0,0,0,0
TF,ML042,42.998306,47.309056,0, ,0.0,0.0,0.0,0.0,2,7500,0,1,215,0,0,0
TF,ML043,43.132250,47.193472,0, ,0.0,0.0,0.0,0.0,2,7500,0,1,215,0,0,0
TF,ML044,43.196583,47.261306,0, ,0.0,0.0,0.0,0.0,2,7500,0,1,215,0,0,0
TF,ML045,43.240000,47.355250,0, ,0.0,0.0,0.0,0.0,2,7500,0,1,215,0,0,0
TF,ML046,43.257194,47.463917,0, ,0.0,0.0,0.0,0.0,2,7500,0,1,215,0,0,0
TF,ML047,43.246056,47.574056,0, ,0.0,0.0,0.0,0.0,2,7500,0,1,215,0,0,0
TF,ML007,43.119306,47.518167,2, ,0.0,0.0,0.0,0.0,2,5500,0,0,0,0,0,0

STAR,ALUB1J,32,5
IF,ALUBA,42.684444,46.979167, ,0.0,0.0,2,17000,0,0,0,0,0,0
TF,ML025,42.563278,47.313611,0, ,0.0,0.0,0.0,0.0,2,10000,0,0,0,0,0,0
TF,ML026,42.441194,47.646694,0, ,0.0,0.0,0.0,0.0,2,8000,0,1,215,0,0,0
TF,ML027,42.406028,47.736139,0, ,0.0,0.0,0.0,0.0,2,7000,0,1,215,0,0,0
TF,ML028,42.395556,47.836361,0, ,0.0,0.0,0.0,0.0,2,7000,0,1,215,0,0,0
TF,ML029,42.411028,47.935389,0, ,0.0,0.0,0.0,0.0,2,7000,0,1,215,0,0,0
TF,ML030,42.450611,48.021417,0, ,0.0,0.0,0.0,0.0,2,7000,0,1,215,0,0,0
TF,ML031,42.509556,48.084083,0, ,0.0,0.0,0.0,0.0,2,7000,0,1,215,0,0,0
TF,ML032,42.580806,48.115833,0, ,0.0,0.0,0.0,0.0,2,7000,0,1,215,0,0,0
TF,ML001,42.597222,47.961528,1, ,0.0,0.0,0.0,0.0,2,5500,0,0,0,0,0,0

STAR,ALUB2C,ALL,2
IF,ALUBA,42.684444,46.979167, ,0.0,0.0,2,17000,0,0,0,0,0,0
TF,D251P,42.738150,47.311856,0, ,0.0,0.0,0.0,0.0,2,11000,0,0,0,0,0,0
TF,MKL,42.794444,47.667833,0, ,0.0,0.0,0.0,0.0,2,6100,0,0,0,0,0,0

STAR,AMKO1D,14,2
IF,AMKOL,43.618333,47.500000, ,0.0,0.0,2,13000,0,0,0,0,0,0
TF,HC,42.855250,47.619611,0, ,0.0,0.0,0.0,0.0,4,11000,7500,0,0,0,0,0

STAR,AMKO1E,14,2
IF,AMKOL,43.618333,47.500000, ,0.0,0.0,2,13000,0,0,0,0,0,0
TF,D165Y,43.244611,47.558403,0, ,0.0,0.0,0.0,0.0,0,0,0,0,0,0,0,0
TF,H,42.834639,47.637222,0, ,0.0,0.0,0.0,0.0,4,11000,7500,0,0,0,0,0

STAR,AMKO1F,32,2
IF,AMKOL,43.618333,47.500000, ,0.0,0.0,2,13000,0,0,0,0,0,0
TF,SM,42.777278,47.686028,0, ,0.0,0.0,0.0,0.0,4,10000,7500,0,0,0,0,0

STAR,AMKO1G,32,2
IF,AMKOL,43.618333,47.500000, ,0.0,0.0,2,13000,0,0,0,0,0,0
TF,D165X,43.208119,47.589342,0, ,0.0,0.0,0.0,0.0,0,0,0,0,0,0,0,0
TF,S,42.798444,47.668056,0, ,0.0,0.0,0.0,0.0,4,10000,7500,0,0,0,0,0

STAR,AMKO1H,14,5
IF,AMKOL,43.618333,47.500000, ,0.0,0.0,2,13000,0,0,0,0,0,0
TF,ML051,43.266194,47.463444,0, ,0.0,0.0,0.0,0.0,4,6500,5500,1,215,0,0,0
TF,ML052,43.248333,47.350583,0, ,0.0,0.0,0.0,0.0,4,6500,5500,1,215,0,0,0
TF,ML053,43.203250,47.253028,0, ,0.0,0.0,0.0,0.0,4,6500,5500,1,215,0,0,0
TF,ML054,43.136444,47.182583,0, ,0.0,0.0,0.0,0.0,4,6500,5500,1,215,0,0,0
TF,ML055,43.055972,47.147694,0, ,0.0,0.0,0.0,0.0,4,6500,5500,1,215,0,0,0
TF,ML008,43.037000,47.339889,1, ,0.0,0.0,0.0,0.0,2,5500,0,0,0,0,0,0

STAR,AMKO1J,32,5
IF,AMKOL,43.618333,47.500000, ,0.0,0.0,2,13000,0,0,0,0,0,0
TF,ML033,43.120167,47.640889,0, ,0.0,0.0,0.0,0.0,0,0,0,0,0,0,0,0
TF,ML050,42.898056,47.970250,0, ,0.0,0.0,0.0,0.0,0,0,0,0,0,0,0,0
TF,ML034,42.657611,48.124667,0, ,0.0,0.0,0.0,0.0,1,6000,0,1,215,0,0,0
TF,ML035,42.579500,48.127861,0, ,0.0,0.0,0.0,0.0,1,6000,0,1,215,0,0,0
TF,ML036,42.505306,48.094806,0, ,0.0,0.0,0.0,0.0,1,6000,0,1,215,0,0,0
TF,ML037,42.443917,48.029500,0, ,0.0,0.0,0.0,0.0,1,6000,0,1,215,0,0,0
TF,ML038,42.402694,47.939917,0, ,0.0,0.0,0.0,0.0,1,6000,0,1,215,0,0,0
TF,ML039,42.386556,47.836778,0, ,0.0,0.0,0.0,0.0,1,6000,0,1,215,0,0,0
TF,ML040,42.397444,47.732389,0, ,0.0,0.0,0.0,0.0,1,6000,0,1,215,0,0,0
TF,ML002,42.515583,47.784222,2, ,0.0,0.0,0.0,0.0,2,5500,0,0,0,0,0,0

STAR,AMKO2C,ALL,2
IF,AMKOL,43.618333,47.500000, ,0.0,0.0,2,13000,0,0,0,0,0,0
TF,MKL,42.794444,47.667833,0, ,0.0,0.0,0.0,0.0,2,6100,0,0,0,0,0,0

STAR,BALI1D,14,2
IF,BALIP,42.493611,48.570000, ,0.0,0.0,2,14000,0,0,0,0,0,0
TF,HC,42.855250,47.619611,0, ,0.0,0.0,0.0,0.0,4,11000,7500,0,0,0,0,0

STAR,BALI1E,14,2
IF,BALIP,42.493611,48.570000, ,0.0,0.0,2,14000,0,0,0,0,0,0
TF,D289Y,42.652375,48.140403,0, ,0.0,0.0,0.0,0.0,0,0,0,0,0,0,0,0
TF,H,42.834639,47.637222,0, ,0.0,0.0,0.0,0.0,4,11000,7500,0,0,0,0,0

STAR,BALI1F,32,2
IF,BALIP,42.493611,48.570000, ,0.0,0.0,2,14000,0,0,0,0,0,0
TF,SM,42.777278,47.686028,0, ,0.0,0.0,0.0,0.0,4,10000,7500,0,0,0,0,0

STAR,BALI1G,32,2
IF,BALIP,42.493611,48.570000, ,0.0,0.0,2,14000,0,0,0,0,0,0
TF,D288Y,42.622431,48.175897,0, ,0.0,0.0,0.0,0.0,0,0,0,0,0,0,0,0
TF,S,42.798444,47.668056,0, ,0.0,0.0,0.0,0.0,4,10000,7500,0,0,0,0,0

STAR,BALI1H,14,5
IF,BALIP,42.493611,48.570000, ,0.0,0.0,2,14000,0,0,0,0,0,0
TF,ML048,42.800917,48.134833,0, ,0.0,0.0,0.0,0.0,0,0,0,0,0,0,0,0
TF,ML049,43.000111,47.849306,0, ,0.0,0.0,0.0,0.0,0,0,0,1,215,0,0,0
TF,ML051,43.266194,47.463444,0, ,0.0,0.0,0.0,0.0,4,6500,5500,1,215,0,0,0
TF,ML052,43.248333,47.350583,0, ,0.0,0.0,0.0,0.0,4,6500,5500,1,215,0,0,0
TF,ML053,43.203250,47.253028,0, ,0.0,0.0,0.0,0.0,4,6500,5500,1,215,0,0,0
TF,ML054,43.136444,47.182583,0, ,0.0,0.0,0.0,0.0,4,6500,5500,1,215,0,0,0
TF,ML055,43.055972,47.147694,0, ,0.0,0.0,0.0,0.0,4,6500,5500,1,215,0,0,0
TF,ML008,43.037000,47.339889,1, ,0.0,0.0,0.0,0.0,2,5500,0,0,0,0,0,0

STAR,BALI1J,32,5
IF,BALIP,42.493611,48.570000, ,0.0,0.0,2,14000,0,0,0,0,0,0
TF,ML036,42.505306,48.094806,0, ,0.0,0.0,0.0,0.0,1,6000,0,1,215,0,0,0
TF,ML037,42.443917,48.029500,0, ,0.0,0.0,0.0,0.0,1,6000,0,1,215,0,0,0
TF,ML038,42.402694,47.939917,0, ,0.0,0.0,0.0,0.0,1,6000,0,1,215,0,0,0
TF,ML039,42.386556,47.836778,0, ,0.0,0.0,0.0,0.0,1,6000,0,1,215,0,0,0
TF,ML040,42.397444,47.732389,0, ,0.0,0.0,0.0,0.0,1,6000,0,1,215,0,0,0
TF,ML002,42.515583,47.784222,2, ,0.0,0.0,0.0,0.0,2,5500,0,0,0,0,0,0

STAR,BALI2C,ALL,2
IF,BALIP,42.493611,48.570000, ,0.0,0.0,2,14000,0,0,0,0,0,0
TF,MKL,42.794444,47.667833,0, ,0.0,0.0,0.0,0.0,2,6100,0,0,0,0,0,0

STAR,BUIK1E,14,2
IF,BUIKS,42.821389,47.126944, ,0.0,0.0,0,0,0,0,0,0,0,0
TF,H,42.834639,47.637222,0, ,0.0,0.0,0.0,0.0,2,6700,0,0,0,0,0,0

STAR,BUIK1G,32,2
IF,BUIKS,42.821389,47.126944, ,0.0,0.0,0,0,0,0,0,0,0,0
TF,S,42.798444,47.668056,0, ,0.0,0.0,0.0,0.0,2,6700,0,0,0,0,0,0

STAR,DUBK1D,14,2
IF,DUBKI,43.059167,46.848056, ,0.0,0.0,2,13000,0,0,0,0,0,0
TF,HC,42.855250,47.619611,0, ,0.0,0.0,0.0,0.0,4,11000,7500,0,0,0,0,0

STAR,DUBK1E,14,2
IF,DUBKI,43.059167,46.848056, ,0.0,0.0,2,13000,0,0,0,0,0,0
TF,H,42.834639,47.637222,0, ,0.0,0.0,0.0,0.0,4,11000,7500,0,0,0,0,0

STAR,DUBK1F,32,2
IF,DUBKI,43.059167,46.848056, ,0.0,0.0,2,13000,0,0,0,0,0,0
TF,SM,42.777278,47.686028,0, ,0.0,0.0,0.0,0.0,4,10000,7500,0,0,0,0,0

STAR,DUBK1G,32,2
IF,DUBKI,43.059167,46.848056, ,0.0,0.0,2,13000,0,0,0,0,0,0
TF,D106Z,42.959206,47.148642,0, ,0.0,0.0,0.0,0.0,0,0,0,0,0,0,0,0
TF,S,42.798444,47.668056,0, ,0.0,0.0,0.0,0.0,4,10000,7500,0,0,0,0,0

STAR,DUBK1H,14,5
IF,DUBKI,43.059167,46.848056, ,0.0,0.0,2,13000,0,0,0,0,0,0
TF,ML044,43.196583,47.261306,0, ,0.0,0.0,0.0,0.0,2,7500,0,1,215,0,0,0
TF,ML045,43.240000,47.355250,0, ,0.0,0.0,0.0,0.0,2,7500,0,1,215,0,0,0
TF,ML046,43.257194,47.463917,0, ,0.0,0.0,0.0,0.0,2,7500,0,1,215,0,0,0
TF,ML047,43.246056,47.574056,0, ,0.0,0.0,0.0,0.0,2,7500,0,1,215,0,0,0
TF,ML007,43.119306,47.518167,2, ,0.0,0.0,0.0,0.0,2,5500,0,0,0,0,0,0

STAR,DUBK1J,32,5
IF,DUBKI,43.059167,46.848056, ,0.0,0.0,2,20000,0,0,0,0,0,0
TF,ML056,42.811028,47.171472,0, ,0.0,0.0,0.0,0.0,2,20000,0,0,0,0,0,0
TF,ML026,42.441194,47.646694,0, ,0.0,0.0,0.0,0.0,2,8000,0,1,215,0,0,0
TF,ML027,42.406028,47.736139,0, ,0.0,0.0,0.0,0.0,2,7000,0,1,215,0,0,0
TF,ML028,42.395556,47.836361,0, ,0.0,0.0,0.0,0.0,2,7000,0,1,215,0,0,0
TF,ML029,42.411028,47.935389,0, ,0.0,0.0,0.0,0.0,2,7000,0,1,215,0,0,0
TF,ML030,42.450611,48.021417,0, ,0.0,0.0,0.0,0.0,2,7000,0,1,215,0,0,0
TF,ML031,42.509556,48.084083,0, ,0.0,0.0,0.0,0.0,2,7000,0,1,215,0,0,0
TF,ML032,42.580806,48.115833,0, ,0.0,0.0,0.0,0.0,2,7000,0,1,215,0,0,0
TF,ML001,42.597222,47.961528,1, ,0.0,0.0,0.0,0.0,2,5500,0,0,0,0,0,0

STAR,DUBK2C,ALL,2
IF,DUBKI,43.059167,46.848056, ,0.0,0.0,2,13000,0,0,0,0,0,0
TF,MKL,42.794444,47.667833,0, ,0.0,0.0,0.0,0.0,2,6100,0,0,0,0,0,0

STAR,GUDE1E,14,2
IF,GUDEN,42.569722,47.560278, ,0.0,0.0,0,0,0,0,0,0,0,0
TF,H,42.834639,47.637222,0, ,0.0,0.0,0.0,0.0,2,6700,0,0,0,0,0,0

STAR,GUDE1G,32,2
IF,GUDEN,42.569722,47.560278, ,0.0,0.0,0,0,0,0,0,0,0,0
TF,S,42.798444,47.668056,0, ,0.0,0.0,0.0,0.0,2,6700,0,0,0,0,0,0

STAR,INGU1D,14,2
IF,INGUT,43.586667,46.936667, ,0.0,0.0,2,13000,0,0,0,0,0,0
TF,HC,42.855250,47.619611,0, ,0.0,0.0,0.0,0.0,4,11000,7500,0,0,0,0,0

STAR,INGU1E,14,2
IF,INGUT,43.586667,46.936667, ,0.0,0.0,2,13000,0,0,0,0,0,0
TF,D139Y,43.178197,47.320183,0, ,0.0,0.0,0.0,0.0,0,0,0,0,0,0,0,0
TF,H,42.834639,47.637222,0, ,0.0,0.0,0.0,0.0,4,11000,7500,0,0,0,0,0

STAR,INGU1F,32,2
IF,INGUT,43.586667,46.936667, ,0.0,0.0,2,13000,0,0,0,0,0,0
TF,SM,42.777278,47.686028,0, ,0.0,0.0,0.0,0.0,4,10000,7500,0,0,0,0,0

STAR,INGU1G,32,2
IF,INGUT,43.586667,46.936667, ,0.0,0.0,2,13000,0,0,0,0,0,0
TF,D139X,43.141594,47.351586,0, ,0.0,0.0,0.0,0.0,0,0,0,0,0,0,0,0
TF,S,42.798444,47.668056,0, ,0.0,0.0,0.0,0.0,4,10000,7500,0,0,0,0,0

STAR,INGU1H,14,5
IF,INGUT,43.586667,46.936667, ,0.0,0.0,2,13000,0,0,0,0,0,0
TF,ML045,43.240000,47.355250,0, ,0.0,0.0,0.0,0.0,2,7500,0,1,215,0,0,0
TF,ML046,43.257194,47.463917,0, ,0.0,0.0,0.0,0.0,2,7500,0,1,215,0,0,0
TF,ML047,43.246056,47.574056,0, ,0.0,0.0,0.0,0.0,2,7500,0,1,215,0,0,0
TF,ML007,43.119306,47.518167,2, ,0.0,0.0,0.0,0.0,2,5500,0,0,0,0,0,0

STAR,INGU1J,32,5
IF,INGUT,43.586667,46.936667, ,0.0,0.0,2,13000,0,0,0,0,0,0
TF,ML033,43.120167,47.640889,0, ,0.0,0.0,0.0,0.0,0,0,0,0,0,0,0,0
TF,ML050,42.898056,47.970250,0, ,0.0,0.0,0.0,0.0,0,0,0,0,0,0,0,0
TF,ML034,42.657611,48.124667,0, ,0.0,0.0,0.0,0.0,1,6000,0,1,215,0,0,0
TF,ML035,42.579500,48.127861,0, ,0.0,0.0,0.0,0.0,1,6000,0,1,215,0,0,0
TF,ML036,42.505306,48.094806,0, ,0.0,0.0,0.0,0.0,1,6000,0,1,215,0,0,0
TF,ML037,42.443917,48.029500,0, ,0.0,0.0,0.0,0.0,1,6000,0,1,215,0,0,0
TF,ML038,42.402694,47.939917,0, ,0.0,0.0,0.0,0.0,1,6000,0,1,215,0,0,0
TF,ML039,42.386556,47.836778,0, ,0.0,0.0,0.0,0.0,1,6000,0,1,215,0,0,0
TF,ML040,42.397444,47.732389,0, ,0.0,0.0,0.0,0.0,1,6000,0,1,215,0,0,0
TF,ML002,42.515583,47.784222,2, ,0.0,0.0,0.0,0.0,2,5500,0,0,0,0,0,0

STAR,INGU2C,ALL,2
IF,INGUT,43.586667,46.936667, ,0.0,0.0,2,13000,0,0,0,0,0,0
TF,MKL,42.794444,47.667833,0, ,0.0,0.0,0.0,0.0,2,6100,0,0,0,0,0,0

STAR,LARK1D,14,2
IF,LARKA,42.441667,47.063333, ,0.0,0.0,2,17000,0,0,0,0,0,0
TF,D038P,42.664114,47.361017,0, ,0.0,0.0,0.0,0.0,2,14000,0,0,0,0,0,0
TF,HC,42.855250,47.619611,0, ,0.0,0.0,0.0,0.0,4,11000,7500,0,0,0,0,0

STAR,LARK1E,14,2
IF,LARKA,42.441667,47.063333, ,0.0,0.0,2,17000,0,0,0,0,0,0
TF,D040P,42.650228,47.369778,0, ,0.0,0.0,0.0,0.0,2,14000,0,0,0,0,0,0
TF,H,42.834639,47.637222,0, ,0.0,0.0,0.0,0.0,4,11000,7500,0,0,0,0,0

STAR,LARK1F,32,2
IF,LARKA,42.441667,47.063333, ,0.0,0.0,2,17000,0,0,0,0,0,0
TF,D047P,42.619300,47.392319,0, ,0.0,0.0,0.0,0.0,2,14000,0,0,0,0,0,0
TF,SM,42.777278,47.686028,0, ,0.0,0.0,0.0,0.0,4,10000,7500,0,0,0,0,0

STAR,LARK1G,32,2
IF,LARKA,42.441667,47.063333, ,0.0,0.0,2,17000,0,0,0,0,0,0
TF,D042P,42.619136,47.389292,0, ,0.0,0.0,0.0,0.0,2,14000,0,0,0,0,0,0
TF,S,42.798444,47.668056,0, ,0.0,0.0,0.0,0.0,4,10000,7500,0,0,0,0,0

STAR,LARK1H,14,5
IF,LARKA,42.441667,47.063333, ,0.0,0.0,2,17000,0,0,0,0,0,0
TF,ML041,42.792389,47.217583,0, ,0.0,0.0,0.0,0.0,2,10000,0,0,0,0,0,0
TF,ML042,42.998306,47.309056,0, ,0.0,0.0,0.0,0.0,2,7500,0,1,215,0,0,0
TF,ML043,43.132250,47.193472,0, ,0.0,0.0,0.0,0.0,2,7500,0,1,215,0,0,0
TF,ML044,43.196583,47.261306,0, ,0.0,0.0,0.0,0.0,2,7500,0,1,215,0,0,0
TF,ML045,43.240000,47.355250,0, ,0.0,0.0,0.0,0.0,2,7500,0,1,215,0,0,0
TF,ML046,43.257194,47.463917,0, ,0.0,0.0,0.0,0.0,2,7500,0,1,215,0,0,0
TF,ML047,43.246056,47.574056,0, ,0.0,0.0,0.0,0.0,2,7500,0,1,215,0,0,0
TF,ML007,43.119306,47.518167,2, ,0.0,0.0,0.0,0.0,2,5500,0,0,0,0,0,0

STAR,LARK1J,32,5
IF,LARKA,42.441667,47.063333, ,0.0,0.0,2,17000,0,0,0,0,0,0
TF,ML025,42.563278,47.313611,0, ,0.0,0.0,0.0,0.0,2,10000,0,0,0,0,0,0
TF,ML026,42.441194,47.646694,0, ,0.0,0.0,0.0,0.0,2,8000,0,1,215,0,0,0
TF,ML027,42.406028,47.736139,0, ,0.0,0.0,0.0,0.0,2,7000,0,1,215,0,0,0
TF,ML028,42.395556,47.836361,0, ,0.0,0.0,0.0,0.0,2,7000,0,1,215,0,0,0
TF,ML029,42.411028,47.935389,0, ,0.0,0.0,0.0,0.0,2,7000,0,1,215,0,0,0
TF,ML030,42.450611,48.021417,0, ,0.0,0.0,0.0,0.0,2,7000,0,1,215,0,0,0
TF,ML031,42.509556,48.084083,0, ,0.0,0.0,0.0,0.0,2,7000,0,1,215,0,0,0
TF,ML032,42.580806,48.115833,0, ,0.0,0.0,0.0,0.0,2,7000,0,1,215,0,0,0
TF,ML001,42.597222,47.961528,1, ,0.0,0.0,0.0,0.0,2,5500,0,0,0,0,0,0

STAR,LARK2C,ALL,2
IF,LARKA,42.441667,47.063333, ,0.0,0.0,2,17000,0,0,0,0,0,0
TF,D225K,42.676483,47.464325,0, ,0.0,0.0,0.0,0.0,2,10000,0,0,0,0,0,0
TF,MKL,42.794444,47.667833,0, ,0.0,0.0,0.0,0.0,2,6100,0,0,0,0,0,0

STAR,RIRA1D,14,2
IF,RIRAN,43.135000,48.656667, ,0.0,0.0,2,14000,0,0,0,0,0,0
TF,HC,42.855250,47.619611,0, ,0.0,0.0,0.0,0.0,4,11000,7500,0,0,0,0,0

STAR,RIRA1E,14,2
IF,RIRAN,43.135000,48.656667, ,0.0,0.0,2,14000,0,0,0,0,0,0
TF,D240X,42.995522,48.157344,0, ,0.0,0.0,0.0,0.0,0,0,0,0,0,0,0,0
TF,H,42.834639,47.637222,0, ,0.0,0.0,0.0,0.0,4,11000,7500,0,0,0,0,0

STAR,RIRA1F,32,2
IF,RIRAN,43.135000,48.656667, ,0.0,0.0,2,14000,0,0,0,0,0,0
TF,SM,42.777278,47.686028,0, ,0.0,0.0,0.0,0.0,4,10000,7500,0,0,0,0,0

STAR,RIRA1G,32,2
IF,RIRAN,43.135000,48.656667, ,0.0,0.0,2,14000,0,0,0,0,0,0
TF,D240Y,42.959089,48.187089,0, ,0.0,0.0,0.0,0.0,0,0,0,0,0,0,0,0
TF,S,42.798444,47.668056,0, ,0.0,0.0,0.0,0.0,4,10000,7500,0,0,0,0,0

STAR,RIRA1H,14,5
IF,RIRAN,43.135000,48.656667, ,0.0,0.0,2,14000,0,0,0,0,0,0
TF,ML049,43.000111,47.849306,0, ,0.0,0.0,0.0,0.0,0,0,0,1,215,0,0,0
TF,ML051,43.266194,47.463444,0, ,0.0,0.0,0.0,0.0,4,6500,5500,1,215,0,0,0
TF,ML052,43.248333,47.350583,0, ,0.0,0.0,0.0,0.0,4,6500,5500,1,215,0,0,0
TF,ML053,43.203250,47.253028,0, ,0.0,0.0,0.0,0.0,4,6500,5500,1,215,0,0,0
TF,ML054,43.136444,47.182583,0, ,0.0,0.0,0.0,0.0,4,6500,5500,1,215,0,0,0
TF,ML055,43.055972,47.147694,0, ,0.0,0.0,0.0,0.0,4,6500,5500,1,215,0,0,0
TF,ML008,43.037000,47.339889,1, ,0.0,0.0,0.0,0.0,2,5500,0,0,0,0,0,0

STAR,RIRA1J,32,5
IF,RIRAN,43.135000,48.656667, ,0.0,0.0,2,14000,0,0,0,0,0,0
TF,ML034,42.657611,48.124667,0, ,0.0,0.0,0.0,0.0,1,6000,0,1,215,0,0,0
TF,ML035,42.579500,48.127861,0, ,0.0,0.0,0.0,0.0,1,6000,0,1,215,0,0,0
TF,ML036,42.505306,48.094806,0, ,0.0,0.0,0.0,0.0,1,6000,0,1,215,0,0,0
TF,ML037,42.443917,48.029500,0, ,0.0,0.0,0.0,0.0,1,6000,0,1,215,0,0,0
TF,ML038,42.402694,47.939917,0, ,0.0,0.0,0.0,0.0,1,6000,0,1,215,0,0,0
TF,ML039,42.386556,47.836778,0, ,0.0,0.0,0.0,0.0,1,6000,0,1,215,0,0,0
TF,ML040,42.397444,47.732389,0, ,0.0,0.0,0.0,0.0,1,6000,0,1,215,0,0,0
TF,ML002,42.515583,47.784222,2, ,0.0,0.0,0.0,0.0,2,5500,0,0,0,0,0,0

STAR,RIRA2C,ALL,2
IF,RIRAN,43.135000,48.656667, ,0.0,0.0,2,14000,0,0,0,0,0,0
TF,MKL,42.794444,47.667833,0, ,0.0,0.0,0.0,0.0,2,6100,0,0,0,0,0,0

APPTR,D14,14,MKL1
IF,MKL,42.794444,47.667833, ,0.0,0.0,2,6100,0,0,0,0,1,0
FD,MKL,42.794444,47.667833,0,MKL,0.0,15.9,340.0,15.9,2,3500,0,1,225,0,0,0
CF,FD14,42.931389,47.563333,1,MKL,323.7,9.4,144.0,6.0,1,2400,0,0,0,0,0,0

APPTR,D14,14,MKL2
IF,MKL,42.794444,47.667833, ,0.0,0.0,2,6100,0,0,0,0,1,0
FD,MKL,42.794444,47.667833,0,MKL,0.0,15.0,330.0,15.0,2,3500,0,0,0,0,0,0
CF,FD14,42.931389,47.563333,1,MKL,323.7,9.4,144.0,6.0,1,2400,0,0,0,0,0,0

FINAL,D14,14,D,2
IF,FD14,42.931389,47.563333,MKL,323.7,9.4,1,2400,0,0,0,0,2,0
CF,RW14,42.823833,47.646464,0,MKL,324.8,2.0,144.0,7.4,1,64,0,0,0,0,3,0
CF,MKL,42.794444,47.667833,0,MKL,0.0,0.0,141.0,2.0,0,0,0,0,0,0,0,1
CA,0,141.0,2,3500,0,0,0,0,0,0
DF,MKL,42.794444,47.667833,1, ,0.0,0.0,2,5400,0,0,0,0,0,0

APPTR,D32,32,MKL1
IF,MKL,42.794444,47.667833, ,0.0,0.0,2,6100,0,0,0,0,1,0
FD,MKL,42.794444,47.667833,0,MKL,0.0,12.1,112.0,12.1,2,2800,0,0,0,0,0,0
CF,FD32,42.706389,47.757778,2,MKL,136.0,6.6,316.0,5.0,1,2400,0,0,0,0,0,0

APPTR,D32,32,MKL2
IF,MKL,42.794444,47.667833, ,0.0,0.0,2,6100,0,0,0,0,1,0
FD,MKL,42.794444,47.667833,0,MKL,0.0,12.1,128.0,12.1,2,2800,0,0,0,0,0,0
CF,FD32,42.706389,47.757778,2,MKL,136.0,6.6,316.0,5.0,1,2400,0,0,0,0,0,0

FINAL,D32,32,D,2
IF,FD32,42.706389,47.757778,MKL,136.0,6.6,1,2400,0,0,0,0,2,0
CF,MKL,42.794444,47.667833,0,MKL,0.0,0.0,316.0,6.6,1,317,0,0,0,0,3,0
CA,0,321.0,2,3500,0,0,0,0,0,0
DF,MKL,42.794444,47.667833,2, ,0.0,0.0,2,5000,0,0,0,0,0,0

APPTR,I14-W,14,HC1
IF,HC,42.855250,47.619611, ,0.0,0.0,4,11000,7500,0,0,0,1,0
FC,HC,42.855250,47.619611,0,MKL,0.0,0.0,333.0,15.8,2,5000,0,0,0,0,0,1
CF,CF14,42.958058,47.532225,1,IHC,321.0,11.3,141.0,8.0,2,2400,0,0,0,0,0,0

APPTR,I14-W,14,HC2
IF,HC,42.855250,47.619611, ,0.0,0.0,4,11000,7500,0,0,0,1,0
FC,HC,42.855250,47.619611,0,MKL,0.0,0.0,327.0,15.8,2,5000,0,0,0,0,0,1
CF,CF14,42.958058,47.532225,1,IHC,321.0,11.3,141.0,8.0,2,2400,0,0,0,0,0,0

FINAL,I14-W,14,I,3
IF,CF14,42.958058,47.532225,IHC,321.0,11.3,2,2400,0,0,0,0,0,0
CF,FF14,42.929803,47.556322,0,IHC,321.0,9.3,141.0,2.0,1,2400,0,0,0,0,2,0
CF,RW14,42.823833,47.646464,0,IHC,321.0,1.8,141.0,7.5,1,64,0,0,0,0,3,0
CA,0,141.0,2,3500,0,0,0,0,0,0
DF,HC,42.855250,47.619611,1, ,0.0,0.0,2,5000,0,0,0,0,0,0

APPTR,I14-Y,14,MKL1
IF,MKL,42.794444,47.667833, ,0.0,0.0,2,6100,0,1,225,0,1,0
FD,MKL,42.794444,47.667833,0,MKL,0.0,15.9,338.0,15.9,2,3900,0,0,0,0,0,0
CF,CF14,42.958058,47.532225,1,IHC,321.0,11.3,141.0,4.0,2,2400,0,0,0,0,0,0

APPTR,I14-Y,14,MKL2
IF,MKL,42.794444,47.667833, ,0.0,0.0,2,6100,0,0,0,0,1,0
FD,MKL,42.794444,47.667833,0,MKL,0.0,15.0,328.0,15.0,2,3900,0,0,0,0,0,0
CF,CF14,42.958058,47.532225,1,IHC,321.0,11.3,141.0,4.0,2,2400,0,0,0,0,0,0

FINAL,I14-Y,14,I,3
IF,CF14,42.958058,47.532225,IHC,321.0,11.3,2,2400,0,0,0,0,0,0
CF,FF14,42.929803,47.556322,0,IHC,321.0,9.3,141.0,2.0,1,2400,0,0,0,0,2,0
CF,RW14,42.823833,47.646464,0,IHC,321.0,1.8,141.0,7.5,1,64,0,0,0,0,3,0
CA,0,141.0,2,3500,0,0,0,0,0,0
DF,MKL,42.794444,47.667833,1, ,0.0,0.0,2,5400,0,0,0,0,0,0

APPTR,I14-Z,14,ML007
IF,ML007,43.119306,47.518167, ,0.0,0.0,2,5500,0,0,0,0,1,0
TF,ML009,43.023333,47.476028,0,IHC,0.0,0.0,0.0,0.0,2,3900,0,0,0,0,1,0

APPTR,I14-Z,14,ML008
IF,ML008,43.037000,47.339889, ,0.0,0.0,2,5500,0,0,0,0,1,0
TF,ML009,43.023333,47.476028,0,IHC,0.0,0.0,0.0,0.0,2,3900,0,0,0,0,1,0

FINAL,I14-Z,14,I,3
IF,ML009,43.023333,47.476028,IHC,321.0,15.9,2,3900,0,0,0,0,0,0
CF,FF14,42.929803,47.556322,0,IHC,321.0,9.3,141.0,6.6,1,2400,0,0,0,0,2,0
CF,RW14,42.823833,47.646464,0,IHC,321.0,1.8,141.0,7.6,1,64,0,0,0,0,3,0
TF,ML011,42.685611,47.764000,0, ,0.0,0.0,0.0,0.0,0,0,0,1,215,0,0,1
DF,ML012,43.195778,47.591250,1, ,0.0,0.0,0,0,0,1,215,0,0,0
TF,ML051,43.266194,47.463444,0, ,0.0,0.0,0.0,0.0,2,5500,0,1,215,0,0,0
TF,ML052,43.248333,47.350583,0, ,0.0,0.0,0.0,0.0,2,5500,0,1,215,0,0,0
TF,ML053,43.203250,47.253028,0, ,0.0,0.0,0.0,0.0,2,5500,0,1,215,0,0,0
TF,ML054,43.136444,47.182583,0, ,0.0,0.0,0.0,0.0,2,5500,0,1,215,0,0,0
TF,ML055,43.055972,47.147694,0, ,0.0,0.0,0.0,0.0,2,5500,0,1,215,0,0,0
TF,ML008,43.037000,47.339889,0, ,0.0,0.0,0.0,0.0,2,5500,0,0,0,0,0,0

APPTR,I32-W,32,SM1
IF,SM,42.777278,47.686028, ,0.0,0.0,4,10000,7500,1,190,0,1,0
FC,SM,42.777278,47.686028,0,MKL,0.0,0.0,129.0,11.1,2,4200,0,0,0,0,0,1
CF,CF32,42.621044,47.817028,2,ISM,141.1,15.0,321.0,1.0,2,3700,0,0,0,0,1,0

APPTR,I32-W,32,SM2
IF,SM,42.777278,47.686028, ,0.0,0.0,4,10000,7500,1,190,0,1,0
FC,SM,42.777278,47.686028,0,MKL,0.0,0.0,134.0,11.1,2,4200,0,0,0,0,0,1
CF,CF32,42.621044,47.817028,2,ISM,141.1,15.0,321.0,1.0,2,3700,0,0,0,0,1,0

FINAL,I32-W,32,I,3
IF,CF32,42.621044,47.817028,ISM,141.1,15.0,2,3700,0,0,0,0,0,0
CF,FF32,42.703497,47.748503,0,ISM,141.0,9.2,321.0,5.8,1,2400,0,0,0,0,2,0
CF,RW32,42.806731,47.660975,0,ISM,141.1,1.9,321.0,7.3,1,69,0,0,0,0,3,0
CA,0,321.0,2,3500,0,1,215,0,0,0
DF,SM,42.777278,47.686028,2, ,0.0,0.0,2,4200,0,0,0,0,0,0

APPTR,I32-X,32,S1
IF,S,42.798444,47.668056, ,0.0,0.0,4,10000,7500,1,190,0,1,0
FC,S,42.798444,47.668056,0,MKL,0.0,0.0,132.0,15.8,2,4800,0,0,0,0,0,1
CF,CF32,42.621044,47.817028,2,ISM,141.1,15.0,321.0,3.0,2,3700,0,0,0,0,1,0

APPTR,I32-X,32,S2
IF,S,42.798444,47.668056, ,0.0,0.0,4,10000,7500,1,190,0,1,0
FC,S,42.798444,47.668056,0,MKL,0.0,0.0,135.0,15.8,2,4800,0,0,0,0,0,1
CF,CF32,42.621044,47.817028,2,ISM,141.1,15.0,321.0,3.0,2,3700,0,0,0,0,1,0

FINAL,I32-X,32,I,3
IF,CF32,42.621044,47.817028,ISM,141.1,15.0,2,3700,0,0,0,0,0,0
CF,FF32,42.703497,47.748503,0,ISM,141.0,9.2,321.0,5.8,1,2400,0,0,0,0,2,0
CF,RW32,42.806731,47.660975,0,ISM,141.1,1.9,321.0,7.3,1,69,0,0,0,0,3,0
CA,0,321.0,2,3500,0,1,215,0,0,0
DF,S,42.798444,47.668056,2, ,0.0,0.0,2,4800,0,0,0,0,0,0

APPTR,I32-Y,32,MKL1
IF,MKL,42.794444,47.667833, ,0.0,0.0,2,6100,0,0,0,0,1,0
FD,MKL,42.794444,47.667833,0,MKL,0.0,12.1,116.0,12.1,2,3600,0,0,0,0,0,0
CF,CF32Y,42.674917,47.771867,2,ISM,141.1,11.2,321.0,4.0,2,2400,0,0,0,0,0,0

APPTR,I32-Y,32,MKL2
IF,MKL,42.794444,47.667833, ,0.0,0.0,2,6100,0,0,0,0,1,0
FD,MKL,42.794444,47.667833,0,MKL,0.0,12.1,132.0,12.1,2,3600,0,0,0,0,0,0
CF,CF32Y,42.674917,47.771867,2,ISM,141.1,11.2,321.0,4.0,2,2400,0,0,0,0,0,0

FINAL,I32-Y,32,I,3
IF,CF32Y,42.674917,47.771867,ISM,141.1,11.2,2,2400,0,0,0,0,0,0
CF,FF32,42.703497,47.748503,0,ISM,141.0,9.2,321.0,2.0,1,2400,0,0,0,0,2,0
CF,RW32,42.806731,47.660975,0,ISM,141.1,1.9,321.0,7.3,1,69,0,0,0,0,3,0
CA,0,321.0,2,3500,0,0,0,0,0,0
DF,MKL,42.794444,47.667833,2, ,0.0,0.0,2,5000,0,0,0,0,0,0

APPTR,I32-Z,32,ML001
IF,ML001,42.597222,47.961528, ,0.0,0.0,2,5500,0,0,0,0,1,0
TF,ML003,42.611417,47.826444,0,ISM,0.0,0.0,0.0,0.0,2,3900,0,0,0,0,1,0

APPTR,I32-Z,32,ML002
IF,ML002,42.515583,47.784222, ,0.0,0.0,2,5500,0,0,0,0,1,0
TF,ML003,42.611417,47.826444,0,ISM,0.0,0.0,0.0,0.0,2,3900,0,0,0,0,1,0

FINAL,I32-Z,32,I,3
IF,ML003,42.611417,47.826444,ISM,141.0,15.7,2,3900,0,0,0,0,0,0
CF,FF32,42.703497,47.748503,0,ISM,141.0,9.2,321.0,6.5,1,2400,0,0,0,0,2,0
CF,RW32,42.806731,47.660975,0,ISM,141.1,1.9,321.0,7.3,1,69,0,0,0,0,3,0
TF,ML005,42.919778,47.564806,0, ,0.0,0.0,0.0,0.0,0,0,0,1,215,0,0,1
DF,ML006,42.738972,48.072556,2, ,0.0,0.0,0,0,0,1,215,0,0,0
TF,ML034,42.657611,48.124667,0, ,0.0,0.0,0.0,0.0,1,6000,0,1,215,0,0,0

APPTR,J14,14,ML007
IF,ML007,43.119306,47.518167, ,0.0,0.0,2,5500,0,0,0,0,1,0
TF,ML009,43.023333,47.476028,0,G14A,0.0,0.0,0.0,0.0,2,3900,0,0,0,0,1,0

APPTR,J14,14,ML008
IF,ML008,43.037000,47.339889, ,0.0,0.0,2,5500,0,0,0,0,1,0
TF,ML009,43.023333,47.476028,0,G14A,0.0,0.0,0.0,0.0,2,3900,0,0,0,0,1,0

FINAL,J14,14,G,3
IF,ML009,43.023333,47.476028,G14A,0.0,0.0,2,3900,0,0,0,0,0,0
TF,ML057,42.928592,47.557058,0,G14A,0.0,0.0,141.0,6.7,1,2400,0,0,0,0,2,0
TF,RW14,42.823833,47.646464,0,G14A,0.0,0.0,141.0,7.4,1,56,0,0,0,0,3,1
CA,0,141.0,2,410,0,0,0,0,0,0
DF,ML011,42.685611,47.764000,0, ,0.0,0.0,0,0,0,1,215,0,0,1
DF,ML012,43.195778,47.591250,1, ,0.0,0.0,0,0,0,1,215,0,0,0
TF,ML051,43.266194,47.463444,0, ,0.0,0.0,0.0,0.0,2,5500,0,1,215,0,0,0
TF,ML052,43.248333,47.350583,0, ,0.0,0.0,0.0,0.0,2,5500,0,1,215,0,0,0
TF,ML053,43.203250,47.253028,0, ,0.0,0.0,0.0,0.0,2,5500,0,1,215,0,0,0
TF,ML054,43.136444,47.182583,0, ,0.0,0.0,0.0,0.0,2,5500,0,1,215,0,0,0
TF,ML055,43.055972,47.147694,0, ,0.0,0.0,0.0,0.0,2,5500,0,1,215,0,0,0
TF,ML008,43.037000,47.339889,0, ,0.0,0.0,0.0,0.0,2,5500,0,0,0,0,0,0

APPTR,J32,32,ML001
IF,ML001,42.597222,47.961528, ,0.0,0.0,2,5500,0,0,0,0,1,0
TF,ML003,42.611417,47.826444,0,G32A,0.0,0.0,0.0,0.0,2,3900,0,0,0,0,1,0

APPTR,J32,32,ML002
IF,ML002,42.515583,47.784222, ,0.0,0.0,2,5500,0,0,0,0,1,0
TF,ML003,42.611417,47.826444,0,G32A,0.0,0.0,0.0,0.0,2,3900,0,0,0,0,1,0

FINAL,J32,32,G,3
IF,ML003,42.611417,47.826444,G32A,0.0,0.0,2,3900,0,0,0,0,0,0
TF,ML004,42.703000,47.749000,0,G32A,0.0,0.0,321.0,6.5,1,2400,0,0,0,0,2,0
TF,RW32,42.806731,47.660975,0,G32A,0.0,0.0,321.0,7.3,1,64,0,0,0,0,3,1
CA,0,321.0,2,420,0,1,215,0,0,0
DF,ML005,42.919778,47.564806,0, ,0.0,0.0,0,0,0,1,215,0,0,1
DF,ML006,42.738972,48.072556,2, ,0.0,0.0,0,0,0,1,215,0,0,0
TF,ML034,42.657611,48.124667,0, ,0.0,0.0,0.0,0.0,1,6000,0,1,215,0,0,0

APPTR,N14-X,14,H1
IF,H,42.834639,47.637222, ,0.0,0.0,4,11000,7500,0,0,0,1,0
FC,H,42.834639,47.637222,0,MKL,0.0,0.0,329.0,17.5,2,5000,0,0,0,0,0,1
CF,FN14X,43.042811,47.459758,1,MKL,321.5,17.5,141.0,3.0,2,5000,0,0,0,0,0,0

APPTR,N14-X,14,H2
IF,H,42.834639,47.637222, ,0.0,0.0,4,11000,7500,0,0,0,1,0
FC,H,42.834639,47.637222,0,MKL,0.0,0.0,326.0,17.5,2,5000,0,0,0,0,0,1
CF,FN14X,43.042811,47.459758,1,MKL,321.5,17.5,141.0,2.0,2,5000,0,0,0,0,0,0

FINAL,N14-X,14,N,2
IF,FN14X,43.042811,47.459758,H,0.0,0.0,2,5000,0,0,0,0,2,0
CF,H,42.834639,47.637222,0,H,0.0,0.0,141.0,14.7,1,308,0,0,0,0,3,0
CA,0,141.0,2,3500,0,0,0,0,0,0
DF,H,42.834639,47.637222,1, ,0.0,0.0,2,5000,0,0,0,0,0,0

APPTR,N32-X,32,S1
IF,S,42.798444,47.668056, ,0.0,0.0,4,10000,7500,1,190,0,1,0
FC,S,42.798444,47.668056,0,MKL,0.0,0.0,132.0,15.8,2,4800,0,0,0,0,0,1
CF,FN32X,42.595953,47.839206,2,MKL,140.5,14.1,321.0,2.0,2,4800,0,0,0,0,0,0

APPTR,N32-X,32,S2
IF,S,42.798444,47.668056, ,0.0,0.0,4,10000,7500,1,190,0,1,0
FC,S,42.798444,47.668056,0,MKL,0.0,0.0,135.0,15.8,2,4800,0,0,0,0,0,1
CF,FN32X,42.595953,47.839206,2,MKL,140.5,14.1,321.0,2.0,2,4800,0,0,0,0,0,0

FINAL,N32-X,32,N,2
IF,FN32X,42.595953,47.839206,S,0.0,0.0,2,4800,0,0,0,0,2,0
CF,S,42.798444,47.668056,0,S,0.0,0.0,321.0,14.3,1,256,0,0,0,0,3,0
CA,0,321.0,2,3500,0,1,215,0,0,0
DF,S,42.798444,47.668056,2, ,0.0,0.0,2,4800,0,0,0,0,0,0

APPTR,Q14-W,14,INGUT
IF,INGUT,43.586667,46.936667, ,0.0,0.0,2,13000,0,0,0,0,1,0
TF,TA,42.974889,47.521556,0, ,0.0,0.0,0.0,0.0,1,2900,0,0,0,0,1,0

FINAL,Q14-W,14,N,3
IF,TA,42.974889,47.521556,HC,0.0,0.0,1,2900,0,0,0,0,0,0
CF,FQ14W,42.897339,47.583833,0,HC,0.0,0.0,143.0,5.4,1,1700,0,0,0,0,2,0
CF,RW14,42.823833,47.646464,0,MKL,0.0,2.0,141.0,5.2,1,64,0,0,0,0,3,0
CA,0,141.0,2,3500,0,0,0,0,0,0
DF,HC,42.855250,47.619611,1, ,0.0,0.0,2,5000,0,0,0,0,0,0

APPTR,Q14-Y,14,HC1
IF,HC,42.855250,47.619611, ,0.0,0.0,4,11000,7500,0,0,0,1,0
FC,HC,42.855250,47.619611,0,MKL,0.0,0.0,333.0,15.8,2,5000,0,0,0,0,0,1
CF,FF14,42.929803,47.556322,1,MKL,321.8,9.5,141.0,10.0,1,2400,0,0,0,0,0,0

APPTR,Q14-Y,14,HC2
IF,HC,42.855250,47.619611, ,0.0,0.0,4,11000,7500,0,0,0,1,0
FC,HC,42.855250,47.619611,0,MKL,0.0,0.0,327.0,15.2,2,5000,0,0,0,0,0,1
CF,FF14,42.929803,47.556322,1,MKL,321.8,9.5,141.0,10.0,1,2400,0,0,0,0,0,0

FINAL,Q14-Y,14,N,2
IF,FF14,42.929803,47.556322,HC,0.0,0.0,1,2400,0,0,0,0,2,0
CF,RW14,42.823833,47.646464,0,MKL,0.0,2.0,141.0,7.5,1,64,0,0,0,0,3,0
CA,0,141.0,2,3500,0,0,0,0,0,0
DF,HC,42.855250,47.619611,1, ,0.0,0.0,2,5000,0,0,0,0,0,0

APPTR,Q14-Z,14,H1
IF,H,42.834639,47.637222, ,0.0,0.0,4,11000,7500,0,0,0,1,0
FC,H,42.834639,47.637222,0,MKL,0.0,0.0,333.0,15.8,2,5000,0,0,0,0,0,1
CF,FF14,42.929803,47.556322,1,MKL,321.8,9.5,141.0,9.0,1,2400,0,0,0,0,0,0

APPTR,Q14-Z,14,H2
IF,H,42.834639,47.637222, ,0.0,0.0,4,11000,7500,0,0,0,1,0
FC,H,42.834639,47.637222,0,MKL,0.0,0.0,326.0,15.8,2,5000,0,0,0,0,0,1
CF,FF14,42.929803,47.556322,1,MKL,321.8,9.5,141.0,9.0,1,2400,0,0,0,0,0,0

FINAL,Q14-Z,14,N,3
IF,FF14,42.929803,47.556322,H,0.0,0.0,1,2400,0,0,0,0,2,0
CF,52VOR,42.869094,47.607947,0,H,0.0,0.0,141.0,4.3,2,690,0,0,0,0,0,0
CF,H,42.834639,47.637222,0,MKL,0.0,2.8,141.0,2.4,1,308,0,0,0,0,3,0
CA,0,141.0,2,3500,0,0,0,0,0,0
DF,H,42.834639,47.637222,1, ,0.0,0.0,2,5000,0,0,0,0,0,0

APPTR,Q32-Y,32,SM1
IF,SM,42.777278,47.686028, ,0.0,0.0,4,10000,7500,1,190,0,1,0
FC,SM,42.777278,47.686028,0,MKL,0.0,0.0,129.0,11.1,2,4200,0,0,0,0,0,1
CF,FF32,42.703497,47.748503,2,MKL,139.8,6.5,321.0,6.0,1,2400,0,0,0,0,0,0

APPTR,Q32-Y,32,SM2
IF,SM,42.777278,47.686028, ,0.0,0.0,4,10000,7500,1,190,0,1,0
FC,SM,42.777278,47.686028,0,MKL,0.0,0.0,134.0,11.1,2,4200,0,0,0,0,0,1
CF,FF32,42.703497,47.748503,2,MKL,139.8,6.5,321.0,6.0,1,2400,0,0,0,0,0,0

FINAL,Q32-Y,32,N,2
IF,FF32,42.703497,47.748503,SM,0.0,0.0,1,2400,0,0,0,0,2,0
CF,S,42.798444,47.668056,0,MKL,0.0,0.2,321.0,6.7,1,256,0,0,0,0,3,0
CA,0,321.0,2,3500,0,1,215,0,0,0
DF,SM,42.777278,47.686028,2, ,0.0,0.0,2,4200,0,0,0,0,0,0

APPTR,Q32-Z,32,S1
IF,S,42.798444,47.668056, ,0.0,0.0,4,10000,7500,1,190,0,1,0
FC,S,42.798444,47.668056,0,MKL,0.0,0.0,132.0,15.8,2,4800,0,0,0,0,0,1
CF,FF32,42.703497,47.748503,2,MKL,139.8,6.5,321.0,9.0,1,2400,0,0,0,0,0,0

APPTR,Q32-Z,32,S2
IF,S,42.798444,47.668056, ,0.0,0.0,4,10000,7500,1,190,0,1,0
FC,S,42.798444,47.668056,0,MKL,0.0,0.0,135.0,15.8,2,4800,0,0,0,0,0,1
CF,FF32,42.703497,47.748503,2,MKL,139.8,6.5,321.0,9.0,1,2400,0,0,0,0,0,0

FINAL,Q32-Z,32,N,2
IF,FF32,42.703497,47.748503,S,0.0,0.0,1,2400,0,0,0,0,2,0
CF,S,42.798444,47.668056,0,MKL,0.0,0.2,321.0,6.7,1,256,0,0,0,0,3,0
CA,0,321.0,2,3500,0,1,215,0,0,0
DF,S,42.798444,47.668056,2, ,0.0,0.0,2,4800,0,0,0,0,0,0

APPTR,R14,14,ML007
IF,ML007,43.119306,47.518167, ,0.0,0.0,2,5500,0,0,0,0,1,0
TF,ML009,43.023333,47.476028,0, ,0.0,0.0,0.0,0.0,2,3900,0,0,0,0,1,0

APPTR,R14,14,ML008
IF,ML008,43.037000,47.339889, ,0.0,0.0,2,5500,0,0,0,0,1,0
TF,ML009,43.023333,47.476028,0, ,0.0,0.0,0.0,0.0,2,3900,0,0,0,0,1,0

FINAL,R14,14,R,3
IF,ML009,43.023333,47.476028, ,0.0,0.0,2,3900,0,0,0,0,0,0
TF,ML057,42.928592,47.557058,0, ,0.0,0.0,141.0,6.7,1,2400,0,0,0,0,2,0
TF,RW14,42.823833,47.646464,0, ,0.0,0.0,141.0,7.4,1,56,0,0,0,0,3,1
CA,0,141.0,2,410,0,0,0,0,0,0
DF,ML011,42.685611,47.764000,0, ,0.0,0.0,0,0,0,1,215,0,0,1
DF,ML012,43.195778,47.591250,1, ,0.0,0.0,0,0,0,1,215,0,0,0
TF,ML051,43.266194,47.463444,0, ,0.0,0.0,0.0,0.0,2,5500,0,1,215,0,0,0
TF,ML052,43.248333,47.350583,0, ,0.0,0.0,0.0,0.0,2,5500,0,1,215,0,0,0
TF,ML053,43.203250,47.253028,0, ,0.0,0.0,0.0,0.0,2,5500,0,1,215,0,0,0
TF,ML054,43.136444,47.182583,0, ,0.0,0.0,0.0,0.0,2,5500,0,1,215,0,0,0
TF,ML055,43.055972,47.147694,0, ,0.0,0.0,0.0,0.0,2,5500,0,1,215,0,0,0
TF,ML008,43.037000,47.339889,1, ,0.0,0.0,0.0,0.0,2,5500,0,0,0,0,0,0

APPTR,R32,32,ML001
IF,ML001,42.597222,47.961528, ,0.0,0.0,2,5500,0,0,0,0,1,0
TF,ML003,42.611417,47.826444,0, ,0.0,0.0,0.0,0.0,2,3900,0,0,0,0,1,0

APPTR,R32,32,ML002
IF,ML002,42.515583,47.784222, ,0.0,0.0,2,5500,0,0,0,0,1,0
TF,ML003,42.611417,47.826444,0, ,0.0,0.0,0.0,0.0,2,3900,0,0,0,0,1,0

FINAL,R32,32,R,3
IF,ML003,42.611417,47.826444, ,0.0,0.0,2,3900,0,0,0,0,0,0
TF,ML004,42.703000,47.749000,0, ,0.0,0.0,321.0,6.5,1,2400,0,0,0,0,2,0
TF,RW32,42.806731,47.660975,0, ,0.0,0.0,321.0,7.3,1,64,0,0,0,0,3,1
CA,0,321.0,2,420,0,0,0,0,0,0
DF,ML005,42.919778,47.564806,0, ,0.0,0.0,0,0,0,1,215,0,0,1
DF,ML006,42.738972,48.072556,2, ,0.0,0.0,0,0,0,1,215,0,0,0
TF,ML034,42.657611,48.124667,0, ,0.0,0.0,0.0,0.0,1,6000,0,1,215,0,0,0

