SID,GAMT2A,05,2
CF,D054R,48.908581,44.718822,0,WGD,52.6,16.7,54.0,17.0,0,0,0,0,0,0,0,1
DF,WGD,48.780750,44.343500,1, ,0.0,0.0,2,7000,0,0,0,0,0,0
TF,GAMTU,48.200000,43.631667,0, ,0.0,0.0,0.0,0.0,2,16000,0,0,0,0,0,0

SID,GAMT2B,05,2
CF,D054R,48.908581,44.718822,0,WGD,52.6,16.7,54.0,16.7,0,0,0,0,0,0,0,1
DF,WG,48.779528,44.342333,1, ,0.0,0.0,2,7000,0,0,0,0,0,0
TF,GAMTU,48.200000,43.631667,0, ,0.0,0.0,0.0,0.0,2,16000,0,0,0,0,0,0

SID,GAMT2C,23,2
CF,D234D,48.754006,44.258803,0,WGD,234.5,3.7,234.0,3.7,0,0,0,1,225,0,0,1
DF,WG,48.779528,44.342333,2, ,0.0,0.0,2,7000,0,0,0,0,0,0
TF,GAMTU,48.200000,43.631667,0, ,0.0,0.0,0.0,0.0,2,16000,0,0,0,0,0,0

SID,GAMT2D,23,2
CF,D234D,48.754006,44.258803,0,WGD,234.5,3.7,234.0,3.7,0,0,0,1,225,0,0,1
DF,WGD,48.780750,44.343500,2, ,0.0,0.0,2,7000,0,0,0,0,0,0
TF,GAMTU,48.200000,43.631667,0, ,0.0,0.0,0.0,0.0,2,16000,0,0,0,0,0,0

SID,GAMT2E,23,5
CF,WW025,48.749250,44.238167,0,WGD,235.7,4.6,234.0,4.0,0,0,0,1,245,0,0,1
DF,WW022,48.548861,44.314889,0, ,0.0,0.0,0,0,0,1,250,0,0,0
TF,GAMTU,48.200000,43.631667,0, ,0.0,0.0,0.0,0.0,2,16000,0,0,0,0,0,0

SID,GAMT2F,05,5
CF,WW012,48.867444,44.611694,0,WGD,53.8,11.8,54.0,12.0,0,0,0,0,0,0,0,1
DF,WW013,48.592861,44.853972,2, ,0.0,0.0,2,6000,0,0,0,0,0,0
TF,GAMTU,48.200000,43.631667,0, ,0.0,0.0,0.0,0.0,2,16000,0,0,0,0,0,0

SID,GAMT2V,23,5
CF,WW025,48.749250,44.238167,0,WGD,235.7,4.6,234.0,4.0,0,0,0,1,250,0,0,1
DF,WW023,48.904861,44.568722,2, ,0.0,0.0,0,0,0,1,250,0,0,0
TF,WW024,48.720111,44.639417,0, ,0.0,0.0,0.0,0.0,0,0,0,1,250,0,0,0
TF,WW022,48.548861,44.314889,0, ,0.0,0.0,0.0,0.0,0,0,0,1,250,0,0,0
TF,GAMTU,48.200000,43.631667,0, ,0.0,0.0,0.0,0.0,2,16000,0,0,0,0,0,0

SID,GAMT2W,23,2
CA,0,234.0,2,900,0,0,0,0,0,0
CI,0, ,0.0,189.0,0,0,0,0,0,0,0,0
CF,GAMTU,48.200000,43.631667,0,WGD,209.4,45.0,209.0,41.0,2,16000,0,0,0,0,0,0

SID,GAMT2X,05,2
CF,D054D,48.807975,44.417139,0,WGD,50.7,3.4,54.0,3.3,0,0,0,0,0,0,0,1
DF,WGD,48.780750,44.343500,1, ,0.0,0.0,0,0,0,1,225,0,0,0
TF,GAMTU,48.200000,43.631667,0, ,0.0,0.0,0.0,0.0,2,16000,0,0,0,0,0,0

SID,GAMT2Y,23,2
CA,0,234.0,2,900,0,0,0,0,0,0
CI,0, ,0.0,189.0,0,0,0,0,0,0,0,0
CF,GAMTU,48.200000,43.631667,0,WGD,209.4,45.0,209.0,42.0,2,16000,0,0,0,0,0,0

SID,GAMT2Z,05,2
CF,D054D,48.807975,44.417139,0,WGD,50.7,3.4,54.0,3.3,0,0,0,0,0,0,0,1
DF,WG,48.779528,44.342333,1, ,0.0,0.0,0,0,0,1,225,0,0,0
TF,GAMTU,48.200000,43.631667,0, ,0.0,0.0,0.0,0.0,2,16000,0,0,0,0,0,0

SID,NATI2A,05,2
CA,0,54.0,2,1100,0,0,0,0,0,0
CI,1, ,0.0,299.0,0,0,0,0,0,0,0,0
CF,NATIT,49.568333,44.324167,0,WGD,349.1,47.3,349.0,45.0,2,7000,0,0,0,0,0,0

SID,NATI2B,05,2
CA,0,54.0,2,1100,0,0,0,0,0,0
CI,1, ,0.0,299.0,0,0,0,0,0,0,0,0
CF,NATIT,49.568333,44.324167,0,WGD,349.1,47.3,349.0,44.0,2,7000,0,0,0,0,0,0

SID,NATI2C,23,2
CA,0,234.0,2,900,0,0,0,0,0,0
CI,2, ,0.0,54.0,0,0,0,0,0,0,0,0
CF,NATIT,49.568333,44.324167,0,WGD,349.1,47.3,349.0,45.0,2,7000,0,0,0,0,0,0

SID,NATI2D,23,2
CA,0,234.0,2,900,0,0,0,0,0,0
CI,2, ,0.0,54.0,0,0,0,0,0,0,0,0
CF,NATIT,49.568333,44.324167,0,WGD,349.1,47.3,349.0,44.0,2,7000,0,0,0,0,0,0

SID,NATI2E,23,5
CF,WW025,48.749250,44.238167,0,WGD,235.7,4.6,234.0,4.0,0,0,0,0,0,0,0,1
DF,NATIT,49.568333,44.324167,2, ,0.0,0.0,2,7000,0,0,0,0,0,0

SID,NATI2F,05,5
CF,WW011,48.808611,44.425028,0,WGD,52.6,3.6,54.0,4.0,0,0,0,0,0,0,0,1
DF,NATIT,49.568333,44.324167,0, ,0.0,0.0,2,7000,0,0,0,0,0,0

SID,NOKL2A,05,2
CF,D054D,48.807975,44.417139,0,WGD,50.7,3.4,54.0,3.3,0,0,0,0,0,0,0,1
DF,WGD,48.780750,44.343500,1, ,0.0,0.0,0,0,0,1,225,0,0,0
TF,D136R,48.531261,44.600761,0, ,0.0,0.0,0.0,0.0,2,6000,0,0,0,0,0,0
TF,NOKLI,48.025000,45.113333,0, ,0.0,0.0,0.0,0.0,2,6000,0,0,0,0,0,0

SID,NOKL2B,05,2
CF,D054D,48.807975,44.417139,0,WGD,50.7,3.4,54.0,3.3,0,0,0,0,0,0,0,1
DF,WG,48.779528,44.342333,1, ,0.0,0.0,0,0,0,1,225,0,0,0
TF,D136R,48.531261,44.600761,0, ,0.0,0.0,0.0,0.0,2,6000,0,0,0,0,0,0
TF,NOKLI,48.025000,45.113333,0, ,0.0,0.0,0.0,0.0,2,6000,0,0,0,0,0,0

SID,NOKL2C,23,2
CA,0,234.0,2,900,0,0,0,0,0,0
CI,1, ,0.0,103.0,0,0,0,0,0,0,0,0
CF,D136R,48.531261,44.600761,0,WGD,135.6,18.1,135.0,11.0,2,6000,0,0,0,0,0,0
TF,NOKLI,48.025000,45.113333,0, ,0.0,0.0,0.0,0.0,2,6000,0,0,0,0,0,0

SID,NOKL2D,23,2
CA,0,234.0,2,900,0,0,0,0,0,0
CI,1, ,0.0,103.0,0,0,0,0,0,0,0,0
CF,D136R,48.531261,44.600761,0,WGD,135.6,18.1,136.0,11.0,2,6000,0,0,0,0,0,0
TF,NOKLI,48.025000,45.113333,0, ,0.0,0.0,0.0,0.0,2,6000,0,0,0,0,0,0

SID,NOKL2E,23,5
CF,WW025,48.749250,44.238167,0,WGD,235.7,4.6,234.0,4.0,0,0,0,0,0,0,0,1
DF,NOKLI,48.025000,45.113333,1, ,0.0,0.0,2,6000,0,0,0,0,0,0

SID,NOKL2F,05,5
CF,WW012,48.867444,44.611694,0,WGD,53.8,11.8,54.0,12.0,0,0,0,0,0,0,0,1
DF,WW013,48.592861,44.853972,2, ,0.0,0.0,2,6000,0,0,0,0,0,0
TF,NOKLI,48.025000,45.113333,0, ,0.0,0.0,0.0,0.0,2,6000,0,0,0,0,0,0

SID,NOPS2A,05,2
CF,D054D,48.807975,44.417139,0,WGD,50.7,3.4,54.0,3.3,0,0,0,0,0,0,0,1
DF,WGD,48.780750,44.343500,1, ,0.0,0.0,0,0,0,1,225,0,0,0
TF,NOPSA,48.408056,43.056389,0, ,0.0,0.0,0.0,0.0,2,10000,0,0,0,0,0,0

SID,NOPS2B,05,2
CF,D054D,48.807975,44.417139,0,WGD,50.7,3.4,54.0,3.3,0,0,0,0,0,0,0,1
DF,WG,48.779528,44.342333,1, ,0.0,0.0,0,0,0,1,225,0,0,0
TF,NOPSA,48.408056,43.056389,0, ,0.0,0.0,0.0,0.0,2,10000,0,0,0,0,0,0

SID,NOPS2C,23,2
CA,0,234.0,2,900,0,0,0,0,0,0
CF,NOPSA,48.408056,43.056389,0,WGD,236.9,55.9,237.0,55.0,2,10000,0,0,0,0,0,0

SID,NOPS2D,23,2
CA,0,234.0,2,900,0,0,0,0,0,0
CF,NOPSA,48.408056,43.056389,0,WGD,236.9,55.9,237.0,55.0,2,10000,0,0,0,0,0,0

SID,NOPS2E,23,5
CF,WW025,48.749250,44.238167,0,WGD,235.7,4.6,234.0,4.0,0,0,0,0,0,0,0,1
DF,NOPSA,48.408056,43.056389,0, ,0.0,0.0,2,10000,0,0,0,0,0,0

SID,NOPS2F,05,5
CF,WW012,48.867444,44.611694,0,WGD,53.8,11.8,54.0,12.0,0,0,0,0,0,0,0,1
DF,WW013,48.592861,44.853972,2, ,0.0,0.0,2,6000,0,0,0,0,0,0
TF,NOPSA,48.408056,43.056389,2, ,0.0,0.0,0.0,0.0,2,10000,0,0,0,0,0,0

SID,OBAB1A,05,2
CA,0,54.0,2,1100,0,0,0,0,0,0
CI,1, ,0.0,270.0,0,0,0,0,0,0,0,0
CF,OBABI,49.516111,43.922778,0,WGD,329.6,47.2,330.0,44.0,2,7000,0,0,0,0,0,0

SID,OBAB1B,05,2
CA,0,54.0,2,1100,0,0,0,0,0,0
CI,1, ,0.0,270.0,0,0,0,0,0,0,0,0
CF,OBABI,49.516111,43.922778,0,WGD,329.6,47.2,330.0,43.0,2,7000,0,0,0,0,0,0

SID,OBAB1C,23,2
CA,0,234.0,2,900,0,0,0,0,0,0
CI,2, ,0.0,30.0,0,0,0,0,0,0,0,0
CF,OBABI,49.516111,43.922778,0,WGD,329.6,47.2,330.0,43.0,2,7000,0,0,0,0,0,0

SID,OBAB1D,23,2
CA,0,234.0,2,900,0,0,0,0,0,0
CI,2, ,0.0,30.0,0,0,0,0,0,0,0,0
CF,OBABI,49.516111,43.922778,0,WGD,329.6,47.2,330.0,44.0,2,7000,0,0,0,0,0,0

SID,OBAB1E,23,5
CF,WW025,48.749250,44.238167,0,WGD,235.7,4.6,234.0,4.0,0,0,0,0,0,0,0,1
DF,OBABI,49.516111,43.922778,2, ,0.0,0.0,2,7000,0,0,0,0,0,0

SID,OBAB1F,05,5
CF,WW011,48.808611,44.425028,0,WGD,52.6,3.6,54.0,4.0,0,0,0,0,0,0,0,1
DF,OBABI,49.516111,43.922778,1, ,0.0,0.0,2,7000,0,0,0,0,0,0

SID,RODU1A,05,2
CA,0,54.0,2,1100,0,0,0,0,0,0
VI,0, ,0.0,350.0,0,0,0,0,0,0,0,0
CF,RODUN,49.670000,45.139167,0,WGD,20.1,61.9,20.0,58.0,2,5000,0,0,0,0,0,0

SID,RODU1B,05,2
CA,0,54.0,2,1100,0,0,0,0,0,0
VI,0, ,0.0,350.0,0,0,0,0,0,0,0,0
CF,RODUN,49.670000,45.139167,0,WGD,20.1,61.9,20.0,58.0,2,5000,0,0,0,0,0,0

SID,RODU1C,23,2
CF,D234D,48.754006,44.258803,0,WGD,234.5,3.7,234.0,3.7,0,0,0,1,225,0,0,1
DF,WG,48.779528,44.342333,2, ,0.0,0.0,0,0,0,0,0,0,0,1
CI,1, ,0.0,350.0,0,0,0,0,0,0,0,0
CF,RODUN,49.670000,45.139167,0,WGD,20.1,61.9,20.0,59.0,2,5000,0,0,0,0,0,0

SID,RODU1D,23,2
CF,D234D,48.754006,44.258803,0,WGD,234.5,3.7,234.0,3.7,0,0,0,1,225,0,0,1
DF,WGD,48.780750,44.343500,2, ,0.0,0.0,0,0,0,0,0,0,0,1
CI,1, ,0.0,350.0,0,0,0,0,0,0,0,0
CF,RODUN,49.670000,45.139167,0,WGD,20.1,61.9,20.0,58.0,2,5000,0,0,0,0,0,0

SID,RODU1E,23,5
CF,WW025,48.749250,44.238167,0,WGD,235.7,4.6,234.0,4.0,0,0,0,0,0,0,0,1
DF,RODUN,49.670000,45.139167,2, ,0.0,0.0,2,5000,0,0,0,0,0,0

SID,RODU1F,05,5
CF,WW011,48.808611,44.425028,0,WGD,52.6,3.6,54.0,4.0,0,0,0,0,0,0,0,1
DF,RODUN,49.670000,45.139167,0, ,0.0,0.0,2,5000,0,0,0,0,0,0

SID,SL2A,05,2
CA,0,54.0,2,1800,0,0,0,0,0,0
DF,SL,48.402222,45.295833,0, ,0.0,0.0,2,6000,0,0,0,0,0,0

SID,SL2B,05,2
CA,0,54.0,2,1800,0,0,0,0,0,0
DF,SL,48.402222,45.295833,0, ,0.0,0.0,2,6000,0,0,0,0,0,0

SID,SL2C,23,2
CA,0,234.0,2,900,0,0,0,0,0,0
VI,1, ,0.0,133.0,0,0,0,0,0,0,0,0
CF,SL,48.402222,45.295833,0,WGD,110.6,44.2,103.0,42.0,2,6000,0,0,0,0,0,0

SID,SL2D,23,2
CA,0,234.0,2,900,0,0,0,0,0,0
VI,1, ,0.0,133.0,0,0,0,0,0,0,0,0
CF,SL,48.402222,45.295833,0,WGD,110.6,44.2,103.0,42.0,2,6000,0,0,0,0,0,0

SID,SL2E,23,5
CF,WW025,48.749250,44.238167,0,WGD,235.7,4.6,234.0,4.0,0,0,0,0,0,0,0,1
DF,SL,48.402222,45.295833,1, ,0.0,0.0,2,6000,0,0,0,0,0,0

SID,SL2F,05,5
CF,WW012,48.867444,44.611694,0,WGD,53.8,11.8,54.0,12.0,0,0,0,0,0,0,0,1
DF,SL,48.402222,45.295833,0, ,0.0,0.0,2,6000,0,0,0,0,0,0

SID,ST2A,05,2
CA,0,54.0,2,1100,0,0,0,0,0,0
DF,ST,49.258889,43.679444,1, ,0.0,0.0,2,14000,0,0,0,0,0,0

SID,ST2B,05,2
CA,0,54.0,2,1100,0,0,0,0,0,0
DF,ST,49.258889,43.679444,1, ,0.0,0.0,2,14000,0,0,0,0,0,0

SID,ST2C,23,2
CA,0,234.0,2,900,0,0,0,0,0,0
DF,ST,49.258889,43.679444,0, ,0.0,0.0,2,14000,0,0,0,0,0,0

SID,ST2D,23,2
CA,0,234.0,2,900,0,0,0,0,0,0
DF,ST,49.258889,43.679444,0, ,0.0,0.0,2,14000,0,0,0,0,0,0

SID,ST2E,23,5
CF,WW025,48.749250,44.238167,0,WGD,235.7,4.6,234.0,4.0,0,0,0,0,0,0,0,1
DF,ST,49.258889,43.679444,0, ,0.0,0.0,2,14000,0,0,0,0,0,0

SID,ST2F,05,5
CF,WW011,48.808611,44.425028,0,WGD,52.6,3.6,54.0,4.0,0,0,0,0,0,0,0,1
DF,ST,49.258889,43.679444,1, ,0.0,0.0,2,14000,0,0,0,0,0,0

SID,TONG2A,05,2
CF,D054D,48.807975,44.417139,0,WGD,50.7,3.4,54.0,3.3,0,0,0,0,0,0,0,1
DF,WGD,48.780750,44.343500,1, ,0.0,0.0,0,0,0,1,225,0,0,0
TF,TONGI,47.930000,44.340278,0, ,0.0,0.0,0.0,0.0,2,17000,0,0,0,0,0,0

SID,TONG2B,05,2
CF,D054D,48.807975,44.417139,0,WGD,50.7,3.4,54.0,3.3,0,0,0,0,0,0,0,1
DF,WG,48.779528,44.342333,1, ,0.0,0.0,0,0,0,1,225,0,0,0
TF,TONGI,47.930000,44.340278,0, ,0.0,0.0,0.0,0.0,2,17000,0,0,0,0,0,0

SID,TONG2C,23,2
CA,0,234.0,2,900,0,0,0,0,0,0
CI,1, ,0.0,103.0,0,0,0,0,0,0,0,0
CF,TONGI,47.930000,44.340278,0,WGD,170.2,51.1,170.0,47.0,2,17000,0,0,0,0,0,0

SID,TONG2D,23,2
CA,0,234.0,2,900,0,0,0,0,0,0
CI,1, ,0.0,103.0,0,0,0,0,0,0,0,0
CF,TONGI,47.930000,44.340278,0,WGD,170.2,51.1,170.0,47.0,2,17000,0,0,0,0,0,0

SID,TONG2E,23,5
CF,WW025,48.749250,44.238167,0,WGD,235.7,4.6,234.0,4.0,0,0,0,1,245,0,0,1
DF,WW022,48.548861,44.314889,0, ,0.0,0.0,0,0,0,1,250,0,0,0
TF,TONGI,47.930000,44.340278,0, ,0.0,0.0,0.0,0.0,2,17000,0,0,0,0,0,0

SID,TONG2F,05,5
CF,WW012,48.867444,44.611694,0,WGD,53.8,11.8,54.0,12.0,0,0,0,0,0,0,0,1
DF,WW013,48.592861,44.853972,2, ,0.0,0.0,2,6000,0,0,0,0,0,0
TF,TONGI,47.930000,44.340278,0, ,0.0,0.0,0.0,0.0,2,17000,0,0,0,0,0,0

STAR,GAMT2G,05,5
IF,GAMTU,48.200000,43.631667, ,0.0,0.0,2,15000,0,0,0,0,0,0
TF,WW017,48.470750,44.218556,0, ,0.0,0.0,0.0,0.0,2,4000,0,0,0,0,0,0
TF,WW001,48.621083,44.184250,0, ,0.0,0.0,0.0,0.0,2,2800,0,0,0,0,0,0

STAR,GAMT2H,ALL,2
IF,GAMTU,48.200000,43.631667, ,0.0,0.0,2,15000,0,0,0,0,0,0
TF,D209E,48.719608,44.267528,0, ,0.0,0.0,0.0,0.0,2,8000,0,0,0,0,0,0
TF,WG,48.779528,44.342333,0, ,0.0,0.0,0.0,0.0,2,2300,0,0,0,0,0,0

STAR,GAMT2J,23,5
IF,GAMTU,48.200000,43.631667, ,0.0,0.0,2,15000,0,0,0,0,0,0
TF,WW020,48.530000,44.411111,0, ,0.0,0.0,0.0,0.0,0,0,0,0,0,0,0,0
TF,WW008,48.760417,44.623083,0, ,0.0,0.0,0.0,0.0,4,4000,2600,0,0,0,0,0

STAR,GAMT2K,05,2
IF,GAMTU,48.200000,43.631667, ,0.0,0.0,2,15000,0,0,0,0,0,0
TF,D209K,48.639131,44.167900,0, ,0.0,0.0,0.0,0.0,2,2800,0,0,0,0,0,0

STAR,GAMT2L,23,2
IF,GAMTU,48.200000,43.631667, ,0.0,0.0,2,15000,0,0,0,0,0,0
TF,D209J,48.650728,44.182231,0, ,0.0,0.0,0.0,0.0,2,8000,0,0,0,0,0,0

STAR,GAMT2M,ALL,2
IF,GAMTU,48.200000,43.631667, ,0.0,0.0,2,15000,0,0,0,0,0,0
TF,D209E,48.719608,44.267528,0, ,0.0,0.0,0.0,0.0,2,8000,0,0,0,0,0,0
TF,WGD,48.780750,44.343500,0, ,0.0,0.0,0.0,0.0,2,2300,0,0,0,0,0,0

STAR,NATI2G,05,5
IF,NATIT,49.568333,44.324167, ,0.0,0.0,2,8000,0,0,0,0,0,0
TF,WW014,49.044472,44.222472,0, ,0.0,0.0,0.0,0.0,0,0,0,0,0,0,0,0
TF,WW015,48.881583,44.106556,0, ,0.0,0.0,0.0,0.0,0,0,0,0,0,0,0,0
TF,WW003,48.801167,44.053278,0, ,0.0,0.0,0.0,0.0,2,2800,0,0,0,0,0,0

STAR,NATI2H,ALL,2
IF,NATIT,49.568333,44.324167, ,0.0,0.0,2,8000,0,0,0,0,0,0
TF,WG,48.779528,44.342333,0, ,0.0,0.0,0.0,0.0,2,2300,0,0,0,0,0,0

STAR,NATI2J,23,5
IF,NATIT,49.568333,44.324167, ,0.0,0.0,2,8000,0,0,0,0,0,0
TF,SADKO,49.150000,44.330278,0, ,0.0,0.0,0.0,0.0,0,0,0,0,0,0,0,0
TF,WW006,48.940694,44.492861,0, ,0.0,0.0,0.0,0.0,4,4000,2600,0,0,0,0,0

STAR,NATI2K,05,2
IF,NATIT,49.568333,44.324167, ,0.0,0.0,2,8000,0,0,0,0,0,0
TF,D349K,48.963917,44.339058,0, ,0.0,0.0,0.0,0.0,2,3000,0,0,0,0,0,0

STAR,NATI2L,23,2
IF,NATIT,49.568333,44.324167, ,0.0,0.0,2,8000,0,0,0,0,0,0
TF,D349O,49.022197,44.337636,0, ,0.0,0.0,0.0,0.0,2,4000,0,0,0,0,0,0
TF,D349J,48.948931,44.339422,0, ,0.0,0.0,0.0,0.0,2,4000,0,0,0,0,0,0

STAR,NATI2M,ALL,2
IF,NATIT,49.568333,44.324167, ,0.0,0.0,2,8000,0,0,0,0,0,0
TF,WGD,48.780750,44.343500,0, ,0.0,0.0,0.0,0.0,2,2300,0,0,0,0,0,0

STAR,NOKL2G,05,5
IF,NOKLI,48.025000,45.113333, ,0.0,0.0,2,7000,0,0,0,0,0,0
TF,WW016,48.395944,44.766472,0, ,0.0,0.0,0.0,0.0,0,0,0,0,0,0,0,0
TF,WW001,48.621083,44.184250,0, ,0.0,0.0,0.0,0.0,2,2800,0,0,0,0,0,0

STAR,NOKL2H,ALL,2
IF,NOKLI,48.025000,45.113333, ,0.0,0.0,2,7000,0,0,0,0,0,0
TF,WG,48.779528,44.342333,0, ,0.0,0.0,0.0,0.0,2,2300,0,0,0,0,0,0

STAR,NOKL2J,23,5
IF,NOKLI,48.025000,45.113333, ,0.0,0.0,2,7000,0,0,0,0,0,0
TF,WW019,48.618167,44.789472,0, ,0.0,0.0,0.0,0.0,0,0,0,0,0,0,0,0
TF,WW008,48.760417,44.623083,0, ,0.0,0.0,0.0,0.0,4,4000,2600,0,0,0,0,0

STAR,NOKL2K,05,2
IF,NOKLI,48.025000,45.113333, ,0.0,0.0,2,7000,0,0,0,0,0,0
TF,D136K,48.629550,44.499783,0, ,0.0,0.0,0.0,0.0,2,3000,0,0,0,0,0,0

STAR,NOKL2L,23,2
IF,NOKLI,48.025000,45.113333, ,0.0,0.0,2,7000,0,0,0,0,0,0
TF,D136J,48.641928,44.487033,0, ,0.0,0.0,0.0,0.0,2,4000,0,0,0,0,0,0

STAR,NOKL2M,ALL,2
IF,NOKLI,48.025000,45.113333, ,0.0,0.0,2,7000,0,0,0,0,0,0
TF,WGD,48.780750,44.343500,0, ,0.0,0.0,0.0,0.0,2,2300,0,0,0,0,0,0

STAR,NOPS2G,05,5
IF,NOPSA,48.408056,43.056389, ,0.0,0.0,2,9000,0,0,0,0,0,0
TF,WW017,48.470750,44.218556,0, ,0.0,0.0,0.0,0.0,2,4000,0,0,0,0,0,0
TF,WW001,48.621083,44.184250,0, ,0.0,0.0,0.0,0.0,2,2800,0,0,0,0,0,0

STAR,NOPS2H,ALL,2
IF,NOPSA,48.408056,43.056389, ,0.0,0.0,2,9000,0,0,0,0,0,0
TF,WG,48.779528,44.342333,0, ,0.0,0.0,0.0,0.0,2,2300,0,0,0,0,0,0

STAR,NOPS2J,23,5
IF,NOPSA,48.408056,43.056389, ,0.0,0.0,2,9000,0,0,0,0,0,0
TF,WW020,48.530000,44.411111,0, ,0.0,0.0,0.0,0.0,0,0,0,0,0,0,0,0
TF,WW008,48.760417,44.623083,0, ,0.0,0.0,0.0,0.0,4,4000,2600,0,0,0,0,0

STAR,NOPS2K,05,2
IF,NOPSA,48.408056,43.056389, ,0.0,0.0,2,9000,0,0,0,0,0,0
TF,WGD,48.780750,44.343500,0, ,0.0,0.0,0.0,0.0,1,7000,0,1,250,0,0,0
TF,D020I,48.907542,44.454914,0, ,0.0,0.0,0.0,0.0,0,0,0,0,0,0,0,0
TF,D020K,48.939200,44.482836,0, ,0.0,0.0,0.0,0.0,2,3000,0,0,0,0,0,0

STAR,NOPS2L,23,2
IF,NOPSA,48.408056,43.056389, ,0.0,0.0,2,9000,0,0,0,0,0,0
TF,D237J,48.714522,44.109689,0, ,0.0,0.0,0.0,0.0,2,4000,0,0,0,0,0,0

STAR,NOPS2M,ALL,2
IF,NOPSA,48.408056,43.056389, ,0.0,0.0,2,9000,0,0,0,0,0,0
TF,WGD,48.780750,44.343500,0, ,0.0,0.0,0.0,0.0,2,2300,0,0,0,0,0,0

STAR,OBAB1G,05,5
IF,OBABI,49.516111,43.922778, ,0.0,0.0,2,8000,0,0,0,0,0,0
TF,WW018,49.046417,43.997083,0, ,0.0,0.0,0.0,0.0,0,0,0,0,0,0,0,0
TF,WW015,48.881583,44.106556,0, ,0.0,0.0,0.0,0.0,0,0,0,0,0,0,0,0
TF,WW003,48.801167,44.053278,0, ,0.0,0.0,0.0,0.0,2,2800,0,0,0,0,0,0

STAR,OBAB1H,ALL,2
IF,OBABI,49.516111,43.922778, ,0.0,0.0,2,8000,0,0,0,0,0,0
TF,WG,48.779528,44.342333,0, ,0.0,0.0,0.0,0.0,2,2300,0,0,0,0,0,0

STAR,OBAB1J,23,5
IF,OBABI,49.516111,43.922778, ,0.0,0.0,2,8000,0,0,0,0,0,0
TF,SADKO,49.150000,44.330278,0, ,0.0,0.0,0.0,0.0,0,0,0,0,0,0,0,0
TF,WW006,48.940694,44.492861,0, ,0.0,0.0,0.0,0.0,4,4000,2600,0,0,0,0,0

STAR,OBAB1K,05,2
IF,OBABI,49.516111,43.922778, ,0.0,0.0,2,8000,0,0,0,0,0,0
TF,D330K,48.952394,44.246486,0, ,0.0,0.0,0.0,0.0,2,3000,0,0,0,0,0,0

STAR,OBAB1L,23,2
IF,OBABI,49.516111,43.922778, ,0.0,0.0,2,8000,0,0,0,0,0,0
TF,D330J,48.938356,44.254447,0, ,0.0,0.0,0.0,0.0,2,4000,0,0,0,0,0,0

STAR,OBAB1M,ALL,2
IF,OBABI,49.516111,43.922778, ,0.0,0.0,2,8000,0,0,0,0,0,0
TF,WGD,48.780750,44.343500,0, ,0.0,0.0,0.0,0.0,2,2300,0,0,0,0,0,0

STAR,RODU1G,05,5
IF,RODUN,49.670000,45.139167, ,0.0,0.0,2,6000,0,0,0,0,0,0
TF,WW014,49.044472,44.222472,0, ,0.0,0.0,0.0,0.0,0,0,0,0,0,0,0,0
TF,WW015,48.881583,44.106556,0, ,0.0,0.0,0.0,0.0,0,0,0,0,0,0,0,0
TF,WW003,48.801167,44.053278,0, ,0.0,0.0,0.0,0.0,2,2800,0,0,0,0,0,0

STAR,RODU1H,ALL,2
IF,RODUN,49.670000,45.139167, ,0.0,0.0,2,6000,0,0,0,0,0,0
TF,WG,48.779528,44.342333,0, ,0.0,0.0,0.0,0.0,2,2300,0,0,0,0,0,0

STAR,RODU1J,23,5
IF,RODUN,49.670000,45.139167, ,0.0,0.0,2,6000,0,0,0,0,0,0
TF,WW007,48.893472,44.694778,0, ,0.0,0.0,0.0,0.0,4,4000,2600,0,0,0,0,0

STAR,RODU1K,05,2
IF,RODUN,49.670000,45.139167, ,0.0,0.0,2,6000,0,0,0,0,0,0
TF,D020O,48.998214,44.534997,0, ,0.0,0.0,0.0,0.0,2,3000,0,0,0,0,0,0
TF,D020K,48.939200,44.482836,0, ,0.0,0.0,0.0,0.0,2,3000,0,0,0,0,0,0

STAR,RODU1L,23,2
IF,RODUN,49.670000,45.139167, ,0.0,0.0,2,6000,0,0,0,0,0,0
TF,D020J,48.926242,44.471403,0, ,0.0,0.0,0.0,0.0,2,3000,0,0,0,0,0,0

STAR,RODU1M,ALL,2
IF,RODUN,49.670000,45.139167, ,0.0,0.0,2,6000,0,0,0,0,0,0
TF,WGD,48.780750,44.343500,0, ,0.0,0.0,0.0,0.0,2,2300,0,0,0,0,0,0

STAR,SL2G,05,5
IF,SL,48.402222,45.295833, ,0.0,0.0,2,7000,0,0,0,0,0,0
TF,WW016,48.395944,44.766472,0, ,0.0,0.0,0.0,0.0,0,0,0,0,0,0,0,0
TF,WW001,48.621083,44.184250,0, ,0.0,0.0,0.0,0.0,2,2800,0,0,0,0,0,0

STAR,SL2H,ALL,2
IF,SL,48.402222,45.295833, ,0.0,0.0,2,7000,0,0,0,0,0,0
TF,WG,48.779528,44.342333,0, ,0.0,0.0,0.0,0.0,2,2300,0,0,0,0,0,0

STAR,SL2J,23,5
IF,SL,48.402222,45.295833, ,0.0,0.0,2,7000,0,0,0,0,0,0
TF,WW019,48.618167,44.789472,0, ,0.0,0.0,0.0,0.0,0,0,0,0,0,0,0,0
TF,WW008,48.760417,44.623083,0, ,0.0,0.0,0.0,0.0,4,4000,2600,0,0,0,0,0

STAR,SL2K,05,2
IF,SL,48.402222,45.295833, ,0.0,0.0,2,7000,0,0,0,0,0,0
TF,D111K,48.687328,44.581728,0, ,0.0,0.0,0.0,0.0,2,3000,0,0,0,0,0,0

STAR,SL2L,23,2
IF,SL,48.402222,45.295833, ,0.0,0.0,2,7000,0,0,0,0,0,0
TF,D111J,48.694989,44.562269,0, ,0.0,0.0,0.0,0.0,2,4000,0,0,0,0,0,0

STAR,SL2M,ALL,2
IF,SL,48.402222,45.295833, ,0.0,0.0,2,7000,0,0,0,0,0,0
TF,WGD,48.780750,44.343500,0, ,0.0,0.0,0.0,0.0,2,2300,0,0,0,0,0,0

STAR,ST2G,05,5
IF,ST,49.258889,43.679444, ,0.0,0.0,2,15000,0,0,0,0,0,0
TF,WW018,49.046417,43.997083,0, ,0.0,0.0,0.0,0.0,0,0,0,0,0,0,0,0
TF,WW015,48.881583,44.106556,0, ,0.0,0.0,0.0,0.0,0,0,0,0,0,0,0,0
TF,WW003,48.801167,44.053278,0, ,0.0,0.0,0.0,0.0,2,2800,0,0,0,0,0,0

STAR,ST2H,ALL,2
IF,ST,49.258889,43.679444, ,0.0,0.0,2,15000,0,0,0,0,0,0
TF,WG,48.779528,44.342333,0, ,0.0,0.0,0.0,0.0,2,2300,0,0,0,0,0,0

STAR,ST2J,23,5
IF,ST,49.258889,43.679444, ,0.0,0.0,2,15000,0,0,0,0,0,0
TF,SADKO,49.150000,44.330278,0, ,0.0,0.0,0.0,0.0,0,0,0,0,0,0,0,0
TF,WW006,48.940694,44.492861,0, ,0.0,0.0,0.0,0.0,4,4000,2600,0,0,0,0,0

STAR,ST2K,05,2
IF,ST,49.258889,43.679444, ,0.0,0.0,2,15000,0,0,0,0,0,0
TF,D308K,48.916394,44.156939,0, ,0.0,0.0,0.0,0.0,2,3000,0,0,0,0,0,0

STAR,ST2L,23,2
IF,ST,49.258889,43.679444, ,0.0,0.0,2,15000,0,0,0,0,0,0
TF,D308J,48.905308,44.172242,0, ,0.0,0.0,0.0,0.0,2,4000,0,0,0,0,0,0

STAR,ST2M,ALL,2
IF,ST,49.258889,43.679444, ,0.0,0.0,2,15000,0,0,0,0,0,0
TF,WGD,48.780750,44.343500,0, ,0.0,0.0,0.0,0.0,2,2300,0,0,0,0,0,0

STAR,TONG2G,05,5
IF,TONGI,47.930000,44.340278, ,0.0,0.0,2,17000,0,0,0,0,0,0
TF,WW017,48.470750,44.218556,0, ,0.0,0.0,0.0,0.0,2,4000,0,0,0,0,0,0
TF,WW001,48.621083,44.184250,0, ,0.0,0.0,0.0,0.0,2,2800,0,0,0,0,0,0

STAR,TONG2H,ALL,2
IF,TONGI,47.930000,44.340278, ,0.0,0.0,2,17000,0,0,0,0,0,0
TF,WG,48.779528,44.342333,0, ,0.0,0.0,0.0,0.0,2,2300,0,0,0,0,0,0

STAR,TONG2J,23,5
IF,TONGI,47.930000,44.340278, ,0.0,0.0,2,17000,0,0,0,0,0,0
TF,WW020,48.530000,44.411111,0, ,0.0,0.0,0.0,0.0,0,0,0,0,0,0,0,0
TF,WW008,48.760417,44.623083,0, ,0.0,0.0,0.0,0.0,4,4000,2600,0,0,0,0,0

STAR,TONG2K,05,2
IF,TONGI,47.930000,44.340278, ,0.0,0.0,2,17000,0,0,0,0,0,0
TF,D170K,48.597553,44.342794,0, ,0.0,0.0,0.0,0.0,2,3000,0,0,0,0,0,0

STAR,TONG2L,23,2
IF,TONGI,47.930000,44.340278, ,0.0,0.0,2,17000,0,0,0,0,0,0
TF,D170J,48.612542,44.342853,0, ,0.0,0.0,0.0,0.0,2,4000,0,0,0,0,0,0

STAR,TONG2M,ALL,2
IF,TONGI,47.930000,44.340278, ,0.0,0.0,2,17000,0,0,0,0,0,0
TF,WGD,48.780750,44.343500,0, ,0.0,0.0,0.0,0.0,2,2300,0,0,0,0,0,0

APPTR,D05-Y,05,D020K
IF,D020K,48.939200,44.482836, ,0.0,0.0,2,3000,0,0,0,0,1,0
AF,D308K,48.916394,44.156939,1,WGD,307.8,11.0,20.0,2,3000,0,0,0,0,0,0
AF,CD05,48.708886,44.088697,1,WGD,237.0,11.0,308.0,1,2500,0,0,0,0,1,0

APPTR,D05-Y,05,D111K
IF,D111K,48.687328,44.581728, ,0.0,0.0,2,3000,0,0,0,0,1,0
AF,D170K,48.597553,44.342794,2,WGD,170.2,11.0,111.0,2,3000,0,0,0,0,0,0
AF,D209K,48.639131,44.167900,2,WGD,209.4,11.0,170.0,2,2800,0,0,0,0,0,0
AF,CD05,48.708886,44.088697,2,WGD,237.0,11.0,209.0,1,2500,0,0,0,0,1,0

APPTR,D05-Y,05,D136K
IF,D136K,48.629550,44.499783, ,0.0,0.0,2,3000,0,0,0,0,1,0
AF,D170K,48.597553,44.342794,2,WGD,170.2,11.0,136.0,2,3000,0,0,0,0,0,0
AF,D209K,48.639131,44.167900,2,WGD,209.4,11.0,170.0,2,2800,0,0,0,0,0,0
AF,CD05,48.708886,44.088697,2,WGD,237.0,11.0,209.0,1,2500,0,0,0,0,1,0

APPTR,D05-Y,05,D170K
IF,D170K,48.597553,44.342794, ,0.0,0.0,2,3000,0,0,0,0,1,0
AF,D209K,48.639131,44.167900,2,WGD,209.4,11.0,170.0,2,2800,0,0,0,0,0,0
AF,CD05,48.708886,44.088697,2,WGD,237.0,11.0,209.0,1,2500,0,0,0,0,1,0

APPTR,D05-Y,05,D209K
IF,D209K,48.639131,44.167900, ,0.0,0.0,2,2800,0,0,0,0,1,0
AF,CD05,48.708886,44.088697,2,WGD,237.0,11.0,209.0,1,2500,0,0,0,0,1,0

APPTR,D05-Y,05,D308K
IF,D308K,48.916394,44.156939, ,0.0,0.0,2,3000,0,0,0,0,1,0
AF,CD05,48.708886,44.088697,1,WGD,237.0,11.0,308.0,1,2500,0,0,0,0,1,0

APPTR,D05-Y,05,D330K
IF,D330K,48.952394,44.246486, ,0.0,0.0,2,3000,0,0,0,0,1,0
AF,D308K,48.916394,44.156939,1,WGD,307.8,11.0,330.0,2,3000,0,0,0,0,0,0
AF,CD05,48.708886,44.088697,1,WGD,237.0,11.0,308.0,1,2500,0,0,0,0,1,0

APPTR,D05-Y,05,D349K
IF,D349K,48.963917,44.339058, ,0.0,0.0,2,3000,0,0,0,0,1,0
AF,D308K,48.916394,44.156939,1,WGD,307.8,11.0,349.0,2,3000,0,0,0,0,0,0
AF,CD05,48.708886,44.088697,1,WGD,237.0,11.0,308.0,1,2500,0,0,0,0,1,0

FINAL,D05-Y,05,D,3
IF,CD05,48.708886,44.088697,WGD,237.0,11.0,1,2500,0,0,0,0,0,0
CF,FD05,48.742275,44.206742,0,WGD,237.0,5.9,57.0,5.1,1,2000,0,0,0,0,2,0
CF,RW05,48.774825,44.318508,0,WGD,240.3,1.1,57.0,4.9,1,459,0,0,0,0,3,0
CF,WGD,48.780750,44.343500,0,WGD,0.0,0.0,57.0,1.1,0,0,0,0,0,0,0,1
FA,WGD,48.780750,44.343500,0,WGD,0.0,0.0,57.0,2,1400,0,0,0,0,0,0
CI,0, ,0.0,330.0,0,0,0,1,215,0,0,0
CF,D020O,48.998214,44.534997,0,WGD,20.1,15.1,20.0,12.0,2,3000,0,0,0,0,0,0
HM,D020O,48.998214,44.534997,1, ,0.0,0.0,200.0,04.3,2,3000,0,0,0,0,0,0,0

FINAL,D05-Z,05,D,2
IF,FD05,48.742275,44.206742,WGD,237.0,5.9,1,2000,0,0,0,0,2,0
CF,RW05,48.774825,44.318508,0,WGD,240.3,1.1,57.0,4.9,1,459,0,0,0,0,3,0
CF,WGD,48.780750,44.343500,0,WGD,0.0,0.0,57.0,1.1,0,0,0,0,0,0,0,1
FA,WGD,48.780750,44.343500,0,WGD,0.0,0.0,57.0,2,1400,0,0,0,0,0,0
DF,WGD,48.780750,44.343500,1, ,0.0,0.0,2,2300,0,0,0,0,0,0

APPTR,D23-Y,23,D020J
IF,D020J,48.926242,44.471403, ,0.0,0.0,2,3000,0,0,0,0,1,0
AF,CD23,48.864639,44.564289,2,WGD,50.0,10.1,20.0,1,2700,0,0,0,0,1,0

APPTR,D23-Y,23,D111J
IF,D111J,48.694989,44.562269, ,0.0,0.0,2,4000,0,0,0,0,1,0
AF,CD23,48.864639,44.564289,1,WGD,50.0,10.1,111.0,1,2700,0,0,0,0,1,0

APPTR,D23-Y,23,D136J
IF,D136J,48.641928,44.487033, ,0.0,0.0,2,4000,0,0,0,0,1,0
AF,D111J,48.694989,44.562269,1,WGD,110.6,10.1,136.0,2,4000,0,0,0,0,0,0
AF,CD23,48.864639,44.564289,1,WGD,50.0,10.1,111.0,1,2700,0,0,0,0,1,0

APPTR,D23-Y,23,D170J
IF,D170J,48.612542,44.342853, ,0.0,0.0,2,4000,0,0,0,0,1,0
AF,D111J,48.694989,44.562269,1,WGD,110.6,10.1,170.0,2,4000,0,0,0,0,0,0
AF,CD23,48.864639,44.564289,1,WGD,50.0,10.1,111.0,1,2700,0,0,0,0,1,0

APPTR,D23-Y,23,D209J
IF,D209J,48.650728,44.182231, ,0.0,0.0,2,8000,0,0,0,0,1,0
AF,D170J,48.612542,44.342853,1,WGD,170.2,10.1,209.0,2,4000,0,0,0,0,0,0
AF,D111J,48.694989,44.562269,1,WGD,110.6,10.1,170.0,2,4000,0,0,0,0,0,0
AF,CD23,48.864639,44.564289,1,WGD,50.0,10.1,111.0,1,2700,0,0,0,0,1,0

APPTR,D23-Y,23,D237J
IF,D237J,48.714522,44.109689, ,0.0,0.0,2,4000,0,0,0,0,1,0
AF,D349J,48.948931,44.339422,2,WGD,349.1,10.1,237.0,2,4000,0,0,0,0,0,0
AF,D020J,48.926242,44.471403,2,WGD,20.1,10.1,349.0,2,3000,0,0,0,0,0,0
AF,CD23,48.864639,44.564289,2,WGD,50.0,10.1,20.0,1,2700,0,0,0,0,1,0

APPTR,D23-Y,23,D308J
IF,D308J,48.905308,44.172242, ,0.0,0.0,2,4000,0,0,0,0,1,0
AF,D349J,48.948931,44.339422,2,WGD,349.1,10.1,308.0,2,4000,0,0,0,0,0,0
AF,D020J,48.926242,44.471403,2,WGD,20.1,10.1,349.0,2,3000,0,0,0,0,0,0
AF,CD23,48.864639,44.564289,2,WGD,50.0,10.1,20.0,1,2700,0,0,0,0,1,0

APPTR,D23-Y,23,D330J
IF,D330J,48.938356,44.254447, ,0.0,0.0,2,4000,0,0,0,0,1,0
AF,D349J,48.948931,44.339422,2,WGD,349.1,10.1,330.0,2,4000,0,0,0,0,0,0
AF,D020J,48.926242,44.471403,2,WGD,20.1,10.1,349.0,2,3000,0,0,0,0,0,0
AF,CD23,48.864639,44.564289,2,WGD,50.0,10.1,20.0,1,2700,0,0,0,0,1,0

APPTR,D23-Y,23,D349J
IF,D349J,48.948931,44.339422, ,0.0,0.0,2,4000,0,0,0,0,1,0
AF,D020J,48.926242,44.471403,2,WGD,20.1,10.1,349.0,2,3000,0,0,0,0,0,0
AF,CD23,48.864639,44.564289,2,WGD,50.0,10.1,20.0,1,2700,0,0,0,0,1,0

FINAL,D23-Y,23,D,3
IF,CD23,48.864639,44.564289,WGD,50.0,10.1,1,2700,0,0,0,0,0,0
CF,FD23,48.823161,44.454894,0,WGD,50.0,5.1,230.0,5.0,1,2000,0,0,0,0,2,0
CF,RW23,48.785728,44.352847,0,WGD,41.1,0.5,230.0,4.6,1,526,0,0,0,0,3,0
CF,WGD,48.780750,44.343500,0,WGD,0.0,0.0,230.0,0.5,0,0,0,0,0,0,0,1
FA,WGD,48.780750,44.343500,0,WGD,0.0,0.0,230.0,2,1400,0,0,0,0,0,0
CI,2, ,0.0,39.0,0,0,0,1,205,0,0,0
CF,D349O,49.022197,44.337636,0,WGD,349.1,14.5,349.0,11.0,2,4000,0,0,0,0,0,0
HM,D349O,49.022197,44.337636,1, ,0.0,0.0,169.0,04.3,2,4000,0,0,0,0,0,0,0

FINAL,D23-Z,23,D,2
IF,FD23,48.823161,44.454894,WGD,50.0,5.1,1,2000,0,0,0,0,2,0
CF,RW23,48.785728,44.352847,0,WGD,41.1,0.5,230.0,4.6,1,526,0,0,0,0,3,0
CF,WGD,48.780750,44.343500,0,WGD,0.0,0.0,230.0,0.5,0,0,0,0,0,0,0,1
FA,WGD,48.780750,44.343500,0,WGD,0.0,0.0,230.0,2,1400,0,0,0,0,0,0
DF,WGD,48.780750,44.343500,2, ,0.0,0.0,2,2300,0,0,0,0,0,0

FINAL,I05-W,05,I,3
IF,CF05,48.725317,44.163358,IWG,234.3,8.7,1,2000,0,0,0,0,0,0
CF,FF05,48.739814,44.208689,0,IWG,234.3,6.7,54.0,2.0,1,2000,0,0,0,0,2,0
CF,RW05,48.774825,44.318508,0,IWG,234.3,1.8,54.0,4.8,1,459,0,0,0,0,3,0
CA,0,54.0,2,1400,0,0,0,0,0,0
DF,WGD,48.780750,44.343500,1, ,0.0,0.0,2,2300,0,0,0,0,0,0

FINAL,I05-X,05,I,3
IF,CF05,48.725317,44.163358,IWG,234.3,8.7,1,2000,0,0,0,0,0,0
CF,FF05,48.739814,44.208689,0,IWG,234.3,6.7,54.0,2.0,1,2000,0,0,0,0,2,0
CF,RW05,48.774825,44.318508,0,IWG,234.3,1.8,54.0,4.8,1,459,0,0,0,0,3,0
CA,0,54.0,2,1400,0,0,0,0,0,0
DF,WG,48.779528,44.342333,1, ,0.0,0.0,2,2300,0,0,0,0,0,0

APPTR,I05-Y,05,WW001
IF,WW001,48.621083,44.184250, ,0.0,0.0,2,2800,0,0,0,0,1,0
TF,WW002,48.711139,44.118889,0,IWG,0.0,0.0,0.0,0.0,2,2500,0,1,210,0,1,0

APPTR,I05-Y,05,WW003
IF,WW003,48.801167,44.053278, ,0.0,0.0,2,2800,0,0,0,0,1,0
TF,WW002,48.711139,44.118889,0,IWG,0.0,0.0,0.0,0.0,2,2500,0,1,210,0,1,0

FINAL,I05-Y,05,I,3
IF,WW002,48.711139,44.118889,IWG,234.4,10.6,2,2500,0,1,210,0,0,0
CF,FF05,48.739814,44.208689,0,IWG,234.3,6.7,54.0,4.0,1,2000,0,0,0,0,2,0
CF,RW05,48.774825,44.318508,0,IWG,234.3,1.8,54.0,4.8,1,459,0,0,0,0,3,0
CA,0,54.0,2,1400,0,0,0,0,0,0
DF,WW021,49.002361,44.525361,0, ,0.0,0.0,2,3000,0,0,0,0,0,1
HM,WW021,49.002361,44.525361,1, ,0.0,0.0,199.0,04.3,2,3000,0,0,0,0,0,0,0

APPTR,I05-Z,05,D020K
IF,D020K,48.939200,44.482836, ,0.0,0.0,2,3000,0,0,0,0,1,0
AF,D308K,48.916394,44.156939,1,WGD,307.8,11.0,20.0,2,3000,0,0,0,0,0,0
AF,D249K,48.745472,44.071581,1,WGD,249.0,11.0,308.0,2,2500,0,0,0,0,0,0
CI,0,IWG,0.0,84.0,0,0,0,0,0,0,0,0

APPTR,I05-Z,05,D111K
IF,D111K,48.687328,44.581728, ,0.0,0.0,2,3000,0,0,0,0,1,0
AF,D170K,48.597553,44.342794,2,WGD,170.2,11.0,111.0,2,3000,0,0,0,0,0,0
AF,D209K,48.639131,44.167900,2,WGD,209.4,11.0,170.0,4,2800,2500,0,0,0,0,0
AF,D221K,48.665258,44.128564,2,WGD,221.0,11.0,209.0,2,2500,0,0,0,0,0,0
CI,0,IWG,0.0,24.0,0,0,0,0,0,0,0,0

APPTR,I05-Z,05,D136K
IF,D136K,48.629550,44.499783, ,0.0,0.0,2,3000,0,0,0,0,1,0
AF,D170K,48.597553,44.342794,2,WGD,170.2,11.0,136.0,2,3000,0,0,0,0,0,0
AF,D209K,48.639131,44.167900,2,WGD,209.4,11.0,170.0,4,2800,2500,0,0,0,0,0
AF,D221K,48.665258,44.128564,2,WGD,221.0,11.0,209.0,2,2500,0,0,0,0,0,0
CI,0,IWG,0.0,24.0,0,0,0,0,0,0,0,0

APPTR,I05-Z,05,D170K
IF,D170K,48.597553,44.342794, ,0.0,0.0,2,3000,0,0,0,0,1,0
AF,D209K,48.639131,44.167900,2,WGD,209.4,11.0,170.0,4,2800,2500,0,0,0,0,0
AF,D221K,48.665258,44.128564,2,WGD,221.0,11.0,209.0,2,2500,0,0,0,0,0,0
CI,0,IWG,0.0,24.0,0,0,0,0,0,0,0,0

APPTR,I05-Z,05,D209K
IF,D209K,48.639131,44.167900, ,0.0,0.0,4,2800,2500,0,0,0,1,0
AF,D221K,48.665258,44.128564,2,WGD,221.0,11.0,209.0,2,2500,0,0,0,0,0,0
CI,0,IWG,0.0,24.0,0,0,0,0,0,0,0,0

APPTR,I05-Z,05,D308K
IF,D308K,48.916394,44.156939, ,0.0,0.0,2,3000,0,0,0,0,1,0
AF,D249K,48.745472,44.071581,1,WGD,249.0,11.0,308.0,2,2500,0,0,0,0,0,0
CI,0,IWG,0.0,84.0,0,0,0,0,0,0,0,0

APPTR,I05-Z,05,D330K
IF,D330K,48.952394,44.246486, ,0.0,0.0,2,3000,0,0,0,0,1,0
AF,D308K,48.916394,44.156939,1,WGD,307.8,11.0,330.0,2,3000,0,0,0,0,0,0
AF,D249K,48.745472,44.071581,1,WGD,249.0,11.0,308.0,2,2500,0,0,0,0,0,0
CI,0,IWG,0.0,84.0,0,0,0,0,0,0,0,0

APPTR,I05-Z,05,D349K
IF,D349K,48.963917,44.339058, ,0.0,0.0,2,3000,0,0,0,0,1,0
AF,D308K,48.916394,44.156939,1,WGD,307.8,11.0,349.0,2,3000,0,0,0,0,0,0
AF,D249K,48.745472,44.071581,1,WGD,249.0,11.0,308.0,2,2500,0,0,0,0,0,0
CI,0,IWG,0.0,84.0,0,0,0,0,0,0,0,0

FINAL,I05-Z,05,I,3
IF,CF05Z,48.702739,44.092917,IWG,234.3,11.8,1,2500,0,0,0,0,0,0
CF,FF05,48.739814,44.208689,0,IWG,234.3,6.7,54.0,5.1,1,2000,0,0,0,0,2,0
CF,RW05,48.774825,44.318508,0,IWG,234.3,1.8,54.0,4.8,1,459,0,0,0,0,3,0
CA,0,54.0,2,1400,0,0,0,0,0,0
CI,0, ,0.0,330.0,0,0,0,1,215,0,0,0
CF,D020O,48.998214,44.534997,0,WGD,20.1,15.1,20.0,12.0,2,3000,0,0,0,0,0,0
HM,D020O,48.998214,44.534997,1, ,0.0,0.0,200.0,04.3,2,3000,0,0,0,0,0,0,0

FINAL,I23-W,23,I,3
IF,CF23,48.833406,44.503661,IWD,54.3,8.6,1,2000,0,0,0,0,0,0
CF,FF23,48.819047,44.458144,0,IWD,54.3,6.6,234.0,2.0,1,2000,0,0,0,0,2,0
CF,RW23,48.785728,44.352847,0,IWD,54.3,1.9,234.0,4.6,1,526,0,0,0,0,3,0
CA,0,234.0,2,1400,0,0,0,0,0,0
DF,WGD,48.780750,44.343500,2, ,0.0,0.0,2,2300,0,0,0,0,0,0

FINAL,I23-X,23,I,3
IF,CF23,48.833406,44.503661,IWD,54.3,8.6,1,2000,0,0,0,0,0,0
CF,FF23,48.819047,44.458144,0,IWD,54.3,6.6,234.0,2.0,1,2000,0,0,0,0,2,0
CF,RW23,48.785728,44.352847,0,IWD,54.3,1.9,234.0,4.6,1,526,0,0,0,0,3,0
CA,0,234.0,2,1400,0,0,0,0,0,0
DF,WG,48.779528,44.342333,2, ,0.0,0.0,2,2300,0,0,0,0,0,0

APPTR,I23-Y,23,WW006
IF,WW006,48.940694,44.492861, ,0.0,0.0,4,4000,2600,0,0,0,1,0
TF,WW009,48.850583,44.558083,0,IWD,0.0,0.0,0.0,0.0,1,2600,0,1,225,0,1,0

APPTR,I23-Y,23,WW007
IF,WW007,48.893472,44.694778, ,0.0,0.0,4,4000,2600,0,0,0,1,0
TF,WW009,48.850583,44.558083,0,IWD,0.0,0.0,0.0,0.0,1,2600,0,1,225,0,1,0

APPTR,I23-Y,23,WW008
IF,WW008,48.760417,44.623083, ,0.0,0.0,4,4000,2600,0,0,0,1,0
TF,WW009,48.850583,44.558083,0,IWD,0.0,0.0,0.0,0.0,1,2600,0,1,225,0,1,0

FINAL,I23-Y,23,I,3
IF,WW009,48.850583,44.558083,IWD,54.3,11.0,1,2600,0,1,225,0,0,0
CF,FF23,48.819047,44.458144,0,IWD,54.3,6.6,234.0,4.4,1,2000,0,0,0,0,2,0
CF,RW23,48.785728,44.352847,0,IWD,54.3,1.9,234.0,4.6,1,526,0,0,0,0,3,0
CA,0,234.0,2,1400,0,0,0,0,0,0
DF,WW005,49.021778,44.335056,2, ,0.0,0.0,2,4000,0,0,0,0,0,1
HM,WW005,49.021778,44.335056,1, ,0.0,0.0,169.0,04.3,2,4000,0,0,0,0,0,0,0

APPTR,I23-Z,23,D020J
IF,D020J,48.926242,44.471403, ,0.0,0.0,2,3000,0,0,0,0,1,0
AF,D038J,48.893144,44.533069,2,WGD,38.0,10.1,20.0,2,2700,0,0,0,0,0,0
CI,0,IWD,0.0,204.0,0,0,0,0,0,0,0,0

APPTR,I23-Z,23,D111J
IF,D111J,48.694989,44.562269, ,0.0,0.0,2,4000,0,0,0,0,1,0
AF,D069J,48.812572,44.593503,1,WGD,69.0,10.1,111.0,2,2700,0,0,0,0,0,0
CI,0,IWD,0.0,264.0,0,0,0,0,0,0,0,0

APPTR,I23-Z,23,D136J
IF,D136J,48.641928,44.487033, ,0.0,0.0,2,4000,0,0,0,0,1,0
AF,D111J,48.694989,44.562269,1,WGD,110.6,10.1,136.0,2,4000,0,0,0,0,0,0
AF,D069J,48.812572,44.593503,1,WGD,69.0,10.1,111.0,2,2700,0,0,0,0,0,0
CI,0,IWD,0.0,264.0,0,0,0,0,0,0,0,0

APPTR,I23-Z,23,D170J
IF,D170J,48.612542,44.342853, ,0.0,0.0,2,4000,0,0,0,0,1,0
AF,D111J,48.694989,44.562269,1,WGD,110.6,10.1,170.0,2,4000,0,0,0,0,0,0
AF,D069J,48.812572,44.593503,1,WGD,69.0,10.1,111.0,2,2700,0,0,0,0,0,0
CI,0,IWD,0.0,264.0,0,0,0,0,0,0,0,0

APPTR,I23-Z,23,D209J
IF,D209J,48.650728,44.182231, ,0.0,0.0,2,8000,0,0,0,0,1,0
AF,D170J,48.612542,44.342853,1,WGD,170.2,10.1,209.0,2,4000,0,0,0,0,0,0
AF,D111J,48.694989,44.562269,1,WGD,110.6,10.1,170.0,2,4000,0,0,0,0,0,0
AF,D069J,48.812572,44.593503,1,WGD,69.0,10.1,111.0,2,2700,0,0,0,0,0,0
CI,0,IWD,0.0,264.0,0,0,0,0,0,0,0,0

APPTR,I23-Z,23,D237J
IF,D237J,48.714522,44.109689, ,0.0,0.0,2,4000,0,0,0,0,1,0
AF,D349J,48.948931,44.339422,2,WGD,349.1,10.1,237.0,2,4000,0,0,0,0,0,0
AF,D020J,48.926242,44.471403,2,WGD,20.1,10.1,349.0,2,3000,0,0,0,0,0,0
AF,D038J,48.893144,44.533069,2,WGD,38.0,10.1,20.0,2,2700,0,0,0,0,0,0
CI,0,IWD,0.0,204.0,0,0,0,0,0,0,0,0

APPTR,I23-Z,23,D308J
IF,D308J,48.905308,44.172242, ,0.0,0.0,2,4000,0,0,0,0,1,0
AF,D349J,48.948931,44.339422,2,WGD,349.1,10.1,308.0,2,4000,0,0,0,0,0,0
AF,D020J,48.926242,44.471403,2,WGD,20.1,10.1,349.0,2,3000,0,0,0,0,0,0
AF,D038J,48.893144,44.533069,2,WGD,38.0,10.1,20.0,2,2700,0,0,0,0,0,0
CI,0,IWD,0.0,204.0,0,0,0,0,0,0,0,0

APPTR,I23-Z,23,D330J
IF,D330J,48.938356,44.254447, ,0.0,0.0,2,4000,0,0,0,0,1,0
AF,D349J,48.948931,44.339422,2,WGD,349.1,10.1,330.0,2,4000,0,0,0,0,0,0
AF,D020J,48.926242,44.471403,2,WGD,20.1,10.1,349.0,2,3000,0,0,0,0,0,0
AF,D038J,48.893144,44.533069,2,WGD,38.0,10.1,20.0,2,2700,0,0,0,0,0,0
CI,0,IWD,0.0,204.0,0,0,0,0,0,0,0,0

APPTR,I23-Z,23,D349J
IF,D349J,48.948931,44.339422, ,0.0,0.0,2,4000,0,0,0,0,1,0
AF,D020J,48.926242,44.471403,2,WGD,20.1,10.1,349.0,2,3000,0,0,0,0,0,0
AF,D038J,48.893144,44.533069,2,WGD,38.0,10.1,20.0,2,2700,0,0,0,0,0,0
CI,0,IWD,0.0,204.0,0,0,0,0,0,0,0,0

FINAL,I23-Z,23,I,3
IF,CF23Z,48.854911,44.571986,IWD,54.3,11.6,1,2700,0,0,0,0,0,0
CF,FF23,48.819047,44.458144,0,IWD,54.3,6.6,234.0,5.0,1,2000,0,0,0,0,2,0
CF,RW23,48.785728,44.352847,0,IWD,54.3,1.9,234.0,4.6,1,526,0,0,0,0,3,0
CA,0,234.0,2,1400,0,0,0,0,0,0
CI,2, ,0.0,39.0,0,0,0,1,205,0,0,0
CF,D349O,49.022197,44.337636,0,WGD,349.1,14.5,349.0,11.0,2,4000,0,0,0,0,0,0
HM,D349O,49.022197,44.337636,1, ,0.0,0.0,169.0,04.3,2,4000,0,0,0,0,0,0,0

APPTR,J05,05,WW001
IF,WW001,48.621083,44.184250, ,0.0,0.0,2,2800,0,0,0,0,1,0
TF,WW002,48.711139,44.118889,0,G05A,0.0,0.0,0.0,0.0,2,2500,0,1,210,0,1,0

APPTR,J05,05,WW003
IF,WW003,48.801167,44.053278, ,0.0,0.0,2,2800,0,0,0,0,1,0
TF,WW002,48.711139,44.118889,0,G05A,0.0,0.0,0.0,0.0,2,2500,0,1,210,0,1,0

FINAL,J05,05,G,3
IF,WW002,48.711139,44.118889,G05A,0.0,0.0,2,2500,0,1,210,0,0,0
TF,WW104,48.740333,44.210028,0,G05A,0.0,0.0,54.0,4.0,1,2000,0,0,0,0,2,0
TF,RW05,48.774825,44.318508,0,G05A,0.0,0.0,54.0,4.8,1,459,0,0,0,0,3,1
CA,0,54.0,2,1400,0,0,0,0,0,0
DF,WW021,49.002361,44.525361,0, ,0.0,0.0,2,3000,0,0,0,0,0,1
HM,WW021,49.002361,44.525361,1, ,0.0,0.0,199.0,04.3,0,0,0,0,0,0,0,0,0

APPTR,J23,23,WW006
IF,WW006,48.940694,44.492861, ,0.0,0.0,4,4000,2600,0,0,0,1,0
TF,WW009,48.850583,44.558083,0,G23A,0.0,0.0,0.0,0.0,1,2600,0,1,225,0,1,0

APPTR,J23,23,WW007
IF,WW007,48.893472,44.694778, ,0.0,0.0,4,4000,2600,0,0,0,1,0
TF,WW009,48.850583,44.558083,0,G23A,0.0,0.0,0.0,0.0,1,2600,0,1,225,0,1,0

APPTR,J23,23,WW008
IF,WW008,48.760417,44.623083, ,0.0,0.0,4,4000,2600,0,0,0,1,0
TF,WW009,48.850583,44.558083,0,G23A,0.0,0.0,0.0,0.0,1,2600,0,1,225,0,1,0

FINAL,J23,23,G,3
IF,WW009,48.850583,44.558083,G23A,0.0,0.0,1,2600,0,1,225,0,0,0
TF,WW110,48.818667,44.456778,0,G23A,0.0,0.0,234.0,4.5,1,2000,0,0,0,0,2,0
TF,RW23,48.785728,44.352847,0,G23A,0.0,0.0,234.0,4.6,1,526,0,0,0,0,3,1
CA,0,234.0,2,1400,0,0,0,0,0,0
DF,WW005,49.021778,44.335056,2, ,0.0,0.0,2,4000,0,0,0,0,0,1
HM,WW005,49.021778,44.335056,1, ,0.0,0.0,169.0,04.3,0,0,0,0,0,0,0,0,0

FINAL,Q05-Z,05,N,2
IF,FQ06,48.743078,44.206231,WG,0.0,0.0,1,2000,0,0,0,0,2,0
CF,RW05,48.774825,44.318508,0,WGD,0.0,1.1,58.0,4.9,1,459,0,0,0,0,3,0
CF,WG,48.779528,44.342333,0,WGD,202.3,0.1,58.0,1.0,0,0,0,0,0,0,0,1
CA,0,58.0,2,1400,0,0,0,0,0,0
DF,WG,48.779528,44.342333,1, ,0.0,0.0,2,2300,0,0,0,0,0,0

FINAL,Q23-Z,23,N,2
IF,FQ23,48.822578,44.455400,WG,0.0,0.0,1,2000,0,0,0,0,2,0
CF,RW23,48.785728,44.352847,0,WGD,0.0,0.5,230.0,4.6,1,526,0,0,0,0,3,0
CF,WG,48.779528,44.342333,0,WGD,202.3,0.1,230.0,0.6,0,0,0,0,0,0,0,1
CA,0,230.0,2,1400,0,0,0,0,0,0
DF,WG,48.779528,44.342333,2, ,0.0,0.0,2,2300,0,0,0,0,0,0

APPTR,R05,05,WW001
IF,WW001,48.621083,44.184250, ,0.0,0.0,2,2800,0,0,0,0,1,0
TF,WW002,48.711139,44.118889,0, ,0.0,0.0,0.0,0.0,2,2500,0,1,210,0,1,0

APPTR,R05,05,WW003
IF,WW003,48.801167,44.053278, ,0.0,0.0,2,2800,0,0,0,0,1,0
TF,WW002,48.711139,44.118889,0, ,0.0,0.0,0.0,0.0,2,2500,0,1,210,0,1,0

FINAL,R05,05,R,3
IF,WW002,48.711139,44.118889, ,0.0,0.0,2,2500,0,1,210,0,0,0
TF,WW004,48.739500,44.207583,0, ,0.0,0.0,54.0,3.9,1,2000,0,0,0,0,2,0
TF,RW05,48.774825,44.318508,0, ,0.0,0.0,54.0,4.9,1,456,0,0,0,0,3,1
CA,0,54.0,2,1400,0,0,0,0,0,0
DF,WW021,49.002361,44.525361,0, ,0.0,0.0,2,3000,0,0,0,0,0,1
HM,WW021,49.002361,44.525361,1, ,0.0,0.0,199.0,04.3,0,0,0,0,0,0,0,0,0

APPTR,R23,23,WW006
IF,WW006,48.940694,44.492861, ,0.0,0.0,4,4000,2600,0,0,0,1,0
TF,WW009,48.850583,44.558083,0, ,0.0,0.0,0.0,0.0,1,2600,0,1,225,0,1,0

APPTR,R23,23,WW007
IF,WW007,48.893472,44.694778, ,0.0,0.0,4,4000,2600,0,0,0,1,0
TF,WW009,48.850583,44.558083,0, ,0.0,0.0,0.0,0.0,1,2600,0,1,225,0,1,0

APPTR,R23,23,WW008
IF,WW008,48.760417,44.623083, ,0.0,0.0,4,4000,2600,0,0,0,1,0
TF,WW009,48.850583,44.558083,0, ,0.0,0.0,0.0,0.0,1,2600,0,1,225,0,1,0

FINAL,R23,23,R,3
IF,WW009,48.850583,44.558083, ,0.0,0.0,1,2600,0,1,225,0,0,0
TF,WW010,48.819333,44.458667,0, ,0.0,0.0,234.0,4.4,1,2000,0,0,0,0,2,0
TF,RW23,48.785728,44.352847,0, ,0.0,0.0,234.0,4.7,1,525,0,0,0,0,3,1
CA,0,234.0,2,1400,0,0,0,0,0,0
DF,WW005,49.021778,44.335056,2, ,0.0,0.0,2,4000,0,0,0,0,0,1
HM,WW005,49.021778,44.335056,1, ,0.0,0.0,169.0,04.3,0,0,0,0,0,0,0,0,0

