SID,BAGE1G,02,2
CA,0,16.0,2,900,0,0,0,0,0,0
CI,0, ,0.0,318.0,0,0,0,0,0,0,0,0
CF,BAGER,56.013333,65.384722,0,LBN,56.5,138.1,346.0,26.0,2,7000,0,0,0,0,0,0

SID,BAGE1H,20,2
CA,0,196.0,2,900,0,0,0,0,0,0
DF,U,55.494306,65.434750,1, ,0.0,0.0,0,0,0,0,0,0,0,0
TF,BAGER,56.013333,65.384722,0, ,0.0,0.0,0.0,0.0,2,7000,0,0,0,0,0,0

SID,BAGE1J,02,5
CA,0,16.0,2,900,0,0,0,0,0,0
DF,BAGER,56.013333,65.384722,0, ,0.0,0.0,2,7000,0,0,0,0,0,0

SID,BAGE1K,20,5
CA,0,196.0,2,900,0,0,0,0,0,0
DF,UU018,55.559889,65.657806,1, ,0.0,0.0,0,0,0,1,230,0,0,1
DF,BAGER,56.013333,65.384722,0, ,0.0,0.0,2,7000,0,0,0,0,0,0

SID,BEKA1G,02,2
CA,0,16.0,2,900,0,0,0,0,0,0
DF,R,55.456083,65.395722,2, ,0.0,0.0,0,0,0,0,0,0,0,0
TF,BEKAT,55.475278,64.465278,0, ,0.0,0.0,0.0,0.0,2,8000,0,0,0,0,0,0

SID,BEKA1H,20,2
CA,0,196.0,2,900,0,0,0,0,0,0
DF,U,55.494306,65.434750,1, ,0.0,0.0,0,0,0,0,0,0,0,0
TF,BEKAT,55.475278,64.465278,0, ,0.0,0.0,0.0,0.0,2,8000,0,0,0,0,0,0

SID,BEKA1J,02,5
CA,0,16.0,2,900,0,0,0,0,0,0
DF,UU016,55.645528,65.317583,0, ,0.0,0.0,0,0,0,1,230,0,0,0
TF,UU017,55.638583,65.037417,0, ,0.0,0.0,0.0,0.0,0,0,0,1,230,0,0,0
TF,BEKAT,55.475278,64.465278,0, ,0.0,0.0,0.0,0.0,2,8000,0,0,0,0,0,0

SID,BEKA1K,20,5
CA,0,196.0,2,900,0,0,0,0,0,0
DF,UU018,55.559889,65.657806,1, ,0.0,0.0,0,0,0,1,265,0,0,1
DF,UU019,55.645972,65.283111,1, ,0.0,0.0,0,0,0,0,0,0,0,0
TF,BEKAT,55.475278,64.465278,0, ,0.0,0.0,0.0,0.0,2,8000,0,0,0,0,0,0

SID,BEKA1X,20,5
CA,0,196.0,2,640,0,0,0,0,0,0
DF,UU020,55.371694,65.309778,0, ,0.0,0.0,0,0,0,0,0,0,0,1
DF,BEKAT,55.475278,64.465278,0, ,0.0,0.0,2,8000,0,0,0,0,0,0

SID,DIZN1G,02,2
CA,0,16.0,2,900,0,0,0,0,0,0
DF,R,55.456083,65.395722,2, ,0.0,0.0,0,0,0,0,0,0,0,0
TF,DIZNA,55.553056,64.475833,0, ,0.0,0.0,0.0,0.0,2,7000,0,0,0,0,0,0

SID,DIZN1H,20,2
CA,0,196.0,2,900,0,0,0,0,0,0
DF,U,55.494306,65.434750,1, ,0.0,0.0,0,0,0,0,0,0,0,0
TF,DIZNA,55.553056,64.475833,0, ,0.0,0.0,0.0,0.0,2,7000,0,0,0,0,0,0

SID,DIZN1J,02,5
CA,0,16.0,2,900,0,0,0,0,0,0
DF,UU016,55.645528,65.317583,0, ,0.0,0.0,0,0,0,1,230,0,0,0
TF,UU017,55.638583,65.037417,0, ,0.0,0.0,0.0,0.0,0,0,0,1,230,0,0,0
TF,DIZNA,55.553056,64.475833,0, ,0.0,0.0,0.0,0.0,2,8000,0,0,0,0,0,0

SID,DIZN1K,20,5
CA,0,196.0,2,900,0,0,0,0,0,0
DF,UU018,55.559889,65.657806,1, ,0.0,0.0,0,0,0,1,265,0,0,1
DF,UU019,55.645972,65.283111,1, ,0.0,0.0,0,0,0,0,0,0,0,0
TF,DIZNA,55.553056,64.475833,0, ,0.0,0.0,0.0,0.0,2,8000,0,0,0,0,0,0

SID,DIZN1X,20,5
CA,0,196.0,2,640,0,0,0,0,0,0
DF,UU020,55.371694,65.309778,0, ,0.0,0.0,0,0,0,0,0,0,0,1
DF,DIZNA,55.553056,64.475833,0, ,0.0,0.0,2,8000,0,0,0,0,0,0

SID,DONU1G,02,2
CA,0,16.0,2,900,0,0,0,0,0,0
DF,R,55.456083,65.395722,2, ,0.0,0.0,0,0,0,0,0,0,0,0
TF,DONUS,54.996944,64.933611,0, ,0.0,0.0,0.0,0.0,2,9000,0,0,0,0,0,0

SID,DONU1H,20,2
CA,0,196.0,2,900,0,0,0,0,0,0
CF,DONUS,54.996944,64.933611,0,LBN,83.6,119.0,196.0,31.0,2,9000,0,0,0,0,0,0

SID,DONU1J,02,5
CA,0,16.0,2,900,0,0,0,0,0,0
DF,UU015,55.225222,65.237639,2, ,0.0,0.0,0,0,0,0,0,0,0,0
TF,DONUS,54.996944,64.933611,0, ,0.0,0.0,0.0,0.0,2,9000,0,0,0,0,0,0

SID,DONU1K,20,5
CA,0,196.0,2,900,0,0,0,0,0,0
DF,UU025,55.231389,65.212917,0, ,0.0,0.0,0,0,0,0,0,0,0,0
TF,DONUS,54.996944,64.933611,0, ,0.0,0.0,0.0,0.0,2,9000,0,0,0,0,0,0

SID,MILS1G,02,2
CA,0,16.0,2,900,0,0,0,0,0,0
CI,0, ,0.0,89.0,0,0,0,0,0,0,0,0
CF,MILSU,55.653056,66.312500,0,LBN,66.8,165.0,55.0,26.0,2,7000,0,0,0,0,0,0

SID,MILS1H,20,2
CA,0,196.0,2,900,0,0,0,0,0,0
DF,U,55.494306,65.434750,1, ,0.0,0.0,0,0,0,0,0,0,0,0
TF,MILSU,55.653056,66.312500,0, ,0.0,0.0,0.0,0.0,2,7000,0,0,0,0,0,0

SID,MILS1J,02,5
CA,0,16.0,2,900,0,0,0,0,0,0
DF,MILSU,55.653056,66.312500,0, ,0.0,0.0,2,7000,0,0,0,0,0,0

SID,MILS1K,20,5
CA,0,196.0,2,900,0,0,0,0,0,0
DF,MILSU,55.653056,66.312500,1, ,0.0,0.0,2,7000,0,0,0,0,0,0

STAR,ARLA1B,20,2
IF,ARLAD,55.510278,66.361944, ,0.0,0.0,2,7000,0,0,0,0,0,0
TF,U,55.494306,65.434750,0, ,0.0,0.0,0.0,0.0,2,3000,0,0,0,0,0,0

STAR,ARLA1D,02,2
IF,ARLAD,55.510278,66.361944, ,0.0,0.0,2,7000,0,0,0,0,0,0
TF,R,55.456083,65.395722,0, ,0.0,0.0,0.0,0.0,2,3000,0,0,0,0,0,0

STAR,ARLA1E,20,5
IF,ARLAD,55.510278,66.361944, ,0.0,0.0,2,8000,0,0,0,0,0,0
TF,UU009,55.578667,65.727083,0, ,0.0,0.0,0.0,0.0,2,3000,0,0,0,0,0,0

STAR,ARLA1F,02,5
IF,ARLAD,55.510278,66.361944, ,0.0,0.0,2,8000,0,0,0,0,0,0
TF,UU003,55.263972,65.404250,0, ,0.0,0.0,0.0,0.0,2,3000,0,0,0,0,0,0

STAR,BAGE1B,20,2
IF,BAGER,56.013333,65.384722, ,0.0,0.0,2,7000,0,0,0,0,0,0
TF,U,55.494306,65.434750,0, ,0.0,0.0,0.0,0.0,2,3000,0,0,0,0,0,0

STAR,BAGE1D,02,2
IF,BAGER,56.013333,65.384722, ,0.0,0.0,2,7000,0,0,0,0,0,0
TF,R,55.456083,65.395722,0, ,0.0,0.0,0.0,0.0,2,3000,0,0,0,0,0,0

STAR,BAGE1E,20,5
IF,BAGER,56.013333,65.384722, ,0.0,0.0,2,7000,0,0,0,0,0,0
TF,UU008,55.680083,65.419944,0, ,0.0,0.0,0.0,0.0,2,3000,0,0,0,0,0,0

STAR,BAGE1F,02,5
IF,BAGER,56.013333,65.384722, ,0.0,0.0,2,7000,0,0,0,0,0,0
TF,UU013,55.336972,65.478583,0, ,0.0,0.0,0.0,0.0,0,0,0,0,0,0,0,0
TF,UU003,55.263972,65.404250,0, ,0.0,0.0,0.0,0.0,2,3000,0,0,0,0,0,0

STAR,DIZN1B,20,2
IF,DIZNA,55.553056,64.475833, ,0.0,0.0,2,7000,0,0,0,0,0,0
TF,U,55.494306,65.434750,0, ,0.0,0.0,0.0,0.0,2,3000,0,0,0,0,0,0

STAR,DIZN1D,02,2
IF,DIZNA,55.553056,64.475833, ,0.0,0.0,2,7000,0,0,0,0,0,0
TF,R,55.456083,65.395722,0, ,0.0,0.0,0.0,0.0,2,3000,0,0,0,0,0,0

STAR,DIZN1E,20,5
IF,DIZNA,55.553056,64.475833, ,0.0,0.0,2,7000,0,0,0,0,0,0
TF,UU008,55.680083,65.419944,0, ,0.0,0.0,0.0,0.0,2,3000,0,0,0,0,0,0

STAR,DIZN1F,02,5
IF,DIZNA,55.553056,64.475833, ,0.0,0.0,2,7000,0,0,0,0,0,0
TF,UU014,55.468611,65.188833,0, ,0.0,0.0,0.0,0.0,0,0,0,0,0,0,0,0
TF,UU013,55.336972,65.478583,0, ,0.0,0.0,0.0,0.0,0,0,0,0,0,0,0,0
TF,UU003,55.263972,65.404250,0, ,0.0,0.0,0.0,0.0,2,3000,0,0,0,0,0,0

STAR,DIZN1W,02,5
IF,DIZNA,55.553056,64.475833, ,0.0,0.0,2,7000,0,0,0,0,0,0
TF,UU023,55.364611,65.098694,0, ,0.0,0.0,0.0,0.0,2,3000,0,0,0,0,0,0

STAR,DONU1B,20,2
IF,DONUS,54.996944,64.933611, ,0.0,0.0,2,9000,0,0,0,0,0,0
TF,U,55.494306,65.434750,0, ,0.0,0.0,0.0,0.0,2,3000,0,0,0,0,0,0

STAR,DONU1D,02,2
IF,DONUS,54.996944,64.933611, ,0.0,0.0,2,9000,0,0,0,0,0,0
TF,R,55.456083,65.395722,0, ,0.0,0.0,0.0,0.0,2,3000,0,0,0,0,0,0

STAR,DONU1E,20,5
IF,DONUS,54.996944,64.933611, ,0.0,0.0,2,9000,0,0,0,0,0,0
TF,UU011,55.505806,65.651806,0, ,0.0,0.0,0.0,0.0,0,0,0,0,0,0,0,0
TF,UU009,55.578667,65.727083,0, ,0.0,0.0,0.0,0.0,2,3000,0,0,0,0,0,0

STAR,DONU1F,02,5
IF,DONUS,54.996944,64.933611, ,0.0,0.0,2,9000,0,0,0,0,0,0
TF,UU021,55.176917,65.316000,0, ,0.0,0.0,0.0,0.0,0,0,0,0,0,0,0,0
TF,UU003,55.263972,65.404250,0, ,0.0,0.0,0.0,0.0,2,3000,0,0,0,0,0,0

STAR,DONU1W,02,5
IF,DONUS,54.996944,64.933611, ,0.0,0.0,2,9000,0,0,0,0,0,0
TF,UU022,55.227333,65.163750,0, ,0.0,0.0,0.0,0.0,2,3000,0,0,0,0,0,0

STAR,TABE1B,20,2
IF,TABES,55.738056,64.584722, ,0.0,0.0,2,7000,0,0,0,0,0,0
TF,U,55.494306,65.434750,0, ,0.0,0.0,0.0,0.0,2,3000,0,0,0,0,0,0

STAR,TABE1D,02,2
IF,TABES,55.738056,64.584722, ,0.0,0.0,2,7000,0,0,0,0,0,0
TF,R,55.456083,65.395722,0, ,0.0,0.0,0.0,0.0,2,3000,0,0,0,0,0,0

STAR,TABE1E,20,5
IF,TABES,55.738056,64.584722, ,0.0,0.0,2,7000,0,0,0,0,0,0
TF,UU008,55.680083,65.419944,0, ,0.0,0.0,0.0,0.0,2,3000,0,0,0,0,0,0

STAR,TABE1F,02,5
IF,TABES,55.738056,64.584722, ,0.0,0.0,2,7000,0,0,0,0,0,0
TF,UU014,55.468611,65.188833,0, ,0.0,0.0,0.0,0.0,0,0,0,0,0,0,0,0
TF,UU013,55.336972,65.478583,0, ,0.0,0.0,0.0,0.0,0,0,0,0,0,0,0,0
TF,UU003,55.263972,65.404250,0, ,0.0,0.0,0.0,0.0,2,3000,0,0,0,0,0,0

STAR,TABE1W,02,5
IF,TABES,55.738056,64.584722, ,0.0,0.0,2,7000,0,0,0,0,0,0
TF,UU023,55.364611,65.098694,0, ,0.0,0.0,0.0,0.0,2,3000,0,0,0,0,0,0

APPTR,I02-X,02,R1
IF,R,55.456083,65.395722, ,0.0,0.0,2,3000,0,0,0,0,1,0
CD, ,0,0,0,KU,0,0.0,172.0,9.4,2,2700,0,0,0,0,0,0
CF,CF02X,55.338122,65.275625,2,IRD,196.2,10.4,16.0,1.0,2,2700,0,0,0,0,0,0

APPTR,I02-X,02,R2
IF,R,55.456083,65.395722, ,0.0,0.0,2,3000,0,0,0,0,1,0
CD, ,0,0,0,KU,0,0.0,182.0,9.4,2,2700,0,0,0,0,0,0
CF,CF02X,55.338122,65.275625,2,IRD,196.2,10.4,16.0,1.0,2,2700,0,0,0,0,0,0

FINAL,I02-X,02,I,3
IF,CF02X,55.338122,65.275625,IRD,196.2,10.4,2,2700,0,0,0,0,0,0
CF,FF02,55.387500,65.325833,0,IRD,196.2,7.0,16.0,3.4,1,2000,0,0,0,0,2,0
CF,RW02,55.464964,65.404817,0,IRD,196.2,1.6,16.0,5.4,1,289,0,0,0,0,3,0
CA,0,16.0,2,1500,0,0,0,0,0,0
DF,R,55.456083,65.395722,2, ,0.0,0.0,2,2700,0,0,0,0,0,0

APPTR,I02-Z,02,UU003
IF,UU003,55.263972,65.404250, ,0.0,0.0,2,3000,0,0,0,0,1,0
TF,UU002,55.314389,65.251667,0,IRD,0.0,0.0,0.0,0.0,2,2000,0,0,0,0,1,0

APPTR,I02-Z,02,UU022
IF,UU022,55.227333,65.163750, ,0.0,0.0,2,3000,0,0,0,0,1,0
TF,UU002,55.314389,65.251667,0,IRD,0.0,0.0,0.0,0.0,2,2000,0,0,0,0,1,0

APPTR,I02-Z,02,UU023
IF,UU023,55.364611,65.098694, ,0.0,0.0,2,3000,0,0,0,0,1,0
TF,UU002,55.314389,65.251667,0,IRD,0.0,0.0,0.0,0.0,2,2000,0,0,0,0,1,0

FINAL,I02-Z,02,I,3
IF,UU002,55.314389,65.251667,IRD,196.2,12.1,2,2000,0,0,0,0,0,0
CF,FF02,55.387500,65.325833,0,IRD,196.2,7.0,16.0,5.1,1,2000,0,0,0,0,2,0
CF,RW02,55.464964,65.404817,0,IRD,196.2,1.6,16.0,5.4,1,289,0,0,0,0,3,0
CA,0,16.0,2,900,0,0,0,0,0,0
DF,UU013,55.336972,65.478583,2, ,0.0,0.0,0,0,0,0,0,0,0,0
TF,UU003,55.263972,65.404250,0, ,0.0,0.0,0.0,0.0,2,2700,0,0,0,0,0,0

APPTR,I20-X,20,U1
IF,U,55.494306,65.434750, ,0.0,0.0,2,3000,0,0,0,0,1,0
CD, ,0,0,0,KU,0,0.0,43.0,9.7,2,2700,0,0,0,0,0,0
CF,CF20X,55.613556,65.557411,1,IUN,16.2,10.7,196.0,1.0,2,2700,0,0,0,0,0,0

APPTR,I20-X,20,U2
IF,U,55.494306,65.434750, ,0.0,0.0,2,3000,0,0,0,0,1,0
CD, ,0,0,0,KU,0,0.0,25.0,9.7,2,2700,0,0,0,0,0,0
CF,CF20X,55.613556,65.557411,1,IUN,16.2,10.7,196.0,1.0,2,2700,0,0,0,0,0,0

FINAL,I20-X,20,I,3
IF,CF20X,55.613556,65.557411,IUN,16.2,10.7,2,2700,0,0,0,0,0,0
CF,FF20,55.556389,65.498333,0,IUN,16.1,6.7,196.0,4.0,1,1700,0,0,0,0,2,0
CF,RW20,55.485164,65.425467,0,IUN,16.1,1.8,196.0,5.0,1,285,0,0,0,0,3,0
CA,0,196.0,2,1100,0,0,0,0,0,0
DF,U,55.494306,65.434750,1, ,0.0,0.0,2,2700,0,0,0,0,0,0

APPTR,I20-Z,20,UU008
IF,UU008,55.680083,65.419944, ,0.0,0.0,2,3000,0,0,0,0,1,0
TF,UU007,55.629472,65.573722,0,IUN,0.0,0.0,0.0,0.0,2,1700,0,0,0,0,1,0

APPTR,I20-Z,20,UU009
IF,UU009,55.578667,65.727083, ,0.0,0.0,2,3000,0,0,0,0,1,0
TF,UU007,55.629472,65.573722,0,IUN,0.0,0.0,0.0,0.0,2,1700,0,0,0,0,1,0

FINAL,I20-Z,20,I,3
IF,UU007,55.629472,65.573722,IUN,16.1,11.8,2,1700,0,0,0,0,0,0
CF,FF20,55.556389,65.498333,0,IUN,16.1,6.7,196.0,5.1,1,1700,0,0,0,0,2,0
CF,RW20,55.485164,65.425467,0,IUN,16.1,1.8,196.0,5.0,1,285,0,0,0,0,3,0
CA,0,196.0,2,900,0,0,0,0,0,0
DF,UU011,55.505806,65.651806,1, ,0.0,0.0,0,0,0,0,0,0,0,0
TF,UU009,55.578667,65.727083,0, ,0.0,0.0,0.0,0.0,2,2700,0,0,0,0,0,0

APPTR,J02,02,UU003
IF,UU003,55.263972,65.404250, ,0.0,0.0,2,3000,0,0,0,0,1,0
TF,UU002,55.314389,65.251667,0,G02A,0.0,0.0,0.0,0.0,2,2000,0,0,0,0,1,0

APPTR,J02,02,UU022
IF,UU022,55.227333,65.163750, ,0.0,0.0,2,3000,0,0,0,0,1,0
TF,UU002,55.314389,65.251667,0,G02A,0.0,0.0,0.0,0.0,2,2000,0,0,0,0,1,0

APPTR,J02,02,UU023
IF,UU023,55.364611,65.098694, ,0.0,0.0,2,3000,0,0,0,0,1,0
TF,UU002,55.314389,65.251667,0,G02A,0.0,0.0,0.0,0.0,2,2000,0,0,0,0,1,0

FINAL,J02,02,G,3
IF,UU002,55.314389,65.251667,G02A,0.0,0.0,2,2000,0,0,0,0,0,0
TF,UU001,55.387472,65.325833,0,G02A,0.0,0.0,16.0,5.1,1,2000,0,0,0,0,2,0
TF,RW02,55.464964,65.404817,0,G02A,0.0,0.0,16.0,5.4,1,289,0,0,0,0,3,1
CA,0,16.0,2,900,0,0,0,0,0,0
DF,UU013,55.336972,65.478583,2, ,0.0,0.0,0,0,0,0,0,0,0,0
TF,UU003,55.263972,65.404250,0, ,0.0,0.0,0.0,0.0,2,2700,0,0,0,0,0,0

APPTR,J20,20,UU008
IF,UU008,55.680083,65.419944, ,0.0,0.0,2,3000,0,0,0,0,1,0
TF,UU007,55.629472,65.573722,0,G20A,0.0,0.0,0.0,0.0,2,1700,0,0,0,0,1,0

APPTR,J20,20,UU009
IF,UU009,55.578667,65.727083, ,0.0,0.0,2,3000,0,0,0,0,1,0
TF,UU007,55.629472,65.573722,0,G20A,0.0,0.0,0.0,0.0,2,1700,0,0,0,0,1,0

FINAL,J20,20,G,3
IF,UU007,55.629472,65.573722,G20A,0.0,0.0,2,1700,0,0,0,0,0,0
TF,UU006,55.556528,65.498611,0,G20A,0.0,0.0,196.0,5.1,1,1700,0,0,0,0,2,0
TF,RW20,55.485164,65.425467,0,G20A,0.0,0.0,196.0,5.0,1,285,0,0,0,0,3,1
CA,0,196.0,2,900,0,0,0,0,0,0
DF,UU011,55.505806,65.651806,1, ,0.0,0.0,0,0,0,0,0,0,0,0
TF,UU009,55.578667,65.727083,0, ,0.0,0.0,0.0,0.0,2,2700,0,0,0,0,0,0

APPTR,Q02-Y,02,R1
IF,R,55.456083,65.395722, ,0.0,0.0,2,3000,0,0,0,0,1,0
CD, ,0,0,0,KU,0,0.0,172.0,9.4,2,2700,0,0,0,0,0,0
CF,FF02,55.387500,65.325833,2,LBN,72.3,130.5,16.0,4.0,1,2000,0,0,0,0,0,0

APPTR,Q02-Y,02,R2
IF,R,55.456083,65.395722, ,0.0,0.0,2,3000,0,0,0,0,1,0
CD, ,0,0,0,KU,0,0.0,182.0,9.4,2,2700,0,0,0,0,0,0
CF,FF02,55.387500,65.325833,2,LBN,72.3,130.5,16.0,4.0,1,2000,0,0,0,0,0,0

FINAL,Q02-Y,02,N,3
IF,FF02,55.387500,65.325833,R,0.0,0.0,1,2000,0,0,0,0,2,0
CF,RD,55.434361,65.373583,0,R,0.0,0.0,16.0,3.3,1,960,0,0,0,0,0,0
CF,R,55.456083,65.395722,0,KU,0.0,1.2,16.0,1.5,1,486,0,0,0,0,3,0
CA,0,16.0,2,1500,0,0,0,0,0,0
DF,R,55.456083,65.395722,2, ,0.0,0.0,2,2700,0,0,0,0,0,0

APPTR,Q20-Y,20,U1
IF,U,55.494306,65.434750, ,0.0,0.0,2,3000,0,0,0,0,1,0
CD, ,0,0,0,KU,0,0.0,43.0,9.7,2,2700,0,0,0,0,0,0
CF,FF20,55.556389,65.498333,1,LBN,68.1,136.9,196.0,4.0,1,1700,0,0,0,0,0,0

APPTR,Q20-Y,20,U2
IF,U,55.494306,65.434750, ,0.0,0.0,2,3000,0,0,0,0,1,0
CD, ,0,0,0,KU,0,0.0,25.0,9.7,2,2700,0,0,0,0,0,0
CF,FF20,55.556389,65.498333,1,LBN,68.1,136.9,196.0,4.0,1,1700,0,0,0,0,0,0

FINAL,Q20-Y,20,N,3
IF,FF20,55.556389,65.498333,U,0.0,0.0,1,1700,0,0,0,0,2,0
CF,UN,55.518083,65.458528,0,U,0.0,0.0,196.0,2.7,1,940,0,0,0,0,0,0
CF,U,55.494306,65.434750,0,KU,0.0,1.4,196.0,1.6,1,467,0,0,0,0,3,0
CA,0,196.0,2,1100,0,0,0,0,0,0
DF,U,55.494306,65.434750,1, ,0.0,0.0,2,2700,0,0,0,0,0,0

APPTR,R02,02,UU003
IF,UU003,55.263972,65.404250, ,0.0,0.0,2,3000,0,0,0,0,1,0
TF,UU002,55.314389,65.251667,0, ,0.0,0.0,0.0,0.0,2,2000,0,0,0,0,1,0

APPTR,R02,02,UU022
IF,UU022,55.227333,65.163750, ,0.0,0.0,2,3000,0,0,0,0,1,0
TF,UU002,55.314389,65.251667,0, ,0.0,0.0,0.0,0.0,2,2000,0,0,0,0,1,0

APPTR,R02,02,UU023
IF,UU023,55.364611,65.098694, ,0.0,0.0,2,3000,0,0,0,0,1,0
TF,UU002,55.314389,65.251667,0, ,0.0,0.0,0.0,0.0,2,2000,0,0,0,0,1,0

FINAL,R02,02,R,3
IF,UU002,55.314389,65.251667, ,0.0,0.0,2,2000,0,0,0,0,0,0
TF,UU001,55.387472,65.325833,0, ,0.0,0.0,16.0,5.1,1,2000,0,0,0,0,2,0
TF,RW02,55.464964,65.404817,0, ,0.0,0.0,16.0,5.4,1,289,0,0,0,0,3,1
CA,0,16.0,2,900,0,0,0,0,0,0
DF,UU013,55.336972,65.478583,2, ,0.0,0.0,0,0,0,0,0,0,0,0
TF,UU003,55.263972,65.404250,0, ,0.0,0.0,0.0,0.0,2,2700,0,0,0,0,0,0

APPTR,R20,20,UU008
IF,UU008,55.680083,65.419944, ,0.0,0.0,2,3000,0,0,0,0,1,0
TF,UU007,55.629472,65.573722,0, ,0.0,0.0,0.0,0.0,2,1700,0,0,0,0,1,0

APPTR,R20,20,UU009
IF,UU009,55.578667,65.727083, ,0.0,0.0,2,3000,0,0,0,0,1,0
TF,UU007,55.629472,65.573722,0, ,0.0,0.0,0.0,0.0,2,1700,0,0,0,0,1,0

FINAL,R20,20,R,3
IF,UU007,55.629472,65.573722, ,0.0,0.0,2,1700,0,0,0,0,0,0
TF,UU006,55.556528,65.498611,0, ,0.0,0.0,196.0,5.1,1,1700,0,0,0,0,2,0
TF,RW20,55.485164,65.425467,0, ,0.0,0.0,196.0,5.0,1,285,0,0,0,0,3,1
CA,0,196.0,2,900,0,0,0,0,0,0
DF,UU011,55.505806,65.651806,1, ,0.0,0.0,0,0,0,0,0,0,0,0
TF,UU009,55.578667,65.727083,0, ,0.0,0.0,0.0,0.0,2,2700,0,0,0,0,0,0

