SID,JD19D,19,2
CF,CG,37.942250,69.788528,0,TRZ,66.8,124.2,193.0,3.0,2,2700,0,0,0,0,0,0
TF,D220E,37.876831,69.711042,0, ,0.0,0.0,0.0,0.0,2,4600,0,0,0,0,0,1
CF,D300M,38.065000,69.555000,2,TRZ,61.7,116.3,336.0,12.0,2,10000,0,0,0,0,0,0
TF,JD,38.543889,69.313889,0, ,0.0,0.0,0.0,0.0,1,13000,0,0,0,0,0,0

SID,NAV19D,19,2
CF,CG,37.942250,69.788528,0,TRZ,66.8,124.2,193.0,3.0,2,2700,0,0,0,0,0,0
TF,D220E,37.876831,69.711042,0, ,0.0,0.0,0.0,0.0,2,4600,0,0,0,0,0,1
CF,D265K,37.938333,69.558333,0,TRZ,65.2,113.7,307.0,7.0,2,9000,0,0,0,0,0,0
TF,NAVOX,38.083333,69.333333,0, ,0.0,0.0,0.0,0.0,1,11000,0,0,0,0,0,0

SID,RAM19D,19,2
CF,CG,37.942250,69.788528,0,TRZ,66.8,124.2,193.0,3.0,2,2700,0,0,0,0,0,0
TF,D220E,37.876831,69.711042,0, ,0.0,0.0,0.0,0.0,2,4600,0,0,0,0,0,1
CF,D310E,38.000000,69.713333,2,TRZ,64.7,121.9,34.0,6.0,0,0,0,0,0,0,0,1
DF,CG,37.942250,69.788528,2, ,0.0,0.0,2,13000,0,0,0,0,0,0
TF,RAMAN,37.616667,69.900000,0, ,0.0,0.0,0.0,0.0,1,13000,0,0,0,0,0,0

SID,YOVE1A,19,5
CA,0,192.0,2,2630,0,0,0,0,0,0
CF,YOVEK,37.800672,69.737753,0,TRZ,70.3,119.5,192.0,10.0,0,0,0,0,0,0,0,1
DF,JD,38.543889,69.313889,2, ,0.0,0.0,1,20000,0,0,0,0,0,0

SID,YOVE1J,19,5
CA,0,192.0,2,2630,0,0,0,0,0,0
CF,YOVEK,37.800672,69.737753,0,TRZ,70.3,119.5,192.0,10.0,0,0,0,0,0,0,0,1
DF,NAVOX,38.083333,69.333333,2, ,0.0,0.0,1,14000,0,0,0,0,0,0

STAR,JD1A,01,2
IF,JD,38.543889,69.313889, ,0.0,0.0,0,0,0,0,0,0,0,0
TF,CG,37.942250,69.788528,0, ,0.0,0.0,0.0,0.0,0,0,0,0,0,0,0,0

STAR,NAVO1A,01,2
IF,NAVOX,38.083333,69.333333, ,0.0,0.0,0,0,0,0,0,0,0,0
TF,CG,37.942250,69.788528,0, ,0.0,0.0,0.0,0.0,0,0,0,0,0,0,0,0

STAR,RAMA1A,01,2
IF,RAMAN,37.616667,69.900000, ,0.0,0.0,0,0,0,0,0,0,0,0
TF,CG,37.942250,69.788528,0, ,0.0,0.0,0.0,0.0,0,0,0,0,0,0,0,0

STAR,UTSO1J,01,5
IF,NAVOX,38.083333,69.333333, ,0.0,0.0,2,15000,0,0,0,0,0,0
TF,UTSOF,37.832506,69.572044,0, ,0.0,0.0,0.0,0.0,2,8040,0,1,180,0,0,0

STAR,VOBI1N,01,5
IF,JD,38.543889,69.313889, ,0.0,0.0,2,19000,0,0,0,0,0,0
TF,VOBIZ,38.281417,69.522194,0, ,0.0,0.0,0.0,0.0,2,11000,0,0,0,0,0,0
TF,UTSOF,37.832506,69.572044,0, ,0.0,0.0,0.0,0.0,2,8040,0,1,180,0,0,0

APPTR,I01-Z,01,UTSOF
IF,UTSOF,37.832506,69.572044, ,0.0,0.0,2,8040,0,1,180,0,1,0
TF,CEFBO,37.797631,69.736694,0,ICG,0.0,0.0,0.0,0.0,2,4270,0,0,0,0,1,0

FINAL,I01-Z,01,I,3
IF,CEFBO,37.797631,69.736694,ICG,192.0,13.0,2,4270,0,0,0,0,0,0
CF,DOXBI,37.873183,69.763944,0,ICG,192.0,8.3,12.0,4.7,1,4270,0,0,0,0,2,0
CF,RW01,37.974717,69.800656,0,ICG,192.1,2.0,12.0,6.3,1,2207,0,0,0,0,3,0
TF,BECCO,38.061525,69.831292,0, ,0.0,0.0,0.0,0.0,0,0,0,0,0,0,0,1
DF,UTSOF,37.832506,69.572044,1, ,0.0,0.0,1,10000,0,0,0,0,0,0

FINAL,Q01,01,N,4
IF,CF01,37.759467,69.722536,CG,0.0,0.0,1,6090,0,0,0,0,0,0
CF,FQ01,37.806667,69.741667,0,CG,0.0,0.0,13.0,3.0,1,6090,0,0,0,0,2,0
CF,CG,37.942250,69.788528,0,CG,0.0,0.0,13.0,8.4,1,2980,0,0,0,0,0,0
CF,C,37.966528,69.797194,0,KLB,0.0,1.1,13.0,1.6,1,2398,0,0,0,0,3,0
CA,0,13.0,2,5110,0,0,0,0,0,0
DF,CG,37.942250,69.788528,1, ,0.0,0.0,1,10000,0,0,0,0,0,0
HM,CG,37.942250,69.788528,1, ,0.0,0.0,13.0,04.3,2,10000,0,1,215,0,0,0,0

APPTR,R01,01,UTSOF
IF,UTSOF,37.832506,69.572044, ,0.0,0.0,2,8040,0,1,180,0,1,0
TF,CEFBO,37.797631,69.736694,0, ,0.0,0.0,0.0,0.0,2,4270,0,0,0,0,1,0

FINAL,R01,01,R,3
IF,CEFBO,37.797631,69.736694, ,0.0,0.0,2,4270,0,0,0,0,0,0
TF,TUFAM,37.880108,69.767353,0, ,0.0,0.0,12.0,5.2,2,4090,0,0,0,0,2,0
TF,RW01,37.974717,69.800656,0, ,0.0,0.0,12.0,5.9,1,2207,0,0,0,0,3,1
TF,BECCO,38.061525,69.831292,0, ,0.0,0.0,0.0,0.0,0,0,0,0,0,0,0,1
DF,UTSOF,37.832506,69.572044,1, ,0.0,0.0,1,10000,0,0,0,0,0,0

