SID,AZIK1J,35,5
CA,0,346.0,2,1910,0,0,0,0,0,0
CF,TOSUF,38.056583,68.821806,0,TRZ,52.8,85.2,346.0,10.0,0,0,0,0,0,0,0,0
TF,SOPAZ,38.042111,68.654111,0, ,0.0,0.0,0.0,0.0,0,0,0,0,0,0,0,0
TF,AZIKO,37.885250,68.674917,0, ,0.0,0.0,0.0,0.0,0,0,0,0,0,0,0,1
DF,OKTAB,38.181667,68.893333,1, ,0.0,0.0,1,13000,0,0,0,0,0,0

SID,CALT2D,35,2
CA,0,346.0,2,3120,0,0,0,0,0,0
CF,D076D,37.810000,68.796667,1,TRZ,61.6,77.2,169.0,7.0,0,0,0,0,0,0,0,1
DF,NH,37.820917,68.875028,1, ,0.0,0.0,2,8370,0,0,0,0,0,0
TF,SARBA,37.878333,68.976667,0, ,0.0,0.0,0.0,0.0,2,10000,0,0,0,0,0,0
TF,CALTA,37.991667,69.175000,0, ,0.0,0.0,0.0,0.0,2,11000,0,0,0,0,0,0
TF,NAVOX,38.083333,69.333333,0, ,0.0,0.0,0.0,0.0,0,0,0,0,0,0,0,0

SID,CALT4D,17,2
CA,0,166.0,2,4760,0,0,0,0,0,0
CF,NH,37.820917,68.875028,2,TRZ,62.2,80.9,14.0,6.0,2,8370,0,0,0,0,0,0
TF,SARBA,37.878333,68.976667,0, ,0.0,0.0,0.0,0.0,2,10000,0,0,0,0,0,0
TF,CALTA,37.991667,69.175000,0, ,0.0,0.0,0.0,0.0,2,11000,0,0,0,0,0,0
TF,NAVOX,38.083333,69.333333,0, ,0.0,0.0,0.0,0.0,0,0,0,0,0,0,0,0

SID,GULI2D,35,2
CA,0,346.0,2,3120,0,0,0,0,0,0
CF,NH,37.820917,68.875028,1,TRZ,62.2,80.9,142.0,7.0,2,6730,0,0,0,0,0,1
TF,POSEL,37.625000,68.916667,0, ,0.0,0.0,0.0,0.0,2,10000,0,0,0,0,0,0
TF,GULIS,37.578333,68.926667,0, ,0.0,0.0,0.0,0.0,2,11000,0,0,0,0,0,0
TF,PINAX,37.250000,69.100000,0, ,0.0,0.0,0.0,0.0,0,0,0,0,0,0,0,0

SID,GULI4D,17,2
CA,0,166.0,2,3120,0,0,0,0,0,0
CF,D070D,37.803333,68.800000,2,TRZ,61.9,77.2,340.0,3.0,0,0,0,0,0,0,0,1
DF,NH,37.820917,68.875028,2, ,0.0,0.0,2,6400,0,0,0,0,0,0
TF,POSEL,37.625000,68.916667,0, ,0.0,0.0,0.0,0.0,2,11000,0,0,0,0,0,0
TF,GULIS,37.578333,68.926667,0, ,0.0,0.0,0.0,0.0,0,0,0,0,0,0,0,0
TF,PINAX,37.250000,69.100000,0, ,0.0,0.0,0.0,0.0,0,0,0,0,0,0,0,0

SID,LIV41D,17,2
CA,0,166.0,2,4760,0,0,0,0,0,0
CF,D143J,37.966667,68.756667,2,TRZ,54.9,79.8,346.0,15.0,2,12000,0,0,0,0,0,0
TF,LIVDI,38.159444,68.610556,0, ,0.0,0.0,0.0,0.0,0,0,0,0,0,0,0,0
TF,PR,38.537778,68.394444,0, ,0.0,0.0,0.0,0.0,0,0,0,0,0,0,0,0

SID,LIVD2D,35,2
CA,0,346.0,2,3120,0,0,0,0,0,0
CF,D076D,37.810000,68.796667,1,TRZ,61.6,77.2,169.0,7.0,0,0,0,0,0,0,0,1
DF,NH,37.820917,68.875028,1, ,0.0,0.0,2,8370,0,0,0,0,0,0
TF,ILOVA,38.011667,68.721667,0, ,0.0,0.0,0.0,0.0,0,0,0,0,0,0,0,0
TF,LIVDI,38.159444,68.610556,0, ,0.0,0.0,0.0,0.0,2,12000,0,0,0,0,0,0
TF,PR,38.537778,68.394444,0, ,0.0,0.0,0.0,0.0,0,0,0,0,0,0,0,0

SID,LIVD4D,17,2
CA,0,166.0,2,4760,0,0,0,0,0,0
CF,NH,37.820917,68.875028,2,TRZ,62.2,80.9,14.0,6.0,2,8370,0,0,0,0,0,0
TF,ILOVA,38.011667,68.721667,0, ,0.0,0.0,0.0,0.0,2,12000,0,0,0,0,0,0
TF,LIVDI,38.159444,68.610556,0, ,0.0,0.0,0.0,0.0,0,0,0,0,0,0,0,0
TF,PR,38.537778,68.394444,0, ,0.0,0.0,0.0,0.0,0,0,0,0,0,0,0,0

SID,OKT21D,35,2
CA,0,346.0,2,3120,0,0,0,0,0,0
CF,D033E,37.748333,68.806667,1,TRZ,64.3,76.3,169.0,11.0,0,0,0,0,0,0,0,1
CF,NH,37.820917,68.875028,1,TRZ,62.2,80.9,346.0,4.0,2,10000,0,0,0,0,0,0
TF,OKTAB,38.181667,68.893333,0, ,0.0,0.0,0.0,0.0,2,12000,0,0,0,0,0,0

SID,OKTA2D,35,2
CA,0,346.0,2,3120,0,0,0,0,0,0
CF,D076D,37.810000,68.796667,1,TRZ,61.6,77.2,169.0,7.0,0,0,0,0,0,0,0,1
DF,NH,37.820917,68.875028,1, ,0.0,0.0,2,10000,0,0,0,0,0,0
TF,OKTAB,38.181667,68.893333,0, ,0.0,0.0,0.0,0.0,2,12000,0,0,0,0,0,0

SID,OKTA4D,17,2
CA,0,166.0,2,4760,0,0,0,0,0,0
CF,NH,37.820917,68.875028,2,TRZ,62.2,80.9,14.0,6.0,2,10000,0,0,0,0,0,0
TF,OKTAB,38.181667,68.893333,0, ,0.0,0.0,0.0,0.0,2,12000,0,0,0,0,0,0

SID,OTSE1A,17,5
CA,0,166.0,2,1910,0,0,0,0,0,0
CF,OTSEB,37.712778,68.898889,0,TRZ,66.8,79.7,166.0,8.0,0,0,0,0,0,0,0,1
DF,OKTAB,38.181667,68.893333,2, ,0.0,0.0,1,13000,0,0,0,0,0,0

SID,SAMB1B,17,5
CA,0,166.0,2,1910,0,0,0,0,0,0
CF,OTSEB,37.712778,68.898889,0,TRZ,66.8,79.7,166.0,8.0,0,0,0,0,0,0,0,1
DF,SAMBA,38.011667,68.310000,2, ,0.0,0.0,1,12000,0,0,0,0,0,0
TF,NITNI,38.015000,68.301667,0, ,0.0,0.0,0.0,0.0,0,0,0,0,0,0,0,0

SID,SAMB1J,35,5
CA,0,346.0,2,1910,0,0,0,0,0,0
CF,TOSUF,38.056583,68.821806,0,TRZ,52.8,85.2,346.0,10.0,0,0,0,0,0,0,0,0
TF,SAMBA,38.011667,68.310000,0, ,0.0,0.0,0.0,0.0,1,10000,0,0,0,0,0,0
TF,NITNI,38.015000,68.301667,0, ,0.0,0.0,0.0,0.0,0,0,0,0,0,0,0,0

SID,SAMB2D,35,2
CA,0,346.0,2,3120,0,0,0,0,0,0
CF,D076D,37.810000,68.796667,1,TRZ,61.6,77.2,169.0,7.0,0,0,0,0,0,0,0,1
DF,NH,37.820917,68.875028,1, ,0.0,0.0,2,8370,0,0,0,0,0,0
TF,KAILA,37.900000,68.640000,0, ,0.0,0.0,0.0,0.0,2,11000,0,0,0,0,0,0
TF,SAMBA,38.011667,68.310000,0, ,0.0,0.0,0.0,0.0,2,12000,0,0,0,0,0,0
TF,NITNI,38.015000,68.301667,0, ,0.0,0.0,0.0,0.0,0,0,0,0,0,0,0,0

SID,SAMB4D,17,2
CA,0,166.0,2,4760,0,0,0,0,0,0
CF,D108E,37.850000,68.786667,2,TRZ,59.8,77.8,346.0,8.0,2,10000,0,0,0,0,0,0
TF,KAILA,37.900000,68.640000,0, ,0.0,0.0,0.0,0.0,2,12000,0,0,0,0,0,0
TF,SAMBA,38.011667,68.310000,0, ,0.0,0.0,0.0,0.0,0,0,0,0,0,0,0,0
TF,NITNI,38.015000,68.301667,0, ,0.0,0.0,0.0,0.0,0,0,0,0,0,0,0,0

STAR,ACRI1N,35,5
IF,OKTAB,38.181667,68.893333, ,0.0,0.0,2,14000,0,0,0,0,0,0
TF,ACRIS,37.897361,68.695472,0, ,0.0,0.0,0.0,0.0,0,0,0,0,0,0,0,0
TF,RUNAV,37.635364,68.779719,0, ,0.0,0.0,0.0,0.0,2,6070,0,0,0,0,0,0

STAR,ACRI1P,35,5
IF,LIVDI,38.159444,68.610556, ,0.0,0.0,2,13000,0,0,0,0,0,0
TF,ACRIS,37.897361,68.695472,0, ,0.0,0.0,0.0,0.0,2,6890,0,0,0,0,0,0
TF,RUNAV,37.635364,68.779719,0, ,0.0,0.0,0.0,0.0,2,6070,0,0,0,0,0,0

STAR,CALT1A,35,2
IF,NAVOX,38.083333,69.333333, ,0.0,0.0,0,0,0,0,0,0,0,0
TF,CALTA,37.991667,69.175000,0, ,0.0,0.0,0.0,0.0,0,0,0,0,0,0,0,0
TF,SARBA,37.878333,68.976667,0, ,0.0,0.0,0.0,0.0,1,10000,0,0,0,0,0,0
TF,NH,37.820917,68.875028,0, ,0.0,0.0,0.0,0.0,1,6400,0,0,0,0,0,0

STAR,GULI1A,35,2
IF,PINAX,37.250000,69.100000, ,0.0,0.0,0,0,0,0,0,0,0,0
TF,GULIS,37.578333,68.926667,0, ,0.0,0.0,0.0,0.0,0,0,0,0,0,0,0,0
TF,POSEL,37.625000,68.916667,0, ,0.0,0.0,0.0,0.0,1,10000,0,0,0,0,0,0
TF,NH,37.820917,68.875028,0, ,0.0,0.0,0.0,0.0,1,6400,0,0,0,0,0,0

STAR,LIVD1A,35,2
IF,PR,38.537778,68.394444, ,0.0,0.0,0,0,0,0,0,0,0,0
TF,LIVDI,38.159444,68.610556,0, ,0.0,0.0,0.0,0.0,0,0,0,0,0,0,0,0
TF,ILOVA,38.011667,68.721667,0, ,0.0,0.0,0.0,0.0,1,11000,0,0,0,0,0,0
TF,NH,37.820917,68.875028,0, ,0.0,0.0,0.0,0.0,1,6400,0,0,0,0,0,0

STAR,OKTA1A,35,2
IF,OKTAB,38.181667,68.893333, ,0.0,0.0,0,0,0,0,0,0,0,0
TF,ISMAN,38.050000,68.886667,0, ,0.0,0.0,0.0,0.0,1,10000,0,0,0,0,0,0
TF,NH,37.820917,68.875028,0, ,0.0,0.0,0.0,0.0,1,6400,0,0,0,0,0,0

STAR,PINA1N,35,5
IF,PINAX,37.250000,69.100000, ,0.0,0.0,2,14000,0,0,0,0,0,0
TF,CENFU,37.548583,68.938067,0, ,0.0,0.0,0.0,0.0,2,6070,0,0,0,0,0,0

STAR,SAMB1A,35,2
IF,NITNI,38.015000,68.301667, ,0.0,0.0,0,0,0,0,0,0,0,0
TF,SAMBA,38.011667,68.310000,0, ,0.0,0.0,0.0,0.0,0,0,0,0,0,0,0,0
TF,KAILA,37.900000,68.640000,0, ,0.0,0.0,0.0,0.0,1,11000,0,0,0,0,0,0
TF,NH,37.820917,68.875028,0, ,0.0,0.0,0.0,0.0,1,6400,0,0,0,0,0,0

STAR,SAMB1N,35,5
IF,NITNI,38.015000,68.301667, ,0.0,0.0,0,0,0,0,0,0,0,0
TF,SAMBA,38.011667,68.310000,0, ,0.0,0.0,0.0,0.0,2,13000,0,0,0,0,0,0
TF,ADLOK,37.779694,68.600417,0, ,0.0,0.0,0.0,0.0,2,8370,0,0,0,0,0,0
TF,RUNAV,37.635364,68.779719,0, ,0.0,0.0,0.0,0.0,2,6070,0,0,0,0,0,0

APPTR,N35,35,NH
IF,NH,37.820917,68.875028, ,0.0,0.0,1,6400,0,0,0,0,0,0
CF,D008I,37.681667,68.838333,0,NH,187.8,8.5,188.0,8.6,1,4760,0,0,0,0,0,1
CF,D166H,37.691308,68.903922,1,NH,166.0,7.9,346.0,1.0,1,4760,0,0,0,0,0,0
CF,FN35,37.753333,68.890000,0,NH,166.0,4.1,346.0,3.8,1,3780,0,0,0,0,0,0

FINAL,N35,35,N,3
IF,FN35,37.753333,68.890000,NH,0.0,0.0,1,3780,0,0,0,0,2,0
CF,NH,37.820917,68.875028,0,NH,0.0,0.0,346.0,4.2,1,2320,0,0,0,0,0,0
CF,N,37.849889,68.867861,0,NH,0.0,0.0,346.0,1.7,1,1677,0,0,0,0,3,0
CA,0,346.0,2,3120,0,0,0,0,0,0
DF,NH,37.820917,68.875028,1, ,0.0,0.0,1,5420,0,0,0,0,0,0
HM,NH,37.820917,68.875028,1, ,0.0,0.0,346.0,04.3,1,5420,0,0,0,0,0,0,0

APPTR,R35,35,CENFU
IF,CENFU,37.548583,68.938067, ,0.0,0.0,2,6070,0,0,0,0,1,0
TF,OZDON,37.654964,68.913494,0, ,0.0,0.0,0.0,0.0,2,4930,0,0,0,0,1,0

APPTR,R35,35,RUNAV
IF,RUNAV,37.635364,68.779719, ,0.0,0.0,2,6070,0,0,0,0,1,0
TF,OZDON,37.654964,68.913494,0, ,0.0,0.0,0.0,0.0,2,4930,0,0,0,0,1,0

FINAL,R35,35,R,3
IF,OZDON,37.654964,68.913494, ,0.0,0.0,2,4930,0,0,0,0,0,0
TF,ASTIV,37.792831,68.881542,0, ,0.0,0.0,346.0,8.4,2,2760,0,0,0,0,2,0
TF,RW35,37.856922,68.866650,0, ,0.0,0.0,346.0,3.9,1,1525,0,0,0,0,3,1
TF,BEKBI,37.931150,68.849361,0, ,0.0,0.0,0.0,0.0,0,0,0,0,0,0,0,1
DF,RUNAV,37.635364,68.779719,1, ,0.0,0.0,1,6070,0,0,0,0,0,0

