SID,BAMD2D,13,2
CD, ,0,0,0,KLG,0,0.0,133.0,5.6,0,0,0,1,220,0,0,0
DF,WI,54.564444,36.351278,1, ,0.0,0.0,2,3000,0,0,0,0,0,0
TF,BAMDO,54.669444,35.595000,0, ,0.0,0.0,0.0,0.0,2,7000,0,0,0,0,0,0

SID,BAMD2F,13,2
CD, ,0,0,0,KLG,0,0.0,133.0,5.6,0,0,0,1,220,0,0,0
DF,KLG,54.552306,36.369944,1, ,0.0,0.0,2,3000,0,0,0,0,0,0
TF,BAMDO,54.669444,35.595000,0, ,0.0,0.0,0.0,0.0,2,7000,0,0,0,0,0,0

SID,BAMD2G,31,2
CD, ,0,0,0,KLG,0,0.0,313.0,5.2,0,0,0,1,220,0,0,0
CI,0, ,0.0,231.0,0,0,0,0,0,0,0,0
CF,BAMDO,54.669444,35.595000,0,KLG,273.9,27.9,276.0,18.0,2,7000,0,0,0,0,0,0

SID,BAMD2H,31,2
CD, ,0,0,0,KLG,0,0.0,313.0,5.2,0,0,0,1,220,0,0,0
CI,0, ,0.0,229.0,0,0,0,0,0,0,0,0
CF,BAMDO,54.669444,35.595000,0,KLG,273.9,27.9,274.0,19.0,2,7000,0,0,0,0,0,0

SID,BAMD2L,13,5
CF,BC015,54.469056,36.470889,0,KLG,133.8,6.1,133.0,6.0,0,0,0,1,205,0,0,0
TF,BC016,54.405472,36.321556,0, ,0.0,0.0,0.0,0.0,0,0,0,0,0,0,0,0
TF,BAMDO,54.669444,35.595000,0, ,0.0,0.0,0.0,0.0,2,7000,0,0,0,0,0,0

SID,BAMD2M,31,5
CF,BC033,54.635417,36.261861,0,KLG,312.0,6.3,313.0,6.0,0,0,0,0,0,0,0,0
TF,BC035,54.643056,36.118444,0, ,0.0,0.0,0.0,0.0,0,0,0,0,0,0,0,0
TF,BAMDO,54.669444,35.595000,0, ,0.0,0.0,0.0,0.0,2,7000,0,0,0,0,0,0

SID,OBAR2D,13,2
CD, ,0,0,0,KLG,0,0.0,133.0,3.7,0,0,0,1,220,0,0,0
CI,2, ,0.0,250.0,0,0,0,0,0,0,0,0
CF,OBARO,54.180556,35.682500,0,KLG,216.5,32.9,215.0,22.0,2,7000,0,0,0,0,0,0

SID,OBAR2F,13,2
CD, ,0,0,0,KLG,0,0.0,133.0,3.7,0,0,0,1,220,0,0,0
CI,2, ,0.0,244.0,0,0,0,0,0,0,0,0
CF,OBARO,54.180556,35.682500,0,KLG,216.5,32.9,216.0,21.0,2,7000,0,0,0,0,0,0

SID,OBAR2G,31,2
CD, ,0,0,0,KLG,0,0.0,313.0,5.2,0,0,0,1,220,0,0,0
DF,GC,54.532722,36.391333,2, ,0.0,0.0,2,3000,0,0,0,0,0,1
TF,OBARO,54.180556,35.682500,0, ,0.0,0.0,0.0,0.0,2,7000,0,0,0,0,0,0

SID,OBAR2H,31,2
CD, ,0,0,0,KLG,0,0.0,313.0,5.2,0,0,0,1,220,0,0,0
DF,KLG,54.552306,36.369944,2, ,0.0,0.0,2,3000,0,0,0,0,0,0
FD,KLG,54.552306,36.369944,0,KLG,0.0,3.6,178.0,3.6,0,0,0,0,0,0,0,0
CI,0, ,0.0,251.0,0,0,0,0,0,0,0,0
CF,OBARO,54.180556,35.682500,0,KLG,216.5,32.9,216.0,25.0,2,7000,0,0,0,0,0,0

SID,OBAR2L,13,5
CF,BC015,54.469056,36.470889,0,KLG,133.8,6.1,133.0,6.0,0,0,0,1,205,0,0,0
TF,BC016,54.405472,36.321556,0, ,0.0,0.0,0.0,0.0,0,0,0,0,0,0,0,0
TF,OBARO,54.180556,35.682500,0, ,0.0,0.0,0.0,0.0,2,7000,0,0,0,0,0,0

SID,OBAR2M,31,5
CF,BC033,54.635417,36.261861,0,KLG,312.0,6.3,313.0,6.0,0,0,0,0,0,0,0,0
TF,BC035,54.643056,36.118444,0, ,0.0,0.0,0.0,0.0,0,0,0,0,0,0,0,0
TF,OBARO,54.180556,35.682500,0, ,0.0,0.0,0.0,0.0,2,7000,0,0,0,0,0,0

SID,OBAR2N,13,2
CD, ,0,0,0,KLG,0,0.0,133.0,5.6,0,0,0,1,220,0,0,0
DF,KLG,54.552306,36.369944,1, ,0.0,0.0,2,3000,0,0,0,0,0,1
CI,2, ,0.0,261.0,0,0,0,0,0,0,0,0
CF,OBARO,54.180556,35.682500,0,KLG,216.5,32.9,216.0,34.0,2,7000,0,0,0,0,0,0

SID,OTPA2D,13,2
CD, ,0,0,0,KLG,0,0.0,133.0,3.7,0,0,0,1,220,0,0,0
VI,0, ,0.0,177.0,0,0,0,0,0,0,0,0
CF,OTPAD,54.011389,36.716389,0,KLG,148.3,34.7,147.0,28.0,2,7000,0,0,0,0,0,0

SID,OTPA2F,13,2
CD, ,0,0,0,KLG,0,0.0,133.0,3.7,0,0,0,1,220,0,0,0
VI,0, ,0.0,178.0,0,0,0,0,0,0,0,0
CF,OTPAD,54.011389,36.716389,0,KLG,148.3,34.7,148.0,29.0,2,7000,0,0,0,0,0,0

SID,OTPA2G,31,2
CA,0,313.0,2,1200,0,1,220,0,0,0
CI,2, ,0.0,189.0,0,0,0,0,0,0,0,0
CF,OTPAD,54.011389,36.716389,0,KLG,148.3,34.7,149.0,33.0,2,7000,0,0,0,0,0,0

SID,OTPA2H,31,2
CA,0,313.0,2,1200,0,1,220,0,0,0
CI,2, ,0.0,193.0,0,0,0,0,0,0,0,0
CF,OTPAD,54.011389,36.716389,0,KLG,148.3,34.7,148.0,33.0,2,7000,0,0,0,0,0,0

SID,OTPA2L,13,5
CF,BC015,54.469056,36.470889,0,KLG,133.8,6.1,133.0,6.0,0,0,0,0,0,0,0,0
TF,OTPAD,54.011389,36.716389,0, ,0.0,0.0,0.0,0.0,2,7000,0,0,0,0,0,0

SID,OTPA2M,31,5
CF,BC032,54.620944,36.280083,0,KLG,311.8,5.2,313.0,6.0,0,0,0,1,220,0,0,1
DF,GC,54.532722,36.391333,2, ,0.0,0.0,0,0,0,0,0,0,0,0
TF,OTPAD,54.011389,36.716389,0, ,0.0,0.0,0.0,0.0,2,7000,0,0,0,0,0,0

STAR,BAMD2A,ALL,2
IF,BAMDO,54.669444,35.595000, ,0.0,0.0,2,7000,0,0,0,0,0,0
TF,KLG,54.552306,36.369944,0, ,0.0,0.0,0.0,0.0,4,5000,2500,0,0,0,0,0

STAR,BAMD2B,13,2
IF,BAMDO,54.669444,35.595000, ,0.0,0.0,2,7000,0,0,0,0,0,0
TF,WI,54.564444,36.351278,0, ,0.0,0.0,0.0,0.0,4,5000,2500,0,0,0,0,0

STAR,BAMD2C,31,2
IF,BAMDO,54.669444,35.595000, ,0.0,0.0,2,7000,0,0,0,0,0,0
TF,GC,54.532722,36.391333,0, ,0.0,0.0,0.0,0.0,4,5000,2500,0,0,0,0,0

STAR,BAMD2E,13,5
IF,BAMDO,54.669444,35.595000, ,0.0,0.0,2,7000,0,0,0,0,0,0
TF,BC613,54.674556,36.066750,0, ,0.0,0.0,0.0,0.0,1,2500,0,0,0,0,0,0

STAR,BAMD2K,31,5
IF,BAMDO,54.669444,35.595000, ,0.0,0.0,2,7000,0,0,0,0,0,0
TF,BC431,54.347750,36.408889,0, ,0.0,0.0,0.0,0.0,2,2300,0,0,0,0,0,0

STAR,GITI2A,ALL,2
IF,GITIK,54.736667,36.176944, ,0.0,0.0,2,11000,0,0,0,0,0,0
TF,KLG,54.552306,36.369944,0, ,0.0,0.0,0.0,0.0,4,5000,2500,0,0,0,0,0

STAR,GITI2B,13,2
IF,GITIK,54.736667,36.176944, ,0.0,0.0,2,11000,0,0,0,0,0,0
TF,WI,54.564444,36.351278,0, ,0.0,0.0,0.0,0.0,4,5000,2500,0,0,0,0,0

STAR,GITI2C,31,2
IF,GITIK,54.736667,36.176944, ,0.0,0.0,2,11000,0,0,0,0,0,0
TF,GC,54.532722,36.391333,0, ,0.0,0.0,0.0,0.0,4,5000,2500,0,0,0,0,0

STAR,GITI2E,13,5
IF,GITIK,54.736667,36.176944, ,0.0,0.0,2,11000,0,0,0,0,0,0
TF,WI,54.564444,36.351278,0, ,0.0,0.0,0.0,0.0,0,0,0,0,0,0,0,0
TF,BC014,54.474306,36.464361,0, ,0.0,0.0,0.0,0.0,0,0,0,0,0,0,0,0
TF,BC913,54.533361,36.604111,0, ,0.0,0.0,0.0,0.0,0,0,0,0,0,0,0,0
TF,BC813,54.600722,36.520056,0, ,0.0,0.0,0.0,0.0,0,0,0,0,0,0,0,0
TF,BC713,54.668000,36.435750,0, ,0.0,0.0,0.0,0.0,0,0,0,0,0,0,0,0
TF,BC513,54.735222,36.351139,0, ,0.0,0.0,0.0,0.0,2,2500,0,0,0,0,0,0

STAR,GITI2K,31,5
IF,GITIK,54.736667,36.176944, ,0.0,0.0,2,11000,0,0,0,0,0,0
TF,BC813,54.600722,36.520056,0, ,0.0,0.0,0.0,0.0,0,0,0,0,0,0,0,0
TF,BC913,54.533361,36.604111,0, ,0.0,0.0,0.0,0.0,0,0,0,0,0,0,0,0
TF,BC631,54.465972,36.687972,0, ,0.0,0.0,0.0,0.0,2,2300,0,0,0,0,0,0

STAR,OBAR2A,ALL,2
IF,OBARO,54.180556,35.682500, ,0.0,0.0,2,7000,0,0,0,0,0,0
TF,KLG,54.552306,36.369944,0, ,0.0,0.0,0.0,0.0,4,5000,2500,0,0,0,0,0

STAR,OBAR2B,13,2
IF,OBARO,54.180556,35.682500, ,0.0,0.0,2,7000,0,0,0,0,0,0
TF,WI,54.564444,36.351278,0, ,0.0,0.0,0.0,0.0,4,5000,2500,0,0,0,0,0

STAR,OBAR2C,31,2
IF,OBARO,54.180556,35.682500, ,0.0,0.0,2,7000,0,0,0,0,0,0
TF,GC,54.532722,36.391333,0, ,0.0,0.0,0.0,0.0,4,5000,2500,0,0,0,0,0

STAR,OBAR2E,13,5
IF,OBARO,54.180556,35.682500, ,0.0,0.0,2,7000,0,0,0,0,0,0
TF,BC613,54.674556,36.066750,0, ,0.0,0.0,0.0,0.0,1,2500,0,0,0,0,0,0

STAR,OBAR2K,31,5
IF,OBARO,54.180556,35.682500, ,0.0,0.0,2,7000,0,0,0,0,0,0
TF,BC531,54.340639,36.105611,0, ,0.0,0.0,0.0,0.0,0,0,0,0,0,0,0,0
TF,BC431,54.347750,36.408889,0, ,0.0,0.0,0.0,0.0,2,2300,0,0,0,0,0,0

STAR,OTPA2A,ALL,2
IF,OTPAD,54.011389,36.716389, ,0.0,0.0,2,7000,0,0,0,0,0,0
TF,KLG,54.552306,36.369944,0, ,0.0,0.0,0.0,0.0,4,5000,2500,0,0,0,0,0

STAR,OTPA2B,13,2
IF,OTPAD,54.011389,36.716389, ,0.0,0.0,2,7000,0,0,0,0,0,0
TF,WI,54.564444,36.351278,0, ,0.0,0.0,0.0,0.0,4,5000,2500,0,0,0,0,0

STAR,OTPA2C,31,2
IF,OTPAD,54.011389,36.716389, ,0.0,0.0,2,7000,0,0,0,0,0,0
TF,GC,54.532722,36.391333,0, ,0.0,0.0,0.0,0.0,4,5000,2500,0,0,0,0,0

STAR,OTPA2E,13,5
IF,OTPAD,54.011389,36.716389, ,0.0,0.0,2,7000,0,0,0,0,0,0
TF,BC831,54.325500,36.649417,0, ,0.0,0.0,0.0,0.0,0,0,0,0,0,0,0,0
TF,BC913,54.533361,36.604111,0, ,0.0,0.0,0.0,0.0,0,0,0,0,0,0,0,0
TF,BC813,54.600722,36.520056,0, ,0.0,0.0,0.0,0.0,0,0,0,0,0,0,0,0
TF,BC713,54.668000,36.435750,0, ,0.0,0.0,0.0,0.0,0,0,0,0,0,0,0,0
TF,BC513,54.735222,36.351139,0, ,0.0,0.0,0.0,0.0,2,2500,0,0,0,0,0,0

STAR,OTPA2K,31,5
IF,OTPAD,54.011389,36.716389, ,0.0,0.0,2,7000,0,0,0,0,0,0
TF,BC831,54.325500,36.649417,0, ,0.0,0.0,0.0,0.0,2,2300,0,0,0,0,0,0

STAR,SOTO2A,ALL,2
IF,SOTOG,54.733333,36.648056, ,0.0,0.0,2,11000,0,0,0,0,0,0
TF,KLG,54.552306,36.369944,0, ,0.0,0.0,0.0,0.0,4,5000,2500,0,0,0,0,0

STAR,SOTO2B,13,2
IF,SOTOG,54.733333,36.648056, ,0.0,0.0,2,11000,0,0,0,0,0,0
TF,WI,54.564444,36.351278,0, ,0.0,0.0,0.0,0.0,4,5000,2500,0,0,0,0,0

STAR,SOTO2C,31,2
IF,SOTOG,54.733333,36.648056, ,0.0,0.0,2,11000,0,0,0,0,0,0
TF,GC,54.532722,36.391333,0, ,0.0,0.0,0.0,0.0,4,5000,2500,0,0,0,0,0

STAR,SOTO2E,13,5
IF,SOTOG,54.733333,36.648056, ,0.0,0.0,2,11000,0,0,0,0,0,0
TF,WI,54.564444,36.351278,0, ,0.0,0.0,0.0,0.0,0,0,0,0,0,0,0,0
TF,BC014,54.474306,36.464361,0, ,0.0,0.0,0.0,0.0,0,0,0,0,0,0,0,0
TF,BC913,54.533361,36.604111,0, ,0.0,0.0,0.0,0.0,0,0,0,0,0,0,0,0
TF,BC813,54.600722,36.520056,0, ,0.0,0.0,0.0,0.0,0,0,0,0,0,0,0,0
TF,BC713,54.668000,36.435750,0, ,0.0,0.0,0.0,0.0,0,0,0,0,0,0,0,0
TF,BC513,54.735222,36.351139,0, ,0.0,0.0,0.0,0.0,2,2500,0,0,0,0,0,0

STAR,SOTO2K,31,5
IF,SOTOG,54.733333,36.648056, ,0.0,0.0,2,11000,0,0,0,0,0,0
TF,BC813,54.600722,36.520056,0, ,0.0,0.0,0.0,0.0,0,0,0,0,0,0,0,0
TF,BC913,54.533361,36.604111,0, ,0.0,0.0,0.0,0.0,0,0,0,0,0,0,0,0
TF,BC631,54.465972,36.687972,0, ,0.0,0.0,0.0,0.0,2,2300,0,0,0,0,0,0

APPTR,D13,13,KLG1
IF,KLG,54.552306,36.369944, ,0.0,0.0,4,5000,2500,0,0,0,1,0
FD,KLG,54.552306,36.369944,0,KLG,0.0,9.4,330.0,9.4,1,2500,0,0,0,0,0,0
CF,FD13,54.610000,36.289722,1,KLG,310.1,4.5,130.0,6.0,1,2000,0,1,205,0,0,0

APPTR,D13,13,KLG2
IF,KLG,54.552306,36.369944, ,0.0,0.0,4,5000,2500,0,0,0,1,0
FD,KLG,54.552306,36.369944,0,KLG,0.0,9.4,320.0,9.4,1,2500,0,0,0,0,0,0
CF,FD13,54.610000,36.289722,1,KLG,310.1,4.5,130.0,6.0,1,2000,0,1,205,0,0,0

FINAL,D13,13,D,2
IF,FD13,54.610000,36.289722,KLG,310.1,4.5,1,2000,0,0,0,0,2,0
CF,RW13,54.556500,36.361231,0,KLG,298.6,0.4,130.0,4.1,1,716,0,0,0,0,3,0
CD, ,0,0,0,KLG,0,0.0,130.0,5.6,0,0,0,1,205,0,0,0
DF,KLG,54.552306,36.369944,1, ,0.0,0.0,2,2500,0,0,0,0,0,0

APPTR,D31,31,KLG1
IF,KLG,54.552306,36.369944, ,0.0,0.0,4,5000,2500,0,0,0,1,0
FD,KLG,54.552306,36.369944,0,KLG,0.0,10.0,115.0,10.0,2,2300,0,0,0,0,0,0
CF,FD31,54.481944,36.446944,2,KLG,136.5,5.0,316.0,6.0,1,2000,0,1,225,0,0,0

APPTR,D31,31,KLG2
IF,KLG,54.552306,36.369944, ,0.0,0.0,4,5000,2500,0,0,0,1,0
FD,KLG,54.552306,36.369944,0,KLG,0.0,10.0,127.0,10.0,2,2300,0,0,0,0,0,0
CF,FD31,54.481944,36.446944,2,KLG,136.5,5.0,316.0,6.0,1,2000,0,1,225,0,0,0

APPTR,D31,31,OTPAD
IF,OTPAD,54.011389,36.716389, ,0.0,0.0,2,7000,0,0,0,0,1,0
FD,OTPAD,54.011389,36.716389,0,KLG,148.3,17.0,328.0,17.0,0,0,0,0,0,0,0,0
CF,D136M,54.367942,36.574794,0,KLG,136.0,13.2,1.0,6.0,2,2300,0,0,0,0,1,0
CF,FD31,54.481944,36.446944,0,KLG,136.5,5.0,316.0,8.2,1,2000,0,0,0,0,0,0

FINAL,D31,31,D,3
IF,FD31,54.481944,36.446944,KLG,136.5,5.0,1,2000,0,0,0,0,2,0
CF,28VOR,54.513228,36.413550,0,KLG,136.0,2.8,316.0,2.2,1,1300,0,0,0,0,0,0
CF,RW31,54.540536,36.381269,0,KLG,139.8,0.8,316.0,2.0,1,671,0,0,0,0,3,0
CD, ,0,0,0,KLG,0,0.0,316.0,5.2,0,0,0,1,225,0,0,0
DF,KLG,54.552306,36.369944,2, ,0.0,0.0,2,2500,0,0,0,0,0,0

APPTR,I31-W,31,WI1
IF,WI,54.564444,36.351278, ,0.0,0.0,4,5000,2500,0,0,0,1,0
CD, ,0,0,0,KLG,0,0.0,113.0,9.9,2,2300,0,0,0,0,0,0
CF,CI31,54.418272,36.534219,2,IGC,132.9,10.5,313.0,1.0,2,2300,0,1,225,0,0,0

APPTR,I31-W,31,WI2
IF,WI,54.564444,36.351278, ,0.0,0.0,4,5000,2500,0,0,0,1,0
CD, ,0,0,0,KLG,0,0.0,125.0,9.9,2,2300,0,0,0,0,0,0
CF,CI31,54.418272,36.534219,2,IGC,132.9,10.5,313.0,1.0,2,2300,0,1,225,0,0,0

FINAL,I31-W,31,I,3
IF,CI31,54.418272,36.534219,IGC,132.9,10.5,2,2300,0,0,0,0,0,0
CF,FF31,54.485000,36.450833,0,IGC,132.9,5.5,313.0,5.0,1,2000,0,0,0,0,2,0
CF,RW31,54.540536,36.381269,0,IGC,132.9,1.4,313.0,4.1,1,671,0,0,0,0,3,0
CF,D313E,54.621350,36.279972,0,KLG,311.9,5.2,313.0,6.0,0,0,0,1,185,0,0,1
DF,WI,54.564444,36.351278,2, ,0.0,0.0,2,2500,0,0,0,0,0,0

APPTR,I31-X,31,KLG1
IF,KLG,54.552306,36.369944, ,0.0,0.0,4,5000,2500,0,0,0,1,0
FD,KLG,54.552306,36.369944,0,KLG,0.0,10.0,112.0,10.0,2,2300,0,0,0,0,0,0
CF,CI31,54.418272,36.534219,2,IGC,132.9,10.5,313.0,1.0,2,2300,0,1,225,0,0,0

APPTR,I31-X,31,KLG2
IF,KLG,54.552306,36.369944, ,0.0,0.0,4,5000,2500,0,0,0,1,0
FD,KLG,54.552306,36.369944,0,KLG,0.0,10.0,124.0,10.0,2,2300,0,0,0,0,0,0
CF,CI31,54.418272,36.534219,2,IGC,132.9,10.5,313.0,1.0,2,2300,0,1,225,0,0,0

APPTR,I31-X,31,OTPAD
IF,OTPAD,54.011389,36.716389, ,0.0,0.0,2,7000,0,0,0,0,1,0
DF,D148Q,54.287572,36.540717,0, ,0.0,0.0,0,0,0,0,0,0,0,0
CF,D133L,54.390006,36.569419,0,KLG,133.3,12.0,358.0,6.2,2,2300,0,0,0,0,1,0
CF,CI31,54.418272,36.534219,0,IGC,132.9,10.5,313.0,2.1,2,2300,0,0,0,0,0,0

FINAL,I31-X,31,I,3
IF,CI31,54.418272,36.534219,IGC,132.9,10.5,2,2300,0,0,0,0,0,0
CF,FF31,54.485000,36.450833,0,IGC,132.9,5.5,313.0,5.0,1,2000,0,0,0,0,2,0
CF,RW31,54.540536,36.381269,0,IGC,132.9,1.4,313.0,4.1,1,671,0,0,0,0,3,0
CF,D313E,54.621350,36.279972,0,KLG,311.9,5.2,313.0,6.0,0,0,0,1,225,0,0,1
DF,KLG,54.552306,36.369944,2, ,0.0,0.0,2,2500,0,0,0,0,0,0

APPTR,I31-Y,31,GC1
IF,GC,54.532722,36.391333, ,0.0,0.0,4,5000,2500,0,0,0,1,0
CD, ,0,0,0,KLG,0,0.0,108.0,9.9,2,2300,0,0,0,0,0,0
CF,CI31,54.418272,36.534219,2,IGC,132.9,10.5,313.0,1.0,2,2300,0,1,225,0,0,0

APPTR,I31-Y,31,GC2
IF,GC,54.532722,36.391333, ,0.0,0.0,4,5000,2500,0,0,0,1,0
CD, ,0,0,0,KLG,0,0.0,123.0,9.9,2,2300,0,0,0,0,0,0
CF,CI31,54.418272,36.534219,2,IGC,132.9,10.5,313.0,1.0,2,2300,0,1,225,0,0,0

FINAL,I31-Y,31,I,3
IF,CI31,54.418272,36.534219,IGC,132.9,10.5,2,2300,0,0,0,0,0,0
CF,FF31,54.485000,36.450833,0,IGC,132.9,5.5,313.0,5.0,1,2000,0,0,0,0,2,0
CF,RW31,54.540536,36.381269,0,IGC,132.9,1.4,313.0,4.1,1,671,0,0,0,0,3,0
CF,D313E,54.621350,36.279972,0,KLG,311.9,5.2,313.0,6.0,0,0,0,1,225,0,0,1
DF,GC,54.532722,36.391333,2, ,0.0,0.0,2,2500,0,0,0,0,0,0

APPTR,I31-Z,31,BC431
IF,BC431,54.347750,36.408889, ,0.0,0.0,2,2300,0,0,0,0,1,0
TF,BC331,54.406972,36.548250,0,IGC,0.0,0.0,0.0,0.0,2,2000,0,1,215,0,1,0

APPTR,I31-Z,31,BC631
IF,BC631,54.465972,36.687972, ,0.0,0.0,2,2300,0,0,0,0,1,0
TF,BC331,54.406972,36.548250,0,IGC,0.0,0.0,0.0,0.0,2,2000,0,1,215,0,1,0

APPTR,I31-Z,31,BC831
IF,BC831,54.325500,36.649417, ,0.0,0.0,2,2300,0,0,0,0,1,0
TF,BC331,54.406972,36.548250,0,IGC,0.0,0.0,0.0,0.0,2,2000,0,1,215,0,1,0

FINAL,I31-Z,31,I,3
IF,BC331,54.406972,36.548250,IGC,132.9,11.3,2,2000,0,1,215,0,0,0
CF,FF31,54.485000,36.450833,0,IGC,132.9,5.5,313.0,5.8,1,2000,0,0,0,0,2,0
CF,RW31,54.540536,36.381269,0,IGC,132.9,1.4,313.0,4.1,1,671,0,0,0,0,3,0
CF,BC034,54.591528,36.317278,0,KLG,311.1,3.0,313.0,3.8,0,0,0,1,205,0,0,1
DF,BC913,54.533361,36.604111,2, ,0.0,0.0,2,2100,0,0,0,0,0,0
HM,BC913,54.533361,36.604111,1, ,0.0,0.0,133.0,04.3,2,2100,0,1,230,0,0,0,0

APPTR,J13,13,BC513
IF,BC513,54.735222,36.351139, ,0.0,0.0,2,2500,0,0,0,0,1,0
TF,BC413,54.675833,36.210889,0,G13A,0.0,0.0,0.0,0.0,2,2000,0,1,205,0,1,0

APPTR,J13,13,BC613
IF,BC613,54.674556,36.066750, ,0.0,0.0,1,2500,0,0,0,0,1,0
TF,BC413,54.675833,36.210889,0,G13A,0.0,0.0,0.0,0.0,2,2000,0,1,205,0,1,0

FINAL,J13,13,G,3
IF,BC413,54.675833,36.210889,G13A,0.0,0.0,2,2000,0,1,205,0,0,0
TF,BC013,54.610139,36.293806,0,G13A,0.0,0.0,133.0,4.9,1,2000,0,0,0,0,2,0
TF,RW13,54.556500,36.361231,0,G13A,0.0,0.0,133.0,4.0,1,716,0,0,0,0,3,1
CF,BC014,54.474306,36.464361,0,KLG,133.8,5.7,133.0,6.1,0,0,0,1,205,0,0,1
DF,BC813,54.600722,36.520056,1, ,0.0,0.0,2,2200,0,0,0,0,0,0
HM,BC813,54.600722,36.520056,2, ,0.0,0.0,313.0,04.3,2,2200,0,1,230,0,0,0,0

APPTR,J31,31,BC431
IF,BC431,54.347750,36.408889, ,0.0,0.0,2,2300,0,0,0,0,1,0
TF,BC331,54.406972,36.548250,0,G31A,0.0,0.0,0.0,0.0,2,2000,0,1,215,0,1,0

APPTR,J31,31,BC631
IF,BC631,54.465972,36.687972, ,0.0,0.0,2,2300,0,0,0,0,1,0
TF,BC331,54.406972,36.548250,0,G31A,0.0,0.0,0.0,0.0,2,2000,0,1,215,0,1,0

APPTR,J31,31,BC831
IF,BC831,54.325500,36.649417, ,0.0,0.0,2,2300,0,0,0,0,1,0
TF,BC331,54.406972,36.548250,0,G31A,0.0,0.0,0.0,0.0,2,2000,0,1,215,0,1,0

FINAL,J31,31,G,3
IF,BC331,54.406972,36.548250,G31A,0.0,0.0,2,2000,0,1,215,0,0,0
TF,BC031,54.485083,36.450778,0,G31A,0.0,0.0,313.0,5.8,1,2000,0,0,0,0,2,0
TF,RW31,54.540536,36.381269,0,G31A,0.0,0.0,313.0,4.1,1,671,0,0,0,0,3,1
CF,BC034,54.591528,36.317278,0,KLG,311.1,3.0,313.0,3.8,0,0,0,1,205,0,0,1
DF,BC913,54.533361,36.604111,2, ,0.0,0.0,2,2100,0,0,0,0,0,0
HM,BC913,54.533361,36.604111,1, ,0.0,0.0,133.0,04.3,2,2100,0,1,230,0,0,0,0

APPTR,N13-Y,13,WI1
IF,WI,54.564444,36.351278, ,0.0,0.0,4,4500,2500,0,0,0,1,0
FC,WI,54.564444,36.351278,0,KLG,0.0,0.0,337.0,7.0,2,2500,0,0,0,0,0,1
CF,FN13,54.631872,36.266794,1,KLG,312.1,6.0,133.0,3.0,2,2500,0,1,205,0,0,0

APPTR,N13-Y,13,WI2
IF,WI,54.564444,36.351278, ,0.0,0.0,4,4500,2500,0,0,0,1,0
FC,WI,54.564444,36.351278,0,KLG,0.0,0.0,325.0,7.0,2,2500,0,0,0,0,0,1
CF,FN13,54.631872,36.266794,1,KLG,312.1,6.0,133.0,3.0,2,2500,0,1,205,0,0,0

FINAL,N13-Y,13,N,2
IF,FN13,54.631872,36.266794,WI,0.0,0.0,2,2500,0,0,0,0,2,0
CF,WI,54.564444,36.351278,0,WI,0.0,0.0,133.0,5.0,1,905,0,0,0,0,3,0
CA,0,133.0,2,1500,0,1,205,0,0,0
DF,WI,54.564444,36.351278,1, ,0.0,0.0,2,2500,0,0,0,0,0,0

APPTR,N31-Y,31,GC1
IF,GC,54.532722,36.391333, ,0.0,0.0,4,4500,2500,0,0,0,1,0
FC,GC,54.532722,36.391333,0,KLG,0.0,0.0,106.0,7.0,2,2100,0,0,0,0,0,1
CF,FN31,54.480197,36.456844,2,KLG,133.9,5.3,313.0,4.0,2,2100,0,1,225,0,0,0

APPTR,N31-Y,31,GC2
IF,GC,54.532722,36.391333, ,0.0,0.0,4,4500,2500,0,0,0,1,0
FC,GC,54.532722,36.391333,0,KLG,0.0,0.0,121.0,7.0,2,2100,0,0,0,0,0,1
CF,FN31,54.480197,36.456844,2,KLG,133.9,5.3,313.0,4.0,2,2100,0,1,225,0,0,0

FINAL,N31-Y,31,N,2
IF,FN31,54.480197,36.456844,GC,0.0,0.0,2,2100,0,0,0,0,2,0
CF,GC,54.532722,36.391333,0,GC,0.0,0.0,313.0,3.9,1,858,0,0,0,0,3,0
CA,0,313.0,2,1500,0,1,225,0,0,0
DF,GC,54.532722,36.391333,2, ,0.0,0.0,2,2500,0,0,0,0,0,0

APPTR,Q13-X,13,WI1
IF,WI,54.564444,36.351278, ,0.0,0.0,4,5000,2500,0,0,0,1,0
FD,WI,54.564444,36.351278,0,KLG,307.2,9.4,333.0,9.4,1,2500,0,0,0,0,0,0
CF,FQ13,54.611111,36.292778,1,KLG,311.7,4.4,133.0,6.0,1,2000,0,1,205,0,0,0

APPTR,Q13-X,13,WI2
IF,WI,54.564444,36.351278, ,0.0,0.0,4,5000,2500,0,0,0,1,0
FD,WI,54.564444,36.351278,0,KLG,307.2,9.4,323.0,9.4,1,2500,0,0,0,0,0,0
CF,FQ13,54.611111,36.292778,1,KLG,311.7,4.4,133.0,6.0,1,2000,0,1,205,0,0,0

FINAL,Q13-X,13,N,2
IF,FQ13,54.611111,36.292778,WI,0.0,0.0,1,2000,0,0,0,0,2,0
CF,WI,54.564444,36.351278,0,KLG,0.0,1.0,133.0,3.5,1,905,0,0,0,0,3,0
CD, ,0,0,0,KLG,0,0.0,133.0,5.6,0,0,0,1,205,0,0,0
DF,WI,54.564444,36.351278,1, ,0.0,0.0,2,2500,0,0,0,0,0,0

APPTR,Q31-X,31,GC1
IF,GC,54.532722,36.391333, ,0.0,0.0,4,5000,2500,0,0,0,1,0
FD,GC,54.532722,36.391333,0,KLG,136.6,9.9,108.0,9.9,2,2300,0,0,0,0,0,0
CF,FQ31,54.483889,36.452222,2,KLG,134.0,5.0,313.0,6.0,1,2000,0,1,225,0,0,0

APPTR,Q31-X,31,GC2
IF,GC,54.532722,36.391333, ,0.0,0.0,4,5000,2500,0,0,0,1,0
FD,GC,54.532722,36.391333,0,KLG,136.6,9.9,123.0,9.9,2,2300,0,0,0,0,0,0
CF,FQ31,54.483889,36.452222,2,KLG,134.0,5.0,313.0,6.0,1,2000,0,1,225,0,0,0

FINAL,Q31-X,31,N,2
IF,FQ31,54.483889,36.452222,GC,0.0,0.0,1,2000,0,0,0,0,2,0
CF,GC,54.532722,36.391333,0,KLG,0.0,1.4,313.0,3.6,1,858,0,0,0,0,3,0
CD, ,0,0,0,KLG,0,0.0,313.0,5.2,0,0,0,1,225,0,0,0
DF,GC,54.532722,36.391333,2, ,0.0,0.0,2,2500,0,0,0,0,0,0

APPTR,R13,13,BC513
IF,BC513,54.735222,36.351139, ,0.0,0.0,2,2500,0,0,0,0,1,0
TF,BC413,54.675833,36.210889,0, ,0.0,0.0,0.0,0.0,2,2000,0,1,205,0,1,0

APPTR,R13,13,BC613
IF,BC613,54.674556,36.066750, ,0.0,0.0,1,2500,0,0,0,0,1,0
TF,BC413,54.675833,36.210889,0, ,0.0,0.0,0.0,0.0,2,2000,0,1,205,0,1,0

FINAL,R13,13,R,3
IF,BC413,54.675833,36.210889, ,0.0,0.0,2,2000,0,1,205,0,0,0
TF,BC213,54.611139,36.292528,0, ,0.0,0.0,133.0,4.8,1,2000,0,0,0,0,2,0
TF,RW13,54.556500,36.361231,0, ,0.0,0.0,133.0,4.1,1,716,0,0,0,0,3,1
CF,BC014,54.474306,36.464361,0,KLG,133.8,5.7,133.0,6.1,0,0,0,1,205,0,0,1
DF,BC813,54.600722,36.520056,1, ,0.0,0.0,2,2200,0,0,0,0,0,0
HM,BC813,54.600722,36.520056,2, ,0.0,0.0,313.0,04.3,2,2200,0,1,230,0,0,0,0

APPTR,R31,31,BC431
IF,BC431,54.347750,36.408889, ,0.0,0.0,2,2300,0,0,0,0,1,0
TF,BC331,54.406972,36.548250,0, ,0.0,0.0,0.0,0.0,2,2000,0,1,225,0,1,0

APPTR,R31,31,BC631
IF,BC631,54.465972,36.687972, ,0.0,0.0,2,2300,0,0,0,0,1,0
TF,BC331,54.406972,36.548250,0, ,0.0,0.0,0.0,0.0,2,2000,0,1,225,0,1,0

APPTR,R31,31,BC831
IF,BC831,54.325500,36.649417, ,0.0,0.0,2,2300,0,0,0,0,1,0
TF,BC331,54.406972,36.548250,0, ,0.0,0.0,0.0,0.0,2,2000,0,1,225,0,1,0

FINAL,R31,31,R,4
IF,BC331,54.406972,36.548250, ,0.0,0.0,2,2000,0,1,225,0,0,0
TF,BC231,54.483917,36.452222,0, ,0.0,0.0,313.0,5.7,1,2000,0,0,0,0,2,0
TF,BC931,54.517972,36.409581,0, ,0.0,0.0,313.0,2.5,1,1200,0,0,0,0,0,0
TF,RW31,54.540536,36.381269,0, ,0.0,0.0,313.0,1.7,1,670,0,0,0,0,3,1
CF,BC034,54.591528,36.317278,0,KLG,311.1,3.0,313.0,3.8,0,0,0,1,205,0,0,1
DF,BC913,54.533361,36.604111,2, ,0.0,0.0,2,2100,0,0,0,0,0,0
HM,BC913,54.533361,36.604111,1, ,0.0,0.0,133.0,04.3,2,2100,0,1,230,0,0,0,0

