SID,APTI3E,04,5
CA,0,41.0,2,2500,0,0,0,0,0,0
DF,FA329,40.801025,72.203861,1, ,0.0,0.0,2,5000,0,0,0,0,0,0
TF,AFEKE,40.693472,72.247444,1, ,0.0,0.0,0.0,0.0,2,6000,0,0,0,0,0,0
TF,APTIN,40.642367,72.575219,0, ,0.0,0.0,0.0,0.0,2,8000,0,0,0,0,0,0

SID,APTI3F,22,5
CA,0,221.0,2,2500,0,0,0,0,0,0
CF,FA202,40.599306,72.121117,0,NMA,126.8,34.3,221.0,8.0,2,3600,0,0,0,0,0,0
TF,FA203,40.666367,72.023631,0, ,0.0,0.0,0.0,0.0,2,4600,0,0,0,0,0,0
TF,FA206,40.750792,72.136403,2, ,0.0,0.0,0.0,0.0,2,5900,0,0,0,0,0,0
TF,APTIN,40.642367,72.575219,0, ,0.0,0.0,0.0,0.0,2,8000,0,0,0,0,0,0

SID,DIKR3E,04,5
CA,0,41.0,2,2500,0,0,0,0,0,0
DF,DIKRI,40.828222,71.928389,1, ,0.0,0.0,2,5000,0,0,0,0,0,0

SID,DIKR3F,22,5
CA,0,221.0,2,2500,0,0,0,0,0,0
CF,FA202,40.599306,72.121117,0,NMA,126.8,34.3,221.0,8.0,2,3600,0,0,0,0,0,0
TF,FA203,40.666367,72.023631,0, ,0.0,0.0,0.0,0.0,2,4600,0,0,0,0,0,0
TF,DIKRI,40.828222,71.928389,0, ,0.0,0.0,0.0,0.0,2,5000,0,0,0,0,0,0

SID,MIKD3E,04,5
CA,0,41.0,2,2500,0,0,0,0,0,0
DF,FA329,40.801025,72.203861,1, ,0.0,0.0,2,5000,0,0,0,0,0,0
TF,MIKDI,40.493611,71.891667,0, ,0.0,0.0,0.0,0.0,2,5000,0,0,0,0,0,0

SID,MIKD3F,22,5
CA,0,221.0,2,2500,0,0,0,0,0,0
CF,FA202,40.599306,72.121117,0,NMA,126.8,34.3,221.0,8.0,2,3600,0,0,0,0,0,0
TF,MIKDI,40.493611,71.891667,0, ,0.0,0.0,0.0,0.0,2,5000,0,0,0,0,0,0

SID,RUBV3E,04,5
CA,0,41.0,2,2500,0,0,0,0,0,0
DF,FA329,40.801025,72.203861,1, ,0.0,0.0,2,5000,0,0,0,0,0,0
TF,RUBVU,40.648139,71.860444,0, ,0.0,0.0,0.0,0.0,2,5000,0,0,0,0,0,0

SID,RUBV3F,22,5
CA,0,221.0,2,2500,0,0,0,0,0,0
CF,FA202,40.599306,72.121117,0,NMA,126.8,34.3,221.0,8.0,2,3600,0,0,0,0,0,0
TF,RUBVU,40.648139,71.860444,0, ,0.0,0.0,0.0,0.0,2,5000,0,0,0,0,0,0

STAR,APTI3U,22,5
IF,APTIN,40.642367,72.575219, ,0.0,0.0,2,8000,0,0,0,0,0,0
TF,AFEKE,40.693472,72.247444,0, ,0.0,0.0,0.0,0.0,2,6000,0,0,0,0,0,0
TF,FA329,40.801025,72.203861,0, ,0.0,0.0,0.0,0.0,2,5000,0,0,0,0,0,0
TF,FA328,40.894203,72.329511,0, ,0.0,0.0,0.0,0.0,4,5000,4000,0,0,0,0,0

STAR,APTI3V,04,5
IF,APTIN,40.642367,72.575219, ,0.0,0.0,2,8000,0,0,0,0,0,0
TF,FA206,40.750792,72.136403,0, ,0.0,0.0,0.0,0.0,2,5000,0,0,0,0,0,0
TF,FA203,40.666367,72.023631,0, ,0.0,0.0,0.0,0.0,2,5000,0,0,0,0,0,0

STAR,DIKR3U,22,5
IF,DIKRI,40.828222,71.928389, ,0.0,0.0,2,5000,0,0,0,0,0,0
TF,FA328,40.894203,72.329511,0, ,0.0,0.0,0.0,0.0,4,5000,4000,0,0,0,0,0

STAR,DIKR3V,04,5
IF,DIKRI,40.828222,71.928389, ,0.0,0.0,2,5000,0,0,0,0,0,0
TF,FA203,40.666367,72.023631,0, ,0.0,0.0,0.0,0.0,2,5000,0,0,0,0,0,0

STAR,MIKD3U,22,5
IF,MIKDI,40.493611,71.891667, ,0.0,0.0,2,5000,0,0,0,0,0,0
TF,FA329,40.801025,72.203861,0, ,0.0,0.0,0.0,0.0,2,5000,0,0,0,0,0,0
TF,FA328,40.894203,72.329511,0, ,0.0,0.0,0.0,0.0,4,5000,4000,0,0,0,0,0

STAR,MIKD3V,04,5
IF,MIKDI,40.493611,71.891667, ,0.0,0.0,2,5000,0,0,0,0,0,0
TF,FA205,40.548097,72.009736,0, ,0.0,0.0,0.0,0.0,2,5000,0,0,0,0,0,0

STAR,RUBV3U,22,5
IF,RUBVU,40.648139,71.860444, ,0.0,0.0,2,5000,0,0,0,0,0,0
TF,FA329,40.801025,72.203861,0, ,0.0,0.0,0.0,0.0,2,5000,0,0,0,0,0,0
TF,FA328,40.894203,72.329511,0, ,0.0,0.0,0.0,0.0,4,5000,4000,0,0,0,0,0

STAR,RUBV3V,04,5
IF,RUBVU,40.648139,71.860444, ,0.0,0.0,2,5000,0,0,0,0,0,0
TF,FA204,40.623264,71.993631,0, ,0.0,0.0,0.0,0.0,2,5000,0,0,0,0,0,0

APPTR,I04,04,FA203
IF,FA203,40.666367,72.023631, ,0.0,0.0,2,5000,0,0,0,0,1,0
TF,FA202,40.599306,72.121117,0,IAN,0.0,0.0,0.0,0.0,2,4000,0,0,0,0,1,0

APPTR,I04,04,FA204
IF,FA204,40.623264,71.993631, ,0.0,0.0,2,5000,0,0,0,0,1,0
TF,FA202,40.599306,72.121117,0,IAN,0.0,0.0,0.0,0.0,2,4000,0,0,0,0,1,0

APPTR,I04,04,FA205
IF,FA205,40.548097,72.009736, ,0.0,0.0,2,5000,0,0,0,0,1,0
TF,FA202,40.599306,72.121117,0,IAN,0.0,0.0,0.0,0.0,2,4000,0,0,0,0,1,0

FINAL,I04,04,I,3
IF,FA202,40.599306,72.121117,IAN,220.7,12.1,2,4000,0,0,0,0,0,0
CF,FA201,40.669256,72.215042,0,IAN,220.7,6.1,41.0,6.0,1,3000,0,0,0,0,2,0
CF,RW04,40.720456,72.283872,0,IAN,220.7,1.7,41.0,4.4,1,1601,0,0,0,0,3,0
CA,0,41.0,2,2500,0,1,220,0,0,0
DF,FA203,40.666367,72.023631,1, ,0.0,0.0,2,5000,0,1,220,0,0,0

APPTR,L04,04,FA203
IF,FA203,40.666367,72.023631, ,0.0,0.0,2,5000,0,0,0,0,1,0
TF,FA202,40.599306,72.121117,0,IAN,0.0,0.0,0.0,0.0,2,4000,0,0,0,0,1,0

APPTR,L04,04,FA204
IF,FA204,40.623264,71.993631, ,0.0,0.0,2,5000,0,0,0,0,1,0
TF,FA202,40.599306,72.121117,0,IAN,0.0,0.0,0.0,0.0,2,4000,0,0,0,0,1,0

APPTR,L04,04,FA205
IF,FA205,40.548097,72.009736, ,0.0,0.0,2,5000,0,0,0,0,1,0
TF,FA202,40.599306,72.121117,0,IAN,0.0,0.0,0.0,0.0,2,4000,0,0,0,0,1,0

FINAL,L04,04,D,3
IF,FA202,40.599306,72.121117,IAN,220.7,12.1,2,4000,0,0,0,0,0,0
CF,FA201,40.669256,72.215042,0,IAN,220.7,6.1,41.0,6.0,1,3000,0,0,0,0,2,0
CF,RW04,40.720456,72.283872,0,IAN,220.7,1.7,41.0,4.4,1,1601,0,0,0,0,3,0
CA,0,41.0,2,2500,0,1,220,0,0,0
DF,FA203,40.666367,72.023631,1, ,0.0,0.0,2,5000,0,1,220,0,0,0

APPTR,R04,04,FA203
IF,FA203,40.666367,72.023631, ,0.0,0.0,2,5000,0,0,0,0,1,0
TF,FA202,40.599306,72.121117,0, ,0.0,0.0,0.0,0.0,2,4000,0,0,0,0,1,0

APPTR,R04,04,FA204
IF,FA204,40.623264,71.993631, ,0.0,0.0,2,5000,0,0,0,0,1,0
TF,FA202,40.599306,72.121117,0, ,0.0,0.0,0.0,0.0,2,4000,0,0,0,0,1,0

APPTR,R04,04,FA205
IF,FA205,40.548097,72.009736, ,0.0,0.0,2,5000,0,0,0,0,1,0
TF,FA202,40.599306,72.121117,0, ,0.0,0.0,0.0,0.0,2,4000,0,0,0,0,1,0

FINAL,R04,04,R,3
IF,FA202,40.599306,72.121117, ,0.0,0.0,2,4000,0,0,0,0,0,0
TF,FA201,40.669256,72.215042,0, ,0.0,0.0,41.0,6.0,1,3000,0,0,0,0,2,0
TF,RW04,40.720456,72.283872,0, ,0.0,0.0,41.0,4.4,1,1601,0,0,0,0,3,1
CA,0,41.0,2,2500,0,1,220,0,0,0
DF,FA203,40.666367,72.023631,1, ,0.0,0.0,2,5000,0,1,220,0,0,0

APPTR,R22,22,FA328
IF,FA328,40.894203,72.329511, ,0.0,0.0,4,5000,4000,0,0,0,1,0
TF,FA327,40.813833,72.409758,0, ,0.0,0.0,0.0,0.0,3,3300,0,0,0,0,1,0

FINAL,R22,22,R,3
IF,FA327,40.813833,72.409758, ,0.0,0.0,2,3000,0,0,0,0,0,0
TF,FA326,40.782533,72.367533,0, ,0.0,0.0,221.0,2.7,1,2800,0,0,0,0,2,0
TF,RW22,40.739317,72.309267,0, ,0.0,0.0,221.0,3.7,1,1618,0,0,0,0,3,1
CA,0,221.0,2,3600,0,1,220,0,0,0
DF,FA329,40.801025,72.203861,2, ,0.0,0.0,2,5000,0,1,220,0,0,0

