SID,AZRE3A,33,5
CA,0,328.0,2,1000,0,0,0,0,0,0
CF,AZREF,42.105889,60.356222,2,DSH,43.3,32.6,128.0,40.0,2,6000,0,0,0,0,0,0

SID,AZRE3B,15,5
CA,0,148.0,2,1000,0,0,0,0,0,0
CF,AZREF,42.105889,60.356222,0,DSH,43.3,32.6,114.0,36.0,2,6000,0,0,0,0,0,0

SID,BALS3A,33,5
CA,0,328.0,2,1000,0,0,0,0,0,0
CF,BALSO,42.410000,60.260000,2,DSH,20.9,44.2,108.0,28.0,2,8000,0,0,0,0,0,0

SID,BALS3B,15,5
CA,0,148.0,2,1000,0,0,0,0,0,0
CF,BALSO,42.410000,60.260000,0,DSH,20.9,44.2,80.0,26.0,2,6000,0,0,0,0,0,0

SID,IPNA3A,33,5
CA,0,328.0,2,1000,0,0,0,0,0,0
CF,IPNAR,42.743333,59.096667,0,DSH,325.4,66.7,289.0,25.0,2,5800,0,0,0,0,0,0

SID,IPNA3B,15,5
CA,0,148.0,2,1000,0,0,0,0,0,0
CF,NN633,42.532100,59.744883,1,DSH,350.2,46.4,335.0,3.0,2,3600,0,0,0,0,0,0
TF,IPNAR,42.743333,59.096667,0, ,0.0,0.0,0.0,0.0,2,9000,0,0,0,0,0,0

SID,MISR3A,33,5
CA,0,328.0,2,1000,0,0,0,0,0,0
CF,MISRA,42.990000,59.390000,0,DSH,339.4,75.9,335.0,30.0,2,6000,0,0,0,0,0,0

SID,MISR3B,15,5
CA,0,148.0,2,1000,0,0,0,0,0,0
CF,NN633,42.532100,59.744883,1,DSH,350.2,46.4,335.0,3.0,2,3600,0,0,0,0,0,0
TF,MISRA,42.990000,59.390000,0, ,0.0,0.0,0.0,0.0,2,6000,0,0,0,0,0,0

SID,NESI3A,33,5
CA,0,328.0,2,1000,0,0,0,0,0,0
CF,NESIR,42.331772,59.434028,1,DSH,327.9,37.9,178.0,12.0,2,5000,0,0,0,0,0,0

SID,NESI3B,15,5
CA,0,148.0,2,1000,0,0,0,0,0,0
CF,NN241,42.325811,59.687150,0,DSH,344.9,34.3,166.0,8.0,2,2000,0,0,0,0,0,0
TF,NN242,42.318022,59.555231,2, ,0.0,0.0,0.0,0.0,2,3000,0,0,0,0,0,0
TF,NESIR,42.331772,59.434028,0, ,0.0,0.0,0.0,0.0,2,4000,0,0,0,0,0,0

SID,NETA3A,33,5
CA,0,328.0,2,1000,0,0,0,0,0,0
CF,NETAK,42.893333,59.921667,0,DSH,357.7,68.2,34.0,25.0,2,6000,0,0,0,0,0,0

SID,NETA3B,15,5
CA,0,148.0,2,1000,0,0,0,0,0,0
CF,NETAK,42.893333,59.921667,1,DSH,357.7,68.2,5.0,28.0,2,8000,0,0,0,0,0,0

SID,OGLO3A,33,5
CA,0,328.0,2,1000,0,0,0,0,0,0
CF,OGLON,42.678333,60.073333,2,DSH,5.6,56.5,74.0,21.0,2,6000,0,0,0,0,0,0

SID,OGLO3B,15,5
CA,0,148.0,2,1000,0,0,0,0,0,0
CF,OGLON,42.678333,60.073333,1,DSH,5.6,56.5,33.0,21.0,2,6000,0,0,0,0,0,0

SID,RENH3A,33,5
CA,0,328.0,2,1000,0,0,0,0,0,0
CF,RENHE,42.718139,59.044778,0,DSH,323.1,66.5,283.0,25.0,2,6000,0,0,0,0,0,0

SID,RENH3B,15,5
CA,0,148.0,2,1000,0,0,0,0,0,0
CF,NN633,42.532100,59.744883,1,DSH,350.2,46.4,335.0,3.0,2,3600,0,0,0,0,0,0
TF,RENHE,42.718139,59.044778,0, ,0.0,0.0,0.0,0.0,2,10000,0,0,0,0,0,0

SID,TASH3A,33,5
CA,0,328.0,2,1000,0,0,0,0,0,0
CF,NN633,42.532100,59.744883,2,DSH,350.2,46.4,140.0,3.0,2,3600,0,0,0,0,0,0
TF,TASHA,42.191772,59.712369,0, ,0.0,0.0,0.0,0.0,2,5000,0,0,0,0,0,0

SID,TASH3B,15,5
CA,0,148.0,2,1000,0,0,0,0,0,0
CF,NN241,42.325811,59.687150,0,DSH,344.9,34.3,166.0,8.0,2,2000,0,0,0,0,0,0
TF,TASHA,42.191772,59.712369,0, ,0.0,0.0,0.0,0.0,2,4000,0,0,0,0,0,0

STAR,AZRE3U,15,2
IF,AZREF,42.105889,60.356222, ,0.0,0.0,2,6000,0,0,0,0,0,0
TF,DP,42.531667,59.595722,0, ,0.0,0.0,0.0,0.0,2,2500,0,0,0,0,0,0

STAR,AZRE3V,15,5
IF,AZREF,42.105889,60.356222, ,0.0,0.0,2,6000,0,0,0,0,0,0
TF,NN633,42.532100,59.744883,0, ,0.0,0.0,0.0,0.0,2,4400,0,0,0,0,0,0
TF,NIVCE,42.681283,59.648942,0, ,0.0,0.0,0.0,0.0,2,1900,0,0,0,0,0,0

STAR,AZRE3W,33,2
IF,AZREF,42.105889,60.356222, ,0.0,0.0,2,6000,0,0,0,0,0,0
TF,ZR,42.446278,59.650361,0, ,0.0,0.0,0.0,0.0,2,2500,0,0,0,0,0,0

STAR,AZRE3X,33,5
IF,AZREF,42.105889,60.356222, ,0.0,0.0,2,6000,0,0,0,0,0,0
TF,NN988,42.295972,59.839508,0, ,0.0,0.0,0.0,0.0,2,2200,0,0,0,0,0,0

STAR,BALS3U,15,2
IF,BALSO,42.410000,60.260000, ,0.0,0.0,2,8000,0,0,0,0,0,0
TF,DP,42.531667,59.595722,0, ,0.0,0.0,0.0,0.0,2,2500,0,0,0,0,0,0

STAR,BALS3V,15,5
IF,BALSO,42.410000,60.260000, ,0.0,0.0,2,8000,0,0,0,0,0,0
TF,NIVCE,42.681283,59.648942,0, ,0.0,0.0,0.0,0.0,2,1900,0,0,0,0,0,0

STAR,BALS3W,33,2
IF,BALSO,42.410000,60.260000, ,0.0,0.0,2,6000,0,0,0,0,0,0
TF,ZR,42.446278,59.650361,0, ,0.0,0.0,0.0,0.0,2,2500,0,0,0,0,0,0

STAR,BALS3X,33,5
IF,BALSO,42.410000,60.260000, ,0.0,0.0,2,6000,0,0,0,0,0,0
TF,NN987,42.357417,59.851269,0, ,0.0,0.0,0.0,0.0,2,1900,0,0,0,0,0,0

STAR,DSH3X,33,5
IF,DSH,41.759967,59.795236, ,0.0,0.0,2,11000,0,0,0,0,0,0
TF,TASHA,42.191772,59.712369,0, ,0.0,0.0,0.0,0.0,2,4000,0,0,0,0,0,0

STAR,IPNA3U,15,2
IF,IPNAR,42.743333,59.096667, ,0.0,0.0,2,6000,0,0,0,0,0,0
TF,DP,42.531667,59.595722,0, ,0.0,0.0,0.0,0.0,2,2500,0,0,0,0,0,0

STAR,IPNA3V,15,5
IF,IPNAR,42.743333,59.096667, ,0.0,0.0,2,6000,0,0,0,0,0,0
TF,NN874,42.669872,59.398039,0, ,0.0,0.0,0.0,0.0,2,1900,0,0,0,0,0,0

STAR,IPNA3W,33,2
IF,IPNAR,42.743333,59.096667, ,0.0,0.0,2,8000,0,0,0,0,0,0
TF,ZR,42.446278,59.650361,0, ,0.0,0.0,0.0,0.0,2,2500,0,0,0,0,0,0

STAR,IPNA3X,33,5
IF,IPNAR,42.743333,59.096667, ,0.0,0.0,2,8000,0,0,0,0,0,0
TF,SAFQU,42.297033,59.596739,0, ,0.0,0.0,0.0,0.0,2,1900,0,0,0,0,0,0

STAR,MISR3U,15,2
IF,MISRA,42.990000,59.390000, ,0.0,0.0,2,6000,0,0,0,0,0,0
TF,DP,42.531667,59.595722,0, ,0.0,0.0,0.0,0.0,2,2500,0,0,0,0,0,0

STAR,MISR3V,15,5
IF,MISRA,42.990000,59.390000, ,0.0,0.0,2,6000,0,0,0,0,0,0
TF,NN875,42.734433,59.489408,0, ,0.0,0.0,0.0,0.0,2,1900,0,0,0,0,0,0

STAR,MISR3W,33,2
IF,MISRA,42.990000,59.390000, ,0.0,0.0,2,6000,0,0,0,0,0,0
TF,ZR,42.446278,59.650361,0, ,0.0,0.0,0.0,0.0,2,2500,0,0,0,0,0,0

STAR,MISR3X,33,5
IF,MISRA,42.990000,59.390000, ,0.0,0.0,2,6000,0,0,0,0,0,0
TF,NN633,42.532100,59.744883,0, ,0.0,0.0,0.0,0.0,2,4400,0,0,0,0,0,0
TF,TEHUQ,42.382831,59.840367,0, ,0.0,0.0,0.0,0.0,2,1900,0,0,0,0,0,0

STAR,NESI3U,15,2
IF,NESIR,42.331772,59.434028, ,0.0,0.0,2,6000,0,0,0,0,0,0
TF,DP,42.531667,59.595722,0, ,0.0,0.0,0.0,0.0,2,2500,0,0,0,0,0,0

STAR,NESI3V,15,5
IF,NESIR,42.331772,59.434028, ,0.0,0.0,2,6000,0,0,0,0,0,0
TF,LOTWI,42.595064,59.404431,0, ,0.0,0.0,0.0,0.0,2,1900,0,0,0,0,0,0

STAR,NESI3W,33,2
IF,NESIR,42.331772,59.434028, ,0.0,0.0,2,4000,0,0,0,0,0,0
TF,ZR,42.446278,59.650361,0, ,0.0,0.0,0.0,0.0,2,2500,0,0,0,0,0,0

STAR,NESI3X,33,5
IF,NESIR,42.331772,59.434028, ,0.0,0.0,2,4000,0,0,0,0,0,0
TF,SAFQU,42.297033,59.596739,0, ,0.0,0.0,0.0,0.0,2,1900,0,0,0,0,0,0

STAR,NETA3U,15,2
IF,NETAK,42.893333,59.921667, ,0.0,0.0,2,6000,0,0,0,0,0,0
TF,DP,42.531667,59.595722,0, ,0.0,0.0,0.0,0.0,2,2500,0,0,0,0,0,0

STAR,NETA3V,15,5
IF,NETAK,42.893333,59.921667, ,0.0,0.0,2,6000,0,0,0,0,0,0
TF,NN876,42.704300,59.628394,0, ,0.0,0.0,0.0,0.0,2,1900,0,0,0,0,0,0

STAR,NETA3W,33,2
IF,NETAK,42.893333,59.921667, ,0.0,0.0,2,8000,0,0,0,0,0,0
TF,ZR,42.446278,59.650361,0, ,0.0,0.0,0.0,0.0,2,2500,0,0,0,0,0,0

STAR,NETA3X,33,5
IF,NETAK,42.893333,59.921667, ,0.0,0.0,2,8000,0,0,0,0,0,0
TF,TEHUQ,42.382831,59.840367,0, ,0.0,0.0,0.0,0.0,2,1900,0,0,0,0,0,0

STAR,OGLO3U,15,2
IF,OGLON,42.678333,60.073333, ,0.0,0.0,2,6000,0,0,0,0,0,0
TF,DP,42.531667,59.595722,0, ,0.0,0.0,0.0,0.0,2,2500,0,0,0,0,0,0

STAR,OGLO3V,15,5
IF,OGLON,42.678333,60.073333, ,0.0,0.0,2,6000,0,0,0,0,0,0
TF,NIVCE,42.681283,59.648942,0, ,0.0,0.0,0.0,0.0,2,1900,0,0,0,0,0,0

STAR,OGLO3W,33,2
IF,OGLON,42.678333,60.073333, ,0.0,0.0,2,8000,0,0,0,0,0,0
TF,ZR,42.446278,59.650361,0, ,0.0,0.0,0.0,0.0,2,2500,0,0,0,0,0,0

STAR,OGLO3X,33,5
IF,OGLON,42.678333,60.073333, ,0.0,0.0,2,8000,0,0,0,0,0,0
TF,TEHUQ,42.382831,59.840367,0, ,0.0,0.0,0.0,0.0,2,1900,0,0,0,0,0,0

STAR,RENH3U,15,2
IF,RENHE,42.718139,59.044778, ,0.0,0.0,2,6000,0,0,0,0,0,0
TF,DP,42.531667,59.595722,0, ,0.0,0.0,0.0,0.0,2,2500,0,0,0,0,0,0

STAR,RENH3V,15,5
IF,RENHE,42.718139,59.044778, ,0.0,0.0,2,6000,0,0,0,0,0,0
TF,NN874,42.669872,59.398039,0, ,0.0,0.0,0.0,0.0,2,1900,0,0,0,0,0,0

STAR,RENH3W,33,2
IF,RENHE,42.718139,59.044778, ,0.0,0.0,2,8000,0,0,0,0,0,0
TF,ZR,42.446278,59.650361,0, ,0.0,0.0,0.0,0.0,2,2500,0,0,0,0,0,0

STAR,RENH3X,33,5
IF,RENHE,42.718139,59.044778, ,0.0,0.0,2,8000,0,0,0,0,0,0
TF,SAFQU,42.297033,59.596739,0, ,0.0,0.0,0.0,0.0,2,1900,0,0,0,0,0,0

STAR,TASH3U,15,2
IF,TASHA,42.191772,59.712369, ,0.0,0.0,2,8000,0,0,0,0,0,0
TF,DP,42.531667,59.595722,0, ,0.0,0.0,0.0,0.0,2,2500,0,0,0,0,0,0

STAR,TASH3V,15,5
IF,TASHA,42.191772,59.712369, ,0.0,0.0,2,8000,0,0,0,0,0,0
TF,NN633,42.532100,59.744883,0, ,0.0,0.0,0.0,0.0,2,4400,0,0,0,0,0,0
TF,NIVCE,42.681283,59.648942,0, ,0.0,0.0,0.0,0.0,2,1900,0,0,0,0,0,0

STAR,TASH3W,33,2
IF,TASHA,42.191772,59.712369, ,0.0,0.0,2,4000,0,0,0,0,0,0
TF,ZR,42.446278,59.650361,0, ,0.0,0.0,0.0,0.0,2,2500,0,0,0,0,0,0

APPTR,I33-Y,33,ZR1
IF,ZR,42.446278,59.650361, ,0.0,0.0,2,2500,0,1,250,0,1,0
FC,ZR,42.446278,59.650361,0,DSH,0.0,0.0,95.0,4.2,0,0,0,0,0,0,0,1
CF,CF33,42.385333,59.689353,2,IZR,147.6,8.2,328.0,1.0,2,1600,0,0,0,0,0,0

APPTR,I33-Y,33,ZR2
IF,ZR,42.446278,59.650361, ,0.0,0.0,2,2500,0,1,140,0,1,0
FC,ZR,42.446278,59.650361,0,DSH,0.0,0.0,112.0,2.3,0,0,0,0,0,0,0,1
CI,2,IZR,0.0,298.0,2,1600,0,0,0,0,0,0

FINAL,I33-Y,33,I,3
IF,CF33,42.385333,59.689353,IZR,147.6,8.2,2,1600,0,0,0,0,0,0
CF,ZANHI,42.415467,59.670061,0,IZR,147.6,6.2,328.0,2.0,1,1600,0,0,0,0,2,0
CF,RW33,42.476994,59.630600,0,IZR,147.6,2.1,328.0,4.1,1,299,0,0,0,0,3,0
CA,0,328.0,2,1000,0,0,0,0,0,0
DF,ZR,42.446278,59.650361,1, ,0.0,0.0,2,2500,0,1,210,0,0,0

APPTR,I33-Z,33,NN987
IF,NN987,42.357417,59.851269, ,0.0,0.0,2,1900,0,0,0,0,1,0
TF,BIGZE,42.339997,59.718469,0,IZR,0.0,0.0,0.0,0.0,2,1600,0,0,0,0,1,0

APPTR,I33-Z,33,NN988
IF,NN988,42.295972,59.839508, ,0.0,0.0,2,2200,0,0,0,0,1,0
TF,BIGZE,42.339997,59.718469,0,IZR,0.0,0.0,0.0,0.0,2,1600,0,0,0,0,1,0

APPTR,I33-Z,33,SAFQU
IF,SAFQU,42.297033,59.596739, ,0.0,0.0,2,1900,0,0,0,0,1,0
TF,BIGZE,42.339997,59.718469,0,IZR,0.0,0.0,0.0,0.0,2,1600,0,0,0,0,1,0

APPTR,I33-Z,33,TASHA
IF,TASHA,42.191772,59.712369, ,0.0,0.0,2,4000,0,0,0,0,1,0
TF,BIGZE,42.339997,59.718469,0,IZR,0.0,0.0,0.0,0.0,2,1600,0,0,0,0,1,0

APPTR,I33-Z,33,TEHUQ
IF,TEHUQ,42.382831,59.840367, ,0.0,0.0,2,1900,0,0,0,0,1,0
TF,BIGZE,42.339997,59.718469,0,IZR,0.0,0.0,0.0,0.0,2,1600,0,0,0,0,1,0

FINAL,I33-Z,33,I,3
IF,BIGZE,42.339997,59.718469,IZR,147.5,11.2,2,1600,0,0,0,0,0,0
CF,ZANHI,42.415467,59.670061,0,IZR,147.6,6.2,328.0,5.0,1,1600,0,0,0,0,2,0
CF,RW33,42.476994,59.630600,0,IZR,147.6,2.1,328.0,4.1,1,299,0,0,0,0,3,0
CA,0,328.0,2,1000,0,1,225,0,0,0
DF,TEHUQ,42.382831,59.840367,2, ,0.0,0.0,2,1900,0,1,225,0,0,0

APPTR,N15,15,DP1
IF,DP,42.531667,59.595722, ,0.0,0.0,2,2500,0,1,250,0,1,0
FC,DP,42.531667,59.595722,0,DSH,0.0,0.0,274.0,4.2,0,0,0,0,0,0,0,1
CF,KEKZE,42.563008,59.575200,2,DSH,341.6,49.2,148.0,2.0,1,1600,0,0,0,0,0,0

APPTR,N15,15,DP2
IF,DP,42.531667,59.595722, ,0.0,0.0,2,2500,0,1,140,0,1,0
FC,DP,42.531667,59.595722,0,DSH,0.0,0.0,292.0,2.3,0,0,0,0,0,0,0,1
CF,KEKZE,42.563008,59.575200,2,DSH,341.6,49.2,148.0,1.0,1,1600,0,0,0,0,0,0

FINAL,N15,15,N,3
IF,KEKZE,42.563008,59.575200,DP,0.0,0.0,1,1600,0,0,0,0,2,0
CF,DP,42.531667,59.595722,0,DP,0.0,0.0,148.0,2.1,1,940,0,0,0,0,0,0
CF,D,42.509694,59.609611,0,DP,0.0,0.0,148.0,1.5,1,472,0,0,0,0,3,0
CA,0,148.0,2,1000,0,0,0,0,0,0
DF,DP,42.531667,59.595722,1, ,0.0,0.0,2,2500,0,1,210,0,0,0

APPTR,N33,33,ZR1
IF,ZR,42.446278,59.650361, ,0.0,0.0,2,2500,0,1,250,0,1,0
FC,ZR,42.446278,59.650361,0,DSH,0.0,0.0,95.0,4.2,0,0,0,0,0,0,0,1
CF,ZANHI,42.415467,59.670061,2,DSH,345.0,39.7,328.0,2.0,1,1600,0,0,0,0,0,0

APPTR,N33,33,ZR2
IF,ZR,42.446278,59.650361, ,0.0,0.0,2,2500,0,1,140,0,1,0
FC,ZR,42.446278,59.650361,0,DSH,0.0,0.0,112.0,2.3,0,0,0,0,0,0,0,1
CF,ZANHI,42.415467,59.670061,2,DSH,345.0,39.7,328.0,1.0,1,1600,0,0,0,0,0,0

FINAL,N33,33,N,3
IF,ZANHI,42.415467,59.670061,ZR,0.0,0.0,1,1600,0,0,0,0,2,0
CF,ZR,42.446278,59.650361,0,ZR,0.0,0.0,328.0,2.0,1,940,0,0,0,0,0,0
CF,Z,42.469056,59.635667,0,ZR,0.0,0.0,328.0,1.5,1,467,0,0,0,0,3,0
CA,0,328.0,2,1000,0,0,0,0,0,0
DF,ZR,42.446278,59.650361,1, ,0.0,0.0,2,2500,0,1,210,0,0,0

APPTR,R15,15,LOTWI
IF,LOTWI,42.595064,59.404431, ,0.0,0.0,2,1900,0,0,0,0,1,0
TF,HATJE,42.638239,59.526603,0, ,0.0,0.0,0.0,0.0,2,1600,0,0,0,0,1,0

APPTR,R15,15,NIVCE
IF,NIVCE,42.681283,59.648942, ,0.0,0.0,2,1900,0,0,0,0,1,0
TF,HATJE,42.638239,59.526603,0, ,0.0,0.0,0.0,0.0,2,1600,0,0,0,0,1,0

APPTR,R15,15,NN874
IF,NN874,42.669872,59.398039, ,0.0,0.0,2,1900,0,0,0,0,1,0
TF,HATJE,42.638239,59.526603,0, ,0.0,0.0,0.0,0.0,2,1600,0,0,0,0,1,0

APPTR,R15,15,NN875
IF,NN875,42.734433,59.489408, ,0.0,0.0,2,1900,0,0,0,0,1,0
TF,HATJE,42.638239,59.526603,0, ,0.0,0.0,0.0,0.0,2,1600,0,0,0,0,1,0

APPTR,R15,15,NN876
IF,NN876,42.704300,59.628394, ,0.0,0.0,2,1900,0,0,0,0,1,0
TF,HATJE,42.638239,59.526603,0, ,0.0,0.0,0.0,0.0,2,1600,0,0,0,0,1,0

FINAL,R15,15,R,3
IF,HATJE,42.638239,59.526603, ,0.0,0.0,2,1600,0,0,0,0,0,0
TF,KEKZE,42.563008,59.575200,0, ,0.0,0.0,148.0,5.0,1,1600,0,0,0,0,2,0
TF,NN148,42.514814,59.606264,0, ,0.0,0.0,148.0,3.2,1,581,0,0,0,0,3,1
CA,0,148.0,2,1000,0,1,225,0,0,0
DF,NIVCE,42.681283,59.648942,1, ,0.0,0.0,2,1900,0,1,225,0,0,0

APPTR,R33,33,NN987
IF,NN987,42.357417,59.851269, ,0.0,0.0,2,1900,0,0,0,0,1,0
TF,BIGZE,42.339997,59.718469,0, ,0.0,0.0,0.0,0.0,2,1600,0,0,0,0,1,0

APPTR,R33,33,NN988
IF,NN988,42.295972,59.839508, ,0.0,0.0,2,2200,0,0,0,0,1,0
TF,BIGZE,42.339997,59.718469,0, ,0.0,0.0,0.0,0.0,2,1600,0,0,0,0,1,0

APPTR,R33,33,SAFQU
IF,SAFQU,42.297033,59.596739, ,0.0,0.0,2,1900,0,0,0,0,1,0
TF,BIGZE,42.339997,59.718469,0, ,0.0,0.0,0.0,0.0,2,1600,0,0,0,0,1,0

APPTR,R33,33,TASHA
IF,TASHA,42.191772,59.712369, ,0.0,0.0,2,4000,0,0,0,0,1,0
TF,BIGZE,42.339997,59.718469,0, ,0.0,0.0,0.0,0.0,2,1600,0,0,0,0,1,0

APPTR,R33,33,TEHUQ
IF,TEHUQ,42.382831,59.840367, ,0.0,0.0,2,1900,0,0,0,0,1,0
TF,BIGZE,42.339997,59.718469,0, ,0.0,0.0,0.0,0.0,2,1600,0,0,0,0,1,0

FINAL,R33,33,R,3
IF,BIGZE,42.339997,59.718469, ,0.0,0.0,2,1600,0,0,0,0,0,0
TF,ZANHI,42.415467,59.670061,0, ,0.0,0.0,328.0,5.0,1,1600,0,0,0,0,2,0
TF,NN328,42.461036,59.640858,0, ,0.0,0.0,328.0,3.0,1,637,0,0,0,0,3,1
CA,0,328.0,2,1000,0,1,225,0,0,0
DF,TEHUQ,42.382831,59.840367,2, ,0.0,0.0,2,1900,0,1,225,0,0,0

