SID,AZRE2E,31,5
CF,NU530,41.669756,60.544242,0,DSH,91.9,34.1,313.0,5.9,2,1300,0,1,230,0,0,0
TF,AZREF,42.105889,60.356222,0, ,0.0,0.0,0.0,0.0,2,6000,0,0,0,0,0,0

SID,AZRE2F,31,2
CA,0,313.0,2,1300,0,0,0,0,0,0
CI,0, ,0.0,360.0,0,0,0,0,0,0,0,0
CF,AZREF,42.105889,60.356222,0,DSH,43.3,32.6,330.0,29.0,2,6000,0,0,0,0,0,0

SID,AZRE2G,13,5
CF,NU420,41.495567,60.742350,0,DSH,103.1,45.5,133.0,6.0,2,1300,0,1,230,0,0,0
TF,NU421,41.549683,60.826747,0, ,0.0,0.0,0.0,0.0,2,1500,0,1,250,0,0,0
TF,AZREF,42.105889,60.356222,0, ,0.0,0.0,0.0,0.0,2,6000,0,0,0,0,0,0

SID,AZRE2H,13,2
CA,0,133.0,2,1300,0,0,0,0,0,0
DF,RG,41.619583,60.601528,2, ,0.0,0.0,0,0,0,1,220,0,0,0
TF,AZREF,42.105889,60.356222,0, ,0.0,0.0,0.0,0.0,2,6000,0,0,0,0,0,0

SID,DARV2E,31,5
CF,NU530,41.669756,60.544242,0,DSH,91.9,34.1,313.0,5.9,2,1300,0,1,230,0,0,0
TF,NU532,41.615578,60.459761,0, ,0.0,0.0,0.0,0.0,2,1500,0,1,250,0,0,0
TF,DARVA,41.306761,60.427403,0, ,0.0,0.0,0.0,0.0,2,5000,0,0,0,0,0,0

SID,DARV2F,31,2
CA,0,313.0,2,1300,0,0,0,0,0,0
DF,NU,41.545167,60.686222,2, ,0.0,0.0,0,0,0,1,220,0,0,0
TF,DARVA,41.306761,60.427403,0, ,0.0,0.0,213.0,19.0,2,5000,0,0,0,0,0,0

SID,DARV2G,13,5
CF,NU420,41.495567,60.742350,0,DSH,103.1,45.5,133.0,6.0,2,1300,0,1,230,0,0,0
TF,NU422,41.441386,60.658094,0, ,0.0,0.0,0.0,0.0,2,1500,0,1,250,0,0,0
TF,DARVA,41.306761,60.427403,0, ,0.0,0.0,0.0,0.0,2,4000,0,0,0,0,0,0

SID,DARV2H,13,2
CA,0,133.0,2,1300,0,0,0,0,0,0
DF,RG,41.619583,60.601528,1, ,0.0,0.0,0,0,0,1,220,0,0,1
CI,1, ,0.0,166.0,0,0,0,0,0,0,0,0
CF,DARVA,41.306761,60.427403,0,DSH,126.4,39.4,196.0,16.0,2,4000,0,0,0,0,0,0

SID,DIKN2E,31,5
CF,NU530,41.669756,60.544242,0,DSH,91.9,34.1,313.0,5.9,2,1300,0,1,230,0,0,0
TF,NU531,41.723869,60.628864,0, ,0.0,0.0,0.0,0.0,2,1500,0,1,250,0,0,0
TF,DIKNA,41.643333,61.750000,0, ,0.0,0.0,0.0,0.0,2,6000,0,0,0,0,0,0

SID,DIKN2F,31,2
CA,0,313.0,2,1300,0,0,0,0,0,0
DF,NU,41.545167,60.686222,1, ,0.0,0.0,0,0,0,1,220,0,0,0
TF,DIKNA,41.643333,61.750000,0, ,0.0,0.0,0.0,0.0,2,6000,0,0,0,0,0,0

SID,DIKN2G,13,5
CF,NU420,41.495567,60.742350,0,DSH,103.1,45.5,133.0,6.0,2,1300,0,1,230,0,0,0
TF,DIKNA,41.643333,61.750000,0, ,0.0,0.0,0.0,0.0,2,6000,0,0,0,0,0,0

SID,DIKN2H,13,2
CA,0,133.0,2,1300,0,0,0,0,0,0
DF,RG,41.619583,60.601528,2, ,0.0,0.0,0,0,0,1,220,0,0,1
CI,2, ,0.0,111.0,0,0,0,0,0,0,0,0
CF,DIKNA,41.643333,61.750000,0,DSH,86.9,88.1,81.0,46.0,2,6000,0,0,0,0,0,0

SID,EVTE2E,31,5
CF,NU530,41.669756,60.544242,0,DSH,91.9,34.1,313.0,5.9,2,1300,0,1,230,0,0,0
TF,NU531,41.723869,60.628864,0, ,0.0,0.0,0.0,0.0,2,1500,0,1,250,0,0,0
TF,EVTEV,41.861667,61.750000,0, ,0.0,0.0,0.0,0.0,2,6000,0,0,0,0,0,0

SID,EVTE2F,31,2
CA,0,313.0,2,1300,0,0,0,0,0,0
DF,NU,41.545167,60.686222,1, ,0.0,0.0,0,0,0,1,220,0,0,0
TF,EVTEV,41.861667,61.750000,0, ,0.0,0.0,0.0,0.0,2,6000,0,0,0,0,0,0

SID,EVTE2G,13,5
CF,NU420,41.495567,60.742350,0,DSH,103.1,45.5,133.0,6.0,2,1300,0,1,230,0,0,0
TF,EVTEV,41.861667,61.750000,0, ,0.0,0.0,0.0,0.0,2,6000,0,0,0,0,0,0

SID,EVTE2H,13,2
CA,0,133.0,2,1300,0,0,0,0,0,0
DF,RG,41.619583,60.601528,2, ,0.0,0.0,0,0,0,1,220,0,0,1
CI,2, ,0.0,97.0,0,0,0,0,0,0,0,0
CF,EVTEV,41.861667,61.750000,0,DSH,78.4,87.9,67.0,49.0,2,6000,0,0,0,0,0,0

SID,MAKI2E,31,5
CF,NU530,41.669756,60.544242,0,DSH,91.9,34.1,313.0,5.9,2,1300,0,1,230,0,0,0
TF,MAKIX,42.100000,60.788333,0, ,0.0,0.0,0.0,0.0,2,6000,0,0,0,0,0,0

SID,MAKI2F,31,2
CA,0,313.0,2,1300,0,0,0,0,0,0
DF,NU,41.545167,60.686222,1, ,0.0,0.0,0,0,0,1,220,0,0,1
CI,1, ,0.0,331.0,0,0,0,0,0,0,0,0
CF,MAKIX,42.100000,60.788333,0,DSH,58.0,48.9,1.0,29.0,2,6000,0,0,0,0,0,0

SID,MAKI2G,13,5
CF,NU420,41.495567,60.742350,0,DSH,103.1,45.5,133.0,6.0,2,1300,0,1,230,0,0,0
TF,NU421,41.549683,60.826747,0, ,0.0,0.0,0.0,0.0,2,1500,0,1,250,0,0,0
TF,MAKIX,42.100000,60.788333,0, ,0.0,0.0,0.0,0.0,2,6000,0,0,0,0,0,0

SID,MAKI2H,13,2
CA,0,133.0,2,1300,0,0,0,0,0,0
DF,RG,41.619583,60.601528,2, ,0.0,0.0,0,0,0,1,220,0,0,0
TF,MAKIX,42.100000,60.788333,0, ,0.0,0.0,0.0,0.0,2,6000,0,0,0,0,0,0

SID,NESV2E,31,5
CF,NU530,41.669756,60.544242,0,DSH,91.9,34.1,313.0,5.9,2,1300,0,1,230,0,0,0
TF,NU531,41.723869,60.628864,0, ,0.0,0.0,0.0,0.0,2,1500,0,1,250,0,0,0
TF,NESVA,42.043333,61.338333,0, ,0.0,0.0,0.0,0.0,2,6000,0,0,0,0,0,0

SID,NESV2F,31,2
CA,0,313.0,2,1300,0,0,0,0,0,0
DF,NU,41.545167,60.686222,1, ,0.0,0.0,0,0,0,1,220,0,0,1
CI,1, ,0.0,8.0,0,0,0,0,0,0,0,0
CF,NESVA,42.043333,61.338333,0,DSH,68.7,71.2,38.0,39.0,2,6000,0,0,0,0,0,0

SID,NESV2G,13,5
CF,NU420,41.495567,60.742350,0,DSH,103.1,45.5,133.0,6.0,2,1300,0,1,230,0,0,0
TF,NU421,41.549683,60.826747,0, ,0.0,0.0,0.0,0.0,2,1500,0,1,250,0,0,0
TF,NESVA,42.043333,61.338333,0, ,0.0,0.0,0.0,0.0,2,6000,0,0,0,0,0,0

SID,NESV2H,13,2
CA,0,133.0,2,1300,0,0,0,0,0,0
DF,RG,41.619583,60.601528,2, ,0.0,0.0,0,0,0,1,220,0,0,1
TF,NESVA,42.043333,61.338333,0, ,0.0,0.0,0.0,0.0,2,6000,0,0,0,0,0,0

SID,OTBO2E,31,5
CF,NU530,41.669756,60.544242,0,DSH,91.9,34.1,313.0,5.9,2,1300,0,1,230,0,0,0
TF,OTBOR,41.471761,60.197394,0, ,0.0,0.0,0.0,0.0,2,5000,0,0,0,0,0,0

SID,OTBO2F,31,2
CA,0,313.0,2,1300,0,0,0,0,0,0
DF,NU,41.545167,60.686222,2, ,0.0,0.0,0,0,0,1,220,0,0,1
CI,2, ,0.0,282.0,0,0,0,0,0,0,0,0
CF,OTBOR,41.471761,60.197394,0,DSH,126.6,25.0,252.0,19.0,2,5000,0,0,0,0,0,0

SID,OTBO2G,13,5
CF,NU420,41.495567,60.742350,0,DSH,103.1,45.5,133.0,6.0,2,1300,0,1,230,0,0,0
TF,NU422,41.441386,60.658094,0, ,0.0,0.0,0.0,0.0,2,1500,0,1,250,0,0,0
TF,OTBOR,41.471761,60.197394,0, ,0.0,0.0,0.0,0.0,2,6000,0,0,0,0,0,0

SID,OTBO2H,13,2
CA,0,133.0,2,1300,0,0,0,0,0,0
DF,RG,41.619583,60.601528,1, ,0.0,0.0,0,0,0,1,220,0,0,1
TF,OTBOR,41.471761,60.197394,0, ,0.0,0.0,0.0,0.0,2,6000,0,0,0,0,0,0

SID,SOVO2E,31,5
CF,NU530,41.669756,60.544242,0,DSH,91.9,34.1,313.0,5.9,2,1300,0,1,230,0,0,0
TF,SOVOD,41.701767,60.110719,0, ,0.0,0.0,0.0,0.0,2,5000,0,0,0,0,0,0

SID,SOVO2F,31,2
CA,0,313.0,2,1300,0,0,0,0,0,0
CI,0, ,0.0,254.0,0,0,0,0,0,0,0,0
CF,SOVOD,41.701767,60.110719,0,DSH,96.7,14.6,284.0,16.0,2,5000,0,0,0,0,0,0

SID,SOVO2G,13,5
CF,NU420,41.495567,60.742350,0,DSH,103.1,45.5,133.0,6.0,2,1300,0,1,230,0,0,0
TF,NU422,41.441386,60.658094,0, ,0.0,0.0,0.0,0.0,2,1500,0,1,250,0,0,0
TF,SOVOD,41.701767,60.110719,0, ,0.0,0.0,0.0,0.0,2,6000,0,0,0,0,0,0

SID,SOVO2H,13,2
CA,0,133.0,2,1300,0,0,0,0,0,0
DF,RG,41.619583,60.601528,1, ,0.0,0.0,0,0,0,1,220,0,0,0
TF,SOVOD,41.701767,60.110719,0, ,0.0,0.0,0.0,0.0,2,6000,0,0,0,0,0,0

SID,VASI2E,31,5
CF,NU530,41.669756,60.544242,0,DSH,91.9,34.1,313.0,5.9,2,1300,0,1,230,0,0,0
TF,NU531,41.723869,60.628864,0, ,0.0,0.0,0.0,0.0,2,1500,0,1,250,0,0,0
TF,VASIM,41.260000,61.750000,0, ,0.0,0.0,0.0,0.0,2,6000,0,0,0,0,0,0

SID,VASI2F,31,2
CA,0,313.0,2,1300,0,0,0,0,0,0
DF,NU,41.545167,60.686222,1, ,0.0,0.0,0,0,0,1,220,0,0,0
TF,VASIM,41.260000,61.750000,0, ,0.0,0.0,0.0,0.0,2,6000,0,0,0,0,0,0

SID,VASI2G,13,5
CF,NU420,41.495567,60.742350,0,DSH,103.1,45.5,133.0,6.0,2,1300,0,1,230,0,0,0
TF,VASIM,41.260000,61.750000,0, ,0.0,0.0,0.0,0.0,2,6000,0,0,0,0,0,0

SID,VASI2H,13,2
CA,0,133.0,2,1300,0,0,0,0,0,0
CI,0, ,0.0,76.0,0,0,0,0,0,0,0,0
CF,VASIM,41.260000,61.750000,0,DSH,101.1,93.1,106.0,46.0,2,6000,0,0,0,0,0,0

STAR,AZRE2Q,31,5
IF,AZREF,42.105889,60.356222, ,0.0,0.0,2,6000,0,0,0,0,0,0
TF,NU756,41.648400,60.745200,0, ,0.0,0.0,0.0,0.0,2,2500,0,0,0,0,0,0
TF,NU750,41.498769,60.913392,0, ,0.0,0.0,0.0,0.0,2,2300,0,0,0,0,0,0

STAR,AZRE2R,31,2
IF,AZREF,42.105889,60.356222, ,0.0,0.0,2,6000,0,0,0,0,0,0
TF,NU,41.545167,60.686222,0, ,0.0,0.0,0.0,0.0,2,3500,0,0,0,0,0,0

STAR,AZRE2S,13,5
IF,AZREF,42.105889,60.356222, ,0.0,0.0,2,6000,0,0,0,0,0,0
TF,NU754,41.830469,60.441300,0, ,0.0,0.0,0.0,0.0,2,2500,0,0,0,0,0,0

STAR,AZRE2T,13,2
IF,AZREF,42.105889,60.356222, ,0.0,0.0,2,6000,0,0,0,0,0,0
TF,RG,41.619583,60.601528,0, ,0.0,0.0,0.0,0.0,2,3500,0,0,0,0,0,0

STAR,DARV2Q,31,5
IF,DARVA,41.306761,60.427403, ,0.0,0.0,2,6000,0,0,0,0,0,0
TF,NU752,41.368864,60.711142,0, ,0.0,0.0,0.0,0.0,2,2300,0,0,0,0,0,0

STAR,DARV2R,31,2
IF,DARVA,41.306761,60.427403, ,0.0,0.0,2,6000,0,0,0,0,0,0
TF,NU,41.545167,60.686222,0, ,0.0,0.0,0.0,0.0,2,3500,0,0,0,0,0,0

STAR,DARV2S,13,5
IF,DARVA,41.306761,60.427403, ,0.0,0.0,2,6000,0,0,0,0,0,0
TF,NU755,41.667908,60.370575,0, ,0.0,0.0,0.0,0.0,2,2300,0,0,0,0,0,0

STAR,DARV2T,13,2
IF,DARVA,41.306761,60.427403, ,0.0,0.0,2,6000,0,0,0,0,0,0
TF,RG,41.619583,60.601528,0, ,0.0,0.0,0.0,0.0,2,3500,0,0,0,0,0,0

STAR,DIKN2Q,31,5
IF,DIKNA,41.643333,61.750000, ,0.0,0.0,2,6000,0,0,0,0,0,0
TF,NU751,41.408958,60.943769,0, ,0.0,0.0,0.0,0.0,2,2300,0,0,0,0,0,0

STAR,DIKN2R,31,2
IF,DIKNA,41.643333,61.750000, ,0.0,0.0,2,6000,0,0,0,0,0,0
TF,NU,41.545167,60.686222,0, ,0.0,0.0,0.0,0.0,2,3500,0,0,0,0,0,0

STAR,DIKN2S,13,5
IF,DIKNA,41.643333,61.750000, ,0.0,0.0,2,6000,0,0,0,0,0,0
TF,NU759,41.741872,61.012450,0, ,0.0,0.0,0.0,0.0,2,2500,0,0,0,0,0,0
TF,NU753,41.798150,60.573369,0, ,0.0,0.0,0.0,0.0,2,2300,0,0,0,0,0,0

STAR,DIKN2T,13,2
IF,DIKNA,41.643333,61.750000, ,0.0,0.0,2,6000,0,0,0,0,0,0
TF,RG,41.619583,60.601528,0, ,0.0,0.0,0.0,0.0,2,3500,0,0,0,0,0,0

STAR,EVTE2Q,31,5
IF,EVTEV,41.861667,61.750000, ,0.0,0.0,2,6000,0,0,0,0,0,0
TF,NU750,41.498769,60.913392,0, ,0.0,0.0,0.0,0.0,2,2300,0,0,0,0,0,0

STAR,EVTE2R,31,2
IF,EVTEV,41.861667,61.750000, ,0.0,0.0,2,6000,0,0,0,0,0,0
TF,NU,41.545167,60.686222,0, ,0.0,0.0,0.0,0.0,2,3500,0,0,0,0,0,0

STAR,EVTE2S,13,5
IF,EVTEV,41.861667,61.750000, ,0.0,0.0,2,6000,0,0,0,0,0,0
TF,NU753,41.798150,60.573369,0, ,0.0,0.0,0.0,0.0,2,2300,0,0,0,0,0,0

STAR,EVTE2T,13,2
IF,EVTEV,41.861667,61.750000, ,0.0,0.0,2,6000,0,0,0,0,0,0
TF,RG,41.619583,60.601528,0, ,0.0,0.0,0.0,0.0,2,3500,0,0,0,0,0,0

STAR,MAKI2Q,31,5
IF,MAKIX,42.100000,60.788333, ,0.0,0.0,2,6000,0,0,0,0,0,0
TF,NU758,41.726647,60.866272,0, ,0.0,0.0,0.0,0.0,2,2500,0,0,0,0,0,0
TF,NU750,41.498769,60.913392,0, ,0.0,0.0,0.0,0.0,2,2300,0,0,0,0,0,0

STAR,MAKI2R,31,2
IF,MAKIX,42.100000,60.788333, ,0.0,0.0,2,6000,0,0,0,0,0,0
TF,NU,41.545167,60.686222,0, ,0.0,0.0,0.0,0.0,2,3500,0,0,0,0,0,0

STAR,MAKI2S,13,5
IF,MAKIX,42.100000,60.788333, ,0.0,0.0,2,6000,0,0,0,0,0,0
TF,NU757,41.916475,60.657358,0, ,0.0,0.0,0.0,0.0,2,2500,0,0,0,0,0,0
TF,NU753,41.798150,60.573369,0, ,0.0,0.0,0.0,0.0,2,2300,0,0,0,0,0,0

STAR,MAKI2T,13,2
IF,MAKIX,42.100000,60.788333, ,0.0,0.0,2,6000,0,0,0,0,0,0
TF,RG,41.619583,60.601528,0, ,0.0,0.0,0.0,0.0,2,3500,0,0,0,0,0,0

STAR,NESV2Q,31,5
IF,NESVA,42.043333,61.338333, ,0.0,0.0,2,6000,0,0,0,0,0,0
TF,NU750,41.498769,60.913392,0, ,0.0,0.0,0.0,0.0,2,2300,0,0,0,0,0,0

STAR,NESV2R,31,2
IF,NESVA,42.043333,61.338333, ,0.0,0.0,2,6000,0,0,0,0,0,0
TF,NU,41.545167,60.686222,0, ,0.0,0.0,0.0,0.0,2,3500,0,0,0,0,0,0

STAR,NESV2S,13,5
IF,NESVA,42.043333,61.338333, ,0.0,0.0,2,6000,0,0,0,0,0,0
TF,NU753,41.798150,60.573369,0, ,0.0,0.0,0.0,0.0,2,2300,0,0,0,0,0,0

STAR,NESV2T,13,2
IF,NESVA,42.043333,61.338333, ,0.0,0.0,2,6000,0,0,0,0,0,0
TF,RG,41.619583,60.601528,0, ,0.0,0.0,0.0,0.0,2,3500,0,0,0,0,0,0

STAR,OTBO2Q,31,5
IF,OTBOR,41.471761,60.197394, ,0.0,0.0,2,6000,0,0,0,0,0,0
TF,NU752,41.368864,60.711142,0, ,0.0,0.0,0.0,0.0,2,2300,0,0,0,0,0,0

STAR,OTBO2R,31,2
IF,OTBOR,41.471761,60.197394, ,0.0,0.0,2,6000,0,0,0,0,0,0
TF,NU,41.545167,60.686222,0, ,0.0,0.0,0.0,0.0,2,3500,0,0,0,0,0,0

STAR,OTBO2S,13,5
IF,OTBOR,41.471761,60.197394, ,0.0,0.0,2,6000,0,0,0,0,0,0
TF,NU755,41.667908,60.370575,0, ,0.0,0.0,0.0,0.0,2,2300,0,0,0,0,0,0

STAR,OTBO2T,13,2
IF,OTBOR,41.471761,60.197394, ,0.0,0.0,2,6000,0,0,0,0,0,0
TF,RG,41.619583,60.601528,0, ,0.0,0.0,0.0,0.0,2,3500,0,0,0,0,0,0

STAR,SOVO2Q,31,5
IF,SOVOD,41.701767,60.110719, ,0.0,0.0,2,6000,0,0,0,0,0,0
TF,NU752,41.368864,60.711142,0, ,0.0,0.0,0.0,0.0,2,2300,0,0,0,0,0,0

STAR,SOVO2R,31,2
IF,SOVOD,41.701767,60.110719, ,0.0,0.0,2,6000,0,0,0,0,0,0
TF,NU,41.545167,60.686222,0, ,0.0,0.0,0.0,0.0,2,3500,0,0,0,0,0,0

STAR,SOVO2S,13,5
IF,SOVOD,41.701767,60.110719, ,0.0,0.0,2,6000,0,0,0,0,0,0
TF,NU755,41.667908,60.370575,0, ,0.0,0.0,0.0,0.0,2,2300,0,0,0,0,0,0

STAR,SOVO2T,13,2
IF,SOVOD,41.701767,60.110719, ,0.0,0.0,2,6000,0,0,0,0,0,0
TF,RG,41.619583,60.601528,0, ,0.0,0.0,0.0,0.0,2,3500,0,0,0,0,0,0

STAR,VASI2Q,31,5
IF,VASIM,41.260000,61.750000, ,0.0,0.0,2,6000,0,0,0,0,0,0
TF,NU751,41.408958,60.943769,0, ,0.0,0.0,0.0,0.0,2,2300,0,0,0,0,0,0

STAR,VASI2R,31,2
IF,VASIM,41.260000,61.750000, ,0.0,0.0,2,6000,0,0,0,0,0,0
TF,NU,41.545167,60.686222,0, ,0.0,0.0,0.0,0.0,2,3500,0,0,0,0,0,0

STAR,VASI2S,13,5
IF,VASIM,41.260000,61.750000, ,0.0,0.0,2,6000,0,0,0,0,0,0
TF,NU756,41.648400,60.745200,0, ,0.0,0.0,0.0,0.0,2,2500,0,0,0,0,0,0
TF,NU753,41.798150,60.573369,0, ,0.0,0.0,0.0,0.0,2,2300,0,0,0,0,0,0

STAR,VASI2T,13,2
IF,VASIM,41.260000,61.750000, ,0.0,0.0,2,6000,0,0,0,0,0,0
TF,RG,41.619583,60.601528,0, ,0.0,0.0,0.0,0.0,2,3500,0,0,0,0,0,0

APPTR,I31-Y,31,NU1
IF,NU,41.545167,60.686222, ,0.0,0.0,2,3500,0,1,250,0,1,0
FC,NU,41.545167,60.686222,0,DSH,0.0,0.0,96.0,6.3,0,0,0,0,0,0,0,1
CF,CI31,41.465150,60.776625,2,INU,132.5,10.3,313.0,1.0,1,2300,0,0,0,0,0,0

APPTR,I31-Y,31,NU2
IF,NU,41.545167,60.686222, ,0.0,0.0,2,3500,0,1,140,0,1,0
FC,NU,41.545167,60.686222,0,DSH,0.0,0.0,115.0,4.7,0,0,0,0,0,0,0,1
CI,2,INU,0.0,283.0,1,2300,0,0,0,0,0,0

FINAL,I31-Y,31,I,3
IF,CI31,41.465150,60.776625,INU,132.5,10.3,1,2300,0,0,0,0,0,0
CF,FI31Y,41.494875,60.743008,0,INU,132.5,8.0,313.0,2.3,1,2300,0,0,0,0,2,0
CF,RW31,41.572300,60.655250,0,INU,132.5,1.9,313.0,6.1,1,374,0,0,0,0,3,0
CA,0,313.0,2,1300,0,0,0,0,0,0
DF,NU,41.545167,60.686222,2, ,0.0,0.0,2,2300,0,1,210,0,0,0

APPTR,I31-Z,31,NU750
IF,NU750,41.498769,60.913392, ,0.0,0.0,2,2300,0,0,0,0,1,0
TF,BUFOF,41.431894,60.814386,0,INU,0.0,0.0,0.0,0.0,2,2300,0,0,0,0,1,0

APPTR,I31-Z,31,NU751
IF,NU751,41.408958,60.943769, ,0.0,0.0,2,2300,0,0,0,0,1,0
TF,BUFOF,41.431894,60.814386,0,INU,0.0,0.0,0.0,0.0,2,2300,0,0,0,0,1,0

APPTR,I31-Z,31,NU752
IF,NU752,41.368864,60.711142, ,0.0,0.0,2,2300,0,0,0,0,1,0
TF,BUFOF,41.431894,60.814386,0,INU,0.0,0.0,0.0,0.0,2,2300,0,0,0,0,1,0

FINAL,I31-Z,31,I,3
IF,BUFOF,41.431894,60.814386,INU,132.5,12.9,2,2300,0,0,0,0,0,0
CF,NU310,41.495319,60.742508,0,INU,132.5,8.0,313.0,5.0,1,2300,0,0,0,0,2,0
CF,RW31,41.572300,60.655250,0,INU,132.5,1.9,313.0,6.1,1,374,0,0,0,0,3,0
CF,NU311,41.655506,60.560644,0,DSH,93.1,35.0,313.0,6.6,2,1300,0,1,230,0,0,1
DF,NU756,41.648400,60.745200,2, ,0.0,0.0,2,2500,0,1,230,0,0,0

APPTR,N13,13,RG1
IF,RG,41.619583,60.601528, ,0.0,0.0,2,3500,0,1,250,0,1,0
FC,RG,41.619583,60.601528,0,DSH,0.0,0.0,350.0,6.3,0,0,0,0,0,0,0,1
CF,FN13,41.670153,60.544917,1,DSH,91.8,34.1,133.0,3.0,1,2300,0,0,0,0,0,0

APPTR,N13,13,RG2
IF,RG,41.619583,60.601528, ,0.0,0.0,2,3500,0,1,140,0,1,0
FC,RG,41.619583,60.601528,0,DSH,0.0,0.0,331.0,4.7,0,0,0,0,0,0,0,1
CF,FN13,41.670153,60.544917,1,DSH,91.8,34.1,133.0,1.0,1,2300,0,0,0,0,0,0

FINAL,N13,13,N,2
IF,FN13,41.670153,60.544917,RG,0.0,0.0,1,2300,0,0,0,0,2,0
CF,R,41.600417,60.623194,0,RG,0.0,0.0,133.0,5.5,1,560,0,0,0,0,3,0
CA,0,133.0,2,1300,0,0,0,0,0,0
DF,RG,41.619583,60.601528,1, ,0.0,0.0,2,2300,0,1,210,0,0,0

APPTR,N31,31,NU1
IF,NU,41.545167,60.686222, ,0.0,0.0,2,3500,0,1,250,0,1,0
FC,NU,41.545167,60.686222,0,DSH,0.0,0.0,96.0,6.3,0,0,0,0,0,0,0,1
CF,FN31,41.495078,60.742106,2,DSH,103.1,45.5,313.0,3.0,1,2300,0,0,0,0,0,0

APPTR,N31,31,NU2
IF,NU,41.545167,60.686222, ,0.0,0.0,2,3500,0,1,140,0,1,0
FC,NU,41.545167,60.686222,0,DSH,0.0,0.0,115.0,4.7,0,0,0,0,0,0,0,1
CF,FN31,41.495078,60.742106,2,DSH,103.1,45.5,313.0,1.0,1,2300,0,0,0,0,0,0

FINAL,N31,31,N,2
IF,FN31,41.495078,60.742106,NU,0.0,0.0,1,2300,0,0,0,0,2,0
CF,N,41.565944,60.662667,0,NU,0.0,0.0,313.0,5.6,1,530,0,0,0,0,3,0
CA,0,313.0,2,1300,0,0,0,0,0,0
DF,NU,41.545167,60.686222,2, ,0.0,0.0,2,2300,0,1,210,0,0,0

APPTR,R13,13,NU753
IF,NU753,41.798150,60.573369, ,0.0,0.0,2,2300,0,0,0,0,1,0
TF,MEHDA,41.733075,60.471869,0, ,0.0,0.0,0.0,0.0,2,2300,0,0,0,0,1,0

APPTR,R13,13,NU754
IF,NU754,41.830469,60.441300, ,0.0,0.0,2,2500,0,0,0,0,1,0
TF,MEHDA,41.733075,60.471869,0, ,0.0,0.0,0.0,0.0,2,2300,0,0,0,0,1,0

APPTR,R13,13,NU755
IF,NU755,41.667908,60.370575, ,0.0,0.0,2,2300,0,0,0,0,1,0
TF,MEHDA,41.733075,60.471869,0, ,0.0,0.0,0.0,0.0,2,2300,0,0,0,0,1,0

FINAL,R13,13,R,3
IF,MEHDA,41.733075,60.471869, ,0.0,0.0,2,2300,0,0,0,0,0,0
TF,NU130,41.669647,60.544364,0, ,0.0,0.0,133.0,5.0,1,2300,0,0,0,0,2,0
TF,RW13,41.592842,60.631889,0, ,0.0,0.0,133.0,6.1,1,369,0,0,0,0,3,1
CF,NU131,41.513692,60.721803,0,DSH,102.2,44.2,133.0,6.2,2,1300,0,1,230,0,0,1
DF,NU756,41.648400,60.745200,1, ,0.0,0.0,2,2500,0,1,230,0,0,0

APPTR,R31,31,NU750
IF,NU750,41.498769,60.913392, ,0.0,0.0,2,2300,0,0,0,0,1,0
TF,BUFOF,41.431894,60.814386,0, ,0.0,0.0,0.0,0.0,2,2300,0,0,0,0,1,0

APPTR,R31,31,NU751
IF,NU751,41.408958,60.943769, ,0.0,0.0,2,2300,0,0,0,0,1,0
TF,BUFOF,41.431894,60.814386,0, ,0.0,0.0,0.0,0.0,2,2300,0,0,0,0,1,0

APPTR,R31,31,NU752
IF,NU752,41.368864,60.711142, ,0.0,0.0,2,2300,0,0,0,0,1,0
TF,BUFOF,41.431894,60.814386,0, ,0.0,0.0,0.0,0.0,2,2300,0,0,0,0,1,0

FINAL,R31,31,R,3
IF,BUFOF,41.431894,60.814386, ,0.0,0.0,2,2300,0,0,0,0,0,0
TF,NU310,41.495319,60.742508,0, ,0.0,0.0,313.0,5.0,1,2300,0,0,0,0,2,0
TF,RW31,41.572300,60.655250,0, ,0.0,0.0,313.0,6.1,1,368,0,0,0,0,3,1
CF,NU311,41.655506,60.560644,0,DSH,93.1,35.0,313.0,6.6,2,1300,0,1,230,0,0,1
DF,NU756,41.648400,60.745200,2, ,0.0,0.0,2,2500,0,1,230,0,0,0

