SID,ARBE1A,16,2
CA,0,159.0,2,2200,0,0,0,0,0,0
DF,JP,38.848806,65.756222,2, ,0.0,0.0,0,0,0,0,0,0,0,1
VI,0, ,0.0,303.0,0,0,0,0,0,0,0,0
CF,ARBEB,39.513917,65.408528,0,HNB,324.9,47.6,333.0,41.0,2,5000,0,0,0,0,0,0

SID,ARBE1B,16,5
CA,0,159.0,2,2200,0,0,0,0,0,0
CF,SK401,38.775092,65.650061,2,HNB,251.1,13.1,339.0,3.0,2,4000,0,0,0,0,0,0
TF,ARBEB,39.513917,65.408528,0, ,0.0,0.0,0.0,0.0,2,5000,0,0,0,0,0,0

SID,ARBE1C,34,2
CA,0,339.0,2,2200,0,0,0,0,0,0
CF,ARBEB,39.513917,65.408528,0,HNB,324.9,47.6,333.0,44.0,2,5000,0,0,0,0,0,0

SID,ARBE1D,34,5
CA,0,339.0,2,2200,0,0,0,0,0,0
CF,ARBEB,39.513917,65.408528,0,HNB,324.9,47.6,332.0,44.0,2,5000,0,0,0,0,0,0

SID,DERK1A,16,2
CA,0,159.0,2,2200,0,0,0,0,0,0
DF,JP,38.848806,65.756222,2, ,0.0,0.0,0,0,0,0,0,0,0,0
HF,JP,38.848806,65.756222,2, ,0.0,0.0,159.0,04.3,2,2600,0,0,0,0,0,0,0
VI,2, ,0.0,263.0,0,0,0,0,0,0,0,0
CF,DERKI,38.531747,65.105889,0,HNB,240.4,42.3,233.0,32.0,2,6000,0,0,0,0,0,0

SID,DERK1B,16,5
CA,0,159.0,2,2200,0,0,0,0,0,0
CF,DERKI,38.531747,65.105889,2,HNB,240.4,42.3,252.0,33.0,2,6000,0,0,0,0,0,0

SID,DERK1C,34,2
CA,0,339.0,2,2200,0,0,0,0,0,0
DF,K,38.780519,65.781183,1, ,0.0,0.0,0,0,0,0,0,0,0,0
HF,K,38.780519,65.781183,1, ,0.0,0.0,339.0,04.3,2,2600,0,0,0,0,0,0,0
CI,1, ,0.0,210.0,0,0,0,0,0,0,0,0
CF,DERKI,38.531747,65.105889,0,HNB,240.4,42.3,240.0,29.0,2,6000,0,0,0,0,0,0

SID,DERK1D,34,5
CA,0,339.0,2,2200,0,0,0,0,0,0
CF,DERKI,38.531747,65.105889,1,HNB,240.4,42.3,222.0,34.0,2,6000,0,0,0,0,0,0

SID,ERNU1A,16,2
CA,0,159.0,2,2200,0,0,0,0,0,0
DF,JP,38.848806,65.756222,2, ,0.0,0.0,0,0,0,0,0,0,0,1
VI,1, ,0.0,238.0,0,0,0,0,0,0,0,0
CF,ERNUX,38.882111,65.062972,0,HNB,269.9,40.4,268.0,27.0,2,6000,0,0,0,0,0,0

SID,ERNU1B,16,5
CA,0,159.0,2,2200,0,0,0,0,0,0
CF,ERNUX,38.882111,65.062972,2,HNB,269.9,40.4,289.0,33.0,2,6000,0,0,0,0,0,0

SID,ERNU1C,34,2
CA,0,339.0,2,2200,0,0,0,0,0,0
DF,K,38.780519,65.781183,1, ,0.0,0.0,0,0,0,0,0,0,0,0
HF,K,38.780519,65.781183,1, ,0.0,0.0,339.0,04.3,2,2600,0,0,0,0,0,0,0
VI,1, ,0.0,245.0,0,0,0,0,0,0,0,0
CF,ERNUX,38.882111,65.062972,0,HNB,269.9,40.4,275.0,31.0,2,6000,0,0,0,0,0,0

SID,ERNU1D,34,5
CA,0,339.0,2,2200,0,0,0,0,0,0
VI,0, ,0.0,304.0,0,0,0,0,0,0,0,0
CF,ERNUX,38.882111,65.062972,0,HNB,269.9,40.4,259.0,28.0,2,6000,0,0,0,0,0,0

SID,IGZA1A,16,2
CA,0,159.0,2,2200,0,0,0,0,0,0
DF,JP,38.848806,65.756222,2, ,0.0,0.0,0,0,0,0,0,0,0,1
VI,2, ,0.0,115.0,0,0,0,0,0,0,0,0
CF,IGZAF,38.841611,66.515000,0,HNB,83.1,27.8,85.0,31.0,2,8000,0,0,0,0,0,0

SID,IGZA1B,16,5
CF,SK402,38.574069,65.856931,0,HNB,186.4,15.5,159.0,14.0,2,3500,0,0,0,0,0,0
TF,IGZAF,38.841611,66.515000,1, ,0.0,0.0,0.0,0.0,2,8000,0,0,0,0,0,0

SID,IGZA1C,34,2
CA,0,339.0,2,2200,0,0,0,0,0,0
DF,K,38.780519,65.781183,1, ,0.0,0.0,0,0,0,0,0,0,0,0
TF,IGZAF,38.841611,66.515000,0, ,0.0,0.0,0.0,0.0,2,8000,0,0,0,0,0,0

SID,IGZA1D,34,5
CA,0,339.0,2,2200,0,0,0,0,0,0
CF,SK401,38.775092,65.650061,1,HNB,251.1,13.1,159.0,4.0,2,5000,0,0,0,0,0,0
TF,SK339,38.724208,65.801875,0, ,0.0,0.0,0.0,0.0,2,6000,0,0,0,0,0,0
TF,IGZAF,38.841611,66.515000,0, ,0.0,0.0,0.0,0.0,2,8000,0,0,0,0,0,0

SID,NIBT1A,16,2
CA,0,159.0,2,2200,0,0,0,0,0,0
DF,JP,38.848806,65.756222,2, ,0.0,0.0,0,0,0,0,0,0,0,0
TF,NIBTI,39.559778,66.185167,0, ,0.0,0.0,0.0,0.0,2,6000,0,0,0,0,0,0

SID,NIBT1B,16,5
CA,0,159.0,2,2200,0,0,0,0,0,0
CF,SK401,38.775092,65.650061,2,HNB,251.1,13.1,339.0,3.0,2,4000,0,0,0,0,0,0
TF,NIBTI,39.559778,66.185167,0, ,0.0,0.0,0.0,0.0,2,6000,0,0,0,0,0,0

SID,NIBT1C,34,2
CA,0,339.0,2,2200,0,0,0,0,0,0
DF,K,38.780519,65.781183,1, ,0.0,0.0,0,0,0,0,0,0,0,0
HF,K,38.780519,65.781183,1, ,0.0,0.0,339.0,04.3,2,2600,0,0,0,0,0,0,0
TF,NIBTI,39.559778,66.185167,0, ,0.0,0.0,0.0,0.0,2,6000,0,0,0,0,0,0

SID,NIBT1D,34,5
CA,0,339.0,2,2200,0,0,0,0,0,0
CF,NIBTI,39.559778,66.185167,0,HNB,10.6,45.6,23.0,46.0,2,6000,0,0,0,0,0,0

SID,OKDO1A,16,2
CA,0,159.0,2,2200,0,0,0,0,0,0
DF,JP,38.848806,65.756222,2, ,0.0,0.0,0,0,0,0,0,0,0,1
VI,2, ,0.0,127.0,0,0,0,0,0,0,0,0
CF,OKDOR,38.581222,67.231278,0,HNB,98.1,63.3,97.0,64.0,2,17000,0,0,0,0,0,0

SID,OKDO1B,16,5
CF,SK402,38.574069,65.856931,0,HNB,186.4,15.5,159.0,14.0,2,3500,0,0,0,0,0,0
TF,SK765,38.578700,66.381117,0, ,0.0,0.0,0.0,0.0,2,9000,0,0,0,0,0,0
TF,SK766,38.581000,66.912461,0, ,0.0,0.0,0.0,0.0,2,13000,0,0,0,0,0,0
TF,OKDOR,38.581222,67.231278,0, ,0.0,0.0,0.0,0.0,2,17000,0,0,0,0,0,0

SID,OKDO1C,34,2
CA,0,339.0,2,2200,0,0,0,0,0,0
DF,K,38.780519,65.781183,1, ,0.0,0.0,0,0,0,0,0,0,0,0
TF,OKDOR,38.581222,67.231278,0, ,0.0,0.0,0.0,0.0,2,17000,0,0,0,0,0,0

SID,OKDO1D,34,5
CA,0,339.0,2,2200,0,0,0,0,0,0
CF,SK401,38.775092,65.650061,1,HNB,251.1,13.1,159.0,4.0,2,5000,0,0,0,0,0,0
TF,SK354,38.626797,65.978569,0, ,0.0,0.0,0.0,0.0,2,8500,0,0,0,0,0,0
TF,SK765,38.578700,66.381117,0, ,0.0,0.0,0.0,0.0,2,12500,0,0,0,0,0,0
TF,SK766,38.581000,66.912461,0, ,0.0,0.0,0.0,0.0,2,15000,0,0,0,0,0,0
TF,OKDOR,38.581222,67.231278,0, ,0.0,0.0,0.0,0.0,2,17000,0,0,0,0,0,0

SID,RATA1A,16,2
CA,0,159.0,2,2200,0,0,0,0,0,0
DF,JP,38.848806,65.756222,2, ,0.0,0.0,0,0,0,0,0,0,0,1
HF,JP,38.848806,65.756222,2, ,0.0,0.0,159.0,04.3,2,2600,0,0,0,0,0,0,0
TF,RATAR,38.022194,66.766083,0, ,0.0,0.0,0.0,0.0,2,13000,0,0,0,0,0,0

SID,RATA1B,16,5
CF,SK402,38.574069,65.856931,0,HNB,186.4,15.5,159.0,14.0,2,3500,0,0,0,0,0,0
TF,SK767,38.385139,66.124203,0, ,0.0,0.0,0.0,0.0,2,7000,0,0,0,0,0,0
TF,RATAR,38.022194,66.766083,0, ,0.0,0.0,0.0,0.0,2,13000,0,0,0,0,0,0

SID,RATA1C,34,2
CA,0,339.0,2,2200,0,0,0,0,0,0
DF,K,38.780519,65.781183,1, ,0.0,0.0,0,0,0,0,0,0,0,0
TF,RATAR,38.022194,66.766083,0, ,0.0,0.0,0.0,0.0,2,13000,0,0,0,0,0,0

SID,RATA1D,34,5
CA,0,339.0,2,2200,0,0,0,0,0,0
CF,SK401,38.775092,65.650061,1,HNB,251.1,13.1,159.0,4.0,2,5000,0,0,0,0,0,0
TF,SK767,38.385139,66.124203,0, ,0.0,0.0,0.0,0.0,2,7000,0,0,0,0,0,0
TF,RATAR,38.022194,66.766083,0, ,0.0,0.0,0.0,0.0,2,13000,0,0,0,0,0,0

SID,TOLI1A,16,2
CA,0,159.0,2,2200,0,0,0,0,0,0
DF,JP,38.848806,65.756222,2, ,0.0,0.0,0,0,0,0,0,0,0,0
TF,TOLIB,39.760000,65.668333,0, ,0.0,0.0,0.0,0.0,2,10000,0,0,0,0,0,0

SID,TOLI1B,16,5
CA,0,159.0,2,2200,0,0,0,0,0,0
CF,SK401,38.775092,65.650061,2,HNB,251.1,13.1,339.0,3.0,2,4000,0,0,0,0,0,0
TF,TOLIB,39.760000,65.668333,0, ,0.0,0.0,0.0,0.0,2,10000,0,0,0,0,0,0

SID,TOLI1C,34,2
CA,0,339.0,2,2200,0,0,0,0,0,0
CI,0, ,0.0,20.0,0,0,0,0,0,0,0,0
CF,TOLIB,39.760000,65.668333,0,HNB,343.1,57.1,350.0,54.0,2,10000,0,0,0,0,0,0

SID,TOLI1D,34,5
CA,0,339.0,2,2200,0,0,0,0,0,0
CF,TOLIB,39.760000,65.668333,0,HNB,343.1,57.1,351.0,56.0,2,10000,0,0,0,0,0,0

SID,TUDL1A,16,2
CA,0,159.0,2,2200,0,0,0,0,0,0
DF,JP,38.848806,65.756222,2, ,0.0,0.0,0,0,0,0,0,0,0,1
VI,1, ,0.0,282.0,0,0,0,0,0,0,0,0
CF,TUDLI,39.310000,65.195000,0,HNB,305.6,44.6,312.0,34.0,2,4000,0,0,0,0,0,0

SID,TUDL1B,16,5
CA,0,159.0,2,2200,0,0,0,0,0,0
CF,SK401,38.775092,65.650061,2,HNB,251.1,13.1,339.0,3.0,2,4000,0,0,0,0,0,0
TF,TUDLI,39.310000,65.195000,0, ,0.0,0.0,0.0,0.0,2,4000,0,0,0,0,0,0

SID,TUDL1C,34,2
CA,0,339.0,2,2200,0,0,0,0,0,0
CI,0, ,0.0,284.0,0,0,0,0,0,0,0,0
CF,TUDLI,39.310000,65.195000,0,HNB,305.6,44.6,314.0,35.0,2,4000,0,0,0,0,0,0

SID,TUDL1D,34,5
CA,0,339.0,2,2200,0,0,0,0,0,0
CF,TUDLI,39.310000,65.195000,0,HNB,305.6,44.6,308.0,38.0,2,4000,0,0,0,0,0,0

STAR,AKMA1V,34,2
IF,AKMAZ,39.300500,66.841833, ,0.0,0.0,2,11000,0,0,0,0,0,0
TF,K,38.780519,65.781183,0, ,0.0,0.0,0.0,0.0,2,11000,0,0,0,0,0,0

STAR,AKMA1W,16,5
IF,AKMAZ,39.300500,66.841833, ,0.0,0.0,2,11000,0,0,0,0,0,0
TF,SK769,39.242500,66.595344,0, ,0.0,0.0,0.0,0.0,2,9000,0,0,0,0,0,0
TF,SK768,39.145769,66.189978,0, ,0.0,0.0,0.0,0.0,2,6000,0,0,0,0,0,0
TF,SK275,39.046522,65.781194,0, ,0.0,0.0,0.0,0.0,2,3000,0,0,0,0,0,0

STAR,AKMA1X,16,2
IF,AKMAZ,39.300500,66.841833, ,0.0,0.0,2,11000,0,0,0,0,0,0
TF,JP,38.848806,65.756222,0, ,0.0,0.0,0.0,0.0,2,11000,0,0,0,0,0,0

STAR,ARBE1U,34,5
IF,ARBEB,39.513917,65.408528, ,0.0,0.0,2,5000,0,0,0,0,0,0
TF,SK272,38.933147,65.591436,0, ,0.0,0.0,0.0,0.0,2,5000,0,0,0,0,0,0
TF,SK352,38.616303,65.708686,0, ,0.0,0.0,0.0,0.0,2,2600,0,0,0,0,0,0

STAR,ARBE1V,34,2
IF,ARBEB,39.513917,65.408528, ,0.0,0.0,2,5000,0,0,0,0,0,0
TF,K,38.780519,65.781183,0, ,0.0,0.0,0.0,0.0,2,5000,0,0,0,0,0,0

STAR,ARBE1W,16,5
IF,ARBEB,39.513917,65.408528, ,0.0,0.0,2,5000,0,0,0,0,0,0
TF,PABDI,39.113333,65.658333,0, ,0.0,0.0,0.0,0.0,2,5000,0,0,0,0,0,0

STAR,ARBE1X,16,2
IF,ARBEB,39.513917,65.408528, ,0.0,0.0,2,5000,0,0,0,0,0,0
TF,JP,38.848806,65.756222,0, ,0.0,0.0,0.0,0.0,2,5000,0,0,0,0,0,0

STAR,DERK1U,34,5
IF,DERKI,38.531747,65.105889, ,0.0,0.0,2,6000,0,0,0,0,0,0
TF,SK352,38.616303,65.708686,0, ,0.0,0.0,0.0,0.0,2,2600,0,0,0,0,0,0

STAR,DERK1V,34,2
IF,DERKI,38.531747,65.105889, ,0.0,0.0,2,6000,0,0,0,0,0,0
TF,K,38.780519,65.781183,0, ,0.0,0.0,0.0,0.0,2,6000,0,0,0,0,0,0

STAR,DERK1W,16,5
IF,DERKI,38.531747,65.105889, ,0.0,0.0,2,6000,0,0,0,0,0,0
TF,SK272,38.933147,65.591436,0, ,0.0,0.0,0.0,0.0,2,2600,0,0,0,0,0,0

STAR,DERK1X,16,2
IF,DERKI,38.531747,65.105889, ,0.0,0.0,2,6000,0,0,0,0,0,0
TF,JP,38.848806,65.756222,0, ,0.0,0.0,0.0,0.0,2,6000,0,0,0,0,0,0

STAR,IGZA1U,34,5
IF,IGZAF,38.841611,66.515000, ,0.0,0.0,2,8000,0,0,0,0,0,0
TF,SK354,38.626797,65.978569,0, ,0.0,0.0,0.0,0.0,2,4700,0,0,0,0,0,0

STAR,IGZA1V,34,2
IF,IGZAF,38.841611,66.515000, ,0.0,0.0,2,8000,0,0,0,0,0,0
TF,K,38.780519,65.781183,0, ,0.0,0.0,0.0,0.0,2,8000,0,0,0,0,0,0

STAR,IGZA1W,16,5
IF,IGZAF,38.841611,66.515000, ,0.0,0.0,2,8000,0,0,0,0,0,0
TF,SK402,38.574069,65.856931,0, ,0.0,0.0,0.0,0.0,2,7000,0,0,0,0,0,0
TF,SK352,38.616303,65.708686,0, ,0.0,0.0,0.0,0.0,2,6000,0,0,0,0,0,0
TF,SK272,38.933147,65.591436,0, ,0.0,0.0,0.0,0.0,2,2600,0,0,0,0,0,0

STAR,IGZA1X,16,2
IF,IGZAF,38.841611,66.515000, ,0.0,0.0,2,8000,0,0,0,0,0,0
TF,JP,38.848806,65.756222,0, ,0.0,0.0,0.0,0.0,2,8000,0,0,0,0,0,0

STAR,NIBT1U,34,5
IF,NIBTI,39.559778,66.185167, ,0.0,0.0,2,6000,0,0,0,0,0,0
TF,SK272,38.933147,65.591436,0, ,0.0,0.0,0.0,0.0,2,5000,0,0,0,0,0,0
TF,SK352,38.616303,65.708686,0, ,0.0,0.0,0.0,0.0,2,2600,0,0,0,0,0,0

STAR,NIBT1V,34,2
IF,NIBTI,39.559778,66.185167, ,0.0,0.0,2,6000,0,0,0,0,0,0
TF,K,38.780519,65.781183,0, ,0.0,0.0,0.0,0.0,2,6000,0,0,0,0,0,0

STAR,NIBT1W,16,5
IF,NIBTI,39.559778,66.185167, ,0.0,0.0,2,6000,0,0,0,0,0,0
TF,SK275,39.046522,65.781194,0, ,0.0,0.0,0.0,0.0,2,3000,0,0,0,0,0,0

STAR,NIBT1X,16,2
IF,NIBTI,39.559778,66.185167, ,0.0,0.0,2,6000,0,0,0,0,0,0
TF,JP,38.848806,65.756222,0, ,0.0,0.0,0.0,0.0,2,6000,0,0,0,0,0,0

STAR,OKDO1U,34,5
IF,OKDOR,38.581222,67.231278, ,0.0,0.0,2,17000,0,0,0,0,0,0
TF,SK766,38.581000,66.912461,0, ,0.0,0.0,0.0,0.0,2,15000,0,0,0,0,0,0
TF,SK765,38.578700,66.381117,0, ,0.0,0.0,0.0,0.0,2,11000,0,0,0,0,0,0
TF,SK354,38.626797,65.978569,0, ,0.0,0.0,0.0,0.0,2,4700,0,0,0,0,0,0

STAR,OKDO1V,34,2
IF,OKDOR,38.581222,67.231278, ,0.0,0.0,2,17000,0,0,0,0,0,0
TF,K,38.780519,65.781183,0, ,0.0,0.0,0.0,0.0,2,17000,0,0,0,0,0,0

STAR,OKDO1W,16,5
IF,OKDOR,38.581222,67.231278, ,0.0,0.0,2,17000,0,0,0,0,0,0
TF,SK766,38.581000,66.912461,0, ,0.0,0.0,0.0,0.0,2,15000,0,0,0,0,0,0
TF,SK765,38.578700,66.381117,0, ,0.0,0.0,0.0,0.0,2,11000,0,0,0,0,0,0
TF,SK402,38.574069,65.856931,0, ,0.0,0.0,0.0,0.0,2,7000,0,0,0,0,0,0
TF,SK352,38.616303,65.708686,0, ,0.0,0.0,0.0,0.0,2,6000,0,0,0,0,0,0
TF,SK272,38.933147,65.591436,0, ,0.0,0.0,0.0,0.0,2,2600,0,0,0,0,0,0

STAR,OKDO1X,16,2
IF,OKDOR,38.581222,67.231278, ,0.0,0.0,2,17000,0,0,0,0,0,0
TF,JP,38.848806,65.756222,0, ,0.0,0.0,0.0,0.0,2,17000,0,0,0,0,0,0

STAR,RATA1U,34,5
IF,RATAR,38.022194,66.766083, ,0.0,0.0,2,13000,0,0,0,0,0,0
TF,SK767,38.385139,66.124203,0, ,0.0,0.0,0.0,0.0,2,9000,0,0,0,0,0,0
TF,SK353,38.556825,65.930294,0, ,0.0,0.0,0.0,0.0,2,4700,0,0,0,0,0,0

STAR,RATA1V,34,2
IF,RATAR,38.022194,66.766083, ,0.0,0.0,2,13000,0,0,0,0,0,0
TF,K,38.780519,65.781183,0, ,0.0,0.0,0.0,0.0,2,13000,0,0,0,0,0,0

STAR,RATA1W,16,5
IF,RATAR,38.022194,66.766083, ,0.0,0.0,2,13000,0,0,0,0,0,0
TF,SK767,38.385139,66.124203,0, ,0.0,0.0,0.0,0.0,2,9000,0,0,0,0,0,0
TF,SK352,38.616303,65.708686,0, ,0.0,0.0,0.0,0.0,2,6000,0,0,0,0,0,0
TF,SK272,38.933147,65.591436,0, ,0.0,0.0,0.0,0.0,2,2600,0,0,0,0,0,0

STAR,RATA1X,16,2
IF,RATAR,38.022194,66.766083, ,0.0,0.0,2,13000,0,0,0,0,0,0
TF,JP,38.848806,65.756222,0, ,0.0,0.0,0.0,0.0,2,13000,0,0,0,0,0,0

STAR,TOLI1U,34,5
IF,TOLIB,39.760000,65.668333, ,0.0,0.0,2,10000,0,0,0,0,0,0
TF,SK272,38.933147,65.591436,0, ,0.0,0.0,0.0,0.0,2,5000,0,0,0,0,0,0
TF,SK352,38.616303,65.708686,0, ,0.0,0.0,0.0,0.0,2,2600,0,0,0,0,0,0

STAR,TOLI1V,34,2
IF,TOLIB,39.760000,65.668333, ,0.0,0.0,2,10000,0,0,0,0,0,0
TF,K,38.780519,65.781183,0, ,0.0,0.0,0.0,0.0,2,10000,0,0,0,0,0,0

STAR,TOLI1W,16,5
IF,TOLIB,39.760000,65.668333, ,0.0,0.0,2,10000,0,0,0,0,0,0
TF,PABDI,39.113333,65.658333,0, ,0.0,0.0,0.0,0.0,2,5000,0,0,0,0,0,0

STAR,TOLI1X,16,2
IF,TOLIB,39.760000,65.668333, ,0.0,0.0,2,10000,0,0,0,0,0,0
TF,JP,38.848806,65.756222,0, ,0.0,0.0,0.0,0.0,2,10000,0,0,0,0,0,0

STAR,TUDL1U,34,5
IF,TUDLI,39.310000,65.195000, ,0.0,0.0,2,4000,0,0,0,0,0,0
TF,SK352,38.616303,65.708686,0, ,0.0,0.0,0.0,0.0,2,2600,0,0,0,0,0,0

STAR,TUDL1V,34,2
IF,TUDLI,39.310000,65.195000, ,0.0,0.0,2,4000,0,0,0,0,0,0
TF,K,38.780519,65.781183,0, ,0.0,0.0,0.0,0.0,2,4000,0,0,0,0,0,0

STAR,TUDL1W,16,5
IF,TUDLI,39.310000,65.195000, ,0.0,0.0,2,4000,0,0,0,0,0,0
TF,SK274,39.026544,65.617625,0, ,0.0,0.0,0.0,0.0,2,2600,0,0,0,0,0,0

STAR,TUDL1X,16,2
IF,TUDLI,39.310000,65.195000, ,0.0,0.0,2,4000,0,0,0,0,0,0
TF,JP,38.848806,65.756222,0, ,0.0,0.0,0.0,0.0,2,4000,0,0,0,0,0,0

STAR,VADN1U,34,5
IF,VADNA,39.062111,65.103583, ,0.0,0.0,2,6000,0,0,0,0,0,0
TF,SK352,38.616303,65.708686,0, ,0.0,0.0,0.0,0.0,2,2600,0,0,0,0,0,0

STAR,VADN1V,34,2
IF,VADNA,39.062111,65.103583, ,0.0,0.0,2,6000,0,0,0,0,0,0
TF,K,38.780519,65.781183,0, ,0.0,0.0,0.0,0.0,2,6000,0,0,0,0,0,0

STAR,VADN1W,16,5
IF,VADNA,39.062111,65.103583, ,0.0,0.0,2,6000,0,0,0,0,0,0
TF,SK273,38.982025,65.589194,0, ,0.0,0.0,0.0,0.0,2,2600,0,0,0,0,0,0

STAR,VADN1X,16,2
IF,VADNA,39.062111,65.103583, ,0.0,0.0,2,6000,0,0,0,0,0,0
TF,JP,38.848806,65.756222,0, ,0.0,0.0,0.0,0.0,2,6000,0,0,0,0,0,0

APPTR,I16-Y,16,PABDI
IF,PABDI,39.113333,65.658333, ,0.0,0.0,2,5000,0,0,0,0,1,0
TF,APTER,38.960994,65.714556,0,IJP,0.0,0.0,0.0,0.0,2,2600,0,0,0,0,1,0

APPTR,I16-Y,16,SK272
IF,SK272,38.933147,65.591436, ,0.0,0.0,2,2600,0,0,0,0,1,0
TF,APTER,38.960994,65.714556,0,IJP,0.0,0.0,0.0,0.0,2,2600,0,0,0,0,1,0

APPTR,I16-Y,16,SK273
IF,SK273,38.982025,65.589194, ,0.0,0.0,2,2600,0,0,0,0,1,0
TF,APTER,38.960994,65.714556,0,IJP,0.0,0.0,0.0,0.0,2,2600,0,0,0,0,1,0

APPTR,I16-Y,16,SK274
IF,SK274,39.026544,65.617625, ,0.0,0.0,2,2600,0,0,0,0,1,0
TF,APTER,38.960994,65.714556,0,IJP,0.0,0.0,0.0,0.0,2,2600,0,0,0,0,1,0

APPTR,I16-Y,16,SK275
IF,SK275,39.046522,65.781194, ,0.0,0.0,2,3000,0,0,0,0,1,0
TF,APTER,38.960994,65.714556,0,IJP,0.0,0.0,0.0,0.0,2,2600,0,0,0,0,1,0

FINAL,I16-Y,16,I,3
IF,APTER,38.960994,65.714556,IJP,338.9,10.9,2,2600,0,0,0,0,0,0
CF,SK159,38.880883,65.744267,0,IJP,339.0,5.9,159.0,5.0,1,2600,0,0,0,0,2,0
CF,RW16,38.814558,65.768628,0,IJP,338.9,1.7,159.0,4.1,1,1283,0,0,0,0,3,0
CF,SK270,38.701392,65.810086,0,HNB,209.7,9.2,159.0,7.1,2,2200,0,1,220,0,0,0
TF,SK271,38.673778,65.687325,0, ,0.0,0.0,0.0,0.0,2,2600,0,1,220,0,0,0
TF,SK272,38.933147,65.591436,0, ,0.0,0.0,0.0,0.0,2,2600,0,0,0,0,0,0

APPTR,I16-Z,16,JP1
IF,JP,38.848806,65.756222, ,0.0,0.0,1,4000,0,1,250,0,1,0
FC,JP,38.848806,65.756222,0,HNB,0.0,0.0,285.0,4.2,0,0,0,0,0,0,0,1
CF,CF16,38.903872,65.735661,2,IJP,338.9,7.3,159.0,1.0,1,2600,0,0,0,0,0,0

APPTR,I16-Z,16,JP2
IF,JP,38.848806,65.756222, ,0.0,0.0,1,4000,0,1,140,0,1,0
FC,JP,38.848806,65.756222,0,HNB,0.0,0.0,315.0,3.5,0,0,0,0,0,0,0,1
CF,CF16,38.903872,65.735661,2,IJP,338.9,7.3,159.0,1.0,1,2600,0,0,0,0,0,0

FINAL,I16-Z,16,I,3
IF,CF16,38.903872,65.735661,IJP,338.9,7.3,1,2600,0,0,0,0,0,0
CF,FI16,38.880769,65.744231,0,IJP,338.9,5.9,159.0,1.4,1,2600,0,0,0,0,2,0
CF,RW16,38.814558,65.768628,0,IJP,338.9,1.7,159.0,4.1,1,1283,0,0,0,0,3,0
CA,0,159.0,2,2200,0,0,0,0,0,0
DF,JP,38.848806,65.756222,2, ,0.0,0.0,2,2600,0,1,210,0,0,0

APPTR,N16,16,JP1
IF,JP,38.848806,65.756222, ,0.0,0.0,1,4000,0,1,250,0,1,0
FC,JP,38.848806,65.756222,0,HNB,0.0,0.0,285.0,4.2,0,0,0,0,0,0,0,1
CF,CF16,38.903872,65.735661,2,HNB,292.6,9.8,159.0,1.0,1,2600,0,0,0,0,0,0

APPTR,N16,16,JP2
IF,JP,38.848806,65.756222, ,0.0,0.0,1,4000,0,1,140,0,1,0
FC,JP,38.848806,65.756222,0,HNB,0.0,0.0,315.0,3.5,0,0,0,0,0,0,0,1
CF,CF16,38.903872,65.735661,2,HNB,292.6,9.8,159.0,1.0,1,2600,0,0,0,0,0,0

FINAL,N16,16,N,4
IF,CF16,38.903872,65.735661,JP,0.0,0.0,1,2600,0,0,0,0,0,0
CF,FN16,38.881097,65.744108,0,JP,0.0,0.0,159.0,1.4,1,2600,0,0,0,0,2,0
CF,JP,38.848806,65.756222,0,JP,0.0,0.0,159.0,2.0,1,1952,0,0,0,0,0,0
CF,J,38.822975,65.765528,0,JP,0.0,0.0,159.0,1.6,1,1451,0,0,0,0,3,0
CA,0,159.0,2,2200,0,0,0,0,0,0
DF,JP,38.848806,65.756222,2, ,0.0,0.0,2,2600,0,1,210,0,0,0

APPTR,N34,34,K1
IF,K,38.780519,65.781183, ,0.0,0.0,2,4000,0,1,250,0,1,0
FC,K,38.780519,65.781183,0,HNB,0.0,0.0,213.0,4.2,0,0,0,0,0,0,0,1
CF,FN34,38.724158,65.801922,1,HNB,217.1,8.4,339.0,1.0,1,2600,0,0,0,0,0,0

APPTR,N34,34,K2
IF,K,38.780519,65.781183, ,0.0,0.0,2,4000,0,1,140,0,1,0
FC,K,38.780519,65.781183,0,HNB,0.0,0.0,183.0,3.5,0,0,0,0,0,0,0,1
CF,FN34,38.724158,65.801922,1,HNB,217.1,8.4,339.0,1.0,1,2600,0,0,0,0,0,0

FINAL,N34,34,N,2
IF,FN34,38.724158,65.801922,K,0.0,0.0,1,2600,0,0,0,0,2,0
CF,K,38.780519,65.781183,0,K,0.0,0.0,339.0,3.5,1,1483,0,0,0,0,3,0
CA,0,339.0,2,2200,0,0,0,0,0,0
DF,K,38.780519,65.781183,1, ,0.0,0.0,2,2600,0,0,0,0,0,0

APPTR,R16,16,PABDI
IF,PABDI,39.113333,65.658333, ,0.0,0.0,2,5000,0,0,0,0,1,0
TF,APTER,38.960994,65.714556,0, ,0.0,0.0,0.0,0.0,2,2600,0,0,0,0,1,0

APPTR,R16,16,SK272
IF,SK272,38.933147,65.591436, ,0.0,0.0,2,2600,0,0,0,0,1,0
TF,APTER,38.960994,65.714556,0, ,0.0,0.0,0.0,0.0,2,2600,0,0,0,0,1,0

APPTR,R16,16,SK273
IF,SK273,38.982025,65.589194, ,0.0,0.0,2,2600,0,0,0,0,1,0
TF,APTER,38.960994,65.714556,0, ,0.0,0.0,0.0,0.0,2,2600,0,0,0,0,1,0

APPTR,R16,16,SK274
IF,SK274,39.026544,65.617625, ,0.0,0.0,2,2600,0,0,0,0,1,0
TF,APTER,38.960994,65.714556,0, ,0.0,0.0,0.0,0.0,2,2600,0,0,0,0,1,0

APPTR,R16,16,SK275
IF,SK275,39.046522,65.781194, ,0.0,0.0,2,3000,0,0,0,0,1,0
TF,APTER,38.960994,65.714556,0, ,0.0,0.0,0.0,0.0,2,2600,0,0,0,0,1,0

FINAL,R16,16,R,3
IF,APTER,38.960994,65.714556, ,0.0,0.0,2,2600,0,0,0,0,0,0
TF,SK159,38.880883,65.744267,0, ,0.0,0.0,159.0,5.0,1,2600,0,0,0,0,2,0
TF,RW16,38.814558,65.768628,0, ,0.0,0.0,159.0,4.1,1,1283,0,0,0,0,3,1
TF,SK270,38.701392,65.810086,0, ,0.0,0.0,0.0,0.0,2,2200,0,1,220,0,0,0
TF,SK271,38.673778,65.687325,0, ,0.0,0.0,0.0,0.0,2,2600,0,1,220,0,0,0
TF,SK272,38.933147,65.591436,0, ,0.0,0.0,0.0,0.0,2,2600,0,0,0,0,0,0

APPTR,R34,34,SK352
IF,SK352,38.616303,65.708686, ,0.0,0.0,2,2600,0,0,0,0,1,0
TF,RIMRU,38.644031,65.831306,0, ,0.0,0.0,0.0,0.0,2,2600,0,0,0,0,1,0

APPTR,R34,34,SK353
IF,SK353,38.556825,65.930294, ,0.0,0.0,2,4700,0,0,0,0,1,0
TF,RIMRU,38.644031,65.831306,0, ,0.0,0.0,0.0,0.0,2,2600,0,0,0,0,1,0

APPTR,R34,34,SK354
IF,SK354,38.626797,65.978569, ,0.0,0.0,2,4700,0,0,0,0,1,0
TF,RIMRU,38.644031,65.831306,0, ,0.0,0.0,0.0,0.0,2,2600,0,0,0,0,1,0

FINAL,R34,34,R,3
IF,RIMRU,38.644031,65.831306, ,0.0,0.0,2,2600,0,0,0,0,0,0
TF,SK339,38.724208,65.801875,0, ,0.0,0.0,339.0,5.0,1,2600,0,0,0,0,2,0
TF,RW34,38.791203,65.777231,0, ,0.0,0.0,339.0,4.2,1,1270,0,0,0,0,3,1
TF,SK350,38.898053,65.737822,0, ,0.0,0.0,0.0,0.0,2,2200,0,1,220,0,0,0
TF,SK351,38.870628,65.614656,0, ,0.0,0.0,0.0,0.0,2,2600,0,1,220,0,0,0
TF,SK352,38.616303,65.708686,0, ,0.0,0.0,0.0,0.0,2,2600,0,0,0,0,0,0

