APPTR,D04,04,AAE
IF,AAE,23.068694,72.628750, ,0.0,0.0,0,0,0,0,0,0,0,0
TF,D323N,22.520072,73.074708,0, ,0.0,0.0,0.0,0.0,0,0,0,0,0,0,1,0
CI,0, ,0.0,143.0,0,0,0,0,0,0,0,0
AF,D228L,22.198431,73.065711,1,QQZ,228.0,12.0,323.0,2,1900,0,0,0,0,0,0
TF,FD04,22.274594,73.156444,0, ,0.0,0.0,0.0,0.0,2,1700,0,0,0,0,0,0

APPTR,D04,04,APANO
IF,APANO,21.583889,72.982778, ,0.0,0.0,0,0,0,0,0,0,0,0
TF,D197N,22.108742,73.152861,0, ,0.0,0.0,0.0,0.0,0,0,0,0,0,0,1,0
CI,0, ,0.0,17.0,0,0,0,0,0,0,0,0
AF,D228L,22.198431,73.065711,2,QQZ,228.0,12.0,197.0,2,1900,0,0,0,0,0,0
TF,FD04,22.274594,73.156444,0, ,0.0,0.0,0.0,0.0,2,1700,0,0,0,0,0,0

APPTR,D04,04,D272N
IF,D272N,22.340781,72.974344, ,0.0,0.0,0,0,0,0,0,0,1,0
CI,0, ,0.0,92.0,0,0,0,0,0,0,0,0
AF,D228L,22.198431,73.065711,1,QQZ,228.0,12.0,272.0,2,1900,0,0,0,0,0,0
TF,FD04,22.274594,73.156444,0, ,0.0,0.0,0.0,0.0,2,1700,0,0,0,0,0,0

APPTR,D04,04,QQZ1
IF,QQZ,22.332806,73.225889, ,0.0,0.0,2,3300,0,1,220,0,0,0
TF,D253H,22.293628,73.088392,0, ,0.0,0.0,0.0,0.0,2,1700,0,0,0,0,0,1
CF,FD04,22.274594,73.156444,1,QQZ,228.0,5.2,48.0,3.0,2,1700,0,0,0,0,0,0

APPTR,D04,04,QQZ2
IF,QQZ,22.332806,73.225889, ,0.0,0.0,2,3300,0,0,0,0,0,0
TF,D241G,22.276008,73.115869,0, ,0.0,0.0,0.0,0.0,2,1700,0,0,0,0,0,1
CF,FD04,22.274594,73.156444,1,QQZ,228.0,5.2,48.0,2.0,2,1700,0,0,0,0,0,0

FINAL,D04,04,D,2
IF,FD04,22.274594,73.156444,QQZ,228.0,5.2,2,1700,0,0,0,0,2,0
CF,MD04,22.321614,73.212528,0,QQZ,228.0,1.0,48.0,4.2,1,369,0,0,0,0,3,0
FA,MD04,22.321614,73.212528,0,QQZ,0.0,0.0,48.0,2,3300,0,0,0,0,0,0
DF,QQZ,22.332806,73.225889,2, ,0.0,0.0,1,3300,0,0,0,0,0,0
HM,QQZ,22.332806,73.225889,1, ,0.0,0.0,253.0,04.3,2,3300,0,0,0,0,0,0,0

APPTR,D22,22,AAE
IF,AAE,23.068694,72.628750, ,0.0,0.0,0,0,0,0,0,0,0,0
TF,D323N,22.520072,73.074708,0, ,0.0,0.0,0.0,0.0,0,0,0,0,0,0,1,0
CI,0, ,0.0,143.0,0,0,0,0,0,0,0,0
AF,D041L,22.484211,73.367558,2,QQZ,41.0,12.0,323.0,2,1900,0,0,0,0,1,0
TF,FD22,22.403475,73.291969,0, ,0.0,0.0,0.0,0.0,2,1700,0,0,0,0,0,0

APPTR,D22,22,AGRIX
IF,AGRIX,23.156667,74.340833, ,0.0,0.0,0,0,0,0,0,0,0,0
TF,D052Y,22.594172,73.577003,0, ,0.0,0.0,0.0,0.0,0,0,0,0,0,0,0,0
CF,D041R,22.559864,73.438517,0,QQZ,41.0,18.0,257.0,8.0,2,3900,0,0,0,0,1,0
TF,D041L,22.484211,73.367558,0, ,0.0,0.0,0.0,0.0,2,1900,0,0,0,0,1,0
TF,FD22,22.403475,73.291969,0, ,0.0,0.0,0.0,0.0,2,1700,0,0,0,0,0,0

APPTR,D22,22,APANO
IF,APANO,21.583889,72.982778, ,0.0,0.0,0,0,0,0,0,0,0,0
TF,D197N,22.108742,73.152861,0, ,0.0,0.0,0.0,0.0,0,0,0,0,0,0,1,0
CI,0, ,0.0,17.0,0,0,0,0,0,0,0,0
AF,D041L,22.484211,73.367558,1,QQZ,41.0,12.0,197.0,2,1900,0,0,0,0,1,0
TF,FD22,22.403475,73.291969,0, ,0.0,0.0,0.0,0.0,2,1700,0,0,0,0,0,0

APPTR,D22,22,D039Y
IF,D039Y,22.657489,73.509386, ,0.0,0.0,0,0,0,0,0,0,0,0
TF,D041R,22.559864,73.438517,0, ,0.0,0.0,0.0,0.0,2,3900,0,0,0,0,1,0
TF,D041L,22.484211,73.367558,0, ,0.0,0.0,0.0,0.0,2,1900,0,0,0,0,1,0
TF,FD22,22.403475,73.291969,0, ,0.0,0.0,0.0,0.0,2,1700,0,0,0,0,0,0

APPTR,D22,22,D239N
IF,D239N,22.212489,73.010064, ,0.0,0.0,0,0,0,0,0,0,1,0
CI,0, ,0.0,59.0,0,0,0,0,0,0,0,0
AF,D041L,22.484211,73.367558,2,QQZ,41.0,12.0,239.0,2,1900,0,0,0,0,1,0
TF,FD22,22.403475,73.291969,0, ,0.0,0.0,0.0,0.0,2,1700,0,0,0,0,0,0

APPTR,D22,22,D272N
IF,D272N,22.340781,72.974344, ,0.0,0.0,0,0,0,0,0,0,1,0
CI,0, ,0.0,92.0,0,0,0,0,0,0,0,0
AF,D041L,22.484211,73.367558,2,QQZ,41.0,12.0,272.0,2,1900,0,0,0,0,1,0
TF,FD22,22.403475,73.291969,0, ,0.0,0.0,0.0,0.0,2,1700,0,0,0,0,0,0

APPTR,D22,22,QQZ1
IF,QQZ,22.332806,73.225889, ,0.0,0.0,2,3300,0,1,220,0,0,0
TF,D068G,22.377869,73.345939,0, ,0.0,0.0,0.0,0.0,2,1700,0,0,0,0,0,1
CF,FD22,22.403475,73.291969,1,QQZ,41.0,5.6,221.0,2.0,2,1700,0,0,0,0,0,0

APPTR,D22,22,QQZ2
IF,QQZ,22.332806,73.225889, ,0.0,0.0,2,3300,0,0,0,0,0,0
TF,D055G,22.397047,73.324597,0, ,0.0,0.0,0.0,0.0,2,1700,0,0,0,0,0,1
CF,FD22,22.403475,73.291969,1,QQZ,41.0,5.6,221.0,2.0,2,1700,0,0,0,0,0,0

FINAL,D22,22,D,2
IF,FD22,22.403475,73.291969,QQZ,41.0,5.6,2,1700,0,0,0,0,2,0
CF,MD22,22.345425,73.237683,0,QQZ,41.0,1.0,221.0,4.6,1,238,0,0,0,0,3,0
FA,MD22,22.345425,73.237683,0,QQZ,0.0,0.0,221.0,2,1700,0,0,0,0,0,0
DF,QQZ,22.332806,73.225889,1, ,0.0,0.0,1,3300,0,0,0,0,0,0
HM,QQZ,22.332806,73.225889,2, ,0.0,0.0,69.0,04.3,2,3300,0,0,0,0,0,0,0

APPTR,I22,22,AAE
IF,AAE,23.068694,72.628750, ,0.0,0.0,0,0,0,0,0,0,0,0
TF,D323N,22.520072,73.074708,0, ,0.0,0.0,0.0,0.0,0,0,0,0,0,0,1,0
CI,0, ,0.0,143.0,0,0,0,0,0,0,0,0
AF,D035L,22.497158,73.349758,2,QQZ,35.0,12.0,323.0,2,1900,0,0,0,0,0,0
VI,0,IVDD,0.0,195.0,0,0,0,0,0,0,0,0

APPTR,I22,22,AGRIX
IF,AGRIX,23.156667,74.340833, ,0.0,0.0,0,0,0,0,0,0,0,0
TF,D052Y,22.594172,73.577003,0, ,0.0,0.0,0.0,0.0,0,0,0,0,0,0,0,0
CF,D045R,22.549636,73.450547,0,QQZ,43.9,18.0,251.0,7.5,2,3900,0,0,0,0,1,0
CF,CI22,22.477889,73.375036,0,IVDD,44.3,12.6,225.0,6.0,2,1900,0,0,0,0,1,0

APPTR,I22,22,APANO
IF,APANO,21.583889,72.982778, ,0.0,0.0,0,0,0,0,0,0,0,0
TF,D197N,22.108742,73.152861,0, ,0.0,0.0,0.0,0.0,0,0,0,0,0,0,1,0
CI,0, ,0.0,17.0,0,0,0,0,0,0,0,0
AF,D055L,22.447822,73.402736,1,QQZ,55.0,12.0,197.0,2,1900,0,0,0,0,0,0
VI,0,IVDD,0.0,255.0,0,0,0,0,0,0,0,0

APPTR,I22,22,BVR
IF,BVR,21.750639,72.189667, ,0.0,0.0,0,0,0,0,0,0,0,0
TF,D239N,22.212489,73.010064,0, ,0.0,0.0,0.0,0.0,0,0,0,0,0,0,1,0
CI,0, ,0.0,59.0,0,0,0,0,0,0,0,0
AF,D035L,22.497158,73.349758,2,QQZ,35.0,12.0,239.0,2,1900,0,0,0,0,0,0
VI,0,IVDD,0.0,195.0,0,0,0,0,0,0,0,0

APPTR,I22,22,D039Y
IF,D039Y,22.657489,73.509386, ,0.0,0.0,0,0,0,0,0,0,0,0
TF,D045R,22.549636,73.450547,0, ,0.0,0.0,0.0,0.0,2,3900,0,0,0,0,1,0
CF,CI22,22.477889,73.375036,0,IVDD,44.3,12.6,225.0,6.0,2,1900,0,0,0,0,1,0

APPTR,I22,22,D272N
IF,D272N,22.340781,72.974344, ,0.0,0.0,0,0,0,0,0,0,0,0
CI,0, ,0.0,92.0,0,0,0,0,0,0,0,0
AF,D035L,22.497158,73.349758,2,QQZ,35.0,12.0,272.0,2,1900,0,0,0,0,0,0
VI,0,IVDD,0.0,195.0,0,0,0,0,0,0,0,0

FINAL,I22,22,I,3
IF,CI22,22.477889,73.375036,IVDD,44.3,12.6,2,1900,0,0,0,0,0,0
CF,FI22,22.400722,73.293947,0,IVDD,44.3,6.2,225.0,6.5,1,1700,0,0,0,0,2,0
CF,RW22,22.344181,73.234617,0,IVDD,44.3,1.4,225.0,4.7,1,184,0,0,0,0,3,0
FA,RW22,22.344181,73.234617,0,QQZ,0.0,0.0,225.0,2,1700,0,0,0,0,0,0
DF,QQZ,22.332806,73.225889,1, ,0.0,0.0,1,3200,0,0,0,0,0,0
HM,QQZ,22.332806,73.225889,1, ,0.0,0.0,223.0,04.3,2,3200,0,0,0,0,0,0,0

APPTR,R04-Y,04,BO501
IF,BO501,22.118531,73.173733, ,0.0,0.0,2,4000,0,1,210,0,1,0
TF,BO502,22.200508,73.084142,0, ,0.0,0.0,0.0,0.0,2,2300,0,0,0,0,1,0

APPTR,R04-Y,04,MESOT
IF,MESOT,22.282153,72.994011, ,0.0,0.0,2,4000,0,1,210,0,1,0
TF,BO502,22.200508,73.084142,0, ,0.0,0.0,0.0,0.0,2,2300,0,0,0,0,1,0

APPTR,R04-Y,04,SAGDO
IF,SAGDO,22.116603,72.996489, ,0.0,0.0,2,4000,0,1,210,0,1,0
TF,BO502,22.200508,73.084142,0, ,0.0,0.0,0.0,0.0,2,2300,0,0,0,0,1,0

FINAL,R04-Y,04,R,3
IF,BO502,22.200508,73.084142, ,0.0,0.0,2,2300,0,0,0,0,0,0
TF,BO503,22.272261,73.159372,0, ,0.0,0.0,45.0,6.0,1,1700,0,0,0,0,2,0
TF,RW04,22.329603,73.219331,0, ,0.0,0.0,45.0,4.8,1,177,0,0,0,0,3,1
CA,0,45.0,2,1500,0,1,210,0,0,0
DF,MESOT,22.282153,72.994011,1, ,0.0,0.0,2,4000,0,1,210,0,0,0
HM,MESOT,22.282153,72.994011,2, ,0.0,0.0,135.0,04.3,2,4000,0,1,230,0,0,0,0

APPTR,R22-Y,22,BO601
IF,BO601,22.395747,73.464778, ,0.0,0.0,2,4000,0,1,210,0,1,0
TF,BO607,22.477583,73.374711,0, ,0.0,0.0,0.0,0.0,2,2300,0,0,0,0,1,0

APPTR,R22-Y,22,OSODA
IF,OSODA,22.559392,73.284581, ,0.0,0.0,2,4000,0,1,210,0,1,0
TF,BO607,22.477583,73.374711,0, ,0.0,0.0,0.0,0.0,2,2300,0,0,0,0,1,0

APPTR,R22-Y,22,RULBO
IF,RULBO,22.561272,73.462822, ,0.0,0.0,2,4000,0,1,210,0,1,0
TF,BO607,22.477583,73.374711,0, ,0.0,0.0,0.0,0.0,2,2300,0,0,0,0,1,0

FINAL,R22-Y,22,R,3
IF,BO607,22.477583,73.374711, ,0.0,0.0,2,2300,0,0,0,0,0,0
TF,BO604,22.401342,73.294592,0, ,0.0,0.0,225.0,6.4,1,1700,0,0,0,0,2,0
TF,RW22,22.344181,73.234617,0, ,0.0,0.0,225.0,4.8,1,179,0,0,0,0,3,1
CA,0,225.0,2,1500,0,1,210,0,0,0
DF,BO601,22.395747,73.464778,1, ,0.0,0.0,2,4000,0,1,210,0,0,0
HM,BO601,22.395747,73.464778,2, ,0.0,0.0,315.0,04.3,2,4000,0,1,230,0,0,0,0

