APPTR,D04,04,GDA1
IF,GDA,21.527639,80.295222, ,0.0,0.0,2,3900,0,1,200,0,0,0
TF,D211J,21.389997,80.210394,0, ,0.0,0.0,0.0,0.0,2,3200,0,0,0,0,0,1
CF,FD04,21.444781,80.196978,2,GDA,229.0,7.4,49.0,3.0,2,3200,0,0,0,0,0,0

APPTR,D04,04,GDA2
IF,GDA,21.527639,80.295222, ,0.0,0.0,2,3900,0,0,0,0,0,0
TF,D219J,21.402383,80.190764,0, ,0.0,0.0,0.0,0.0,2,3200,0,0,0,0,0,1
CF,FD04,21.444781,80.196978,2,GDA,229.0,7.4,49.0,3.0,2,3200,0,0,0,0,0,0

FINAL,D04,04,D,3
IF,FD04,21.444781,80.196978,GDA,229.0,7.4,2,3200,0,0,0,0,2,0
CF,65VOR,21.454861,80.208919,0,GDA,229.0,6.5,49.0,0.9,2,2920,0,0,0,0,0,0
CF,MD04,21.516439,80.281944,0,GDA,229.0,1.0,49.0,5.5,1,1162,0,0,0,0,3,0
FA,MD04,21.516439,80.281944,0,GDA,0.0,0.0,49.0,2,3000,0,0,0,0,0,0
DF,GDA,21.527639,80.295222,1, ,0.0,0.0,1,3900,0,0,0,0,0,0
HM,GDA,21.527639,80.295222,1, ,0.0,0.0,211.0,04.3,2,3900,0,0,0,0,0,0,0

APPTR,D22,22,GDA1
IF,GDA,21.527639,80.295222, ,0.0,0.0,2,3900,0,1,200,0,0,0
TF,D058I,21.613206,80.436242,0, ,0.0,0.0,0.0,0.0,2,3300,0,0,0,0,0,1
CF,FD22,21.629000,80.383042,1,GDA,40.0,7.8,220.0,2.0,2,3300,0,0,0,0,0,0

APPTR,D22,22,GDA2
IF,GDA,21.527639,80.295222, ,0.0,0.0,2,3900,0,0,0,0,0,0
TF,D050I,21.630733,80.422139,0, ,0.0,0.0,0.0,0.0,2,3300,0,0,0,0,0,1
CF,FD22,21.629000,80.383042,1,GDA,40.0,7.8,220.0,2.0,2,3300,0,0,0,0,0,0

FINAL,D22,22,D,2
IF,FD22,21.629000,80.383042,GDA,40.0,7.8,2,3300,0,0,0,0,2,0
CF,MD22,21.540631,80.306481,0,GDA,40.0,1.0,220.0,6.8,1,1126,0,0,0,0,3,0
FA,MD22,21.540631,80.306481,0,GDA,0.0,0.0,220.0,2,3000,0,0,0,0,0,0
DF,GDA,21.527639,80.295222,2, ,0.0,0.0,1,3900,0,0,0,0,0,0
HM,GDA,21.527639,80.295222,1, ,0.0,0.0,58.0,04.3,2,3900,0,0,0,0,0,0,0

APPTR,I04,04,GDA1
IF,GDA,21.527639,80.295222, ,0.0,0.0,2,3900,0,1,200,0,0,0
CI,0, ,0.0,227.0,0,0,0,0,0,0,0,0
CF,FI04,21.440058,80.200667,0,GDA,226.3,7.4,225.0,4.0,2,3200,0,0,0,0,0,0
FC,FI04,21.440058,80.200667,0,GDA,0.0,0.0,270.0,4.2,0,0,0,0,0,0,0,1
CF,CI04,21.416014,80.175825,1,IGON,225.1,10.3,45.0,3.0,2,3200,0,0,0,0,0,0

APPTR,I04,04,GDA2
IF,GDA,21.527639,80.295222, ,0.0,0.0,2,3900,0,0,0,0,0,0
CI,0, ,0.0,227.0,0,0,0,0,0,0,0,0
CF,FI04,21.440058,80.200667,0,GDA,226.3,7.4,225.0,4.0,2,3200,0,0,0,0,0,0
FC,FI04,21.440058,80.200667,0,GDA,0.0,0.0,270.0,3.0,0,0,0,0,0,0,0,1
CF,CI04,21.416014,80.175825,1,IGON,225.1,10.3,45.0,2.0,2,3200,0,0,0,0,0,0

FINAL,I04,04,I,3
IF,CI04,21.416014,80.175825,IGON,225.1,10.3,2,3200,0,0,0,0,0,0
CF,FI04,21.440058,80.200667,0,IGON,225.1,8.3,45.0,2.0,1,3200,0,0,0,0,2,0
CF,RW04,21.521919,80.285328,0,IGON,225.1,1.5,45.0,6.8,1,1046,0,0,0,0,3,0
CA,0,45.0,2,3000,0,0,0,0,0,0
DF,GDA,21.527639,80.295222,1, ,0.0,0.0,1,3900,0,1,210,0,0,0
HM,GDA,21.527639,80.295222,1, ,0.0,0.0,227.0,04.3,2,3900,0,0,0,0,0,0,0

APPTR,Q04-B,04,GN1
IF,GN,21.520694,80.288806, ,0.0,0.0,2,3900,0,1,180,0,0,0
FC,GN,21.520694,80.288806,0,GDA,0.0,0.0,108.0,4.5,2,2600,0,0,0,0,0,1
CF,FN315,21.468400,80.346644,2,GDA,141.9,4.6,315.0,1.0,2,2600,0,0,0,0,0,0

APPTR,Q04-B,04,GN2
IF,GN,21.520694,80.288806, ,0.0,0.0,2,3900,0,0,0,0,0,0
FC,GN,21.520694,80.288806,0,GDA,0.0,0.0,116.0,4.5,2,2600,0,0,0,0,0,1
CF,FN315,21.468400,80.346644,2,GDA,141.9,4.6,315.0,1.0,2,2600,0,0,0,0,0,0

FINAL,Q04-B,04,N,2
IF,FN315,21.468400,80.346644,GN,0.0,0.0,2,2600,0,0,0,0,2,0
CF,GN,21.520694,80.288806,0,GN,0.0,0.0,315.0,4.5,1,1620,0,0,0,0,3,0
VA,0,315.0,2,2600,0,0,0,0,0,0
DF,GN,21.520694,80.288806,1, ,0.0,0.0,1,3900,0,0,0,0,0,0
HM,GN,21.520694,80.288806,2, ,0.0,0.0,108.0,04.3,2,3900,0,0,0,0,0,0,0

APPTR,Q22-B,22,GN1
IF,GN,21.520694,80.288806, ,0.0,0.0,2,3900,0,1,180,0,0,0
FC,GN,21.520694,80.288806,0,GDA,0.0,0.0,108.0,4.5,2,2600,0,0,0,0,0,1
CF,FN315,21.468400,80.346644,2,GDA,141.9,4.6,315.0,1.0,2,2600,0,0,0,0,0,0

APPTR,Q22-B,22,GN2
IF,GN,21.520694,80.288806, ,0.0,0.0,2,3900,0,0,0,0,0,0
FC,GN,21.520694,80.288806,0,GDA,0.0,0.0,116.0,4.5,2,2600,0,0,0,0,0,1
CF,FN315,21.468400,80.346644,2,GDA,141.9,4.6,315.0,1.0,2,2600,0,0,0,0,0,0

FINAL,Q22-B,22,N,2
IF,FN315,21.468400,80.346644,GN,0.0,0.0,2,2600,0,0,0,0,2,0
CF,GN,21.520694,80.288806,0,GN,0.0,0.0,315.0,4.5,1,1620,0,0,0,0,3,0
VA,0,315.0,2,2600,0,0,0,0,0,0
DF,GN,21.520694,80.288806,1, ,0.0,0.0,1,3900,0,0,0,0,0,0
HM,GN,21.520694,80.288806,2, ,0.0,0.0,108.0,04.3,2,3900,0,0,0,0,0,0,0

