APPTR,D07,07,D162M
IF,D162M,22.503819,75.851806, ,0.0,0.0,0,0,0,0,0,0,1,0
CI,0, ,0.0,342.0,0,0,0,0,0,0,0,0
AF,D249K,22.644575,75.594469,2,IID,249.0,11.0,162.0,2,4000,0,0,0,0,1,0
CF,FD07,22.675819,75.681914,0,IID,249.0,5.8,69.0,5.2,2,3900,0,0,0,0,0,0

APPTR,D07,07,D185M
IF,D185M,22.494019,75.759106, ,0.0,0.0,0,0,0,0,0,0,1,0
CI,0, ,0.0,5.0,0,0,0,0,0,0,0,0
AF,D249K,22.644575,75.594469,2,IID,249.0,11.0,185.0,2,4000,0,0,0,0,1,0
CF,FD07,22.675819,75.681914,0,IID,249.0,5.8,69.0,5.2,2,3900,0,0,0,0,0,0

APPTR,D07,07,D205M
IF,D205M,22.513533,75.680603, ,0.0,0.0,0,0,0,0,0,0,1,0
CI,0, ,0.0,25.0,0,0,0,0,0,0,0,0
AF,D249K,22.644575,75.594469,2,IID,249.0,11.0,205.0,2,4000,0,0,0,0,1,0
CF,FD07,22.675819,75.681914,0,IID,249.0,5.8,69.0,5.2,2,3900,0,0,0,0,0,0

APPTR,D07,07,D266V
IF,D266V,22.684456,75.383961, ,0.0,0.0,0,0,0,1,180,0,1,0
TF,D266R,22.689283,75.455867,0, ,0.0,0.0,0.0,0.0,2,4000,0,0,0,0,0,0
CI,0, ,0.0,114.0,2,4000,0,0,0,0,0,0
CF,D249K,22.644575,75.594469,0,IID,249.0,11.0,69.0,2.0,2,4000,0,0,0,0,1,0
CF,FD07,22.675819,75.681914,0,IID,249.0,5.8,69.0,5.2,2,3900,0,0,0,0,0,0

APPTR,D07,07,D325M
IF,D325M,22.888644,75.644911, ,0.0,0.0,0,0,0,0,0,0,1,0
CI,0, ,0.0,145.0,0,0,0,0,0,0,0,0
AF,D249K,22.644575,75.594469,1,IID,249.0,11.0,325.0,2,4000,0,0,0,0,1,0
CF,FD07,22.675819,75.681914,0,IID,249.0,5.8,69.0,5.2,2,3900,0,0,0,0,0,0

APPTR,D07,07,IID1
IF,IID,22.710611,75.779500, ,0.0,0.0,2,4000,0,1,220,0,0,0
TF,D274H,22.719878,75.635631,0, ,0.0,0.0,0.0,0.0,2,3900,0,0,0,0,0,1
CF,FD07,22.675819,75.681914,1,IID,249.0,5.8,69.0,3.0,2,3900,0,0,0,0,0,0

APPTR,D07,07,IID2
IF,IID,22.710611,75.779500, ,0.0,0.0,2,4000,0,0,0,0,0,0
TF,D261H,22.689617,75.637086,0, ,0.0,0.0,0.0,0.0,2,3900,0,0,0,0,0,1
CF,FD07,22.675819,75.681914,1,IID,249.0,5.8,69.0,3.0,2,3900,0,0,0,0,0,0

FINAL,D07,07,D,2
IF,FD07,22.675819,75.681914,IID,249.0,5.8,2,3900,0,0,0,0,2,0
CF,IID,22.710611,75.779500,0,IID,0.0,0.0,69.0,5.8,1,2046,0,0,0,0,3,0
FA,IID,22.710611,75.779500,0,IID,0.0,0.0,69.0,2,3700,0,0,0,0,0,0
DF,IID,22.710611,75.779500,1, ,0.0,0.0,1,4000,0,0,0,0,0,0
HM,IID,22.710611,75.779500,2, ,0.0,0.0,274.0,04.3,2,4000,0,0,0,0,0,0,0

APPTR,D25,25,IID1
IF,IID,22.710611,75.779500, ,0.0,0.0,2,4000,0,0,0,0,0,0
FD,IID,22.710611,75.779500,0,IID,0.0,11.0,82.0,11.0,2,3900,0,0,0,0,0,0
CF,FD25,22.771403,75.914033,1,IID,64.0,8.3,244.0,3.0,2,3900,0,0,0,0,0,0

APPTR,D25,25,IID2
IF,IID,22.710611,75.779500, ,0.0,0.0,2,4000,0,0,0,0,0,0
FD,IID,22.710611,75.779500,0,IID,0.0,11.0,73.0,11.0,2,3900,0,0,0,0,0,0
CF,FD25,22.771403,75.914033,1,IID,64.0,8.3,244.0,3.0,2,3900,0,0,0,0,0,0

APPTR,D25,25,OSEPU
IF,OSEPU,23.153889,76.985278, ,0.0,0.0,0,0,0,0,0,0,0,0
TF,D068R,22.822522,76.080839,0, ,0.0,0.0,0.0,0.0,0,0,0,0,0,0,1,0
TF,D064N,22.813086,76.006494,0, ,0.0,0.0,0.0,0.0,2,4000,0,0,0,0,1,0
CF,FD25,22.771403,75.914033,0,IID,64.0,8.3,244.0,5.7,2,3900,0,0,0,0,0,0

APPTR,D25,25,PRA
IF,PRA,24.037222,74.743889, ,0.0,0.0,0,0,0,0,0,0,0,0
TF,D325P,22.928161,75.611442,0, ,0.0,0.0,0.0,0.0,0,0,0,0,0,0,1,0
CI,0, ,0.0,145.0,0,0,0,0,0,0,0,0
AF,D064N,22.813086,76.006494,2,IID,64.0,14.0,325.0,2,4000,0,0,0,0,1,0
CF,FD25,22.771403,75.914033,0,IID,64.0,8.3,244.0,5.7,2,3900,0,0,0,0,0,0

APPTR,D25,25,UPMAV
IF,UPMAV,21.724444,75.696667, ,0.0,0.0,0,0,0,0,0,0,0,0
TF,D185P,22.443839,75.756975,0, ,0.0,0.0,0.0,0.0,0,0,0,0,0,0,1,0
CI,0, ,0.0,5.0,0,0,0,0,0,0,0,0
AF,D064N,22.813086,76.006494,1,IID,64.0,14.0,185.0,2,4000,0,0,0,0,1,0
CF,FD25,22.771403,75.914033,0,IID,64.0,8.3,244.0,5.7,2,3900,0,0,0,0,0,0

FINAL,D25,25,D,3
IF,FD25,22.771403,75.914033,IID,64.0,8.3,2,3900,0,0,0,0,2,0
CF,53VOR,22.749442,75.865394,0,IID,64.0,5.3,244.0,3.0,2,2950,0,0,0,0,0,0
CF,MD25,22.728933,75.820008,0,IID,64.0,2.5,244.0,2.8,1,2054,0,0,0,0,3,0
FA,MD25,22.728933,75.820008,0,IID,0.0,0.0,244.0,2,4000,0,0,0,0,0,0
DF,IID,22.710611,75.779500,2, ,0.0,0.0,1,4000,0,0,0,0,0,0
HM,IID,22.710611,75.779500,1, ,0.0,0.0,82.0,04.3,2,4000,0,0,0,0,0,0,0

APPTR,I25,25,CI25
HF,CI25,22.810683,76.007675,2, ,0.0,0.0,245.0,04.3,2,4000,0,0,0,0,1,0,0

APPTR,I25,25,D032P
IF,D032P,22.937458,75.932592, ,0.0,0.0,0,0,0,0,0,0,1,0
CI,0, ,0.0,212.0,0,0,0,0,0,0,0,0
AF,D054N,22.848100,75.983872,2,IID,54.0,14.0,32.0,2,4000,0,0,0,0,0,0
VI,0,IIDR,0.0,215.0,0,0,0,0,0,0,0,0

APPTR,I25,25,D162P
IF,D162P,22.456092,75.868461, ,0.0,0.0,0,0,0,0,0,0,1,0
CI,0, ,0.0,342.0,0,0,0,0,0,0,0,0
AF,D074N,22.774961,76.022206,1,IID,74.0,14.0,162.0,2,4000,0,0,0,0,0,0
VI,0,IIDR,0.0,275.0,0,0,0,0,0,0,0,0

APPTR,I25,25,D185P
IF,D185P,22.443839,75.756975, ,0.0,0.0,0,0,0,0,0,0,1,0
CI,0, ,0.0,5.0,0,0,0,0,0,0,0,0
AF,D074N,22.774961,76.022206,1,IID,74.0,14.0,185.0,2,4000,0,0,0,0,0,0
VI,0,IIDR,0.0,275.0,0,0,0,0,0,0,0,0

APPTR,I25,25,D325P
IF,D325P,22.928161,75.611442, ,0.0,0.0,0,0,0,0,0,0,1,0
CI,0, ,0.0,145.0,0,0,0,0,0,0,0,0
AF,D054N,22.848100,75.983872,2,IID,54.0,14.0,325.0,2,4000,0,0,0,0,0,0
VI,0,IIDR,0.0,215.0,0,0,0,0,0,0,0,0

APPTR,I25,25,IID
IF,IID,22.710611,75.779500, ,0.0,0.0,2,4000,0,0,0,0,0,0
CI,0, ,0.0,64.0,0,0,0,0,0,0,0,0
CF,FI25,22.770628,75.914581,0,IID,64.4,8.3,65.0,2.2,2,3900,0,0,0,0,0,0
FC,FI25,22.770628,75.914581,0,IID,0.0,0.0,20.0,4.4,2,3900,0,0,0,0,0,1
CI,2,IIDR,0.0,200.0,2,3900,0,0,0,0,0,0

FINAL,I25,25,I,3
IF,CI25,22.810683,76.007675,IIDR,65.0,14.0,2,4000,0,0,0,0,0,0
CF,FI25,22.770628,75.914581,0,IIDR,65.0,8.3,245.0,5.7,1,3900,0,0,0,0,2,0
CF,RW25,22.726078,75.811261,0,IIDR,65.0,2.0,245.0,6.3,1,1891,0,0,0,0,3,0
FA,RW25,22.726078,75.811261,0,IID,0.0,0.0,245.0,2,4000,0,0,0,0,0,0
DF,IID,22.710611,75.779500,2, ,0.0,0.0,1,4000,0,0,0,0,0,0
HM,IID,22.710611,75.779500,2, ,0.0,0.0,64.0,04.3,2,4000,0,0,0,0,0,0,0

APPTR,R07-Y,07,ID911
IF,ID911,22.572153,75.455108, ,0.0,0.0,2,4000,0,1,210,0,1,0
TF,ID916,22.621650,75.569361,0, ,0.0,0.0,0.0,0.0,2,4000,0,0,0,0,1,0

APPTR,R07-Y,07,ID912
IF,ID912,22.515533,75.622592, ,0.0,0.0,2,4000,0,1,210,0,1,0
TF,ID916,22.621650,75.569361,0, ,0.0,0.0,0.0,0.0,2,4000,0,0,0,0,1,0

APPTR,R07-Y,07,ID913
IF,ID913,22.727747,75.516047, ,0.0,0.0,2,4000,0,1,210,0,1,0
TF,ID916,22.621650,75.569361,0, ,0.0,0.0,0.0,0.0,2,4000,0,0,0,0,1,0

FINAL,R07-Y,07,R,3
IF,ID916,22.621650,75.569361, ,0.0,0.0,2,4000,0,0,0,0,0,0
TF,ID915,22.671064,75.683697,0, ,0.0,0.0,65.0,7.0,1,3900,0,0,0,0,2,0
TF,RW07,22.715592,75.786956,0, ,0.0,0.0,65.0,6.3,1,1888,0,0,0,0,3,1
CF,ID917,22.764983,75.901381,0,IID,64.3,7.5,65.0,7.0,0,0,0,1,210,0,0,0
TF,ID919,22.871119,75.848108,0, ,0.0,0.0,0.0,0.0,0,0,0,1,210,0,0,0
TF,ID913,22.727747,75.516047,0, ,0.0,0.0,0.0,0.0,0,0,0,1,210,0,0,0
TF,ID916,22.621650,75.569361,0, ,0.0,0.0,0.0,0.0,1,4000,0,1,210,0,0,0
HM,ID916,22.621650,75.569361,1, ,0.0,0.0,65.0,04.3,2,4000,0,1,230,0,0,0,0

APPTR,R25-Y,25,ID811
IF,ID811,22.869181,76.143586, ,0.0,0.0,2,4000,0,1,210,0,1,0
TF,ID816,22.819947,76.028994,0, ,0.0,0.0,0.0,0.0,2,4000,0,0,0,0,1,0

APPTR,R25-Y,25,ID812
IF,ID812,22.926128,75.975800, ,0.0,0.0,2,4000,0,1,210,0,1,0
TF,ID816,22.819947,76.028994,0, ,0.0,0.0,0.0,0.0,2,4000,0,0,0,0,1,0

APPTR,R25-Y,25,ID813
IF,ID813,22.713769,76.082147, ,0.0,0.0,2,4000,0,1,210,0,1,0
TF,ID816,22.819947,76.028994,0, ,0.0,0.0,0.0,0.0,2,4000,0,0,0,0,1,0

FINAL,R25-Y,25,R,3
IF,ID816,22.819947,76.028994, ,0.0,0.0,2,4000,0,0,0,0,0,0
TF,ID815,22.770633,75.914486,0, ,0.0,0.0,245.0,7.0,1,3900,0,0,0,0,2,0
TF,RW25,22.726078,75.811261,0, ,0.0,0.0,245.0,6.3,1,1889,0,0,0,0,3,1
CF,ID817,22.676681,75.696872,0,IID,246.1,5.0,245.0,7.0,0,0,0,1,210,0,0,0
TF,ID818,22.782786,75.643556,0, ,0.0,0.0,0.0,0.0,0,0,0,1,210,0,0,0
TF,ID812,22.926128,75.975800,0, ,0.0,0.0,0.0,0.0,0,0,0,1,210,0,0,0
TF,ID816,22.819947,76.028994,0, ,0.0,0.0,0.0,0.0,1,4000,0,1,210,0,0,0
HM,ID816,22.819947,76.028994,2, ,0.0,0.0,246.0,04.3,2,4000,0,1,230,0,0,0,0

