APPTR,I08-Y,08,D235P
IF,D235P,18.825644,72.840511, ,0.0,0.0,2,2600,0,1,185,0,1,0
TF,D235M,18.854211,72.881706,0, ,0.0,0.0,0.0,0.0,2,2600,0,0,0,0,0,0
TF,GURAT,18.874561,72.909633,0, ,0.0,0.0,0.0,0.0,0,0,0,0,0,0,0,0
AF,D263K,18.960208,72.874514,2,NMB,263.2,11.0,235.0,2,2600,0,0,0,0,1,0
CF,CI08,18.967431,72.930806,0,INVM,263.4,9.0,83.0,3.2,2,1600,0,0,0,0,0,0

APPTR,I08-Y,08,D263K
IF,D263K,18.960208,72.874514, ,0.0,0.0,2,2600,0,1,185,0,1,0
CF,CI08,18.967431,72.930806,0,INVM,263.4,9.0,83.0,3.2,2,1600,0,0,0,0,0,0

APPTR,I08-Y,08,NMB1
IF,NMB,18.982153,73.066539, ,0.0,0.0,2,3800,0,1,185,0,0,0
TF,D248I,18.923256,72.920883,0, ,0.0,0.0,0.0,0.0,1,2000,0,0,0,0,0,1
CF,D263J,18.964683,72.909369,2,NMB,264.4,9.0,83.0,1.0,1,2000,0,0,0,0,0,0
CF,CI08,18.967431,72.930806,0,INVM,263.4,9.0,83.0,1.2,2,1600,0,0,0,0,0,0

APPTR,I08-Y,08,NMB2
IF,NMB,18.982153,73.066539, ,0.0,0.0,2,3800,0,0,0,0,0,0
TF,D254I,18.938064,72.915206,0, ,0.0,0.0,0.0,0.0,1,2000,0,0,0,0,0,1
CF,D263J,18.964683,72.909369,2,NMB,264.4,9.0,83.0,1.0,1,2000,0,0,0,0,0,0
CF,CI08,18.967431,72.930806,0,INVM,263.4,9.0,83.0,1.2,2,1600,0,0,0,0,0,0

FINAL,I08-Y,08,I,3
IF,CI08,18.967431,72.930806,INVM,263.4,9.0,2,1600,0,0,0,0,0,0
CF,FI08,18.971894,72.965664,0,INVM,263.4,7.0,83.0,2.0,1,1600,0,0,0,0,2,0
CF,RW08,18.982406,73.047933,0,INVM,263.4,2.3,83.0,4.7,1,86,0,0,0,0,3,0
CF,D083C,18.991811,73.121847,0,NMB,80.6,3.2,83.0,4.2,0,0,0,0,0,0,0,1
CI,2, ,0.0,195.0,0,0,0,0,0,0,0,0
FA,NMB,18.982153,73.066539,0,NMB,0.0,0.0,150.0,2,3800,0,0,0,0,0,0
DF,NMB,18.982153,73.066539,2, ,0.0,0.0,1,3800,0,1,185,0,0,0
HM,NMB,18.982153,73.066539,1, ,0.0,0.0,248.0,04.3,2,3800,0,0,0,0,0,0,0

APPTR,I26-Y,26,D083Y
IF,D083Y,19.039853,73.502094, ,0.0,0.0,2,5400,0,0,0,0,1,0
CF,CI26,19.017872,73.327686,0,INMB,83.4,16.2,263.0,10.0,2,3800,0,0,0,0,1,0

APPTR,I26-Y,26,D200O
IF,D200O,18.744831,72.980769, ,0.0,0.0,0,0,0,0,0,0,0,0
AF,VEBDU,18.920178,73.322222,1,NMB,105.3,15.0,200.0,2,3800,0,0,0,0,0,0
AF,D092O,18.977583,73.330300,1,NMB,92.0,15.0,105.0,2,3800,0,1,185,0,0,0
CI,0,INMB,0.0,293.0,0,0,0,0,0,0,0,0

APPTR,I26-Y,26,NMB
IF,NMB,18.982153,73.066539, ,0.0,0.0,2,3800,0,0,0,0,0,0
TF,D105J,18.941594,73.237144,0, ,0.0,0.0,0.0,0.0,0,0,0,0,0,0,0,0
TF,D105M,18.929397,73.288311,0, ,0.0,0.0,0.0,0.0,0,0,0,0,0,0,0,0
TF,VEBDU,18.920178,73.322222,0, ,0.0,0.0,0.0,0.0,0,0,0,0,0,0,0,0
AF,D092O,18.977583,73.330300,1,NMB,92.0,15.0,105.0,2,3800,0,1,185,0,0,0
CI,0,INMB,0.0,293.0,0,0,0,0,0,0,0,0

FINAL,I26-Y,26,I,3
IF,CI26,19.017872,73.327686,INMB,83.4,16.2,2,3800,0,0,0,0,0,0
CF,FI26,19.008494,73.253400,0,INMB,83.4,12.0,263.0,4.3,1,3300,0,0,0,0,2,0
CF,RW26,18.986122,73.077111,0,INMB,83.4,1.8,263.0,10.1,1,85,0,0,0,0,3,0
CF,D263C,18.978522,73.017494,0,NMB,266.6,2.8,263.0,3.4,0,0,0,0,0,0,0,1
CI,1, ,0.0,165.0,0,0,0,0,0,0,0,0
CF,D200O,18.744831,72.980769,0,NMB,200.0,15.0,200.0,8.0,1,3800,0,1,185,0,0,0
HM,D200O,18.744831,72.980769,1, ,0.0,0.0,200.0,04.3,2,3800,0,0,0,0,0,0,0

APPTR,R08-Y,08,NM711
IF,NM711,18.819639,72.909231, ,0.0,0.0,4,5400,3800,1,185,0,1,0
TF,NM712,18.915281,72.877189,0, ,0.0,0.0,0.0,0.0,2,2600,0,1,185,0,0,0
TF,NM715,18.964772,72.910083,0, ,0.0,0.0,0.0,0.0,2,1600,0,0,0,0,1,0

APPTR,R08-Y,08,NM712
IF,NM712,18.915281,72.877189, ,0.0,0.0,2,2600,0,1,185,0,1,0
TF,NM715,18.964772,72.910083,0, ,0.0,0.0,0.0,0.0,2,1600,0,0,0,0,1,0

FINAL,R08-Y,08,R,3
IF,NM715,18.964772,72.910083, ,0.0,0.0,2,1600,0,0,0,0,0,0
TF,NM716,18.971789,72.964819,0, ,0.0,0.0,83.0,3.1,1,1600,0,0,0,0,2,0
TF,RW08,18.982406,73.047933,0, ,0.0,0.0,83.0,4.8,1,82,0,0,0,0,3,1
CF,NM717,18.991947,73.122894,0,NMB,80.6,3.3,83.0,4.3,0,0,0,1,185,0,0,1
DF,NM718,18.876697,73.195242,2, ,0.0,0.0,0,0,0,1,185,0,0,1
DF,NM711,18.819639,72.909231,2, ,0.0,0.0,2,3800,0,0,0,0,0,0
HM,NM711,18.819639,72.909231,2, ,0.0,0.0,343.0,04.3,2,3800,0,1,230,0,0,0,0

APPTR,R26,26,NM013
IF,NM013,18.921061,73.363144, ,0.0,0.0,4,5400,3800,1,185,0,1,0
TF,NM815,19.020583,73.349311,0, ,0.0,0.0,0.0,0.0,2,3200,0,0,0,0,1,0

APPTR,R26,26,NM653
IF,NM653,18.816017,73.284761, ,0.0,0.0,4,7000,5400,1,185,0,1,0
TF,NM013,18.921061,73.363144,0, ,0.0,0.0,0.0,0.0,2,3800,0,1,185,0,0,0
TF,NM815,19.020583,73.349311,0, ,0.0,0.0,0.0,0.0,2,3200,0,0,0,0,1,0

APPTR,R26,26,NM811
IF,NM811,19.033719,73.453956, ,0.0,0.0,2,5400,0,1,185,0,1,0
TF,NM815,19.020583,73.349311,0, ,0.0,0.0,0.0,0.0,2,3200,0,0,0,0,1,0

FINAL,R26,26,R,3
IF,NM815,19.020583,73.349311, ,0.0,0.0,2,3200,0,0,0,0,0,0
TF,NM816,19.007794,73.247925,0, ,0.0,0.0,263.0,5.8,1,3200,0,0,0,0,2,0
TF,RW26,18.986122,73.077111,0, ,0.0,0.0,263.0,9.8,1,80,0,0,0,0,3,1
CF,NM817,18.978503,73.017442,0,NMB,266.5,2.8,263.0,3.4,0,0,0,1,185,0,0,1
DF,NM819,18.861442,73.013578,1, ,0.0,0.0,0,0,0,1,185,0,0,0
TF,NM013,18.921061,73.363144,0, ,0.0,0.0,0.0,0.0,2,5400,0,1,185,0,0,0
HM,NM013,18.921061,73.363144,1, ,0.0,0.0,36.0,04.3,2,5400,0,1,230,0,0,0,0

