APPTR,D04,04,BVR
IF,BVR,21.750639,72.189667, ,0.0,0.0,0,0,0,0,0,0,0,0
TF,D322M,21.281611,72.591311,0, ,0.0,0.0,0.0,0.0,0,0,0,0,0,0,1,0
CI,0, ,0.0,142.0,0,0,0,0,0,0,0,0
AF,D245K,21.033825,72.558367,1,SUR,245.0,11.0,322.0,2,2100,0,0,0,0,0,0
AF,D220K,20.970681,72.610067,1,SUR,220.0,11.0,245.0,2,2100,0,0,0,0,1,0
TF,FD04,21.046319,72.677578,0, ,0.0,0.0,0.0,0.0,2,1600,0,0,0,0,0,0

APPTR,D04,04,D220K
IF,D220K,20.970681,72.610067, ,0.0,0.0,2,2100,0,0,0,0,1,0
TF,FD04,21.046319,72.677578,0, ,0.0,0.0,0.0,0.0,2,1600,0,0,0,0,0,0

APPTR,D04,04,ISRIS
IF,ISRIS,20.758056,72.946389, ,0.0,0.0,0,0,0,0,0,0,0,0
TF,D151M,20.921897,72.849050,0, ,0.0,0.0,0.0,0.0,0,0,0,0,0,0,1,0
CI,0, ,0.0,331.0,0,0,0,0,0,0,0,0
AF,D195K,20.933942,72.685300,2,SUR,195.0,11.0,151.0,2,2100,0,0,0,0,0,0
AF,D220K,20.970681,72.610067,2,SUR,220.0,11.0,195.0,2,2100,0,0,0,0,1,0
TF,FD04,21.046319,72.677578,0, ,0.0,0.0,0.0,0.0,2,1600,0,0,0,0,0,0

APPTR,D04,04,SUR1
IF,SUR,21.111683,72.735992, ,0.0,0.0,2,2100,0,1,210,0,0,0
TF,D246G,21.066061,72.626914,0, ,0.0,0.0,0.0,0.0,0,0,0,0,0,0,0,1
CF,FD04,21.046319,72.677578,1,SUR,220.0,5.1,40.0,2.0,2,1600,0,0,0,0,0,0

APPTR,D04,04,SUR2
IF,SUR,21.111683,72.735992, ,0.0,0.0,2,2100,0,0,0,0,0,0
TF,D234F,21.050697,72.646614,0, ,0.0,0.0,0.0,0.0,0,0,0,0,0,0,0,1
CF,FD04,21.046319,72.677578,1,SUR,220.0,5.1,40.0,2.0,2,1600,0,0,0,0,0,0

FINAL,D04,04,D,2
IF,FD04,21.046319,72.677578,SUR,220.0,5.1,2,1600,0,0,0,0,2,0
CF,MD04,21.101431,72.726825,0,SUR,220.0,0.8,40.0,4.3,1,223,0,0,0,0,3,0
CF,SUR,21.111683,72.735992,0,SUR,0.0,0.0,40.0,0.8,0,0,0,0,0,0,0,1
FA,SUR,21.111683,72.735992,0,SUR,0.0,0.0,40.0,2,2100,0,0,0,0,0,0
DF,SUR,21.111683,72.735992,2, ,0.0,0.0,1,2100,0,1,185,0,0,0
HM,SUR,21.111683,72.735992,1, ,0.0,0.0,246.0,04.3,2,2100,0,0,0,0,0,0,0

APPTR,D22,22,BVR
IF,BVR,21.750639,72.189667, ,0.0,0.0,0,0,0,0,0,0,0,0
TF,D322M,21.281611,72.591311,0, ,0.0,0.0,0.0,0.0,0,0,0,0,0,0,1,0
CI,0, ,0.0,142.0,0,0,0,0,0,0,0,0
AF,D022K,21.282264,72.809531,2,SUR,22.0,11.0,322.0,2,2100,0,0,0,0,0,0
AF,D047K,21.237106,72.879522,2,SUR,47.0,11.0,22.0,2,2100,0,0,0,0,1,0
TF,FD22,21.173269,72.806422,0, ,0.0,0.0,0.0,0.0,2,1500,0,0,0,0,0,0

APPTR,D22,22,D047K
IF,D047K,21.237106,72.879522, ,0.0,0.0,2,2100,0,0,0,0,1,0
TF,FD22,21.173269,72.806422,0, ,0.0,0.0,0.0,0.0,2,1500,0,0,0,0,0,0

APPTR,D22,22,ISRIS
IF,ISRIS,20.758056,72.946389, ,0.0,0.0,0,0,0,0,0,0,0,0
TF,D151M,20.921897,72.849050,0, ,0.0,0.0,0.0,0.0,0,0,0,0,0,0,1,0
CI,0, ,0.0,331.0,0,0,0,0,0,0,0,0
AF,D072K,21.168436,72.922553,1,SUR,72.0,11.0,151.0,2,2100,0,0,0,0,0,0
AF,D047K,21.237106,72.879522,1,SUR,47.0,11.0,72.0,2,2100,0,0,0,0,1,0
TF,FD22,21.173269,72.806422,0, ,0.0,0.0,0.0,0.0,2,1500,0,0,0,0,0,0

APPTR,D22,22,SG
IF,SG,21.167500,73.565833, ,0.0,0.0,0,0,0,0,0,0,0,0
TF,D086M,21.127639,72.967119,0, ,0.0,0.0,0.0,0.0,0,0,0,0,0,0,1,0
CI,0, ,0.0,266.0,0,0,0,0,0,0,0,0
AF,D072K,21.168436,72.922553,1,SUR,72.0,11.0,86.0,2,2100,0,0,0,0,0,0
AF,D047K,21.237106,72.879522,1,SUR,47.0,11.0,72.0,2,2100,0,0,0,0,1,0
TF,FD22,21.173269,72.806422,0, ,0.0,0.0,0.0,0.0,2,1500,0,0,0,0,0,0

APPTR,D22,22,SUR1
IF,SUR,21.111683,72.735992, ,0.0,0.0,2,2100,0,1,210,0,0,0
TF,D022G,21.220239,72.782769,0, ,0.0,0.0,0.0,0.0,0,0,0,0,0,0,0,1
CF,FD22,21.173269,72.806422,2,SUR,47.0,5.4,227.0,2.0,2,1500,0,0,0,0,0,0

APPTR,D22,22,SUR2
IF,SUR,21.111683,72.735992, ,0.0,0.0,2,2100,0,0,0,0,0,0
TF,D034G,21.201806,72.800825,0, ,0.0,0.0,0.0,0.0,0,0,0,0,0,0,0,1
CF,FD22,21.173269,72.806422,2,SUR,47.0,5.4,227.0,2.0,2,1500,0,0,0,0,0,0

FINAL,D22,22,D,3
IF,FD22,21.173269,72.806422,SUR,47.0,5.4,2,1500,0,0,0,0,2,0
CF,30VOR,21.145900,72.775111,0,SUR,47.0,3.0,227.0,2.4,2,730,0,0,0,0,0,0
CF,MD22,21.128792,72.755550,0,SUR,47.0,1.5,227.0,1.5,1,260,0,0,0,0,3,0
CF,SUR,21.111683,72.735992,0,SUR,0.0,0.0,227.0,1.5,0,0,0,0,0,0,0,0
FA,SUR,21.111683,72.735992,0,SUR,0.0,0.0,227.0,2,2100,0,0,0,0,0,0
DF,SUR,21.111683,72.735992,1, ,0.0,0.0,1,2100,0,1,185,0,0,0
HM,SUR,21.111683,72.735992,2, ,0.0,0.0,22.0,04.3,2,2100,0,0,0,0,0,0,0

APPTR,I22,22,BVR
IF,BVR,21.750639,72.189667, ,0.0,0.0,0,0,0,0,0,0,0,0
TF,D322O,21.307742,72.569022,0, ,0.0,0.0,0.0,0.0,0,0,0,0,0,0,1,0
CI,0, ,0.0,142.0,0,0,0,0,0,0,0,0
AF,D018M,21.318475,72.807703,2,SUR,18.0,13.0,322.0,2,3100,0,0,0,0,0,0
AF,D034M,21.291908,72.865736,2,SUR,34.0,13.0,18.0,2,3100,0,0,0,0,0,0
VI,0,ISUT,0.0,193.0,0,0,0,0,0,0,0,0

APPTR,I22,22,CI22
HF,CI22,21.269472,72.896275,2, ,0.0,0.0,223.0,04.3,2,3100,0,0,0,0,1,0,0

APPTR,I22,22,ISRIS
IF,ISRIS,20.758056,72.946389, ,0.0,0.0,0,0,0,0,0,0,0,0
TF,D151O,20.892692,72.866419,0, ,0.0,0.0,0.0,0.0,0,0,0,0,0,0,1,0
CI,0, ,0.0,331.0,0,0,0,0,0,0,0,0
AF,D068M,21.193003,72.950975,1,SUR,68.0,13.0,151.0,2,3100,0,0,0,0,0,0
AF,D052M,21.245458,72.918769,1,SUR,52.0,13.0,68.0,2,3100,0,0,0,0,0,0
VI,0,ISUT,0.0,253.0,0,0,0,0,0,0,0,0

APPTR,I22,22,SG
IF,SG,21.167500,73.565833, ,0.0,0.0,0,0,0,0,0,0,0,0
TF,D086O,21.130067,73.002683,0, ,0.0,0.0,0.0,0.0,0,0,0,0,0,0,1,0
CI,0, ,0.0,266.0,0,0,0,0,0,0,0,0
AF,D068M,21.193003,72.950975,1,SUR,68.0,13.0,86.0,2,3100,0,0,0,0,0,0
AF,D052M,21.245458,72.918769,1,SUR,52.0,13.0,68.0,2,3100,0,0,0,0,0,0
VI,0,ISUT,0.0,253.0,0,0,0,0,0,0,0,0

APPTR,I22,22,SUR1
IF,SUR,21.111683,72.735992, ,0.0,0.0,2,3100,0,1,210,0,0,0
CF,D062J,21.192489,72.898197,0,SUR,62.0,10.3,62.0,10.3,0,0,0,0,0,0,0,1
VI,1,ISUT,0.0,253.0,2,2100,0,0,0,0,0,0

APPTR,I22,22,SUR2
IF,SUR,21.111683,72.735992, ,0.0,0.0,2,3100,0,0,0,0,0,0
CF,D054I,21.203064,72.870194,0,SUR,54.0,9.3,54.0,9.3,0,0,0,0,0,0,0,1
VI,1,ISUT,0.0,253.0,2,2100,0,0,0,0,0,0

FINAL,I22,22,I,3
IF,CI22,21.269472,72.896275,ISUT,43.0,13.5,2,3100,0,0,0,0,0,0
CF,FI22,21.198561,72.825658,0,ISUT,43.0,7.7,223.0,5.8,1,2100,0,0,0,0,2,0
CF,RW22,21.121381,72.748908,0,ISUT,43.0,1.4,223.0,6.3,1,76,0,0,0,0,3,0
FA,RW22,21.121381,72.748908,0,SUR,0.0,0.0,223.0,2,2100,0,0,0,0,0,0
DF,SUR,21.111683,72.735992,1, ,0.0,0.0,1,3100,0,0,0,0,0,0
HM,SUR,21.111683,72.735992,2, ,0.0,0.0,62.0,04.3,2,3100,0,0,0,0,0,0,0

APPTR,R04,04,SU612
IF,SU612,20.863064,72.629994, ,0.0,0.0,4,6000,3100,1,210,0,1,0
TF,VATSA,20.952431,72.581386,0, ,0.0,0.0,0.0,0.0,2,3100,0,0,0,0,1,0

APPTR,R04,04,SU613
IF,SU613,20.991489,72.482956, ,0.0,0.0,4,6000,3100,1,210,0,1,0
TF,VATSA,20.952431,72.581386,0, ,0.0,0.0,0.0,0.0,2,3100,0,0,0,0,1,0

APPTR,R04,04,VATSA
HF,VATSA,20.952431,72.581386,1, ,0.0,0.0,43.0,04.3,2,3100,0,1,230,0,1,0,0

FINAL,R04,04,R,3
IF,VATSA,20.952431,72.581386, ,0.0,0.0,2,3100,0,0,0,0,0,0
TF,SU006,21.028211,72.656458,0, ,0.0,0.0,43.0,6.2,1,2100,0,0,0,0,2,0
TF,RW04,21.106247,72.733881,0, ,0.0,0.0,43.0,6.4,1,70,0,0,0,0,3,1
CF,SU617,21.207019,72.834031,0,SUR,44.0,7.9,43.0,8.2,0,0,0,1,210,0,0,1
DF,SU612,20.863064,72.629994,2, ,0.0,0.0,2,3100,0,1,210,0,0,0
HM,SU612,20.863064,72.629994,2, ,0.0,0.0,333.0,04.3,2,3100,0,1,230,0,0,0,0

APPTR,R22,22,SU812
IF,SU812,21.356161,72.844608, ,0.0,0.0,4,6000,3100,1,210,0,1,0
TF,SU816,21.266769,72.893289,0, ,0.0,0.0,0.0,0.0,2,3100,0,0,0,0,1,0

APPTR,R22,22,SU813
IF,SU813,21.227600,72.991853, ,0.0,0.0,4,6000,3100,1,210,0,1,0
TF,SU816,21.266769,72.893289,0, ,0.0,0.0,0.0,0.0,2,3100,0,0,0,0,1,0

APPTR,R22,22,SU816
HF,SU816,21.266769,72.893289,2, ,0.0,0.0,223.0,04.3,2,3100,0,1,230,0,1,0,0

FINAL,R22,22,R,3
IF,SU816,21.266769,72.893289, ,0.0,0.0,2,3100,0,0,0,0,0,0
TF,SU815,21.199444,72.826417,0, ,0.0,0.0,223.0,5.5,1,2100,0,0,0,0,2,0
TF,RW22,21.121381,72.748908,0, ,0.0,0.0,223.0,6.4,1,69,0,0,0,0,3,1
CA,0,223.0,2,1500,0,1,210,0,0,0
DF,SU813,21.227600,72.991853,1, ,0.0,0.0,2,3100,0,1,210,0,0,0
HM,SU813,21.227600,72.991853,1, ,0.0,0.0,293.0,04.3,2,3100,0,1,230,0,0,0,0

