SID,AKPU1A,23,5
CF,DT200,11.268442,104.820347,0,TIA,228.9,6.6,228.0,7.0,0,0,0,1,230,0,0,0
TF,DT208,11.192267,104.736472,0, ,0.0,0.0,0.0,0.0,0,0,0,0,0,0,0,0
TF,DT209,10.998394,104.597369,0, ,0.0,0.0,0.0,0.0,3,11000,0,0,0,0,0,0
TF,AKPUP,10.707831,104.389450,0, ,0.0,0.0,0.0,0.0,0,0,0,0,0,0,0,0

SID,AKPU1B,05,5
CF,DT500,11.451547,105.022214,0,TIA,48.1,9.5,48.0,7.0,0,0,0,1,230,0,0,0
TF,DT501,11.278864,105.182842,0, ,0.0,0.0,0.0,0.0,3,8000,0,0,0,0,0,0
TF,DT502,10.914844,104.782056,0, ,0.0,0.0,0.0,0.0,2,17000,0,0,0,0,0,0
TF,AKPUP,10.707831,104.389450,0, ,0.0,0.0,0.0,0.0,0,0,0,0,0,0,0,0

SID,ELNA1A,23,5
CF,DT200,11.268442,104.820347,0,TIA,228.9,6.6,228.0,7.0,0,0,0,1,230,0,0,0
TF,DT201,11.440967,104.659556,0, ,0.0,0.0,0.0,0.0,0,0,0,0,0,0,0,0
TF,DT202,11.634742,104.873500,0, ,0.0,0.0,0.0,0.0,2,11000,0,0,0,0,0,0
TF,DT203,11.837000,105.096983,0, ,0.0,0.0,0.0,0.0,2,17000,0,0,0,0,0,0
TF,ELNAK,12.182086,105.083222,0, ,0.0,0.0,0.0,0.0,0,0,0,0,0,0,0,0

SID,ELNA1B,05,5
CF,DT503,11.508175,105.084719,0,TIA,48.2,14.5,48.0,12.0,0,0,0,0,0,0,0,0
TF,ELNAK,12.182086,105.083222,0, ,0.0,0.0,0.0,0.0,3,17000,0,0,0,0,0,0

SID,KISA1A,23,5
CF,DT200,11.268442,104.820347,0,TIA,228.9,6.6,228.0,7.0,0,0,0,1,230,0,0,0
TF,DT210,11.095825,104.980947,0, ,0.0,0.0,0.0,0.0,3,7000,0,1,260,0,0,0
TF,DT211,10.782139,104.903933,0, ,0.0,0.0,0.0,0.0,3,17000,0,0,0,0,0,0
TF,KISAN,10.538889,104.675000,0, ,0.0,0.0,0.0,0.0,0,0,0,0,0,0,0,0

SID,KISA1B,05,5
CF,DT500,11.451547,105.022214,0,TIA,48.1,9.5,48.0,7.0,0,0,0,1,230,0,0,0
TF,DT501,11.278864,105.182842,0, ,0.0,0.0,0.0,0.0,3,8000,0,0,0,0,0,0
TF,DT502,10.914844,104.782056,0, ,0.0,0.0,0.0,0.0,2,17000,0,0,0,0,0,0
TF,KISAN,10.538889,104.675000,0, ,0.0,0.0,0.0,0.0,0,0,0,0,0,0,0,0

SID,MOSL1A,23,5
CF,DT200,11.268442,104.820347,0,TIA,228.9,6.6,228.0,7.0,0,0,0,1,230,0,0,0
TF,DT201,11.440967,104.659556,0, ,0.0,0.0,0.0,0.0,0,0,0,0,0,0,0,0
TF,DT204,11.564025,104.544828,0, ,0.0,0.0,0.0,0.0,0,0,0,0,0,0,0,0
TF,DT205,11.698178,104.540803,0, ,0.0,0.0,0.0,0.0,2,13000,0,0,0,0,0,0
TF,MOSLI,12.102647,104.528553,0, ,0.0,0.0,0.0,0.0,0,0,0,0,0,0,0,0

SID,MOSL1B,05,5
CF,DT503,11.508175,105.084719,0,TIA,48.2,14.5,48.0,12.0,0,0,0,1,230,0,0,0
TF,DT504,11.680733,104.923828,0, ,0.0,0.0,0.0,0.0,0,0,0,1,260,0,0,0
TF,DT505,11.461453,104.681978,0, ,0.0,0.0,0.0,0.0,3,11000,0,1,270,0,0,0
TF,DT506,11.677875,104.480175,0, ,0.0,0.0,0.0,0.0,2,15000,0,0,0,0,0,0
TF,MOSLI,12.102647,104.528553,0, ,0.0,0.0,0.0,0.0,0,0,0,0,0,0,0,0

SID,NIMI1A,23,5
CF,DT200,11.268442,104.820347,0,TIA,228.9,6.6,228.0,7.0,0,0,0,1,230,0,0,0
TF,DT208,11.192267,104.736472,0, ,0.0,0.0,0.0,0.0,0,0,0,0,0,0,0,0
TF,DT209,10.998394,104.597369,0, ,0.0,0.0,0.0,0.0,3,11000,0,0,0,0,0,0
TF,NIMIB,10.935058,104.218817,0, ,0.0,0.0,0.0,0.0,0,0,0,0,0,0,0,0

SID,NIMI1B,05,5
CF,DT503,11.508175,105.084719,0,TIA,48.2,14.5,48.0,12.0,0,0,0,1,230,0,0,0
TF,DT504,11.680733,104.923828,0, ,0.0,0.0,0.0,0.0,0,0,0,1,260,0,0,0
TF,DT505,11.461453,104.681978,0, ,0.0,0.0,0.0,0.0,3,11000,0,1,270,0,0,0
TF,DT507,11.244892,104.443308,0, ,0.0,0.0,0.0,0.0,2,17000,0,0,0,0,0,0
TF,NIMIB,10.935058,104.218817,0, ,0.0,0.0,0.0,0.0,0,0,0,0,0,0,0,0

SID,ORIT1A,23,5
CF,DT200,11.268442,104.820347,0,TIA,228.9,6.6,228.0,7.0,0,0,0,1,230,0,0,0
TF,DT207,11.258483,104.507169,0, ,0.0,0.0,0.0,0.0,3,14000,0,0,0,0,0,0
TF,ORITA,11.174086,104.114900,0, ,0.0,0.0,0.0,0.0,0,0,0,0,0,0,0,0

SID,ORIT1B,05,5
CF,DT503,11.508175,105.084719,0,TIA,48.2,14.5,48.0,12.0,0,0,0,1,230,0,0,0
TF,DT504,11.680733,104.923828,0, ,0.0,0.0,0.0,0.0,0,0,0,1,260,0,0,0
TF,DT505,11.461453,104.681978,0, ,0.0,0.0,0.0,0.0,3,11000,0,1,270,0,0,0
TF,DT507,11.244892,104.443308,0, ,0.0,0.0,0.0,0.0,2,17000,0,0,0,0,0,0
TF,ORITA,11.174086,104.114900,0, ,0.0,0.0,0.0,0.0,0,0,0,0,0,0,0,0

SID,PUKI1A,23,5
CF,DT200,11.268442,104.820347,0,TIA,228.9,6.6,228.0,7.0,0,0,0,1,230,0,0,0
TF,DT201,11.440967,104.659556,0, ,0.0,0.0,0.0,0.0,0,0,0,0,0,0,0,0
TF,DT204,11.564025,104.544828,0, ,0.0,0.0,0.0,0.0,0,0,0,0,0,0,0,0
TF,DT206,11.655736,104.394658,0, ,0.0,0.0,0.0,0.0,2,13000,0,0,0,0,0,0
TF,PUKIP,11.781711,104.187514,0, ,0.0,0.0,0.0,0.0,0,0,0,0,0,0,0,0

SID,PUKI1B,05,5
CF,DT503,11.508175,105.084719,0,TIA,48.2,14.5,48.0,12.0,0,0,0,1,230,0,0,0
TF,DT504,11.680733,104.923828,0, ,0.0,0.0,0.0,0.0,0,0,0,1,260,0,0,0
TF,DT505,11.461453,104.681978,0, ,0.0,0.0,0.0,0.0,3,11000,0,1,270,0,0,0
TF,DT506,11.677875,104.480175,0, ,0.0,0.0,0.0,0.0,2,15000,0,0,0,0,0,0
TF,PUKIP,11.781711,104.187514,0, ,0.0,0.0,0.0,0.0,0,0,0,0,0,0,0,0

SID,SUSE1A,23,5
CF,DT200,11.268442,104.820347,0,TIA,228.9,6.6,228.0,7.0,0,0,0,1,230,0,0,0
TF,DT201,11.440967,104.659556,0, ,0.0,0.0,0.0,0.0,0,0,0,0,0,0,0,0
TF,DT202,11.634742,104.873500,0, ,0.0,0.0,0.0,0.0,2,11000,0,0,0,0,0,0
TF,DT203,11.837000,105.096983,0, ,0.0,0.0,0.0,0.0,2,17000,0,0,0,0,0,0
TF,SUSEL,11.925669,105.547681,0, ,0.0,0.0,0.0,0.0,0,0,0,0,0,0,0,0

SID,SUSE1B,05,5
CF,DT503,11.508175,105.084719,0,TIA,48.2,14.5,48.0,12.0,0,0,0,0,0,0,0,0
TF,SUSEL,11.925669,105.547681,0, ,0.0,0.0,0.0,0.0,3,17000,0,0,0,0,0,0

SID,VISI1A,23,5
CF,DT200,11.268442,104.820347,0,TIA,228.9,6.6,228.0,7.0,0,0,0,1,230,0,0,0
TF,DT210,11.095825,104.980947,0, ,0.0,0.0,0.0,0.0,3,7000,0,1,260,0,0,0
TF,DT212,11.131406,105.417878,0, ,0.0,0.0,0.0,0.0,2,16000,0,0,0,0,0,0
TF,VISIM,11.157081,105.744347,0, ,0.0,0.0,0.0,0.0,0,0,0,0,0,0,0,0

SID,VISI1B,05,5
CF,DT500,11.451547,105.022214,0,TIA,48.1,9.5,48.0,7.0,0,0,0,1,230,0,0,0
TF,DT501,11.278864,105.182842,0, ,0.0,0.0,0.0,0.0,3,8000,0,0,0,0,0,0
TF,VISIM,11.157081,105.744347,0, ,0.0,0.0,0.0,0.0,3,14000,0,0,0,0,0,0

STAR,AKPU1C,23,5
IF,AKPUP,10.707831,104.389450, ,0.0,0.0,0,0,0,0,0,0,0,0
TF,DT301,10.943969,104.773967,0, ,0.0,0.0,0.0,0.0,2,15000,0,0,0,0,0,0
TF,DT302,11.102078,104.812756,0, ,0.0,0.0,0.0,0.0,2,12000,0,0,0,0,0,0
TF,DT303,11.260728,104.987506,0, ,0.0,0.0,0.0,0.0,2,8000,0,0,0,0,0,0
TF,IKOPU,11.421886,105.165117,0, ,0.0,0.0,0.0,0.0,2,4000,0,0,0,0,0,0
TF,NOKOR,11.508175,105.084719,0, ,0.0,0.0,0.0,0.0,2,3000,0,0,0,0,0,0

STAR,AKPU1D,05,5
IF,AKPUP,10.707831,104.389450, ,0.0,0.0,3,16000,0,0,0,0,0,0
TF,VIRUL,11.098378,104.633189,0, ,0.0,0.0,0.0,0.0,2,4000,0,0,0,0,0,0
TF,BILBA,11.177756,104.720503,0, ,0.0,0.0,0.0,0.0,2,4000,0,0,0,0,0,0

STAR,ELNA1C,23,5
IF,ELNAK,12.182086,105.083222, ,0.0,0.0,3,16000,0,0,0,0,0,0
TF,DT306,11.767100,104.843444,0, ,0.0,0.0,0.0,0.0,3,10000,0,0,0,0,0,0
TF,LELUN,11.594442,105.004272,0, ,0.0,0.0,0.0,0.0,2,4000,0,0,0,0,0,0
TF,NOKOR,11.508175,105.084719,0, ,0.0,0.0,0.0,0.0,2,3000,0,0,0,0,0,0

STAR,ELNA1D,05,5
IF,ELNAK,12.182086,105.083222, ,0.0,0.0,0,0,0,0,0,0,0,0
TF,DT606,11.935289,104.915453,0, ,0.0,0.0,0.0,0.0,2,18000,0,0,0,0,0,0
TF,DT603,11.666894,104.733439,0, ,0.0,0.0,0.0,0.0,0,0,0,0,0,0,0,0
TF,DT604,11.494369,104.894361,0, ,0.0,0.0,0.0,0.0,2,12000,0,0,0,0,0,0
TF,IKOMO,11.264031,104.640156,0, ,0.0,0.0,0.0,0.0,2,4000,0,0,0,0,0,0
TF,BILBA,11.177756,104.720503,0, ,0.0,0.0,0.0,0.0,2,4000,0,0,0,0,0,0

STAR,IGRI1C,23,5
IF,IGRIG,12.168467,104.699669, ,0.0,0.0,0,0,0,0,0,0,0,0
TF,DT306,11.767100,104.843444,0, ,0.0,0.0,0.0,0.0,3,10000,0,0,0,0,0,0
TF,LELUN,11.594442,105.004272,0, ,0.0,0.0,0.0,0.0,2,4000,0,0,0,0,0,0
TF,NOKOR,11.508175,105.084719,0, ,0.0,0.0,0.0,0.0,2,3000,0,0,0,0,0,0

STAR,IGRI1D,05,5
IF,IGRIG,12.168467,104.699669, ,0.0,0.0,0,0,0,0,0,0,0,0
TF,DT603,11.666894,104.733439,0, ,0.0,0.0,0.0,0.0,0,0,0,0,0,0,0,0
TF,DT604,11.494369,104.894361,0, ,0.0,0.0,0.0,0.0,2,12000,0,0,0,0,0,0
TF,IKOMO,11.264031,104.640156,0, ,0.0,0.0,0.0,0.0,2,4000,0,0,0,0,0,0
TF,BILBA,11.177756,104.720503,0, ,0.0,0.0,0.0,0.0,2,4000,0,0,0,0,0,0

STAR,KISA1C,23,5
IF,KISAN,10.538889,104.675000, ,0.0,0.0,0,0,0,0,0,0,0,0
TF,DT300,10.732397,104.722258,0, ,0.0,0.0,0.0,0.0,2,18000,0,0,0,0,0,0
TF,DT301,10.943969,104.773967,0, ,0.0,0.0,0.0,0.0,2,15000,0,0,0,0,0,0
TF,DT302,11.102078,104.812756,0, ,0.0,0.0,0.0,0.0,2,12000,0,0,0,0,0,0
TF,DT303,11.260728,104.987506,0, ,0.0,0.0,0.0,0.0,2,8000,0,0,0,0,0,0
TF,IKOPU,11.421886,105.165117,0, ,0.0,0.0,0.0,0.0,2,4000,0,0,0,0,0,0
TF,NOKOR,11.508175,105.084719,0, ,0.0,0.0,0.0,0.0,2,3000,0,0,0,0,0,0

STAR,KISA1D,05,5
IF,KISAN,10.538889,104.675000, ,0.0,0.0,3,16000,0,0,0,0,0,0
TF,VIRUL,11.098378,104.633189,0, ,0.0,0.0,0.0,0.0,2,4000,0,0,0,0,0,0
TF,BILBA,11.177756,104.720503,0, ,0.0,0.0,0.0,0.0,2,4000,0,0,0,0,0,0

STAR,NIMI1C,23,5
IF,NIMIB,10.935058,104.218817, ,0.0,0.0,0,0,0,0,0,0,0,0
TF,DT304,11.130225,104.543767,0, ,0.0,0.0,0.0,0.0,2,15000,0,0,0,0,0,0
TF,DT302,11.102078,104.812756,0, ,0.0,0.0,0.0,0.0,2,12000,0,0,0,0,0,0
TF,DT303,11.260728,104.987506,0, ,0.0,0.0,0.0,0.0,2,8000,0,0,0,0,0,0
TF,IKOPU,11.421886,105.165117,0, ,0.0,0.0,0.0,0.0,2,4000,0,0,0,0,0,0
TF,NOKOR,11.508175,105.084719,0, ,0.0,0.0,0.0,0.0,2,3000,0,0,0,0,0,0

STAR,NIMI1D,05,5
IF,NIMIB,10.935058,104.218817, ,0.0,0.0,3,16000,0,0,0,0,0,0
TF,VIRUL,11.098378,104.633189,0, ,0.0,0.0,0.0,0.0,2,4000,0,0,0,0,0,0
TF,BILBA,11.177756,104.720503,0, ,0.0,0.0,0.0,0.0,2,4000,0,0,0,0,0,0

STAR,ORIT1C,23,5
IF,ORITA,11.174086,104.114900, ,0.0,0.0,0,0,0,0,0,0,0,0
TF,DT304,11.130225,104.543767,0, ,0.0,0.0,0.0,0.0,2,15000,0,0,0,0,0,0
TF,DT302,11.102078,104.812756,0, ,0.0,0.0,0.0,0.0,2,12000,0,0,0,0,0,0
TF,DT303,11.260728,104.987506,0, ,0.0,0.0,0.0,0.0,2,8000,0,0,0,0,0,0
TF,IKOPU,11.421886,105.165117,0, ,0.0,0.0,0.0,0.0,2,4000,0,0,0,0,0,0
TF,NOKOR,11.508175,105.084719,0, ,0.0,0.0,0.0,0.0,2,3000,0,0,0,0,0,0

STAR,ORIT1D,05,5
IF,ORITA,11.174086,104.114900, ,0.0,0.0,3,16000,0,0,0,0,0,0
TF,VIRUL,11.098378,104.633189,0, ,0.0,0.0,0.0,0.0,2,4000,0,0,0,0,0,0
TF,BILBA,11.177756,104.720503,0, ,0.0,0.0,0.0,0.0,2,4000,0,0,0,0,0,0

STAR,SUSE1C,23,5
IF,SUSEL,11.925669,105.547681, ,0.0,0.0,3,16000,0,0,0,0,0,0
TF,AKPEG,11.587433,105.172267,0, ,0.0,0.0,0.0,0.0,2,4000,0,0,0,0,0,0
TF,NOKOR,11.508175,105.084719,0, ,0.0,0.0,0.0,0.0,2,3000,0,0,0,0,0,0

STAR,SUSE1D,05,5
IF,SUSEL,11.925669,105.547681, ,0.0,0.0,0,0,0,0,0,0,0,0
TF,DT600,11.599083,105.360828,0, ,0.0,0.0,0.0,0.0,2,18000,0,0,0,0,0,0
TF,DT601,11.445047,105.190794,0, ,0.0,0.0,0.0,0.0,2,15000,0,0,0,0,0,0
TF,DT602,11.286483,105.015856,0, ,0.0,0.0,0.0,0.0,2,9000,0,0,0,0,0,0
TF,NULPI,11.091458,104.800800,0, ,0.0,0.0,0.0,0.0,2,4000,0,0,0,0,0,0
TF,BILBA,11.177756,104.720503,0, ,0.0,0.0,0.0,0.0,2,4000,0,0,0,0,0,0

STAR,VELV1C,23,5
IF,VELVA,11.895528,104.268189, ,0.0,0.0,0,0,0,0,0,0,0,0
TF,DT305,11.865972,104.401175,0, ,0.0,0.0,0.0,0.0,3,12000,0,0,0,0,0,0
TF,DT306,11.767100,104.843444,0, ,0.0,0.0,0.0,0.0,3,10000,0,0,0,0,0,0
TF,LELUN,11.594442,105.004272,0, ,0.0,0.0,0.0,0.0,2,4000,0,0,0,0,0,0
TF,NOKOR,11.508175,105.084719,0, ,0.0,0.0,0.0,0.0,2,3000,0,0,0,0,0,0

STAR,VELV1D,05,5
IF,VELVA,11.895528,104.268189, ,0.0,0.0,3,14000,0,0,0,0,0,0
TF,DT605,11.662925,104.267978,0, ,0.0,0.0,0.0,0.0,0,0,0,0,0,0,0,0
TF,IKOMO,11.264031,104.640156,0, ,0.0,0.0,0.0,0.0,2,4000,0,0,0,0,0,0
TF,BILBA,11.177756,104.720503,0, ,0.0,0.0,0.0,0.0,2,4000,0,0,0,0,0,0

STAR,VISI1C,23,5
IF,VISIM,11.157081,105.744347, ,0.0,0.0,3,15000,0,0,0,0,0,0
TF,IKOPU,11.421886,105.165117,0, ,0.0,0.0,0.0,0.0,2,4000,0,0,0,0,0,0
TF,NOKOR,11.508175,105.084719,0, ,0.0,0.0,0.0,0.0,2,3000,0,0,0,0,0,0

STAR,VISI1D,05,5
IF,VISIM,11.157081,105.744347, ,0.0,0.0,0,0,0,0,0,0,0,0
TF,DT601,11.445047,105.190794,0, ,0.0,0.0,0.0,0.0,2,15000,0,0,0,0,0,0
TF,DT602,11.286483,105.015856,0, ,0.0,0.0,0.0,0.0,2,9000,0,0,0,0,0,0
TF,NULPI,11.091458,104.800800,0, ,0.0,0.0,0.0,0.0,2,4000,0,0,0,0,0,0
TF,BILBA,11.177756,104.720503,0, ,0.0,0.0,0.0,0.0,2,4000,0,0,0,0,0,0

APPTR,D05,05,DT001
IF,DT001,11.670808,104.973842, ,0.0,0.0,2,4000,0,0,0,0,1,0
CI,0, ,0.0,193.0,0,0,0,0,0,0,0,0
AF,D228Q,11.151128,104.690975,1,TIA,228.6,17.0,13.0,0,0,0,0,0,0,0,0
TF,BILBA,11.177756,104.720503,0, ,0.0,0.0,0.0,0.0,2,4000,0,0,0,0,0,0

APPTR,D05,05,DT002
IF,DT002,11.660906,104.796875, ,0.0,0.0,2,4000,0,0,0,0,1,0
CI,0, ,0.0,162.0,0,0,0,0,0,0,0,0
AF,D228Q,11.151128,104.690975,1,TIA,228.6,17.0,342.0,0,0,0,0,0,0,0,0
TF,BILBA,11.177756,104.720503,0, ,0.0,0.0,0.0,0.0,2,4000,0,0,0,0,0,0

APPTR,D05,05,DT003
IF,DT003,11.532986,104.624261, ,0.0,0.0,2,4000,0,0,0,0,1,0
CI,0, ,0.0,125.0,0,0,0,0,0,0,0,0
AF,D228Q,11.151128,104.690975,1,TIA,228.6,17.0,305.0,0,0,0,0,0,0,0,0
TF,BILBA,11.177756,104.720503,0, ,0.0,0.0,0.0,0.0,2,4000,0,0,0,0,0,0

APPTR,D05,05,DT004
IF,DT004,11.272258,104.572178, ,0.0,0.0,2,4000,0,0,0,0,1,0
CI,0, ,0.0,78.0,0,0,0,0,0,0,0,0
AF,D228Q,11.151128,104.690975,1,TIA,228.6,17.0,258.0,0,0,0,0,0,0,0,0
TF,BILBA,11.177756,104.720503,0, ,0.0,0.0,0.0,0.0,2,4000,0,0,0,0,0,0

APPTR,D05,05,DT005
IF,DT005,11.170219,104.613206, ,0.0,0.0,2,4000,0,0,0,0,1,0
TF,BILBA,11.177756,104.720503,0, ,0.0,0.0,0.0,0.0,2,4000,0,0,0,0,0,0

APPTR,D05,05,DT006
IF,DT006,11.020558,104.811981, ,0.0,0.0,2,4000,0,0,0,0,1,0
CI,0, ,0.0,16.0,0,0,0,0,0,0,0,0
AF,D228Q,11.151128,104.690975,2,TIA,228.6,17.0,196.0,0,0,0,0,0,0,0,0
TF,BILBA,11.177756,104.720503,0, ,0.0,0.0,0.0,0.0,2,4000,0,0,0,0,0,0

APPTR,D05,05,TIA
IF,TIA,11.343000,104.903944, ,0.0,0.0,2,4000,0,0,0,0,1,0
FD,TIA,11.343000,104.903944,0,TIA,0.0,14.6,246.0,14.6,0,0,0,0,0,0,0,0
CF,BILBA,11.177756,104.720503,1,TIA,228.6,14.6,48.0,1.0,2,4000,0,0,0,0,0,0

FINAL,D05,05,D,3
IF,BILBA,11.177756,104.720503,TIA,228.6,14.6,2,4000,0,0,0,0,0,0
CF,IDSIV,11.290144,104.845233,0,TIA,228.6,4.7,48.0,10.0,2,1700,0,0,0,0,2,0
CF,TIA,11.343000,104.903944,0,TIA,0.0,0.0,48.0,4.7,1,188,0,0,0,0,3,0
CF,NOKOR,11.508175,105.084719,0,TIA,48.2,14.5,48.0,14.5,1,3000,0,0,0,0,0,0
HM,NOKOR,11.508175,105.084719,2, ,0.0,0.0,228.0,04.3,2,3000,0,0,0,0,0,0,0

APPTR,D23,23,SAMOL
IF,SAMOL,11.275517,105.210356, ,0.0,0.0,2,4000,0,0,0,0,1,0
CI,0, ,0.0,283.0,0,0,0,0,0,0,0,0
AF,D048Q,11.530706,105.109403,1,TIA,48.2,16.5,103.0,0,0,0,0,0,0,0,0
TF,NOKOR,11.508175,105.084719,0, ,0.0,0.0,0.0,0.0,2,3000,0,0,0,0,0,0

APPTR,D23,23,SIVON
IF,SIVON,11.646225,104.968594, ,0.0,0.0,2,4000,0,0,0,0,1,0
CI,0, ,0.0,193.0,0,0,0,0,0,0,0,0
AF,D048Q,11.530706,105.109403,2,TIA,48.2,16.5,13.0,0,0,0,0,0,0,0,0
TF,NOKOR,11.508175,105.084719,0, ,0.0,0.0,0.0,0.0,2,3000,0,0,0,0,0,0

APPTR,D23,23,TIA
IF,TIA,11.343000,104.903944, ,0.0,0.0,2,4000,0,0,0,0,1,0
FD,TIA,11.343000,104.903944,0,TIA,0.0,14.5,68.0,14.5,0,0,0,0,0,0,0,0
CF,NOKOR,11.508175,105.084719,1,TIA,48.2,14.5,228.0,1.0,2,3000,0,0,0,0,0,0

APPTR,D23,23,VANAL
IF,VANAL,11.552736,105.135153, ,0.0,0.0,2,3000,0,0,0,0,1,0
TF,NOKOR,11.508175,105.084719,0, ,0.0,0.0,0.0,0.0,2,3000,0,0,0,0,0,0

FINAL,D23,23,D,3
IF,NOKOR,11.508175,105.084719,TIA,48.2,14.5,2,3000,0,0,0,0,0,0
CF,UPREV,11.429361,104.997744,0,TIA,48.0,7.6,228.0,7.0,2,1700,0,0,0,0,2,0
CF,DT023,11.371781,104.935183,0,TIA,48.0,2.5,228.0,5.0,1,71,0,0,0,0,3,0
CF,TIA,11.343000,104.903944,0,TIA,0.0,0.0,228.0,2.5,0,0,0,0,0,0,0,0
CF,BILBA,11.177756,104.720503,0,TIA,228.6,14.6,228.0,14.6,1,4000,0,0,0,0,0,0
HM,BILBA,11.177756,104.720503,1, ,0.0,0.0,48.0,04.3,2,4000,0,0,0,0,0,0,0

APPTR,I05-Y,05,DT001
IF,DT001,11.670808,104.973842, ,0.0,0.0,2,4000,0,0,0,0,1,0
CI,0, ,0.0,193.0,0,0,0,0,0,0,0,0
AF,D228Q,11.151128,104.690975,1,TIA,228.6,17.0,13.0,0,0,0,0,0,0,0,0
CF,BILBA,11.177756,104.720503,0,IKTA,228.4,17.3,48.0,2.4,2,4000,0,0,0,0,0,0

APPTR,I05-Y,05,DT002
IF,DT002,11.660906,104.796875, ,0.0,0.0,2,4000,0,0,0,0,1,0
CI,0, ,0.0,162.0,0,0,0,0,0,0,0,0
AF,D228Q,11.151128,104.690975,1,TIA,228.6,17.0,342.0,0,0,0,0,0,0,0,0
CF,BILBA,11.177756,104.720503,0,IKTA,228.4,17.3,48.0,2.4,2,4000,0,0,0,0,0,0

APPTR,I05-Y,05,DT003
IF,DT003,11.532986,104.624261, ,0.0,0.0,2,4000,0,0,0,0,1,0
CI,0, ,0.0,125.0,0,0,0,0,0,0,0,0
AF,D228Q,11.151128,104.690975,1,TIA,228.6,17.0,305.0,0,0,0,0,0,0,0,0
CF,BILBA,11.177756,104.720503,0,IKTA,228.4,17.3,48.0,2.4,2,4000,0,0,0,0,0,0

APPTR,I05-Y,05,DT004
IF,DT004,11.272258,104.572178, ,0.0,0.0,2,4000,0,0,0,0,1,0
CI,0, ,0.0,78.0,0,0,0,0,0,0,0,0
AF,D228Q,11.151128,104.690975,1,TIA,228.6,17.0,258.0,0,0,0,0,0,0,0,0
CF,BILBA,11.177756,104.720503,0,IKTA,228.4,17.3,48.0,2.4,2,4000,0,0,0,0,0,0

APPTR,I05-Y,05,DT005
IF,DT005,11.170219,104.613206, ,0.0,0.0,2,4000,0,0,0,0,1,0
CF,BILBA,11.177756,104.720503,0,IKTA,228.4,17.3,87.0,6.3,2,4000,0,0,0,0,0,0

APPTR,I05-Y,05,DT006
IF,DT006,11.020558,104.811981, ,0.0,0.0,2,4000,0,0,0,0,1,0
CI,0, ,0.0,16.0,0,0,0,0,0,0,0,0
AF,D228Q,11.151128,104.690975,2,TIA,228.6,17.0,196.0,0,0,0,0,0,0,0,0
CF,BILBA,11.177756,104.720503,0,IKTA,228.4,17.3,48.0,2.4,2,4000,0,0,0,0,0,0

APPTR,I05-Y,05,TIA
IF,TIA,11.343000,104.903944, ,0.0,0.0,2,4000,0,0,0,0,1,0
FD,TIA,11.343000,104.903944,0,TIA,0.0,14.6,246.0,14.6,0,0,0,0,0,0,0,0
CF,BILBA,11.177756,104.720503,1,IKTA,228.4,17.3,48.0,1.0,2,4000,0,0,0,0,0,0

FINAL,I05-Y,05,I,3
IF,BILBA,11.177756,104.720503,IKTA,228.4,17.3,2,4000,0,0,0,0,0,0
CF,IGLUB,11.290622,104.844806,0,IKTA,228.4,7.4,48.0,10.0,1,1700,0,0,0,0,2,0
CF,RW05,11.347761,104.907764,0,IKTA,228.4,2.3,48.0,5.0,1,73,0,0,0,0,3,0
CF,NOKOR,11.508175,105.084719,0,TIA,48.2,14.5,48.0,14.2,1,3000,0,0,0,0,0,0
HM,NOKOR,11.508175,105.084719,2, ,0.0,0.0,228.0,04.3,2,3000,0,0,0,0,0,0,0

APPTR,I05-Z,05,IKOMO
IF,IKOMO,11.264031,104.640156, ,0.0,0.0,2,4000,0,0,0,0,1,0
TF,BILBA,11.177756,104.720503,0,IKTA,0.0,0.0,0.0,0.0,2,4000,0,0,0,0,0,0

APPTR,I05-Z,05,NULPI
IF,NULPI,11.091458,104.800800, ,0.0,0.0,2,4000,0,0,0,0,1,0
TF,BILBA,11.177756,104.720503,0,IKTA,0.0,0.0,0.0,0.0,2,4000,0,0,0,0,0,0

APPTR,I05-Z,05,VIRUL
IF,VIRUL,11.098378,104.633189, ,0.0,0.0,2,4000,0,0,0,0,1,0
TF,BILBA,11.177756,104.720503,0,IKTA,0.0,0.0,0.0,0.0,2,4000,0,0,0,0,0,0

FINAL,I05-Z,05,I,3
IF,BILBA,11.177756,104.720503,IKTA,228.4,17.3,2,4000,0,0,0,0,0,0
CF,IGLUB,11.290622,104.844806,0,IKTA,228.4,7.4,48.0,10.0,1,1700,0,0,0,0,2,0
CF,RW05,11.347761,104.907764,0,IKTA,228.4,2.3,48.0,5.0,1,73,0,0,0,0,3,1
DF,NOKOR,11.508175,105.084719,0, ,0.0,0.0,1,3000,0,0,0,0,0,0
HM,NOKOR,11.508175,105.084719,2, ,0.0,0.0,228.0,04.3,2,3000,0,0,0,0,0,0,0

APPTR,I23-Y,23,SAMOL
IF,SAMOL,11.275517,105.210356, ,0.0,0.0,2,4000,0,0,0,0,1,0
CI,0, ,0.0,283.0,0,0,0,0,0,0,0,0
AF,D048Q,11.530706,105.109403,1,TIA,48.2,16.5,103.0,0,0,0,0,0,0,0,0
CF,NOKOR,11.508175,105.084719,0,IKTI,48.4,14.3,228.0,2.0,2,3000,0,0,0,0,0,0

APPTR,I23-Y,23,SIVON
IF,SIVON,11.646225,104.968594, ,0.0,0.0,2,4000,0,0,0,0,1,0
CI,0, ,0.0,193.0,0,0,0,0,0,0,0,0
AF,D048Q,11.530706,105.109403,2,TIA,48.2,16.5,13.0,0,0,0,0,0,0,0,0
CF,NOKOR,11.508175,105.084719,0,IKTI,48.4,14.3,228.0,2.0,2,3000,0,0,0,0,0,0

APPTR,I23-Y,23,TIA
IF,TIA,11.343000,104.903944, ,0.0,0.0,2,4000,0,0,0,0,1,0
FD,TIA,11.343000,104.903944,0,TIA,0.0,14.5,68.0,14.5,0,0,0,0,0,0,0,0
CF,NOKOR,11.508175,105.084719,1,IKTI,48.4,14.3,228.0,1.0,2,3000,0,0,0,0,0,0

APPTR,I23-Y,23,VANAL
IF,VANAL,11.552736,105.135153, ,0.0,0.0,2,3000,0,0,0,0,1,0
CF,NOKOR,11.508175,105.084719,0,IKTI,48.4,14.3,228.0,4.0,2,3000,0,0,0,0,0,0

FINAL,I23-Y,23,I,3
IF,NOKOR,11.508175,105.084719,IKTI,48.4,14.3,2,3000,0,0,0,0,0,0
CF,UPREV,11.429361,104.997744,0,IKTI,48.4,7.4,228.0,7.0,1,1700,0,0,0,0,2,0
CF,RW23,11.372244,104.934753,0,IKTI,48.4,2.3,228.0,5.0,1,71,0,0,0,0,3,0
CF,TIA,11.343000,104.903944,0,TIA,0.0,0.0,228.0,2.5,0,0,0,0,0,0,0,0
CF,BILBA,11.177756,104.720503,0,TIA,228.6,14.6,228.0,14.6,1,4000,0,0,0,0,0,0
HM,BILBA,11.177756,104.720503,1, ,0.0,0.0,48.0,04.3,2,4000,0,0,0,0,0,0,0

APPTR,I23-Z,23,AKPEG
IF,AKPEG,11.587433,105.172267, ,0.0,0.0,2,4000,0,0,0,0,1,0
TF,NOKOR,11.508175,105.084719,0,IKTI,0.0,0.0,0.0,0.0,2,3000,0,0,0,0,0,0

APPTR,I23-Z,23,IKOPU
IF,IKOPU,11.421886,105.165117, ,0.0,0.0,2,4000,0,0,0,0,1,0
TF,NOKOR,11.508175,105.084719,0,IKTI,0.0,0.0,0.0,0.0,2,3000,0,0,0,0,0,0

APPTR,I23-Z,23,LELUN
IF,LELUN,11.594442,105.004272, ,0.0,0.0,2,4000,0,0,0,0,1,0
TF,NOKOR,11.508175,105.084719,0,IKTI,0.0,0.0,0.0,0.0,2,3000,0,0,0,0,0,0

FINAL,I23-Z,23,I,3
IF,NOKOR,11.508175,105.084719,IKTI,48.4,14.3,2,3000,0,0,0,0,0,0
CF,UPREV,11.429361,104.997744,0,IKTI,48.4,7.4,228.0,7.0,1,1700,0,0,0,0,2,0
CF,RW23,11.372244,104.934753,0,IKTI,48.4,2.3,228.0,5.0,1,71,0,0,0,0,3,1
DF,BILBA,11.177756,104.720503,0, ,0.0,0.0,1,4000,0,0,0,0,0,0
HM,BILBA,11.177756,104.720503,1, ,0.0,0.0,48.0,04.3,2,4000,0,0,0,0,0,0,0

APPTR,R05,05,IKOMO
IF,IKOMO,11.264031,104.640156, ,0.0,0.0,2,4000,0,0,0,0,1,0
TF,BILBA,11.177756,104.720503,0, ,0.0,0.0,0.0,0.0,2,4000,0,0,0,0,0,0

APPTR,R05,05,NULPI
IF,NULPI,11.091458,104.800800, ,0.0,0.0,2,4000,0,0,0,0,1,0
TF,BILBA,11.177756,104.720503,0, ,0.0,0.0,0.0,0.0,2,4000,0,0,0,0,0,0

APPTR,R05,05,VIRUL
IF,VIRUL,11.098378,104.633189, ,0.0,0.0,2,4000,0,0,0,0,1,0
TF,BILBA,11.177756,104.720503,0, ,0.0,0.0,0.0,0.0,2,4000,0,0,0,0,0,0

FINAL,R05,05,R,3
IF,BILBA,11.177756,104.720503, ,0.0,0.0,2,4000,0,0,0,0,0,0
TF,IGLUB,11.290622,104.844806,0, ,0.0,0.0,48.0,10.0,2,1700,0,0,0,0,2,0
TF,RW05,11.347761,104.907764,0, ,0.0,0.0,48.0,5.0,1,73,0,0,0,0,3,1
DF,NOKOR,11.508175,105.084719,0, ,0.0,0.0,1,3000,0,0,0,0,0,0
HM,NOKOR,11.508175,105.084719,2, ,0.0,0.0,228.0,04.3,2,3000,0,0,0,0,0,0,0

APPTR,R23,23,AKPEG
IF,AKPEG,11.587433,105.172267, ,0.0,0.0,2,4000,0,0,0,0,1,0
TF,NOKOR,11.508175,105.084719,0, ,0.0,0.0,0.0,0.0,2,3000,0,0,0,0,0,0

APPTR,R23,23,IKOPU
IF,IKOPU,11.421886,105.165117, ,0.0,0.0,2,4000,0,0,0,0,1,0
TF,NOKOR,11.508175,105.084719,0, ,0.0,0.0,0.0,0.0,2,3000,0,0,0,0,0,0

APPTR,R23,23,LELUN
IF,LELUN,11.594442,105.004272, ,0.0,0.0,2,4000,0,0,0,0,1,0
TF,NOKOR,11.508175,105.084719,0, ,0.0,0.0,0.0,0.0,2,3000,0,0,0,0,0,0

FINAL,R23,23,R,3
IF,NOKOR,11.508175,105.084719, ,0.0,0.0,2,3000,0,0,0,0,0,0
TF,UPREV,11.429361,104.997744,0, ,0.0,0.0,228.0,7.0,2,1700,0,0,0,0,2,0
TF,RW23,11.372244,104.934753,0, ,0.0,0.0,228.0,5.0,1,71,0,0,0,0,3,1
DF,BILBA,11.177756,104.720503,0, ,0.0,0.0,1,4000,0,0,0,0,0,0
HM,BILBA,11.177756,104.720503,1, ,0.0,0.0,48.0,04.3,2,4000,0,0,0,0,0,0,0

