APPTR,D17,17,CXB1
IF,CXB,21.459361,91.964833, ,0.0,0.0,2,3000,0,0,0,0,1,0
FD,CXB,21.459361,91.964833,0,CXB,0.0,10.0,323.0,10.0,2,2000,0,0,0,0,0,0
CF,CD17,21.620919,91.918533,2,CXB,346.0,10.0,166.0,1.0,2,2000,0,0,0,0,1,0

APPTR,D17,17,CXB2
IF,CXB,21.459361,91.964833, ,0.0,0.0,2,3000,0,0,0,0,1,0
FD,CXB,21.459361,91.964833,0,CXB,0.0,10.0,327.0,10.0,2,2000,0,0,0,0,0,0
CF,CD17,21.620919,91.918533,2,CXB,346.0,10.0,166.0,1.0,2,2000,0,0,0,0,1,0

FINAL,D17,17,D,3
IF,CD17,21.620919,91.918533,CXB,346.0,10.0,2,2000,0,0,0,0,0,0
CF,FD17,21.548219,91.939381,0,CXB,346.0,5.5,166.0,4.5,2,1700,0,0,0,0,2,0
CF,RW17,21.467442,91.961303,0,CXB,338.8,0.5,166.0,5.0,1,62,0,0,0,0,3,0
CF,CXB,21.459361,91.964833,0,CXB,0.0,0.0,166.0,0.5,0,0,0,0,0,0,0,1
CA,0,166.0,2,2000,0,0,0,0,0,0
DF,CXB,21.459361,91.964833,2, ,0.0,0.0,1,3000,0,0,0,0,0,0
HM,CXB,21.459361,91.964833,2, ,0.0,0.0,323.0,04.3,2,3000,0,1,230,0,0,0,0

APPTR,D35,35,CXB1
IF,CXB,21.459361,91.964833, ,0.0,0.0,2,3000,0,0,0,0,1,0
FD,CXB,21.459361,91.964833,0,CXB,0.0,10.0,150.0,10.0,2,2000,0,0,0,0,0,0
CF,CD35,21.293719,91.989672,2,CXB,173.0,10.0,353.0,1.0,2,2000,0,0,0,0,1,0

APPTR,D35,35,CXB2
IF,CXB,21.459361,91.964833, ,0.0,0.0,2,3000,0,0,0,0,1,0
FD,CXB,21.459361,91.964833,0,CXB,0.0,10.0,154.0,10.0,2,2000,0,0,0,0,0,0
CF,CD35,21.293719,91.989672,2,CXB,173.0,10.0,353.0,1.0,2,2000,0,0,0,0,1,0

FINAL,D35,35,D,3
IF,CD35,21.293719,91.989672,CXB,173.0,10.0,2,2000,0,0,0,0,0,0
CF,FD35,21.359975,91.979742,0,CXB,173.0,6.0,353.0,4.0,2,1700,0,0,0,0,2,0
CF,RW35,21.443017,91.966194,0,CXB,176.5,1.0,353.0,5.0,1,62,0,0,0,0,3,0
CF,CXB,21.459361,91.964833,0,CXB,0.0,0.0,353.0,1.0,0,0,0,0,0,0,0,1
CA,0,353.0,2,2000,0,0,0,0,0,0
DF,CXB,21.459361,91.964833,1, ,0.0,0.0,1,3000,0,0,0,0,0,0
HM,CXB,21.459361,91.964833,2, ,0.0,0.0,150.0,04.3,2,3000,0,1,230,0,0,0,0

