SID,ADMI1C,14,5
CA,0,144.0,2,500,0,0,0,0,0,0
CF,HS001,23.777667,90.449944,0,DAC,144.8,3.5,144.0,3.0,2,1200,0,0,0,0,0,0
TF,GURKI,23.809111,90.591889,0, ,0.0,0.0,0.0,0.0,0,0,0,0,0,0,0,0
TF,AGOKO,23.716250,90.675444,0, ,0.0,0.0,0.0,0.0,3,6000,0,0,0,0,0,0
TF,LUBNO,23.489944,90.784333,0, ,0.0,0.0,0.0,0.0,3,9000,0,0,0,0,0,0
TF,ONIVU,23.337500,90.850278,0, ,0.0,0.0,0.0,0.0,3,11000,0,0,0,0,0,0
TF,ADMIL,23.180833,90.990556,0, ,0.0,0.0,0.0,0.0,0,0,0,0,0,0,0,0

SID,ADMI1D,14,5
CA,0,144.0,2,500,0,0,0,0,0,0
CF,HS001,23.777667,90.449944,0,DAC,144.8,3.5,144.0,3.0,0,0,0,0,0,0,0,0
TF,HS002,23.683083,90.524833,0, ,0.0,0.0,0.0,0.0,2,3000,0,0,0,0,0,0
TF,ELBOM,23.395917,90.643972,0, ,0.0,0.0,0.0,0.0,2,9000,0,0,0,0,0,0
TF,GOLIX,23.198694,90.792889,0, ,0.0,0.0,0.0,0.0,2,13000,0,0,0,0,0,0
TF,ADMIL,23.180833,90.990556,0, ,0.0,0.0,0.0,0.0,0,0,0,0,0,0,0,0

SID,ADMIL1,14,2
CF,DAC,23.824278,90.412917,0,DAC,0.0,0.0,144.0,1.0,0,0,0,0,0,0,0,0
TF,D141J,23.695586,90.528919,0, ,0.0,0.0,0.0,0.0,0,0,0,0,0,0,0,0
TF,KANDI,23.503611,90.701389,0, ,0.0,0.0,0.0,0.0,0,0,0,0,0,0,0,0
TF,ONIVU,23.337500,90.850278,0, ,0.0,0.0,0.0,0.0,0,0,0,0,0,0,0,0
TF,ADMIL,23.180833,90.990556,0, ,0.0,0.0,0.0,0.0,0,0,0,0,0,0,0,0

SID,ADMIL2,32,2
VA,0,324.0,2,1000,0,0,0,0,0,0
CI,2, ,0.0,186.0,0,0,0,0,0,0,0,0
CF,D141J,23.695586,90.528919,0,DAC,141.3,10.0,141.0,9.0,0,0,0,0,0,0,0,0
TF,KANDI,23.503611,90.701389,0, ,0.0,0.0,0.0,0.0,0,0,0,0,0,0,0,0
TF,ONIVU,23.337500,90.850278,0, ,0.0,0.0,0.0,0.0,0,0,0,0,0,0,0,0
TF,ADMIL,23.180833,90.990556,0, ,0.0,0.0,0.0,0.0,0,0,0,0,0,0,0,0

SID,BELK1C,14,5
CA,0,144.0,2,500,0,0,0,0,0,0
CF,HS001,23.777667,90.449944,0,DAC,144.8,3.5,144.0,3.0,2,1200,0,0,0,0,0,0
TF,ISGAL,23.708583,90.347306,0, ,0.0,0.0,0.0,0.0,0,0,0,0,0,0,0,0
TF,KIMUX,23.622000,90.215722,0, ,0.0,0.0,0.0,0.0,0,0,0,0,0,0,0,0
TF,SEKVU,23.704444,90.107694,0, ,0.0,0.0,0.0,0.0,3,6000,0,0,0,0,0,0
TF,GIVOX,23.770278,90.021306,0, ,0.0,0.0,0.0,0.0,0,0,0,0,0,0,0,0
TF,HS025,23.844861,89.923250,0, ,0.0,0.0,0.0,0.0,0,0,0,0,0,0,0,0
TF,ATEMI,23.919389,89.825083,0, ,0.0,0.0,0.0,0.0,3,8000,0,0,0,0,0,0
TF,BELKU,24.333889,89.613889,0, ,0.0,0.0,0.0,0.0,0,0,0,0,0,0,0,0

SID,BELK1D,14,5
CA,0,144.0,2,500,0,0,0,0,0,0
CF,HS001,23.777667,90.449944,0,DAC,144.8,3.5,144.0,3.0,0,0,0,0,0,0,0,0
TF,HS002,23.683083,90.524833,0, ,0.0,0.0,0.0,0.0,2,3000,0,0,0,0,0,0
TF,OPEXI,23.610694,90.424944,0, ,0.0,0.0,0.0,0.0,0,0,0,0,0,0,0,0
TF,ENKUB,23.538250,90.325139,0, ,0.0,0.0,0.0,0.0,2,7000,0,0,0,0,0,0
TF,KIMUX,23.622000,90.215722,0, ,0.0,0.0,0.0,0.0,4,10000,8000,0,0,0,0,0
TF,SEKVU,23.704444,90.107694,0, ,0.0,0.0,0.0,0.0,0,0,0,0,0,0,0,0
TF,GIVOX,23.770278,90.021306,0, ,0.0,0.0,0.0,0.0,1,10000,0,0,0,0,0,0
TF,HS025,23.844861,89.923250,0, ,0.0,0.0,0.0,0.0,0,0,0,0,0,0,0,0
TF,ATEMI,23.919389,89.825083,0, ,0.0,0.0,0.0,0.0,0,0,0,0,0,0,0,0
TF,BELKU,24.333889,89.613889,0, ,0.0,0.0,0.0,0.0,0,0,0,0,0,0,0,0

SID,IBAN1A,14,2
VA,0,144.0,2,2000,0,0,0,0,0,0
CI,2, ,0.0,273.0,0,0,0,0,0,0,0,0
CF,D243J,23.745883,90.252417,0,DAC,243.1,10.0,243.0,2.0,0,0,0,0,0,0,0,0
TF,OPORA,23.628056,90.011944,0, ,0.0,0.0,0.0,0.0,0,0,0,0,0,0,0,0
TF,IBANU,23.430556,89.612222,0, ,0.0,0.0,0.0,0.0,0,0,0,0,0,0,0,0

SID,IBAN1C,14,5
CA,0,144.0,2,500,0,0,0,0,0,0
CF,HS001,23.777667,90.449944,0,DAC,144.8,3.5,144.0,3.0,2,1200,0,0,0,0,0,0
TF,ISGAL,23.708583,90.347306,0, ,0.0,0.0,0.0,0.0,0,0,0,0,0,0,0,0
TF,KIMUX,23.622000,90.215722,0, ,0.0,0.0,0.0,0.0,0,0,0,0,0,0,0,0
TF,AKOTI,23.562750,90.106167,0, ,0.0,0.0,0.0,0.0,3,6000,0,0,0,0,0,0
TF,HS015,23.417667,89.838944,0, ,0.0,0.0,0.0,0.0,0,0,0,0,0,0,0,0
TF,IBANU,23.430556,89.612222,0, ,0.0,0.0,0.0,0.0,0,0,0,0,0,0,0,0

SID,IBANU1,14,2
DF,DAC,23.824278,90.412917,0, ,0.0,0.0,0,0,0,0,0,0,0,1
VA,0,144.0,2,1000,0,0,0,0,0,0
VR,2,DAC,175.0,273.0,2,2000,0,0,0,0,0,0
VI,0, ,0.0,273.0,0,0,0,0,0,0,0,0
CF,D243J,23.745883,90.252417,0,DAC,243.1,10.0,243.0,2.0,0,0,0,0,0,0,0,0
TF,OPORA,23.628056,90.011944,0, ,0.0,0.0,0.0,0.0,0,0,0,0,0,0,0,0
TF,IBANU,23.430556,89.612222,0, ,0.0,0.0,0.0,0.0,0,0,0,0,0,0,0,0

SID,IBANU2,32,2
VA,0,324.0,2,1000,0,0,0,0,0,0
VI,1, ,0.0,198.0,0,0,0,0,0,0,0,0
CF,D243J,23.745883,90.252417,0,DAC,243.1,10.0,243.0,3.0,0,0,0,0,0,0,0,0
TF,OPORA,23.628056,90.011944,0, ,0.0,0.0,0.0,0.0,0,0,0,0,0,0,0,0
TF,IBANU,23.430556,89.612222,0, ,0.0,0.0,0.0,0.0,0,0,0,0,0,0,0,0

SID,IDLO1A,14,2
VA,0,144.0,2,2000,0,0,0,0,0,0
CI,2, ,0.0,320.0,0,0,0,0,0,0,0,0
CF,D290J,23.880458,90.241681,0,DAC,290.7,10.0,290.0,3.0,0,0,0,0,0,0,0,0
TF,OLPAS,23.965000,89.984722,0, ,0.0,0.0,0.0,0.0,0,0,0,0,0,0,0,0
TF,IDLOX,24.118611,89.561389,0, ,0.0,0.0,0.0,0.0,0,0,0,0,0,0,0,0

SID,IDLO1C,14,5
CA,0,144.0,2,500,0,0,0,0,0,0
CF,HS001,23.777667,90.449944,0,DAC,144.8,3.5,144.0,3.0,2,1200,0,0,0,0,0,0
TF,ISGAL,23.708583,90.347306,0, ,0.0,0.0,0.0,0.0,0,0,0,0,0,0,0,0
TF,KIMUX,23.622000,90.215722,0, ,0.0,0.0,0.0,0.0,0,0,0,0,0,0,0,0
TF,SEKVU,23.704444,90.107694,0, ,0.0,0.0,0.0,0.0,3,6000,0,0,0,0,0,0
TF,GIVOX,23.770278,90.021306,0, ,0.0,0.0,0.0,0.0,0,0,0,0,0,0,0,0
TF,HS025,23.844861,89.923250,0, ,0.0,0.0,0.0,0.0,0,0,0,0,0,0,0,0
TF,ATEMI,23.919389,89.825083,0, ,0.0,0.0,0.0,0.0,3,8000,0,0,0,0,0,0
TF,IDLOX,24.118611,89.561389,0, ,0.0,0.0,0.0,0.0,0,0,0,0,0,0,0,0

SID,IDLO1D,14,5
CA,0,144.0,2,500,0,0,0,0,0,0
CF,HS001,23.777667,90.449944,0,DAC,144.8,3.5,144.0,3.0,0,0,0,0,0,0,0,0
TF,HS002,23.683083,90.524833,0, ,0.0,0.0,0.0,0.0,2,3000,0,0,0,0,0,0
TF,OPEXI,23.610694,90.424944,0, ,0.0,0.0,0.0,0.0,0,0,0,0,0,0,0,0
TF,ENKUB,23.538250,90.325139,0, ,0.0,0.0,0.0,0.0,2,7000,0,0,0,0,0,0
TF,KIMUX,23.622000,90.215722,0, ,0.0,0.0,0.0,0.0,4,10000,8000,0,0,0,0,0
TF,SEKVU,23.704444,90.107694,0, ,0.0,0.0,0.0,0.0,0,0,0,0,0,0,0,0
TF,GIVOX,23.770278,90.021306,0, ,0.0,0.0,0.0,0.0,1,10000,0,0,0,0,0,0
TF,HS025,23.844861,89.923250,0, ,0.0,0.0,0.0,0.0,0,0,0,0,0,0,0,0
TF,ATEMI,23.919389,89.825083,0, ,0.0,0.0,0.0,0.0,0,0,0,0,0,0,0,0
TF,IDLOX,24.118611,89.561389,0, ,0.0,0.0,0.0,0.0,0,0,0,0,0,0,0,0

SID,IDLOX1,14,2
DF,DAC,23.824278,90.412917,0, ,0.0,0.0,0,0,0,0,0,0,0,1
VA,0,144.0,2,1000,0,0,0,0,0,0
VR,2,DAC,175.0,320.0,2,2000,0,0,0,0,0,0
VI,0, ,0.0,320.0,0,0,0,0,0,0,0,0
CF,D290J,23.880458,90.241681,0,DAC,290.7,10.0,290.0,2.0,0,0,0,0,0,0,0,0
TF,OLPAS,23.965000,89.984722,0, ,0.0,0.0,0.0,0.0,0,0,0,0,0,0,0,0
TF,IDLOX,24.118611,89.561389,0, ,0.0,0.0,0.0,0.0,0,0,0,0,0,0,0,0

SID,IDLOX2,32,2
VA,0,324.0,2,1000,0,0,0,0,0,0
CI,0, ,0.0,260.0,0,0,0,0,0,0,0,0
CF,D290J,23.880458,90.241681,0,DAC,290.7,10.0,290.0,4.0,0,0,0,0,0,0,0,0
TF,OLPAS,23.965000,89.984722,0, ,0.0,0.0,0.0,0.0,0,0,0,0,0,0,0,0
TF,IDLOX,24.118611,89.561389,0, ,0.0,0.0,0.0,0.0,0,0,0,0,0,0,0,0

SID,IKOG1A,14,2
VA,0,144.0,2,2000,0,0,0,0,0,0
CI,2, ,0.0,267.0,0,0,0,0,0,0,0,0
CF,D237J,23.731925,90.261447,0,DAC,237.5,10.0,237.0,2.0,0,0,0,0,0,0,0,0
TF,AKEVO,23.600833,90.047222,0, ,0.0,0.0,0.0,0.0,0,0,0,0,0,0,0,0
TF,IKOGU,23.377500,89.647222,0, ,0.0,0.0,0.0,0.0,0,0,0,0,0,0,0,0

SID,IKOG1C,14,5
CA,0,144.0,2,500,0,0,0,0,0,0
CF,HS001,23.777667,90.449944,0,DAC,144.8,3.5,144.0,3.0,2,1200,0,0,0,0,0,0
TF,ISGAL,23.708583,90.347306,0, ,0.0,0.0,0.0,0.0,0,0,0,0,0,0,0,0
TF,KIMUX,23.622000,90.215722,0, ,0.0,0.0,0.0,0.0,0,0,0,0,0,0,0,0
TF,AKOTI,23.562750,90.106167,0, ,0.0,0.0,0.0,0.0,3,6000,0,0,0,0,0,0
TF,HS015,23.417667,89.838944,0, ,0.0,0.0,0.0,0.0,0,0,0,0,0,0,0,0
TF,IKOGU,23.377500,89.647222,0, ,0.0,0.0,0.0,0.0,0,0,0,0,0,0,0,0

SID,IKOG1D,14,5
CA,0,144.0,2,500,0,0,0,0,0,0
CF,HS001,23.777667,90.449944,0,DAC,144.8,3.5,144.0,3.0,0,0,0,0,0,0,0,0
TF,HS002,23.683083,90.524833,0, ,0.0,0.0,0.0,0.0,2,3000,0,0,0,0,0,0
TF,OPEXI,23.610694,90.424944,0, ,0.0,0.0,0.0,0.0,0,0,0,0,0,0,0,0
TF,ENKUB,23.538250,90.325139,0, ,0.0,0.0,0.0,0.0,2,7000,0,0,0,0,0,0
TF,HS009,23.302417,89.912528,0, ,0.0,0.0,0.0,0.0,0,0,0,0,0,0,0,0
TF,IKOGU,23.377500,89.647222,0, ,0.0,0.0,0.0,0.0,0,0,0,0,0,0,0,0

SID,IKOGU1,14,2
DF,DAC,23.824278,90.412917,0, ,0.0,0.0,0,0,0,0,0,0,0,1
VA,0,144.0,2,1000,0,0,0,0,0,0
VR,2,DAC,175.0,267.0,2,2000,0,0,0,0,0,0
VI,0, ,0.0,267.0,0,0,0,0,0,0,0,0
CF,D237J,23.731925,90.261447,0,DAC,237.5,10.0,237.0,2.0,0,0,0,0,0,0,0,0
TF,AKEVO,23.600833,90.047222,0, ,0.0,0.0,0.0,0.0,0,0,0,0,0,0,0,0
TF,IKOGU,23.377500,89.647222,0, ,0.0,0.0,0.0,0.0,0,0,0,0,0,0,0,0

SID,IKOGU2,32,2
VA,0,324.0,2,1000,0,0,0,0,0,0
CI,1, ,0.0,192.0,0,0,0,0,0,0,0,0
CF,D237J,23.731925,90.261447,0,DAC,237.5,10.0,237.0,4.0,0,0,0,0,0,0,0,0
TF,AKEVO,23.600833,90.047222,0, ,0.0,0.0,0.0,0.0,0,0,0,0,0,0,0,0
TF,IKOGU,23.377500,89.647222,0, ,0.0,0.0,0.0,0.0,0,0,0,0,0,0,0,0

SID,KAKB1A,14,2
VA,0,144.0,2,2000,0,0,0,0,0,0
CI,0, ,0.0,216.0,0,0,0,0,0,0,0,0
CF,D186J,23.657958,90.394167,0,DAC,186.9,10.0,186.0,4.0,0,0,0,0,0,0,0,0
TF,GURSO,23.408333,90.366111,0, ,0.0,0.0,0.0,0.0,0,0,0,0,0,0,0,0
TF,KAKBO,22.992500,90.319444,0, ,0.0,0.0,0.0,0.0,0,0,0,0,0,0,0,0

SID,KAKB1C,14,5
CA,0,144.0,2,500,0,0,0,0,0,0
CF,HS001,23.777667,90.449944,0,DAC,144.8,3.5,144.0,3.0,2,1200,0,0,0,0,0,0
TF,ISGAL,23.708583,90.347306,0, ,0.0,0.0,0.0,0.0,0,0,0,0,0,0,0,0
TF,KIMUX,23.622000,90.215722,0, ,0.0,0.0,0.0,0.0,0,0,0,0,0,0,0,0
TF,IGLIP,23.488500,90.237806,0, ,0.0,0.0,0.0,0.0,3,6000,0,0,0,0,0,0
TF,KAKBO,22.992500,90.319444,0, ,0.0,0.0,0.0,0.0,0,0,0,0,0,0,0,0

SID,KAKBO1,14,2
DF,DAC,23.824278,90.412917,0, ,0.0,0.0,0,0,0,0,0,0,0,1
VA,0,144.0,2,1000,0,0,0,0,0,0
VR,0,DAC,175.0,217.0,2,2000,0,0,0,0,0,0
VI,0, ,0.0,216.0,0,0,0,0,0,0,0,0
CF,D186J,23.657958,90.394167,0,DAC,186.9,10.0,186.0,6.0,0,0,0,0,0,0,0,0
TF,GURSO,23.408333,90.366111,0, ,0.0,0.0,0.0,0.0,0,0,0,0,0,0,0,0
TF,KAKBO,22.992500,90.319444,0, ,0.0,0.0,0.0,0.0,0,0,0,0,0,0,0,0

SID,KAKBO2,32,2
VA,0,324.0,2,1500,0,0,0,0,0,0
CI,1, ,0.0,156.0,0,0,0,0,0,0,0,0
CF,D186J,23.657958,90.394167,0,DAC,186.9,10.0,186.0,3.0,0,0,0,0,0,0,0,0
TF,GURSO,23.408333,90.366111,0, ,0.0,0.0,0.0,0.0,0,0,0,0,0,0,0,0
TF,KAKBO,22.992500,90.319444,0, ,0.0,0.0,0.0,0.0,0,0,0,0,0,0,0,0

SID,NIKL1A,14,2
VA,0,144.0,2,2000,0,0,0,0,0,0
CI,1, ,0.0,20.0,0,0,0,0,0,0,0,0
CF,D050J,23.931347,90.552600,0,DAC,51.2,10.0,50.0,2.0,0,0,0,0,0,0,0,0
TF,LATIM,24.091667,90.762500,0, ,0.0,0.0,0.0,0.0,0,0,0,0,0,0,0,0
TF,NIKLI,24.195833,90.883333,0, ,0.0,0.0,0.0,0.0,0,0,0,0,0,0,0,0

SID,NIKL1C,14,5
CA,0,144.0,2,500,0,0,0,0,0,0
CF,HS001,23.777667,90.449944,0,DAC,144.8,3.5,144.0,3.0,2,1200,0,0,0,0,0,0
TF,GURKI,23.809111,90.591889,0, ,0.0,0.0,0.0,0.0,0,0,0,0,0,0,0,0
TF,AGSIB,23.911500,90.653583,0, ,0.0,0.0,0.0,0.0,3,6000,0,0,0,0,0,0
TF,LATIM,24.091667,90.762500,0, ,0.0,0.0,0.0,0.0,0,0,0,0,0,0,0,0
TF,NIKLI,24.195833,90.883333,0, ,0.0,0.0,0.0,0.0,0,0,0,0,0,0,0,0

SID,NIKLI1,14,2
VA,0,144.0,2,1000,0,0,0,0,0,0
CF,D050J,23.931347,90.552600,1,DAC,51.2,10.0,50.0,8.0,0,0,0,0,0,0,0,0
TF,LATIM,24.091667,90.762500,0, ,0.0,0.0,0.0,0.0,0,0,0,0,0,0,0,0
TF,NIKLI,24.195833,90.883333,0, ,0.0,0.0,0.0,0.0,0,0,0,0,0,0,0,0

SID,NIKLI2,32,2
VA,0,324.0,2,1000,0,0,0,0,0,0
CI,2, ,0.0,95.0,0,0,0,0,0,0,0,0
CF,D050J,23.931347,90.552600,0,DAC,51.2,10.0,50.0,4.0,0,0,0,0,0,0,0,0
TF,LATIM,24.091667,90.762500,0, ,0.0,0.0,0.0,0.0,0,0,0,0,0,0,0,0
TF,NIKLI,24.195833,90.883333,0, ,0.0,0.0,0.0,0.0,0,0,0,0,0,0,0,0

SID,NUPU1A,14,2
VA,0,144.0,2,2000,0,0,0,0,0,0
CF,D150J,23.679628,90.504058,0,DAC,150.9,10.0,150.0,8.0,0,0,0,0,0,0,0,0
TF,SETAR,23.463611,90.639722,0, ,0.0,0.0,0.0,0.0,0,0,0,0,0,0,0,0
TF,NUPUR,23.102222,90.865556,0, ,0.0,0.0,0.0,0.0,0,0,0,0,0,0,0,0

SID,NUPU1C,14,5
CA,0,144.0,2,500,0,0,0,0,0,0
CF,HS001,23.777667,90.449944,0,DAC,144.8,3.5,144.0,3.0,2,1200,0,0,0,0,0,0
TF,GURKI,23.809111,90.591889,0, ,0.0,0.0,0.0,0.0,0,0,0,0,0,0,0,0
TF,AGOKO,23.716250,90.675444,0, ,0.0,0.0,0.0,0.0,3,6000,0,0,0,0,0,0
TF,LUBNO,23.489944,90.784333,0, ,0.0,0.0,0.0,0.0,3,9000,0,0,0,0,0,0
TF,ONIVU,23.337500,90.850278,0, ,0.0,0.0,0.0,0.0,3,11000,0,0,0,0,0,0
TF,NUPUR,23.102222,90.865556,0, ,0.0,0.0,0.0,0.0,0,0,0,0,0,0,0,0

SID,NUPU1D,14,5
CA,0,144.0,2,500,0,0,0,0,0,0
CF,HS001,23.777667,90.449944,0,DAC,144.8,3.5,144.0,3.0,0,0,0,0,0,0,0,0
TF,HS002,23.683083,90.524833,0, ,0.0,0.0,0.0,0.0,2,3000,0,0,0,0,0,0
TF,ELBOM,23.395917,90.643972,0, ,0.0,0.0,0.0,0.0,2,9000,0,0,0,0,0,0
TF,GOLIX,23.198694,90.792889,0, ,0.0,0.0,0.0,0.0,2,13000,0,0,0,0,0,0
TF,NUPUR,23.102222,90.865556,0, ,0.0,0.0,0.0,0.0,0,0,0,0,0,0,0,0

SID,NUPUR1,14,2
CA,0,144.0,2,430,0,0,0,0,0,0
CF,D150J,23.679628,90.504058,0,DAC,150.9,10.0,150.0,10.0,0,0,0,0,0,0,0,0
TF,SETAR,23.463611,90.639722,0, ,0.0,0.0,0.0,0.0,0,0,0,0,0,0,0,0
TF,NUPUR,23.102222,90.865556,0, ,0.0,0.0,0.0,0.0,0,0,0,0,0,0,0,0

SID,NUPUR2,32,2
VA,0,324.0,2,1500,0,0,0,0,0,0
VI,1, ,0.0,120.0,0,0,0,0,0,0,0,0
CF,D150J,23.679628,90.504058,0,DAC,150.9,10.0,150.0,6.0,0,0,0,0,0,0,0,0
TF,SETAR,23.463611,90.639722,0, ,0.0,0.0,0.0,0.0,0,0,0,0,0,0,0,0
TF,NUPUR,23.102222,90.865556,0, ,0.0,0.0,0.0,0.0,0,0,0,0,0,0,0,0

SID,TEGA1A,14,2
VA,0,144.0,2,2000,0,0,0,0,0,0
CI,2, ,0.0,335.0,0,0,0,0,0,0,0,0
CF,D305J,23.919997,90.263822,0,DAC,306.0,10.0,305.0,3.0,0,0,0,0,0,0,0,0
TF,MEXIV,24.063297,90.039769,0, ,0.0,0.0,0.0,0.0,0,0,0,0,0,0,0,0
TF,TEGAK,24.197444,89.829083,0, ,0.0,0.0,0.0,0.0,0,0,0,0,0,0,0,0

SID,TEGAK1,14,2
DF,DAC,23.824278,90.412917,0, ,0.0,0.0,0,0,0,0,0,0,0,1
VA,0,144.0,2,1000,0,0,0,0,0,0
VR,2,DAC,175.0,335.0,2,2000,0,0,0,0,0,0
VI,0, ,0.0,335.0,0,0,0,0,0,0,0,0
CF,D305J,23.919997,90.263822,0,DAC,306.0,10.0,305.0,3.0,0,0,0,0,0,0,0,0
TF,MEXIV,24.063297,90.039769,0, ,0.0,0.0,0.0,0.0,0,0,0,0,0,0,0,0
TF,TEGAK,24.197444,89.829083,0, ,0.0,0.0,0.0,0.0,0,0,0,0,0,0,0,0

SID,TEGAK2,32,2
VA,0,324.0,2,1000,0,0,0,0,0,0
CF,D305J,23.919997,90.263822,0,DAC,306.0,10.0,305.0,7.0,0,0,0,0,0,0,0,0
TF,MEXIV,24.063297,90.039769,0, ,0.0,0.0,0.0,0.0,0,0,0,0,0,0,0,0
TF,TEGAK,24.197444,89.829083,0, ,0.0,0.0,0.0,0.0,0,0,0,0,0,0,0,0

STAR,ADMI1E,14,5
IF,ADMIL,23.180833,90.990556, ,0.0,0.0,0,0,0,0,0,0,0,0
TF,ONIVU,23.337500,90.850278,0, ,0.0,0.0,0.0,0.0,0,0,0,0,0,0,0,0
TF,LUBNO,23.489944,90.784333,0, ,0.0,0.0,0.0,0.0,2,12000,0,0,0,0,0,0
TF,AGOKO,23.716250,90.675444,0, ,0.0,0.0,0.0,0.0,2,10000,0,0,0,0,0,0
TF,GURKI,23.809111,90.591889,0, ,0.0,0.0,0.0,0.0,0,0,0,0,0,0,0,0
TF,FOMIG,23.901167,90.513194,0, ,0.0,0.0,0.0,0.0,2,7000,0,0,0,0,0,0
TF,RAJEN,24.048228,90.392694,0, ,0.0,0.0,0.0,0.0,0,0,0,0,0,0,0,0
TF,ORUMI,24.142861,90.317472,0, ,0.0,0.0,0.0,0.0,2,4500,0,1,210,0,0,0
TF,HORIN,24.073739,90.214583,0, ,0.0,0.0,0.0,0.0,2,3500,0,1,190,0,0,0

STAR,BELK1E,14,5
IF,BELKU,24.333889,89.613889, ,0.0,0.0,0,0,0,0,0,0,0,0
TF,TEGAK,24.197444,89.829083,0, ,0.0,0.0,0.0,0.0,2,11000,0,1,250,0,0,0
TF,EKVIN,24.144361,89.907028,0, ,0.0,0.0,0.0,0.0,2,9000,0,0,0,0,0,0
TF,AVKAS,24.161472,90.144667,0, ,0.0,0.0,0.0,0.0,2,7000,0,1,210,0,0,0
TF,HORIN,24.073739,90.214583,0, ,0.0,0.0,0.0,0.0,2,3500,0,1,190,0,0,0

STAR,IBAN1B,14,5
IF,IBANU,23.430556,89.612222, ,0.0,0.0,0,0,0,0,0,0,0,0
TF,OBLUX,23.518639,89.774750,0, ,0.0,0.0,0.0,0.0,0,0,0,0,0,0,0,0
TF,OKVEN,23.756556,89.839750,0, ,0.0,0.0,0.0,0.0,1,9000,0,1,250,0,0,0
TF,HS025,23.844861,89.923250,0, ,0.0,0.0,0.0,0.0,0,0,0,0,0,0,0,0
TF,IDRUM,23.935306,90.008972,0, ,0.0,0.0,0.0,0.0,1,9000,0,1,230,0,0,0
TF,RIDMO,24.004556,90.111639,0, ,0.0,0.0,0.0,0.0,2,4500,0,1,210,0,0,0
TF,HORIN,24.073739,90.214583,0, ,0.0,0.0,0.0,0.0,2,3500,0,1,190,0,0,0

STAR,IBAN1E,14,5
IF,IBANU,23.430556,89.612222, ,0.0,0.0,0,0,0,0,0,0,0,0
TF,OBLUX,23.518639,89.774750,0, ,0.0,0.0,0.0,0.0,0,0,0,0,0,0,0,0
TF,IGPEN,23.637444,89.994833,0, ,0.0,0.0,0.0,0.0,0,0,0,0,0,0,0,0
TF,SEKVU,23.704444,90.107694,0, ,0.0,0.0,0.0,0.0,0,0,0,0,0,0,0,0
TF,MUNEM,23.768333,90.214250,0, ,0.0,0.0,0.0,0.0,2,11000,0,1,250,0,0,0
TF,IDALO,23.803056,90.272222,0, ,0.0,0.0,0.0,0.0,0,0,0,0,0,0,0,0
TF,BONSI,23.910167,90.186947,0, ,0.0,0.0,0.0,0.0,0,0,0,0,0,0,0,0
TF,RIDMO,24.004556,90.111639,0, ,0.0,0.0,0.0,0.0,2,4500,0,1,210,0,0,0
TF,HORIN,24.073739,90.214583,0, ,0.0,0.0,0.0,0.0,2,3500,0,1,190,0,0,0

STAR,IDLO1E,14,5
IF,IDLOX,24.118611,89.561389, ,0.0,0.0,0,0,0,0,0,0,0,0
TF,LAGEL,24.137611,89.814889,0, ,0.0,0.0,0.0,0.0,2,11000,0,1,250,0,0,0
TF,EKVIN,24.144361,89.907028,0, ,0.0,0.0,0.0,0.0,2,9000,0,0,0,0,0,0
TF,AVKAS,24.161472,90.144667,0, ,0.0,0.0,0.0,0.0,2,7000,0,1,210,0,0,0
TF,HORIN,24.073739,90.214583,0, ,0.0,0.0,0.0,0.0,2,3500,0,1,190,0,0,0

STAR,IKOG1B,14,5
IF,IKOGU,23.377500,89.647222, ,0.0,0.0,0,0,0,0,0,0,0,0
TF,OBLUX,23.518639,89.774750,0, ,0.0,0.0,0.0,0.0,0,0,0,0,0,0,0,0
TF,OKVEN,23.756556,89.839750,0, ,0.0,0.0,0.0,0.0,1,9000,0,1,250,0,0,0
TF,HS025,23.844861,89.923250,0, ,0.0,0.0,0.0,0.0,0,0,0,0,0,0,0,0
TF,IDRUM,23.935306,90.008972,0, ,0.0,0.0,0.0,0.0,1,9000,0,1,230,0,0,0
TF,RIDMO,24.004556,90.111639,0, ,0.0,0.0,0.0,0.0,2,4500,0,1,210,0,0,0
TF,HORIN,24.073739,90.214583,0, ,0.0,0.0,0.0,0.0,2,3500,0,1,190,0,0,0

STAR,IKOG1E,14,5
IF,IKOGU,23.377500,89.647222, ,0.0,0.0,0,0,0,0,0,0,0,0
TF,OBLUX,23.518639,89.774750,0, ,0.0,0.0,0.0,0.0,0,0,0,0,0,0,0,0
TF,IGPEN,23.637444,89.994833,0, ,0.0,0.0,0.0,0.0,0,0,0,0,0,0,0,0
TF,SEKVU,23.704444,90.107694,0, ,0.0,0.0,0.0,0.0,0,0,0,0,0,0,0,0
TF,MUNEM,23.768333,90.214250,0, ,0.0,0.0,0.0,0.0,2,11000,0,1,250,0,0,0
TF,IDALO,23.803056,90.272222,0, ,0.0,0.0,0.0,0.0,0,0,0,0,0,0,0,0
TF,BONSI,23.910167,90.186947,0, ,0.0,0.0,0.0,0.0,0,0,0,0,0,0,0,0
TF,RIDMO,24.004556,90.111639,0, ,0.0,0.0,0.0,0.0,2,4500,0,1,210,0,0,0
TF,HORIN,24.073739,90.214583,0, ,0.0,0.0,0.0,0.0,2,3500,0,1,190,0,0,0

STAR,KAKB1E,14,5
IF,KAKBO,22.992500,90.319444, ,0.0,0.0,0,0,0,0,0,0,0,0
TF,LOTMI,23.149389,90.519472,0, ,0.0,0.0,0.0,0.0,0,0,0,0,0,0,0,0
TF,OLROK,23.353389,90.514667,0, ,0.0,0.0,0.0,0.0,0,0,0,0,0,0,0,0
TF,OPEXI,23.610694,90.424944,0, ,0.0,0.0,0.0,0.0,2,9000,0,0,0,0,0,0
TF,ISGAL,23.708583,90.347306,0, ,0.0,0.0,0.0,0.0,2,8000,0,0,0,0,0,0
TF,BONSI,23.910167,90.186947,0, ,0.0,0.0,0.0,0.0,0,0,0,1,230,0,0,0
TF,RIDMO,24.004556,90.111639,0, ,0.0,0.0,0.0,0.0,2,4500,0,1,210,0,0,0
TF,HORIN,24.073739,90.214583,0, ,0.0,0.0,0.0,0.0,2,3500,0,1,190,0,0,0

STAR,NIKL1E,14,5
IF,NIKLI,24.195833,90.883333, ,0.0,0.0,0,0,0,0,0,0,0,0
TF,NIVEL,24.147361,90.636083,0, ,0.0,0.0,0.0,0.0,2,6000,0,0,0,0,0,0
TF,RAJEN,24.048228,90.392694,0, ,0.0,0.0,0.0,0.0,0,0,0,0,0,0,0,0
TF,ORUMI,24.142861,90.317472,0, ,0.0,0.0,0.0,0.0,2,4500,0,1,210,0,0,0
TF,HORIN,24.073739,90.214583,0, ,0.0,0.0,0.0,0.0,2,3500,0,1,190,0,0,0

STAR,NUPU1E,14,5
IF,NUPUR,23.102222,90.865556, ,0.0,0.0,0,0,0,0,0,0,0,0
TF,ONIVU,23.337500,90.850278,0, ,0.0,0.0,0.0,0.0,0,0,0,0,0,0,0,0
TF,LUBNO,23.489944,90.784333,0, ,0.0,0.0,0.0,0.0,2,12000,0,0,0,0,0,0
TF,AGOKO,23.716250,90.675444,0, ,0.0,0.0,0.0,0.0,2,10000,0,0,0,0,0,0
TF,GURKI,23.809111,90.591889,0, ,0.0,0.0,0.0,0.0,0,0,0,0,0,0,0,0
TF,FOMIG,23.901167,90.513194,0, ,0.0,0.0,0.0,0.0,2,7000,0,0,0,0,0,0
TF,RAJEN,24.048228,90.392694,0, ,0.0,0.0,0.0,0.0,0,0,0,0,0,0,0,0
TF,ORUMI,24.142861,90.317472,0, ,0.0,0.0,0.0,0.0,2,4500,0,1,210,0,0,0
TF,HORIN,24.073739,90.214583,0, ,0.0,0.0,0.0,0.0,2,3500,0,1,190,0,0,0

APPTR,D14,14,DAC1
IF,DAC,23.824278,90.412917, ,0.0,0.0,2,3000,0,0,0,0,0,0
FD,DAC,23.824278,90.412917,0,DAC,0.0,10.0,342.0,10.0,2,1500,0,0,0,0,0,0
CF,FD14,23.957786,90.303419,1,DAC,324.0,10.0,144.0,1.0,2,1500,0,0,0,0,0,0

APPTR,D14,14,DAC2
IF,DAC,23.824278,90.412917, ,0.0,0.0,2,3000,0,0,0,0,0,0
FD,DAC,23.824278,90.412917,0,DAC,0.0,10.0,336.0,10.0,2,1500,0,0,0,0,0,0
CF,FD14,23.957786,90.303419,1,DAC,324.0,10.0,144.0,1.0,2,1500,0,0,0,0,0,0

FINAL,D14,14,D,2
IF,FD14,23.957786,90.303419,DAC,324.0,10.0,2,1500,0,0,0,0,2,0
CF,RW14,23.855022,90.388519,0,DAC,324.9,2.3,144.0,7.7,1,78,0,0,0,0,3,0
CA,0,144.0,2,2000,0,0,0,0,0,0
VM,0,0,0,144.0,1,2000,0,0,0,0,0,0

APPTR,D32,32,AKEVO
IF,AKEVO,23.600833,90.047222, ,0.0,0.0,0,0,0,0,0,0,0,0
TF,D237L,23.713436,90.231178,0, ,0.0,0.0,0.0,0.0,2,3000,0,0,0,0,1,0
CI,0, ,0.0,57.0,2,3000,0,0,0,0,0,0
AF,D152J,23.678006,90.500944,1,DAC,152.0,10.0,237.0,2,1500,0,0,0,0,0,1
CF,FD32A,23.704058,90.511281,0,DAC,144.0,9.0,324.0,1.0,2,1500,0,0,0,0,0,0

APPTR,D32,32,LATIM
IF,LATIM,24.091667,90.762500, ,0.0,0.0,0,0,0,0,0,0,0,0
TF,D050L,23.952744,90.580564,0, ,0.0,0.0,0.0,0.0,2,3000,0,0,0,0,1,0
CI,0, ,0.0,230.0,2,3000,0,0,0,0,0,0
AF,D134J,23.710183,90.545742,2,DAC,134.0,10.0,50.0,2,1500,0,0,0,0,0,1
CF,FD32A,23.704058,90.511281,0,DAC,144.0,9.0,324.0,1.0,2,1500,0,0,0,0,0,0

APPTR,D32,32,OLPAS
IF,OLPAS,23.965000,89.984722, ,0.0,0.0,0,0,0,0,0,0,0,0
TF,D290L,23.891967,90.207531,0, ,0.0,0.0,0.0,0.0,2,3000,0,0,0,0,1,0
CI,0, ,0.0,110.0,2,3000,0,0,0,0,0,0
AF,D152J,23.678006,90.500944,1,DAC,152.0,10.0,290.0,2,1500,0,0,0,0,0,1
CF,FD32A,23.704058,90.511281,0,DAC,144.0,9.0,324.0,1.0,2,1500,0,0,0,0,0,0

APPTR,D32,32,OPORA
IF,OPORA,23.628056,90.011944, ,0.0,0.0,0,0,0,0,0,0,0,0
TF,D243L,23.730228,90.220314,0, ,0.0,0.0,0.0,0.0,2,3000,0,0,0,0,1,0
CI,0, ,0.0,63.0,2,3000,0,0,0,0,0,0
AF,D152J,23.678006,90.500944,1,DAC,152.0,10.0,243.0,2,1500,0,0,0,0,0,1
CF,FD32A,23.704058,90.511281,0,DAC,144.0,9.0,324.0,1.0,2,1500,0,0,0,0,0,0

FINAL,D32,32,D,4
IF,FD32A,23.704058,90.511281,DAC,144.0,9.0,2,1500,0,0,0,0,2,0
CF,60VOR,23.744142,90.478514,0,DAC,144.0,6.0,324.0,3.0,2,1000,0,0,0,0,0,0
CF,40VOR,23.770858,90.456658,0,DAC,144.0,4.0,324.0,2.0,2,700,0,0,0,0,0,0
CF,DAC,23.824278,90.412917,0,DAC,0.0,0.0,324.0,4.0,1,253,0,0,0,0,3,0
FM,DAC,23.824278,90.412917,0,DAC,0.0,0.0,324.0,1,2000,0,0,0,0,0,0

APPTR,D32-1,32,DAC1
IF,DAC,23.824278,90.412917, ,0.0,0.0,2,3000,0,0,0,0,0,0
FD,DAC,23.824278,90.412917,0,DAC,0.0,7.5,126.0,7.5,2,1500,0,0,0,0,0,0
CF,CD32,23.724100,90.494900,2,DAC,144.0,7.5,324.0,1.0,2,1500,0,0,0,0,0,0

APPTR,D32-1,32,DAC2
IF,DAC,23.824278,90.412917, ,0.0,0.0,2,3000,0,0,0,0,0,0
FD,DAC,23.824278,90.412917,0,DAC,0.0,7.5,132.0,7.5,2,1500,0,0,0,0,0,0
CF,CD32,23.724100,90.494900,2,DAC,144.0,7.5,324.0,1.0,2,1500,0,0,0,0,0,0

FINAL,D32-1,32,D,3
IF,CD32,23.724100,90.494900,DAC,144.0,7.5,2,1500,0,0,0,0,0,0
CF,FD32,23.757500,90.467589,0,DAC,144.0,5.0,324.0,2.5,2,1040,0,0,0,0,2,0
CF,DAC,23.824278,90.412917,0,DAC,0.0,0.0,324.0,5.0,1,253,0,0,0,0,3,0
FM,DAC,23.824278,90.412917,0,DAC,0.0,0.0,324.0,1,2000,0,0,0,0,0,0

APPTR,D32-2,32,D144L
IF,D144L,23.663969,90.544028, ,0.0,0.0,2,3000,0,0,0,0,0,0
CF,FD32,23.757500,90.467589,0,DAC,144.0,5.0,324.0,7.0,2,1320,0,0,0,0,0,0

FINAL,D32-2,32,D,3
IF,FD32,23.757500,90.467589,DAC,144.0,5.0,2,1320,0,0,0,0,2,0
CF,35VOR,23.777531,90.451189,0,DAC,144.0,3.5,324.0,1.5,2,960,0,0,0,0,0,0
CF,DAC,23.824278,90.412917,0,DAC,0.0,0.0,324.0,3.5,1,253,0,0,0,0,3,0
FM,DAC,23.824278,90.412917,0,DAC,0.0,0.0,324.0,1,2000,0,0,0,0,0,0

APPTR,I14,14,AKEVO
IF,AKEVO,23.600833,90.047222, ,0.0,0.0,0,0,0,0,0,0,0,0
TF,D237N,23.694942,90.200917,0, ,0.0,0.0,0.0,0.0,2,3000,0,0,0,0,1,0
CI,0, ,0.0,57.0,0,0,0,0,0,0,0,0
AF,D300L,23.921444,90.222006,2,DAC,300.0,12.0,237.0,2,3000,0,0,0,0,1,0
AF,D324L,23.986275,90.284131,2,DAC,324.9,12.0,300.0,2,2000,0,0,0,0,0,0
CF,CI14,23.959822,90.305189,0,IDA,324.9,9.8,144.0,2.0,2,2000,0,0,0,0,0,0

APPTR,I14,14,DA
IF,DA,23.932889,90.326806, ,0.0,0.0,2,3000,0,0,0,0,0,0
HF,DA,23.932889,90.326806,2, ,0.0,0.0,144.0,04.3,2,2000,0,0,0,0,0,0,0

APPTR,I14,14,DAC1
IF,DAC,23.824278,90.412917, ,0.0,0.0,2,3000,0,0,0,0,0,0
FD,DAC,23.824278,90.412917,0,DAC,0.0,10.0,342.0,10.0,2,2000,0,0,0,0,0,0
CF,CI14,23.959822,90.305189,1,IDA,324.9,9.8,144.0,1.0,2,2000,0,0,0,0,0,0

APPTR,I14,14,DAC2
IF,DAC,23.824278,90.412917, ,0.0,0.0,2,3000,0,0,0,0,0,0
FD,DAC,23.824278,90.412917,0,DAC,0.0,10.0,336.0,10.0,2,2000,0,0,0,0,0,0
CF,CI14,23.959822,90.305189,1,IDA,324.9,9.8,144.0,1.0,2,2000,0,0,0,0,0,0

APPTR,I14,14,LATIM
IF,LATIM,24.091667,90.762500, ,0.0,0.0,0,0,0,0,0,0,0,0
TF,D050N,23.974139,90.608536,0, ,0.0,0.0,0.0,0.0,2,3000,0,0,0,0,1,0
CI,0, ,0.0,230.0,0,0,0,0,0,0,0,0
AF,D355L,24.023839,90.390086,1,DAC,355.0,12.0,50.0,2,3000,0,0,0,0,1,0
AF,D324L,23.986275,90.284131,1,DAC,324.9,12.0,355.0,2,2000,0,0,0,0,0,0
CF,CI14,23.959822,90.305189,0,IDA,324.9,9.8,144.0,2.0,2,2000,0,0,0,0,0,0

APPTR,I14,14,OLPAS
IF,OLPAS,23.965000,89.984722, ,0.0,0.0,0,0,0,0,0,0,0,0
TF,D290N,23.903219,90.173278,0, ,0.0,0.0,0.0,0.0,2,3000,0,0,0,0,1,0
CI,0, ,0.0,110.0,0,0,0,0,0,0,0,0
AF,D300L,23.921444,90.222006,2,DAC,300.0,12.0,290.0,2,3000,0,0,0,0,1,0
AF,D324L,23.986275,90.284131,2,DAC,324.9,12.0,300.0,2,2000,0,0,0,0,0,0
CF,CI14,23.959822,90.305189,0,IDA,324.9,9.8,144.0,2.0,2,2000,0,0,0,0,0,0

APPTR,I14,14,OPORA
IF,OPORA,23.628056,90.011944, ,0.0,0.0,0,0,0,0,0,0,0,0
TF,D243N,23.714531,90.188239,0, ,0.0,0.0,0.0,0.0,2,3000,0,0,0,0,1,0
CI,0, ,0.0,63.0,0,0,0,0,0,0,0,0
AF,D300L,23.921444,90.222006,2,DAC,300.0,12.0,243.0,2,3000,0,0,0,0,1,0
AF,D324L,23.986275,90.284131,2,DAC,324.9,12.0,300.0,2,2000,0,0,0,0,0,0
CF,CI14,23.959822,90.305189,0,IDA,324.9,9.8,144.0,2.0,2,2000,0,0,0,0,0,0

FINAL,I14,14,I,3
IF,CI14,23.959822,90.305189,IDA,324.9,9.8,2,2000,0,0,0,0,0,0
CF,DA,23.932889,90.326806,0,IDA,324.9,7.8,144.0,2.0,1,1937,0,0,0,0,2,0
CF,RW14,23.855022,90.388519,0,IDA,324.9,2.0,144.0,5.8,1,77,0,0,0,0,3,0
FM,RW14,23.855022,90.388519,0,DAC,0.0,0.0,144.0,1,2000,0,0,0,0,0,0

APPTR,I14-Z,14,DAC
IF,DAC,23.824278,90.412917, ,0.0,0.0,2,3000,0,0,0,0,1,0
FD,DAC,23.824278,90.412917,0,DAC,0.0,10.0,342.0,10.0,2,2000,0,0,0,0,0,0
CF,CI14Z,23.960919,90.304375,1,IDA,324.9,9.9,144.0,1.0,2,2000,0,1,180,0,1,0

FINAL,I14-Z,14,I,3
IF,CI14Z,23.960919,90.304375,IDA,324.9,9.9,2,2000,0,1,180,0,0,0
CF,FI14,23.936619,90.323697,0,IDA,324.9,8.1,144.0,1.8,1,2000,0,1,160,0,2,0
CF,RW14,23.855022,90.388519,0,IDA,324.9,2.0,144.0,6.0,1,78,0,0,0,0,3,0
CA,0,144.0,2,1500,0,0,0,0,0,0
VI,1, ,0.0,5.0,2,2000,0,0,0,0,0,0
CF,KAWLA,23.933942,90.550244,0,DAC,50.0,10.0,50.0,6.0,0,0,0,0,0,0,0,0
HM,KAWLA,23.933942,90.550244,2, ,0.0,0.0,50.0,04.3,2,2000,0,1,220,0,0,0,0

APPTR,I32,32,AKEVO
IF,AKEVO,23.600833,90.047222, ,0.0,0.0,0,0,0,0,0,0,0,0
TF,D237L,23.713436,90.231178,0, ,0.0,0.0,0.0,0.0,2,3000,0,0,0,0,1,0
CI,0, ,0.0,57.0,0,0,0,0,0,0,0,0
AF,DH12A,23.689081,90.519767,1,DAC,144.9,10.0,237.0,2,2000,0,0,0,0,0,0
CF,CI32,23.702606,90.509089,0,DHA,144.9,11.5,324.0,1.0,2,2000,0,0,0,0,0,0

APPTR,I32,32,LATIM
IF,LATIM,24.091667,90.762500, ,0.0,0.0,0,0,0,0,0,0,0,0
TF,D050L,23.952744,90.580564,0, ,0.0,0.0,0.0,0.0,2,3000,0,0,0,0,1,0
CI,0, ,0.0,230.0,0,0,0,0,0,0,0,0
AF,DH12A,23.689081,90.519767,2,DAC,144.9,10.0,50.0,2,2000,0,0,0,0,0,0
CF,CI32,23.702606,90.509089,0,DHA,144.9,11.5,324.0,1.0,2,2000,0,0,0,0,0,0

APPTR,I32,32,OLPAS
IF,OLPAS,23.965000,89.984722, ,0.0,0.0,0,0,0,0,0,0,0,0
TF,D290L,23.891967,90.207531,0, ,0.0,0.0,0.0,0.0,2,3000,0,0,0,0,1,0
CI,0, ,0.0,110.0,0,0,0,0,0,0,0,0
AF,DH12A,23.689081,90.519767,1,DAC,144.9,10.0,290.0,2,2000,0,0,0,0,0,0
CF,CI32,23.702606,90.509089,0,DHA,144.9,11.5,324.0,1.0,2,2000,0,0,0,0,0,0

APPTR,I32,32,OPORA
IF,OPORA,23.628056,90.011944, ,0.0,0.0,0,0,0,0,0,0,0,0
TF,D243L,23.730228,90.220314,0, ,0.0,0.0,0.0,0.0,2,3000,0,0,0,0,1,0
CI,0, ,0.0,63.0,0,0,0,0,0,0,0,0
AF,DH12A,23.689081,90.519767,1,DAC,144.9,10.0,243.0,2,2000,0,0,0,0,0,0
CF,CI32,23.702606,90.509089,0,DHA,144.9,11.5,324.0,1.0,2,2000,0,0,0,0,0,0

FINAL,I32,32,I,3
IF,CI32,23.702606,90.509089,DHA,144.9,11.5,2,2000,0,0,0,0,0,0
CF,FI32,23.752778,90.469453,0,DHA,144.9,7.7,324.0,3.7,1,1930,0,0,0,0,2,0
CF,RW32,23.831681,90.407050,0,DHA,144.9,1.9,324.0,5.8,1,78,0,0,0,0,3,0
CA,0,324.0,2,2000,0,0,0,0,0,0
DF,DAC,23.824278,90.412917,1, ,0.0,0.0,1,2000,0,0,0,0,0,0

APPTR,I32-1,32,DAC1
IF,DAC,23.824278,90.412917, ,0.0,0.0,2,3000,0,0,0,0,0,0
FD,DAC,23.824278,90.412917,0,DAC,0.0,8.5,126.0,8.5,2,2000,0,0,0,0,0,0
CF,CI32,23.702606,90.509089,2,DHA,144.9,11.5,324.0,1.0,2,2000,0,0,0,0,0,0

APPTR,I32-1,32,DAC2
IF,DAC,23.824278,90.412917, ,0.0,0.0,2,3000,0,0,0,0,0,0
FD,DAC,23.824278,90.412917,0,DAC,0.0,8.5,132.0,8.5,2,2000,0,0,0,0,0,0
CF,CI32,23.702606,90.509089,2,DHA,144.9,11.5,324.0,1.0,2,2000,0,0,0,0,0,0

FINAL,I32-1,32,I,3
IF,CI32,23.702606,90.509089,DHA,144.9,11.5,2,2000,0,0,0,0,0,0
CF,FI32,23.752778,90.469453,0,DHA,144.9,7.7,324.0,3.7,1,1930,0,0,0,0,2,0
CF,RW32,23.831681,90.407050,0,DHA,144.9,1.9,324.0,5.8,1,78,0,0,0,0,3,0
CA,0,324.0,2,2000,0,0,0,0,0,0
DF,DAC,23.824278,90.412917,1, ,0.0,0.0,1,2000,0,0,0,0,0,0

APPTR,I32-2,32,D144L
IF,D144L,23.663969,90.544028, ,0.0,0.0,2,3000,0,0,0,0,0,0
CF,CI32,23.702606,90.509089,0,DHA,144.9,11.5,324.0,3.0,2,2000,0,0,0,0,0,0

FINAL,I32-2,32,I,3
IF,CI32,23.702606,90.509089,DHA,144.9,11.5,2,2000,0,0,0,0,0,0
CF,FI32,23.752778,90.469453,0,DHA,144.9,7.7,324.0,3.7,1,1930,0,0,0,0,2,0
CF,RW32,23.831681,90.407050,0,DHA,144.9,1.9,324.0,5.8,1,78,0,0,0,0,3,0
CA,0,324.0,2,2000,0,0,0,0,0,0
DF,DAC,23.824278,90.412917,1, ,0.0,0.0,1,2000,0,0,0,0,0,0

APPTR,R14,14,BONSI
IF,BONSI,23.910167,90.186947, ,0.0,0.0,2,3500,0,1,230,0,1,0
TF,FIRSI,23.979233,90.289767,0, ,0.0,0.0,0.0,0.0,2,1800,0,1,200,0,1,0

APPTR,R14,14,HORIN
IF,HORIN,24.073739,90.214583, ,0.0,0.0,2,3500,0,1,230,0,1,0
TF,FIRSI,23.979233,90.289767,0, ,0.0,0.0,0.0,0.0,2,1800,0,1,200,0,1,0

APPTR,R14,14,RAJEN
IF,RAJEN,24.048228,90.392694, ,0.0,0.0,2,3500,0,1,230,0,1,0
TF,FIRSI,23.979233,90.289767,0, ,0.0,0.0,0.0,0.0,2,1800,0,1,200,0,1,0

FINAL,R14,14,R,3
IF,FIRSI,23.979233,90.289767, ,0.0,0.0,2,1800,0,1,200,0,0,0
TF,TURAG,23.927939,90.330572,0, ,0.0,0.0,144.0,3.8,1,1800,0,0,0,0,2,0
TF,RW14,23.855022,90.388519,0, ,0.0,0.0,144.0,5.4,1,77,0,0,0,0,3,1
CA,0,144.0,2,2000,0,0,0,0,0,0
DF,KAWLA,23.933942,90.550244,1, ,0.0,0.0,1,2000,0,1,230,0,0,1
HM,KAWLA,23.933942,90.550244,2, ,0.0,0.0,231.0,04.3,2,2000,0,1,230,0,0,0,0

APPTR,R32,32,BUXIL
IF,BUXIL,23.766336,90.593628, ,0.0,0.0,2,4000,0,1,230,0,1,0
TF,PIKUL,23.707247,90.505697,0, ,0.0,0.0,0.0,0.0,2,1800,0,1,200,0,1,0

APPTR,R32,32,PADMA
IF,PADMA,23.647517,90.418169, ,0.0,0.0,2,3000,0,1,230,0,1,0
TF,PIKUL,23.707247,90.505697,0, ,0.0,0.0,0.0,0.0,2,1800,0,1,200,0,1,0

APPTR,R32,32,TUMPA
IF,TUMPA,23.626164,90.569853, ,0.0,0.0,2,3000,0,1,230,0,1,0
TF,PIKUL,23.707247,90.505697,0, ,0.0,0.0,0.0,0.0,2,1800,0,1,200,0,1,0

FINAL,R32,32,R,3
IF,PIKUL,23.707247,90.505697, ,0.0,0.0,2,1800,0,1,200,0,0,0
TF,MEGHA,23.758586,90.465025,0, ,0.0,0.0,324.0,3.8,1,1800,0,0,0,0,2,0
TF,RW32,23.831681,90.407050,0, ,0.0,0.0,324.0,5.4,1,78,0,0,0,0,3,1
CA,0,324.0,2,3000,0,0,0,0,0,0
DF,KAWLA,23.933942,90.550244,2, ,0.0,0.0,1,3000,0,1,230,0,0,1
HM,KAWLA,23.933942,90.550244,2, ,0.0,0.0,231.0,04.3,2,3000,0,1,230,0,0,0,0

APPTR,S14,14,DAC1
IF,DAC,23.824278,90.412917, ,0.0,0.0,2,3000,0,0,0,0,0,0
FC,DAC,23.824278,90.412917,0,DAC,0.0,0.0,342.0,10.5,2,1500,0,0,0,0,0,1
CF,FS14,23.914261,90.339150,1,DAC,324.0,6.7,144.0,4.0,2,1500,0,0,0,0,0,0

APPTR,S14,14,DAC2
IF,DAC,23.824278,90.412917, ,0.0,0.0,2,3000,0,0,0,0,0,0
FC,DAC,23.824278,90.412917,0,DAC,0.0,0.0,336.0,9.0,2,1500,0,0,0,0,0,1
CF,FS14,23.914261,90.339150,1,DAC,324.0,6.7,144.0,2.0,2,1500,0,0,0,0,0,0

FINAL,S14,14,D,2
IF,FS14,23.914261,90.339150,DAC,324.0,6.8,2,1500,0,0,0,0,2,0
CF,RW14,23.855022,90.388519,0,DAC,324.9,2.3,144.0,4.5,1,78,0,0,0,0,3,0
CF,DAC,23.824278,90.412917,0,DAC,0.0,0.0,144.0,2.3,0,0,0,0,0,0,0,1
FM,DAC,23.824278,90.412917,0,DAC,0.0,0.0,144.0,1,2000,0,0,0,0,0,0

APPTR,S32,32,DAC1
IF,DAC,23.824278,90.412917, ,0.0,0.0,2,3000,0,0,0,0,0,0
FC,DAC,23.824278,90.412917,0,DAC,0.0,0.0,126.0,10.5,2,1500,0,0,0,0,0,1
CF,FS32,23.771981,90.455731,2,DAC,144.0,3.9,324.0,7.0,2,1500,0,0,0,0,0,0

APPTR,S32,32,DAC2
IF,DAC,23.824278,90.412917, ,0.0,0.0,2,3000,0,0,0,0,0,0
FC,DAC,23.824278,90.412917,0,DAC,0.0,0.0,132.0,9.0,2,1500,0,0,0,0,0,1
CF,FS32,23.771981,90.455731,2,DAC,144.0,3.9,324.0,5.0,2,1500,0,0,0,0,0,0

FINAL,S32,32,D,2
IF,FS32,23.771981,90.455731,DAC,144.0,3.9,2,1500,0,0,0,0,2,0
CF,DAC,23.824278,90.412917,0,DAC,0.0,0.0,324.0,3.9,1,253,0,0,0,0,3,0
FM,DAC,23.824278,90.412917,0,DAC,0.0,0.0,324.0,1,2000,0,0,0,0,0,0

