APPTR,D08,08,SP
IF,SP,29.999911,77.432008, ,0.0,0.0,0,0,0,0,0,0,0,0
TF,D253Y,30.070922,77.705883,0, ,0.0,0.0,0.0,0.0,0,0,0,0,0,0,1,0
TF,CD08,30.132242,77.885892,0, ,0.0,0.0,0.0,0.0,2,5600,0,0,0,0,0,0

FINAL,D08,08,D,4
IF,CD08,30.132242,77.885892,DDN,256.0,15.0,2,5600,0,0,0,0,1,0
CF,FD08,30.162919,78.037544,0,DDN,256.0,6.9,76.0,8.1,2,4100,0,0,0,0,2,0
CF,40VOR,30.173861,78.091861,0,DDN,256.0,4.0,76.0,2.9,2,3180,0,0,0,0,0,0
CF,MD08,30.183275,78.138697,0,DDN,256.0,1.5,76.0,2.5,1,2384,0,0,0,0,3,0
FA,MD08,30.183275,78.138697,0,DDN,0.0,0.0,76.0,2,2500,0,0,0,0,0,0
CI,2, ,0.0,286.0,0,0,0,0,0,0,0,0
CF,CD08,30.132242,77.885892,0,DDN,256.0,15.0,256.0,9.0,1,5600,0,1,185,0,0,0
HM,CD08,30.132242,77.885892,2, ,0.0,0.0,76.0,04.3,2,5600,0,0,0,0,0,0,0

APPTR,L08,08,LEKIL
IF,LEKIL,30.151506,77.940269, ,0.0,0.0,2,5600,0,0,0,0,1,0
CF,D244Q,30.071844,77.878928,0,DDN,244.0,16.5,258.0,4.0,2,4800,0,0,0,0,0,1
CF,DN702,30.138814,77.864781,2,DDN,258.3,16.0,78.0,1.0,2,4800,0,0,0,0,0,0
CF,LEKIL,30.151506,77.940269,0,IDUN,258.6,13.5,78.0,4.0,2,4100,0,0,0,0,1,0

APPTR,L08,08,SP
IF,SP,29.999911,77.432008, ,0.0,0.0,0,0,0,0,0,0,0,0
TF,DN701,30.073017,77.705322,0, ,0.0,0.0,0.0,0.0,0,0,0,0,0,0,1,0
TF,DN702,30.138814,77.864781,0, ,0.0,0.0,0.0,0.0,2,5600,0,0,0,0,0,0
TF,LEKIL,30.151506,77.940269,0, ,0.0,0.0,0.0,0.0,2,5600,0,0,0,0,0,1
CF,D244Q,30.071844,77.878928,2,DDN,244.0,16.5,258.0,4.0,2,4800,0,0,0,0,0,1
CF,DN702,30.138814,77.864781,2,DDN,258.3,16.0,78.0,1.0,2,4800,0,0,0,0,0,0
CF,LEKIL,30.151506,77.940269,0,IDUN,258.6,13.5,78.0,4.0,2,4100,0,0,0,0,1,0

FINAL,L08,08,D,4
IF,LEKIL,30.151506,77.940269,IDUN,258.6,13.5,2,4100,0,0,0,0,0,0
CF,FF08,30.166939,78.036053,0,IDUN,258.7,8.4,79.0,5.1,2,4100,0,0,0,0,2,0
CF,40LOC,30.176883,78.098464,0,IDUN,258.7,5.1,79.0,3.3,2,3060,0,0,0,0,0,0
CF,ML08,30.185897,78.155214,0,IDUN,258.7,2.1,79.0,3.0,1,2106,0,0,0,0,3,0
CF,D259A,30.187775,78.167056,0,DDN,168.2,0.1,79.0,0.6,0,0,0,0,0,0,0,1
CI,2, ,0.0,288.0,0,0,0,0,0,0,0,0
CF,LEKIL,30.151506,77.940269,0,DDN,258.3,12.0,258.0,5.0,1,5600,0,1,160,0,0,0
HM,LEKIL,30.151506,77.940269,2, ,0.0,0.0,78.0,04.3,2,5600,0,0,0,0,0,0,0

APPTR,R08-Y,08,DN701
IF,DN701,30.073017,77.705322, ,0.0,0.0,2,7000,0,0,0,0,1,0
TF,DN702,30.138814,77.864781,0, ,0.0,0.0,0.0,0.0,2,5600,0,0,0,0,0,0
TF,LEKIL,30.151506,77.940269,0, ,0.0,0.0,0.0,0.0,2,4800,0,0,0,0,1,0

FINAL,R08-Y,08,R,3
IF,LEKIL,30.151506,77.940269, ,0.0,0.0,2,4800,0,0,0,0,0,0
TF,DN703,30.167086,78.036447,0, ,0.0,0.0,78.0,5.1,1,4100,0,0,0,0,2,0
TF,DN704,30.183925,78.142661,0, ,0.0,0.0,79.0,5.6,1,2312,0,0,0,0,3,1
DF,DN705,30.085867,78.147572,2, ,0.0,0.0,0,0,0,1,160,0,0,0
TF,DN706,30.061247,77.882061,0, ,0.0,0.0,0.0,0.0,0,0,0,1,180,0,0,0
TF,DN702,30.138814,77.864781,0, ,0.0,0.0,0.0,0.0,1,5600,0,1,180,0,0,0
HM,DN702,30.138814,77.864781,2, ,0.0,0.0,78.0,04.3,2,5600,0,1,220,0,0,0,0

