SID,BISU1B,28,5
VA,0,281.0,2,1700,0,1,250,0,0,0
DF,DP791,28.287053,77.888703,2, ,0.0,0.0,3,5000,0,1,250,0,0,0
TF,ND420,28.528825,77.970219,0, ,0.0,0.0,0.0,0.0,3,6000,0,0,0,0,0,0
TF,BISUR,28.816667,79.031944,0, ,0.0,0.0,0.0,0.0,0,0,0,0,0,0,0,0

SID,BISU1D,10,5
VA,0,101.0,2,1700,0,1,250,0,0,0
DF,DP791,28.287053,77.888703,1, ,0.0,0.0,3,5000,0,1,250,0,0,0
TF,ND420,28.528825,77.970219,0, ,0.0,0.0,0.0,0.0,0,0,0,0,0,0,0,0
TF,BISUR,28.816667,79.031944,0, ,0.0,0.0,0.0,0.0,0,0,0,0,0,0,0,0

SID,IBAN1B,28,5
VA,0,281.0,2,1700,0,1,250,0,0,0
DF,ND080,28.127908,77.397375,1, ,0.0,0.0,3,5000,0,1,250,0,0,0
TF,SKA,27.848947,77.008325,0, ,0.0,0.0,0.0,0.0,3,7000,0,0,0,0,0,0
TF,ND405,27.408656,76.985939,0, ,0.0,0.0,0.0,0.0,3,12000,0,0,0,0,0,0
TF,ND402,27.075000,76.929758,0, ,0.0,0.0,0.0,0.0,0,0,0,0,0,0,0,0
TF,ND403,25.860967,76.596331,0, ,0.0,0.0,0.0,0.0,0,0,0,0,0,0,0,0
TF,IBANI,25.001667,76.719722,0, ,0.0,0.0,0.0,0.0,0,0,0,0,0,0,0,0

SID,IBAN1D,10,5
VA,0,101.0,2,1700,0,1,250,0,0,0
DF,ND077,27.998644,77.644758,2, ,0.0,0.0,3,4000,0,1,250,0,0,0
TF,ND437,27.880175,77.519300,0, ,0.0,0.0,0.0,0.0,0,0,0,0,0,0,0,0
TF,ND469,27.817494,77.276664,0, ,0.0,0.0,0.0,0.0,3,8000,0,0,0,0,0,0
TF,ND464,27.822281,77.094931,0, ,0.0,0.0,0.0,0.0,4,10000,8000,0,0,0,0,0
TF,ND405,27.408656,76.985939,0, ,0.0,0.0,0.0,0.0,3,12000,0,0,0,0,0,0
TF,ND402,27.075000,76.929758,0, ,0.0,0.0,0.0,0.0,0,0,0,0,0,0,0,0
TF,ND403,25.860967,76.596331,0, ,0.0,0.0,0.0,0.0,0,0,0,0,0,0,0,0
TF,IBANI,25.001667,76.719722,0, ,0.0,0.0,0.0,0.0,0,0,0,0,0,0,0,0

SID,ITBA1B,28,5
VA,0,281.0,2,1700,0,1,250,0,0,0
DF,DP672,27.973708,77.559986,1, ,0.0,0.0,3,4000,0,1,250,0,0,0
TF,ITBAN,27.828611,77.713333,0, ,0.0,0.0,0.0,0.0,0,0,0,0,0,0,0,0

SID,ITBA1D,10,5
VA,0,101.0,2,1700,0,1,250,0,0,0
DF,ND079,27.961686,77.722658,2, ,0.0,0.0,3,4000,0,1,250,0,0,0
TF,ITBAN,27.828611,77.713333,0, ,0.0,0.0,0.0,0.0,0,0,0,0,0,0,0,0

SID,LKN1B,28,5
VA,0,281.0,2,1700,0,1,250,0,0,0
DF,DP672,27.973708,77.559986,1, ,0.0,0.0,3,4000,0,1,250,0,0,0
TF,ALI,27.829233,78.178453,0, ,0.0,0.0,0.0,0.0,0,0,0,0,0,0,0,0
TF,ND151,27.367933,79.510322,0, ,0.0,0.0,0.0,0.0,0,0,0,0,0,0,0,0
TF,LKN,26.758611,80.894444,0, ,0.0,0.0,0.0,0.0,0,0,0,0,0,0,0,0

SID,LKN1D,10,5
VA,0,101.0,2,1700,0,1,250,0,0,0
DF,ND802,27.960214,77.995231,2, ,0.0,0.0,3,6000,0,1,250,0,0,0
TF,ALI,27.829233,78.178453,0, ,0.0,0.0,0.0,0.0,0,0,0,0,0,0,0,0
TF,ND151,27.367933,79.510322,0, ,0.0,0.0,0.0,0.0,0,0,0,0,0,0,0,0
TF,LKN,26.758611,80.894444,0, ,0.0,0.0,0.0,0.0,0,0,0,0,0,0,0,0

SID,LOVG1B,28,5
VA,0,281.0,2,1700,0,1,250,0,0,0
DF,ND080,28.127908,77.397375,1, ,0.0,0.0,3,5000,0,1,250,0,0,0
TF,SKA,27.848947,77.008325,0, ,0.0,0.0,0.0,0.0,3,7000,0,0,0,0,0,0
TF,ND405,27.408656,76.985939,0, ,0.0,0.0,0.0,0.0,3,12000,0,0,0,0,0,0
TF,LOVGA,27.027222,76.705000,0, ,0.0,0.0,0.0,0.0,0,0,0,0,0,0,0,0

SID,LOVG1D,10,5
VA,0,101.0,2,1700,0,1,250,0,0,0
DF,ND077,27.998644,77.644758,2, ,0.0,0.0,3,4000,0,1,250,0,0,0
TF,ND437,27.880175,77.519300,0, ,0.0,0.0,0.0,0.0,0,0,0,0,0,0,0,0
TF,ND469,27.817494,77.276664,0, ,0.0,0.0,0.0,0.0,3,8000,0,0,0,0,0,0
TF,ND464,27.822281,77.094931,0, ,0.0,0.0,0.0,0.0,4,10000,8000,0,0,0,0,0
TF,ND405,27.408656,76.985939,0, ,0.0,0.0,0.0,0.0,3,12000,0,0,0,0,0,0
TF,LOVGA,27.027222,76.705000,0, ,0.0,0.0,0.0,0.0,0,0,0,0,0,0,0,0

SID,LUN1B,28,5
VA,0,281.0,2,1700,0,1,250,0,0,0
DF,ND080,28.127908,77.397375,1, ,0.0,0.0,3,5000,0,1,250,0,0,0
TF,ND414,27.714886,76.721250,0, ,0.0,0.0,0.0,0.0,4,9000,7000,0,0,0,0,0
TF,IDLAM,27.978703,76.194311,0, ,0.0,0.0,0.0,0.0,4,11000,9000,0,0,0,0,0
TF,ERVIX,28.227333,76.063481,0, ,0.0,0.0,0.0,0.0,4,13000,11000,0,0,0,0,0
TF,ND418,28.427703,75.964258,0, ,0.0,0.0,0.0,0.0,4,13000,11000,0,0,0,0,0
TF,LUN,28.552736,73.787472,0, ,0.0,0.0,0.0,0.0,0,0,0,0,0,0,0,0

SID,NIKO1B,28,5
VA,0,281.0,2,1700,0,1,250,0,0,0
DF,ND080,28.127908,77.397375,1, ,0.0,0.0,3,5000,0,1,250,0,0,0
TF,ND414,27.714886,76.721250,0, ,0.0,0.0,0.0,0.0,4,9000,7000,0,0,0,0,0
TF,ND416,27.492725,76.573764,0, ,0.0,0.0,0.0,0.0,0,0,0,0,0,0,0,0
TF,RIDRA,25.989772,75.796911,0, ,0.0,0.0,0.0,0.0,0,0,0,0,0,0,0,0
TF,NIKOT,25.881111,75.440000,0, ,0.0,0.0,0.0,0.0,0,0,0,0,0,0,0,0

SID,NIKO1D,10,5
VA,0,101.0,2,1700,0,1,250,0,0,0
DF,ND077,27.998644,77.644758,2, ,0.0,0.0,3,4000,0,1,250,0,0,0
TF,ND437,27.880175,77.519300,0, ,0.0,0.0,0.0,0.0,0,0,0,0,0,0,0,0
TF,ND469,27.817494,77.276664,0, ,0.0,0.0,0.0,0.0,3,8000,0,0,0,0,0,0
TF,ND464,27.822281,77.094931,0, ,0.0,0.0,0.0,0.0,4,10000,8000,0,0,0,0,0
TF,ND471,27.830061,76.797992,0, ,0.0,0.0,0.0,0.0,3,11000,0,0,0,0,0,0
TF,ND416,27.492725,76.573764,0, ,0.0,0.0,0.0,0.0,0,0,0,0,0,0,0,0
TF,RIDRA,25.989772,75.796911,0, ,0.0,0.0,0.0,0.0,0,0,0,0,0,0,0,0
TF,NIKOT,25.881111,75.440000,0, ,0.0,0.0,0.0,0.0,0,0,0,0,0,0,0,0

SID,OROT1B,28,5
VA,0,281.0,2,1700,0,1,250,0,0,0
DF,ND080,28.127908,77.397375,1, ,0.0,0.0,3,5000,0,1,250,0,0,0
TF,ND414,27.714886,76.721250,0, ,0.0,0.0,0.0,0.0,4,9000,7000,0,0,0,0,0
TF,IDLAM,27.978703,76.194311,0, ,0.0,0.0,0.0,0.0,4,11000,9000,0,0,0,0,0
TF,ERVIX,28.227333,76.063481,0, ,0.0,0.0,0.0,0.0,4,13000,11000,0,0,0,0,0
TF,ND418,28.427703,75.964258,0, ,0.0,0.0,0.0,0.0,4,13000,11000,0,0,0,0,0
TF,OROTI,29.283333,75.498889,0, ,0.0,0.0,0.0,0.0,0,0,0,0,0,0,0,0

SID,OROT1D,10,5
VA,0,101.0,2,1700,0,1,250,0,0,0
DF,ND077,27.998644,77.644758,2, ,0.0,0.0,3,4000,0,1,250,0,0,0
TF,ND437,27.880175,77.519300,0, ,0.0,0.0,0.0,0.0,0,0,0,0,0,0,0,0
TF,ND469,27.817494,77.276664,0, ,0.0,0.0,0.0,0.0,3,8000,0,0,0,0,0,0
TF,ND464,27.822281,77.094931,0, ,0.0,0.0,0.0,0.0,4,10000,8000,0,0,0,0,0
TF,ND471,27.830061,76.797992,0, ,0.0,0.0,0.0,0.0,3,11000,0,0,0,0,0,0
TF,DP937,28.052058,76.598925,0, ,0.0,0.0,0.0,0.0,3,11000,0,0,0,0,0,0
TF,DP940,28.307417,76.537172,0, ,0.0,0.0,0.0,0.0,4,20000,15000,0,0,0,0,0
TF,DP414,28.519703,76.459875,0, ,0.0,0.0,0.0,0.0,0,0,0,0,0,0,0,0
TF,SURAM,28.750000,75.882222,0, ,0.0,0.0,0.0,0.0,0,0,0,0,0,0,0,0
TF,OROTI,29.283333,75.498889,0, ,0.0,0.0,0.0,0.0,0,0,0,0,0,0,0,0

SID,SP1B,28,5
VA,0,281.0,2,1700,0,1,250,0,0,0
DF,DP791,28.287053,77.888703,2, ,0.0,0.0,3,5000,0,1,250,0,0,0
TF,ND420,28.528825,77.970219,0, ,0.0,0.0,0.0,0.0,3,6000,0,0,0,0,0,0
TF,ND794,28.724225,77.965350,0, ,0.0,0.0,0.0,0.0,3,6000,0,0,0,0,0,0
TF,ND421,29.192897,77.953589,0, ,0.0,0.0,0.0,0.0,0,0,0,0,0,0,0,0
TF,UNVOM,29.665278,77.726667,0, ,0.0,0.0,0.0,0.0,0,0,0,0,0,0,0,0
TF,SP,29.999911,77.432008,0, ,0.0,0.0,0.0,0.0,0,0,0,0,0,0,0,0

SID,SP1D,10,5
VA,0,101.0,2,1700,0,1,250,0,0,0
DF,DP791,28.287053,77.888703,1, ,0.0,0.0,3,5000,0,1,250,0,0,0
TF,ND420,28.528825,77.970219,0, ,0.0,0.0,0.0,0.0,0,0,0,0,0,0,0,0
TF,ND794,28.724225,77.965350,0, ,0.0,0.0,0.0,0.0,3,13000,0,0,0,0,0,0
TF,ND421,29.192897,77.953589,0, ,0.0,0.0,0.0,0.0,0,0,0,0,0,0,0,0
TF,UNVOM,29.665278,77.726667,0, ,0.0,0.0,0.0,0.0,0,0,0,0,0,0,0,0
TF,SP,29.999911,77.432008,0, ,0.0,0.0,0.0,0.0,0,0,0,0,0,0,0,0

SID,SURA1D,10,5
VA,0,101.0,2,1700,0,1,250,0,0,0
DF,ND077,27.998644,77.644758,2, ,0.0,0.0,3,4000,0,1,250,0,0,0
TF,ND437,27.880175,77.519300,0, ,0.0,0.0,0.0,0.0,0,0,0,0,0,0,0,0
TF,ND469,27.817494,77.276664,0, ,0.0,0.0,0.0,0.0,3,8000,0,0,0,0,0,0
TF,ND464,27.822281,77.094931,0, ,0.0,0.0,0.0,0.0,4,10000,8000,0,0,0,0,0
TF,ND471,27.830061,76.797992,0, ,0.0,0.0,0.0,0.0,3,11000,0,0,0,0,0,0
TF,DP937,28.052058,76.598925,0, ,0.0,0.0,0.0,0.0,3,11000,0,0,0,0,0,0
TF,DP940,28.307417,76.537172,0, ,0.0,0.0,0.0,0.0,4,20000,15000,0,0,0,0,0
TF,DP414,28.519703,76.459875,0, ,0.0,0.0,0.0,0.0,0,0,0,0,0,0,0,0
TF,SURAM,28.750000,75.882222,0, ,0.0,0.0,0.0,0.0,0,0,0,0,0,0,0,0

STAR,ATRI1A,28,5
IF,ATRIN,27.818333,75.318889, ,0.0,0.0,0,0,0,0,0,0,0,0
TF,ND963,27.806089,75.934689,0, ,0.0,0.0,0.0,0.0,0,0,0,0,0,0,0,0
TF,AKBAN,28.231550,76.440819,0, ,0.0,0.0,0.0,0.0,0,0,0,0,0,0,0,0
TF,ND961,28.397678,76.831669,0, ,0.0,0.0,0.0,0.0,4,21000,17000,1,250,0,0,0
TF,ND408,28.276686,77.344547,0, ,0.0,0.0,0.0,0.0,4,15000,11000,1,210,0,0,0
TF,ND407,28.085283,77.569436,0, ,0.0,0.0,0.0,0.0,2,6000,0,1,210,0,0,0
TF,ND075,28.071714,77.643086,0, ,0.0,0.0,0.0,0.0,2,5000,0,1,210,0,0,0
TF,ND123,28.058075,77.716858,0, ,0.0,0.0,0.0,0.0,2,4000,0,1,185,0,0,0
VM,28.175556,77.606111,0,101.0,2,4000,0,1,185,0,0,0

STAR,ATRI1C,10,5
IF,ATRIN,27.818333,75.318889, ,0.0,0.0,0,0,0,0,0,0,0,0
TF,ND963,27.806089,75.934689,0, ,0.0,0.0,0.0,0.0,0,0,0,0,0,0,0,0
TF,AKBAN,28.231550,76.440819,0, ,0.0,0.0,0.0,0.0,0,0,0,0,0,0,0,0
TF,DP933,28.584239,76.908467,0, ,0.0,0.0,0.0,0.0,4,27000,21000,1,270,0,0,0
TF,DP902,28.510489,77.252461,0, ,0.0,0.0,0.0,0.0,4,20000,15000,1,250,0,0,0
TF,DP903,28.500181,77.672656,0, ,0.0,0.0,0.0,0.0,0,0,0,0,0,0,0,0
TF,DP904,28.444928,77.792128,0, ,0.0,0.0,0.0,0.0,2,11000,0,0,0,0,0,0
TF,DP905,28.241236,77.741883,0, ,0.0,0.0,0.0,0.0,3,10000,0,1,210,0,0,0
TF,ND072,28.061289,77.699500,0, ,0.0,0.0,0.0,0.0,2,7000,0,0,0,0,0,0
TF,ND070,28.084611,77.573094,0, ,0.0,0.0,0.0,0.0,2,5000,0,1,185,0,0,0
TF,ND076,28.094783,77.517739,0, ,0.0,0.0,0.0,0.0,2,4000,0,1,185,0,0,0
VM,28.175556,77.606111,0,281.0,2,4000,0,1,185,0,0,0

STAR,BILA1A,28,5
IF,BILAN,25.000278,77.840556, ,0.0,0.0,0,0,0,0,0,0,0,0
TF,ND439,25.981639,78.132306,0, ,0.0,0.0,0.0,0.0,0,0,0,0,0,0,0,0
TF,UPLUB,26.508889,77.895278,0, ,0.0,0.0,0.0,0.0,2,28000,0,1,270,0,0,0
TF,POSIG,27.216944,77.581944,0, ,0.0,0.0,0.0,0.0,2,18000,0,0,0,0,0,0
TF,LETPU,27.539167,77.466667,0, ,0.0,0.0,0.0,0.0,2,15000,0,1,250,0,0,0
TF,ND718,27.709675,77.492942,0, ,0.0,0.0,0.0,0.0,0,0,0,0,0,0,0,0
TF,ND437,27.880175,77.519300,0, ,0.0,0.0,0.0,0.0,2,11000,0,1,210,0,0,0
TF,ND407,28.085283,77.569436,0, ,0.0,0.0,0.0,0.0,2,6000,0,1,210,0,0,0
TF,ND075,28.071714,77.643086,0, ,0.0,0.0,0.0,0.0,2,5000,0,1,210,0,0,0
TF,ND123,28.058075,77.716858,0, ,0.0,0.0,0.0,0.0,2,4000,0,1,185,0,0,0
VM,28.175556,77.606111,0,101.0,2,4000,0,1,185,0,0,0

STAR,BILA1C,10,5
IF,BILAN,25.000278,77.840556, ,0.0,0.0,0,0,0,0,0,0,0,0
TF,ND439,25.981639,78.132306,0, ,0.0,0.0,0.0,0.0,0,0,0,0,0,0,0,0
TF,UPLUB,26.508889,77.895278,0, ,0.0,0.0,0.0,0.0,2,28000,0,1,270,0,0,0
TF,POSIG,27.216944,77.581944,0, ,0.0,0.0,0.0,0.0,2,18000,0,0,0,0,0,0
TF,LETPU,27.539167,77.466667,0, ,0.0,0.0,0.0,0.0,2,15000,0,1,250,0,0,0
TF,ND725,27.709869,77.604083,0, ,0.0,0.0,0.0,0.0,3,13000,0,0,0,0,0,0
TF,ND726,27.799331,77.822383,0, ,0.0,0.0,0.0,0.0,3,11000,0,0,0,0,0,0
TF,ND411,28.037167,77.829508,0, ,0.0,0.0,0.0,0.0,2,8000,0,1,210,0,0,0
TF,ND072,28.061289,77.699500,0, ,0.0,0.0,0.0,0.0,2,7000,0,0,0,0,0,0
TF,ND070,28.084611,77.573094,0, ,0.0,0.0,0.0,0.0,2,5000,0,1,185,0,0,0
TF,ND076,28.094783,77.517739,0, ,0.0,0.0,0.0,0.0,2,4000,0,1,185,0,0,0
VM,28.175556,77.606111,0,281.0,2,4000,0,1,185,0,0,0

STAR,BUBN1A,28,5
IF,BUBNU,26.440278,75.071944, ,0.0,0.0,0,0,0,0,0,0,0,0
TF,ND964,27.476272,75.594861,0, ,0.0,0.0,0.0,0.0,0,0,0,0,0,0,0,0
TF,ND963,27.806089,75.934689,0, ,0.0,0.0,0.0,0.0,0,0,0,0,0,0,0,0
TF,AKBAN,28.231550,76.440819,0, ,0.0,0.0,0.0,0.0,0,0,0,0,0,0,0,0
TF,ND961,28.397678,76.831669,0, ,0.0,0.0,0.0,0.0,4,21000,17000,1,250,0,0,0
TF,ND408,28.276686,77.344547,0, ,0.0,0.0,0.0,0.0,4,15000,11000,1,210,0,0,0
TF,ND407,28.085283,77.569436,0, ,0.0,0.0,0.0,0.0,2,6000,0,1,210,0,0,0
TF,ND075,28.071714,77.643086,0, ,0.0,0.0,0.0,0.0,2,5000,0,1,210,0,0,0
TF,ND123,28.058075,77.716858,0, ,0.0,0.0,0.0,0.0,2,4000,0,1,185,0,0,0
VM,28.175556,77.606111,0,101.0,2,4000,0,1,185,0,0,0

STAR,BUBN1C,10,5
IF,BUBNU,26.440278,75.071944, ,0.0,0.0,0,0,0,0,0,0,0,0
TF,ND964,27.476272,75.594861,0, ,0.0,0.0,0.0,0.0,0,0,0,0,0,0,0,0
TF,ND963,27.806089,75.934689,0, ,0.0,0.0,0.0,0.0,0,0,0,0,0,0,0,0
TF,AKBAN,28.231550,76.440819,0, ,0.0,0.0,0.0,0.0,0,0,0,0,0,0,0,0
TF,DP933,28.584239,76.908467,0, ,0.0,0.0,0.0,0.0,4,27000,21000,1,270,0,0,0
TF,DP902,28.510489,77.252461,0, ,0.0,0.0,0.0,0.0,4,20000,15000,1,250,0,0,0
TF,DP903,28.500181,77.672656,0, ,0.0,0.0,0.0,0.0,0,0,0,0,0,0,0,0
TF,DP904,28.444928,77.792128,0, ,0.0,0.0,0.0,0.0,2,11000,0,0,0,0,0,0
TF,DP905,28.241236,77.741883,0, ,0.0,0.0,0.0,0.0,3,10000,0,1,210,0,0,0
TF,ND072,28.061289,77.699500,0, ,0.0,0.0,0.0,0.0,2,7000,0,0,0,0,0,0
TF,ND070,28.084611,77.573094,0, ,0.0,0.0,0.0,0.0,2,5000,0,1,185,0,0,0
TF,ND076,28.094783,77.517739,0, ,0.0,0.0,0.0,0.0,2,4000,0,1,185,0,0,0
VM,28.175556,77.606111,0,281.0,2,4000,0,1,185,0,0,0

STAR,BUKL1A,28,5
IF,BUKLO,25.000278,77.257222, ,0.0,0.0,0,0,0,0,0,0,0,0
TF,ND781,25.334467,77.245108,0, ,0.0,0.0,0.0,0.0,0,0,0,0,0,0,0,0
TF,ND782,25.614458,77.382492,0, ,0.0,0.0,0.0,0.0,0,0,0,0,0,0,0,0
TF,ND783,27.344678,77.320506,0, ,0.0,0.0,0.0,0.0,2,18000,0,0,0,0,0,0
TF,LETPU,27.539167,77.466667,0, ,0.0,0.0,0.0,0.0,2,15000,0,1,250,0,0,0
TF,ND718,27.709675,77.492942,0, ,0.0,0.0,0.0,0.0,0,0,0,0,0,0,0,0
TF,ND437,27.880175,77.519300,0, ,0.0,0.0,0.0,0.0,2,11000,0,1,210,0,0,0
TF,ND407,28.085283,77.569436,0, ,0.0,0.0,0.0,0.0,2,6000,0,1,210,0,0,0
TF,ND075,28.071714,77.643086,0, ,0.0,0.0,0.0,0.0,2,5000,0,1,210,0,0,0
TF,ND123,28.058075,77.716858,0, ,0.0,0.0,0.0,0.0,2,4000,0,1,185,0,0,0
VM,28.175556,77.606111,0,101.0,2,4000,0,1,185,0,0,0

STAR,BUKL1C,10,5
IF,BUKLO,25.000278,77.257222, ,0.0,0.0,0,0,0,0,0,0,0,0
TF,ND781,25.334467,77.245108,0, ,0.0,0.0,0.0,0.0,0,0,0,0,0,0,0,0
TF,ND782,25.614458,77.382492,0, ,0.0,0.0,0.0,0.0,0,0,0,0,0,0,0,0
TF,ND783,27.344678,77.320506,0, ,0.0,0.0,0.0,0.0,2,18000,0,0,0,0,0,0
TF,LETPU,27.539167,77.466667,0, ,0.0,0.0,0.0,0.0,2,15000,0,1,250,0,0,0
TF,ND725,27.709869,77.604083,0, ,0.0,0.0,0.0,0.0,3,13000,0,0,0,0,0,0
TF,ND726,27.799331,77.822383,0, ,0.0,0.0,0.0,0.0,3,11000,0,0,0,0,0,0
TF,ND411,28.037167,77.829508,0, ,0.0,0.0,0.0,0.0,2,8000,0,1,210,0,0,0
TF,ND072,28.061289,77.699500,0, ,0.0,0.0,0.0,0.0,2,7000,0,0,0,0,0,0
TF,ND070,28.084611,77.573094,0, ,0.0,0.0,0.0,0.0,2,5000,0,1,185,0,0,0
TF,ND076,28.094783,77.517739,0, ,0.0,0.0,0.0,0.0,2,4000,0,1,185,0,0,0
VM,28.175556,77.606111,0,281.0,2,4000,0,1,185,0,0,0

STAR,ELKU1A,28,5
IF,ELKUX,29.841667,75.511389, ,0.0,0.0,0,0,0,0,0,0,0,0
TF,DP887,29.534583,75.620842,0, ,0.0,0.0,0.0,0.0,0,0,0,0,0,0,0,0
TF,DP888,28.600481,76.812817,0, ,0.0,0.0,0.0,0.0,0,0,0,0,0,0,0,0
TF,ND409,28.359969,76.992528,0, ,0.0,0.0,0.0,0.0,4,21000,17000,1,250,0,0,0
TF,ND408,28.276686,77.344547,0, ,0.0,0.0,0.0,0.0,4,15000,11000,1,210,0,0,0
TF,ND407,28.085283,77.569436,0, ,0.0,0.0,0.0,0.0,2,6000,0,1,210,0,0,0
TF,ND075,28.071714,77.643086,0, ,0.0,0.0,0.0,0.0,2,5000,0,1,210,0,0,0
TF,ND123,28.058075,77.716858,0, ,0.0,0.0,0.0,0.0,2,4000,0,1,185,0,0,0
VM,28.175556,77.606111,0,101.0,2,4000,0,1,185,0,0,0

STAR,ELKU1C,10,5
IF,ELKUX,29.841667,75.511389, ,0.0,0.0,0,0,0,0,0,0,0,0
TF,DP887,29.534583,75.620842,0, ,0.0,0.0,0.0,0.0,0,0,0,0,0,0,0,0
TF,DP888,28.600481,76.812817,0, ,0.0,0.0,0.0,0.0,0,0,0,0,0,0,0,0
TF,DP933,28.584239,76.908467,0, ,0.0,0.0,0.0,0.0,4,27000,21000,1,270,0,0,0
TF,DP902,28.510489,77.252461,0, ,0.0,0.0,0.0,0.0,4,20000,15000,1,250,0,0,0
TF,DP903,28.500181,77.672656,0, ,0.0,0.0,0.0,0.0,0,0,0,0,0,0,0,0
TF,DP904,28.444928,77.792128,0, ,0.0,0.0,0.0,0.0,2,11000,0,0,0,0,0,0
TF,DP905,28.241236,77.741883,0, ,0.0,0.0,0.0,0.0,3,10000,0,1,210,0,0,0
TF,ND072,28.061289,77.699500,0, ,0.0,0.0,0.0,0.0,2,7000,0,0,0,0,0,0
TF,ND070,28.084611,77.573094,0, ,0.0,0.0,0.0,0.0,2,5000,0,1,185,0,0,0
TF,ND076,28.094783,77.517739,0, ,0.0,0.0,0.0,0.0,2,4000,0,1,185,0,0,0
VM,28.175556,77.606111,0,281.0,2,4000,0,1,185,0,0,0

STAR,LKA1A,28,5
IF,LKA,28.189006,74.111300, ,0.0,0.0,0,0,0,0,0,0,0,0
TF,AKBAN,28.231550,76.440819,0, ,0.0,0.0,0.0,0.0,0,0,0,0,0,0,0,0
TF,ND961,28.397678,76.831669,0, ,0.0,0.0,0.0,0.0,4,21000,17000,1,250,0,0,0
TF,ND408,28.276686,77.344547,0, ,0.0,0.0,0.0,0.0,4,15000,11000,1,210,0,0,0
TF,ND407,28.085283,77.569436,0, ,0.0,0.0,0.0,0.0,2,6000,0,1,210,0,0,0
TF,ND075,28.071714,77.643086,0, ,0.0,0.0,0.0,0.0,2,5000,0,1,210,0,0,0
TF,ND123,28.058075,77.716858,0, ,0.0,0.0,0.0,0.0,2,4000,0,1,185,0,0,0
VM,28.175556,77.606111,0,101.0,2,4000,0,1,185,0,0,0

STAR,LKA1C,10,5
IF,LKA,28.189006,74.111300, ,0.0,0.0,0,0,0,0,0,0,0,0
TF,AKBAN,28.231550,76.440819,0, ,0.0,0.0,0.0,0.0,0,0,0,0,0,0,0,0
TF,DP933,28.584239,76.908467,0, ,0.0,0.0,0.0,0.0,4,27000,21000,1,270,0,0,0
TF,DP902,28.510489,77.252461,0, ,0.0,0.0,0.0,0.0,4,20000,15000,1,250,0,0,0
TF,DP903,28.500181,77.672656,0, ,0.0,0.0,0.0,0.0,0,0,0,0,0,0,0,0
TF,DP904,28.444928,77.792128,0, ,0.0,0.0,0.0,0.0,2,11000,0,0,0,0,0,0
TF,DP905,28.241236,77.741883,0, ,0.0,0.0,0.0,0.0,3,10000,0,1,210,0,0,0
TF,ND072,28.061289,77.699500,0, ,0.0,0.0,0.0,0.0,2,7000,0,0,0,0,0,0
TF,ND070,28.084611,77.573094,0, ,0.0,0.0,0.0,0.0,2,5000,0,1,185,0,0,0
TF,ND076,28.094783,77.517739,0, ,0.0,0.0,0.0,0.0,2,4000,0,1,185,0,0,0
VM,28.175556,77.606111,0,281.0,2,4000,0,1,185,0,0,0

STAR,LKN1A,28,5
IF,LKN,26.758611,80.894444, ,0.0,0.0,0,0,0,0,0,0,0,0
TF,ND428,27.263219,80.230775,0, ,0.0,0.0,0.0,0.0,0,0,0,0,0,0,0,0
TF,ND430,27.510844,79.564578,0, ,0.0,0.0,0.0,0.0,0,0,0,0,0,0,0,0
TF,ND431,27.836769,78.669558,0, ,0.0,0.0,0.0,0.0,0,0,0,1,250,0,0,0
TF,ND429,28.038228,78.368803,0, ,0.0,0.0,0.0,0.0,2,9000,0,1,210,0,0,0
TF,ND025,28.118747,77.941519,0, ,0.0,0.0,0.0,0.0,2,2600,0,1,185,0,0,0
VM,28.175556,77.606111,0,281.0,2,2600,0,1,185,0,0,0

STAR,LKN1C,10,5
IF,LKN,26.758611,80.894444, ,0.0,0.0,0,0,0,0,0,0,0,0
TF,ND428,27.263219,80.230775,0, ,0.0,0.0,0.0,0.0,0,0,0,0,0,0,0,0
TF,ND430,27.510844,79.564578,0, ,0.0,0.0,0.0,0.0,0,0,0,0,0,0,0,0
TF,ND431,27.836769,78.669558,0, ,0.0,0.0,0.0,0.0,0,0,0,0,0,0,0,0
TF,ND429,28.038228,78.368803,0, ,0.0,0.0,0.0,0.0,2,14000,0,1,210,0,0,0
TF,ND071,28.037844,78.044225,0, ,0.0,0.0,0.0,0.0,3,11000,0,0,0,0,0,0
TF,ND411,28.037167,77.829508,0, ,0.0,0.0,0.0,0.0,2,8000,0,1,210,0,0,0
TF,ND072,28.061289,77.699500,0, ,0.0,0.0,0.0,0.0,2,7000,0,0,0,0,0,0
TF,ND070,28.084611,77.573094,0, ,0.0,0.0,0.0,0.0,2,5000,0,1,185,0,0,0
TF,ND076,28.094783,77.517739,0, ,0.0,0.0,0.0,0.0,2,4000,0,1,185,0,0,0
VM,28.175556,77.606111,0,281.0,2,4000,0,1,185,0,0,0

STAR,MEMI1A,28,5
IF,MEMID,25.608611,78.298611, ,0.0,0.0,0,0,0,0,0,0,0,0
TF,ND439,25.981639,78.132306,0, ,0.0,0.0,0.0,0.0,0,0,0,0,0,0,0,0
TF,UPLUB,26.508889,77.895278,0, ,0.0,0.0,0.0,0.0,2,28000,0,1,270,0,0,0
TF,POSIG,27.216944,77.581944,0, ,0.0,0.0,0.0,0.0,2,18000,0,0,0,0,0,0
TF,LETPU,27.539167,77.466667,0, ,0.0,0.0,0.0,0.0,2,15000,0,1,250,0,0,0
TF,ND718,27.709675,77.492942,0, ,0.0,0.0,0.0,0.0,0,0,0,0,0,0,0,0
TF,ND437,27.880175,77.519300,0, ,0.0,0.0,0.0,0.0,2,11000,0,1,210,0,0,0
TF,ND407,28.085283,77.569436,0, ,0.0,0.0,0.0,0.0,2,6000,0,1,210,0,0,0
TF,ND075,28.071714,77.643086,0, ,0.0,0.0,0.0,0.0,2,5000,0,1,210,0,0,0
TF,ND123,28.058075,77.716858,0, ,0.0,0.0,0.0,0.0,2,4000,0,1,185,0,0,0
VM,28.175556,77.606111,0,101.0,2,4000,0,1,185,0,0,0

STAR,MEMI1C,10,5
IF,MEMID,25.608611,78.298611, ,0.0,0.0,0,0,0,0,0,0,0,0
TF,ND439,25.981639,78.132306,0, ,0.0,0.0,0.0,0.0,0,0,0,0,0,0,0,0
TF,UPLUB,26.508889,77.895278,0, ,0.0,0.0,0.0,0.0,2,28000,0,1,270,0,0,0
TF,POSIG,27.216944,77.581944,0, ,0.0,0.0,0.0,0.0,2,18000,0,0,0,0,0,0
TF,LETPU,27.539167,77.466667,0, ,0.0,0.0,0.0,0.0,2,15000,0,1,250,0,0,0
TF,ND725,27.709869,77.604083,0, ,0.0,0.0,0.0,0.0,3,13000,0,0,0,0,0,0
TF,ND726,27.799331,77.822383,0, ,0.0,0.0,0.0,0.0,3,11000,0,0,0,0,0,0
TF,ND411,28.037167,77.829508,0, ,0.0,0.0,0.0,0.0,2,8000,0,1,210,0,0,0
TF,ND072,28.061289,77.699500,0, ,0.0,0.0,0.0,0.0,2,7000,0,0,0,0,0,0
TF,ND070,28.084611,77.573094,0, ,0.0,0.0,0.0,0.0,2,5000,0,1,185,0,0,0
TF,ND076,28.094783,77.517739,0, ,0.0,0.0,0.0,0.0,2,4000,0,1,185,0,0,0
VM,28.175556,77.606111,0,281.0,2,4000,0,1,185,0,0,0

STAR,PUMO1A,28,5
IF,PUMOT,28.466667,78.781944, ,0.0,0.0,0,0,0,1,250,0,0,0
TF,ND429,28.038228,78.368803,0, ,0.0,0.0,0.0,0.0,2,9000,0,1,210,0,0,0
TF,ND025,28.118747,77.941519,0, ,0.0,0.0,0.0,0.0,2,2600,0,1,185,0,0,0
VM,28.175556,77.606111,0,281.0,2,2600,0,1,185,0,0,0

STAR,PUMO1C,10,5
IF,PUMOT,28.466667,78.781944, ,0.0,0.0,0,0,0,0,0,0,0,0
TF,ND429,28.038228,78.368803,0, ,0.0,0.0,0.0,0.0,2,14000,0,1,210,0,0,0
TF,ND071,28.037844,78.044225,0, ,0.0,0.0,0.0,0.0,3,11000,0,0,0,0,0,0
TF,ND411,28.037167,77.829508,0, ,0.0,0.0,0.0,0.0,2,8000,0,1,210,0,0,0
TF,ND072,28.061289,77.699500,0, ,0.0,0.0,0.0,0.0,2,7000,0,0,0,0,0,0
TF,ND070,28.084611,77.573094,0, ,0.0,0.0,0.0,0.0,2,5000,0,1,185,0,0,0
TF,ND076,28.094783,77.517739,0, ,0.0,0.0,0.0,0.0,2,4000,0,1,185,0,0,0
VM,28.175556,77.606111,0,281.0,2,4000,0,1,185,0,0,0

STAR,SP1A,28,5
IF,SP,29.999911,77.432008, ,0.0,0.0,0,0,0,0,0,0,0,0
TF,SAM,28.819942,76.819711,0, ,0.0,0.0,0.0,0.0,0,0,0,0,0,0,0,0
TF,ND409,28.359969,76.992528,0, ,0.0,0.0,0.0,0.0,4,21000,17000,1,250,0,0,0
TF,ND408,28.276686,77.344547,0, ,0.0,0.0,0.0,0.0,4,15000,11000,1,210,0,0,0
TF,ND407,28.085283,77.569436,0, ,0.0,0.0,0.0,0.0,2,6000,0,1,210,0,0,0
TF,ND075,28.071714,77.643086,0, ,0.0,0.0,0.0,0.0,2,5000,0,1,210,0,0,0
TF,ND123,28.058075,77.716858,0, ,0.0,0.0,0.0,0.0,2,4000,0,1,185,0,0,0
VM,28.175556,77.606111,0,101.0,2,4000,0,1,185,0,0,0

STAR,SP1C,10,5
IF,SP,29.999911,77.432008, ,0.0,0.0,0,0,0,0,0,0,0,0
TF,DP907,29.002431,77.825297,0, ,0.0,0.0,0.0,0.0,0,0,0,1,250,0,0,0
TF,ND842,28.786606,77.830981,0, ,0.0,0.0,0.0,0.0,3,17000,0,0,0,0,0,0
TF,DP906,28.619550,77.835361,0, ,0.0,0.0,0.0,0.0,3,15000,0,0,0,0,0,0
TF,DP904,28.444928,77.792128,0, ,0.0,0.0,0.0,0.0,2,11000,0,0,0,0,0,0
TF,DP905,28.241236,77.741883,0, ,0.0,0.0,0.0,0.0,3,10000,0,1,210,0,0,0
TF,ND072,28.061289,77.699500,0, ,0.0,0.0,0.0,0.0,2,7000,0,0,0,0,0,0
TF,ND070,28.084611,77.573094,0, ,0.0,0.0,0.0,0.0,2,5000,0,1,185,0,0,0
TF,ND076,28.094783,77.517739,0, ,0.0,0.0,0.0,0.0,2,4000,0,1,185,0,0,0
VM,28.175556,77.606111,0,281.0,2,4000,0,1,185,0,0,0

STAR,SURG1A,28,5
IF,SURGO,27.483611,77.146111, ,0.0,0.0,0,0,0,1,250,0,0,0
TF,ND718,27.709675,77.492942,0, ,0.0,0.0,0.0,0.0,0,0,0,0,0,0,0,0
TF,ND437,27.880175,77.519300,0, ,0.0,0.0,0.0,0.0,2,11000,0,1,210,0,0,0
TF,ND407,28.085283,77.569436,0, ,0.0,0.0,0.0,0.0,2,6000,0,1,210,0,0,0
TF,ND075,28.071714,77.643086,0, ,0.0,0.0,0.0,0.0,2,5000,0,1,210,0,0,0
TF,ND123,28.058075,77.716858,0, ,0.0,0.0,0.0,0.0,2,4000,0,1,185,0,0,0
VM,28.175556,77.606111,0,101.0,2,4000,0,1,185,0,0,0

STAR,SURG1C,10,5
IF,SURGO,27.483611,77.146111, ,0.0,0.0,0,0,0,1,250,0,0,0
TF,ND725,27.709869,77.604083,0, ,0.0,0.0,0.0,0.0,3,13000,0,0,0,0,0,0
TF,ND726,27.799331,77.822383,0, ,0.0,0.0,0.0,0.0,3,11000,0,0,0,0,0,0
TF,ND411,28.037167,77.829508,0, ,0.0,0.0,0.0,0.0,2,8000,0,1,210,0,0,0
TF,ND072,28.061289,77.699500,0, ,0.0,0.0,0.0,0.0,2,7000,0,0,0,0,0,0
TF,ND070,28.084611,77.573094,0, ,0.0,0.0,0.0,0.0,2,5000,0,1,185,0,0,0
TF,ND076,28.094783,77.517739,0, ,0.0,0.0,0.0,0.0,2,4000,0,1,185,0,0,0
VM,28.175556,77.606111,0,281.0,2,4000,0,1,185,0,0,0

STAR,UKAS1A,28,5
IF,UKASO,27.637500,75.864167, ,0.0,0.0,0,0,0,0,0,0,0,0
TF,ND963,27.806089,75.934689,0, ,0.0,0.0,0.0,0.0,0,0,0,0,0,0,0,0
TF,AKBAN,28.231550,76.440819,0, ,0.0,0.0,0.0,0.0,0,0,0,0,0,0,0,0
TF,ND961,28.397678,76.831669,0, ,0.0,0.0,0.0,0.0,4,21000,17000,1,250,0,0,0
TF,ND408,28.276686,77.344547,0, ,0.0,0.0,0.0,0.0,4,15000,11000,1,210,0,0,0
TF,ND407,28.085283,77.569436,0, ,0.0,0.0,0.0,0.0,2,6000,0,1,210,0,0,0
TF,ND075,28.071714,77.643086,0, ,0.0,0.0,0.0,0.0,2,5000,0,1,210,0,0,0
TF,ND123,28.058075,77.716858,0, ,0.0,0.0,0.0,0.0,2,4000,0,1,185,0,0,0
VM,28.175556,77.606111,0,101.0,2,4000,0,1,185,0,0,0

STAR,UKAS1C,10,5
IF,UKASO,27.637500,75.864167, ,0.0,0.0,0,0,0,0,0,0,0,0
TF,ND963,27.806089,75.934689,0, ,0.0,0.0,0.0,0.0,0,0,0,0,0,0,0,0
TF,AKBAN,28.231550,76.440819,0, ,0.0,0.0,0.0,0.0,0,0,0,0,0,0,0,0
TF,DP933,28.584239,76.908467,0, ,0.0,0.0,0.0,0.0,4,27000,21000,1,270,0,0,0
TF,DP902,28.510489,77.252461,0, ,0.0,0.0,0.0,0.0,4,20000,15000,1,250,0,0,0
TF,DP903,28.500181,77.672656,0, ,0.0,0.0,0.0,0.0,0,0,0,0,0,0,0,0
TF,DP904,28.444928,77.792128,0, ,0.0,0.0,0.0,0.0,2,11000,0,0,0,0,0,0
TF,DP905,28.241236,77.741883,0, ,0.0,0.0,0.0,0.0,3,10000,0,1,210,0,0,0
TF,ND072,28.061289,77.699500,0, ,0.0,0.0,0.0,0.0,2,7000,0,0,0,0,0,0
TF,ND070,28.084611,77.573094,0, ,0.0,0.0,0.0,0.0,2,5000,0,1,185,0,0,0
TF,ND076,28.094783,77.517739,0, ,0.0,0.0,0.0,0.0,2,4000,0,1,185,0,0,0
VM,28.175556,77.606111,0,281.0,2,4000,0,1,185,0,0,0

APPTR,I10-Y,10,JWR1
IF,JWR,28.175950,77.638206, ,0.0,0.0,2,4000,0,1,210,0,0,0
TF,D262J,28.155042,77.447311,0, ,0.0,0.0,0.0,0.0,2,2200,0,0,0,0,0,1
CI,2,IJIA,0.0,71.0,0,0,0,0,0,0,0,0

APPTR,I10-Y,10,JWR2
IF,JWR,28.175950,77.638206, ,0.0,0.0,2,4000,0,0,0,0,0,0
TF,D271I,28.181203,77.464794,0, ,0.0,0.0,0.0,0.0,2,2200,0,0,0,0,0,1
CI,2,IJIA,0.0,71.0,0,0,0,0,0,0,0,0

FINAL,I10-Y,10,I,3
IF,CI10,28.225853,77.360961,IJIA,280.8,14.9,2,2600,0,0,0,0,1,0
CF,FI10,28.199444,77.505447,0,IJIA,280.8,7.1,101.0,7.8,1,2200,0,0,0,0,2,0
CF,RW10,28.183467,77.592442,0,IJIA,280.8,2.3,101.0,4.7,1,707,0,0,0,0,3,0
CA,0,101.0,2,1060,0,0,0,0,0,0
DF,D101P,28.118631,77.940578,0, ,0.0,0.0,1,4000,0,0,0,0,0,0
HM,D101P,28.118631,77.940578,2, ,0.0,0.0,281.0,04.3,2,4000,0,1,210,0,0,0,0

APPTR,I28-Y,28,D101Q
IF,D101Q,28.116853,77.951639, ,0.0,0.0,2,4000,0,1,210,0,1,0
CF,CI28,28.137486,77.840956,0,IJWR,100.7,13.8,281.0,6.0,2,2600,0,0,0,0,1,0

APPTR,I28-Y,28,D132F
IF,D132F,28.107539,77.720908, ,0.0,0.0,2,3600,0,1,210,0,1,0
TF,D132I,28.073314,77.762222,0, ,0.0,0.0,0.0,0.0,0,0,0,0,0,0,0,0
TF,D132K,28.050492,77.789750,0, ,0.0,0.0,0.0,0.0,0,0,0,0,0,0,0,0
AF,D112K,28.103986,77.829039,1,JWR,112.0,11.0,132.0,2,2600,0,0,0,0,0,0
CI,0,IJWR,0.0,311.0,0,0,0,0,0,0,0,0

APPTR,I28-Y,28,JWR
IF,JWR,28.175950,77.638206, ,0.0,0.0,2,3600,0,1,210,0,1,0
TF,D132F,28.107539,77.720908,0, ,0.0,0.0,0.0,0.0,2,3600,0,0,0,0,0,0
TF,D132I,28.073314,77.762222,0, ,0.0,0.0,0.0,0.0,2,2600,0,0,0,0,0,0
TF,D132K,28.050492,77.789750,0, ,0.0,0.0,0.0,0.0,0,0,0,0,0,0,0,0
AF,D112K,28.103986,77.829039,1,JWR,112.0,11.0,132.0,2,2600,0,0,0,0,0,0
CI,0,IJWR,0.0,311.0,0,0,0,0,0,0,0,0

FINAL,I28-Y,28,I,3
IF,CI28,28.137486,77.840956,IJWR,100.7,13.8,2,2600,0,0,0,0,0,0
CF,FI28,28.160253,77.718231,0,IJWR,100.7,7.1,281.0,6.7,1,2200,0,0,0,0,2,0
CF,RW28,28.176308,77.631303,0,IJWR,100.7,2.4,281.0,4.7,1,704,0,0,0,0,3,0
CA,0,281.0,2,2200,0,0,0,0,0,0
DF,JWR,28.175950,77.638206,2, ,0.0,0.0,0,0,0,0,0,0,0,0
CF,D132F,28.107539,77.720908,0,JWR,132.0,6.0,132.0,6.0,1,3600,0,1,185,0,0,0
HM,D132F,28.107539,77.720908,1, ,0.0,0.0,132.0,04.3,2,3600,0,1,210,0,0,0,0

APPTR,R10,10,ND223
IF,ND223,28.280092,77.530917, ,0.0,0.0,4,4000,2600,1,185,0,1,0
TF,ND238,28.260517,77.452414,0, ,0.0,0.0,0.0,0.0,4,3600,2600,1,185,0,0,0
TF,ND242,28.211256,77.440931,0, ,0.0,0.0,0.0,0.0,2,2600,0,1,185,0,1,0

APPTR,R10,10,ND226
IF,ND226,28.099944,77.489619, ,0.0,0.0,4,5000,2600,1,185,0,1,0
TF,ND237,28.145789,77.425689,0, ,0.0,0.0,0.0,0.0,4,3600,2600,1,185,0,0,0
TF,ND242,28.211256,77.440931,0, ,0.0,0.0,0.0,0.0,2,2600,0,1,185,0,1,0

APPTR,R10,10,ND228
IF,ND228,28.138614,77.277742, ,0.0,0.0,4,5000,2600,1,185,0,1,0
TF,ND233,28.236853,77.300481,0, ,0.0,0.0,0.0,0.0,4,4000,2600,1,185,0,0,0
TF,ND232,28.223397,77.374411,0, ,0.0,0.0,0.0,0.0,4,3600,2600,1,185,0,0,0
TF,ND242,28.211256,77.440931,0, ,0.0,0.0,0.0,0.0,2,2600,0,1,185,0,1,0

APPTR,R10,10,ND230
IF,ND230,28.318686,77.319453, ,0.0,0.0,4,4000,2600,1,185,0,1,0
TF,ND233,28.236853,77.300481,0, ,0.0,0.0,0.0,0.0,4,4000,2600,1,185,0,0,0
TF,ND232,28.223397,77.374411,0, ,0.0,0.0,0.0,0.0,4,3600,2600,1,185,0,0,0
TF,ND242,28.211256,77.440931,0, ,0.0,0.0,0.0,0.0,2,2600,0,1,185,0,1,0

APPTR,R10,10,ND234
IF,ND234,28.305222,77.393439, ,0.0,0.0,4,4000,2600,1,185,0,1,0
TF,ND232,28.223397,77.374411,0, ,0.0,0.0,0.0,0.0,4,3600,2600,1,185,0,0,0
TF,ND242,28.211256,77.440931,0, ,0.0,0.0,0.0,0.0,2,2600,0,1,185,0,1,0

APPTR,R10,10,ND236
IF,ND236,28.125172,77.351608, ,0.0,0.0,4,5000,2600,1,185,0,1,0
TF,ND232,28.223397,77.374411,0, ,0.0,0.0,0.0,0.0,4,3600,2600,1,185,0,0,0
TF,ND242,28.211256,77.440931,0, ,0.0,0.0,0.0,0.0,2,2600,0,1,185,0,1,0

FINAL,R10,10,R,3
IF,ND242,28.211256,77.440931, ,0.0,0.0,2,2600,0,1,185,0,0,0
TF,ND002,28.199417,77.505589,0, ,0.0,0.0,101.0,3.5,1,2200,0,0,0,0,2,0
TF,RW10,28.183467,77.592442,0, ,0.0,0.0,101.0,4.7,1,703,0,0,0,0,3,1
CF,ND025,28.118747,77.941519,0,JWR,100.9,16.5,101.0,18.9,2,4000,0,1,185,0,0,1
HM,ND025,28.118747,77.941519,2, ,0.0,0.0,281.0,04.3,2,4000,0,1,210,0,0,0,0

APPTR,R28,28,ND025
IF,ND025,28.118747,77.941519, ,0.0,0.0,4,5000,2600,1,185,0,1,0
TF,ND024,28.129069,77.886183,0, ,0.0,0.0,0.0,0.0,4,4600,2600,1,185,0,0,0
TF,ND023,28.139372,77.830833,0, ,0.0,0.0,0.0,0.0,4,3600,2600,1,185,0,0,0
TF,ND022,28.149653,77.775475,0, ,0.0,0.0,0.0,0.0,2,2600,0,1,185,0,1,0

APPTR,R28,28,ND123
IF,ND123,28.058075,77.716858, ,0.0,0.0,4,5000,2600,1,185,0,1,0
TF,ND222,28.065869,77.807386,0, ,0.0,0.0,0.0,0.0,4,4000,2600,1,185,0,0,0
TF,ND121,28.115103,77.819019,0, ,0.0,0.0,0.0,0.0,4,3400,2600,1,185,0,0,0
TF,ND022,28.149653,77.775475,0, ,0.0,0.0,0.0,0.0,2,2600,0,1,185,0,1,0

APPTR,R28,28,ND124
IF,ND124,28.030944,77.862936, ,0.0,0.0,4,5000,2600,1,185,0,1,0
TF,ND024,28.129069,77.886183,0, ,0.0,0.0,0.0,0.0,4,4600,2600,1,185,0,0,0
TF,ND023,28.139372,77.830833,0, ,0.0,0.0,0.0,0.0,4,3600,2600,1,185,0,0,0
TF,ND022,28.149653,77.775475,0, ,0.0,0.0,0.0,0.0,2,2600,0,1,185,0,1,0

APPTR,R28,28,ND125
IF,ND125,28.020631,77.918228, ,0.0,0.0,4,5000,2600,1,185,0,1,0
TF,ND025,28.118747,77.941519,0, ,0.0,0.0,0.0,0.0,4,5000,2600,0,0,0,0,0
TF,ND024,28.129069,77.886183,0, ,0.0,0.0,0.0,0.0,4,4600,2600,1,185,0,0,0
TF,ND023,28.139372,77.830833,0, ,0.0,0.0,0.0,0.0,4,3600,2600,1,185,0,0,0
TF,ND022,28.149653,77.775475,0, ,0.0,0.0,0.0,0.0,2,2600,0,1,185,0,1,0

FINAL,R28,28,R,3
IF,ND022,28.149653,77.775475, ,0.0,0.0,2,2600,0,1,185,0,0,0
TF,ND004,28.160250,77.718258,0, ,0.0,0.0,281.0,3.1,1,2200,0,0,0,0,2,0
TF,RW28,28.176308,77.631303,0, ,0.0,0.0,281.0,4.7,1,700,0,0,0,0,3,1
CF,ND333,28.215083,77.420169,0,JWR,280.5,11.8,281.0,11.4,2,2600,0,1,185,0,0,1
HM,ND333,28.215083,77.420169,1, ,0.0,0.0,281.0,04.3,2,2600,0,1,210,0,0,0,0

