SID,AKSA1A,03,2
VD, ,0,0,0,BOK,0.0,0.0,31.0,7.0,0,0,0,0,0,0,0,0
CF,AKSAG,20.816667,100.466667,0,BOK,30.9,35.2,31.0,40.0,0,0,0,0,0,0,0,0

SID,EGIG1A,03,2
VD, ,0,0,0,BOK,0.0,0.0,31.0,7.0,0,0,0,0,0,0,0,0
VI,0, ,0.0,85.0,0,0,0,0,0,0,0,0
CF,EGIGA,20.873333,100.963056,0,BOK,54.2,56.8,55.0,46.0,0,0,0,0,0,0,0,0

SID,EGOT1A,03,2
VD, ,0,0,0,BOK,0.0,0.0,31.0,7.0,0,0,0,0,0,0,0,0
VI,0, ,0.0,119.0,0,0,0,0,0,0,0,0
CF,EGOTU,20.329722,100.961944,0,BOK,89.1,45.6,89.0,28.0,0,0,0,0,0,0,0,0

SID,IGBE1A,03,5
CF,ATOVA,20.407389,100.216500,0,BOK,31.0,7.0,31.0,5.1,2,3100,0,0,0,0,0,0
TF,IDEBI,20.449528,100.372694,0, ,0.0,0.0,0.0,0.0,2,6250,0,0,0,0,0,0
TF,IGBEP,20.464861,100.564722,0, ,0.0,0.0,0.0,0.0,0,0,0,0,0,0,0,0

SID,LAVU1A,03,5
CF,ATOVA,20.407389,100.216500,0,BOK,31.0,7.0,31.0,5.1,2,3100,0,0,0,0,0,0
TF,URBIT,20.494306,100.269833,0, ,0.0,0.0,0.0,0.0,2,5300,0,0,0,0,0,0
TF,LAVUD,20.668500,100.375806,0, ,0.0,0.0,0.0,0.0,0,0,0,0,0,0,0,0

SID,PONU1A,03,5
CF,ATOVA,20.407389,100.216500,0,BOK,31.0,7.0,31.0,5.1,2,3100,0,0,0,0,0,0
TF,IDEBI,20.449528,100.372694,0, ,0.0,0.0,0.0,0.0,2,6250,0,1,165,0,0,0
TF,PONUK,20.316139,100.384944,0, ,0.0,0.0,0.0,0.0,0,0,0,0,0,0,0,0

SID,UXOP1A,03,5
CF,ATOVA,20.407389,100.216500,0,BOK,31.0,7.0,31.0,5.1,2,3100,0,0,0,0,0,0
TF,URBIT,20.494306,100.269833,0, ,0.0,0.0,0.0,0.0,2,5300,0,0,0,0,0,0
TF,UXOPO,20.621361,100.445917,0, ,0.0,0.0,0.0,0.0,0,0,0,0,0,0,0,0

STAR,IGBE1B,21,5
IF,IGBEP,20.464861,100.564722, ,0.0,0.0,0,0,0,0,0,0,0,0
TF,ENGIG,20.500667,100.458972,0, ,0.0,0.0,0.0,0.0,0,0,0,0,0,0,0,0
TF,GUXUB,20.552472,100.305500,0, ,0.0,0.0,0.0,0.0,2,6100,0,0,0,0,0,0

STAR,LAVU1B,21,5
IF,LAVUD,20.668500,100.375806, ,0.0,0.0,0,0,0,0,0,0,0,0
TF,TULPU,20.595861,100.331750,0, ,0.0,0.0,0.0,0.0,2,6300,0,0,0,0,0,0
TF,GUXUB,20.552472,100.305500,0, ,0.0,0.0,0.0,0.0,2,6100,0,0,0,0,0,0

STAR,PONU1B,21,5
IF,PONUK,20.316139,100.384944, ,0.0,0.0,0,0,0,0,0,0,0,0
TF,ENGIG,20.500667,100.458972,0, ,0.0,0.0,0.0,0.0,0,0,0,0,0,0,0,0
TF,GUXUB,20.552472,100.305500,0, ,0.0,0.0,0.0,0.0,2,6100,0,0,0,0,0,0

STAR,UXOP1B,21,5
IF,UXOPO,20.621361,100.445917, ,0.0,0.0,0,0,0,0,0,0,0,0
TF,GUXUB,20.552472,100.305500,0, ,0.0,0.0,0.0,0.0,2,6100,0,0,0,0,0,0

APPTR,D21,21,OSOSU
IF,OSOSU,20.381944,100.481667, ,0.0,0.0,2,7100,0,0,0,0,1,0
AF,IGDOD,20.581222,100.323139,1,BOK,31.0,19.0,77.0,2,7100,0,0,0,0,1,0

FINAL,D21,21,D,4
IF,IGDOD,20.581222,100.323139,BOK,31.0,19.0,2,7100,0,0,0,0,0,0
CF,FF21,20.480083,100.261056,0,BOK,31.0,12.0,211.0,7.0,2,4850,0,0,0,0,2,0
CF,VOR10,20.451083,100.243250,0,BOK,31.0,10.0,211.0,2.0,2,4140,0,0,0,0,0,0
CF,RW21,20.333753,100.171381,0,BOK,31.0,1.9,211.0,8.1,1,1285,0,0,0,0,3,0
CA,0,211.0,2,1740,0,0,0,0,0,0
VI,1, ,0.0,16.0,0,0,0,0,0,0,0,0
CF,UPNIT,20.364444,100.261972,0,BOK,61.0,7.0,61.0,2.0,1,3500,0,1,200,0,0,0
CF,VEDSO,20.464528,100.446583,0,BOK,61.0,19.0,61.0,12.0,2,7100,0,0,0,0,0,0
HM,VEDSO,20.464528,100.446583,2, ,0.0,0.0,241.0,04.3,2,7100,0,0,0,0,0,0,0

APPTR,I21,21,OSOSU
IF,OSOSU,20.381944,100.481667, ,0.0,0.0,2,7100,0,0,0,0,1,0
AF,D039S,20.556311,100.362119,1,BOK,39.0,19.0,77.0,2,6800,0,0,0,0,0,0
VI,0,IBOK,0.0,241.0,0,0,0,0,0,0,0,0

FINAL,I21,21,I,3
IF,IGDOD,20.581222,100.323139,IBOK,31.0,18.6,2,6800,0,0,0,0,0,0
CF,FF21,20.480083,100.261056,0,IBOK,31.0,11.6,211.0,7.0,1,4500,0,0,0,0,2,0
CF,RW21,20.333753,100.171381,0,IBOK,31.0,1.5,211.0,10.1,1,1285,0,0,0,0,3,0
CA,0,211.0,2,1550,0,0,0,0,0,0
VI,1, ,0.0,16.0,0,0,0,0,0,0,0,0
CF,UPNIT,20.364444,100.261972,0,BOK,61.0,7.0,61.0,2.0,1,3500,0,1,200,0,0,0
CF,VEDSO,20.464528,100.446583,0,BOK,61.0,19.0,61.0,12.0,2,6800,0,0,0,0,0,0
HM,VEDSO,20.464528,100.446583,2, ,0.0,0.0,241.0,04.3,2,6800,0,0,0,0,0,0,0

APPTR,L21,21,OSOSU
IF,OSOSU,20.381944,100.481667, ,0.0,0.0,2,7100,0,0,0,0,1,0
AF,D039S,20.556311,100.362119,1,BOK,39.0,19.0,77.0,2,6800,0,0,0,0,0,0
VI,0,IBOK,0.0,241.0,0,0,0,0,0,0,0,0

FINAL,L21,21,D,5
IF,IGDOD,20.581222,100.323139,IBOK,31.0,18.6,2,6800,0,0,0,0,0,0
CF,FF21,20.480083,100.261056,0,IBOK,31.0,11.6,211.0,7.0,2,4500,0,0,0,0,2,0
CF,83LOC,20.451083,100.243278,0,IBOK,31.0,9.6,211.0,2.0,2,3870,0,0,0,0,0,0
CF,27LOC,20.369972,100.193556,0,IBOK,31.0,4.0,211.0,5.6,2,2080,0,0,0,0,0,0
CF,RW21,20.333753,100.171381,0,IBOK,31.0,1.5,211.0,2.5,1,1285,0,0,0,0,3,0
CA,0,211.0,2,1740,0,0,0,0,0,0
VI,1, ,0.0,16.0,0,0,0,0,0,0,0,0
CF,UPNIT,20.364444,100.261972,0,BOK,61.0,7.0,61.0,2.0,1,3500,0,1,200,0,0,0
CF,VEDSO,20.464528,100.446583,0,BOK,61.0,19.0,61.0,12.0,2,6800,0,0,0,0,0,0
HM,VEDSO,20.464528,100.446583,2, ,0.0,0.0,241.0,04.3,2,6800,0,0,0,0,0,0,0

APPTR,R21,21,ENGIG
IF,ENGIG,20.500667,100.458972, ,0.0,0.0,0,0,0,0,0,0,0,0
TF,GUXUB,20.552472,100.305500,0, ,0.0,0.0,0.0,0.0,2,6100,0,0,0,0,1,0

FINAL,R21,21,R,4
IF,GUXUB,20.552472,100.305500, ,0.0,0.0,2,6100,0,0,0,0,1,0
TF,EGEXA,20.480083,100.261056,0, ,0.0,0.0,211.0,5.0,2,4500,0,0,0,0,2,0
TF,IDPAD,20.393167,100.207750,0, ,0.0,0.0,211.0,6.0,2,2590,0,0,0,0,0,0
TF,UGITI,20.333750,100.171389,0, ,0.0,0.0,211.0,4.1,1,1285,0,0,0,0,3,1
FA,UGITI,20.333750,100.171389,0,BOK,0.0,0.0,211.0,2,1710,0,0,0,0,0,0
DF,UPNIT,20.364444,100.261972,1, ,0.0,0.0,1,3500,0,1,200,0,0,0
TF,ENGIG,20.500667,100.458972,0, ,0.0,0.0,0.0,0.0,2,6200,0,0,0,0,0,0
HM,ENGIG,20.500667,100.458972,2, ,0.0,0.0,291.0,04.3,2,6200,0,0,0,0,0,0,0

