SID,ALA1A,31,2
CF,D316B,18.033942,102.515650,0,VTN,315.8,2.0,316.0,4.0,2,1413,0,0,0,0,0,1
DF,D056E,18.058842,102.611744,2, ,0.0,0.0,0,0,0,0,0,0,0,0
TF,ALPHA,18.543333,103.328333,0, ,0.0,0.0,0.0,0.0,0,0,0,0,0,0,0,0

SID,ALA1B,13,2
CA,0,136.0,2,1070,0,0,0,0,0,0
DF,D056E,18.058842,102.611744,1, ,0.0,0.0,0,0,0,0,0,0,0,0
TF,ALPHA,18.543333,103.328333,0, ,0.0,0.0,0.0,0.0,0,0,0,0,0,0,0,0

SID,ALA1C,31,2
CF,D316B,18.033942,102.515650,0,VTN,315.8,2.0,316.0,3.0,0,0,0,0,0,0,0,1
VI,2, ,0.0,86.0,0,0,0,0,0,0,0,0
CF,D056M,18.136361,102.725864,0,VTN,55.6,13.0,56.0,4.0,0,0,0,0,0,0,0,0
TF,ALPHA,18.543333,103.328333,0, ,0.0,0.0,0.0,0.0,0,0,0,0,0,0,0,0

SID,ALPH1C,31,5
VA,0,316.0,2,1400,0,0,0,0,0,0
DF,MINUL,18.155583,102.754278,2, ,0.0,0.0,0,0,0,0,0,0,0,0
TF,ALPHA,18.543333,103.328333,0, ,0.0,0.0,0.0,0.0,0,0,0,0,0,0,0,0

SID,AMVO1A,31,5
VA,0,316.0,2,1400,0,0,0,0,0,0
DF,DAGON,18.357000,102.785194,0, ,0.0,0.0,0,0,0,0,0,0,0,0
TF,AMVOX,18.777361,102.889722,0, ,0.0,0.0,0.0,0.0,0,0,0,0,0,0,0,0

SID,BEGO1A,31,5
VA,0,316.0,2,1400,0,0,0,0,0,0
DF,HAKER,18.216611,102.528917,0, ,0.0,0.0,0,0,0,0,0,0,0,0
TF,PHOSI,18.375972,102.511194,0, ,0.0,0.0,0.0,0.0,0,0,0,0,0,0,0,0
TF,MISOK,18.676583,102.477611,0, ,0.0,0.0,0.0,0.0,0,0,0,0,0,0,0,0
TF,BEGOM,19.088361,102.332861,0, ,0.0,0.0,0.0,0.0,0,0,0,0,0,0,0,0

SID,BIK1A,31,2
CF,D316B,18.033942,102.515650,0,VTN,315.8,2.0,316.0,4.0,2,1413,0,0,0,0,0,1
DF,D034D,18.065314,102.580414,2, ,0.0,0.0,0,0,0,0,0,0,0,0
TF,BIKAM,18.138056,102.633333,1, ,0.0,0.0,0.0,0.0,0,0,0,0,0,0,0,0

SID,BIK1B,13,2
CA,0,136.0,2,1070,0,0,0,0,0,0
DF,D034D,18.065314,102.580414,1, ,0.0,0.0,0,0,0,0,0,0,0,0
TF,BIKAM,18.138056,102.633333,0, ,0.0,0.0,0.0,0.0,0,0,0,0,0,0,0,0

SID,BOK1A,31,2
CF,D316B,18.033942,102.515650,0,VTN,315.8,2.0,316.0,4.0,2,1413,0,0,0,0,0,1
DF,D296E,18.046372,102.461536,0, ,0.0,0.0,0,0,0,0,0,0,0,0
TF,ANBOK,18.609611,101.213222,0, ,0.0,0.0,0.0,0.0,0,0,0,0,0,0,0,0

SID,BOK1B,13,2
CA,0,136.0,2,1070,0,0,0,0,0,0
DF,VTN,18.010361,102.540472,1, ,0.0,0.0,0,0,0,0,0,0,0,0
TF,ANBOK,18.609611,101.213222,0, ,0.0,0.0,0.0,0.0,0,0,0,0,0,0,0,0

SID,BOK1C,31,2
CF,D316B,18.033942,102.515650,0,VTN,315.8,2.0,316.0,3.0,0,0,0,0,0,0,0,1
CF,D296J,18.082353,102.382567,0,VTN,296.5,10.0,296.0,7.0,0,0,0,0,0,0,0,0
TF,ANBOK,18.609611,101.213222,0, ,0.0,0.0,0.0,0.0,0,0,0,0,0,0,0,0

SID,CHU1A,31,2
CF,D316B,18.033942,102.515650,0,VTN,315.8,2.0,316.0,4.0,2,1413,0,0,0,0,0,1
DF,D202C,17.963542,102.521542,1, ,0.0,0.0,0,0,0,0,0,0,0,0
TF,CMP,16.635278,101.988889,0, ,0.0,0.0,0.0,0.0,0,0,0,0,0,0,0,0

SID,CHU1B,13,2
CA,0,136.0,2,1070,0,0,0,0,0,0
DF,D202E,17.932331,102.508931,2, ,0.0,0.0,0,0,0,0,0,0,0,0
TF,CMP,16.635278,101.988889,0, ,0.0,0.0,0.0,0.0,0,0,0,0,0,0,0,0

SID,CHU1C,31,2
VD, ,0,0,0,VTN,0.0,0.0,316.0,10.0,0,0,0,0,0,0,0,0
DF,VTN,18.010361,102.540472,2, ,0.0,0.0,0,0,0,0,0,0,0,0
TF,CMP,16.635278,101.988889,0, ,0.0,0.0,0.0,0.0,0,0,0,0,0,0,0,0

SID,KASI3A,31,5
VA,0,316.0,2,1400,0,0,0,0,0,0
DF,HAKER,18.216611,102.528917,0, ,0.0,0.0,0,0,0,0,0,0,0,0
TF,PHOSI,18.375972,102.511194,0, ,0.0,0.0,0.0,0.0,0,0,0,0,0,0,0,0
TF,MISOK,18.676583,102.477611,0, ,0.0,0.0,0.0,0.0,0,0,0,0,0,0,0,0
TF,KAASI,19.099444,102.378889,0, ,0.0,0.0,0.0,0.0,0,0,0,0,0,0,0,0

SID,LOY1A,31,2
VD, ,0,0,0,VTN,0.0,0.0,316.0,10.0,0,0,0,0,0,0,0,0
DF,VTN,18.010361,102.540472,2, ,0.0,0.0,0,0,0,0,0,0,0,0
TF,LOY,17.447056,101.723111,0, ,0.0,0.0,0.0,0.0,0,0,0,0,0,0,0,0

SID,NET1C,31,2
CF,D316B,18.033942,102.515650,0,VTN,315.8,2.0,316.0,3.0,0,0,0,0,0,0,0,1
VI,2, ,0.0,67.0,0,0,0,0,0,0,0,0
CF,D037M,18.187183,102.672953,0,VTN,36.6,13.0,37.0,5.0,0,0,0,0,0,0,0,0
TF,NOHET,19.426667,103.611389,0, ,0.0,0.0,0.0,0.0,0,0,0,0,0,0,0,0

SID,NET1D,13,2
CA,0,136.0,2,1070,0,0,0,0,0,0
DF,D037D,18.064778,102.581206,1, ,0.0,0.0,0,0,0,0,0,0,0,0
TF,NOHET,19.426667,103.611389,0, ,0.0,0.0,0.0,0.0,0,0,0,0,0,0,0,0

SID,NET1E,31,2
CF,D316B,18.033942,102.515650,0,VTN,315.8,2.0,316.0,4.0,2,1413,0,0,0,0,0,1
DF,D037D,18.064778,102.581206,2, ,0.0,0.0,0,0,0,0,0,0,0,0
TF,NOHET,19.426667,103.611389,1, ,0.0,0.0,0.0,0.0,0,0,0,0,0,0,0,0

SID,PRA1A,31,2
CF,D316B,18.033942,102.515650,0,VTN,315.8,2.0,316.0,4.0,2,1413,0,0,0,0,0,1
DF,D350D,18.076192,102.527844,0, ,0.0,0.0,0,0,0,0,0,0,0,0
TF,LPB,19.910961,102.171908,0, ,0.0,0.0,0.0,0.0,0,0,0,0,0,0,0,0

SID,PRA1B,13,2
CA,0,136.0,2,1070,0,0,0,0,0,0
DF,D350D,18.076192,102.527844,1, ,0.0,0.0,0,0,0,0,0,0,0,0
TF,LPB,19.910961,102.171908,0, ,0.0,0.0,0.0,0.0,0,0,0,0,0,0,0,0

SID,PRA1C,31,2
CF,D316B,18.033942,102.515650,0,VTN,315.8,2.0,316.0,3.0,0,0,0,0,0,0,0,1
VI,0, ,0.0,20.0,0,0,0,0,0,0,0,0
CF,D350J,18.174939,102.508889,0,VTN,350.6,10.0,350.0,4.0,0,0,0,0,0,0,0,0
TF,LPB,19.910961,102.171908,0, ,0.0,0.0,0.0,0.0,0,0,0,0,0,0,0,0

SID,UDN1A,31,2
VD, ,0,0,0,VTN,0.0,0.0,316.0,10.0,0,0,0,0,0,0,0,0
DF,VTN,18.010361,102.540472,2, ,0.0,0.0,0,0,0,0,0,0,0,0
TF,UDN,17.384778,102.774944,0, ,0.0,0.0,0.0,0.0,0,0,0,0,0,0,0,0

SID,VALE1A,31,5
VA,0,316.0,2,1400,0,0,0,0,0,0
DF,DAGON,18.357000,102.785194,0, ,0.0,0.0,0,0,0,0,0,0,0,0
TF,VALEE,18.687861,103.054111,0, ,0.0,0.0,0.0,0.0,0,0,0,0,0,0,0,0

STAR,ALPH1A,13,5
IF,ALPHA,18.543333,103.328333, ,0.0,0.0,0,0,0,0,0,0,0,0
TF,AKLIN,18.437722,102.693222,0, ,0.0,0.0,0.0,0.0,2,7000,0,0,0,0,0,0
TF,APINU,18.383972,102.636417,0, ,0.0,0.0,0.0,0.0,2,6000,0,0,0,0,0,0
TF,BAVID,18.211694,102.454639,0, ,0.0,0.0,0.0,0.0,2,4000,0,0,0,0,0,0
TF,VENSA,18.152750,102.392583,0, ,0.0,0.0,0.0,0.0,2,3500,0,0,0,0,0,0

STAR,AMVO1B,13,5
IF,AMVOX,18.777361,102.889722, ,0.0,0.0,0,0,0,0,0,0,0,0
TF,COPUS,18.630111,102.804444,0, ,0.0,0.0,0.0,0.0,2,7300,0,0,0,0,0,0
TF,AKLIN,18.437722,102.693222,0, ,0.0,0.0,0.0,0.0,2,7000,0,0,0,0,0,0
TF,APINU,18.383972,102.636417,0, ,0.0,0.0,0.0,0.0,2,6000,0,0,0,0,0,0
TF,BAVID,18.211694,102.454639,0, ,0.0,0.0,0.0,0.0,2,4000,0,0,0,0,0,0
TF,VENSA,18.152750,102.392583,0, ,0.0,0.0,0.0,0.0,2,3500,0,0,0,0,0,0

STAR,BEGO1B,13,5
IF,BEGOM,19.088361,102.332861, ,0.0,0.0,0,0,0,0,0,0,0,0
TF,RABIT,18.804639,102.266722,0, ,0.0,0.0,0.0,0.0,2,8000,0,0,0,0,0,0
TF,MALAR,18.385722,102.347750,0, ,0.0,0.0,0.0,0.0,2,6000,0,0,0,0,0,0
TF,VENSA,18.152750,102.392583,0, ,0.0,0.0,0.0,0.0,2,3500,0,0,0,0,0,0

STAR,KASI3B,13,5
IF,KAASI,19.099444,102.378889, ,0.0,0.0,0,0,0,0,0,0,0,0
TF,RABIT,18.804639,102.266722,0, ,0.0,0.0,0.0,0.0,2,8000,0,0,0,0,0,0
TF,MALAR,18.385722,102.347750,0, ,0.0,0.0,0.0,0.0,2,6000,0,0,0,0,0,0
TF,VENSA,18.152750,102.392583,0, ,0.0,0.0,0.0,0.0,2,3500,0,0,0,0,0,0

STAR,VALE1B,13,5
IF,VALEE,18.687861,103.054111, ,0.0,0.0,0,0,0,0,0,0,0,0
TF,NOBIN,18.583056,102.902667,0, ,0.0,0.0,0.0,0.0,2,7900,0,0,0,0,0,0
TF,AKLIN,18.437722,102.693222,0, ,0.0,0.0,0.0,0.0,2,7000,0,0,0,0,0,0
TF,APINU,18.383972,102.636417,0, ,0.0,0.0,0.0,0.0,2,6000,0,0,0,0,0,0
TF,BAVID,18.211694,102.454639,0, ,0.0,0.0,0.0,0.0,2,4000,0,0,0,0,0,0
TF,VENSA,18.152750,102.392583,0, ,0.0,0.0,0.0,0.0,2,3500,0,0,0,0,0,0

APPTR,D13,13,ALPHA
IF,ALPHA,18.543333,103.328333, ,0.0,0.0,0,0,0,0,0,0,0,0
TF,D056O,18.155731,102.754408,0, ,0.0,0.0,0.0,0.0,2,8000,0,0,0,0,1,0
CI,0, ,0.0,236.0,0,0,0,0,0,0,0,0
AF,D325M,18.186297,102.406703,1,VTN,325.0,13.0,56.0,2,4000,0,0,0,0,0,1
CF,D316K,18.140464,102.404342,0,VTN,316.0,11.0,136.0,2.0,2,3180,0,0,0,0,1,0
CF,FD13,18.093164,102.453867,0,VTN,316.0,7.0,136.0,4.0,2,3180,0,0,0,0,0,0

APPTR,D13,13,AMVOX
IF,AMVOX,18.777361,102.889722, ,0.0,0.0,0,0,0,0,0,0,0,0
TF,D023O,18.240611,102.644958,0, ,0.0,0.0,0.0,0.0,2,8000,0,0,0,0,1,0
CI,0, ,0.0,203.0,0,0,0,0,0,0,0,0
AF,D325M,18.186297,102.406703,1,VTN,325.0,13.0,23.0,2,4000,0,0,0,0,0,1
CF,D316K,18.140464,102.404342,0,VTN,316.0,11.0,136.0,2.0,2,3180,0,0,0,0,1,0
CF,FD13,18.093164,102.453867,0,VTN,316.0,7.0,136.0,4.0,2,3180,0,0,0,0,0,0

APPTR,D13,13,ANBOK
IF,ANBOK,18.609611,101.213222, ,0.0,0.0,0,0,0,0,0,0,0,0
TF,VT460,18.137722,102.264972,0, ,0.0,0.0,0.0,0.0,2,5000,0,0,0,0,1,0
CI,0, ,0.0,116.0,0,0,0,0,0,0,0,0
AF,D316M,18.164108,102.379569,2,VTN,316.0,13.0,296.0,0,0,0,0,0,0,0,0
CF,D316K,18.140464,102.404342,0,VTN,316.0,11.0,136.0,2.0,2,3180,0,0,0,0,1,0
CF,FD13,18.093164,102.453867,0,VTN,316.0,7.0,136.0,4.0,2,3180,0,0,0,0,0,0

APPTR,D13,13,BEGOM
IF,BEGOM,19.088361,102.332861, ,0.0,0.0,0,0,0,0,0,0,0,0
TF,D350O,18.257242,102.493158,0, ,0.0,0.0,0.0,0.0,2,5000,0,0,0,0,1,0
CI,0, ,0.0,170.0,0,0,0,0,0,0,0,0
AF,D325M,18.186297,102.406703,1,VTN,325.0,13.0,350.0,2,4000,0,0,0,0,0,1
CF,D316K,18.140464,102.404342,0,VTN,316.0,11.0,136.0,2.0,2,3180,0,0,0,0,1,0
CF,FD13,18.093164,102.453867,0,VTN,316.0,7.0,136.0,4.0,2,3180,0,0,0,0,0,0

APPTR,D13,13,KAASI
IF,KAASI,19.099444,102.378889, ,0.0,0.0,0,0,0,0,0,0,0,0
TF,D016O,18.252789,102.608461,0, ,0.0,0.0,0.0,0.0,2,8000,0,0,0,0,1,0
CI,0, ,0.0,196.0,0,0,0,0,0,0,0,0
AF,D325M,18.186297,102.406703,1,VTN,325.0,13.0,16.0,2,4000,0,0,0,0,0,1
CF,D316K,18.140464,102.404342,0,VTN,316.0,11.0,136.0,2.0,2,3180,0,0,0,0,1,0
CF,FD13,18.093164,102.453867,0,VTN,316.0,7.0,136.0,4.0,2,3180,0,0,0,0,0,0

APPTR,D13,13,NOHET
IF,NOHET,19.426667,103.611389, ,0.0,0.0,0,0,0,0,0,0,0,0
TF,D037O,18.214378,102.693358,0, ,0.0,0.0,0.0,0.0,2,8000,0,0,0,0,1,0
CI,0, ,0.0,217.0,0,0,0,0,0,0,0,0
AF,D325M,18.186297,102.406703,1,VTN,325.0,13.0,37.0,2,4000,0,0,0,0,0,1
CF,D316K,18.140464,102.404342,0,VTN,316.0,11.0,136.0,2.0,2,3180,0,0,0,0,1,0
CF,FD13,18.093164,102.453867,0,VTN,316.0,7.0,136.0,4.0,2,3180,0,0,0,0,0,0

APPTR,D13,13,VTN1
IF,VTN,18.010361,102.540472, ,0.0,0.0,2,4000,0,0,0,0,1,0
FD,VTN,18.010361,102.540472,0,VTN,0.0,7.0,352.0,7.0,2,3180,0,0,0,0,0,0
CF,FD13,18.093164,102.453867,1,VTN,316.0,7.0,136.0,1.0,2,3180,0,0,0,0,0,0

APPTR,D13,13,VTN2
IF,VTN,18.010361,102.540472, ,0.0,0.0,2,4000,0,0,0,0,1,0
FD,VTN,18.010361,102.540472,0,VTN,0.0,7.0,328.0,7.0,2,3180,0,0,0,0,0,0
CF,FD13,18.093164,102.453867,1,VTN,316.0,7.0,136.0,1.0,2,3180,0,0,0,0,0,0

FINAL,D13,13,D,2
IF,FD13,18.093164,102.453867,VTN,316.0,7.0,2,3180,0,0,0,0,2,0
CF,VTN,18.010361,102.540472,0,VTN,0.0,0.0,136.0,7.0,1,949,0,0,0,0,3,0
CA,0,136.0,2,1070,0,0,0,0,0,0
FM,VTN,18.010361,102.540472,0,VTN,0.0,0.0,90.0,2,3000,0,0,0,0,0,0

APPTR,I13,13,ALPHA
IF,ALPHA,18.543333,103.328333, ,0.0,0.0,0,0,0,0,0,0,0,0
TF,VT410,18.175000,102.782889,0, ,0.0,0.0,0.0,0.0,2,10000,0,0,0,0,1,0
CI,0, ,0.0,236.0,0,0,0,0,0,0,0,0
AF,D316O,18.188428,102.355503,1,VTN,316.2,15.0,56.0,0,0,0,0,0,0,0,0
CF,IF13,18.152750,102.392611,0,VTN,316.2,12.0,136.0,3.0,2,3500,0,0,0,0,1,0
CF,CF13,18.128875,102.417378,0,IVTN,316.2,12.8,136.0,2.0,2,3000,0,0,0,0,0,0

APPTR,I13,13,AMVOX
IF,AMVOX,18.777361,102.889722, ,0.0,0.0,0,0,0,0,0,0,0,0
TF,VT430,18.271194,102.658917,0, ,0.0,0.0,0.0,0.0,2,8000,0,0,0,0,1,0
CI,0, ,0.0,203.0,0,0,0,0,0,0,0,0
AF,D316O,18.188428,102.355503,1,VTN,316.2,15.0,23.0,0,0,0,0,0,0,0,0
CF,IF13,18.152750,102.392611,0,VTN,316.2,12.0,136.0,3.0,2,3500,0,0,0,0,1,0
CF,CF13,18.128875,102.417378,0,IVTN,316.2,12.8,136.0,2.0,2,3000,0,0,0,0,0,0

APPTR,I13,13,ANBOK
IF,ANBOK,18.609611,101.213222, ,0.0,0.0,0,0,0,0,0,0,0,0
TF,VT460,18.137722,102.264972,0, ,0.0,0.0,0.0,0.0,2,5000,0,0,0,0,1,0
CI,0, ,0.0,116.0,0,0,0,0,0,0,0,0
AF,D316O,18.188428,102.355503,2,VTN,316.2,15.0,296.0,0,0,0,0,0,0,0,0
CF,IF13,18.152750,102.392611,0,VTN,316.2,12.0,136.0,3.0,2,3500,0,0,0,0,1,0
CF,CF13,18.128875,102.417378,0,IVTN,316.2,12.8,136.0,2.0,2,3000,0,0,0,0,0,0

APPTR,I13,13,BEGOM
IF,BEGOM,19.088361,102.332861, ,0.0,0.0,0,0,0,0,0,0,0,0
TF,VT450,18.290056,102.486944,0, ,0.0,0.0,0.0,0.0,2,6000,0,0,0,0,1,0
CI,0, ,0.0,170.0,0,0,0,0,0,0,0,0
AF,D316O,18.188428,102.355503,1,VTN,316.2,15.0,350.0,0,0,0,0,0,0,0,0
CF,IF13,18.152750,102.392611,0,VTN,316.2,12.0,136.0,3.0,2,3500,0,0,0,0,1,0
CF,CF13,18.128875,102.417378,0,IVTN,316.2,12.8,136.0,2.0,2,3000,0,0,0,0,0,0

APPTR,I13,13,KAASI
IF,KAASI,19.099444,102.378889, ,0.0,0.0,0,0,0,0,0,0,0,0
TF,VT440,18.290167,102.593333,0, ,0.0,0.0,0.0,0.0,2,7500,0,0,0,0,1,0
CI,0, ,0.0,191.0,0,0,0,0,0,0,0,0
AF,D316O,18.188428,102.355503,1,VTN,316.2,15.0,11.0,0,0,0,0,0,0,0,0
CF,IF13,18.152750,102.392611,0,VTN,316.2,12.0,136.0,3.0,2,3500,0,0,0,0,1,0
CF,CF13,18.128875,102.417378,0,IVTN,316.2,12.8,136.0,2.0,2,3000,0,0,0,0,0,0

APPTR,I13,13,NOHET
IF,NOHET,19.426667,103.611389, ,0.0,0.0,0,0,0,0,0,0,0,0
TF,VT420,18.241417,102.713806,0, ,0.0,0.0,0.0,0.0,2,9000,0,0,0,0,1,0
CI,0, ,0.0,217.0,0,0,0,0,0,0,0,0
AF,D316O,18.188428,102.355503,1,VTN,316.2,15.0,37.0,0,0,0,0,0,0,0,0
CF,IF13,18.152750,102.392611,0,VTN,316.2,12.0,136.0,3.0,2,3500,0,0,0,0,1,0
CF,CF13,18.128875,102.417378,0,IVTN,316.2,12.8,136.0,2.0,2,3000,0,0,0,0,0,0

APPTR,I13,13,VTN1
IF,VTN,18.010361,102.540472, ,0.0,0.0,2,4000,0,0,0,0,1,0
FD,VTN,18.010361,102.540472,0,VTN,0.0,10.0,347.0,10.0,0,0,0,0,0,0,0,0
CF,CF13,18.128875,102.417378,1,IVTN,316.2,12.8,136.0,1.0,2,3000,0,0,0,0,0,0

APPTR,I13,13,VTN2
IF,VTN,18.010361,102.540472, ,0.0,0.0,2,4000,0,0,0,0,1,0
FD,VTN,18.010361,102.540472,0,VTN,0.0,10.0,329.0,10.0,0,0,0,0,0,0,0,0
CF,CF13,18.128875,102.417378,1,IVTN,316.2,12.8,136.0,1.0,2,3000,0,0,0,0,0,0

FINAL,I13,13,I,3
IF,CF13,18.128875,102.417378,IVTN,316.2,12.8,2,3000,0,0,0,0,0,0
CF,FF13,18.071944,102.476500,0,IVTN,316.2,8.0,136.0,4.8,1,2600,0,0,0,0,2,0
CF,RW13,17.997942,102.553286,0,IVTN,316.3,1.8,136.0,6.2,1,616,0,0,0,0,3,0
CA,0,136.0,2,1070,0,0,0,0,0,0
VI,0, ,0.0,60.0,0,0,0,0,0,0,0,0
FM,VTN,18.010361,102.540472,0,VTN,0.0,0.0,90.0,2,3000,0,0,0,0,0,0

APPTR,L13,13,ALPHA
IF,ALPHA,18.543333,103.328333, ,0.0,0.0,0,0,0,0,0,0,0,0
TF,VT410,18.175000,102.782889,0, ,0.0,0.0,0.0,0.0,2,10000,0,0,0,0,1,0
CI,0, ,0.0,236.0,0,0,0,0,0,0,0,0
AF,D316O,18.188428,102.355503,1,VTN,316.2,15.0,56.0,0,0,0,0,0,0,0,0
CF,IF13,18.152750,102.392611,0,VTN,316.2,12.0,136.0,3.0,2,3500,0,0,0,0,1,0
CF,CF13,18.128875,102.417378,0,IVTN,316.2,12.8,136.0,2.0,2,3000,0,0,0,0,0,0

APPTR,L13,13,AMVOX
IF,AMVOX,18.777361,102.889722, ,0.0,0.0,0,0,0,0,0,0,0,0
TF,VT430,18.271194,102.658917,0, ,0.0,0.0,0.0,0.0,2,8000,0,0,0,0,1,0
CI,0, ,0.0,203.0,0,0,0,0,0,0,0,0
AF,D316O,18.188428,102.355503,1,VTN,316.2,15.0,23.0,0,0,0,0,0,0,0,0
CF,IF13,18.152750,102.392611,0,VTN,316.2,12.0,136.0,3.0,2,3500,0,0,0,0,1,0
CF,CF13,18.128875,102.417378,0,IVTN,316.2,12.8,136.0,2.0,2,3000,0,0,0,0,0,0

APPTR,L13,13,ANBOK
IF,ANBOK,18.609611,101.213222, ,0.0,0.0,0,0,0,0,0,0,0,0
TF,VT460,18.137722,102.264972,0, ,0.0,0.0,0.0,0.0,2,5000,0,0,0,0,1,0
CI,0, ,0.0,116.0,0,0,0,0,0,0,0,0
AF,D316O,18.188428,102.355503,2,VTN,316.2,15.0,296.0,0,0,0,0,0,0,0,0
CF,IF13,18.152750,102.392611,0,VTN,316.2,12.0,136.0,3.0,2,3500,0,0,0,0,1,0
CF,CF13,18.128875,102.417378,0,IVTN,316.2,12.8,136.0,2.0,2,3000,0,0,0,0,0,0

APPTR,L13,13,BEGOM
IF,BEGOM,19.088361,102.332861, ,0.0,0.0,0,0,0,0,0,0,0,0
TF,VT450,18.290056,102.486944,0, ,0.0,0.0,0.0,0.0,2,6000,0,0,0,0,1,0
CI,0, ,0.0,170.0,0,0,0,0,0,0,0,0
AF,D316O,18.188428,102.355503,1,VTN,316.2,15.0,350.0,0,0,0,0,0,0,0,0
CF,IF13,18.152750,102.392611,0,VTN,316.2,12.0,136.0,3.0,2,3500,0,0,0,0,1,0
CF,CF13,18.128875,102.417378,0,IVTN,316.2,12.8,136.0,2.0,2,3000,0,0,0,0,0,0

APPTR,L13,13,KAASI
IF,KAASI,19.099444,102.378889, ,0.0,0.0,0,0,0,0,0,0,0,0
TF,VT440,18.290167,102.593333,0, ,0.0,0.0,0.0,0.0,2,7500,0,0,0,0,1,0
CI,0, ,0.0,191.0,0,0,0,0,0,0,0,0
AF,D316O,18.188428,102.355503,1,VTN,316.2,15.0,11.0,0,0,0,0,0,0,0,0
CF,IF13,18.152750,102.392611,0,VTN,316.2,12.0,136.0,3.0,2,3500,0,0,0,0,1,0
CF,CF13,18.128875,102.417378,0,IVTN,316.2,12.8,136.0,2.0,2,3000,0,0,0,0,0,0

APPTR,L13,13,NOHET
IF,NOHET,19.426667,103.611389, ,0.0,0.0,0,0,0,0,0,0,0,0
TF,VT420,18.241417,102.713806,0, ,0.0,0.0,0.0,0.0,2,9000,0,0,0,0,1,0
CI,0, ,0.0,217.0,0,0,0,0,0,0,0,0
AF,D316O,18.188428,102.355503,1,VTN,316.2,15.0,37.0,0,0,0,0,0,0,0,0
CF,IF13,18.152750,102.392611,0,VTN,316.2,12.0,136.0,3.0,2,3500,0,0,0,0,1,0
CF,CF13,18.128875,102.417378,0,IVTN,316.2,12.8,136.0,2.0,2,3000,0,0,0,0,0,0

APPTR,L13,13,VTN1
IF,VTN,18.010361,102.540472, ,0.0,0.0,2,4000,0,0,0,0,1,0
FD,VTN,18.010361,102.540472,0,VTN,0.0,10.0,347.0,10.0,0,0,0,0,0,0,0,0
CF,CF13,18.128875,102.417378,1,IVTN,316.2,12.8,136.0,1.0,2,3000,0,0,0,0,0,0

APPTR,L13,13,VTN2
IF,VTN,18.010361,102.540472, ,0.0,0.0,2,4000,0,0,0,0,1,0
FD,VTN,18.010361,102.540472,0,VTN,0.0,10.0,329.0,10.0,0,0,0,0,0,0,0,0
CF,CF13,18.128875,102.417378,1,IVTN,316.2,12.8,136.0,1.0,2,3000,0,0,0,0,0,0

FINAL,L13,13,D,3
IF,CF13,18.128875,102.417378,IVTN,316.2,12.8,2,3000,0,0,0,0,0,0
CF,FF13,18.071944,102.476500,0,IVTN,316.2,8.0,136.0,4.8,2,2600,0,0,0,0,2,0
CF,MA13,18.006250,102.544667,0,IVTN,316.3,2.5,136.0,5.5,1,840,0,0,0,0,3,0
CA,0,136.0,2,1070,0,0,0,0,0,0
VI,0, ,0.0,60.0,0,0,0,0,0,0,0,0
FM,VTN,18.010361,102.540472,0,VTN,0.0,0.0,90.0,2,3000,0,0,0,0,0,0

APPTR,R13,13,MAALI
IF,MAALI,18.082000,102.318167, ,0.0,0.0,2,4000,0,0,0,0,1,0
TF,VENSA,18.152750,102.392583,0, ,0.0,0.0,0.0,0.0,2,3500,0,0,0,0,0,0

FINAL,R13,13,R,3
IF,VENSA,18.152750,102.392583, ,0.0,0.0,2,3500,0,0,0,0,0,0
TF,DANSI,18.071944,102.476500,0, ,0.0,0.0,136.0,6.8,2,2600,0,0,0,0,2,0
TF,RW13V,17.997944,102.553278,0, ,0.0,0.0,136.0,6.2,1,616,0,0,0,0,3,1
DF,VENSA,18.152750,102.392583,1, ,0.0,0.0,1,3500,0,0,0,0,0,1
HM,VENSA,18.152750,102.392583,1, ,0.0,0.0,136.0,04.3,2,3500,0,0,0,0,0,0,0

