SID,AVMO2A,07,5
VA,0,71.0,2,1000,0,0,0,0,0,0
DF,MM613,13.075311,80.521878,0, ,0.0,0.0,3,6000,0,0,0,0,0,0
TF,SIDAT,13.129439,80.836617,0, ,0.0,0.0,0.0,0.0,0,0,0,0,0,0,0,0
TF,AVMOR,12.557456,82.011439,0, ,0.0,0.0,0.0,0.0,0,0,0,0,0,0,0,0

SID,AVMO2B,25,5
VA,0,251.0,2,1000,0,0,0,0,0,0
DF,MM601,13.060081,80.129822,2, ,0.0,0.0,0,0,0,0,0,0,0,0
TF,DOHIA,13.208322,80.151317,0, ,0.0,0.0,0.0,0.0,0,0,0,0,0,0,0,0
TF,KOLCA,13.305964,80.432972,0, ,0.0,0.0,0.0,0.0,3,6000,0,0,0,0,0,0
TF,SIDAT,13.129439,80.836617,0, ,0.0,0.0,0.0,0.0,0,0,0,0,0,0,0,0
TF,AVMOR,12.557456,82.011439,0, ,0.0,0.0,0.0,0.0,0,0,0,0,0,0,0,0

SID,AVMO2C,12,5
VA,0,119.0,2,1000,0,0,0,0,0,0
DF,MM613,13.075311,80.521878,0, ,0.0,0.0,3,6000,0,0,0,0,0,0
TF,SIDAT,13.129439,80.836617,0, ,0.0,0.0,0.0,0.0,0,0,0,0,0,0,0,0
TF,AVMOR,12.557456,82.011439,0, ,0.0,0.0,0.0,0.0,0,0,0,0,0,0,0,0

SID,AVMO2D,30,5
VA,0,299.0,2,1000,0,0,0,0,0,0
DF,MM601,13.060081,80.129822,2, ,0.0,0.0,0,0,0,0,0,0,0,0
TF,DOHIA,13.208322,80.151317,0, ,0.0,0.0,0.0,0.0,0,0,0,0,0,0,0,0
TF,KOLCA,13.305964,80.432972,0, ,0.0,0.0,0.0,0.0,3,6000,0,0,0,0,0,0
TF,SIDAT,13.129439,80.836617,0, ,0.0,0.0,0.0,0.0,0,0,0,0,0,0,0,0
TF,AVMOR,12.557456,82.011439,0, ,0.0,0.0,0.0,0.0,0,0,0,0,0,0,0,0

SID,AVNO2A,07,5
VA,0,71.0,2,1000,0,0,0,0,0,0
DF,MM609,12.867119,80.433194,2, ,0.0,0.0,3,6000,0,0,0,0,0,0
TF,OXENA,12.396608,80.985172,0, ,0.0,0.0,0.0,0.0,0,0,0,0,0,0,0,0
TF,GETOR,11.759978,82.393800,0, ,0.0,0.0,0.0,0.0,0,0,0,0,0,0,0,0
TF,AVNOS,11.757914,83.359758,0, ,0.0,0.0,0.0,0.0,0,0,0,0,0,0,0,0

SID,AVNO2B,25,5
VA,0,251.0,2,1000,0,0,0,0,0,0
DF,MM608,12.743725,80.186531,1, ,0.0,0.0,3,4000,0,0,0,0,0,0
TF,DAMAD,12.628217,80.362919,0, ,0.0,0.0,0.0,0.0,3,6000,0,0,0,0,0,0
TF,OXENA,12.396608,80.985172,0, ,0.0,0.0,0.0,0.0,0,0,0,0,0,0,0,0
TF,GETOR,11.759978,82.393800,0, ,0.0,0.0,0.0,0.0,0,0,0,0,0,0,0,0
TF,AVNOS,11.757914,83.359758,0, ,0.0,0.0,0.0,0.0,0,0,0,0,0,0,0,0

SID,AVNO2C,12,5
VA,0,119.0,2,1000,0,0,0,0,0,0
DF,MM604,12.931186,80.303592,0, ,0.0,0.0,3,2300,0,0,0,0,0,0
TF,OXENA,12.396608,80.985172,0, ,0.0,0.0,0.0,0.0,0,0,0,0,0,0,0,0
TF,GETOR,11.759978,82.393800,0, ,0.0,0.0,0.0,0.0,0,0,0,0,0,0,0,0
TF,AVNOS,11.757914,83.359758,0, ,0.0,0.0,0.0,0.0,0,0,0,0,0,0,0,0

SID,AVNO2D,30,5
VA,0,299.0,2,1000,0,0,0,0,0,0
DF,MM606,12.858094,80.047164,1, ,0.0,0.0,0,0,0,0,0,0,0,0
TF,DAMAD,12.628217,80.362919,0, ,0.0,0.0,0.0,0.0,3,6000,0,0,0,0,0,0
TF,OXENA,12.396608,80.985172,0, ,0.0,0.0,0.0,0.0,0,0,0,0,0,0,0,0
TF,GETOR,11.759978,82.393800,0, ,0.0,0.0,0.0,0.0,0,0,0,0,0,0,0,0
TF,AVNOS,11.757914,83.359758,0, ,0.0,0.0,0.0,0.0,0,0,0,0,0,0,0,0

SID,DOKE2A,07,5
VA,0,71.0,2,1000,0,0,0,0,0,0
DF,KOLCA,13.305964,80.432972,0, ,0.0,0.0,3,6000,0,0,0,0,0,0
TF,POLOK,15.137594,81.847069,0, ,0.0,0.0,0.0,0.0,0,0,0,0,0,0,0,0
TF,DOKET,15.556781,81.840197,0, ,0.0,0.0,0.0,0.0,0,0,0,0,0,0,0,0

SID,DOKE2B,25,5
VA,0,251.0,2,1000,0,0,0,0,0,0
DF,MM601,13.060081,80.129822,2, ,0.0,0.0,0,0,0,0,0,0,0,0
TF,DOHIA,13.208322,80.151317,0, ,0.0,0.0,0.0,0.0,0,0,0,0,0,0,0,0
TF,KOLCA,13.305964,80.432972,0, ,0.0,0.0,0.0,0.0,3,6000,0,0,0,0,0,0
TF,POLOK,15.137594,81.847069,0, ,0.0,0.0,0.0,0.0,0,0,0,0,0,0,0,0
TF,DOKET,15.556781,81.840197,0, ,0.0,0.0,0.0,0.0,0,0,0,0,0,0,0,0

SID,DOKE2C,12,5
VA,0,119.0,2,1000,0,0,0,0,0,0
DF,MM602,13.013753,80.259414,1, ,0.0,0.0,0,0,0,0,0,0,0,0
TF,KOLCA,13.305964,80.432972,0, ,0.0,0.0,0.0,0.0,3,6000,0,0,0,0,0,0
TF,POLOK,15.137594,81.847069,0, ,0.0,0.0,0.0,0.0,0,0,0,0,0,0,0,0
TF,DOKET,15.556781,81.840197,0, ,0.0,0.0,0.0,0.0,0,0,0,0,0,0,0,0

SID,DOKE2D,30,5
VA,0,299.0,2,1000,0,0,0,0,0,0
DF,MM601,13.060081,80.129822,2, ,0.0,0.0,0,0,0,0,0,0,0,0
TF,DOHIA,13.208322,80.151317,0, ,0.0,0.0,0.0,0.0,0,0,0,0,0,0,0,0
TF,KOLCA,13.305964,80.432972,0, ,0.0,0.0,0.0,0.0,3,6000,0,0,0,0,0,0
TF,POLOK,15.137594,81.847069,0, ,0.0,0.0,0.0,0.0,0,0,0,0,0,0,0,0
TF,DOKET,15.556781,81.840197,0, ,0.0,0.0,0.0,0.0,0,0,0,0,0,0,0,0

SID,DOLK2A,07,5
VA,0,71.0,2,1000,0,0,0,0,0,0
DF,DOHIA,13.208322,80.151317,1, ,0.0,0.0,0,0,0,0,0,0,0,0
TF,MM610,13.291467,80.079600,0, ,0.0,0.0,0.0,0.0,3,6000,0,0,0,0,0,0
TF,RAMDO,13.569717,79.797406,0, ,0.0,0.0,0.0,0.0,0,0,0,0,0,0,0,0
TF,DAGNI,14.296528,78.823622,0, ,0.0,0.0,0.0,0.0,0,0,0,0,0,0,0,0
TF,DOLKI,15.405833,77.067222,0, ,0.0,0.0,0.0,0.0,0,0,0,0,0,0,0,0

SID,DOLK2B,25,5
VA,0,251.0,2,1000,0,0,0,0,0,0
DF,MM601,13.060081,80.129822,2, ,0.0,0.0,0,0,0,0,0,0,0,0
TF,DOHIA,13.208322,80.151317,0, ,0.0,0.0,0.0,0.0,0,0,0,0,0,0,0,0
TF,MM610,13.291467,80.079600,0, ,0.0,0.0,0.0,0.0,3,6000,0,0,0,0,0,0
TF,RAMDO,13.569717,79.797406,0, ,0.0,0.0,0.0,0.0,0,0,0,0,0,0,0,0
TF,DAGNI,14.296528,78.823622,0, ,0.0,0.0,0.0,0.0,0,0,0,0,0,0,0,0
TF,DOLKI,15.405833,77.067222,0, ,0.0,0.0,0.0,0.0,0,0,0,0,0,0,0,0

SID,DOLK2C,12,5
VA,0,119.0,2,1000,0,0,0,0,0,0
DF,MM602,13.013753,80.259414,1, ,0.0,0.0,0,0,0,0,0,0,0,0
TF,DOHIA,13.208322,80.151317,0, ,0.0,0.0,0.0,0.0,0,0,0,0,0,0,0,0
TF,MM610,13.291467,80.079600,0, ,0.0,0.0,0.0,0.0,3,6000,0,0,0,0,0,0
TF,RAMDO,13.569717,79.797406,0, ,0.0,0.0,0.0,0.0,0,0,0,0,0,0,0,0
TF,DAGNI,14.296528,78.823622,0, ,0.0,0.0,0.0,0.0,0,0,0,0,0,0,0,0
TF,DOLKI,15.405833,77.067222,0, ,0.0,0.0,0.0,0.0,0,0,0,0,0,0,0,0

SID,DOLK2D,30,5
VA,0,299.0,2,1000,0,0,0,0,0,0
DF,MM601,13.060081,80.129822,2, ,0.0,0.0,0,0,0,0,0,0,0,0
TF,DOHIA,13.208322,80.151317,0, ,0.0,0.0,0.0,0.0,0,0,0,0,0,0,0,0
TF,MM610,13.291467,80.079600,0, ,0.0,0.0,0.0,0.0,3,6000,0,0,0,0,0,0
TF,RAMDO,13.569717,79.797406,0, ,0.0,0.0,0.0,0.0,0,0,0,0,0,0,0,0
TF,DAGNI,14.296528,78.823622,0, ,0.0,0.0,0.0,0.0,0,0,0,0,0,0,0,0
TF,DOLKI,15.405833,77.067222,0, ,0.0,0.0,0.0,0.0,0,0,0,0,0,0,0,0

SID,DORA2A,07,5
VA,0,71.0,2,1000,0,0,0,0,0,0
DF,DOHIA,13.208322,80.151317,1, ,0.0,0.0,0,0,0,0,0,0,0,0
TF,MM610,13.291467,80.079600,0, ,0.0,0.0,0.0,0.0,3,6000,0,0,0,0,0,0
TF,RAMDO,13.569717,79.797406,0, ,0.0,0.0,0.0,0.0,0,0,0,0,0,0,0,0
TF,DAGNI,14.296528,78.823622,0, ,0.0,0.0,0.0,0.0,0,0,0,0,0,0,0,0
TF,DORAM,15.717861,77.348833,0, ,0.0,0.0,0.0,0.0,0,0,0,0,0,0,0,0

SID,DORA2B,25,5
VA,0,251.0,2,1000,0,0,0,0,0,0
DF,MM601,13.060081,80.129822,2, ,0.0,0.0,0,0,0,0,0,0,0,0
TF,DOHIA,13.208322,80.151317,0, ,0.0,0.0,0.0,0.0,0,0,0,0,0,0,0,0
TF,MM610,13.291467,80.079600,0, ,0.0,0.0,0.0,0.0,3,6000,0,0,0,0,0,0
TF,RAMDO,13.569717,79.797406,0, ,0.0,0.0,0.0,0.0,0,0,0,0,0,0,0,0
TF,DAGNI,14.296528,78.823622,0, ,0.0,0.0,0.0,0.0,0,0,0,0,0,0,0,0
TF,DORAM,15.717861,77.348833,0, ,0.0,0.0,0.0,0.0,0,0,0,0,0,0,0,0

SID,DORA2C,12,5
VA,0,119.0,2,1000,0,0,0,0,0,0
DF,MM602,13.013753,80.259414,1, ,0.0,0.0,0,0,0,0,0,0,0,0
TF,DOHIA,13.208322,80.151317,0, ,0.0,0.0,0.0,0.0,0,0,0,0,0,0,0,0
TF,MM610,13.291467,80.079600,0, ,0.0,0.0,0.0,0.0,3,6000,0,0,0,0,0,0
TF,RAMDO,13.569717,79.797406,0, ,0.0,0.0,0.0,0.0,0,0,0,0,0,0,0,0
TF,DAGNI,14.296528,78.823622,0, ,0.0,0.0,0.0,0.0,0,0,0,0,0,0,0,0
TF,DORAM,15.717861,77.348833,0, ,0.0,0.0,0.0,0.0,0,0,0,0,0,0,0,0

SID,DORA2D,30,5
VA,0,299.0,2,1000,0,0,0,0,0,0
DF,MM601,13.060081,80.129822,2, ,0.0,0.0,0,0,0,0,0,0,0,0
TF,DOHIA,13.208322,80.151317,0, ,0.0,0.0,0.0,0.0,0,0,0,0,0,0,0,0
TF,MM610,13.291467,80.079600,0, ,0.0,0.0,0.0,0.0,3,6000,0,0,0,0,0,0
TF,RAMDO,13.569717,79.797406,0, ,0.0,0.0,0.0,0.0,0,0,0,0,0,0,0,0
TF,DAGNI,14.296528,78.823622,0, ,0.0,0.0,0.0,0.0,0,0,0,0,0,0,0,0
TF,DORAM,15.717861,77.348833,0, ,0.0,0.0,0.0,0.0,0,0,0,0,0,0,0,0

SID,GIRN2A,07,5
VA,0,71.0,2,1000,0,0,0,0,0,0
DF,MM609,12.867119,80.433194,2, ,0.0,0.0,3,6000,0,0,0,0,0,0
TF,OXENA,12.396608,80.985172,0, ,0.0,0.0,0.0,0.0,0,0,0,0,0,0,0,0
TF,GETOR,11.759978,82.393800,0, ,0.0,0.0,0.0,0.0,0,0,0,0,0,0,0,0
TF,GIRNA,11.584861,83.314750,0, ,0.0,0.0,0.0,0.0,0,0,0,0,0,0,0,0

SID,GIRN2B,25,5
VA,0,251.0,2,1000,0,0,0,0,0,0
DF,MM608,12.743725,80.186531,1, ,0.0,0.0,3,4000,0,0,0,0,0,0
TF,DAMAD,12.628217,80.362919,0, ,0.0,0.0,0.0,0.0,3,6000,0,0,0,0,0,0
TF,OXENA,12.396608,80.985172,0, ,0.0,0.0,0.0,0.0,0,0,0,0,0,0,0,0
TF,GETOR,11.759978,82.393800,0, ,0.0,0.0,0.0,0.0,0,0,0,0,0,0,0,0
TF,GIRNA,11.584861,83.314750,0, ,0.0,0.0,0.0,0.0,0,0,0,0,0,0,0,0

SID,GIRN2C,12,5
VA,0,119.0,2,1000,0,0,0,0,0,0
DF,MM604,12.931186,80.303592,0, ,0.0,0.0,3,2300,0,0,0,0,0,0
TF,OXENA,12.396608,80.985172,0, ,0.0,0.0,0.0,0.0,0,0,0,0,0,0,0,0
TF,GETOR,11.759978,82.393800,0, ,0.0,0.0,0.0,0.0,0,0,0,0,0,0,0,0
TF,GIRNA,11.584861,83.314750,0, ,0.0,0.0,0.0,0.0,0,0,0,0,0,0,0,0

SID,GIRN2D,30,5
VA,0,299.0,2,1000,0,0,0,0,0,0
DF,MM606,12.858094,80.047164,1, ,0.0,0.0,0,0,0,0,0,0,0,0
TF,DAMAD,12.628217,80.362919,0, ,0.0,0.0,0.0,0.0,3,6000,0,0,0,0,0,0
TF,OXENA,12.396608,80.985172,0, ,0.0,0.0,0.0,0.0,0,0,0,0,0,0,0,0
TF,GETOR,11.759978,82.393800,0, ,0.0,0.0,0.0,0.0,0,0,0,0,0,0,0,0
TF,GIRNA,11.584861,83.314750,0, ,0.0,0.0,0.0,0.0,0,0,0,0,0,0,0,0

SID,GULA2A,07,5
VA,0,71.0,2,1000,0,0,0,0,0,0
DF,MM603,13.103233,80.188286,1, ,0.0,0.0,0,0,0,0,0,0,0,0
TF,FANER,13.181047,80.070239,0, ,0.0,0.0,0.0,0.0,0,0,0,0,0,0,0,0
TF,ELPOX,13.075778,79.802525,0, ,0.0,0.0,0.0,0.0,3,6000,0,0,0,0,0,0
TF,HALCO,13.190417,79.338942,0, ,0.0,0.0,0.0,0.0,0,0,0,0,0,0,0,0
TF,XIVIL,13.294356,78.917781,0, ,0.0,0.0,0.0,0.0,0,0,0,0,0,0,0,0
TF,TUPIN,13.955128,77.859058,0, ,0.0,0.0,0.0,0.0,0,0,0,0,0,0,0,0
TF,GULAM,15.138722,75.999000,0, ,0.0,0.0,0.0,0.0,0,0,0,0,0,0,0,0

SID,GULA2B,25,5
VA,0,251.0,2,1000,0,0,0,0,0,0
DF,ELPOX,13.075778,79.802525,0, ,0.0,0.0,3,6000,0,0,0,0,0,0
TF,HALCO,13.190417,79.338942,0, ,0.0,0.0,0.0,0.0,0,0,0,0,0,0,0,0
TF,XIVIL,13.294356,78.917781,0, ,0.0,0.0,0.0,0.0,0,0,0,0,0,0,0,0
TF,TUPIN,13.955128,77.859058,0, ,0.0,0.0,0.0,0.0,0,0,0,0,0,0,0,0
TF,GULAM,15.138722,75.999000,0, ,0.0,0.0,0.0,0.0,0,0,0,0,0,0,0,0

SID,GULA2C,12,5
VA,0,119.0,2,1000,0,0,0,0,0,0
DF,MM602,13.013753,80.259414,1, ,0.0,0.0,0,0,0,0,0,0,0,0
TF,WISAT,13.111250,80.210906,0, ,0.0,0.0,0.0,0.0,2,4000,0,0,0,0,0,0
TF,MM605,13.072097,80.024664,0, ,0.0,0.0,0.0,0.0,1,7000,0,0,0,0,0,0
TF,MM612,13.159389,79.861044,0, ,0.0,0.0,0.0,0.0,2,9000,0,0,0,0,0,0
TF,HALCO,13.190417,79.338942,0, ,0.0,0.0,0.0,0.0,0,0,0,0,0,0,0,0
TF,XIVIL,13.294356,78.917781,0, ,0.0,0.0,0.0,0.0,0,0,0,0,0,0,0,0
TF,TUPIN,13.955128,77.859058,0, ,0.0,0.0,0.0,0.0,0,0,0,0,0,0,0,0
TF,GULAM,15.138722,75.999000,0, ,0.0,0.0,0.0,0.0,0,0,0,0,0,0,0,0

SID,GULA2D,30,5
VA,0,299.0,2,1000,0,0,0,0,0,0
DF,ELPOX,13.075778,79.802525,0, ,0.0,0.0,3,6000,0,0,0,0,0,0
TF,HALCO,13.190417,79.338942,0, ,0.0,0.0,0.0,0.0,0,0,0,0,0,0,0,0
TF,XIVIL,13.294356,78.917781,0, ,0.0,0.0,0.0,0.0,0,0,0,0,0,0,0,0
TF,TUPIN,13.955128,77.859058,0, ,0.0,0.0,0.0,0.0,0,0,0,0,0,0,0,0
TF,GULAM,15.138722,75.999000,0, ,0.0,0.0,0.0,0.0,0,0,0,0,0,0,0,0

SID,IDAS2A,07,5
VA,0,71.0,2,1000,0,0,0,0,0,0
DF,MM613,13.075311,80.521878,0, ,0.0,0.0,3,6000,0,0,0,0,0,0
TF,SIDAT,13.129439,80.836617,0, ,0.0,0.0,0.0,0.0,0,0,0,0,0,0,0,0
TF,BAROT,12.995369,82.393778,0, ,0.0,0.0,0.0,0.0,0,0,0,0,0,0,0,0
TF,IDASO,12.659806,83.556389,0, ,0.0,0.0,0.0,0.0,0,0,0,0,0,0,0,0

SID,IDAS2B,25,5
VA,0,251.0,2,1000,0,0,0,0,0,0
DF,MM601,13.060081,80.129822,2, ,0.0,0.0,0,0,0,0,0,0,0,0
TF,DOHIA,13.208322,80.151317,0, ,0.0,0.0,0.0,0.0,0,0,0,0,0,0,0,0
TF,KOLCA,13.305964,80.432972,0, ,0.0,0.0,0.0,0.0,3,6000,0,0,0,0,0,0
TF,SIDAT,13.129439,80.836617,0, ,0.0,0.0,0.0,0.0,0,0,0,0,0,0,0,0
TF,BAROT,12.995369,82.393778,0, ,0.0,0.0,0.0,0.0,0,0,0,0,0,0,0,0
TF,IDASO,12.659806,83.556389,0, ,0.0,0.0,0.0,0.0,0,0,0,0,0,0,0,0

SID,IDAS2C,12,5
VA,0,119.0,2,1000,0,0,0,0,0,0
DF,MM613,13.075311,80.521878,0, ,0.0,0.0,3,6000,0,0,0,0,0,0
TF,SIDAT,13.129439,80.836617,0, ,0.0,0.0,0.0,0.0,0,0,0,0,0,0,0,0
TF,BAROT,12.995369,82.393778,0, ,0.0,0.0,0.0,0.0,0,0,0,0,0,0,0,0
TF,IDASO,12.659806,83.556389,0, ,0.0,0.0,0.0,0.0,0,0,0,0,0,0,0,0

SID,IDAS2D,30,5
VA,0,299.0,2,1000,0,0,0,0,0,0
DF,MM601,13.060081,80.129822,2, ,0.0,0.0,0,0,0,0,0,0,0,0
TF,DOHIA,13.208322,80.151317,0, ,0.0,0.0,0.0,0.0,0,0,0,0,0,0,0,0
TF,KOLCA,13.305964,80.432972,0, ,0.0,0.0,0.0,0.0,3,6000,0,0,0,0,0,0
TF,SIDAT,13.129439,80.836617,0, ,0.0,0.0,0.0,0.0,0,0,0,0,0,0,0,0
TF,BAROT,12.995369,82.393778,0, ,0.0,0.0,0.0,0.0,0,0,0,0,0,0,0,0
TF,IDASO,12.659806,83.556389,0, ,0.0,0.0,0.0,0.0,0,0,0,0,0,0,0,0

SID,KAMG2A,07,5
VA,0,71.0,2,1000,0,0,0,0,0,0
DF,DOHIA,13.208322,80.151317,1, ,0.0,0.0,0,0,0,0,0,0,0,0
TF,MM611,13.315406,80.144864,0, ,0.0,0.0,0.0,0.0,3,6000,0,0,0,0,0,0
TF,KAMGU,14.975142,79.419950,0, ,0.0,0.0,0.0,0.0,0,0,0,0,0,0,0,0

SID,KAMG2B,25,5
VA,0,251.0,2,1000,0,0,0,0,0,0
DF,MM601,13.060081,80.129822,2, ,0.0,0.0,0,0,0,0,0,0,0,0
TF,DOHIA,13.208322,80.151317,0, ,0.0,0.0,0.0,0.0,0,0,0,0,0,0,0,0
TF,MM611,13.315406,80.144864,0, ,0.0,0.0,0.0,0.0,3,6000,0,0,0,0,0,0
TF,KAMGU,14.975142,79.419950,0, ,0.0,0.0,0.0,0.0,0,0,0,0,0,0,0,0

SID,KAMG2C,12,5
VA,0,119.0,2,1000,0,0,0,0,0,0
DF,MM602,13.013753,80.259414,1, ,0.0,0.0,0,0,0,0,0,0,0,0
TF,DOHIA,13.208322,80.151317,0, ,0.0,0.0,0.0,0.0,0,0,0,0,0,0,0,0
TF,MM611,13.315406,80.144864,0, ,0.0,0.0,0.0,0.0,3,6000,0,0,0,0,0,0
TF,KAMGU,14.975142,79.419950,0, ,0.0,0.0,0.0,0.0,0,0,0,0,0,0,0,0

SID,KAMG2D,30,5
VA,0,299.0,2,1000,0,0,0,0,0,0
DF,MM601,13.060081,80.129822,2, ,0.0,0.0,0,0,0,0,0,0,0,0
TF,DOHIA,13.208322,80.151317,0, ,0.0,0.0,0.0,0.0,0,0,0,0,0,0,0,0
TF,MM611,13.315406,80.144864,0, ,0.0,0.0,0.0,0.0,3,6000,0,0,0,0,0,0
TF,KAMGU,14.975142,79.419950,0, ,0.0,0.0,0.0,0.0,0,0,0,0,0,0,0,0

SID,LAXI2A,07,5
VA,0,71.0,2,1000,0,0,0,0,0,0
DF,MM607,12.807114,80.296714,2, ,0.0,0.0,4,6000,4000,0,0,0,0,0
TF,METEM,12.732122,80.083622,0, ,0.0,0.0,0.0,0.0,2,8000,0,0,0,0,0,0
TF,PATTY,12.561978,79.600347,0, ,0.0,0.0,0.0,0.0,0,0,0,0,0,0,0,0
TF,LAXIK,12.502589,79.453636,0, ,0.0,0.0,0.0,0.0,0,0,0,0,0,0,0,0

SID,LAXI2C,12,5
VA,0,119.0,2,1000,0,0,0,0,0,0
DF,GANAN,12.678914,79.932678,2, ,0.0,0.0,0,0,0,0,0,0,0,0
TF,MM614,12.637944,79.815825,0, ,0.0,0.0,0.0,0.0,3,7000,0,0,0,0,0,0
TF,PATTY,12.561978,79.600347,0, ,0.0,0.0,0.0,0.0,0,0,0,0,0,0,0,0
TF,LAXIK,12.502589,79.453636,0, ,0.0,0.0,0.0,0.0,0,0,0,0,0,0,0,0

SID,NUVT2A,07,5
VA,0,71.0,2,1000,0,0,0,0,0,0
DF,MM615,13.034306,80.285972,0, ,0.0,0.0,0,0,0,0,0,0,0,0
TF,RADAB,12.834267,80.368544,0, ,0.0,0.0,0.0,0.0,0,0,0,0,0,0,0,0
TF,DAMAD,12.628217,80.362919,0, ,0.0,0.0,0.0,0.0,3,6000,0,0,0,0,0,0
TF,AKMIL,11.859833,80.115167,0, ,0.0,0.0,0.0,0.0,0,0,0,0,0,0,0,0
TF,TEGUT,11.586239,79.248322,0, ,0.0,0.0,0.0,0.0,0,0,0,0,0,0,0,0
TF,NUVTI,11.518194,78.565361,0, ,0.0,0.0,0.0,0.0,0,0,0,0,0,0,0,0

SID,NUVT2C,12,5
VA,0,119.0,2,1000,0,0,0,0,0,0
DF,MM604,12.931186,80.303592,0, ,0.0,0.0,3,2300,0,0,0,0,0,0
TF,RADAB,12.834267,80.368544,0, ,0.0,0.0,0.0,0.0,0,0,0,0,0,0,0,0
TF,DAMAD,12.628217,80.362919,0, ,0.0,0.0,0.0,0.0,3,6000,0,0,0,0,0,0
TF,AKMIL,11.859833,80.115167,0, ,0.0,0.0,0.0,0.0,0,0,0,0,0,0,0,0
TF,TEGUT,11.586239,79.248322,0, ,0.0,0.0,0.0,0.0,0,0,0,0,0,0,0,0
TF,NUVTI,11.518194,78.565361,0, ,0.0,0.0,0.0,0.0,0,0,0,0,0,0,0,0

SID,SAGO2A,07,5
VA,0,71.0,2,1000,0,0,0,0,0,0
DF,MM615,13.034306,80.285972,0, ,0.0,0.0,0,0,0,0,0,0,0,0
TF,RADAB,12.834267,80.368544,0, ,0.0,0.0,0.0,0.0,0,0,0,0,0,0,0,0
TF,DAMAD,12.628217,80.362919,0, ,0.0,0.0,0.0,0.0,3,6000,0,0,0,0,0,0
TF,LOCSO,10.514625,80.281275,0, ,0.0,0.0,0.0,0.0,0,0,0,0,0,0,0,0
TF,SAGOR,10.000000,80.081667,0, ,0.0,0.0,0.0,0.0,0,0,0,0,0,0,0,0

SID,SAGO2C,12,5
VA,0,119.0,2,1000,0,0,0,0,0,0
DF,MM604,12.931186,80.303592,0, ,0.0,0.0,3,2300,0,0,0,0,0,0
TF,RADAB,12.834267,80.368544,0, ,0.0,0.0,0.0,0.0,0,0,0,0,0,0,0,0
TF,DAMAD,12.628217,80.362919,0, ,0.0,0.0,0.0,0.0,3,6000,0,0,0,0,0,0
TF,LOCSO,10.514625,80.281275,0, ,0.0,0.0,0.0,0.0,0,0,0,0,0,0,0,0
TF,SAGOR,10.000000,80.081667,0, ,0.0,0.0,0.0,0.0,0,0,0,0,0,0,0,0

SID,TEGU2A,07,5
VA,0,71.0,2,1000,0,0,0,0,0,0
DF,MM607,12.807114,80.296714,2, ,0.0,0.0,4,6000,4000,0,0,0,0,0
TF,METEM,12.732122,80.083622,0, ,0.0,0.0,0.0,0.0,2,8000,0,0,0,0,0,0
TF,PATTY,12.561978,79.600347,0, ,0.0,0.0,0.0,0.0,0,0,0,0,0,0,0,0
TF,TEGUT,11.586239,79.248322,0, ,0.0,0.0,0.0,0.0,0,0,0,0,0,0,0,0

SID,TEGU2B,25,5
VA,0,251.0,2,1000,0,0,0,0,0,0
DF,COLTY,12.900044,79.929919,0, ,0.0,0.0,3,6000,0,0,0,0,0,0
TF,KKP,12.784447,79.713578,0, ,0.0,0.0,0.0,0.0,0,0,0,0,0,0,0,0
TF,TEGUT,11.586239,79.248322,0, ,0.0,0.0,0.0,0.0,0,0,0,0,0,0,0,0

SID,TEGU2C,12,5
VA,0,119.0,2,1000,0,0,0,0,0,0
DF,GANAN,12.678914,79.932678,2, ,0.0,0.0,0,0,0,0,0,0,0,0
TF,MM614,12.637944,79.815825,0, ,0.0,0.0,0.0,0.0,3,7000,0,0,0,0,0,0
TF,PATTY,12.561978,79.600347,0, ,0.0,0.0,0.0,0.0,0,0,0,0,0,0,0,0
TF,TEGUT,11.586239,79.248322,0, ,0.0,0.0,0.0,0.0,0,0,0,0,0,0,0,0

SID,TEGU2D,30,5
VA,0,299.0,2,1000,0,0,0,0,0,0
DF,COLTY,12.900044,79.929919,1, ,0.0,0.0,3,6000,0,0,0,0,0,0
TF,KKP,12.784447,79.713578,0, ,0.0,0.0,0.0,0.0,0,0,0,0,0,0,0,0
TF,TEGUT,11.586239,79.248322,0, ,0.0,0.0,0.0,0.0,0,0,0,0,0,0,0,0

SID,VATM2A,07,5
VA,0,71.0,2,1000,0,0,0,0,0,0
DF,KOLCA,13.305964,80.432972,0, ,0.0,0.0,3,6000,0,0,0,0,0,0
TF,VATMO,13.700000,81.450000,0, ,0.0,0.0,0.0,0.0,0,0,0,0,0,0,0,0

SID,VATM2B,25,5
VA,0,251.0,2,1000,0,0,0,0,0,0
DF,MM601,13.060081,80.129822,2, ,0.0,0.0,0,0,0,0,0,0,0,0
TF,DOHIA,13.208322,80.151317,0, ,0.0,0.0,0.0,0.0,0,0,0,0,0,0,0,0
TF,KOLCA,13.305964,80.432972,0, ,0.0,0.0,0.0,0.0,3,6000,0,0,0,0,0,0
TF,VATMO,13.700000,81.450000,0, ,0.0,0.0,0.0,0.0,0,0,0,0,0,0,0,0

SID,VATM2C,12,5
VA,0,119.0,2,1000,0,0,0,0,0,0
DF,MM602,13.013753,80.259414,1, ,0.0,0.0,0,0,0,0,0,0,0,0
TF,KOLCA,13.305964,80.432972,0, ,0.0,0.0,0.0,0.0,3,6000,0,0,0,0,0,0
TF,VATMO,13.700000,81.450000,0, ,0.0,0.0,0.0,0.0,0,0,0,0,0,0,0,0

SID,VATM2D,30,5
VA,0,299.0,2,1000,0,0,0,0,0,0
DF,MM601,13.060081,80.129822,2, ,0.0,0.0,0,0,0,0,0,0,0,0
TF,DOHIA,13.208322,80.151317,0, ,0.0,0.0,0.0,0.0,0,0,0,0,0,0,0,0
TF,KOLCA,13.305964,80.432972,0, ,0.0,0.0,0.0,0.0,3,6000,0,0,0,0,0,0
TF,VATMO,13.700000,81.450000,0, ,0.0,0.0,0.0,0.0,0,0,0,0,0,0,0,0

STAR,ADKA2E,07,5
IF,ADKAL,11.848333,78.280278, ,0.0,0.0,0,0,0,0,0,0,0,0
TF,BUTLA,12.848633,79.500689,0, ,0.0,0.0,0.0,0.0,2,9000,0,1,250,0,0,0
TF,MM513,12.992603,79.890544,0, ,0.0,0.0,0.0,0.0,2,4000,0,1,210,0,0,0

STAR,ADKA2F,25,5
IF,ADKAL,11.848333,78.280278, ,0.0,0.0,0,0,0,0,0,0,0,0
TF,BUTLA,12.848633,79.500689,0, ,0.0,0.0,0.0,0.0,2,9000,0,1,250,0,0,0
TF,MM505,13.131825,80.263256,0, ,0.0,0.0,0.0,0.0,2,7000,0,0,0,0,0,0
TF,MM510,13.173139,80.369617,0, ,0.0,0.0,0.0,0.0,2,4000,0,1,210,0,0,0

STAR,ADKA2G,12,5
IF,ADKAL,11.848333,78.280278, ,0.0,0.0,0,0,0,0,0,0,0,0
TF,BUTLA,12.848633,79.500689,0, ,0.0,0.0,0.0,0.0,2,9000,0,1,250,0,0,0
TF,MM516,13.053750,79.806617,0, ,0.0,0.0,0.0,0.0,2,6500,0,1,210,0,0,0

STAR,ADKA2H,30,5
IF,ADKAL,11.848333,78.280278, ,0.0,0.0,0,0,0,0,0,0,0,0
TF,BUTLA,12.848633,79.500689,0, ,0.0,0.0,0.0,0.0,2,9000,0,1,250,0,0,0
TF,WISAT,13.111250,80.210906,0, ,0.0,0.0,0.0,0.0,0,0,0,0,0,0,0,0
TF,MM504,13.072225,80.277511,0, ,0.0,0.0,0.0,0.0,2,7000,0,0,0,0,0,0
TF,MM512,12.987906,80.444842,0, ,0.0,0.0,0.0,0.0,2,4000,0,1,210,0,0,0

STAR,ADKA2T,30,5
IF,ADKAL,11.848333,78.280278, ,0.0,0.0,0,0,0,0,0,0,0,0
TF,BUTLA,12.848633,79.500689,0, ,0.0,0.0,0.0,0.0,2,9000,0,1,250,0,0,0
TF,ACUBU,12.966825,79.823083,0, ,0.0,0.0,0.0,0.0,0,0,0,0,0,0,0,0
TF,MM507,12.974544,79.957022,0, ,0.0,0.0,0.0,0.0,0,0,0,0,0,0,0,0
TF,MM501,12.887572,80.181294,0, ,0.0,0.0,0.0,0.0,2,7000,0,0,0,0,0,0
TF,MM509,12.804561,80.341853,0, ,0.0,0.0,0.0,0.0,2,4000,0,1,210,0,0,0

STAR,AKMI2F,25,5
IF,AKMIL,11.859833,80.115167, ,0.0,0.0,0,0,0,0,0,0,0,0
TF,ARDAB,12.340269,80.321339,0, ,0.0,0.0,0.0,0.0,2,11000,0,1,250,0,0,0
TF,MM512,12.987906,80.444842,0, ,0.0,0.0,0.0,0.0,2,4000,0,1,210,0,0,0

STAR,AKMI2H,30,5
IF,AKMIL,11.859833,80.115167, ,0.0,0.0,0,0,0,0,0,0,0,0
TF,ARDAB,12.340269,80.321339,0, ,0.0,0.0,0.0,0.0,2,11000,0,1,250,0,0,0
TF,MM509,12.804561,80.341853,0, ,0.0,0.0,0.0,0.0,2,4000,0,1,210,0,0,0

STAR,AKMI2K,07,5
IF,AKMIL,11.859833,80.115167, ,0.0,0.0,0,0,0,0,0,0,0,0
TF,TRYCO,12.399964,79.865472,0, ,0.0,0.0,0.0,0.0,2,9000,0,1,250,0,0,0
TF,GANAN,12.678914,79.932678,0, ,0.0,0.0,0.0,0.0,4,7000,6000,0,0,0,0,0
TF,MM514,12.804256,79.962086,0, ,0.0,0.0,0.0,0.0,2,4000,0,1,210,0,0,0

STAR,AKMI2M,25,5
IF,AKMIL,11.859833,80.115167, ,0.0,0.0,0,0,0,0,0,0,0,0
TF,TRYCO,12.399964,79.865472,0, ,0.0,0.0,0.0,0.0,2,9000,0,1,250,0,0,0
TF,MM501,12.887572,80.181294,0, ,0.0,0.0,0.0,0.0,2,7000,0,0,0,0,0,0
TF,MM512,12.987906,80.444842,0, ,0.0,0.0,0.0,0.0,2,4000,0,1,210,0,0,0

STAR,AKMI2Q,12,5
IF,AKMIL,11.859833,80.115167, ,0.0,0.0,0,0,0,0,0,0,0,0
TF,TRYCO,12.399964,79.865472,0, ,0.0,0.0,0.0,0.0,2,9000,0,1,250,0,0,0
TF,MM506,12.952789,79.996875,0, ,0.0,0.0,0.0,0.0,2,8000,0,0,0,0,0,0
TF,MM516,13.053750,79.806617,0, ,0.0,0.0,0.0,0.0,2,6500,0,1,210,0,0,0

STAR,AKMI2S,30,5
IF,AKMIL,11.859833,80.115167, ,0.0,0.0,0,0,0,0,0,0,0,0
TF,TRYCO,12.399964,79.865472,0, ,0.0,0.0,0.0,0.0,2,9000,0,1,250,0,0,0
TF,MM501,12.887572,80.181294,0, ,0.0,0.0,0.0,0.0,2,7000,0,0,0,0,0,0
TF,MM509,12.804561,80.341853,0, ,0.0,0.0,0.0,0.0,2,4000,0,1,210,0,0,0

STAR,AVMO2E,07,5
IF,AVMOR,12.557456,82.011439, ,0.0,0.0,0,0,0,0,0,0,0,0
TF,GAVID,12.805478,80.825861,0, ,0.0,0.0,0.0,0.0,2,9000,0,1,250,0,0,0
TF,WISAT,13.111250,80.210906,0, ,0.0,0.0,0.0,0.0,0,0,0,0,0,0,0,0
TF,MM503,13.055164,80.054214,0, ,0.0,0.0,0.0,0.0,2,7000,0,0,0,0,0,0
TF,MM513,12.992603,79.890544,0, ,0.0,0.0,0.0,0.0,2,4000,0,1,210,0,0,0

STAR,AVMO2F,25,5
IF,AVMOR,12.557456,82.011439, ,0.0,0.0,0,0,0,0,0,0,0,0
TF,GAVID,12.805478,80.825861,0, ,0.0,0.0,0.0,0.0,2,9000,0,1,250,0,0,0
TF,MM512,12.987906,80.444842,0, ,0.0,0.0,0.0,0.0,2,4000,0,1,210,0,0,0

STAR,AVMO2G,12,5
IF,AVMOR,12.557456,82.011439, ,0.0,0.0,0,0,0,0,0,0,0,0
TF,GAVID,12.805478,80.825861,0, ,0.0,0.0,0.0,0.0,2,9000,0,1,250,0,0,0
TF,MM511,13.210758,80.013797,0, ,0.0,0.0,0.0,0.0,2,8000,0,0,0,0,0,0
TF,MM515,13.260253,79.919708,0, ,0.0,0.0,0.0,0.0,2,6500,0,1,210,0,0,0

STAR,AVMO2H,30,5
IF,AVMOR,12.557456,82.011439, ,0.0,0.0,0,0,0,0,0,0,0,0
TF,GAVID,12.805478,80.825861,0, ,0.0,0.0,0.0,0.0,2,9000,0,1,250,0,0,0
TF,MM512,12.987906,80.444842,0, ,0.0,0.0,0.0,0.0,2,4000,0,1,210,0,0,0

STAR,AVMO2K,07,5
IF,AVMOR,12.557456,82.011439, ,0.0,0.0,0,0,0,0,0,0,0,0
TF,GAVID,12.805478,80.825861,0, ,0.0,0.0,0.0,0.0,2,9000,0,1,250,0,0,0
TF,RAAGA,12.980767,80.425808,0, ,0.0,0.0,0.0,0.0,0,0,0,0,0,0,0,0
TF,MM502,12.875086,80.146911,0, ,0.0,0.0,0.0,0.0,2,7000,0,0,0,0,0,0
TF,MM514,12.804256,79.962086,0, ,0.0,0.0,0.0,0.0,2,4000,0,1,210,0,0,0

STAR,BOPR2E,07,5
IF,BOPRI,15.576644,79.947992, ,0.0,0.0,0,0,0,0,0,0,0,0
TF,RUPKU,13.642383,80.338894,0, ,0.0,0.0,0.0,0.0,2,9000,0,1,250,0,0,0
TF,WISAT,13.111250,80.210906,0, ,0.0,0.0,0.0,0.0,0,0,0,0,0,0,0,0
TF,MM503,13.055164,80.054214,0, ,0.0,0.0,0.0,0.0,2,7000,0,0,0,0,0,0
TF,MM513,12.992603,79.890544,0, ,0.0,0.0,0.0,0.0,2,4000,0,1,210,0,0,0

STAR,BOPR2F,25,5
IF,BOPRI,15.576644,79.947992, ,0.0,0.0,0,0,0,0,0,0,0,0
TF,RUPKU,13.642383,80.338894,0, ,0.0,0.0,0.0,0.0,2,9000,0,1,250,0,0,0
TF,MM508,13.235569,80.232369,0, ,0.0,0.0,0.0,0.0,0,0,0,0,0,0,0,0
TF,MM505,13.131825,80.263256,0, ,0.0,0.0,0.0,0.0,2,7000,0,0,0,0,0,0
TF,MM510,13.173139,80.369617,1, ,0.0,0.0,0.0,0.0,2,4000,0,1,210,0,0,0

STAR,BOPR2G,12,5
IF,BOPRI,15.576644,79.947992, ,0.0,0.0,0,0,0,0,0,0,0,0
TF,RUPKU,13.642383,80.338894,0, ,0.0,0.0,0.0,0.0,2,9000,0,1,250,0,0,0
TF,MM508,13.235569,80.232369,0, ,0.0,0.0,0.0,0.0,0,0,0,0,0,0,0,0
TF,FANER,13.181047,80.070239,0, ,0.0,0.0,0.0,0.0,0,0,0,0,0,0,0,0
TF,MM511,13.210758,80.013797,0, ,0.0,0.0,0.0,0.0,2,8000,0,0,0,0,0,0
TF,MM515,13.260253,79.919708,0, ,0.0,0.0,0.0,0.0,2,6500,0,1,210,0,0,0

STAR,BOPR2H,30,5
IF,BOPRI,15.576644,79.947992, ,0.0,0.0,0,0,0,0,0,0,0,0
TF,RUPKU,13.642383,80.338894,0, ,0.0,0.0,0.0,0.0,2,9000,0,1,250,0,0,0
TF,WISAT,13.111250,80.210906,0, ,0.0,0.0,0.0,0.0,0,0,0,0,0,0,0,0
TF,MM504,13.072225,80.277511,0, ,0.0,0.0,0.0,0.0,2,7000,0,0,0,0,0,0
TF,MM512,12.987906,80.444842,0, ,0.0,0.0,0.0,0.0,2,4000,0,1,210,0,0,0

STAR,DOKE2E,07,5
IF,DOKET,15.556781,81.840197, ,0.0,0.0,0,0,0,0,0,0,0,0
TF,RUPKU,13.642383,80.338894,0, ,0.0,0.0,0.0,0.0,2,9000,0,1,250,0,0,0
TF,WISAT,13.111250,80.210906,0, ,0.0,0.0,0.0,0.0,0,0,0,0,0,0,0,0
TF,MM503,13.055164,80.054214,0, ,0.0,0.0,0.0,0.0,2,7000,0,0,0,0,0,0
TF,MM513,12.992603,79.890544,0, ,0.0,0.0,0.0,0.0,2,4000,0,1,210,0,0,0

STAR,DOKE2F,25,5
IF,DOKET,15.556781,81.840197, ,0.0,0.0,0,0,0,0,0,0,0,0
TF,RUPKU,13.642383,80.338894,0, ,0.0,0.0,0.0,0.0,2,9000,0,1,250,0,0,0
TF,MM508,13.235569,80.232369,0, ,0.0,0.0,0.0,0.0,0,0,0,0,0,0,0,0
TF,MM505,13.131825,80.263256,0, ,0.0,0.0,0.0,0.0,2,7000,0,0,0,0,0,0
TF,MM510,13.173139,80.369617,1, ,0.0,0.0,0.0,0.0,2,4000,0,1,210,0,0,0

STAR,DOKE2G,12,5
IF,DOKET,15.556781,81.840197, ,0.0,0.0,0,0,0,0,0,0,0,0
TF,RUPKU,13.642383,80.338894,0, ,0.0,0.0,0.0,0.0,2,9000,0,1,250,0,0,0
TF,MM508,13.235569,80.232369,0, ,0.0,0.0,0.0,0.0,0,0,0,0,0,0,0,0
TF,FANER,13.181047,80.070239,0, ,0.0,0.0,0.0,0.0,0,0,0,0,0,0,0,0
TF,MM511,13.210758,80.013797,0, ,0.0,0.0,0.0,0.0,2,8000,0,0,0,0,0,0
TF,MM515,13.260253,79.919708,0, ,0.0,0.0,0.0,0.0,2,6500,0,1,210,0,0,0

STAR,DOKE2H,30,5
IF,DOKET,15.556781,81.840197, ,0.0,0.0,0,0,0,0,0,0,0,0
TF,RUPKU,13.642383,80.338894,0, ,0.0,0.0,0.0,0.0,2,9000,0,1,250,0,0,0
TF,WISAT,13.111250,80.210906,0, ,0.0,0.0,0.0,0.0,0,0,0,0,0,0,0,0
TF,MM504,13.072225,80.277511,0, ,0.0,0.0,0.0,0.0,2,7000,0,0,0,0,0,0
TF,MM512,12.987906,80.444842,0, ,0.0,0.0,0.0,0.0,2,4000,0,1,210,0,0,0

STAR,GUNR2E,07,5
IF,GUNRI,15.605556,80.859722, ,0.0,0.0,0,0,0,0,0,0,0,0
TF,RUPKU,13.642383,80.338894,0, ,0.0,0.0,0.0,0.0,2,9000,0,1,250,0,0,0
TF,WISAT,13.111250,80.210906,0, ,0.0,0.0,0.0,0.0,0,0,0,0,0,0,0,0
TF,MM503,13.055164,80.054214,0, ,0.0,0.0,0.0,0.0,2,7000,0,0,0,0,0,0
TF,MM513,12.992603,79.890544,0, ,0.0,0.0,0.0,0.0,2,4000,0,1,210,0,0,0

STAR,GUNR2F,25,5
IF,GUNRI,15.605556,80.859722, ,0.0,0.0,0,0,0,0,0,0,0,0
TF,RUPKU,13.642383,80.338894,0, ,0.0,0.0,0.0,0.0,2,9000,0,1,250,0,0,0
TF,MM508,13.235569,80.232369,0, ,0.0,0.0,0.0,0.0,0,0,0,0,0,0,0,0
TF,MM505,13.131825,80.263256,0, ,0.0,0.0,0.0,0.0,2,7000,0,0,0,0,0,0
TF,MM510,13.173139,80.369617,1, ,0.0,0.0,0.0,0.0,2,4000,0,1,210,0,0,0

STAR,GUNR2G,12,5
IF,GUNRI,15.605556,80.859722, ,0.0,0.0,0,0,0,0,0,0,0,0
TF,RUPKU,13.642383,80.338894,0, ,0.0,0.0,0.0,0.0,2,9000,0,1,250,0,0,0
TF,MM508,13.235569,80.232369,0, ,0.0,0.0,0.0,0.0,0,0,0,0,0,0,0,0
TF,FANER,13.181047,80.070239,0, ,0.0,0.0,0.0,0.0,0,0,0,0,0,0,0,0
TF,MM511,13.210758,80.013797,0, ,0.0,0.0,0.0,0.0,2,8000,0,0,0,0,0,0
TF,MM515,13.260253,79.919708,0, ,0.0,0.0,0.0,0.0,2,6500,0,1,210,0,0,0

STAR,GUNR2H,30,5
IF,GUNRI,15.605556,80.859722, ,0.0,0.0,0,0,0,0,0,0,0,0
TF,RUPKU,13.642383,80.338894,0, ,0.0,0.0,0.0,0.0,2,9000,0,1,250,0,0,0
TF,WISAT,13.111250,80.210906,0, ,0.0,0.0,0.0,0.0,0,0,0,0,0,0,0,0
TF,MM504,13.072225,80.277511,0, ,0.0,0.0,0.0,0.0,2,7000,0,0,0,0,0,0
TF,MM512,12.987906,80.444842,0, ,0.0,0.0,0.0,0.0,2,4000,0,1,210,0,0,0

STAR,GURA2E,07,5
IF,GURAS,14.001389,80.831667, ,0.0,0.0,0,0,0,0,0,0,0,0
TF,RUPKU,13.642383,80.338894,0, ,0.0,0.0,0.0,0.0,2,9000,0,1,250,0,0,0
TF,WISAT,13.111250,80.210906,0, ,0.0,0.0,0.0,0.0,0,0,0,0,0,0,0,0
TF,MM503,13.055164,80.054214,0, ,0.0,0.0,0.0,0.0,2,7000,0,0,0,0,0,0
TF,MM513,12.992603,79.890544,0, ,0.0,0.0,0.0,0.0,2,4000,0,1,210,0,0,0

STAR,GURA2F,25,5
IF,GURAS,14.001389,80.831667, ,0.0,0.0,0,0,0,0,0,0,0,0
TF,RUPKU,13.642383,80.338894,0, ,0.0,0.0,0.0,0.0,2,9000,0,1,250,0,0,0
TF,MM508,13.235569,80.232369,0, ,0.0,0.0,0.0,0.0,0,0,0,0,0,0,0,0
TF,MM505,13.131825,80.263256,0, ,0.0,0.0,0.0,0.0,2,7000,0,0,0,0,0,0
TF,MM510,13.173139,80.369617,1, ,0.0,0.0,0.0,0.0,2,4000,0,1,210,0,0,0

STAR,GURA2G,12,5
IF,GURAS,14.001389,80.831667, ,0.0,0.0,0,0,0,0,0,0,0,0
TF,RUPKU,13.642383,80.338894,0, ,0.0,0.0,0.0,0.0,2,9000,0,1,250,0,0,0
TF,MM508,13.235569,80.232369,0, ,0.0,0.0,0.0,0.0,0,0,0,0,0,0,0,0
TF,FANER,13.181047,80.070239,0, ,0.0,0.0,0.0,0.0,0,0,0,0,0,0,0,0
TF,MM511,13.210758,80.013797,0, ,0.0,0.0,0.0,0.0,2,8000,0,0,0,0,0,0
TF,MM515,13.260253,79.919708,0, ,0.0,0.0,0.0,0.0,2,6500,0,1,210,0,0,0

STAR,GURA2H,30,5
IF,GURAS,14.001389,80.831667, ,0.0,0.0,0,0,0,0,0,0,0,0
TF,RUPKU,13.642383,80.338894,0, ,0.0,0.0,0.0,0.0,2,9000,0,1,250,0,0,0
TF,WISAT,13.111250,80.210906,0, ,0.0,0.0,0.0,0.0,0,0,0,0,0,0,0,0
TF,MM504,13.072225,80.277511,0, ,0.0,0.0,0.0,0.0,2,7000,0,0,0,0,0,0
TF,MM512,12.987906,80.444842,0, ,0.0,0.0,0.0,0.0,2,4000,0,1,210,0,0,0

STAR,NOPE2E,07,5
IF,NOPES,12.548881,79.349861, ,0.0,0.0,0,0,0,0,0,0,0,0
TF,BUTLA,12.848633,79.500689,0, ,0.0,0.0,0.0,0.0,2,9000,0,1,250,0,0,0
TF,MM513,12.992603,79.890544,0, ,0.0,0.0,0.0,0.0,2,4000,0,1,210,0,0,0

STAR,NOPE2F,25,5
IF,NOPES,12.548881,79.349861, ,0.0,0.0,0,0,0,0,0,0,0,0
TF,BUTLA,12.848633,79.500689,0, ,0.0,0.0,0.0,0.0,2,9000,0,1,250,0,0,0
TF,MM505,13.131825,80.263256,0, ,0.0,0.0,0.0,0.0,2,7000,0,0,0,0,0,0
TF,MM510,13.173139,80.369617,0, ,0.0,0.0,0.0,0.0,2,4000,0,1,210,0,0,0

STAR,NOPE2G,12,5
IF,NOPES,12.548881,79.349861, ,0.0,0.0,0,0,0,0,0,0,0,0
TF,BUTLA,12.848633,79.500689,0, ,0.0,0.0,0.0,0.0,2,9000,0,1,250,0,0,0
TF,MM516,13.053750,79.806617,0, ,0.0,0.0,0.0,0.0,2,6500,0,1,210,0,0,0

STAR,NOPE2H,30,5
IF,NOPES,12.548881,79.349861, ,0.0,0.0,0,0,0,0,0,0,0,0
TF,BUTLA,12.848633,79.500689,0, ,0.0,0.0,0.0,0.0,2,9000,0,1,250,0,0,0
TF,WISAT,13.111250,80.210906,0, ,0.0,0.0,0.0,0.0,0,0,0,0,0,0,0,0
TF,MM504,13.072225,80.277511,0, ,0.0,0.0,0.0,0.0,2,7000,0,0,0,0,0,0
TF,MM512,12.987906,80.444842,0, ,0.0,0.0,0.0,0.0,2,4000,0,1,210,0,0,0

STAR,NOPE2T,30,5
IF,NOPES,12.548881,79.349861, ,0.0,0.0,0,0,0,0,0,0,0,0
TF,BUTLA,12.848633,79.500689,0, ,0.0,0.0,0.0,0.0,2,9000,0,1,250,0,0,0
TF,ACUBU,12.966825,79.823083,0, ,0.0,0.0,0.0,0.0,0,0,0,0,0,0,0,0
TF,MM507,12.974544,79.957022,0, ,0.0,0.0,0.0,0.0,0,0,0,0,0,0,0,0
TF,MM501,12.887572,80.181294,0, ,0.0,0.0,0.0,0.0,2,7000,0,0,0,0,0,0
TF,MM509,12.804561,80.341853,0, ,0.0,0.0,0.0,0.0,2,4000,0,1,210,0,0,0

STAR,OPAM2E,07,5
IF,OPAMO,14.592944,77.090528, ,0.0,0.0,0,0,0,0,0,0,0,0
TF,ANIRO,14.036044,78.608389,0, ,0.0,0.0,0.0,0.0,0,0,0,0,0,0,0,0
TF,GUANI,13.425611,79.648147,0, ,0.0,0.0,0.0,0.0,2,11000,0,1,250,0,0,0
TF,FANER,13.181047,80.070239,0, ,0.0,0.0,0.0,0.0,0,0,0,0,0,0,0,0
TF,MM503,13.055164,80.054214,0, ,0.0,0.0,0.0,0.0,2,7000,0,0,0,0,0,0
TF,MM513,12.992603,79.890544,0, ,0.0,0.0,0.0,0.0,2,4000,0,1,210,0,0,0

STAR,OPAM2F,25,5
IF,OPAMO,14.592944,77.090528, ,0.0,0.0,0,0,0,0,0,0,0,0
TF,ANIRO,14.036044,78.608389,0, ,0.0,0.0,0.0,0.0,0,0,0,0,0,0,0,0
TF,GUANI,13.425611,79.648147,0, ,0.0,0.0,0.0,0.0,2,11000,0,1,250,0,0,0
TF,MM503,13.055164,80.054214,0, ,0.0,0.0,0.0,0.0,0,0,0,0,0,0,0,0
TF,MM505,13.131825,80.263256,0, ,0.0,0.0,0.0,0.0,2,7000,0,0,0,0,0,0
TF,MM510,13.173139,80.369617,0, ,0.0,0.0,0.0,0.0,2,4000,0,1,210,0,0,0

STAR,OPAM2G,12,5
IF,OPAMO,14.592944,77.090528, ,0.0,0.0,0,0,0,0,0,0,0,0
TF,ANIRO,14.036044,78.608389,0, ,0.0,0.0,0.0,0.0,0,0,0,0,0,0,0,0
TF,GUANI,13.425611,79.648147,0, ,0.0,0.0,0.0,0.0,2,11000,0,1,250,0,0,0
TF,MM515,13.260253,79.919708,0, ,0.0,0.0,0.0,0.0,2,6500,0,1,210,0,0,0

STAR,OPAM2H,30,5
IF,OPAMO,14.592944,77.090528, ,0.0,0.0,0,0,0,0,0,0,0,0
TF,ANIRO,14.036044,78.608389,0, ,0.0,0.0,0.0,0.0,0,0,0,0,0,0,0,0
TF,GUANI,13.425611,79.648147,0, ,0.0,0.0,0.0,0.0,2,11000,0,1,250,0,0,0
TF,MM504,13.072225,80.277511,0, ,0.0,0.0,0.0,0.0,2,7000,0,0,0,0,0,0
TF,MM512,12.987906,80.444842,0, ,0.0,0.0,0.0,0.0,2,4000,0,1,210,0,0,0

STAR,RINT2E,07,5
IF,RINTO,14.387222,80.055000, ,0.0,0.0,0,0,0,0,0,0,0,0
TF,RUPKU,13.642383,80.338894,0, ,0.0,0.0,0.0,0.0,2,9000,0,1,250,0,0,0
TF,WISAT,13.111250,80.210906,0, ,0.0,0.0,0.0,0.0,0,0,0,0,0,0,0,0
TF,MM503,13.055164,80.054214,0, ,0.0,0.0,0.0,0.0,2,7000,0,0,0,0,0,0
TF,MM513,12.992603,79.890544,0, ,0.0,0.0,0.0,0.0,2,4000,0,1,210,0,0,0

STAR,RINT2F,25,5
IF,RINTO,14.387222,80.055000, ,0.0,0.0,0,0,0,0,0,0,0,0
TF,RUPKU,13.642383,80.338894,0, ,0.0,0.0,0.0,0.0,2,9000,0,1,250,0,0,0
TF,MM508,13.235569,80.232369,0, ,0.0,0.0,0.0,0.0,0,0,0,0,0,0,0,0
TF,MM505,13.131825,80.263256,0, ,0.0,0.0,0.0,0.0,2,7000,0,0,0,0,0,0
TF,MM510,13.173139,80.369617,1, ,0.0,0.0,0.0,0.0,2,4000,0,1,210,0,0,0

STAR,RINT2G,12,5
IF,RINTO,14.387222,80.055000, ,0.0,0.0,0,0,0,0,0,0,0,0
TF,RUPKU,13.642383,80.338894,0, ,0.0,0.0,0.0,0.0,2,9000,0,1,250,0,0,0
TF,MM508,13.235569,80.232369,0, ,0.0,0.0,0.0,0.0,0,0,0,0,0,0,0,0
TF,FANER,13.181047,80.070239,0, ,0.0,0.0,0.0,0.0,0,0,0,0,0,0,0,0
TF,MM511,13.210758,80.013797,0, ,0.0,0.0,0.0,0.0,2,8000,0,0,0,0,0,0
TF,MM515,13.260253,79.919708,0, ,0.0,0.0,0.0,0.0,2,6500,0,1,210,0,0,0

STAR,RINT2H,30,5
IF,RINTO,14.387222,80.055000, ,0.0,0.0,0,0,0,0,0,0,0,0
TF,RUPKU,13.642383,80.338894,0, ,0.0,0.0,0.0,0.0,2,9000,0,1,250,0,0,0
TF,WISAT,13.111250,80.210906,0, ,0.0,0.0,0.0,0.0,0,0,0,0,0,0,0,0
TF,MM504,13.072225,80.277511,0, ,0.0,0.0,0.0,0.0,2,7000,0,0,0,0,0,0
TF,MM512,12.987906,80.444842,0, ,0.0,0.0,0.0,0.0,2,4000,0,1,210,0,0,0

STAR,TAPA2F,25,5
IF,TAPAS,11.301169,79.399164, ,0.0,0.0,0,0,0,0,0,0,0,0
TF,TRYCO,12.399964,79.865472,0, ,0.0,0.0,0.0,0.0,2,9000,0,1,250,0,0,0
TF,MM501,12.887572,80.181294,0, ,0.0,0.0,0.0,0.0,2,7000,0,0,0,0,0,0
TF,MM512,12.987906,80.444842,0, ,0.0,0.0,0.0,0.0,2,4000,0,1,210,0,0,0

STAR,TAPA2G,12,5
IF,TAPAS,11.301169,79.399164, ,0.0,0.0,0,0,0,0,0,0,0,0
TF,TRYCO,12.399964,79.865472,0, ,0.0,0.0,0.0,0.0,2,9000,0,1,250,0,0,0
TF,MM506,12.952789,79.996875,0, ,0.0,0.0,0.0,0.0,2,8000,0,0,0,0,0,0
TF,MM516,13.053750,79.806617,0, ,0.0,0.0,0.0,0.0,2,6500,0,1,210,0,0,0

STAR,TAPA2H,30,5
IF,TAPAS,11.301169,79.399164, ,0.0,0.0,0,0,0,0,0,0,0,0
TF,TRYCO,12.399964,79.865472,0, ,0.0,0.0,0.0,0.0,2,9000,0,1,250,0,0,0
TF,MM501,12.887572,80.181294,0, ,0.0,0.0,0.0,0.0,2,7000,0,0,0,0,0,0
TF,MM509,12.804561,80.341853,0, ,0.0,0.0,0.0,0.0,2,4000,0,1,210,0,0,0

STAR,TAPA2T,07,5
IF,TAPAS,11.301169,79.399164, ,0.0,0.0,0,0,0,0,0,0,0,0
TF,TRYCO,12.399964,79.865472,0, ,0.0,0.0,0.0,0.0,2,9000,0,1,250,0,0,0
TF,GANAN,12.678914,79.932678,0, ,0.0,0.0,0.0,0.0,4,7000,6000,0,0,0,0,0
TF,MM514,12.804256,79.962086,0, ,0.0,0.0,0.0,0.0,2,4000,0,1,210,0,0,0

STAR,TEGU2E,07,5
IF,TEGUT,11.586239,79.248322, ,0.0,0.0,0,0,0,0,0,0,0,0
TF,NOPES,12.548881,79.349861,0, ,0.0,0.0,0.0,0.0,0,0,0,0,0,0,0,0
TF,BUTLA,12.848633,79.500689,0, ,0.0,0.0,0.0,0.0,2,9000,0,1,250,0,0,0
TF,MM513,12.992603,79.890544,0, ,0.0,0.0,0.0,0.0,2,4000,0,1,210,0,0,0

STAR,TEGU2F,25,5
IF,TEGUT,11.586239,79.248322, ,0.0,0.0,0,0,0,0,0,0,0,0
TF,NOPES,12.548881,79.349861,0, ,0.0,0.0,0.0,0.0,0,0,0,0,0,0,0,0
TF,BUTLA,12.848633,79.500689,0, ,0.0,0.0,0.0,0.0,2,9000,0,1,250,0,0,0
TF,MM505,13.131825,80.263256,0, ,0.0,0.0,0.0,0.0,2,7000,0,0,0,0,0,0
TF,MM510,13.173139,80.369617,0, ,0.0,0.0,0.0,0.0,2,4000,0,1,210,0,0,0

STAR,TEGU2G,12,5
IF,TEGUT,11.586239,79.248322, ,0.0,0.0,0,0,0,0,0,0,0,0
TF,NOPES,12.548881,79.349861,0, ,0.0,0.0,0.0,0.0,0,0,0,0,0,0,0,0
TF,BUTLA,12.848633,79.500689,0, ,0.0,0.0,0.0,0.0,2,9000,0,1,250,0,0,0
TF,MM516,13.053750,79.806617,0, ,0.0,0.0,0.0,0.0,2,6500,0,1,210,0,0,0

STAR,TEGU2H,30,5
IF,TEGUT,11.586239,79.248322, ,0.0,0.0,0,0,0,0,0,0,0,0
TF,NOPES,12.548881,79.349861,0, ,0.0,0.0,0.0,0.0,0,0,0,0,0,0,0,0
TF,BUTLA,12.848633,79.500689,0, ,0.0,0.0,0.0,0.0,2,9000,0,1,250,0,0,0
TF,WISAT,13.111250,80.210906,0, ,0.0,0.0,0.0,0.0,0,0,0,0,0,0,0,0
TF,MM504,13.072225,80.277511,0, ,0.0,0.0,0.0,0.0,2,7000,0,0,0,0,0,0
TF,MM512,12.987906,80.444842,0, ,0.0,0.0,0.0,0.0,2,4000,0,1,210,0,0,0

STAR,TEGU2T,30,5
IF,TEGUT,11.586239,79.248322, ,0.0,0.0,0,0,0,0,0,0,0,0
TF,NOPES,12.548881,79.349861,0, ,0.0,0.0,0.0,0.0,0,0,0,0,0,0,0,0
TF,BUTLA,12.848633,79.500689,0, ,0.0,0.0,0.0,0.0,2,9000,0,1,250,0,0,0
TF,ACUBU,12.966825,79.823083,0, ,0.0,0.0,0.0,0.0,0,0,0,0,0,0,0,0
TF,MM507,12.974544,79.957022,0, ,0.0,0.0,0.0,0.0,0,0,0,0,0,0,0,0
TF,MM501,12.887572,80.181294,0, ,0.0,0.0,0.0,0.0,2,7000,0,0,0,0,0,0
TF,MM509,12.804561,80.341853,0, ,0.0,0.0,0.0,0.0,2,4000,0,1,210,0,0,0

STAR,TULN2E,07,5
IF,TULNA,12.968367,79.095314, ,0.0,0.0,0,0,0,0,0,0,0,0
TF,BUTLA,12.848633,79.500689,0, ,0.0,0.0,0.0,0.0,2,9000,0,1,250,0,0,0
TF,MM513,12.992603,79.890544,0, ,0.0,0.0,0.0,0.0,2,4000,0,1,210,0,0,0

STAR,TULN2F,25,5
IF,TULNA,12.968367,79.095314, ,0.0,0.0,0,0,0,0,0,0,0,0
TF,BUTLA,12.848633,79.500689,0, ,0.0,0.0,0.0,0.0,2,9000,0,1,250,0,0,0
TF,MM505,13.131825,80.263256,0, ,0.0,0.0,0.0,0.0,2,7000,0,0,0,0,0,0
TF,MM510,13.173139,80.369617,0, ,0.0,0.0,0.0,0.0,2,4000,0,1,210,0,0,0

STAR,TULN2G,12,5
IF,TULNA,12.968367,79.095314, ,0.0,0.0,0,0,0,0,0,0,0,0
TF,BUTLA,12.848633,79.500689,0, ,0.0,0.0,0.0,0.0,2,9000,0,1,250,0,0,0
TF,MM516,13.053750,79.806617,0, ,0.0,0.0,0.0,0.0,2,6500,0,1,210,0,0,0

STAR,TULN2H,30,5
IF,TULNA,12.968367,79.095314, ,0.0,0.0,0,0,0,0,0,0,0,0
TF,BUTLA,12.848633,79.500689,0, ,0.0,0.0,0.0,0.0,2,9000,0,1,250,0,0,0
TF,WISAT,13.111250,80.210906,0, ,0.0,0.0,0.0,0.0,0,0,0,0,0,0,0,0
TF,MM504,13.072225,80.277511,0, ,0.0,0.0,0.0,0.0,2,7000,0,0,0,0,0,0
TF,MM512,12.987906,80.444842,0, ,0.0,0.0,0.0,0.0,2,4000,0,1,210,0,0,0

STAR,TULN2T,30,5
IF,TULNA,12.968367,79.095314, ,0.0,0.0,0,0,0,0,0,0,0,0
TF,BUTLA,12.848633,79.500689,0, ,0.0,0.0,0.0,0.0,2,9000,0,1,250,0,0,0
TF,ACUBU,12.966825,79.823083,0, ,0.0,0.0,0.0,0.0,0,0,0,0,0,0,0,0
TF,MM507,12.974544,79.957022,0, ,0.0,0.0,0.0,0.0,0,0,0,0,0,0,0,0
TF,MM501,12.887572,80.181294,0, ,0.0,0.0,0.0,0.0,2,7000,0,0,0,0,0,0
TF,MM509,12.804561,80.341853,0, ,0.0,0.0,0.0,0.0,2,4000,0,1,210,0,0,0

APPTR,D07,07,KKP
IF,KKP,12.784447,79.713578, ,0.0,0.0,0,0,0,0,0,0,0,0
TF,D244T,12.830275,79.853756,0, ,0.0,0.0,0.0,0.0,2,2300,0,0,0,0,1,0
TF,D244L,12.893261,79.974217,0, ,0.0,0.0,0.0,0.0,2,2300,0,0,0,0,1,0
TF,FD07,12.943611,80.070633,0, ,0.0,0.0,0.0,0.0,2,1800,0,0,0,0,0,0

APPTR,D07,07,MMV1
IF,MMV,12.987639,80.155028, ,0.0,0.0,2,3000,0,1,220,0,0,0
TF,D272G,12.987608,80.033822,0, ,0.0,0.0,0.0,0.0,2,1800,0,0,0,0,0,1
CF,FD07,12.943611,80.070633,1,MMV,244.0,5.6,64.0,2.0,2,1800,0,0,0,0,0,0

APPTR,D07,07,MMV2
IF,MMV,12.987639,80.155028, ,0.0,0.0,2,3000,0,0,0,0,0,0
TF,D257G,12.956847,80.037967,0, ,0.0,0.0,0.0,0.0,2,1800,0,0,0,0,0,1
CF,FD07,12.943611,80.070633,1,MMV,244.0,5.6,64.0,2.0,2,1800,0,0,0,0,0,0

FINAL,D07,07,D,2
IF,FD07,12.943611,80.070633,MMV,244.0,5.6,2,1800,0,0,0,0,2,0
CF,MD07,12.979775,80.139950,0,MMV,244.0,1.0,64.0,4.6,1,356,0,0,0,0,3,0
FA,MD07,12.979775,80.139950,0,MMV,0.0,0.0,64.0,2,2300,0,0,0,0,0,0
DF,MMV,12.987639,80.155028,1, ,0.0,0.0,1,3000,0,0,0,0,0,0
HM,MMV,12.987639,80.155028,2, ,0.0,0.0,272.0,04.3,2,3000,0,0,0,0,0,0,0

APPTR,D12,12,CNI1
IF,CNI,13.004306,80.166111, ,0.0,0.0,2,3000,0,1,220,0,0,0
TF,D267G,12.993917,80.045364,0, ,0.0,0.0,0.0,0.0,2,1800,0,0,0,0,0,1
CF,FD12,13.040267,80.079667,2,CNI,295.0,5.5,115.0,2.0,2,1800,0,0,0,0,0,0

APPTR,D12,12,CNI2
IF,CNI,13.004306,80.166111, ,0.0,0.0,2,3000,0,0,0,0,0,0
TF,D282G,13.024917,80.046731,0, ,0.0,0.0,0.0,0.0,2,1800,0,0,0,0,0,1
CF,FD12,13.040267,80.079667,2,CNI,295.0,5.5,115.0,2.0,2,1800,0,0,0,0,0,0

APPTR,D12,12,D295L
IF,D295L,13.082728,79.977472, ,0.0,0.0,2,2300,0,0,0,0,0,0
CF,FD12,13.040267,80.079667,0,CNI,295.0,5.5,115.0,6.5,2,1800,0,0,0,0,0,0

FINAL,D12,12,D,2
IF,FD12,13.040267,80.079667,CNI,295.0,5.5,1,1800,0,0,0,0,2,0
CF,MD12,13.017383,80.134678,0,CNI,295.0,2.0,115.0,3.5,1,675,0,0,0,0,3,0
CF,CNI,13.004306,80.166111,0,CNI,0.0,0.0,115.0,2.0,0,0,0,0,0,0,0,0
FA,CNI,13.004306,80.166111,0,CNI,0.0,0.0,115.0,2,2300,0,0,0,0,0,0
DF,CNI,13.004306,80.166111,1, ,0.0,0.0,1,3000,0,0,0,0,0,0
HM,CNI,13.004306,80.166111,2, ,0.0,0.0,267.0,04.3,2,3000,0,0,0,0,0,0,0

APPTR,D25,25,D074N
IF,D074N,13.059958,80.382381, ,0.0,0.0,2,2300,0,0,0,0,0,0
TF,FD25,13.024342,80.270314,0, ,0.0,0.0,0.0,0.0,2,1800,0,0,0,0,0,0

APPTR,D25,25,MMV1
IF,MMV,12.987639,80.155028, ,0.0,0.0,2,3000,0,1,220,0,0,0
TF,D097I,12.974903,80.302969,0, ,0.0,0.0,0.0,0.0,2,1800,0,0,0,0,0,1
CF,FD25,13.024342,80.270314,1,MMV,74.0,7.1,254.0,2.0,2,1800,0,0,0,0,0,0

APPTR,D25,25,MMV2
IF,MMV,12.987639,80.155028, ,0.0,0.0,2,3000,0,0,0,0,0,0
TF,D084I,13.007867,80.302108,0, ,0.0,0.0,0.0,0.0,2,1800,0,0,0,0,0,1
CF,FD25,13.024342,80.270314,1,MMV,74.0,7.1,254.0,2.0,2,1800,0,0,0,0,0,0

FINAL,D25,25,D,2
IF,FD25,13.024342,80.270314,MMV,74.0,7.1,2,1800,0,0,0,0,2,0
CF,MD25,13.003150,80.203731,0,MMV,74.0,3.0,254.0,4.1,1,496,0,0,0,0,3,0
CF,MMV,12.987639,80.155028,0,MMV,0.0,0.0,254.0,3.0,0,0,0,0,0,0,0,0
FA,MMV,12.987639,80.155028,0,MMV,0.0,0.0,254.0,2,2300,0,0,0,0,0,0
DF,MMV,12.987639,80.155028,2, ,0.0,0.0,1,3000,0,0,0,0,0,0
HM,MMV,12.987639,80.155028,1, ,0.0,0.0,97.0,04.3,2,3000,0,0,0,0,0,0,0

APPTR,D30,30,CNI1
IF,CNI,13.004306,80.166111, ,0.0,0.0,2,3000,0,1,220,0,0,0
TF,D098H,12.990269,80.301931,0, ,0.0,0.0,0.0,0.0,2,1800,0,0,0,0,0,1
CF,FD30,12.949969,80.258281,2,CNI,123.0,6.3,303.0,2.0,2,1800,0,0,0,0,0,0

APPTR,D30,30,CNI2
IF,CNI,13.004306,80.166111, ,0.0,0.0,2,3000,0,0,0,0,0,0
TF,D112H,12.958467,80.294425,0, ,0.0,0.0,0.0,0.0,2,1800,0,0,0,0,0,1
CF,FD30,12.949969,80.258281,2,CNI,123.0,6.3,303.0,2.0,2,1800,0,0,0,0,0,0

APPTR,D30,30,D123M
IF,D123M,12.892139,80.356272, ,0.0,0.0,2,2300,0,0,0,0,0,0
CF,FD30,12.949969,80.258281,0,CNI,123.0,6.3,303.0,6.7,2,1800,0,0,0,0,0,0

FINAL,D30,30,D,2
IF,FD30,12.949969,80.258281,CNI,123.0,6.3,2,1800,0,0,0,0,2,0
CF,MD30,12.978433,80.210006,0,CNI,123.0,3.0,303.0,3.3,1,745,0,0,0,0,3,0
CF,CNI,13.004306,80.166111,0,CNI,0.0,0.0,303.0,3.0,0,0,0,0,0,0,0,0
FA,CNI,13.004306,80.166111,0,CNI,0.0,0.0,303.0,2,2300,0,0,0,0,0,0
DF,CNI,13.004306,80.166111,2, ,0.0,0.0,1,3000,0,0,0,0,0,0
HM,CNI,13.004306,80.166111,1, ,0.0,0.0,98.0,04.3,2,3000,0,0,0,0,0,0,0

APPTR,I07,07,KKP
IF,KKP,12.784447,79.713578, ,0.0,0.0,0,0,0,0,0,0,0,0
TF,D251T,12.865247,79.837275,0, ,0.0,0.0,0.0,0.0,2,2300,0,0,0,0,1,0
CF,CI07,12.913303,79.964697,0,IMAS,251.0,14.0,71.0,8.0,2,2300,0,0,0,0,1,0

APPTR,I07,07,MMV1
IF,MMV,12.987639,80.155028, ,0.0,0.0,2,3000,0,1,220,0,0,0
FC,MMV,12.987639,80.155028,0,MMV,0.0,0.0,246.0,1.7,0,0,0,0,0,0,0,0
CF,D251G,12.955300,80.076233,0,MMV,249.3,5.0,251.0,3.3,2,1800,0,0,0,0,0,0
FC,D251G,12.955300,80.076233,0,MMV,0.0,0.0,296.0,4.4,0,0,0,0,0,0,0,1
CI,1,IMAS,0.0,116.0,2,1800,0,0,0,0,0,0

APPTR,I07,07,MMV2
IF,MMV,12.987639,80.155028, ,0.0,0.0,2,3000,0,0,0,0,0,0
FC,MMV,12.987639,80.155028,0,MMV,0.0,0.0,246.0,1.7,0,0,0,0,0,0,0,0
CF,D251G,12.955300,80.076233,0,MMV,249.3,5.0,251.0,3.3,2,1800,0,0,0,0,0,0
FC,D251G,12.955300,80.076233,0,MMV,0.0,0.0,296.0,4.4,0,0,0,0,0,0,0,1
CI,1,IMAS,0.0,116.0,2,1800,0,0,0,0,0,0

FINAL,I07,07,I,3
IF,CI07,12.913303,79.964697,IMAS,251.0,14.0,2,2300,0,0,0,0,0,0
CF,FI07,12.951700,80.066669,0,IMAS,251.0,7.6,71.0,6.4,1,1800,0,0,0,0,2,0
CF,RW07,12.984147,80.152939,0,IMAS,251.0,2.2,71.0,5.4,1,102,0,0,0,0,3,0
FA,RW07,12.984147,80.152939,0,MMV,0.0,0.0,71.0,2,2300,0,0,0,0,0,0
DF,MMV,12.987639,80.155028,1, ,0.0,0.0,1,3000,0,0,0,0,0,0
HM,MMV,12.987639,80.155028,2, ,0.0,0.0,246.0,04.3,2,3000,0,0,0,0,0,0,0

APPTR,I25-Y,25,MMV1
IF,MMV,12.987639,80.155028, ,0.0,0.0,2,3000,0,1,220,0,0,0
TF,D094I,12.982333,80.308567,0, ,0.0,0.0,0.0,0.0,2,1800,0,0,0,0,0,1
CI,1,ICHN,0.0,281.0,0,0,0,0,0,0,0,0

APPTR,I25-Y,25,MMV2
IF,MMV,12.987639,80.155028, ,0.0,0.0,2,3000,0,0,0,0,0,0
TF,D082I,13.013756,80.306344,0, ,0.0,0.0,0.0,0.0,2,1800,0,0,0,0,0,1
CI,1,ICHN,0.0,281.0,0,0,0,0,0,0,0,0

FINAL,I25-Y,25,I,3
IF,CI25,13.068986,80.379231,ICHN,71.1,14.4,2,2300,0,0,0,0,0,0
CF,FI25,13.028294,80.270608,0,ICHN,71.1,7.6,251.0,6.8,1,1800,0,0,0,0,2,0
CF,RW25,12.995978,80.184450,0,ICHN,71.1,2.1,251.0,5.4,1,111,0,0,0,0,3,0
FA,RW25,12.995978,80.184450,0,MMV,0.0,0.0,251.0,2,2300,0,0,0,0,0,0
DF,MMV,12.987639,80.155028,2, ,0.0,0.0,1,3000,0,0,0,0,0,0
HM,MMV,12.987639,80.155028,1, ,0.0,0.0,94.0,04.3,2,3000,0,0,0,0,0,0,0

APPTR,R07-Y,07,MM982
IF,MM982,13.011142,79.938619, ,0.0,0.0,4,4200,2300,1,185,0,1,0
TF,MM981,12.941594,79.965839,0, ,0.0,0.0,0.0,0.0,4,3000,2300,1,185,0,0,0
TF,MM093,12.933467,80.018094,0, ,0.0,0.0,0.0,0.0,2,2300,0,1,160,0,1,0

APPTR,R07-Y,07,MM984
IF,MM984,12.823589,80.011986, ,0.0,0.0,4,4200,2300,1,185,0,1,0
TF,MM983,12.893142,79.984792,0, ,0.0,0.0,0.0,0.0,4,3000,2300,1,185,0,0,0
TF,MM093,12.933467,80.018094,0, ,0.0,0.0,0.0,0.0,2,2300,0,1,160,0,1,0

APPTR,R07-Y,07,MM987
IF,MM987,12.896281,79.919311, ,0.0,0.0,4,4000,2300,1,185,0,1,0
TF,MM986,12.914878,79.968700,0, ,0.0,0.0,0.0,0.0,4,3000,2300,1,185,0,0,0
TF,MM093,12.933467,80.018094,0, ,0.0,0.0,0.0,0.0,2,2300,0,1,160,0,1,0

FINAL,R07-Y,07,R,3
IF,MM093,12.933467,80.018094, ,0.0,0.0,2,2300,0,1,160,0,0,0
TF,MM092,12.952044,80.067497,0, ,0.0,0.0,71.0,3.1,1,1800,0,1,160,0,2,0
TF,RW07,12.984147,80.152939,0, ,0.0,0.0,71.0,5.4,1,93,0,0,0,0,3,1
CA,0,71.0,2,1300,0,1,210,0,0,0
DF,MM985,13.077944,80.116300,1, ,0.0,0.0,0,0,0,1,210,0,0,0
TF,MM982,13.011142,79.938619,0, ,0.0,0.0,0.0,0.0,2,2300,0,1,210,0,0,0
HM,MM982,13.011142,79.938619,1, ,0.0,0.0,71.0,04.3,2,2300,0,1,230,0,0,0,0

APPTR,R12-Y,12,MM932
IF,MM932,13.178475,80.042753, ,0.0,0.0,4,4200,2300,1,185,0,1,0
TF,MM931,13.111728,80.007117,0, ,0.0,0.0,0.0,0.0,4,3000,2300,1,185,0,0,0
TF,MM099,13.069317,80.034558,0, ,0.0,0.0,0.0,0.0,2,2300,0,1,160,0,1,0

APPTR,R12-Y,12,MM934
IF,MM934,13.000472,79.947778, ,0.0,0.0,4,4200,2300,1,185,0,1,0
TF,MM933,13.067225,79.983375,0, ,0.0,0.0,0.0,0.0,4,3000,2300,1,185,0,0,0
TF,MM099,13.069317,80.034558,0, ,0.0,0.0,0.0,0.0,2,2300,0,1,160,0,1,0

APPTR,R12-Y,12,MM936
IF,MM936,13.115864,79.943758, ,0.0,0.0,4,4100,2300,1,185,0,1,0
TF,MM935,13.092594,79.989161,0, ,0.0,0.0,0.0,0.0,4,3000,2300,1,185,0,0,0
TF,MM099,13.069317,80.034558,0, ,0.0,0.0,0.0,0.0,2,2300,0,1,160,0,1,0

FINAL,R12-Y,12,R,3
IF,MM099,13.069317,80.034558, ,0.0,0.0,2,2300,0,1,160,0,0,0
TF,MM098,13.045256,80.081458,0, ,0.0,0.0,119.0,3.1,1,1800,0,1,160,0,2,0
TF,RW12,13.003653,80.162486,0, ,0.0,0.0,119.0,5.4,1,94,0,0,0,0,3,1
CA,0,119.0,2,1300,0,1,210,0,0,0
DF,MM920,13.082844,80.229061,1, ,0.0,0.0,0,0,0,1,210,0,0,0
TF,MM932,13.178475,80.042753,0, ,0.0,0.0,0.0,0.0,2,2300,0,1,210,0,0,0
HM,MM932,13.178475,80.042753,1, ,0.0,0.0,209.0,04.3,2,2300,0,1,230,0,0,0,0

APPTR,R25-Y,25,MM902
IF,MM902,13.156239,80.325072, ,0.0,0.0,4,4200,2300,1,185,0,1,0
TF,MM901,13.086636,80.352194,0, ,0.0,0.0,0.0,0.0,4,3000,2300,1,185,0,0,0
TF,MM090,13.046361,80.318814,0, ,0.0,0.0,0.0,0.0,2,2300,0,1,160,0,1,0

APPTR,R25-Y,25,MM905
IF,MM905,12.968569,80.398167, ,0.0,0.0,4,4200,2300,1,185,0,1,0
TF,MM904,13.038156,80.371078,0, ,0.0,0.0,0.0,0.0,4,3000,2300,1,185,0,0,0
TF,MM090,13.046361,80.318814,0, ,0.0,0.0,0.0,0.0,2,2300,0,1,160,0,1,0

APPTR,R25-Y,25,MM909
IF,MM909,13.082803,80.416117, ,0.0,0.0,4,4100,2300,1,185,0,1,0
TF,MM907,13.064889,80.368258,0, ,0.0,0.0,0.0,0.0,4,3000,2300,1,185,0,0,0
TF,MM090,13.046361,80.318814,0, ,0.0,0.0,0.0,0.0,2,2300,0,1,160,0,1,0

FINAL,R25-Y,25,R,3
IF,MM090,13.046361,80.318814, ,0.0,0.0,2,2300,0,1,160,0,0,0
TF,MM089,13.027836,80.269369,0, ,0.0,0.0,251.0,3.1,1,1800,0,1,160,0,2,0
TF,RW25,12.995978,80.184450,0, ,0.0,0.0,251.0,5.3,1,104,0,0,0,0,3,1
CA,0,251.0,2,1300,0,1,210,0,0,0
DF,MM906,13.089781,80.147819,2, ,0.0,0.0,0,0,0,1,210,0,0,0
TF,MM902,13.156239,80.325072,0, ,0.0,0.0,0.0,0.0,2,2300,0,1,210,0,0,0
HM,MM902,13.156239,80.325072,1, ,0.0,0.0,161.0,04.3,2,2300,0,1,230,0,0,0,0

APPTR,R30-Y,30,MM921
IF,MM921,12.997233,80.395508, ,0.0,0.0,4,4200,2300,1,185,0,1,0
TF,MM922,12.931244,80.360172,0, ,0.0,0.0,0.0,0.0,4,3000,2300,1,185,0,0,0
TF,MM096,12.929161,80.307308,0, ,0.0,0.0,0.0,0.0,2,2300,0,1,160,0,1,0

APPTR,R30-Y,30,MM923
IF,MM923,12.799397,80.341667, ,0.0,0.0,4,5100,2300,1,185,0,1,0
TF,MM924,12.856447,80.369617,0, ,0.0,0.0,0.0,0.0,4,4000,2300,1,185,0,0,0
TF,MM925,12.905078,80.354169,0, ,0.0,0.0,0.0,0.0,4,3000,2300,1,185,0,0,0
TF,MM096,12.929161,80.307308,0, ,0.0,0.0,0.0,0.0,2,2300,0,1,160,0,1,0

APPTR,R30-Y,30,MM926
IF,MM926,12.881733,80.399497, ,0.0,0.0,4,4100,2300,1,185,0,1,0
TF,MM925,12.905078,80.354169,0, ,0.0,0.0,0.0,0.0,4,3000,2300,1,185,0,0,0
TF,MM096,12.929161,80.307308,0, ,0.0,0.0,0.0,0.0,2,2300,0,1,160,0,1,0

FINAL,R30-Y,30,R,3
IF,MM096,12.929161,80.307308, ,0.0,0.0,2,2300,0,1,160,0,0,0
TF,MM095,12.953272,80.260458,0, ,0.0,0.0,299.0,3.1,1,1800,0,0,0,0,2,0
TF,RW30,12.994800,80.179708,0, ,0.0,0.0,299.0,5.3,1,99,0,0,0,0,3,1
CA,0,299.0,2,1300,0,1,210,0,0,0
DF,MM920,13.082844,80.229061,2, ,0.0,0.0,0,0,0,1,210,0,0,0
TF,MM921,12.997233,80.395508,0, ,0.0,0.0,0.0,0.0,2,2300,0,1,210,0,0,0
HM,MM921,12.997233,80.395508,1, ,0.0,0.0,209.0,04.3,2,2300,0,1,230,0,0,0,0

