APPTR,D10,10,D041M
IF,D041M,19.345411,77.481711, ,0.0,0.0,0,0,0,0,0,0,1,0
CI,0, ,0.0,221.0,0,0,0,0,0,0,0,0
AF,D280K,19.207544,77.143083,1,NDD,280.0,11.0,41.0,2,3300,0,0,0,0,0,0
TF,FD10,19.194269,77.231803,0, ,0.0,0.0,0.0,0.0,2,2800,0,0,0,0,0,0

APPTR,D10,10,D196M
IF,D196M,18.968753,77.275253, ,0.0,0.0,0,0,0,0,0,0,1,0
CI,0, ,0.0,16.0,0,0,0,0,0,0,0,0
AF,D280K,19.207544,77.143083,2,NDD,280.0,11.0,196.0,2,3300,0,0,0,0,0,0
TF,FD10,19.194269,77.231803,0, ,0.0,0.0,0.0,0.0,2,2800,0,0,0,0,0,0

APPTR,D10,10,D226M
IF,D226M,19.024986,77.172711, ,0.0,0.0,0,0,0,0,0,0,1,0
CI,0, ,0.0,46.0,0,0,0,0,0,0,0,0
AF,D280K,19.207544,77.143083,2,NDD,280.0,11.0,226.0,2,3300,0,0,0,0,0,0
TF,FD10,19.194269,77.231803,0, ,0.0,0.0,0.0,0.0,2,2800,0,0,0,0,0,0

APPTR,D10,10,D261M
IF,D261M,19.140947,77.109044, ,0.0,0.0,0,0,0,0,0,0,1,0
CI,0, ,0.0,81.0,0,0,0,0,0,0,0,0
AF,D280K,19.207544,77.143083,2,NDD,280.0,11.0,261.0,2,3300,0,0,0,0,0,0
TF,FD10,19.194269,77.231803,0, ,0.0,0.0,0.0,0.0,2,2800,0,0,0,0,0,0

APPTR,D10,10,NDD1
IF,NDD,19.178861,77.334417, ,0.0,0.0,2,3300,0,1,210,0,0,0
TF,D303H,19.249744,77.214911,0, ,0.0,0.0,0.0,0.0,2,2800,0,0,0,0,0,1
CF,FD10,19.194269,77.231803,1,NDD,280.0,5.9,100.0,3.0,2,2800,0,0,0,0,0,0

APPTR,D10,10,NDD2
IF,NDD,19.178861,77.334417, ,0.0,0.0,2,3300,0,0,0,0,0,0
TF,D291H,19.224586,77.202017,0, ,0.0,0.0,0.0,0.0,2,2800,0,0,0,0,0,1
CF,FD10,19.194269,77.231803,1,NDD,280.0,5.9,100.0,3.0,2,2800,0,0,0,0,0,0

FINAL,D10,10,D,2
IF,FD10,19.194269,77.231803,NDD,280.0,5.9,2,2800,0,0,0,0,2,0
CF,MD10,19.182778,77.308336,0,NDD,280.0,1.5,100.0,4.4,1,1406,0,0,0,0,3,0
FA,MD10,19.182778,77.308336,0,NDD,0.0,0.0,100.0,2,2600,0,0,0,0,0,0
DF,NDD,19.178861,77.334417,2, ,0.0,0.0,1,3300,0,0,0,0,0,0
HM,NDD,19.178861,77.334417,1, ,0.0,0.0,303.0,04.3,2,3300,0,0,0,0,0,0,0

APPTR,D28,28,D041L
IF,D041L,19.332603,77.470369, ,0.0,0.0,0,0,0,0,0,0,1,0
CI,0, ,0.0,221.0,0,0,0,0,0,0,0,0
AF,D093J,19.172931,77.510392,2,NDD,93.0,10.0,41.0,2,3300,0,0,0,0,0,0
TF,FD28,19.175972,77.420650,0, ,0.0,0.0,0.0,0.0,2,2800,0,0,0,0,0,0

APPTR,D28,28,D196L
IF,D196L,18.984914,77.279797, ,0.0,0.0,0,0,0,0,0,0,1,0
CI,0, ,0.0,16.0,0,0,0,0,0,0,0,0
AF,D093J,19.172931,77.510392,1,NDD,93.0,10.0,196.0,2,3300,0,0,0,0,0,0
TF,FD28,19.175972,77.420650,0, ,0.0,0.0,0.0,0.0,2,2800,0,0,0,0,0,0

APPTR,D28,28,D226L
IF,D226L,19.036825,77.185139, ,0.0,0.0,0,0,0,0,0,0,1,0
CI,0, ,0.0,46.0,0,0,0,0,0,0,0,0
AF,D093J,19.172931,77.510392,1,NDD,93.0,10.0,226.0,2,3300,0,0,0,0,0,0
TF,FD28,19.175972,77.420650,0, ,0.0,0.0,0.0,0.0,2,2800,0,0,0,0,0,0

APPTR,D28,28,NDD1
IF,NDD,19.178861,77.334417, ,0.0,0.0,2,3300,0,1,210,0,0,0
TF,D067G,19.226456,77.447058,0, ,0.0,0.0,0.0,0.0,2,2800,0,0,0,0,0,1
CF,FD28,19.175972,77.420650,2,NDD,93.0,4.9,273.0,3.0,2,2800,0,0,0,0,0,0

APPTR,D28,28,NDD2
IF,NDD,19.178861,77.334417, ,0.0,0.0,2,3300,0,0,0,0,0,0
TF,D080G,19.201161,77.455433,0, ,0.0,0.0,0.0,0.0,2,2800,0,0,0,0,0,1
CF,FD28,19.175972,77.420650,2,NDD,93.0,4.9,273.0,3.0,2,2800,0,0,0,0,0,0

FINAL,D28,28,D,2
IF,FD28,19.175972,77.420650,NDD,93.0,4.9,2,2800,0,0,0,0,2,0
CF,MD28,19.178269,77.352019,0,NDD,93.0,1.0,273.0,3.9,1,1555,0,0,0,0,3,0
FA,MD28,19.178269,77.352019,0,NDD,0.0,0.0,273.0,2,2600,0,0,0,0,0,0
DF,NDD,19.178861,77.334417,1, ,0.0,0.0,1,3300,0,0,0,0,0,0
HM,NDD,19.178861,77.334417,2, ,0.0,0.0,67.0,04.3,2,3300,0,0,0,0,0,0,0

