APPTR,N04,04,SL
IF,SL,11.782500,78.060833, ,0.0,0.0,2,5100,0,0,0,0,0,0
FC,SL,11.782500,78.060833,0,SL,0.0,0.0,222.0,8.2,2,3300,0,0,0,0,0,1
CF,FN04,11.672611,77.999036,1,SL,211.0,7.5,31.0,1.0,2,3300,0,0,0,0,0,0

FINAL,N04,04,N,3
IF,FN04,11.672611,77.999036,SL,0.0,0.0,2,3300,0,0,0,0,2,0
CF,EN04,11.776775,78.057611,0,SL,0.0,0.0,31.0,7.1,1,1037,0,0,0,0,0,1
CF,SL,11.782500,78.060833,0,SL,0.0,0.0,31.0,0.4,2,1410,0,0,0,0,3,1
CA,0,24.0,2,1900,0,0,0,0,0,0
VA,1,290.0,2,3400,0,0,0,0,0,0
DF,SL,11.782500,78.060833,1, ,0.0,0.0,1,5100,0,0,0,0,0,0
HM,SL,11.782500,78.060833,2, ,0.0,0.0,155.0,04.3,2,5100,0,0,0,0,0,0,0

APPTR,R04-Y,04,SM704
IF,SM704,11.710336,77.850139, ,0.0,0.0,2,6100,0,0,0,0,1,0
TF,SM702,11.634856,77.962392,0, ,0.0,0.0,0.0,0.0,2,3700,0,0,0,0,1,0

APPTR,R04-Y,04,SM706
IF,SM706,11.782431,78.060758, ,0.0,0.0,4,9000,5800,0,0,0,1,0
TF,SM707,11.684992,78.079403,0, ,0.0,0.0,0.0,0.0,2,5800,0,0,0,0,0,0
TF,SM703,11.597100,78.018494,0, ,0.0,0.0,0.0,0.0,2,4700,0,0,0,0,0,0
TF,SM702,11.634856,77.962392,0, ,0.0,0.0,0.0,0.0,2,3700,0,0,0,0,1,0

FINAL,R04-Y,04,R,3
IF,SM702,11.634856,77.962392, ,0.0,0.0,2,3700,0,0,0,0,0,0
TF,SM701,11.680486,77.993989,0, ,0.0,0.0,36.0,3.3,1,3300,0,0,0,0,2,0
TF,RW04,11.775550,78.059858,0, ,0.0,0.0,36.0,6.9,1,1037,0,0,0,0,3,1
CA,0,28.0,2,1900,0,1,130,0,0,0
DF,SM705,11.901550,77.900908,1, ,0.0,0.0,0,0,0,1,130,0,0,1
DF,SM706,11.782431,78.060758,1, ,0.0,0.0,2,5800,0,1,130,0,0,1
HM,SM706,11.782431,78.060758,2, ,0.0,0.0,171.0,04.3,2,5800,0,0,0,0,0,0,0

