APPTR,D10,10,D003P
IF,D003P,8.988353,78.050758, ,0.0,0.0,0,0,0,0,0,0,1,0
CI,0, ,0.0,183.0,0,0,0,0,0,0,0,0
AF,D282N,8.761108,77.813986,1,TCN,282.0,14.0,3.0,2,3300,0,0,0,0,1,0
TF,FD10,8.744289,77.910133,0, ,0.0,0.0,0.0,0.0,2,2100,0,0,0,0,0,0

APPTR,D10,10,D260P
IF,D260P,8.664675,77.782694, ,0.0,0.0,0,0,0,0,0,0,1,0
CI,0, ,0.0,80.0,0,0,0,0,0,0,0,0
AF,D282N,8.761108,77.813986,2,TCN,282.0,14.0,260.0,2,3300,0,0,0,0,1,0
TF,FD10,8.744289,77.910133,0, ,0.0,0.0,0.0,0.0,2,2100,0,0,0,0,0,0

APPTR,D10,10,D282N
IF,D282N,8.761108,77.813986, ,0.0,0.0,2,3300,0,0,0,0,1,0
TF,FD10,8.744289,77.910133,0, ,0.0,0.0,0.0,0.0,2,2100,0,0,0,0,0,0

APPTR,D10,10,TCN1
IF,TCN,8.720472,78.046056, ,0.0,0.0,2,3300,0,0,0,0,0,0
TF,D264J,8.697131,77.879400,0, ,0.0,0.0,0.0,0.0,2,2100,0,1,210,0,0,1
CF,FD10,8.744289,77.910133,2,TCN,282.0,8.2,102.0,2.0,2,2100,0,0,0,0,0,0

APPTR,D10,10,TCN2
IF,TCN,8.720472,78.046056, ,0.0,0.0,2,3300,0,0,0,0,0,0
TF,D273J,8.723356,77.877775,0, ,0.0,0.0,0.0,0.0,2,2100,0,0,0,0,0,1
CF,FD10,8.744289,77.910133,2,TCN,282.0,8.2,102.0,2.0,2,2100,0,0,0,0,0,0

FINAL,D10,10,D,3
IF,FD10,8.744289,77.910133,TCN,282.0,8.2,2,2100,0,0,0,0,2,0
CF,50VOR,8.735000,77.963178,0,TCN,282.0,5.0,102.0,3.2,2,1100,0,0,0,0,0,0
CF,MD10,8.727739,78.004617,0,TCN,282.0,2.5,102.0,2.5,1,296,0,0,0,0,3,0
CA,0,102.0,2,2000,0,0,0,0,0,0
DF,TCN,8.720472,78.046056,1, ,0.0,0.0,1,3300,0,0,0,0,0,0
HM,TCN,8.720472,78.046056,1, ,0.0,0.0,264.0,04.3,2,3300,0,0,0,0,0,0,0

APPTR,D28,28,D003N
IF,D003N,8.954867,78.050169, ,0.0,0.0,0,0,0,0,0,0,1,0
CI,0, ,0.0,183.0,0,0,0,0,0,0,0,0
AF,D108L,8.665033,78.240164,2,TCN,108.0,12.0,3.0,2,3300,0,0,0,0,1,0
TF,FS28,8.693689,78.139881,0, ,0.0,0.0,0.0,0.0,2,2100,0,0,0,0,0,0

APPTR,D28,28,D108L
IF,D108L,8.665033,78.240164, ,0.0,0.0,2,3300,0,0,0,0,1,0
TF,FS28,8.693689,78.139881,0, ,0.0,0.0,0.0,0.0,2,2100,0,0,0,0,0,0

APPTR,D28,28,D260N
IF,D260N,8.671658,77.815608, ,0.0,0.0,0,0,0,0,0,0,1,0
CI,0, ,0.0,80.0,0,0,0,0,0,0,0,0
AF,D108L,8.665033,78.240164,1,TCN,108.0,12.0,260.0,2,3300,0,0,0,0,1,0
TF,FS28,8.693689,78.139881,0, ,0.0,0.0,0.0,0.0,2,2100,0,0,0,0,0,0

APPTR,D28,28,TCN1
IF,TCN,8.720472,78.046056, ,0.0,0.0,2,3300,0,0,0,0,0,0
TF,D131H,8.636153,78.150667,0, ,0.0,0.0,0.0,0.0,2,2100,0,1,210,0,0,1
CF,FS28,8.693689,78.139881,1,TCN,108.0,5.8,288.0,3.0,2,2100,0,0,0,0,0,0

APPTR,D28,28,TCN2
IF,TCN,8.720472,78.046056, ,0.0,0.0,2,3300,0,0,0,0,0,0
TF,D121G,8.663628,78.149078,0, ,0.0,0.0,0.0,0.0,2,2100,0,0,0,0,0,1
CF,FS28,8.693689,78.139881,1,TCN,108.0,5.8,288.0,2.0,2,2100,0,0,0,0,0,0

FINAL,D28,28,D,2
IF,FS28,8.693689,78.139881,TCN,108.0,5.8,2,2100,0,0,0,0,2,0
CF,TCN,8.720472,78.046056,0,TCN,0.0,0.0,288.0,5.8,1,243,0,0,0,0,3,0
CA,0,288.0,2,1600,0,0,0,0,0,0
DF,TCN,8.720472,78.046056,2, ,0.0,0.0,1,3300,0,0,0,0,0,0
HM,TCN,8.720472,78.046056,2, ,0.0,0.0,131.0,04.3,2,3300,0,0,0,0,0,0,0

