SID,DAGNI1,26,5
VA,0,263.0,2,900,0,1,210,0,0,0
DF,TP699,13.593206,79.275181,0, ,0.0,0.0,0,0,0,1,210,0,0,1
DF,TP704,13.927211,79.237456,2, ,0.0,0.0,3,10000,0,0,0,0,0,0
TF,DAGNI,14.296528,78.823622,0, ,0.0,0.0,0.0,0.0,0,0,0,0,0,0,0,0

SID,KAMG1E,26,5
VA,0,263.0,2,900,0,1,210,0,0,0
DF,TP710,13.733025,79.505486,2, ,0.0,0.0,0,0,0,1,210,0,0,0
TF,TP713,13.838642,79.541803,0, ,0.0,0.0,0.0,0.0,3,6000,0,1,210,0,0,0
TF,TP702,14.050856,79.519156,0, ,0.0,0.0,0.0,0.0,3,10000,0,0,0,0,0,0
TF,KAMGU,14.975142,79.419950,0, ,0.0,0.0,0.0,0.0,0,0,0,0,0,0,0,0

SID,KAMG1G,26,5
VA,0,263.0,2,900,0,1,210,0,0,0
DF,TP699,13.593206,79.275181,0, ,0.0,0.0,0,0,0,1,210,0,0,1
DF,TP907,13.766422,79.239964,2, ,0.0,0.0,0,0,0,0,0,0,0,0
TF,TP702,14.050856,79.519156,0, ,0.0,0.0,0.0,0.0,3,10000,0,0,0,0,0,0
TF,KAMGU,14.975142,79.419950,0, ,0.0,0.0,0.0,0.0,0,0,0,0,0,0,0,0

SID,TTP1,26,5
VA,0,263.0,2,1200,0,0,0,0,0,0
DF,TP049,13.533981,79.511994,1, ,0.0,0.0,0,0,0,0,0,0,0,0
TF,TP911,13.248397,79.634233,0, ,0.0,0.0,0.0,0.0,0,0,0,0,0,0,0,1
DF,TTP,13.634417,79.563111,1, ,0.0,0.0,0,0,0,0,0,0,0,0

SID,VABDI1,26,5
VA,0,263.0,2,900,0,1,210,0,0,0
DF,TP699,13.593206,79.275181,0, ,0.0,0.0,0,0,0,1,210,0,0,1
DF,TP704,13.927211,79.237456,2, ,0.0,0.0,3,10000,0,0,0,0,0,0
TF,TP922,14.274794,79.158181,0, ,0.0,0.0,0.0,0.0,0,0,0,0,0,0,0,0
TF,VABDI,15.097500,78.633889,0, ,0.0,0.0,0.0,0.0,0,0,0,0,0,0,0,0

SID,XIVI1E,26,5
VA,0,263.0,2,1200,0,0,0,0,0,0
DF,TP049,13.533981,79.511994,1, ,0.0,0.0,0,0,0,0,0,0,0,0
TF,TP911,13.248397,79.634233,0, ,0.0,0.0,0.0,0.0,0,0,0,0,0,0,0,1
DF,TP716,13.427361,79.169372,2, ,0.0,0.0,0,0,0,0,0,0,0,0
TF,XIVIL,13.294356,78.917781,0, ,0.0,0.0,0.0,0.0,0,0,0,0,0,0,0,0

SID,XIVI1G,26,5
VA,0,263.0,2,900,0,1,210,0,0,0
DF,TP699,13.593206,79.275181,0, ,0.0,0.0,0,0,0,1,210,0,0,1
DF,TP716,13.427361,79.169372,0, ,0.0,0.0,0,0,0,0,0,0,0,0
TF,XIVIL,13.294356,78.917781,0, ,0.0,0.0,0.0,0.0,0,0,0,0,0,0,0,0

STAR,ANIRO1,26,5
IF,ANIRO,14.036044,78.608389, ,0.0,0.0,2,12000,0,0,0,0,0,0
TF,TP705,13.807878,79.153036,0, ,0.0,0.0,0.0,0.0,2,12000,0,1,250,0,0,0
TF,TP717,13.725078,79.451400,0, ,0.0,0.0,0.0,0.0,2,11000,0,1,210,0,0,0
TF,TP720,13.753042,79.642072,0, ,0.0,0.0,0.0,0.0,2,7500,0,1,210,0,0,0
TF,TP607,13.774017,79.785778,0, ,0.0,0.0,0.0,0.0,2,4600,0,1,185,0,0,0

STAR,KARGA1,26,5
IF,KARGA,13.332778,79.839958, ,0.0,0.0,0,0,0,1,210,0,0,0
TF,TP605,13.566633,79.817367,0, ,0.0,0.0,0.0,0.0,2,4600,0,1,185,0,0,0

STAR,LURGI1,26,5
IF,LURGI,16.209444,78.514722, ,0.0,0.0,2,12000,0,0,0,0,0,0
TF,TP703,14.029328,79.404519,0, ,0.0,0.0,0.0,0.0,2,12000,0,1,250,0,0,0
TF,TP717,13.725078,79.451400,0, ,0.0,0.0,0.0,0.0,2,11000,0,1,210,0,0,0
TF,TP720,13.753042,79.642072,0, ,0.0,0.0,0.0,0.0,2,7500,0,1,210,0,0,0
TF,TP607,13.774017,79.785778,0, ,0.0,0.0,0.0,0.0,2,4600,0,1,185,0,0,0

STAR,RINTO1,26,5
IF,RINTO,14.387222,80.055000, ,0.0,0.0,2,9500,0,0,0,0,0,0
TF,TP701,13.976597,79.786303,0, ,0.0,0.0,0.0,0.0,2,4600,0,1,210,0,0,0
TF,TP607,13.774017,79.785778,0, ,0.0,0.0,0.0,0.0,2,4600,0,1,185,0,0,0

STAR,VEMBO1,26,5
IF,VEMBO,13.591667,78.833333, ,0.0,0.0,2,12000,0,0,0,0,0,0
TF,TP761,13.774781,79.272481,0, ,0.0,0.0,0.0,0.0,2,12000,0,1,250,0,0,0
TF,TP717,13.725078,79.451400,0, ,0.0,0.0,0.0,0.0,2,11000,0,1,210,0,0,0
TF,TP720,13.753042,79.642072,0, ,0.0,0.0,0.0,0.0,2,7500,0,1,210,0,0,0
TF,TP607,13.774017,79.785778,0, ,0.0,0.0,0.0,0.0,2,4600,0,1,185,0,0,0

APPTR,D08,08,D034V
IF,D034V,13.946650,79.762914, ,0.0,0.0,0,0,0,0,0,0,1,0
CI,0, ,0.0,214.0,0,0,0,0,0,0,0,0
AF,D295T,13.765036,79.247819,1,TTP,295.0,20.0,34.0,2,7000,0,0,0,0,0,0
AF,D283T,13.698075,79.226981,1,TTP,283.0,20.0,295.0,2,5900,0,0,0,0,0,0
AF,CD08,13.581819,79.225069,1,TTP,263.0,20.0,283.0,2,5300,0,0,0,0,1,0

APPTR,D08,08,D140V
IF,D140V,13.360611,79.814783, ,0.0,0.0,2,5900,0,0,0,0,1,0
CI,0, ,0.0,320.0,0,0,0,0,0,0,0,0
AF,CD08,13.581819,79.225069,2,TTP,263.0,20.0,140.0,2,5300,0,0,0,0,1,0

APPTR,D08,08,D263Y
IF,D263Y,13.568594,79.140583, ,0.0,0.0,2,5900,0,0,0,0,1,0
CF,CD08,13.581819,79.225069,0,TTP,263.0,20.0,83.0,5.0,2,5300,0,0,0,0,1,0

APPTR,D08,08,D295V
IF,D295V,13.778075,79.216272, ,0.0,0.0,0,0,0,0,0,0,1,0
CI,0, ,0.0,115.0,0,0,0,0,0,0,0,0
AF,D283T,13.698075,79.226981,1,TTP,283.0,20.0,295.0,2,5900,0,0,0,0,0,0
AF,CD08,13.581819,79.225069,1,TTP,263.0,20.0,283.0,2,5300,0,0,0,0,1,0

APPTR,D08,08,D340V
IF,D340V,13.975833,79.421839, ,0.0,0.0,0,0,0,0,0,0,1,0
CI,0, ,0.0,160.0,0,0,0,0,0,0,0,0
AF,D295T,13.765036,79.247819,1,TTP,295.0,20.0,340.0,2,7000,0,0,0,0,0,0
AF,D283T,13.698075,79.226981,1,TTP,283.0,20.0,295.0,2,5900,0,0,0,0,0,0
AF,CD08,13.581819,79.225069,1,TTP,263.0,20.0,283.0,2,5300,0,0,0,0,1,0

APPTR,D08,08,TTP
IF,TTP,13.634417,79.563111, ,0.0,0.0,2,5900,0,1,185,0,0,0
CF,D263R,13.587100,79.258867,0,TTP,263.0,18.0,263.0,18.0,2,5300,0,0,0,0,0,0
FC,D263R,13.587100,79.258867,0,TTP,0.0,0.0,218.0,3.9,0,0,0,0,0,0,0,1
CF,CD08,13.581819,79.225069,2,TTP,263.0,20.0,83.0,2.0,2,5300,0,0,0,0,1,0

FINAL,D08,08,D,6
IF,CD08,13.581819,79.225069,TTP,263.0,20.0,2,5300,0,0,0,0,1,0
CF,VOR17,13.590267,79.279144,0,TTP,263.0,16.8,83.0,3.2,2,4300,0,0,0,0,0,0
CF,FD08,13.605019,79.373786,0,TTP,263.0,11.2,83.0,5.6,2,3200,0,0,0,0,2,0
CF,88VOR,13.611333,79.414353,0,TTP,263.0,8.8,83.0,2.4,2,2440,0,0,0,0,0,0
CF,72VOR,13.615536,79.441394,0,TTP,263.0,7.2,83.0,1.6,2,1930,0,0,0,0,0,0
CF,MD08,13.626561,79.512392,0,TTP,263.0,3.0,83.0,4.2,1,591,0,0,0,0,3,0
CF,TTP,13.634417,79.563111,0,TTP,0.0,0.0,83.0,3.0,0,0,0,0,0,0,0,0
FA,TTP,13.634417,79.563111,0,TTP,0.0,0.0,60.0,2,3000,0,0,0,0,0,0
DF,TTP,13.634417,79.563111,2, ,0.0,0.0,1,5900,0,1,210,0,0,0
HM,TTP,13.634417,79.563111,1, ,0.0,0.0,263.0,04.3,2,5900,0,0,0,0,0,0,0

APPTR,I26-Y,26,D034Q
IF,D034Q,13.875706,79.717456, ,0.0,0.0,0,0,0,0,0,0,1,0
CI,0, ,0.0,214.0,0,0,0,0,0,0,0,0
AF,D083O,13.672394,79.816931,2,TTP,83.3,15.0,34.0,2,4600,0,0,0,0,1,0
CF,CI26,13.659686,79.729389,0,ITPY,83.5,12.5,263.0,5.2,2,3000,0,0,0,0,0,0

APPTR,I26-Y,26,D083O
IF,D083O,13.672394,79.816931, ,0.0,0.0,2,4600,0,0,0,0,1,0
CF,CI26,13.659686,79.729389,0,ITPY,83.5,12.5,263.0,5.2,2,3000,0,0,0,0,0,0

APPTR,I26-Y,26,D140Q
IF,D140Q,13.422864,79.757633, ,0.0,0.0,0,0,0,0,0,0,1,0
CI,0, ,0.0,320.0,0,0,0,0,0,0,0,0
AF,D083O,13.672394,79.816931,1,TTP,83.3,15.0,140.0,2,4600,0,0,0,0,1,0
CF,CI26,13.659686,79.729389,0,ITPY,83.5,12.5,263.0,5.2,2,3000,0,0,0,0,0,0

APPTR,I26-Y,26,D340Q
IF,D340Q,13.898247,79.453983, ,0.0,0.0,2,7000,0,0,0,0,1,0
CI,0, ,0.0,160.0,0,0,0,0,0,0,0,0
AF,D034O,13.847325,79.699281,2,TTP,34.0,15.0,340.0,2,7000,0,0,0,0,0,0
AF,D083O,13.672394,79.816931,2,TTP,83.3,15.0,34.0,2,4600,0,0,0,0,1,0
CF,CI26,13.659686,79.729389,0,ITPY,83.5,12.5,263.0,5.2,2,3000,0,0,0,0,0,0

APPTR,I26-Y,26,TTP1
IF,TTP,13.634417,79.563111, ,0.0,0.0,2,5900,0,1,185,0,0,0
TF,D071M,13.712322,79.770906,0, ,0.0,0.0,0.0,0.0,2,3700,0,0,0,0,0,1
CF,D083M,13.666081,79.773411,2,TTP,83.2,12.4,263.0,1.0,2,3700,0,0,0,0,1,0
CF,CI26,13.659686,79.729389,0,ITPY,83.5,12.5,263.0,2.6,2,3000,0,0,0,0,0,0

APPTR,I26-Y,26,TTP2
IF,TTP,13.634417,79.563111, ,0.0,0.0,2,5900,0,0,0,0,0,0
TF,D076M,13.694311,79.777050,0, ,0.0,0.0,0.0,0.0,2,3700,0,0,0,0,0,1
CF,D083M,13.666081,79.773411,2,TTP,83.2,12.4,263.0,1.0,2,3700,0,0,0,0,1,0
CF,CI26,13.659686,79.729389,0,ITPY,83.5,12.5,263.0,2.6,2,3000,0,0,0,0,0,0

FINAL,I26-Y,26,I,3
IF,CI26,13.659686,79.729389,ITPY,83.5,12.5,2,3000,0,0,0,0,0,0
CF,FI26,13.654761,79.695525,0,ITPY,83.5,10.5,263.0,2.0,1,3000,0,0,0,0,2,0
CF,RW26,13.634453,79.556228,0,ITPY,83.5,2.2,263.0,8.2,1,384,0,0,0,0,3,0
TF,D263C,13.626606,79.502564,0, ,0.0,0.0,0.0,0.0,0,0,0,0,0,0,0,1
DF,TTP,13.634417,79.563111,1, ,0.0,0.0,0,0,0,0,0,0,0,0
CF,D050O,13.802364,79.754039,0,TTP,50.0,15.0,50.0,15.0,1,4600,0,1,185,0,0,0
HM,D050O,13.802364,79.754039,2, ,0.0,0.0,230.0,04.3,2,4600,0,0,0,0,0,0,0

APPTR,R08,08,TP707
IF,TP707,13.691844,79.226164, ,0.0,0.0,2,5900,0,1,185,0,1,0
TF,TP731,13.634367,79.235061,0, ,0.0,0.0,0.0,0.0,2,5000,0,0,0,0,0,0
TF,TP014,13.595375,79.288822,0, ,0.0,0.0,0.0,0.0,2,4100,0,0,0,0,1,0

APPTR,R08,08,TP708
IF,TP708,13.476253,79.262108, ,0.0,0.0,2,5900,0,1,185,0,1,0
TF,TP732,13.544514,79.250436,0, ,0.0,0.0,0.0,0.0,2,5000,0,0,0,0,0,0
TF,TP014,13.595375,79.288822,0, ,0.0,0.0,0.0,0.0,2,4100,0,0,0,0,1,0

APPTR,R08,08,TP733
IF,TP733,13.580417,79.187292, ,0.0,0.0,2,5900,0,1,185,0,1,0
TF,35NM,13.586653,79.229592,0, ,0.0,0.0,0.0,0.0,2,5000,0,0,0,0,0,0
TF,TP014,13.595375,79.288822,0, ,0.0,0.0,0.0,0.0,2,4100,0,0,0,0,1,0

APPTR,R08,08,TTP
IF,TTP,13.634417,79.563111, ,0.0,0.0,2,5900,0,1,185,0,1,0
TF,TP742,13.538153,79.355592,0, ,0.0,0.0,0.0,0.0,2,5000,0,1,185,0,0,0
TF,TP743,13.529206,79.298986,0, ,0.0,0.0,0.0,0.0,2,5000,0,1,185,0,0,0
TF,TP014,13.595375,79.288822,0, ,0.0,0.0,0.0,0.0,2,4100,0,0,0,0,1,0

FINAL,R08,08,R,3
IF,TP014,13.595375,79.288822, ,0.0,0.0,2,4100,0,0,0,0,0,0
TF,TP009,13.607667,79.373464,0, ,0.0,0.0,83.0,5.0,1,3200,0,0,0,0,2,0
TF,RW08,13.629361,79.521403,0, ,0.0,0.0,83.0,8.7,1,416,0,0,0,0,3,1
CA,0,83.0,2,900,0,1,210,0,0,0
DF,TP751,13.732817,79.753472,0, ,0.0,0.0,0,0,0,1,210,0,0,1
DF,TTP,13.634417,79.563111,1, ,0.0,0.0,2,5900,0,1,210,0,0,0
HM,TTP,13.634417,79.563111,1, ,0.0,0.0,246.0,04.3,2,5900,0,1,230,0,0,0,0

APPTR,R26,26,TP605
IF,TP605,13.566633,79.817367, ,0.0,0.0,2,4600,0,1,185,0,1,0
TF,TP604,13.632861,79.807283,0, ,0.0,0.0,0.0,0.0,2,4200,0,0,0,0,0,0
TF,TP001,13.664742,79.763267,0, ,0.0,0.0,0.0,0.0,2,3500,0,0,0,0,1,0

APPTR,R26,26,TP607
IF,TP607,13.774017,79.785778, ,0.0,0.0,2,4600,0,1,185,0,1,0
TF,TP606,13.707789,79.795872,0, ,0.0,0.0,0.0,0.0,2,4200,0,0,0,0,0,0
TF,TP001,13.664742,79.763267,0, ,0.0,0.0,0.0,0.0,2,3500,0,0,0,0,1,0

APPTR,R26,26,TP608
IF,TP608,13.677072,79.847928, ,0.0,0.0,2,4600,0,1,185,0,1,0
TF,TP001,13.664742,79.763267,0, ,0.0,0.0,0.0,0.0,2,3500,0,0,0,0,1,0

APPTR,R26,26,TTP
IF,TTP,13.634417,79.563111, ,0.0,0.0,2,5900,0,1,185,0,1,0
TF,TP609,13.721086,79.685461,0, ,0.0,0.0,0.0,0.0,2,4600,0,1,185,0,0,0
TF,TP600,13.730939,79.753206,0, ,0.0,0.0,0.0,0.0,2,4000,0,1,185,0,0,0
TF,TP001,13.664742,79.763267,0, ,0.0,0.0,0.0,0.0,2,3500,0,0,0,0,1,0

FINAL,R26,26,R,3
IF,TP001,13.664742,79.763267, ,0.0,0.0,2,3500,0,0,0,0,0,0
TF,TP002,13.654858,79.695544,0, ,0.0,0.0,263.0,4.0,1,3000,0,0,0,0,2,0
TF,RW26,13.634453,79.556228,0, ,0.0,0.0,263.0,8.2,1,379,0,0,0,0,3,1
CA,0,263.0,2,2700,0,1,185,0,0,0
DF,TP610,13.520700,79.503422,1, ,0.0,0.0,0,0,0,1,185,0,0,0
TF,TP605,13.566633,79.817367,0, ,0.0,0.0,0.0,0.0,2,4600,0,1,185,0,0,0
HM,TP605,13.566633,79.817367,2, ,0.0,0.0,353.0,04.3,2,4600,0,1,230,0,0,0,0

