APPTR,R06,06,AKALO
IF,AKALO,5.795389,73.287500, ,0.0,0.0,2,3000,0,1,210,0,1,0
TF,DA433,5.726194,73.334611,0, ,0.0,0.0,0.0,0.0,0,0,0,1,210,0,1,0
TF,DA432,5.764000,73.389806,0, ,0.0,0.0,0.0,0.0,1,1600,0,0,0,0,0,0

APPTR,R06,06,NOKIR
IF,NOKIR,5.657000,73.381694, ,0.0,0.0,2,3000,0,1,210,0,1,0
TF,DA433,5.726194,73.334611,0, ,0.0,0.0,0.0,0.0,0,0,0,1,210,0,1,0
TF,DA432,5.764000,73.389806,0, ,0.0,0.0,0.0,0.0,1,1600,0,0,0,0,0,0

FINAL,R06,06,R,2
IF,DA432,5.764000,73.389806, ,0.0,0.0,1,1600,0,0,0,0,2,0
TF,RW06,5.810231,73.457522,0, ,0.0,0.0,58.0,4.9,1,56,0,0,0,0,3,1
CA,0,58.0,2,500,0,0,0,0,0,0
DF,NOKIR,5.657000,73.381694,2, ,0.0,0.0,2,3000,0,0,0,0,0,1
HM,NOKIR,5.657000,73.381694,2, ,0.0,0.0,328.0,04.3,2,3000,0,0,0,0,0,0,0

APPTR,R24,24,OVSAK
IF,OVSAK,5.839000,73.648000, ,0.0,0.0,2,3000,0,1,210,0,1,0
TF,DA431,5.908194,73.600889,0, ,0.0,0.0,0.0,0.0,0,0,0,1,210,0,1,0
TF,DA430,5.870389,73.545611,0, ,0.0,0.0,0.0,0.0,1,1600,0,0,0,0,0,0

APPTR,R24,24,VIGOT
IF,VIGOT,5.977306,73.553694, ,0.0,0.0,2,3000,0,1,210,0,1,0
TF,DA431,5.908194,73.600889,0, ,0.0,0.0,0.0,0.0,0,0,0,1,210,0,1,0
TF,DA430,5.870389,73.545611,0, ,0.0,0.0,0.0,0.0,1,1600,0,0,0,0,0,0

FINAL,R24,24,R,2
IF,DA430,5.870389,73.545611, ,0.0,0.0,1,1600,0,0,0,0,2,0
TF,RW24,5.824153,73.477894,0, ,0.0,0.0,238.0,4.9,1,56,0,0,0,0,3,1
CA,0,238.0,2,500,0,0,0,0,0,0
DF,OVSAK,5.839000,73.648000,1, ,0.0,0.0,2,3000,0,0,0,0,0,1
HM,OVSAK,5.839000,73.648000,2, ,0.0,0.0,328.0,04.3,2,3000,0,0,0,0,0,0,0

