APPTR,I05,05,LB
IF,LB,14.876742,100.657347, ,0.0,0.0,2,3500,0,0,0,0,1,0
FC,LB,14.876742,100.657347,0,BKK,0.0,0.0,212.0,9.0,0,0,0,1,130,0,0,1
CF,CF05,14.768783,100.549450,2,ILOB,227.4,9.6,47.0,1.0,2,2000,0,0,0,0,0,0

FINAL,I05,05,I,3
IF,CF05,14.768783,100.549450,ILOB,227.4,9.6,2,2000,0,0,0,0,0,0
CF,FF05,14.801864,100.585067,0,ILOB,227.4,6.7,47.0,2.9,1,2000,0,0,0,0,2,0
CF,RW05,14.869433,100.657728,0,ILOB,227.7,0.9,47.0,5.8,1,156,0,0,0,0,3,0
CA,0,47.0,2,1000,0,0,0,0,0,0
CI,1, ,0.0,260.0,0,0,0,1,140,0,0,0
FA,LB,14.876742,100.657347,0,BKK,0.0,0.0,290.0,2,2500,0,0,0,0,0,0
DF,LB,14.876742,100.657347,1, ,0.0,0.0,1,3500,0,0,0,0,0,0
HM,LB,14.876742,100.657347,2, ,0.0,0.0,179.0,04.3,2,3500,0,1,170,0,0,0,0

