APPTR,N09-A,09,TK
IF,TK,16.899500,99.252222, ,0.0,0.0,2,5000,0,0,0,0,0,0
FC,TK,16.899500,99.252222,0,TK,0.0,0.0,132.0,7.0,0,0,0,0,0,0,0,1
CF,FF330,16.841653,99.287364,2,TK,150.2,4.0,330.0,3.0,2,3300,0,0,0,0,0,0

FINAL,N09-A,09,N,2
IF,FF330,16.841653,99.287364,TK,0.0,0.0,2,3300,0,0,0,0,2,0
CF,TK,16.899500,99.252222,0,TK,0.0,0.0,330.0,4.0,1,1800,0,0,0,0,3,0
CA,0,330.0,2,2000,0,0,0,0,0,0
DF,TK,16.899500,99.252222,2, ,0.0,0.0,2,3000,0,0,0,0,0,0
HM,TK,16.899500,99.252222,2, ,0.0,0.0,132.0,04.3,2,5000,0,1,180,0,0,0,0

APPTR,N27-A,27,TK
IF,TK,16.899500,99.252222, ,0.0,0.0,2,5000,0,0,0,0,0,0
FC,TK,16.899500,99.252222,0,TK,0.0,0.0,132.0,7.0,0,0,0,0,0,0,0,1
CF,FF330,16.841653,99.287364,2,TK,150.2,4.0,330.0,3.0,2,3300,0,0,0,0,0,0

FINAL,N27-A,27,N,2
IF,FF330,16.841653,99.287364,TK,0.0,0.0,2,3300,0,0,0,0,2,0
CF,TK,16.899500,99.252222,0,TK,0.0,0.0,330.0,4.0,1,1800,0,0,0,0,3,0
CA,0,330.0,2,2000,0,0,0,0,0,0
DF,TK,16.899500,99.252222,2, ,0.0,0.0,2,3000,0,0,0,0,0,0
HM,TK,16.899500,99.252222,2, ,0.0,0.0,132.0,04.3,2,5000,0,1,180,0,0,0,0

