APPTR,R08,08,BOODU
IF,BOODU,6.854892,100.802081, ,0.0,0.0,1,5000,0,0,0,0,1,0
TF,AMPIO,6.773808,100.980092,0, ,0.0,0.0,0.0,0.0,1,2700,0,0,0,0,1,0

APPTR,R08,08,PATAA
IF,PATAA,6.890767,100.972206, ,0.0,0.0,1,3500,0,0,0,0,1,0
TF,AMPIO,6.773808,100.980092,0, ,0.0,0.0,0.0,0.0,1,2700,0,0,0,0,1,0

APPTR,R08,08,TARNY
IF,TARNY,6.606722,100.991347, ,0.0,0.0,1,5000,0,0,0,0,1,0
TF,AMPIO,6.773808,100.980092,0, ,0.0,0.0,0.0,0.0,1,2700,0,0,0,0,1,0

FINAL,R08,08,R,3
IF,AMPIO,6.773808,100.980092, ,0.0,0.0,1,2700,0,0,0,0,0,0
TF,PANWF,6.780664,101.082053,0, ,0.0,0.0,86.0,6.1,1,1400,0,0,0,0,2,0
TF,PAN08,6.785033,101.147244,0, ,0.0,0.0,86.0,3.9,1,57,0,0,0,0,3,1
CA,0,86.0,2,2000,0,0,0,0,0,0
DF,PATAA,6.890767,100.972206,1, ,0.0,0.0,2,3500,0,0,0,0,0,0
HM,PATAA,6.890767,100.972206,1, ,0.0,0.0,176.0,04.3,2,3500,0,1,230,0,0,0,0

APPTR,R26,26,BOODU
IF,BOODU,6.854892,100.802081, ,0.0,0.0,1,5000,0,0,0,0,1,0
TF,PANAN,6.915806,101.151686,0, ,0.0,0.0,0.0,0.0,1,5000,0,0,0,0,0,0
TF,DATOE,6.914011,101.319256,0, ,0.0,0.0,0.0,0.0,1,3500,0,0,0,0,0,0
TF,MAYOU,6.797044,101.327058,0, ,0.0,0.0,0.0,0.0,1,2700,0,0,0,0,1,0

APPTR,R26,26,ZIMMY
IF,ZIMMY,6.695142,101.361569, ,0.0,0.0,1,5000,0,0,0,0,1,0
TF,MAYOU,6.797044,101.327058,0, ,0.0,0.0,0.0,0.0,1,2700,0,0,0,0,1,0

FINAL,R26,26,R,3
IF,MAYOU,6.797044,101.327058, ,0.0,0.0,1,2700,0,0,0,0,0,0
TF,PANEF,6.790242,101.225086,0, ,0.0,0.0,266.0,6.1,1,1400,0,0,0,0,2,0
TF,PAN26,6.785881,101.159894,0, ,0.0,0.0,266.0,3.9,1,58,0,0,0,0,3,1
CA,0,266.0,2,2000,0,0,0,0,0,0
DF,DATOE,6.914011,101.319256,2, ,0.0,0.0,2,3500,0,0,0,0,0,0
HM,DATOE,6.914011,101.319256,1, ,0.0,0.0,91.0,04.3,2,3500,0,1,230,0,0,0,0

