SID,CPN1A,20,2
CA,0,204.0,2,560,0,0,0,0,0,0
CF,D205J,9.626239,98.512392,0,RAN,205.5,10.0,205.0,10.0,2,2600,0,0,0,0,0,1
CF,RAN,9.777972,98.583722,2,RAN,0.0,0.0,45.0,10.0,2,4700,0,0,0,0,0,0
TF,CPN,10.711194,99.365583,0, ,0.0,0.0,0.0,0.0,2,11000,0,0,0,0,0,0

SID,KAOY1A,02,5
CA,0,24.0,2,560,0,0,0,0,0,0
CF,KITOM,9.835558,98.596872,0,RAN,13.8,3.5,9.0,3.0,2,1300,0,1,200,0,0,1
DF,NUMPU,9.864253,98.408619,1, ,0.0,0.0,2,6000,0,1,240,0,0,0
TF,KOMON,9.788150,98.318686,0, ,0.0,0.0,0.0,0.0,2,7000,0,1,240,0,0,0
TF,JADUM,9.578619,98.497217,0, ,0.0,0.0,0.0,0.0,2,7000,0,0,0,0,0,0
TF,KAOYA,9.365561,98.514772,0, ,0.0,0.0,0.0,0.0,0,0,0,0,0,0,0,0
TF,PUT,8.113972,98.307000,0, ,0.0,0.0,0.0,0.0,0,0,0,0,0,0,0,0

SID,KAOY1B,20,5
CF,WISUT,9.625267,98.517925,0,RAN,204.2,9.9,204.0,9.4,2,3400,0,1,250,0,0,0
TF,KAOYA,9.365561,98.514772,0, ,0.0,0.0,0.0,0.0,0,0,0,0,0,0,0,0
TF,PUT,8.113972,98.307000,0, ,0.0,0.0,0.0,0.0,0,0,0,0,0,0,0,0

SID,NEET1A,02,5
CA,0,24.0,2,560,0,0,0,0,0,0
CF,KITOM,9.835558,98.596872,0,RAN,13.7,3.5,9.0,3.0,2,1300,0,1,200,0,0,1
DF,NUMPU,9.864253,98.408619,1, ,0.0,0.0,2,6000,0,1,240,0,0,0
TF,KOMON,9.788150,98.318686,0, ,0.0,0.0,0.0,0.0,2,7000,0,1,240,0,0,0
TF,JADUM,9.578619,98.497217,0, ,0.0,0.0,0.0,0.0,2,7000,0,0,0,0,0,0
TF,NEETA,9.458511,98.855933,0, ,0.0,0.0,0.0,0.0,0,0,0,0,0,0,0,0
TF,STN,9.129500,99.134750,0, ,0.0,0.0,0.0,0.0,0,0,0,0,0,0,0,0

SID,NEET1B,20,5
CF,WISUT,9.625267,98.517925,0,RAN,204.1,10.0,204.0,9.4,2,3400,0,1,250,0,0,0
TF,NEETA,9.458511,98.855933,0, ,0.0,0.0,0.0,0.0,0,0,0,0,0,0,0,0
TF,STN,9.129500,99.134750,0, ,0.0,0.0,0.0,0.0,0,0,0,0,0,0,0,0

SID,PAYU1A,02,5
CA,0,24.0,2,560,0,0,0,0,0,0
CF,RAWAT,9.877297,98.603356,0,RAN,12.1,6.0,9.0,5.5,2,2400,0,1,220,0,0,0
TF,JADED,9.928139,98.660142,0, ,0.0,0.0,0.0,0.0,2,4300,0,0,0,0,0,0
TF,PAYUN,10.101061,98.853467,0, ,0.0,0.0,0.0,0.0,0,0,0,0,0,0,0,0
TF,CPN,10.711194,99.365583,0, ,0.0,0.0,0.0,0.0,0,0,0,0,0,0,0,0

SID,PAYU1B,20,5
CF,YODYA,9.723356,98.561419,0,RAN,203.0,3.6,204.0,3.0,2,1100,0,1,220,0,0,1
DF,GODUM,9.798025,98.488958,2, ,0.0,0.0,2,3400,0,1,250,0,0,0
TF,ARNAN,9.876842,98.583653,0, ,0.0,0.0,0.0,0.0,2,5000,0,0,0,0,0,0
TF,PAYUN,10.101061,98.853467,0, ,0.0,0.0,0.0,0.0,0,0,0,0,0,0,0,0
TF,CPN,10.711194,99.365583,0, ,0.0,0.0,0.0,0.0,0,0,0,0,0,0,0,0

SID,PUT1A,20,2
CA,0,204.0,2,560,0,0,0,0,0,0
CF,D205W,9.428925,98.419789,0,RAN,206.0,23.0,205.0,23.0,2,6000,0,0,0,0,0,1
TF,D189Y,9.364542,98.517764,0, ,0.0,0.0,0.0,0.0,0,0,0,0,0,0,0,0
TF,PUT,8.113972,98.307000,0, ,0.0,0.0,0.0,0.0,2,11000,0,0,0,0,0,0

SID,STN1C,20,2
CA,0,204.0,2,560,0,0,0,0,0,0
CF,D205W,9.428925,98.419789,0,RAN,205.5,23.0,205.0,23.0,2,6000,0,0,0,0,0,1
TF,RAN30,9.393042,98.908792,1, ,0.0,0.0,0.0,0.0,0,0,0,0,0,0,0,0
TF,STN,9.129500,99.134750,0, ,0.0,0.0,0.0,0.0,2,11000,0,0,0,0,0,0

APPTR,D02,02,DAMUN
IF,DAMUN,9.491822,98.535892, ,0.0,0.0,2,5600,0,0,0,0,1,0
TF,LAAUN,9.577511,98.500075,0, ,0.0,0.0,0.0,0.0,2,3400,0,0,0,0,1,0

APPTR,D02,02,FASAI
IF,FASAI,9.702394,98.307369, ,0.0,0.0,2,5000,0,0,0,0,0,0
CI,0, ,0.0,75.0,0,0,0,0,0,0,0,0
AF,D203O,9.546406,98.487119,1,RAN,203.5,15.0,255.0,0,0,0,0,0,0,0,0
TF,LAAUN,9.577511,98.500075,0, ,0.0,0.0,0.0,0.0,2,3400,0,0,0,0,1,0

APPTR,D02,02,LAYWA
IF,LAYWA,9.560986,98.768944, ,0.0,0.0,2,6000,0,0,0,0,1,0
CI,0, ,0.0,320.0,0,0,0,0,0,0,0,0
AF,TASAI,9.531272,98.628175,2,RAN,170.9,15.0,140.0,2,5600,0,0,0,0,0,0
AF,D203O,9.546406,98.487119,2,RAN,203.5,15.0,171.0,0,0,0,0,0,0,0,0
TF,LAAUN,9.577511,98.500075,0, ,0.0,0.0,0.0,0.0,2,3400,0,0,0,0,1,0

APPTR,D02,02,RAN
IF,RAN,9.777972,98.583722, ,0.0,0.0,2,6000,0,0,0,0,1,0
FD,RAN,9.777972,98.583722,0,RAN,0.0,13.0,225.0,13.0,0,0,0,0,0,0,0,0
CF,LAAUN,9.577511,98.500075,1,RAN,203.5,13.0,23.0,1.0,2,3400,0,0,0,0,1,0

FINAL,D02,02,D,5
IF,LAAUN,9.577511,98.500075,RAN,203.5,13.0,2,3400,0,0,0,0,0,0
CF,UNNS1,9.617744,98.516836,0,RAN,203.5,10.4,23.0,2.6,2,2600,0,0,0,0,0,0
CF,UNNS2,9.633217,98.523283,0,RAN,203.5,9.4,23.0,1.0,2,2400,0,0,0,0,0,0
CF,FS02,9.685825,98.545211,0,RAN,203.5,6.0,23.0,3.4,2,1800,0,0,0,0,2,0
CF,MA02,9.726056,98.561983,0,RAN,203.6,3.4,23.0,2.6,1,990,0,0,0,0,3,1
TF,RAN,9.777972,98.583722,0, ,0.0,0.0,0.0,0.0,0,0,0,0,0,0,0,0
CF,UNDAR,9.846744,98.588633,0,RAN,5.1,4.1,5.0,4.1,2,1500,0,1,170,0,0,0
VI,1, ,0.0,225.0,0,0,0,1,200,0,0,0
CF,FASAI,9.702394,98.307369,0,RAN,255.6,17.0,255.0,9.0,1,5000,0,0,0,0,0,0
HM,FASAI,9.702394,98.307369,1, ,0.0,0.0,75.0,04.3,2,5000,0,1,230,0,0,0,0

APPTR,I02,02,FASAI
IF,FASAI,9.702394,98.307369, ,0.0,0.0,2,5000,0,0,0,0,0,0
CI,0, ,0.0,75.0,0,0,0,0,0,0,0,0
AF,D204O,9.547717,98.483875,1,RAN,204.3,15.0,255.0,0,0,0,0,0,0,0,0
TF,RUNTA,9.579283,98.497556,0, ,0.0,0.0,0.0,0.0,2,3400,0,0,0,0,1,0
TF,UNNS3,9.623894,98.516892,0, ,0.0,0.0,0.0,0.0,2,2500,0,0,0,0,0,0
CF,UNNS4,9.639278,98.523558,0,IRAN,203.9,9.7,24.0,1.0,2,2200,0,0,0,0,0,0

APPTR,I02,02,LAYWA
IF,LAYWA,9.560986,98.768944, ,0.0,0.0,2,6000,0,0,0,0,1,0
CI,0, ,0.0,320.0,0,0,0,0,0,0,0,0
AF,TASAI,9.531272,98.628175,2,RAN,170.9,15.0,140.0,2,5600,0,0,0,0,0,0
AF,D204O,9.547717,98.483875,2,RAN,204.3,15.0,171.0,0,0,0,0,0,0,0,0
TF,RUNTA,9.579283,98.497556,0, ,0.0,0.0,0.0,0.0,2,3400,0,0,0,0,1,0
TF,UNNS3,9.623894,98.516892,0, ,0.0,0.0,0.0,0.0,2,2500,0,0,0,0,0,0
CF,UNNS4,9.639278,98.523558,0,IRAN,203.9,9.7,24.0,1.0,2,2200,0,0,0,0,0,0

APPTR,I02,02,POOMA
IF,POOMA,9.483550,98.534508, ,0.0,0.0,2,5600,0,0,0,0,1,0
TF,RUNTA,9.579283,98.497556,0, ,0.0,0.0,0.0,0.0,2,3400,0,0,0,0,1,0
TF,UNNS3,9.623894,98.516892,0, ,0.0,0.0,0.0,0.0,2,2500,0,0,0,0,0,0
CF,UNNS4,9.639278,98.523558,0,IRAN,203.9,9.7,24.0,1.0,2,2200,0,0,0,0,0,0

APPTR,I02,02,RAN
IF,RAN,9.777972,98.583722, ,0.0,0.0,2,6000,0,0,0,0,1,0
FD,RAN,9.777972,98.583722,0,RAN,0.0,12.9,226.0,12.9,0,0,0,0,0,0,0,0
CF,RUNTA,9.579283,98.497556,1,RAN,204.3,12.9,24.0,1.0,2,3400,0,0,0,0,1,0
TF,UNNS3,9.623894,98.516892,0, ,0.0,0.0,0.0,0.0,2,2500,0,0,0,0,0,0
CF,UNNS4,9.639278,98.523558,0,IRAN,203.9,9.7,24.0,1.0,2,2200,0,0,0,0,0,0

FINAL,I02,02,I,3
IF,UNNS4,9.639278,98.523558,IRAN,203.9,9.7,2,2200,0,0,0,0,0,0
CF,FF02,9.686964,98.544233,0,IRAN,204.2,6.6,24.0,3.1,1,1800,0,0,0,0,2,0
CF,RW02,9.769333,98.581817,0,IRAN,203.7,1.3,24.0,5.4,1,86,0,0,0,0,3,0
CA,0,24.0,2,560,0,0,0,0,0,0
CF,UNDAR,9.846744,98.588633,0,RAN,5.1,4.1,5.0,5.0,2,1500,0,1,170,0,0,0
VI,1, ,0.0,225.0,0,0,0,1,200,0,0,0
CF,FASAI,9.702394,98.307369,0,RAN,255.5,17.0,255.0,9.0,1,5000,0,0,0,0,0,0
HM,FASAI,9.702394,98.307369,1, ,0.0,0.0,75.0,04.3,2,5000,0,1,230,0,0,0,0

APPTR,L02,02,FASAI
IF,FASAI,9.702394,98.307369, ,0.0,0.0,2,5000,0,0,0,0,0,0
CI,0, ,0.0,75.0,0,0,0,0,0,0,0,0
AF,D204O,9.547717,98.483875,1,RAN,204.3,15.0,255.0,0,0,0,0,0,0,0,0
CF,RUNTA,9.579283,98.497556,0,IRAN,203.8,13.6,24.0,2.1,2,3400,0,0,0,0,1,0

APPTR,L02,02,LAYWA
IF,LAYWA,9.560986,98.768944, ,0.0,0.0,2,6000,0,0,0,0,1,0
CI,0, ,0.0,320.0,0,0,0,0,0,0,0,0
AF,TASAI,9.531272,98.628175,2,RAN,170.9,15.0,140.0,2,5600,0,0,0,0,0,0
AF,D204O,9.547717,98.483875,2,RAN,204.3,15.0,171.0,0,0,0,0,0,0,0,0
CF,RUNTA,9.579283,98.497556,0,IRAN,203.8,13.6,24.0,2.1,2,3400,0,0,0,0,1,0

APPTR,L02,02,POOMA
IF,POOMA,9.483550,98.534508, ,0.0,0.0,2,5600,0,0,0,0,1,0
TF,RUNTA,9.579283,98.497556,0,IRAN,0.0,0.0,0.0,0.0,2,3400,0,0,0,0,1,0

APPTR,L02,02,RAN
IF,RAN,9.777972,98.583722, ,0.0,0.0,2,6000,0,0,0,0,1,0
FD,RAN,9.777972,98.583722,0,RAN,0.0,12.9,226.0,12.9,0,0,0,0,0,0,0,0
CF,RUNTA,9.579283,98.497556,1,IRAN,203.8,13.6,24.0,1.0,2,3400,0,0,0,0,1,0

FINAL,L02,02,D,5
IF,RUNTA,9.579283,98.497556,IRAN,203.8,13.6,2,3400,0,0,0,0,0,0
CF,UNNS3,9.623894,98.516892,0,IRAN,203.9,10.7,24.0,2.9,2,2500,0,0,0,0,0,0
CF,UNNS4,9.639278,98.523558,0,IRAN,203.9,9.7,24.0,1.0,2,2200,0,0,0,0,0,0
CF,FF02,9.686964,98.544233,0,IRAN,204.2,6.6,24.0,3.1,2,1800,0,0,0,0,2,0
CF,ML02,9.726969,98.561583,0,IRAN,204.9,4.0,24.0,2.6,1,978,0,0,0,0,3,1
TF,RAN,9.777972,98.583722,0, ,0.0,0.0,0.0,0.0,0,0,0,0,0,0,0,0
CF,UNDAR,9.846744,98.588633,0,RAN,5.1,4.1,5.0,4.1,2,1500,0,1,170,0,0,0
VI,1, ,0.0,225.0,0,0,0,1,200,0,0,0
CF,FASAI,9.702394,98.307369,0,RAN,255.6,17.0,255.0,9.0,1,5000,0,0,0,0,0,0
HM,FASAI,9.702394,98.307369,1, ,0.0,0.0,75.0,04.3,2,5000,0,1,230,0,0,0,0

APPTR,R02,02,FASAI
IF,FASAI,9.702394,98.307369, ,0.0,0.0,1,5000,0,0,0,0,0,0
TF,GAPER,9.633203,98.373997,0, ,0.0,0.0,0.0,0.0,1,5000,0,0,0,0,1,0
TF,RUNTA,9.579283,98.497556,0, ,0.0,0.0,0.0,0.0,1,3400,0,0,0,0,1,0

APPTR,R02,02,GAYOU
IF,GAYOU,10.075278,98.831886, ,0.0,0.0,1,7000,0,0,0,0,0,0
TF,MINTA,9.974192,98.714475,0, ,0.0,0.0,0.0,0.0,1,6000,0,0,0,0,0,0
TF,KOKAM,9.709833,98.407978,0, ,0.0,0.0,0.0,0.0,1,6000,0,0,0,0,0,0
TF,GAPER,9.633203,98.373997,0, ,0.0,0.0,0.0,0.0,1,5000,0,0,0,0,1,0
TF,RUNTA,9.579283,98.497556,0, ,0.0,0.0,0.0,0.0,1,3400,0,0,0,0,1,0

APPTR,R02,02,KAOYA
IF,KAOYA,9.365561,98.514772, ,0.0,0.0,1,7000,0,0,0,0,0,0
TF,GOWHA,9.504181,98.464275,0, ,0.0,0.0,0.0,0.0,1,5400,0,0,0,0,1,0
TF,RUNTA,9.579283,98.497556,0, ,0.0,0.0,0.0,0.0,1,3400,0,0,0,0,1,0

APPTR,R02,02,NEETA
IF,NEETA,9.458511,98.855933, ,0.0,0.0,1,7000,0,0,0,0,0,0
TF,RAKSA,9.511822,98.651947,0, ,0.0,0.0,0.0,0.0,1,5600,0,0,0,0,1,0
TF,RUNTA,9.579283,98.497556,0, ,0.0,0.0,0.0,0.0,1,3400,0,0,0,0,1,0

FINAL,R02,02,R,3
IF,RUNTA,9.579283,98.497556, ,0.0,0.0,1,3400,0,0,0,0,0,0
TF,UNNSF,9.677378,98.541033,0, ,0.0,0.0,24.0,6.4,1,2000,0,0,0,0,2,0
TF,UNNHM,9.726425,98.562781,0, ,0.0,0.0,24.0,3.2,1,978,0,0,0,0,3,1
CF,UNDAR,9.846744,98.588633,0,CPN,221.7,69.1,13.0,7.4,2,1500,0,1,170,0,0,0
TF,MANAM,9.868489,98.474372,0, ,0.0,0.0,0.0,0.0,2,4000,0,1,200,0,0,0
TF,FASAI,9.702394,98.307369,0, ,0.0,0.0,0.0,0.0,1,5000,0,0,0,0,0,0
HM,FASAI,9.702394,98.307369,1, ,0.0,0.0,74.0,04.3,2,5000,0,1,230,0,0,0,0

