SID,ASAB1A,23,5
CA,0,233.0,2,2000,0,1,230,0,0,0
DF,EXUBI,15.105886,104.682325,0, ,0.0,0.0,0,0,0,1,230,0,0,0
TF,ASABO,15.202622,104.350642,0, ,0.0,0.0,0.0,0.0,4,13000,10000,0,0,0,0,0

SID,ASAB1B,05,5
CA,0,53.0,2,2000,0,1,230,0,0,0
DF,SAGAL,15.299281,104.756094,1, ,0.0,0.0,2,7000,0,1,230,0,0,0
TF,ATMEG,15.223158,104.597383,0, ,0.0,0.0,0.0,0.0,2,11000,0,1,230,0,0,0
TF,ASABO,15.202622,104.350642,0, ,0.0,0.0,0.0,0.0,2,11000,0,0,0,0,0,0

SID,ENLE1A,23,5
CA,0,233.0,2,2000,0,1,230,0,0,0
DF,VESUD,15.352236,104.648408,0, ,0.0,0.0,3,6000,0,1,230,0,0,0
TF,OMDED,15.441117,104.572497,0, ,0.0,0.0,0.0,0.0,3,8000,0,0,0,0,0,0
TF,ENLEP,15.564794,104.466719,0, ,0.0,0.0,0.0,0.0,3,10000,0,0,0,0,0,0

SID,ENLE1B,05,5
CA,0,53.0,2,2000,0,1,230,0,0,0
DF,OKIDI,15.443758,104.958600,0, ,0.0,0.0,2,5000,0,1,230,0,0,0
TF,AKMOM,15.498697,104.663525,0, ,0.0,0.0,0.0,0.0,2,11000,0,0,0,0,0,0
TF,ENLEP,15.564794,104.466719,0, ,0.0,0.0,0.0,0.0,2,11000,0,0,0,0,0,0

SID,OMNI,05,1
DF,DER05,15.259728,104.881167,0, ,0.0,0.0,0,0,0,0,0,0,0,1
VA,0,52.0,2,1500,0,0,0,0,0,0
VM,0,0,0,52.0,0,0,0,0,0,0,0,0

SID,OMNI,23,1
DF,DER23,15.242825,104.859294,0, ,0.0,0.0,0,0,0,0,0,0,0,1
VA,0,232.0,2,1500,0,0,0,0,0,0
VM,0,0,0,232.0,0,0,0,0,0,0,0,0

SID,POTE1A,23,5
CA,0,233.0,2,2000,0,1,230,0,0,0
DF,GOTPO,15.106781,104.901728,1, ,0.0,0.0,0,0,0,1,230,0,0,0
TF,GURNA,15.173092,105.021483,0, ,0.0,0.0,0.0,0.0,2,8000,0,0,0,0,0,0
TF,DOLBO,15.286067,105.225950,0, ,0.0,0.0,0.0,0.0,2,11000,0,0,0,0,0,0
TF,POTEV,15.364597,105.368411,0, ,0.0,0.0,0.0,0.0,2,11000,0,0,0,0,0,0

SID,POTE1B,05,5
CA,0,53.0,2,2000,0,1,230,0,0,0
DF,POTEV,15.364597,105.368411,0, ,0.0,0.0,0,0,0,0,0,0,0,0

SID,SAGA1B,05,5
CA,0,53.0,2,2000,0,1,230,0,0,0
DF,SAGAL,15.299281,104.756094,1, ,0.0,0.0,2,7000,0,1,230,0,0,0

SID,VENP1A,23,5
CA,0,233.0,2,2000,0,1,230,0,0,0
DF,EXUBI,15.105886,104.682325,0, ,0.0,0.0,0,0,0,1,230,0,0,0
TF,VENPO,15.112494,104.367272,0, ,0.0,0.0,0.0,0.0,4,13000,10000,0,0,0,0,0

SID,VENP1B,05,5
CA,0,53.0,2,2000,0,1,230,0,0,0
DF,SAGAL,15.299281,104.756094,1, ,0.0,0.0,2,7000,0,1,230,0,0,0
TF,ATMEG,15.223158,104.597383,0, ,0.0,0.0,0.0,0.0,2,11000,0,1,230,0,0,0
TF,VENPO,15.112494,104.367272,0, ,0.0,0.0,0.0,0.0,2,11000,0,0,0,0,0,0

SID,VESU1A,23,5
CA,0,233.0,2,2000,0,1,230,0,0,0
DF,VESUD,15.352236,104.648408,0, ,0.0,0.0,3,6000,0,1,230,0,0,0

STAR,ASAB1C,05,5
IF,ASABO,15.202622,104.350642, ,0.0,0.0,3,10000,0,0,0,0,0,0
TF,TOGOK,15.175444,104.521956,0, ,0.0,0.0,0.0,0.0,3,7000,0,0,0,0,0,0
TF,ARARA,15.139233,104.725361,0, ,0.0,0.0,0.0,0.0,2,3000,0,1,230,0,0,0

STAR,ASAB1D,23,5
IF,ASABO,15.202622,104.350642, ,0.0,0.0,2,14000,0,0,0,0,0,0
TF,UBNES,15.218769,104.544378,0, ,0.0,0.0,0.0,0.0,2,14000,0,0,0,0,0,0
TF,OBKIB,15.320142,104.713694,0, ,0.0,0.0,0.0,0.0,2,10000,0,0,0,0,0,0
TF,RUSTU,15.456833,104.942547,0, ,0.0,0.0,0.0,0.0,2,5000,0,0,0,0,0,0
TF,SUNIN,15.365125,105.017706,0, ,0.0,0.0,0.0,0.0,2,3000,0,1,230,0,0,0

STAR,ENLE1C,05,5
IF,ENLEP,15.564794,104.466719, ,0.0,0.0,3,10000,0,0,0,0,0,0
TF,VESUD,15.352236,104.648408,0, ,0.0,0.0,0.0,0.0,3,5000,0,0,0,0,0,0
TF,AREVU,15.230828,104.650156,0, ,0.0,0.0,0.0,0.0,3,5000,0,0,0,0,0,0
TF,ARARA,15.139233,104.725361,0, ,0.0,0.0,0.0,0.0,2,3000,0,1,230,0,0,0

STAR,ENLE1D,23,5
IF,ENLEP,15.564794,104.466719, ,0.0,0.0,2,11000,0,0,0,0,0,0
TF,AKMOM,15.498697,104.663525,0, ,0.0,0.0,0.0,0.0,2,11000,0,0,0,0,0,0
TF,RUSTU,15.456833,104.942547,0, ,0.0,0.0,0.0,0.0,2,5000,0,0,0,0,0,0
TF,SUNIN,15.365125,105.017706,0, ,0.0,0.0,0.0,0.0,2,3000,0,1,230,0,0,0

STAR,OBKI1D,23,5
IF,OBKIB,15.320142,104.713694, ,0.0,0.0,2,10000,0,0,0,0,0,0
TF,RUSTU,15.456833,104.942547,0, ,0.0,0.0,0.0,0.0,2,5000,0,0,0,0,0,0
TF,SUNIN,15.365125,105.017706,0, ,0.0,0.0,0.0,0.0,2,3000,0,1,230,0,0,0

STAR,POTE1C,05,5
IF,POTEV,15.364597,105.368411, ,0.0,0.0,2,11000,0,0,0,0,0,0
TF,OPTAD,15.231000,105.127469,0, ,0.0,0.0,0.0,0.0,2,11000,0,0,0,0,0,0
TF,SADUP,15.034500,104.811250,0, ,0.0,0.0,0.0,0.0,2,5000,0,0,0,0,0,0
TF,ARARA,15.139233,104.725361,0, ,0.0,0.0,0.0,0.0,2,3000,0,1,230,0,0,0

STAR,POTE1D,23,5
IF,POTEV,15.364597,105.368411, ,0.0,0.0,3,10000,0,0,0,0,0,0
TF,OSNID,15.363064,105.185464,0, ,0.0,0.0,0.0,0.0,3,6000,0,0,0,0,0,0
TF,SUNIN,15.365125,105.017706,0, ,0.0,0.0,0.0,0.0,2,3000,0,1,230,0,0,0

STAR,VENP1C,05,5
IF,VENPO,15.112494,104.367272, ,0.0,0.0,3,10000,0,0,0,0,0,0
TF,GOPVI,15.126431,104.535397,0, ,0.0,0.0,0.0,0.0,3,7000,0,0,0,0,0,0
TF,ARARA,15.139233,104.725361,0, ,0.0,0.0,0.0,0.0,2,3000,0,1,230,0,0,0

STAR,VENP1D,23,5
IF,VENPO,15.112494,104.367272, ,0.0,0.0,2,14000,0,0,0,0,0,0
TF,UBNES,15.218769,104.544378,0, ,0.0,0.0,0.0,0.0,2,14000,0,0,0,0,0,0
TF,OBKIB,15.320142,104.713694,0, ,0.0,0.0,0.0,0.0,2,10000,0,0,0,0,0,0
TF,RUSTU,15.456833,104.942547,0, ,0.0,0.0,0.0,0.0,2,5000,0,0,0,0,0,0
TF,SUNIN,15.365125,105.017706,0, ,0.0,0.0,0.0,0.0,2,3000,0,1,230,0,0,0

STAR,VESU1C,05,5
IF,VESUD,15.352236,104.648408, ,0.0,0.0,3,5000,0,0,0,0,0,0
TF,AREVU,15.230828,104.650156,0, ,0.0,0.0,0.0,0.0,3,5000,0,0,0,0,0,0
TF,ARARA,15.139233,104.725361,0, ,0.0,0.0,0.0,0.0,2,3000,0,1,230,0,0,0

APPTR,D05,05,BINEK
IF,BINEK,15.358722,104.635208, ,0.0,0.0,2,5000,0,0,0,0,1,0
CI,0, ,0.0,118.0,0,0,0,0,0,0,0,0
AF,D239M,15.129397,104.676194,1,UBL,238.9,13.0,298.0,0,0,0,0,0,0,0,0
CF,NINOM,15.147239,104.705389,0,UBL,238.9,11.0,59.0,2.0,2,3000,0,0,0,0,0,0

APPTR,D05,05,KABUB
IF,KABUB,15.172372,104.591672, ,0.0,0.0,2,5000,0,0,0,0,1,0
TF,NINOM,15.147239,104.705389,0, ,0.0,0.0,0.0,0.0,2,3000,0,0,0,0,0,0

APPTR,D05,05,PEGBI
IF,PEGBI,15.405086,104.666456, ,0.0,0.0,2,5000,0,0,0,0,1,0
CI,0, ,0.0,131.0,0,0,0,0,0,0,0,0
AF,D239M,15.129397,104.676194,1,UBL,238.9,13.0,311.0,0,0,0,0,0,0,0,0
CF,NINOM,15.147239,104.705389,0,UBL,238.9,11.0,59.0,2.0,2,3000,0,0,0,0,0,0

APPTR,D05,05,POVIV
IF,POVIV,15.224058,104.608253, ,0.0,0.0,2,5000,0,0,0,0,1,0
CI,0, ,0.0,86.0,0,0,0,0,0,0,0,0
AF,D239M,15.129397,104.676194,1,UBL,238.9,13.0,266.0,0,0,0,0,0,0,0,0
CF,NINOM,15.147239,104.705389,0,UBL,238.9,11.0,59.0,2.0,2,3000,0,0,0,0,0,0

APPTR,D05,05,UBL1
IF,UBL,15.245194,104.865889, ,0.0,0.0,2,5000,0,0,0,0,1,0
FD,UBL,15.245194,104.865889,0,UBL,0.0,11.0,263.0,11.0,0,0,0,0,0,0,0,0
CF,NINOM,15.147239,104.705389,1,UBL,238.9,11.0,59.0,1.0,2,3000,0,0,0,0,0,0

APPTR,D05,05,UBL2
IF,UBL,15.245194,104.865889, ,0.0,0.0,2,5000,0,0,0,0,1,0
FD,UBL,15.245194,104.865889,0,UBL,0.0,11.0,247.0,11.0,0,0,0,0,0,0,0,0
CF,NINOM,15.147239,104.705389,1,UBL,238.9,11.0,59.0,1.0,2,3000,0,0,0,0,0,0

FINAL,D05,05,D,3
IF,NINOM,15.147239,104.705389,UBL,238.9,11.0,2,3000,0,0,0,0,0,0
CF,MUBDA,15.198050,104.788611,0,UBL,238.9,5.3,59.0,5.7,1,2000,0,0,0,0,2,0
CF,UU051,15.241672,104.860136,0,UBL,238.8,0.4,59.0,4.9,1,461,0,0,0,0,3,0
CA,0,59.0,2,1500,0,0,0,0,0,0
CF,NINOM,15.147239,104.705389,1,UBL,238.9,11.0,239.0,13.0,2,3000,0,1,210,0,0,0
HM,NINOM,15.147239,104.705389,2, ,0.0,0.0,59.0,04.3,2,3000,0,1,230,0,0,0,0

APPTR,D23,23,BINEK
IF,BINEK,15.358722,104.635208, ,0.0,0.0,2,5000,0,0,0,0,1,0
CI,0, ,0.0,118.0,0,0,0,0,0,0,0,0
AF,D049M,15.391314,105.032006,2,UBL,48.8,13.0,298.0,0,0,0,0,0,0,0,0
CF,DUGIL,15.372642,105.010756,0,UBL,48.8,11.3,229.0,1.7,2,3000,0,0,0,0,0,0

APPTR,D23,23,GUNEP
IF,GUNEP,15.305039,105.117094, ,0.0,0.0,2,5000,0,0,0,0,1,0
CI,0, ,0.0,257.0,0,0,0,0,0,0,0,0
AF,D049M,15.391314,105.032006,1,UBL,48.8,13.0,77.0,0,0,0,0,0,0,0,0
CF,DUGIL,15.372642,105.010756,0,UBL,48.8,11.3,229.0,1.7,2,3000,0,0,0,0,0,0

APPTR,D23,23,NOGEK
IF,NOGEK,15.178983,104.616517, ,0.0,0.0,2,5000,0,0,0,0,1,0
CI,0, ,0.0,76.0,0,0,0,0,0,0,0,0
AF,D049M,15.391314,105.032006,2,UBL,48.8,13.0,256.0,0,0,0,0,0,0,0,0
CF,DUGIL,15.372642,105.010756,0,UBL,48.8,11.3,229.0,1.7,2,3000,0,0,0,0,0,0

APPTR,D23,23,PEGBI
IF,PEGBI,15.405086,104.666456, ,0.0,0.0,2,5000,0,0,0,0,1,0
CI,0, ,0.0,131.0,0,0,0,0,0,0,0,0
AF,D049M,15.391314,105.032006,2,UBL,48.8,13.0,311.0,0,0,0,0,0,0,0,0
CF,DUGIL,15.372642,105.010756,0,UBL,48.8,11.3,229.0,1.7,2,3000,0,0,0,0,0,0

APPTR,D23,23,POVIV
IF,POVIV,15.224058,104.608253, ,0.0,0.0,2,5000,0,0,0,0,1,0
CI,0, ,0.0,86.0,0,0,0,0,0,0,0,0
AF,D049M,15.391314,105.032006,2,UBL,48.8,13.0,266.0,0,0,0,0,0,0,0,0
CF,DUGIL,15.372642,105.010756,0,UBL,48.8,11.3,229.0,1.7,2,3000,0,0,0,0,0,0

APPTR,D23,23,UBL1
IF,UBL,15.245194,104.865889, ,0.0,0.0,2,5000,0,0,0,0,1,0
FD,UBL,15.245194,104.865889,0,UBL,0.0,11.3,71.0,11.3,0,0,0,0,0,0,0,0
CF,DUGIL,15.372642,105.010756,1,UBL,48.8,11.3,229.0,1.0,2,3000,0,0,0,0,0,0

APPTR,D23,23,UBL2
IF,UBL,15.245194,104.865889, ,0.0,0.0,2,5000,0,0,0,0,1,0
FD,UBL,15.245194,104.865889,0,UBL,0.0,11.3,57.0,11.3,0,0,0,0,0,0,0,0
CF,DUGIL,15.372642,105.010756,1,UBL,48.8,11.3,229.0,1.0,2,3000,0,0,0,0,0,0

FINAL,D23,23,D,3
IF,DUGIL,15.372642,105.010756,UBL,48.8,11.3,2,3000,0,0,0,0,0,0
CF,MALOL,15.314197,104.944300,0,UBL,48.8,6.1,229.0,5.2,1,2000,0,0,0,0,2,0
CF,UU231,15.259106,104.881711,0,UBL,48.8,1.2,229.0,4.9,1,447,0,0,0,0,3,0
CA,0,229.0,2,1500,0,0,0,0,0,0
CF,DUGIL,15.372642,105.010756,2,UBL,48.8,11.3,49.0,13.0,2,3000,0,1,210,0,0,0
HM,DUGIL,15.372642,105.010756,1, ,0.0,0.0,229.0,04.3,2,3000,0,1,230,0,0,0,0

APPTR,L23-Y,23,BINEK
IF,BINEK,15.358722,104.635208, ,0.0,0.0,2,5000,0,0,0,0,1,0
CI,0, ,0.0,118.0,0,0,0,0,0,0,0,0
AF,D052M,15.382536,105.039772,2,UBL,51.8,13.0,298.0,0,0,0,0,0,0,0,0
CF,SUNIN,15.365125,105.017706,0,IUBL,52.5,12.0,233.0,1.7,2,3000,0,0,0,0,0,0

APPTR,L23-Y,23,GUNEP
IF,GUNEP,15.305039,105.117094, ,0.0,0.0,2,5000,0,0,0,0,1,0
CI,0, ,0.0,257.0,0,0,0,0,0,0,0,0
AF,D052M,15.382536,105.039772,1,UBL,51.8,13.0,77.0,0,0,0,0,0,0,0,0
CF,SUNIN,15.365125,105.017706,0,IUBL,52.5,12.0,233.0,1.7,2,3000,0,0,0,0,0,0

APPTR,L23-Y,23,NOGEK
IF,NOGEK,15.178983,104.616517, ,0.0,0.0,2,5000,0,0,0,0,1,0
CI,0, ,0.0,76.0,0,0,0,0,0,0,0,0
AF,D052M,15.382536,105.039772,2,UBL,51.8,13.0,256.0,0,0,0,0,0,0,0,0
CF,SUNIN,15.365125,105.017706,0,IUBL,52.5,12.0,233.0,1.7,2,3000,0,0,0,0,0,0

APPTR,L23-Y,23,PEGBI
IF,PEGBI,15.405086,104.666456, ,0.0,0.0,2,5000,0,0,0,0,1,0
CI,0, ,0.0,131.0,0,0,0,0,0,0,0,0
AF,D052M,15.382536,105.039772,2,UBL,51.8,13.0,311.0,0,0,0,0,0,0,0,0
CF,SUNIN,15.365125,105.017706,0,IUBL,52.5,12.0,233.0,1.7,2,3000,0,0,0,0,0,0

APPTR,L23-Y,23,POVIV
IF,POVIV,15.224058,104.608253, ,0.0,0.0,2,5000,0,0,0,0,1,0
CI,0, ,0.0,86.0,0,0,0,0,0,0,0,0
AF,D052M,15.382536,105.039772,2,UBL,51.8,13.0,266.0,0,0,0,0,0,0,0,0
CF,SUNIN,15.365125,105.017706,0,IUBL,52.5,12.0,233.0,1.7,2,3000,0,0,0,0,0,0

APPTR,L23-Y,23,UBL1
IF,UBL,15.245194,104.865889, ,0.0,0.0,2,5000,0,0,0,0,1,0
FD,UBL,15.245194,104.865889,0,UBL,0.0,11.3,75.0,11.3,0,0,0,0,0,0,0,0
CF,SUNIN,15.365125,105.017706,1,IUBL,52.5,12.0,233.0,1.0,2,3000,0,0,0,0,0,0

APPTR,L23-Y,23,UBL2
IF,UBL,15.245194,104.865889, ,0.0,0.0,2,5000,0,0,0,0,1,0
FD,UBL,15.245194,104.865889,0,UBL,0.0,11.3,60.0,11.3,0,0,0,0,0,0,0,0
CF,SUNIN,15.365125,105.017706,1,IUBL,52.5,12.0,233.0,1.0,2,3000,0,0,0,0,0,0

FINAL,L23-Y,23,D,3
IF,SUNIN,15.365125,105.017706,IUBL,52.5,12.0,2,3000,0,0,0,0,0,0
CF,UBNON,15.310567,104.946994,0,IUBL,52.5,6.8,233.0,5.2,1,2000,0,0,0,0,2,0
CF,UU230,15.259719,104.881178,0,IUBL,52.5,1.9,233.0,4.9,1,447,0,0,0,0,3,0
CA,0,233.0,2,1500,0,0,0,0,0,0
CF,SUNIN,15.365125,105.017706,2,UBL,51.8,11.4,52.0,13.0,2,3000,0,1,210,0,0,0
HM,SUNIN,15.365125,105.017706,1, ,0.0,0.0,233.0,04.3,2,3000,0,1,230,0,0,0,0

APPTR,L23-Z,23,OPTAD
IF,OPTAD,15.231000,105.127469, ,0.0,0.0,3,6000,0,0,0,0,1,0
TF,SUNIN,15.365125,105.017706,0,IUBL,0.0,0.0,0.0,0.0,2,3000,0,1,230,0,0,0

APPTR,L23-Z,23,OSNID
IF,OSNID,15.363064,105.185464, ,0.0,0.0,3,6000,0,0,0,0,1,0
TF,SUNIN,15.365125,105.017706,0,IUBL,0.0,0.0,0.0,0.0,2,3000,0,1,230,0,0,0

APPTR,L23-Z,23,RUSTU
IF,RUSTU,15.456833,104.942547, ,0.0,0.0,2,5000,0,0,0,0,1,0
TF,SUNIN,15.365125,105.017706,0,IUBL,0.0,0.0,0.0,0.0,2,3000,0,1,230,0,0,0

FINAL,L23-Z,23,D,3
IF,SUNIN,15.365125,105.017706,IUBL,52.5,12.0,2,3000,0,1,230,0,0,0
CF,UBNON,15.310567,104.946994,0,IUBL,52.5,6.8,233.0,5.2,1,2000,0,0,0,0,2,0
CF,UU230,15.259719,104.881178,0,IUBL,52.5,1.9,233.0,4.9,1,447,0,0,0,0,3,1
CA,0,233.0,2,1500,0,0,0,0,0,0
DF,SUNIN,15.365125,105.017706,2, ,0.0,0.0,2,3000,0,1,210,0,0,0
HM,SUNIN,15.365125,105.017706,1, ,0.0,0.0,233.0,04.3,2,3000,0,1,230,0,0,0,0

APPTR,R05,05,AREVU
IF,AREVU,15.230828,104.650156, ,0.0,0.0,3,5000,0,0,0,0,1,0
TF,ARARA,15.139233,104.725361,0, ,0.0,0.0,0.0,0.0,2,3000,0,1,230,0,0,0

APPTR,R05,05,GOPVI
IF,GOPVI,15.126431,104.535397, ,0.0,0.0,3,7000,0,0,0,0,1,0
TF,ARARA,15.139233,104.725361,0, ,0.0,0.0,0.0,0.0,2,3000,0,1,230,0,0,0

APPTR,R05,05,SADUP
IF,SADUP,15.034500,104.811250, ,0.0,0.0,2,5000,0,0,0,0,1,0
TF,ARARA,15.139233,104.725361,0, ,0.0,0.0,0.0,0.0,2,3000,0,1,230,0,0,0

APPTR,R05,05,TOGOK
IF,TOGOK,15.175444,104.521956, ,0.0,0.0,3,7000,0,0,0,0,1,0
TF,ARARA,15.139233,104.725361,0, ,0.0,0.0,0.0,0.0,2,3000,0,1,230,0,0,0

FINAL,R05,05,R,3
IF,ARARA,15.139233,104.725361, ,0.0,0.0,2,3000,0,1,230,0,0,0
TF,SAPIL,15.191736,104.793222,0, ,0.0,0.0,53.0,5.0,1,2000,0,0,0,0,2,0
TF,UU050,15.242825,104.859314,0, ,0.0,0.0,53.0,4.9,1,461,0,0,0,0,3,1
CA,0,53.0,2,1500,0,0,0,0,0,0
DF,ARARA,15.139233,104.725361,1, ,0.0,0.0,2,3000,0,1,210,0,0,0
HM,ARARA,15.139233,104.725361,2, ,0.0,0.0,53.0,04.3,2,3000,0,1,230,0,0,0,0

APPTR,R23,23,OPTAD
IF,OPTAD,15.231000,105.127469, ,0.0,0.0,3,6000,0,0,0,0,1,0
TF,SUNIN,15.365125,105.017706,0, ,0.0,0.0,0.0,0.0,2,3000,0,1,230,0,0,0

APPTR,R23,23,OSNID
IF,OSNID,15.363064,105.185464, ,0.0,0.0,3,6000,0,0,0,0,1,0
TF,SUNIN,15.365125,105.017706,0, ,0.0,0.0,0.0,0.0,2,3000,0,1,230,0,0,0

APPTR,R23,23,RUSTU
IF,RUSTU,15.456833,104.942547, ,0.0,0.0,2,5000,0,0,0,0,1,0
TF,SUNIN,15.365125,105.017706,0, ,0.0,0.0,0.0,0.0,2,3000,0,1,230,0,0,0

FINAL,R23,23,R,3
IF,SUNIN,15.365125,105.017706, ,0.0,0.0,2,3000,0,1,230,0,0,0
TF,UBNON,15.310567,104.946994,0, ,0.0,0.0,233.0,5.2,1,2000,0,0,0,0,2,0
TF,UU230,15.259719,104.881178,0, ,0.0,0.0,233.0,4.9,1,447,0,0,0,0,3,1
CA,0,233.0,2,1500,0,0,0,0,0,0
DF,SUNIN,15.365125,105.017706,2, ,0.0,0.0,2,3000,0,1,210,0,0,0
HM,SUNIN,15.365125,105.017706,1, ,0.0,0.0,233.0,04.3,2,3000,0,1,230,0,0,0,0

