APPTR,D16,16,DWI1
IF,DWI,14.100561,98.206803, ,0.0,0.0,2,4000,0,0,0,0,0,0
FD,DWI,14.100561,98.206803,0,DWI,0.0,7.5,9.0,7.5,2,2300,0,0,0,0,0,0
CF,FF16,14.191581,98.163294,1,DWI,336.0,6.0,156.0,1.5,2,1850,0,0,0,0,0,0

APPTR,D16,16,DWI2
IF,DWI,14.100561,98.206803, ,0.0,0.0,2,4000,0,0,0,0,0,0
FD,DWI,14.100561,98.206803,0,DWI,0.0,7.5,348.0,7.5,2,2300,0,0,0,0,0,0
CF,FF16,14.191581,98.163294,1,DWI,336.0,6.0,156.0,1.5,2,1850,0,0,0,0,0,0

FINAL,D16,16,D,2
IF,FF16,14.191581,98.163294,DWI,336.0,6.0,2,1850,0,0,0,0,2,0
CF,RW16,14.109086,98.201558,0,DWI,330.0,0.6,156.0,5.4,1,123,0,0,0,0,3,0
CF,DWI,14.100561,98.206803,0,DWI,0.0,0.0,156.0,0.6,0,0,0,0,0,0,0,1
CF,D177H,13.966972,98.216369,0,DWI,177.0,8.0,177.0,8.0,0,0,0,0,0,0,0,1
DF,DWI,14.100561,98.206803,2, ,0.0,0.0,1,4000,0,0,0,0,0,0
HM,DWI,14.100561,98.206803,2, ,0.0,0.0,9.0,04.3,2,4000,0,0,0,0,0,0,0

