SID,DOGI1N,35,5
DF,MDN11,21.769639,95.965694,0, ,0.0,0.0,2,700,0,1,205,0,0,1
CF,MDS13,21.602028,96.170194,2,MIA,122.5,12.5,151.0,14.4,0,0,0,0,0,0,0,0
TF,SITHU,21.462361,96.187139,0, ,0.0,0.0,0.0,0.0,2,10000,0,0,0,0,0,0
TF,DOGIP,20.736917,96.274611,0, ,0.0,0.0,0.0,0.0,2,18000,0,0,0,0,0,0

SID,DOGI1S,17,5
CF,MDS02,21.429333,96.028111,0,MIA,171.8,17.1,171.0,15.3,0,0,0,0,0,0,0,0
TF,ZIDAW,21.050944,96.087333,0, ,0.0,0.0,0.0,0.0,2,7000,0,0,0,0,0,0
TF,DOGIP,20.736917,96.274611,0, ,0.0,0.0,0.0,0.0,3,14000,0,0,0,0,0,0

SID,IBON1N,35,5
CF,MDN02,21.965528,95.928028,0,MIA,350.4,15.5,351.0,14.9,2,5500,0,1,205,0,0,0
TF,MDN13,22.336333,96.523833,0, ,0.0,0.0,0.0,0.0,0,0,0,0,0,0,0,0
TF,IBONA,22.351389,96.800000,0, ,0.0,0.0,0.0,0.0,2,25000,0,0,0,0,0,0

SID,IBON1S,17,5
CF,MDS04,21.596583,95.995944,0,MIA,173.3,6.9,171.0,5.2,0,0,0,0,0,0,0,0
TF,MDS10,21.564556,95.820417,0, ,0.0,0.0,0.0,0.0,2,5400,0,1,205,0,0,0
TF,MDN07,21.728750,95.786250,0, ,0.0,0.0,0.0,0.0,2,9000,0,0,0,0,0,0
TF,MDN02,21.965528,95.928028,0, ,0.0,0.0,0.0,0.0,2,12000,0,0,0,0,0,0
TF,MDN13,22.336333,96.523833,0, ,0.0,0.0,0.0,0.0,0,0,0,0,0,0,0,0
TF,IBONA,22.351389,96.800000,0, ,0.0,0.0,0.0,0.0,2,25000,0,0,0,0,0,0

SID,THAZ1N,35,5
DF,MDN11,21.769639,95.965694,0, ,0.0,0.0,2,700,0,1,205,0,0,1
CF,MDS13,21.602028,96.170194,2,MIA,122.5,12.5,151.0,14.4,0,0,0,0,0,0,0,0
TF,MDS14,21.372583,96.317333,0, ,0.0,0.0,0.0,0.0,2,13000,0,0,0,0,0,0
TF,THAZI,21.258667,96.356361,0, ,0.0,0.0,0.0,0.0,0,0,0,0,0,0,0,0

SID,THAZ1S,17,5
CF,MDS02,21.429333,96.028111,0,MIA,171.8,17.1,171.0,15.3,0,0,0,0,0,0,0,0
TF,MDS11,21.338917,96.202083,0, ,0.0,0.0,0.0,0.0,3,6000,0,0,0,0,0,0
TF,THAZI,21.258667,96.356361,0, ,0.0,0.0,0.0,0.0,3,8000,0,0,0,0,0,0

STAR,DOGI1E,17,5
IF,DOGIP,20.736917,96.274611, ,0.0,0.0,2,16000,0,1,230,0,0,0
TF,SITHU,21.462361,96.187139,0, ,0.0,0.0,0.0,0.0,2,14000,0,1,230,0,0,0
TF,MALAY,21.728250,96.154750,0, ,0.0,0.0,0.0,0.0,2,8000,0,1,230,0,0,0
TF,MDN01,21.907778,96.033278,0, ,0.0,0.0,0.0,0.0,2,4200,0,1,230,0,0,0

STAR,DOGI1W,35,5
IF,DOGIP,20.736917,96.274611, ,0.0,0.0,3,16000,0,0,0,0,0,0
TF,ZIDAW,21.050944,96.087333,0, ,0.0,0.0,0.0,0.0,2,8000,0,1,230,0,0,0
TF,MDS02,21.429333,96.028111,0, ,0.0,0.0,0.0,0.0,2,5000,0,1,230,0,0,0

STAR,HEHO1E,17,5
IF,HEHOO,21.355444,96.276028, ,0.0,0.0,2,12000,0,1,230,0,0,0
TF,SITHU,21.462361,96.187139,0, ,0.0,0.0,0.0,0.0,2,12000,0,1,230,0,0,0
TF,MALAY,21.728250,96.154750,0, ,0.0,0.0,0.0,0.0,2,8000,0,1,230,0,0,0
TF,MDN01,21.907778,96.033278,0, ,0.0,0.0,0.0,0.0,2,4200,0,1,230,0,0,0

STAR,IBON1W,35,5
IF,IBONA,22.351389,96.800000, ,0.0,0.0,3,24000,0,0,0,0,0,0
TF,THADU,21.934278,96.129750,0, ,0.0,0.0,0.0,0.0,2,6000,0,0,0,0,0,0
TF,MDS03,21.531139,96.106417,0, ,0.0,0.0,0.0,0.0,2,5000,0,1,230,0,0,0

STAR,THAD1E,17,5
IF,THADU,21.934278,96.129750, ,0.0,0.0,2,6000,0,1,230,0,0,0
TF,MDN01,21.907778,96.033278,0, ,0.0,0.0,0.0,0.0,2,4200,0,1,230,0,0,0

STAR,THAZ1W,35,5
IF,THAZI,21.258667,96.356361, ,0.0,0.0,3,12000,0,1,230,0,0,0
TF,MDS11,21.338917,96.202083,0, ,0.0,0.0,0.0,0.0,3,9000,0,0,0,0,0,0
TF,MDS02,21.429333,96.028111,0, ,0.0,0.0,0.0,0.0,2,5000,0,1,230,0,0,0

APPTR,D17,17,MIA1
IF,MIA,21.711472,95.979014, ,0.0,0.0,2,3000,0,0,0,0,0,0
FC,MIA,21.711472,95.979014,0,MIA,0.0,0.0,16.0,6.4,2,2200,0,0,0,0,0,1
CF,FF17,21.814867,95.949342,1,MIA,346.0,6.4,166.0,1.0,2,2200,0,0,0,0,0,0

APPTR,D17,17,MIA2
IF,MIA,21.711472,95.979014, ,0.0,0.0,2,3000,0,0,0,0,0,0
FC,MIA,21.711472,95.979014,0,MIA,0.0,0.0,1.0,6.4,2,2200,0,0,0,0,0,1
CF,FF17,21.814867,95.949342,1,MIA,346.0,6.4,166.0,1.0,2,2200,0,0,0,0,0,0

FINAL,D17,17,D,2
IF,FF17,21.814867,95.949342,MIA,346.0,6.4,2,2200,0,0,0,0,2,0
CF,MA17,21.738128,95.971367,0,MIA,346.0,1.7,166.0,4.8,1,685,0,0,0,0,3,0
VA,0,166.0,2,2000,0,0,0,0,0,0
DF,MIA,21.711472,95.979014,2, ,0.0,0.0,1,3000,0,0,0,0,0,0
HM,MIA,21.711472,95.979014,2, ,0.0,0.0,16.0,04.3,2,3000,0,0,0,0,0,0,0

APPTR,D35,35,MIA1
IF,MIA,21.711472,95.979014, ,0.0,0.0,2,3000,0,0,0,0,0,0
FC,MIA,21.711472,95.979014,0,MIA,0.0,0.0,203.0,7.6,2,2200,0,0,0,0,0,1
CF,FF35,21.585589,95.997928,1,MIA,173.0,7.6,353.0,1.0,2,2200,0,0,0,0,0,0

APPTR,D35,35,MIA2
IF,MIA,21.711472,95.979014, ,0.0,0.0,2,3000,0,0,0,0,0,0
FC,MIA,21.711472,95.979014,0,MIA,0.0,0.0,188.0,7.6,2,2200,0,0,0,0,0,1
CF,FF35,21.585589,95.997928,1,MIA,173.0,7.6,353.0,1.0,2,2200,0,0,0,0,0,0

FINAL,D35,35,D,2
IF,FF35,21.585589,95.997928,MIA,173.0,7.6,2,2200,0,0,0,0,2,0
CF,MA35,21.666253,95.985811,0,MIA,173.0,2.7,353.0,4.9,1,663,0,0,0,0,3,0
VA,0,353.0,2,2000,0,0,0,0,0,0
DF,MIA,21.711472,95.979014,1, ,0.0,0.0,1,3000,0,0,0,0,0,0
HM,MIA,21.711472,95.979014,2, ,0.0,0.0,203.0,04.3,2,3000,0,0,0,0,0,0,0

APPTR,I17,17,TADAU
HF,TADAU,21.875653,95.944822,2, ,0.0,0.0,171.0,04.3,2,4000,0,0,0,0,0,0,0

FINAL,I17,17,I,3
IF,TADAU,21.875653,95.944822,IMIA,351.2,11.9,2,3350,0,0,0,0,0,0
CF,FI17,21.835108,95.951747,0,IMIA,351.0,9.5,171.0,2.5,1,2570,0,0,0,0,2,0
CF,RW17,21.720058,95.974011,0,IMIA,351.5,2.5,171.0,7.0,1,339,0,0,0,0,3,0
VA,0,171.0,2,2000,0,0,0,0,0,0
DF,TADAU,21.875653,95.944822,2, ,0.0,0.0,1,4000,0,0,0,0,0,0
HM,TADAU,21.875653,95.944822,2, ,0.0,0.0,171.0,04.3,2,4000,0,0,0,0,0,0,0

APPTR,Q17,17,MIA1
IF,MIA,21.688147,95.986858, ,0.0,0.0,2,3000,0,0,0,0,0,0
FC,MIA,21.688147,95.986858,0,MIA,0.0,0.0,17.0,7.9,0,0,0,0,0,0,0,1
CF,FQ17,21.815681,95.952803,1,MIA,347.8,6.4,167.0,1.0,2,2200,0,0,0,0,0,0

APPTR,Q17,17,MIA2
IF,MIA,21.688147,95.986858, ,0.0,0.0,2,3000,0,0,0,0,0,0
FC,MIA,21.688147,95.986858,0,MIA,0.0,0.0,2.0,7.9,0,0,0,0,0,0,0,1
CF,FQ17,21.815681,95.952803,1,MIA,347.8,6.4,167.0,1.0,2,2200,0,0,0,0,0,0

FINAL,Q17,17,N,2
IF,FQ17,21.815681,95.952803,MIA,0.0,0.0,2,2200,0,0,0,0,2,0
CF,MQ17,21.738567,95.973403,0,MIA,0.0,1.6,167.0,4.8,1,687,0,0,0,0,3,0
VA,0,167.0,2,2000,0,0,0,0,0,0
DF,MIA,21.688147,95.986858,2, ,0.0,0.0,1,3000,0,0,0,0,0,0
HM,MIA,21.688147,95.986858,2, ,0.0,0.0,17.0,04.3,2,3000,0,0,0,0,0,0,0

APPTR,Q35,35,MIA1
IF,MIA,21.688147,95.986858, ,0.0,0.0,2,3000,0,0,0,0,0,0
FC,MIA,21.688147,95.986858,0,MIA,0.0,0.0,208.0,6.2,0,0,0,0,0,0,0,1
CF,FQ35,21.584992,95.992636,1,MIA,175.3,7.6,358.0,1.0,2,2200,0,0,0,0,0,0

APPTR,Q35,35,MIA2
IF,MIA,21.688147,95.986858, ,0.0,0.0,2,3000,0,0,0,0,0,0
FC,MIA,21.688147,95.986858,0,MIA,0.0,0.0,193.0,6.2,0,0,0,0,0,0,0,1
CF,FQ35,21.584992,95.992636,1,MIA,175.3,7.6,358.0,1.0,2,2200,0,0,0,0,0,0

FINAL,Q35,35,N,2
IF,FQ35,21.584992,95.992636,MIA,0.0,0.0,2,2200,0,0,0,0,2,0
CF,MQ35,21.657008,95.988603,0,MIA,0.0,3.3,358.0,4.3,1,841,0,0,0,0,3,0
VA,0,358.0,2,2000,0,0,0,0,0,0
DF,MIA,21.688147,95.986858,1, ,0.0,0.0,1,3000,0,0,0,0,0,0
HM,MIA,21.688147,95.986858,2, ,0.0,0.0,208.0,04.3,2,3000,0,0,0,0,0,0,0

APPTR,R17,17,MDN02
IF,MDN02,21.965528,95.928028, ,0.0,0.0,0,0,0,1,230,0,1,0
TF,MDN05,21.883444,95.945139,0, ,0.0,0.0,0.0,0.0,2,2800,0,1,200,0,1,0

APPTR,R17,17,MDN03
IF,MDN03,21.867028,95.854889, ,0.0,0.0,0,0,0,1,230,0,1,0
TF,MDN05,21.883444,95.945139,0, ,0.0,0.0,0.0,0.0,2,2800,0,1,200,0,1,0

APPTR,R17,17,THADU
IF,THADU,21.934278,96.129750, ,0.0,0.0,2,6000,0,1,230,0,0,0
TF,MDN01,21.907778,96.033278,0, ,0.0,0.0,0.0,0.0,2,4200,0,1,230,0,1,0
TF,MDN05,21.883444,95.945139,0, ,0.0,0.0,0.0,0.0,2,2800,0,1,200,0,1,0

FINAL,R17,17,R,3
IF,MDN05,21.883444,95.945139, ,0.0,0.0,2,2800,0,1,200,0,0,0
TF,MDN04,21.806222,95.958833,0, ,0.0,0.0,171.0,4.7,1,2000,0,0,0,0,2,0
TF,RW17,21.720058,95.974011,0, ,0.0,0.0,171.0,5.2,1,336,0,0,0,0,3,1
CF,MDS07,21.637556,95.988722,0,MIA,174.0,4.5,171.0,5.0,2,1400,0,0,0,0,0,0
TF,MDS08,21.605556,95.813139,0, ,0.0,0.0,0.0,0.0,2,2900,0,1,210,0,0,0
TF,MDS09,21.710639,95.791278,0, ,0.0,0.0,0.0,0.0,2,3000,0,1,230,0,0,1
HM,MDS09,21.710639,95.791278,2, ,0.0,0.0,50.0,04.3,2,3000,0,1,230,0,0,0,0

APPTR,R35,35,MDS01
IF,MDS01,21.496278,95.914806, ,0.0,0.0,2,5000,0,1,230,0,1,0
TF,MDS05,21.513722,96.010583,0, ,0.0,0.0,0.0,0.0,2,3000,0,1,200,0,1,0

APPTR,R35,35,MDS02
IF,MDS02,21.429333,96.028111, ,0.0,0.0,2,5000,0,1,230,0,1,0
TF,MDS05,21.513722,96.010583,0, ,0.0,0.0,0.0,0.0,2,3000,0,1,200,0,1,0

APPTR,R35,35,MDS03
IF,MDS03,21.531139,96.106417, ,0.0,0.0,2,5000,0,1,230,0,1,0
TF,MDS05,21.513722,96.010583,0, ,0.0,0.0,0.0,0.0,2,3000,0,1,200,0,1,0

FINAL,R35,35,R,3
IF,MDS05,21.513722,96.010583, ,0.0,0.0,2,3000,0,1,200,0,0,0
TF,MDS04,21.596583,95.995944,0, ,0.0,0.0,352.0,5.0,1,2000,0,0,0,0,2,0
TF,RW35,21.682033,95.980744,0, ,0.0,0.0,352.0,5.2,1,351,0,0,0,0,3,1
CF,MDN08,21.760111,95.948722,0,MIA,330.8,3.4,340.0,5.0,2,1400,0,0,0,0,0,0
TF,MDN09,21.700083,95.781639,0, ,0.0,0.0,0.0,0.0,2,2900,0,1,210,0,0,0
TF,MDN10,21.622028,95.813694,0, ,0.0,0.0,0.0,0.0,2,3600,0,1,230,0,0,1
HM,MDN10,21.622028,95.813694,2, ,0.0,0.0,110.0,04.3,3,4000,0,1,230,0,0,0,0

