SID,FILM1A,11,2
VA,0,107.0,2,2500,0,0,0,0,0,0
DF,BIK,-1.182472,136.086139,1, ,0.0,0.0,2,4000,0,0,0,0,0,0
TF,FILMO,-0.786667,134.466667,0, ,0.0,0.0,0.0,0.0,0,0,0,0,0,0,0,0

SID,FILM1B,29,2
DF,BIK,-1.182472,136.086139,0, ,0.0,0.0,0,0,0,0,0,0,0,0
TF,FILMO,-0.786667,134.466667,0, ,0.0,0.0,0.0,0.0,0,0,0,0,0,0,0,0

SID,FILM1C,29,2
VA,0,287.0,2,2500,0,0,0,0,0,0
IF,BIK,-1.182472,136.086139, ,0.0,0.0,0,0,0,0,0,0,0,0
TF,FILMO,-0.786667,134.466667,0, ,0.0,0.0,0.0,0.0,0,0,0,0,0,0,0,0

SID,FILM1D,29,2
VA,0,287.0,2,2500,0,0,0,0,0,0
DF,BIK,-1.182472,136.086139,2, ,0.0,0.0,2,4000,0,0,0,0,0,0
VI,2, ,0.0,312.0,0,0,0,0,0,0,0,0
IF,BIK,-1.182472,136.086139, ,0.0,0.0,0,0,0,0,0,0,0,0
TF,FILMO,-0.786667,134.466667,0, ,0.0,0.0,0.0,0.0,0,0,0,0,0,0,0,0

SID,FILM1F,11,5
CA,0,108.0,2,2000,0,0,0,0,0,0
DF,ISNUN,-1.075000,136.283056,0, ,0.0,0.0,0,0,0,1,250,0,0,0
TF,BUNTI,-0.870833,135.864722,0, ,0.0,0.0,0.0,0.0,0,0,0,0,0,0,0,0
TF,FILMO,-0.786667,134.466667,0, ,0.0,0.0,0.0,0.0,0,0,0,0,0,0,0,0

SID,FILM1G,29,5
CA,0,288.0,2,2000,0,0,0,0,0,0
DF,VARBA,-1.076389,135.623611,0, ,0.0,0.0,0,0,0,0,0,0,0,0
TF,KIBUM,-0.920833,134.825556,0, ,0.0,0.0,0.0,0.0,2,23000,0,0,0,0,0,0
TF,FILMO,-0.786667,134.466667,0, ,0.0,0.0,0.0,0.0,0,0,0,0,0,0,0,0

SID,IBOG1E,11,2
VA,0,107.0,2,2500,0,0,0,0,0,0
DF,BIK,-1.182472,136.086139,1, ,0.0,0.0,2,4000,0,0,0,0,0,0
VI,1, ,0.0,135.0,0,0,0,0,0,0,0,0
IF,BIK,-1.182472,136.086139, ,0.0,0.0,0,0,0,0,0,0,0,0
TF,IBOGO,-2.812778,136.467222,0, ,0.0,0.0,0.0,0.0,0,0,0,0,0,0,0,0

SID,IBOG1F,11,2
VA,0,107.0,2,540,0,0,0,0,0,0
VI,0, ,0.0,195.0,0,0,0,0,0,0,0,0
IF,BIK,-1.182472,136.086139, ,0.0,0.0,0,0,0,0,0,0,0,0
TF,IBOGO,-2.812778,136.467222,0, ,0.0,0.0,0.0,0.0,0,0,0,0,0,0,0,0

SID,IBOG1G,29,2
DF,BIK,-1.182472,136.086139,0, ,0.0,0.0,0,0,0,0,0,0,0,0
VI,1, ,0.0,135.0,0,0,0,0,0,0,0,0
IF,BIK,-1.182472,136.086139, ,0.0,0.0,0,0,0,0,0,0,0,0
TF,IBOGO,-2.812778,136.467222,0, ,0.0,0.0,0.0,0.0,0,0,0,0,0,0,0,0

SID,IBOG1H,29,2
VA,0,287.0,2,2500,0,0,0,0,0,0
VI,1, ,0.0,135.0,0,0,0,0,0,0,0,0
IF,BIK,-1.182472,136.086139, ,0.0,0.0,0,0,0,0,0,0,0,0
TF,IBOGO,-2.812778,136.467222,0, ,0.0,0.0,0.0,0.0,0,0,0,0,0,0,0,0

SID,IBOG1J,29,2
VA,0,287.0,2,2500,0,0,0,0,0,0
DF,BIK,-1.182472,136.086139,2, ,0.0,0.0,2,4000,0,0,0,0,0,0
TF,IBOGO,-2.812778,136.467222,0, ,0.0,0.0,0.0,0.0,0,0,0,0,0,0,0,0

SID,IBOG1L,11,5
CA,0,108.0,2,2000,0,0,0,0,0,0
DF,KEXOM,-1.548611,136.123056,0, ,0.0,0.0,3,7000,0,0,0,0,0,0
TF,BOGIL,-2.541667,136.238889,0, ,0.0,0.0,0.0,0.0,2,23000,0,0,0,0,0,0
TF,IBOGO,-2.812778,136.467222,0, ,0.0,0.0,0.0,0.0,0,0,0,0,0,0,0,0

SID,IBOG1M,29,5
CA,0,288.0,2,2000,0,0,0,0,0,0
DF,GUKSO,-1.413889,135.889167,0, ,0.0,0.0,3,7000,0,0,0,0,0,0
TF,TAMIK,-1.530556,136.141667,0, ,0.0,0.0,0.0,0.0,2,12000,0,0,0,0,0,0
TF,ATMEL,-2.498333,136.238333,0, ,0.0,0.0,0.0,0.0,2,23000,0,0,0,0,0,0
TF,IBOGO,-2.812778,136.467222,0, ,0.0,0.0,0.0,0.0,0,0,0,0,0,0,0,0

SID,JODR1A,11,2
VA,0,107.0,2,2500,0,0,0,0,0,0
DF,BIK,-1.182472,136.086139,1, ,0.0,0.0,2,4000,0,0,0,0,0,0
VI,1, ,0.0,76.0,0,0,0,0,0,0,0,0
IF,BIK,-1.182472,136.086139, ,0.0,0.0,0,0,0,0,0,0,0,0
TF,JODRA,-1.777500,137.958889,0, ,0.0,0.0,0.0,0.0,0,0,0,0,0,0,0,0

SID,JODR1B,11,2
VA,0,107.0,2,540,0,0,0,0,0,0
IF,BIK,-1.182472,136.086139, ,0.0,0.0,0,0,0,0,0,0,0,0
TF,JODRA,-1.777500,137.958889,0, ,0.0,0.0,0.0,0.0,0,0,0,0,0,0,0,0

SID,JODR1C,29,2
DF,BIK,-1.182472,136.086139,0, ,0.0,0.0,0,0,0,0,0,0,0,0
VI,1, ,0.0,76.0,0,0,0,0,0,0,0,0
IF,BIK,-1.182472,136.086139, ,0.0,0.0,0,0,0,0,0,0,0,0
TF,JODRA,-1.777500,137.958889,0, ,0.0,0.0,0.0,0.0,0,0,0,0,0,0,0,0

SID,JODR1D,29,2
VA,0,287.0,2,2500,0,0,0,0,0,0
VI,1, ,0.0,76.0,0,0,0,0,0,0,0,0
IF,BIK,-1.182472,136.086139, ,0.0,0.0,0,0,0,0,0,0,0,0
TF,JODRA,-1.777500,137.958889,0, ,0.0,0.0,0.0,0.0,0,0,0,0,0,0,0,0

SID,JODR1E,29,2
VA,0,287.0,2,2500,0,0,0,0,0,0
DF,BIK,-1.182472,136.086139,2, ,0.0,0.0,2,4000,0,0,0,0,0,0
TF,JODRA,-1.777500,137.958889,0, ,0.0,0.0,0.0,0.0,0,0,0,0,0,0,0,0

SID,JODR1G,11,5
CA,0,108.0,2,2000,0,0,0,0,0,0
DF,IRSIM,-1.345000,136.586111,0, ,0.0,0.0,0,0,0,0,0,0,0,0
TF,GIXAR,-1.627778,137.746389,0, ,0.0,0.0,0.0,0.0,2,23000,0,0,0,0,0,0
TF,JODRA,-1.777500,137.958889,0, ,0.0,0.0,0.0,0.0,0,0,0,0,0,0,0,0

SID,JODR1H,29,5
CA,0,288.0,2,2000,0,0,0,0,0,0
DF,ARIMO,-0.878889,136.076111,0, ,0.0,0.0,3,7000,0,0,0,0,0,0
TF,LEVPO,-1.058889,136.591944,2, ,0.0,0.0,0.0,0.0,0,0,0,0,0,0,0,0
TF,SURAL,-1.598889,137.784167,0, ,0.0,0.0,0.0,0.0,2,23000,0,0,0,0,0,0
TF,JODRA,-1.777500,137.958889,0, ,0.0,0.0,0.0,0.0,0,0,0,0,0,0,0,0

SID,LINL1A,11,2
VA,0,107.0,2,2500,0,0,0,0,0,0
DF,BIK,-1.182472,136.086139,1, ,0.0,0.0,2,4000,0,0,0,0,0,0
VI,1, ,0.0,104.0,0,0,0,0,0,0,0,0
IF,BIK,-1.182472,136.086139, ,0.0,0.0,0,0,0,0,0,0,0,0
TF,LINLU,-2.374722,137.255000,0, ,0.0,0.0,0.0,0.0,0,0,0,0,0,0,0,0

SID,LINL1B,11,2
VA,0,107.0,2,540,0,0,0,0,0,0
IF,BIK,-1.182472,136.086139, ,0.0,0.0,0,0,0,0,0,0,0,0
TF,LINLU,-2.374722,137.255000,0, ,0.0,0.0,0.0,0.0,0,0,0,0,0,0,0,0

SID,LINL1C,29,2
DF,BIK,-1.182472,136.086139,0, ,0.0,0.0,0,0,0,0,0,0,0,0
VI,1, ,0.0,104.0,0,0,0,0,0,0,0,0
IF,BIK,-1.182472,136.086139, ,0.0,0.0,0,0,0,0,0,0,0,0
TF,LINLU,-2.374722,137.255000,0, ,0.0,0.0,0.0,0.0,0,0,0,0,0,0,0,0

SID,LINL1D,29,2
VA,0,287.0,2,2500,0,0,0,0,0,0
VI,1, ,0.0,104.0,0,0,0,0,0,0,0,0
IF,BIK,-1.182472,136.086139, ,0.0,0.0,0,0,0,0,0,0,0,0
TF,LINLU,-2.374722,137.255000,0, ,0.0,0.0,0.0,0.0,0,0,0,0,0,0,0,0

SID,LINL1E,29,2
VA,0,287.0,2,2500,0,0,0,0,0,0
DF,BIK,-1.182472,136.086139,2, ,0.0,0.0,2,4000,0,0,0,0,0,0
TF,LINLU,-2.374722,137.255000,0, ,0.0,0.0,0.0,0.0,0,0,0,0,0,0,0,0

SID,LINL1G,11,5
CA,0,108.0,2,2000,0,0,0,0,0,0
DF,IRSIM,-1.345000,136.586111,0, ,0.0,0.0,0,0,0,0,0,0,0,0
TF,AGIBA,-1.698333,136.900278,0, ,0.0,0.0,0.0,0.0,3,15000,0,0,0,0,0,0
TF,SUTBI,-2.095000,137.253333,0, ,0.0,0.0,0.0,0.0,2,23000,0,0,0,0,0,0
TF,LINLU,-2.374722,137.255000,0, ,0.0,0.0,0.0,0.0,0,0,0,0,0,0,0,0

SID,LINL1H,29,5
CA,0,288.0,2,2000,0,0,0,0,0,0
DF,GUKSO,-1.413889,135.889167,0, ,0.0,0.0,3,7000,0,0,0,0,0,0
TF,TAMIK,-1.530556,136.141667,0, ,0.0,0.0,0.0,0.0,2,12000,0,0,0,0,0,0
TF,VEVIR,-1.746389,136.356389,0, ,0.0,0.0,0.0,0.0,2,15000,0,0,0,0,0,0
TF,BENRA,-2.340833,136.948611,0, ,0.0,0.0,0.0,0.0,2,23000,0,0,0,0,0,0
TF,LINLU,-2.374722,137.255000,0, ,0.0,0.0,0.0,0.0,0,0,0,0,0,0,0,0

SID,NOBY1A,11,2
VA,0,107.0,2,2500,0,0,0,0,0,0
DF,BIK,-1.182472,136.086139,1, ,0.0,0.0,2,4000,0,0,0,0,0,0
TF,NOBBY,-2.798333,135.648333,0, ,0.0,0.0,0.0,0.0,0,0,0,0,0,0,0,0

SID,NOBY1B,11,2
VA,0,107.0,2,540,0,0,0,0,0,0
VI,2, ,0.0,224.0,0,0,0,0,0,0,0,0
IF,BIK,-1.182472,136.086139, ,0.0,0.0,0,0,0,0,0,0,0,0
TF,NOBBY,-2.798333,135.648333,0, ,0.0,0.0,0.0,0.0,0,0,0,0,0,0,0,0

SID,NOBY1C,29,2
DF,BIK,-1.182472,136.086139,0, ,0.0,0.0,0,0,0,0,0,0,0,0
VI,1, ,0.0,164.0,0,0,0,0,0,0,0,0
IF,BIK,-1.182472,136.086139, ,0.0,0.0,0,0,0,0,0,0,0,0
TF,NOBBY,-2.798333,135.648333,0, ,0.0,0.0,0.0,0.0,0,0,0,0,0,0,0,0

SID,NOBY1D,29,2
VA,0,287.0,2,2500,0,0,0,0,0,0
VI,1, ,0.0,164.0,0,0,0,0,0,0,0,0
IF,BIK,-1.182472,136.086139, ,0.0,0.0,0,0,0,0,0,0,0,0
TF,NOBBY,-2.798333,135.648333,0, ,0.0,0.0,0.0,0.0,0,0,0,0,0,0,0,0

SID,NOBY1E,29,2
VA,0,287.0,2,2500,0,0,0,0,0,0
DF,BIK,-1.182472,136.086139,2, ,0.0,0.0,2,4000,0,0,0,0,0,0
TF,NOBBY,-2.798333,135.648333,0, ,0.0,0.0,0.0,0.0,0,0,0,0,0,0,0,0

SID,NOBY1G,11,5
CA,0,108.0,2,2000,0,0,0,0,0,0
DF,KEXOM,-1.548611,136.123056,0, ,0.0,0.0,3,7000,0,0,0,0,0,0
TF,SABEV,-1.824722,136.060278,0, ,0.0,0.0,0.0,0.0,0,0,0,0,0,0,0,0
TF,TOLUR,-2.528056,135.901111,0, ,0.0,0.0,0.0,0.0,2,23000,0,0,0,0,0,0
TF,NOBBY,-2.798333,135.648333,0, ,0.0,0.0,0.0,0.0,0,0,0,0,0,0,0,0

SID,NOBY1H,29,5
CA,0,288.0,2,2000,0,0,0,0,0,0
DF,GUKSO,-1.413889,135.889167,0, ,0.0,0.0,3,7000,0,0,0,0,0,0
TF,GURTO,-1.697222,135.885278,0, ,0.0,0.0,0.0,0.0,0,0,0,0,0,0,0,0
TF,OTLIR,-2.492778,135.874444,0, ,0.0,0.0,0.0,0.0,2,23000,0,0,0,0,0,0
TF,NOBBY,-2.798333,135.648333,0, ,0.0,0.0,0.0,0.0,0,0,0,0,0,0,0,0

SID,ONTA1A,11,2
VA,0,107.0,2,2500,0,0,0,0,0,0
DF,BIK,-1.182472,136.086139,1, ,0.0,0.0,2,4000,0,0,0,0,0,0
TF,ONTAL,-1.683889,134.512778,0, ,0.0,0.0,0.0,0.0,0,0,0,0,0,0,0,0

SID,ONTA1B,11,2
VA,0,107.0,2,540,0,0,0,0,0,0
VI,2, ,0.0,281.0,0,0,0,0,0,0,0,0
IF,BIK,-1.182472,136.086139, ,0.0,0.0,0,0,0,0,0,0,0,0
TF,ONTAL,-1.683889,134.512778,0, ,0.0,0.0,0.0,0.0,0,0,0,0,0,0,0,0

SID,ONTA1C,29,2
VA,0,287.0,2,2500,0,0,0,0,0,0
VI,0, ,0.0,221.0,0,0,0,0,0,0,0,0
IF,BIK,-1.182472,136.086139, ,0.0,0.0,0,0,0,0,0,0,0,0
TF,ONTAL,-1.683889,134.512778,0, ,0.0,0.0,0.0,0.0,0,0,0,0,0,0,0,0

SID,ONTA1D,29,2
VA,0,287.0,2,2500,0,0,0,0,0,0
DF,BIK,-1.182472,136.086139,2, ,0.0,0.0,2,4000,0,0,0,0,0,0
TF,ONTAL,-1.683889,134.512778,0, ,0.0,0.0,0.0,0.0,0,0,0,0,0,0,0,0

SID,ONTA1E,29,2
DF,BIK,-1.182472,136.086139,0, ,0.0,0.0,0,0,0,0,0,0,0,0
TF,ONTAL,-1.683889,134.512778,0, ,0.0,0.0,0.0,0.0,0,0,0,0,0,0,0,0

SID,ONTA1G,11,5
CA,0,108.0,2,2000,0,0,0,0,0,0
DF,KEXOM,-1.548611,136.123056,0, ,0.0,0.0,3,7000,0,0,0,0,0,0
TF,RUVAK,-1.449444,135.839722,2, ,0.0,0.0,0.0,0.0,2,12000,0,0,0,0,0,0
TF,ENSAD,-1.784444,134.795833,0, ,0.0,0.0,0.0,0.0,2,23000,0,0,0,0,0,0
TF,ONTAL,-1.683889,134.512778,0, ,0.0,0.0,0.0,0.0,0,0,0,0,0,0,0,0

SID,ONTA1H,29,5
CA,0,288.0,2,2000,0,0,0,0,0,0
DF,VARBA,-1.076389,135.623611,0, ,0.0,0.0,0,0,0,0,0,0,0,0
TF,PINIV,-1.223889,135.322500,0, ,0.0,0.0,0.0,0.0,3,14000,0,0,0,0,0,0
TF,ISPOS,-1.541944,134.673333,0, ,0.0,0.0,0.0,0.0,2,23000,0,0,0,0,0,0
TF,ONTAL,-1.683889,134.512778,0, ,0.0,0.0,0.0,0.0,0,0,0,0,0,0,0,0

SID,PEBD1A,11,2
VA,0,107.0,2,2500,0,0,0,0,0,0
DF,BIK,-1.182472,136.086139,1, ,0.0,0.0,2,4000,0,0,0,0,0,0
TF,PEBDA,-2.398889,134.938056,0, ,0.0,0.0,0.0,0.0,0,0,0,0,0,0,0,0

SID,PEBD1B,11,2
VA,0,107.0,2,540,0,0,0,0,0,0
VI,2, ,0.0,252.0,0,0,0,0,0,0,0,0
IF,BIK,-1.182472,136.086139, ,0.0,0.0,0,0,0,0,0,0,0,0
TF,PEBDA,-2.398889,134.938056,0, ,0.0,0.0,0.0,0.0,0,0,0,0,0,0,0,0

SID,PEBD1C,29,2
VA,0,287.0,2,2500,0,0,0,0,0,0
VI,1, ,0.0,192.0,0,0,0,0,0,0,0,0
IF,BIK,-1.182472,136.086139, ,0.0,0.0,0,0,0,0,0,0,0,0
TF,PEBDA,-2.398889,134.938056,0, ,0.0,0.0,0.0,0.0,0,0,0,0,0,0,0,0

SID,PEBD1D,29,2
VA,0,287.0,2,2500,0,0,0,0,0,0
DF,BIK,-1.182472,136.086139,2, ,0.0,0.0,2,4000,0,0,0,0,0,0
TF,PEBDA,-2.398889,134.938056,0, ,0.0,0.0,0.0,0.0,0,0,0,0,0,0,0,0

SID,PEBD1E,29,2
DF,BIK,-1.182472,136.086139,0, ,0.0,0.0,0,0,0,0,0,0,0,0
TF,PEBDA,-2.398889,134.938056,0, ,0.0,0.0,0.0,0.0,0,0,0,0,0,0,0,0

SID,PEBD1G,11,5
CA,0,108.0,2,2000,0,0,0,0,0,0
DF,KEXOM,-1.548611,136.123056,0, ,0.0,0.0,3,7000,0,0,0,0,0,0
TF,RUVAK,-1.449444,135.839722,2, ,0.0,0.0,0.0,0.0,2,12000,0,0,0,0,0,0
TF,ENSAD,-1.784444,134.795833,0, ,0.0,0.0,0.0,0.0,2,23000,0,0,0,0,0,0
TF,PEBDA,-2.398889,134.938056,0, ,0.0,0.0,0.0,0.0,0,0,0,0,0,0,0,0

SID,PEBD1H,29,5
CA,0,288.0,2,2000,0,0,0,0,0,0
DF,VARBA,-1.076389,135.623611,0, ,0.0,0.0,0,0,0,0,0,0,0,0
TF,PINIV,-1.223889,135.322500,0, ,0.0,0.0,0.0,0.0,3,14000,0,0,0,0,0,0
TF,ISPOS,-1.541944,134.673333,0, ,0.0,0.0,0.0,0.0,2,23000,0,0,0,0,0,0
TF,PEBDA,-2.398889,134.938056,0, ,0.0,0.0,0.0,0.0,0,0,0,0,0,0,0,0

SID,SEGL1A,11,2
VA,0,107.0,2,2500,0,0,0,0,0,0
DF,BIK,-1.182472,136.086139,1, ,0.0,0.0,2,4000,0,0,0,0,0,0
TF,SEGLO,-0.943333,134.438611,0, ,0.0,0.0,0.0,0.0,0,0,0,0,0,0,0,0

SID,SEGL1B,29,2
DF,BIK,-1.182472,136.086139,0, ,0.0,0.0,0,0,0,0,0,0,0,0
TF,SEGLO,-0.943333,134.438611,0, ,0.0,0.0,0.0,0.0,0,0,0,0,0,0,0,0

SID,SEGL1C,29,2
VA,0,287.0,2,2500,0,0,0,0,0,0
IF,BIK,-1.182472,136.086139, ,0.0,0.0,0,0,0,0,0,0,0,0
TF,SEGLO,-0.943333,134.438611,0, ,0.0,0.0,0.0,0.0,0,0,0,0,0,0,0,0

SID,SEGL1D,29,2
VA,0,287.0,2,2500,0,0,0,0,0,0
DF,BIK,-1.182472,136.086139,2, ,0.0,0.0,2,4000,0,0,0,0,0,0
VI,2, ,0.0,307.0,0,0,0,0,0,0,0,0
IF,BIK,-1.182472,136.086139, ,0.0,0.0,0,0,0,0,0,0,0,0
TF,SEGLO,-0.943333,134.438611,0, ,0.0,0.0,0.0,0.0,0,0,0,0,0,0,0,0

SID,SEGL1F,11,5
CA,0,108.0,2,2000,0,0,0,0,0,0
DF,KEXOM,-1.548611,136.123056,0, ,0.0,0.0,3,7000,0,0,0,0,0,0
TF,RUVAK,-1.449444,135.839722,2, ,0.0,0.0,0.0,0.0,2,12000,0,0,0,0,0,0
TF,VIKEL,-1.174444,135.078611,0, ,0.0,0.0,0.0,0.0,2,23000,0,0,0,0,0,0
TF,SEGLO,-0.943333,134.438611,0, ,0.0,0.0,0.0,0.0,0,0,0,0,0,0,0,0

SID,SEGL1G,29,5
CA,0,288.0,2,2000,0,0,0,0,0,0
DF,VARBA,-1.076389,135.623611,0, ,0.0,0.0,0,0,0,0,0,0,0,0
TF,KIBUM,-0.920833,134.825556,0, ,0.0,0.0,0.0,0.0,2,23000,0,0,0,0,0,0
TF,SEGLO,-0.943333,134.438611,0, ,0.0,0.0,0.0,0.0,0,0,0,0,0,0,0,0

STAR,FILM1E,ALL,2
IF,FILMO,-0.786667,134.466667, ,0.0,0.0,0,0,0,0,0,0,0,0
TF,BI60A,-0.710544,135.204717,0, ,0.0,0.0,0.0,0.0,0,0,0,0,0,0,0,0
TF,BIK,-1.182472,136.086139,0, ,0.0,0.0,0.0,0.0,0,0,0,0,0,0,0,0

STAR,FILM1H,11,5
IF,FILMO,-0.786667,134.466667, ,0.0,0.0,0,0,0,0,0,0,0,0
TF,AKDIL,-1.017222,135.101111,0, ,0.0,0.0,0.0,0.0,3,22000,0,0,0,0,0,0
TF,RILGA,-1.101139,135.853583,0, ,0.0,0.0,0.0,0.0,2,3000,0,0,0,0,0,0

STAR,FILM1J,29,5
IF,FILMO,-0.786667,134.466667, ,0.0,0.0,0,0,0,0,0,0,0,0
TF,PARTA,-0.748611,134.748333,0, ,0.0,0.0,0.0,0.0,3,22000,0,0,0,0,0,0
TF,IGOLA,-0.878056,135.720833,0, ,0.0,0.0,0.0,0.0,0,0,0,0,0,0,0,0
TF,AKMES,-1.011944,136.103611,0, ,0.0,0.0,0.0,0.0,2,11000,0,0,0,0,0,0
TF,NONIG,-1.116389,136.402500,0, ,0.0,0.0,0.0,0.0,0,0,0,0,0,0,0,0
TF,HADEE,-1.273806,136.347417,0, ,0.0,0.0,0.0,0.0,0,0,0,0,0,0,0,0

STAR,IBOG1K,ALL,2
IF,IBOGO,-2.812778,136.467222, ,0.0,0.0,0,0,0,0,0,0,0,0
TF,BI60C,-2.052706,136.585556,0, ,0.0,0.0,0.0,0.0,0,0,0,0,0,0,0,0
TF,BIK,-1.182472,136.086139,0, ,0.0,0.0,0.0,0.0,0,0,0,0,0,0,0,0

STAR,IBOG1N,11,5
IF,IBOGO,-2.812778,136.467222, ,0.0,0.0,0,0,0,0,0,0,0,0
TF,OLDAK,-2.268611,136.440278,0, ,0.0,0.0,0.0,0.0,3,22000,0,0,0,0,0,0
TF,LESVA,-1.593889,136.407500,0, ,0.0,0.0,0.0,0.0,2,16000,0,0,0,0,0,0
TF,IKAXI,-1.338889,135.944722,0, ,0.0,0.0,0.0,0.0,2,8000,0,0,0,0,0,0
TF,LUMDO,-1.258333,135.798611,0, ,0.0,0.0,0.0,0.0,0,0,0,0,0,0,0,0
TF,RILGA,-1.101139,135.853583,0, ,0.0,0.0,0.0,0.0,2,3000,0,0,0,0,0,0

STAR,IBOG1P,29,5
IF,IBOGO,-2.812778,136.467222, ,0.0,0.0,0,0,0,0,0,0,0,0
TF,DOSDA,-2.429722,136.448333,0, ,0.0,0.0,0.0,0.0,3,22000,0,0,0,0,0,0
TF,KATGA,-1.911111,136.422778,0, ,0.0,0.0,0.0,0.0,3,14000,0,0,0,0,0,0
TF,LESVA,-1.593889,136.407500,0, ,0.0,0.0,0.0,0.0,2,8000,0,0,0,0,0,0
TF,PULAB,-1.431111,136.292500,0, ,0.0,0.0,0.0,0.0,0,0,0,0,0,0,0,0
TF,HADEE,-1.273806,136.347417,0, ,0.0,0.0,0.0,0.0,0,0,0,0,0,0,0,0

STAR,JODR1F,ALL,2
IF,JODRA,-1.777500,137.958889, ,0.0,0.0,0,0,0,0,0,0,0,0
TF,BI60D,-1.199817,137.084433,0, ,0.0,0.0,0.0,0.0,0,0,0,0,0,0,0,0
TF,BIK,-1.182472,136.086139,0, ,0.0,0.0,0.0,0.0,0,0,0,0,0,0,0,0

STAR,JODR1J,29,5
IF,JODRA,-1.777500,137.958889, ,0.0,0.0,0,0,0,0,0,0,0,0
TF,HADEE,-1.273806,136.347417,0, ,0.0,0.0,0.0,0.0,0,0,0,0,0,0,0,0

STAR,JODR1K,11,5
IF,JODRA,-1.777500,137.958889, ,0.0,0.0,0,0,0,0,0,0,0,0
TF,AKUXA,-1.718889,137.461389,0, ,0.0,0.0,0.0,0.0,3,22000,0,0,0,0,0,0
TF,LESVA,-1.593889,136.407500,0, ,0.0,0.0,0.0,0.0,2,16000,0,0,0,0,0,0
TF,IKAXI,-1.338889,135.944722,0, ,0.0,0.0,0.0,0.0,2,8000,0,0,0,0,0,0
TF,LUMDO,-1.258333,135.798611,0, ,0.0,0.0,0.0,0.0,0,0,0,0,0,0,0,0
TF,RILGA,-1.101139,135.853583,0, ,0.0,0.0,0.0,0.0,2,3000,0,0,0,0,0,0

STAR,LINL1F,ALL,2
IF,LINLU,-2.374722,137.255000, ,0.0,0.0,0,0,0,0,0,0,0,0
TF,BI60C,-2.052706,136.585556,0, ,0.0,0.0,0.0,0.0,0,0,0,0,0,0,0,0
TF,BIK,-1.182472,136.086139,0, ,0.0,0.0,0.0,0.0,0,0,0,0,0,0,0,0

STAR,LINL1J,29,5
IF,LINLU,-2.374722,137.255000, ,0.0,0.0,0,0,0,0,0,0,0,0
TF,IRTEB,-2.186667,137.050833,0, ,0.0,0.0,0.0,0.0,3,22000,0,0,0,0,0,0
TF,LESVA,-1.593889,136.407500,0, ,0.0,0.0,0.0,0.0,2,8000,0,0,0,0,0,0
TF,PULAB,-1.431111,136.292500,0, ,0.0,0.0,0.0,0.0,0,0,0,0,0,0,0,0
TF,HADEE,-1.273806,136.347417,0, ,0.0,0.0,0.0,0.0,0,0,0,0,0,0,0,0

STAR,LINL1K,11,5
IF,LINLU,-2.374722,137.255000, ,0.0,0.0,0,0,0,0,0,0,0,0
TF,IGEBU,-1.763333,136.591389,0, ,0.0,0.0,0.0,0.0,0,0,0,0,0,0,0,0
TF,LESVA,-1.593889,136.407500,0, ,0.0,0.0,0.0,0.0,2,16000,0,0,0,0,0,0
TF,IKAXI,-1.338889,135.944722,0, ,0.0,0.0,0.0,0.0,2,8000,0,0,0,0,0,0
TF,LUMDO,-1.258333,135.798611,0, ,0.0,0.0,0.0,0.0,0,0,0,0,0,0,0,0
TF,RILGA,-1.101139,135.853583,0, ,0.0,0.0,0.0,0.0,2,3000,0,0,0,0,0,0

STAR,NOBY1F,ALL,2
IF,NOBBY,-2.798333,135.648333, ,0.0,0.0,0,0,0,0,0,0,0,0
TF,BIK,-1.182472,136.086139,0, ,0.0,0.0,0.0,0.0,0,0,0,0,0,0,0,0

STAR,NOBY1J,29,5
IF,NOBBY,-2.798333,135.648333, ,0.0,0.0,0,0,0,0,0,0,0,0
TF,VIMUR,-2.136111,135.669722,0, ,0.0,0.0,0.0,0.0,3,22000,0,0,0,0,0,0
TF,IDISO,-1.465833,135.691667,0, ,0.0,0.0,0.0,0.0,0,0,0,0,0,0,0,0
TF,LEGAV,-1.223889,135.699444,0, ,0.0,0.0,0.0,0.0,2,16000,0,0,0,0,0,0
TF,RUVGA,-1.322222,135.981111,0, ,0.0,0.0,0.0,0.0,2,11000,0,0,0,0,0,0
TF,PULAB,-1.431111,136.292500,0, ,0.0,0.0,0.0,0.0,0,0,0,0,0,0,0,0
TF,HADEE,-1.273806,136.347417,0, ,0.0,0.0,0.0,0.0,0,0,0,0,0,0,0,0

STAR,NOBY1K,11,5
IF,NOBBY,-2.798333,135.648333, ,0.0,0.0,0,0,0,0,0,0,0,0
TF,URDAN,-2.298611,135.664722,0, ,0.0,0.0,0.0,0.0,3,22000,0,0,0,0,0,0
TF,OVMER,-1.632222,135.686111,0, ,0.0,0.0,0.0,0.0,3,10000,0,0,0,0,0,0
TF,IDISO,-1.465833,135.691667,0, ,0.0,0.0,0.0,0.0,0,0,0,0,0,0,0,0
TF,LUMDO,-1.258333,135.798611,0, ,0.0,0.0,0.0,0.0,0,0,0,0,0,0,0,0
TF,RILGA,-1.101139,135.853583,0, ,0.0,0.0,0.0,0.0,2,3000,0,0,0,0,0,0

STAR,ONTA1F,ALL,2
IF,ONTAL,-1.683889,134.512778, ,0.0,0.0,0,0,0,0,0,0,0,0
TF,BI60B,-1.729642,135.248606,0, ,0.0,0.0,0.0,0.0,0,0,0,0,0,0,0,0
TF,BIK,-1.182472,136.086139,0, ,0.0,0.0,0.0,0.0,0,0,0,0,0,0,0,0

STAR,ONTA1J,29,5
IF,ONTAL,-1.683889,134.512778, ,0.0,0.0,0,0,0,0,0,0,0,0
TF,BAXOB,-1.610556,134.908889,0, ,0.0,0.0,0.0,0.0,3,22000,0,0,0,0,0,0
TF,IDISO,-1.465833,135.691667,0, ,0.0,0.0,0.0,0.0,0,0,0,0,0,0,0,0
TF,LEGAV,-1.223889,135.699444,0, ,0.0,0.0,0.0,0.0,2,16000,0,0,0,0,0,0
TF,RUVGA,-1.322222,135.981111,0, ,0.0,0.0,0.0,0.0,2,11000,0,0,0,0,0,0
TF,PULAB,-1.431111,136.292500,0, ,0.0,0.0,0.0,0.0,0,0,0,0,0,0,0,0
TF,HADEE,-1.273806,136.347417,0, ,0.0,0.0,0.0,0.0,0,0,0,0,0,0,0,0

STAR,ONTA1K,11,5
IF,ONTAL,-1.683889,134.512778, ,0.0,0.0,0,0,0,0,0,0,0,0
TF,RUMIP,-1.614167,134.888611,0, ,0.0,0.0,0.0,0.0,3,22000,0,0,0,0,0,0
TF,VEPOT,-1.496111,135.527778,0, ,0.0,0.0,0.0,0.0,3,11000,0,0,0,0,0,0
TF,IDISO,-1.465833,135.691667,0, ,0.0,0.0,0.0,0.0,0,0,0,0,0,0,0,0
TF,LUMDO,-1.258333,135.798611,0, ,0.0,0.0,0.0,0.0,0,0,0,0,0,0,0,0
TF,RILGA,-1.101139,135.853583,0, ,0.0,0.0,0.0,0.0,2,3000,0,0,0,0,0,0

STAR,PEBD1F,ALL,2
IF,PEBDA,-2.398889,134.938056, ,0.0,0.0,0,0,0,0,0,0,0,0
TF,BI60B,-1.729642,135.248606,0, ,0.0,0.0,0.0,0.0,0,0,0,0,0,0,0,0
TF,BIK,-1.182472,136.086139,0, ,0.0,0.0,0.0,0.0,0,0,0,0,0,0,0,0

STAR,PEBD1J,29,5
IF,PEBDA,-2.398889,134.938056, ,0.0,0.0,0,0,0,0,0,0,0,0
TF,IDISO,-1.465833,135.691667,0, ,0.0,0.0,0.0,0.0,0,0,0,0,0,0,0,0
TF,LEGAV,-1.223889,135.699444,0, ,0.0,0.0,0.0,0.0,2,16000,0,0,0,0,0,0
TF,RUVGA,-1.322222,135.981111,0, ,0.0,0.0,0.0,0.0,2,11000,0,0,0,0,0,0
TF,PULAB,-1.431111,136.292500,0, ,0.0,0.0,0.0,0.0,0,0,0,0,0,0,0,0
TF,HADEE,-1.273806,136.347417,0, ,0.0,0.0,0.0,0.0,0,0,0,0,0,0,0,0

STAR,PEBD1K,11,5
IF,PEBDA,-2.398889,134.938056, ,0.0,0.0,0,0,0,0,0,0,0,0
TF,OVMER,-1.632222,135.686111,0, ,0.0,0.0,0.0,0.0,3,10000,0,0,0,0,0,0
TF,IDISO,-1.465833,135.691667,0, ,0.0,0.0,0.0,0.0,0,0,0,0,0,0,0,0
TF,LUMDO,-1.258333,135.798611,0, ,0.0,0.0,0.0,0.0,0,0,0,0,0,0,0,0
TF,RILGA,-1.101139,135.853583,0, ,0.0,0.0,0.0,0.0,2,3000,0,0,0,0,0,0

STAR,SEGL1E,ALL,2
IF,SEGLO,-0.943333,134.438611, ,0.0,0.0,0,0,0,0,0,0,0,0
TF,BI60A,-0.710544,135.204717,0, ,0.0,0.0,0.0,0.0,0,0,0,0,0,0,0,0
TF,BIK,-1.182472,136.086139,0, ,0.0,0.0,0.0,0.0,0,0,0,0,0,0,0,0

STAR,SEGL1H,11,5
IF,SEGLO,-0.943333,134.438611, ,0.0,0.0,0,0,0,0,0,0,0,0
TF,AKDIL,-1.017222,135.101111,0, ,0.0,0.0,0.0,0.0,3,22000,0,0,0,0,0,0
TF,RILGA,-1.101139,135.853583,0, ,0.0,0.0,0.0,0.0,2,3000,0,0,0,0,0,0

STAR,SEGL1J,29,5
IF,SEGLO,-0.943333,134.438611, ,0.0,0.0,0,0,0,0,0,0,0,0
TF,OMBAN,-1.046111,134.662778,0, ,0.0,0.0,0.0,0.0,3,22000,0,0,0,0,0,0
TF,LEGAV,-1.223889,135.699444,0, ,0.0,0.0,0.0,0.0,2,16000,0,0,0,0,0,0
TF,RUVGA,-1.322222,135.981111,0, ,0.0,0.0,0.0,0.0,2,11000,0,0,0,0,0,0
TF,PULAB,-1.431111,136.292500,0, ,0.0,0.0,0.0,0.0,0,0,0,0,0,0,0,0
TF,HADEE,-1.273806,136.347417,0, ,0.0,0.0,0.0,0.0,0,0,0,0,0,0,0,0

APPTR,D11,11,RILGA
IF,RILGA,-1.101139,135.853583, ,0.0,0.0,2,3000,0,0,0,0,1,0
TF,CD11,-1.124211,135.919517,0, ,0.0,0.0,0.0,0.0,2,2500,0,0,0,0,1,0

FINAL,D11,11,D,4
IF,CD11,-1.124211,135.919517,BIK,287.2,10.6,2,2500,0,0,0,0,0,0
CF,FD11,-1.151694,135.998111,0,BIK,287.2,5.6,108.0,5.0,2,2000,0,0,0,0,2,0
CF,41VOR,-1.159939,136.021689,0,BIK,287.2,4.1,108.0,1.5,2,1500,0,0,0,0,0,0
CF,BIK,-1.182472,136.086139,0,BIK,0.0,0.0,108.0,4.1,1,222,0,0,0,0,3,0
CA,0,108.0,2,2500,0,0,0,0,0,0
DF,RILGA,-1.101139,135.853583,2, ,0.0,0.0,2,3000,0,0,0,0,0,0
HM,RILGA,-1.101139,135.853583,2, ,0.0,0.0,108.0,04.3,2,3000,0,0,0,0,0,0,0

APPTR,D29,29,HADEE
IF,HADEE,-1.273806,136.347417, ,0.0,0.0,2,3000,0,0,0,0,1,0
TF,CD29,-1.251175,136.282628,0, ,0.0,0.0,0.0,0.0,2,2400,0,0,0,0,1,0

FINAL,D29,29,D,3
IF,CD29,-1.251175,136.282628,BIK,107.2,12.5,2,2400,0,0,0,0,0,0
CF,FD29,-1.223694,136.204028,0,BIK,107.2,7.5,288.0,5.0,2,1700,0,0,0,0,2,0
CF,MD29,-1.209953,136.164733,0,BIK,107.2,5.0,288.0,2.5,1,923,0,0,0,0,3,0
CF,BIK,-1.182472,136.086139,0,BIK,0.0,0.0,288.0,5.0,0,0,0,0,0,0,0,0
CA,0,288.0,2,2500,0,0,0,0,0,0
DF,HADEE,-1.273806,136.347417,1, ,0.0,0.0,2,3000,0,0,0,0,0,0
HM,HADEE,-1.273806,136.347417,1, ,0.0,0.0,288.0,04.3,2,3000,0,0,0,0,0,0,0

APPTR,I11,11,RILGA
IF,RILGA,-1.101139,135.853583, ,0.0,0.0,2,3000,0,0,0,0,1,0
CF,CI11,-1.124297,135.919478,0,IBIK,288.1,13.1,108.0,4.2,2,2500,0,0,0,0,1,0

FINAL,I11,11,I,3
IF,CI11,-1.124297,135.919478,IBIK,288.1,13.1,2,2500,0,0,0,0,0,0
CF,FI11,-1.151528,135.997611,0,IBIK,288.1,8.1,108.0,5.0,1,2000,0,0,0,0,2,0
CF,RW11,-1.184758,136.092722,0,IBIK,288.0,2.1,108.0,6.1,1,88,0,0,0,0,3,0
CA,0,108.0,2,2500,0,0,0,0,0,0
DF,RILGA,-1.101139,135.853583,2, ,0.0,0.0,2,3000,0,0,0,0,0,0
HM,RILGA,-1.101139,135.853583,2, ,0.0,0.0,108.0,04.3,2,3000,0,0,0,0,0,0,0

APPTR,R11,11,RILGA
IF,RILGA,-1.101139,135.853583, ,0.0,0.0,2,3000,0,0,0,0,1,0
TF,BB403,-1.128611,135.932167,0, ,0.0,0.0,0.0,0.0,2,2500,0,0,0,0,1,0

FINAL,R11,11,R,4
IF,BB403,-1.128611,135.932167, ,0.0,0.0,2,2500,0,0,0,0,0,0
TF,BB402,-1.150611,135.995056,0, ,0.0,0.0,108.0,4.0,2,2000,0,0,0,0,2,0
TF,BB401,-1.159528,136.020583,0, ,0.0,0.0,108.0,1.6,2,1500,0,0,0,0,0,0
TF,RW11,-1.184758,136.092722,0, ,0.0,0.0,108.0,4.6,1,88,0,0,0,0,3,1
CA,0,108.0,2,2500,0,0,0,0,0,0
DF,RILGA,-1.101139,135.853583,2, ,0.0,0.0,2,3000,0,0,0,0,0,0
HM,RILGA,-1.101139,135.853583,2, ,0.0,0.0,108.0,04.3,2,3000,0,0,0,0,0,0,0

APPTR,R29,29,HADEE
IF,HADEE,-1.273806,136.347417, ,0.0,0.0,2,3000,0,0,0,0,1,0
TF,BB602,-1.246333,136.268833,0, ,0.0,0.0,0.0,0.0,2,2400,0,0,0,0,1,0

FINAL,R29,29,R,3
IF,BB602,-1.246333,136.268833, ,0.0,0.0,2,2400,0,0,0,0,0,0
TF,BB601,-1.224361,136.205944,0, ,0.0,0.0,288.0,4.0,2,1700,0,0,0,0,2,0
TF,BB603,-1.208000,136.159167,0, ,0.0,0.0,288.0,3.0,1,786,0,0,0,0,3,1
CA,0,288.0,2,2500,0,0,0,0,0,0
DF,HADEE,-1.273806,136.347417,1, ,0.0,0.0,2,3000,0,0,0,0,0,0
HM,HADEE,-1.273806,136.347417,1, ,0.0,0.0,288.0,04.3,2,3000,0,0,0,0,0,0,0

