SID,ANRO1G,17,5
CA,0,167.0,2,1000,0,0,0,0,0,0
DF,NB415,-3.704444,135.354167,0, ,0.0,0.0,0,0,0,0,0,0,0,0
TF,NB416,-3.901944,135.295000,0, ,0.0,0.0,0.0,0.0,4,12500,7500,0,0,0,0,0
TF,ANROL,-4.123333,135.429444,0, ,0.0,0.0,0.0,0.0,3,16000,0,0,0,0,0,0

SID,ANRO1J,35,5
CA,0,347.0,2,1000,0,0,0,0,0,0
DF,NB613,-3.334167,135.595556,2, ,0.0,0.0,3,6000,0,0,0,0,0,0
TF,NB614,-3.532500,135.621111,0, ,0.0,0.0,0.0,0.0,4,11000,9000,0,0,0,0,0
TF,NB615,-3.894167,135.502778,0, ,0.0,0.0,0.0,0.0,3,16500,0,0,0,0,0,0
TF,ANROL,-4.123333,135.429444,0, ,0.0,0.0,0.0,0.0,0,0,0,0,0,0,0,0

SID,ANRO1K,35,5
CA,0,347.0,2,1000,0,0,0,0,0,0
DF,NB619,-3.298889,135.156111,0, ,0.0,0.0,3,6000,0,0,0,0,0,0
TF,NB617,-3.615833,135.196667,1, ,0.0,0.0,0.0,0.0,4,11000,8000,0,0,0,0,0
TF,NB618,-3.949444,135.349722,0, ,0.0,0.0,0.0,0.0,3,16500,0,0,0,0,0,0
TF,ANROL,-4.123333,135.429444,0, ,0.0,0.0,0.0,0.0,0,0,0,0,0,0,0,0

SID,KMN1D,17,5
CA,0,167.0,2,1000,0,0,0,0,0,0
DF,NB636,-3.587500,135.121944,0, ,0.0,0.0,2,6500,0,0,0,0,0,0
TF,NB620,-3.471667,134.818611,0, ,0.0,0.0,0.0,0.0,3,11500,0,0,0,0,0,0
TF,KMN,-3.641972,133.694583,0, ,0.0,0.0,0.0,0.0,0,0,0,0,0,0,0,0

SID,KMN1F,35,5
CA,0,347.0,2,1000,0,0,0,0,0,0
DF,NB619,-3.298889,135.156111,0, ,0.0,0.0,3,6000,0,0,0,0,0,0
TF,NB620,-3.471667,134.818611,0, ,0.0,0.0,0.0,0.0,3,15500,0,0,0,0,0,0
TF,KMN,-3.641972,133.694583,0, ,0.0,0.0,0.0,0.0,0,0,0,0,0,0,0,0

SID,LAVA1E,17,5
CA,0,167.0,2,1000,0,0,0,0,0,0
DF,NB435,-3.525278,135.658611,0, ,0.0,0.0,2,5000,0,0,0,0,0,0
TF,NB612,-3.294167,135.971111,0, ,0.0,0.0,0.0,0.0,3,11500,0,0,0,0,0,0
TF,LAVAR,-2.838333,138.866389,0, ,0.0,0.0,0.0,0.0,0,0,0,0,0,0,0,0

SID,LAVA1G,35,5
CA,0,347.0,2,1000,0,0,0,0,0,0
DF,NB611,-3.215556,135.574167,0, ,0.0,0.0,3,6000,0,0,0,0,0,0
TF,NB612,-3.294167,135.971111,0, ,0.0,0.0,0.0,0.0,3,15500,0,0,0,0,0,0
TF,LAVAR,-2.838333,138.866389,0, ,0.0,0.0,0.0,0.0,0,0,0,0,0,0,0,0

SID,NOBY1M,17,5
CA,0,167.0,2,1000,0,0,0,0,0,0
DF,NB434,-3.423889,135.674722,0, ,0.0,0.0,2,5000,0,0,0,0,0,0
TF,NB412,-3.251389,135.676389,0, ,0.0,0.0,0.0,0.0,3,7000,0,0,0,0,0,0
TF,NB413,-2.985278,135.660000,0, ,0.0,0.0,0.0,0.0,2,12000,0,0,0,0,0,0
TF,NOBBY,-2.798333,135.648333,0, ,0.0,0.0,0.0,0.0,0,0,0,0,0,0,0,0

SID,NOBY1P,35,5
CA,0,347.0,2,1000,0,0,0,0,0,0
DF,NB611,-3.215556,135.574167,0, ,0.0,0.0,3,6000,0,0,0,0,0,0
TF,NOBBY,-2.798333,135.648333,0, ,0.0,0.0,0.0,0.0,3,12000,0,0,0,0,0,0

SID,ONTA1M,17,5
CA,0,167.0,2,1000,0,0,0,0,0,0
DF,NB433,-3.529444,135.142500,0, ,0.0,0.0,2,5500,0,0,0,0,0,0
TF,NB419,-3.345000,135.075833,0, ,0.0,0.0,0.0,0.0,3,7000,0,0,0,0,0,0
TF,NB420,-3.002778,135.026111,0, ,0.0,0.0,0.0,0.0,0,0,0,0,0,0,0,0
TF,NB429,-2.672778,134.978056,0, ,0.0,0.0,0.0,0.0,2,17000,0,0,0,0,0,0
TF,PEBDA,-2.398889,134.938056,0, ,0.0,0.0,0.0,0.0,0,0,0,0,0,0,0,0
TF,ONTAL,-1.683889,134.512778,0, ,0.0,0.0,0.0,0.0,0,0,0,0,0,0,0,0

SID,ONTA1P,35,5
CA,0,347.0,2,1000,0,0,0,0,0,0
DF,NB619,-3.298889,135.156111,0, ,0.0,0.0,3,6000,0,0,0,0,0,0
TF,NB629,-3.224167,135.045556,0, ,0.0,0.0,0.0,0.0,0,0,0,0,0,0,0,0
TF,NB630,-2.857222,134.997778,0, ,0.0,0.0,0.0,0.0,2,13000,0,0,0,0,0,0
TF,PEBDA,-2.398889,134.938056,0, ,0.0,0.0,0.0,0.0,0,0,0,0,0,0,0,0
TF,ONTAL,-1.683889,134.512778,0, ,0.0,0.0,0.0,0.0,0,0,0,0,0,0,0,0

STAR,ANRO1H,17,5
IF,ANROL,-4.123333,135.429444, ,0.0,0.0,2,17000,0,0,0,0,0,0
TF,NB422,-3.859444,135.453889,0, ,0.0,0.0,0.0,0.0,0,0,0,0,0,0,0,0
TF,NB423,-3.675278,135.470833,0, ,0.0,0.0,0.0,0.0,2,13500,0,0,0,0,0,0
TF,BUNKU,-3.368333,135.499167,0, ,0.0,0.0,0.0,0.0,2,8000,0,0,0,0,0,0
TF,NB625,-3.168333,135.441667,0, ,0.0,0.0,0.0,0.0,0,0,0,0,0,0,0,0
TF,MEKER,-3.186056,135.350972,0, ,0.0,0.0,0.0,0.0,2,3000,0,0,0,0,0,0

STAR,ANRO1M,35,5
IF,ANROL,-4.123333,135.429444, ,0.0,0.0,0,0,0,0,0,0,0,0
TF,NB623,-3.847500,135.416389,0, ,0.0,0.0,0.0,0.0,0,0,0,0,0,0,0,0
TF,NB624,-3.662778,135.407778,0, ,0.0,0.0,0.0,0.0,2,17500,0,0,0,0,0,0
TF,BUNKU,-3.368333,135.499167,0, ,0.0,0.0,0.0,0.0,2,12000,0,0,0,0,0,0
TF,NB625,-3.168333,135.441667,0, ,0.0,0.0,0.0,0.0,0,0,0,0,0,0,0,0
TF,MEKER,-3.186056,135.350972,0, ,0.0,0.0,0.0,0.0,2,7000,0,0,0,0,0,0

STAR,KMN1E,17,5
IF,KMN,-3.641972,133.694583, ,0.0,0.0,0,0,0,0,0,0,0,0
TF,NB620,-3.471667,134.818611,0, ,0.0,0.0,0.0,0.0,0,0,0,0,0,0,0,0
TF,NB424,-3.438333,135.037778,0, ,0.0,0.0,0.0,0.0,2,12500,0,0,0,0,0,0
TF,NB626,-3.401389,135.281667,0, ,0.0,0.0,0.0,0.0,2,8000,0,0,0,0,0,0
TF,NB627,-3.203889,135.260278,0, ,0.0,0.0,0.0,0.0,0,0,0,0,0,0,0,0
TF,MEKER,-3.186056,135.350972,0, ,0.0,0.0,0.0,0.0,2,3000,0,0,0,0,0,0

STAR,KMN1G,35,5
IF,KMN,-3.641972,133.694583, ,0.0,0.0,0,0,0,0,0,0,0,0
TF,NB620,-3.471667,134.818611,0, ,0.0,0.0,0.0,0.0,0,0,0,0,0,0,0,0
TF,NB424,-3.438333,135.037778,0, ,0.0,0.0,0.0,0.0,2,16500,0,0,0,0,0,0
TF,NB626,-3.401389,135.281667,0, ,0.0,0.0,0.0,0.0,2,12000,0,0,0,0,0,0
TF,NB627,-3.203889,135.260278,0, ,0.0,0.0,0.0,0.0,0,0,0,0,0,0,0,0
TF,MEKER,-3.186056,135.350972,0, ,0.0,0.0,0.0,0.0,2,7000,0,0,0,0,0,0

STAR,LAVA1F,17,5
IF,LAVAR,-2.838333,138.866389, ,0.0,0.0,0,0,0,0,0,0,0,0
TF,NB612,-3.294167,135.971111,0, ,0.0,0.0,0.0,0.0,0,0,0,0,0,0,0,0
TF,NB421,-3.330000,135.742778,0, ,0.0,0.0,0.0,0.0,2,12500,0,0,0,0,0,0
TF,BUNKU,-3.368333,135.499167,0, ,0.0,0.0,0.0,0.0,2,8000,0,0,0,0,0,0
TF,NB625,-3.168333,135.441667,0, ,0.0,0.0,0.0,0.0,0,0,0,0,0,0,0,0
TF,MEKER,-3.186056,135.350972,0, ,0.0,0.0,0.0,0.0,2,3000,0,0,0,0,0,0

STAR,LAVA1H,35,5
IF,LAVAR,-2.838333,138.866389, ,0.0,0.0,0,0,0,0,0,0,0,0
TF,NB612,-3.294167,135.971111,0, ,0.0,0.0,0.0,0.0,0,0,0,0,0,0,0,0
TF,NB421,-3.330000,135.742778,0, ,0.0,0.0,0.0,0.0,2,16500,0,0,0,0,0,0
TF,BUNKU,-3.368333,135.499167,0, ,0.0,0.0,0.0,0.0,2,12000,0,0,0,0,0,0
TF,NB625,-3.168333,135.441667,0, ,0.0,0.0,0.0,0.0,0,0,0,0,0,0,0,0
TF,MEKER,-3.186056,135.350972,0, ,0.0,0.0,0.0,0.0,2,7000,0,0,0,0,0,0

STAR,NOBY1R,35,5
IF,NOBBY,-2.798333,135.648333, ,0.0,0.0,0,0,0,0,0,0,0,0
TF,NB621,-2.904722,135.535556,0, ,0.0,0.0,0.0,0.0,2,13000,0,0,0,0,0,0
TF,NB622,-3.095278,135.333611,0, ,0.0,0.0,0.0,0.0,0,0,0,0,0,0,0,0
TF,MEKER,-3.186056,135.350972,0, ,0.0,0.0,0.0,0.0,2,7000,0,0,0,0,0,0

STAR,NOBY1T,17,5
IF,NOBBY,-2.798333,135.648333, ,0.0,0.0,3,11000,0,0,0,0,0,0
TF,NB621,-2.904722,135.535556,0, ,0.0,0.0,0.0,0.0,0,0,0,0,0,0,0,0
TF,NB622,-3.095278,135.333611,0, ,0.0,0.0,0.0,0.0,0,0,0,0,0,0,0,0
TF,MEKER,-3.186056,135.350972,0, ,0.0,0.0,0.0,0.0,2,3000,0,0,0,0,0,0

STAR,ONTA1R,35,5
IF,ONTAL,-1.683889,134.512778, ,0.0,0.0,0,0,0,0,0,0,0,0
TF,PEBDA,-2.398889,134.938056,0, ,0.0,0.0,0.0,0.0,0,0,0,0,0,0,0,0
TF,NB628,-2.863333,135.201944,0, ,0.0,0.0,0.0,0.0,3,12000,0,0,0,0,0,0
TF,NB622,-3.095278,135.333611,0, ,0.0,0.0,0.0,0.0,0,0,0,0,0,0,0,0
TF,MEKER,-3.186056,135.350972,0, ,0.0,0.0,0.0,0.0,2,7000,0,0,0,0,0,0

STAR,ONTA1T,17,5
IF,ONTAL,-1.683889,134.512778, ,0.0,0.0,0,0,0,0,0,0,0,0
TF,PEBDA,-2.398889,134.938056,0, ,0.0,0.0,0.0,0.0,3,16000,0,0,0,0,0,0
TF,NB628,-2.863333,135.201944,0, ,0.0,0.0,0.0,0.0,0,0,0,0,0,0,0,0
TF,NB622,-3.095278,135.333611,0, ,0.0,0.0,0.0,0.0,0,0,0,0,0,0,0,0
TF,MEKER,-3.186056,135.350972,0, ,0.0,0.0,0.0,0.0,2,3000,0,0,0,0,0,0

APPTR,R17,17,MEKER
IF,MEKER,-3.186056,135.350972, ,0.0,0.0,2,3000,0,0,0,0,1,0
TF,PONAS,-3.235306,135.360778,0, ,0.0,0.0,0.0,0.0,2,2500,0,0,0,0,1,0

FINAL,R17,17,R,3
IF,PONAS,-3.235306,135.360778, ,0.0,0.0,2,2500,0,0,0,0,0,0
TF,NB401,-3.309222,135.375500,0, ,0.0,0.0,167.0,4.5,2,1600,0,0,0,0,2,0
TF,RW17,-3.390836,135.391736,0, ,0.0,0.0,167.0,5.0,1,71,0,0,0,0,3,1
CA,0,167.0,2,1000,0,0,0,0,0,0
DF,MEKER,-3.186056,135.350972,2, ,0.0,0.0,2,3000,0,0,0,0,0,0
HM,MEKER,-3.186056,135.350972,2, ,0.0,0.0,167.0,04.3,2,3000,0,0,0,0,0,0,0

APPTR,R35,35,MEKER
IF,MEKER,-3.186056,135.350972, ,0.0,0.0,2,7000,0,0,0,0,1,0
TF,PONAS,-3.235306,135.360778,0, ,0.0,0.0,0.0,0.0,0,0,0,0,0,0,0,0
TF,NB605,-3.425028,135.305056,0, ,0.0,0.0,0.0,0.0,2,5000,0,0,0,0,0,0
TF,NB604,-3.589250,135.337750,0, ,0.0,0.0,0.0,0.0,0,0,0,0,0,0,0,0
TF,NB603,-3.572722,135.427417,0, ,0.0,0.0,0.0,0.0,2,2600,0,0,0,0,1,0

FINAL,R35,35,R,4
IF,NB603,-3.572722,135.427417, ,0.0,0.0,2,2600,0,0,0,0,0,0
TF,NB602,-3.505333,135.414194,0, ,0.0,0.0,347.0,4.1,2,1800,0,0,0,0,2,0
TF,NB601,-3.479194,135.409083,0, ,0.0,0.0,347.0,1.6,2,1310,0,0,0,0,0,0
TF,RW35,-3.412997,135.396153,0, ,0.0,0.0,347.0,4.0,1,72,0,0,0,0,3,1
CF,MEKER,-3.186056,135.350972,0,KMN,72.7,103.1,347.0,13.8,2,3000,0,0,0,0,0,0
HM,MEKER,-3.186056,135.350972,2, ,0.0,0.0,167.0,04.3,2,7000,0,0,0,0,0,0,0

