FINAL,R35,35,R,4
IF,PONUG,-1.739972,123.575944, ,0.0,0.0,2,3000,0,0,0,0,1,0
TF,FQ602,-1.673417,123.568333,0, ,0.0,0.0,354.0,4.0,2,2500,0,0,0,0,2,0
TF,FQ603,-1.627444,123.563083,0, ,0.0,0.0,354.0,2.8,2,1630,0,0,0,0,0,0
TF,RW35,-1.554225,123.554717,0, ,0.0,0.0,354.0,4.4,1,230,0,0,0,0,3,1
CA,0,354.0,2,1500,0,0,0,0,0,0
DF,FQ604,-1.533056,123.670528,2, ,0.0,0.0,0,0,0,0,0,0,0,0
TF,FQ605,-1.726444,123.692639,0, ,0.0,0.0,0.0,0.0,0,0,0,0,0,0,0,0
TF,PONUG,-1.739972,123.575944,0, ,0.0,0.0,0.0,0.0,2,3000,0,0,0,0,0,0
HM,PONUG,-1.739972,123.575944,2, ,0.0,0.0,354.0,04.3,2,3000,0,0,0,0,0,0,0

