SID,BDM1E,13,2
VA,0,132.0,2,1500,0,0,0,0,0,0
VI,0, ,0.0,110.0,0,0,0,0,0,0,0,0
IF,SPT,-2.497583,112.971361, ,0.0,0.0,0,0,0,0,0,0,0,0
TF,BDM,-3.436800,114.731486,0, ,0.0,0.0,0.0,0.0,0,0,0,0,0,0,0,0

SID,BDM1F,31,2
VA,0,312.0,2,1500,0,0,0,0,0,0
VI,2, ,0.0,160.0,0,0,0,0,0,0,0,0
IF,SPT,-2.497583,112.971361, ,0.0,0.0,0,0,0,0,0,0,0,0
TF,BDM,-3.436800,114.731486,0, ,0.0,0.0,0.0,0.0,0,0,0,0,0,0,0,0

SID,ENPI1C,13,2
VA,0,132.0,2,1500,0,0,0,0,0,0
VI,1, ,0.0,315.0,0,0,0,0,0,0,0,0
IF,BDM,-3.436800,114.731486, ,0.0,0.0,0,0,0,0,0,0,0,0
TF,ENPIN,-1.468056,111.590278,0, ,0.0,0.0,0.0,0.0,0,0,0,0,0,0,0,0

SID,ENPI1D,31,2
VA,0,312.0,2,1500,0,0,0,0,0,0
VI,0, ,0.0,325.0,0,0,0,0,0,0,0,0
IF,BDM,-3.436800,114.731486, ,0.0,0.0,0,0,0,0,0,0,0,0
TF,ENPIN,-1.468056,111.590278,0, ,0.0,0.0,0.0,0.0,0,0,0,0,0,0,0,0

SID,LAMU1E,13,2
VA,0,132.0,2,1500,0,0,0,0,0,0
VI,0, ,0.0,215.0,0,0,0,0,0,0,0,0
CF,LAMUD,-3.040278,112.308611,0,SPT,230.8,51.3,244.0,39.0,0,0,0,0,0,0,0,0

SID,LAMU1F,31,2
VA,0,312.0,2,1500,0,0,0,0,0,0
VI,1, ,0.0,200.0,0,0,0,0,0,0,0,0
CF,LAMUD,-3.040278,112.308611,0,SPT,230.8,51.3,244.0,30.0,0,0,0,0,0,0,0,0

SID,LAVO1C,13,2
VA,0,132.0,2,1500,0,0,0,0,0,0
VI,0, ,0.0,215.0,0,0,0,0,0,0,0,0
IF,SPT,-2.497583,112.971361, ,0.0,0.0,0,0,0,0,0,0,0,0
TF,LAVOV,-4.177500,112.521389,0, ,0.0,0.0,0.0,0.0,0,0,0,0,0,0,0,0

SID,LAVO1D,31,2
VA,0,312.0,2,1500,0,0,0,0,0,0
VI,1, ,0.0,160.0,0,0,0,0,0,0,0,0
IF,SPT,-2.497583,112.971361, ,0.0,0.0,0,0,0,0,0,0,0,0
TF,LAVOV,-4.177500,112.521389,0, ,0.0,0.0,0.0,0.0,0,0,0,0,0,0,0,0

SID,PKN1A,13,2
VA,0,132.0,2,1500,0,0,0,0,0,0
VI,2, ,0.0,305.0,0,0,0,0,0,0,0,0
IF,SPT,-2.497583,112.971361, ,0.0,0.0,0,0,0,0,0,0,0,0
TF,PKN,-2.718472,111.687722,0, ,0.0,0.0,0.0,0.0,0,0,0,0,0,0,0,0

SID,PKN1B,31,2
VA,0,312.0,2,1500,0,0,0,0,0,0
VI,1, ,0.0,215.0,0,0,0,0,0,0,0,0
IF,SPT,-2.497583,112.971361, ,0.0,0.0,0,0,0,0,0,0,0,0
TF,PKN,-2.718472,111.687722,0, ,0.0,0.0,0.0,0.0,0,0,0,0,0,0,0,0

SID,PKY1A,13,2
VA,0,132.0,2,1500,0,0,0,0,0,0
VI,1, ,0.0,30.0,0,0,0,0,0,0,0,0
CF,PKY,-2.247806,113.951278,0,SPT,75.8,60.7,76.0,54.0,0,0,0,0,0,0,0,0

SID,PKY1B,31,2
VA,0,312.0,2,1500,0,0,0,0,0,0
VI,2, ,0.0,120.0,0,0,0,0,0,0,0,0
CF,PKY,-2.247806,113.951278,0,SPT,75.8,60.7,76.0,56.0,0,0,0,0,0,0,0,0

STAR,AJAM1G,13,2
IF,AJAMA,-1.871944,115.413889, ,0.0,0.0,0,0,0,0,0,0,0,0
TF,PKY,-2.247806,113.951278,0, ,0.0,0.0,0.0,0.0,0,0,0,0,0,0,0,0
TF,SPT,-2.497583,112.971361,0, ,0.0,0.0,0.0,0.0,0,0,0,0,0,0,0,0
TF,NIBUN,-2.383528,112.849417,0, ,0.0,0.0,0.0,0.0,2,2500,0,0,0,0,0,0

STAR,AJAM1H,31,2
IF,AJAMA,-1.871944,115.413889, ,0.0,0.0,0,0,0,0,0,0,0,0
TF,PKY,-2.247806,113.951278,0, ,0.0,0.0,0.0,0.0,0,0,0,0,0,0,0,0
TF,SP30A,-2.374242,113.455633,0, ,0.0,0.0,0.0,0.0,0,0,0,0,0,0,0,0
TF,D084U,-2.461122,113.315828,0, ,0.0,0.0,0.0,0.0,0,0,0,0,0,0,0,0
TF,D105M,-2.553486,113.178869,0, ,0.0,0.0,0.0,0.0,0,0,0,0,0,0,0,0
TF,DAWAI,-2.611583,113.093278,0, ,0.0,0.0,0.0,0.0,2,2500,0,0,0,0,0,0

STAR,BDM1C,13,2
IF,BDM,-3.436800,114.731486, ,0.0,0.0,0,0,0,0,0,0,0,0
TF,SPT,-2.497583,112.971361,0, ,0.0,0.0,0.0,0.0,0,0,0,0,0,0,0,0
TF,NIBUN,-2.383528,112.849417,0, ,0.0,0.0,0.0,0.0,2,2500,0,0,0,0,0,0

STAR,BDM1D,31,2
IF,BDM,-3.436800,114.731486, ,0.0,0.0,0,0,0,0,0,0,0,0
TF,SP30B,-2.733403,113.412542,0, ,0.0,0.0,0.0,0.0,0,0,0,0,0,0,0,0
TF,D121T,-2.670075,113.256881,0, ,0.0,0.0,0.0,0.0,0,0,0,0,0,0,0,0
TF,DAWAI,-2.611583,113.093278,0, ,0.0,0.0,0.0,0.0,2,2500,0,0,0,0,0,0

STAR,ENPI1E,13,2
IF,ENPIN,-1.468056,111.590278, ,0.0,0.0,0,0,0,0,0,0,0,0
TF,SP30F,-2.198578,112.569906,0, ,0.0,0.0,0.0,0.0,0,0,0,0,0,0,0,0
TF,NIBUN,-2.383528,112.849417,0, ,0.0,0.0,0.0,0.0,2,2500,0,0,0,0,0,0

STAR,ENPI1F,31,2
IF,ENPIN,-1.468056,111.590278, ,0.0,0.0,0,0,0,0,0,0,0,0
TF,SPT,-2.497583,112.971361,0, ,0.0,0.0,0.0,0.0,0,0,0,0,0,0,0,0
TF,DAWAI,-2.611583,113.093278,0, ,0.0,0.0,0.0,0.0,2,2500,0,0,0,0,0,0

STAR,LAMU1G,13,2
IF,LAMUD,-3.040278,112.308611, ,0.0,0.0,0,0,0,0,0,0,0,0
TF,PKY87,-2.878242,112.645039,0, ,0.0,0.0,0.0,0.0,0,0,0,0,0,0,0,0
TF,SPT,-2.497583,112.971361,0, ,0.0,0.0,0.0,0.0,0,0,0,0,0,0,0,0
TF,NIBUN,-2.383528,112.849417,0, ,0.0,0.0,0.0,0.0,2,2500,0,0,0,0,0,0

STAR,LAMU1H,31,2
IF,LAMUD,-3.040278,112.308611, ,0.0,0.0,0,0,0,0,0,0,0,0
TF,PKY87,-2.878242,112.645039,0, ,0.0,0.0,0.0,0.0,0,0,0,0,0,0,0,0
TF,SPT,-2.497583,112.971361,0, ,0.0,0.0,0.0,0.0,0,0,0,0,0,0,0,0
TF,DAWAI,-2.611583,113.093278,2, ,0.0,0.0,0.0,0.0,2,2500,0,0,0,0,0,0

STAR,PKN1C,13,2
IF,PKN,-2.718472,111.687722, ,0.0,0.0,0,0,0,0,0,0,0,0
TF,SP30E,-2.582481,112.478947,0, ,0.0,0.0,0.0,0.0,0,0,0,0,0,0,0,0
TF,D275Q,-2.472883,112.691006,0, ,0.0,0.0,0.0,0.0,0,0,0,0,0,0,0,0
TF,NIBUN,-2.383528,112.849417,0, ,0.0,0.0,0.0,0.0,2,2500,0,0,0,0,0,0

STAR,PKN1D,31,2
IF,PKN,-2.718472,111.687722, ,0.0,0.0,0,0,0,0,0,0,0,0
TF,SPT,-2.497583,112.971361,0, ,0.0,0.0,0.0,0.0,0,0,0,0,0,0,0,0
TF,DAWAI,-2.611583,113.093278,0, ,0.0,0.0,0.0,0.0,2,2500,0,0,0,0,0,0

STAR,PKY1C,13,2
IF,PKY,-2.247806,113.951278, ,0.0,0.0,0,0,0,0,0,0,0,0
TF,SPT,-2.497583,112.971361,0, ,0.0,0.0,0.0,0.0,0,0,0,0,0,0,0,0
TF,NIBUN,-2.383528,112.849417,0, ,0.0,0.0,0.0,0.0,2,2500,0,0,0,0,0,0

STAR,PKY1D,31,2
IF,PKY,-2.247806,113.951278, ,0.0,0.0,0,0,0,0,0,0,0,0
TF,SP30A,-2.374242,113.455633,0, ,0.0,0.0,0.0,0.0,0,0,0,0,0,0,0,0
TF,D084U,-2.461122,113.315828,0, ,0.0,0.0,0.0,0.0,0,0,0,0,0,0,0,0
TF,D105M,-2.553486,113.178869,0, ,0.0,0.0,0.0,0.0,0,0,0,0,0,0,0,0
TF,DAWAI,-2.611583,113.093278,0, ,0.0,0.0,0.0,0.0,2,2500,0,0,0,0,0,0

APPTR,D13,13,NIBUN
HF,NIBUN,-2.383528,112.849417,1, ,0.0,0.0,133.0,04.3,2,2500,0,0,0,0,0,0,0

FINAL,D13,13,D,3
IF,NIBUN,-2.383528,112.849417,SPT,312.9,10.0,2,2500,0,0,0,0,0,0
CF,FF13,-2.423444,112.892083,0,SPT,312.9,6.5,133.0,3.5,2,2000,0,0,0,0,2,0
CF,MA13,-2.481617,112.954286,0,SPT,312.9,1.4,133.0,5.1,1,393,0,0,0,0,3,0
CA,0,133.0,2,1000,0,0,0,0,0,0
VI,1, ,0.0,283.0,0,0,0,0,0,0,0,0
CF,NIBUN,-2.383528,112.849417,0,SPT,312.9,10.0,313.0,3.5,2,2500,0,0,0,0,0,0

APPTR,D31,31,DAWAI
HF,DAWAI,-2.611583,113.093278,2, ,0.0,0.0,313.0,04.3,2,2500,0,0,0,0,0,0,0

FINAL,D31,31,D,3
IF,DAWAI,-2.611583,113.093278,SPT,132.9,10.0,2,2500,0,0,0,0,0,0
CF,FF31,-2.575111,113.054278,0,SPT,132.9,6.8,313.0,3.2,2,2000,0,0,0,0,2,0
CF,MA31,-2.516969,112.992094,0,SPT,132.9,1.7,313.0,5.1,1,374,0,0,0,0,3,0
CA,0,313.0,2,1000,0,0,0,0,0,0
VI,2, ,0.0,163.0,0,0,0,0,0,0,0,0
CF,DAWAI,-2.611583,113.093278,0,SPT,132.9,10.0,133.0,3.0,2,2500,0,0,0,0,0,0

