SID,BEGM1A,16,5
CA,0,157.0,2,1000,0,0,0,0,0,0
DF,BEGMI,-9.833333,140.410000,0, ,0.0,0.0,0,0,0,0,0,0,0,0

SID,BEGM1B,34,5
CA,0,337.0,2,1000,0,0,0,0,0,0
DF,KK621,-8.449444,140.080000,0, ,0.0,0.0,3,10000,0,0,0,0,0,0
TF,KK624,-9.419722,140.311389,1, ,0.0,0.0,0.0,0.0,0,0,0,0,0,0,0,0
TF,BEGMI,-9.833333,140.410000,0, ,0.0,0.0,0.0,0.0,0,0,0,0,0,0,0,0

SID,JOLI1A,16,5
CA,0,157.0,2,1000,0,0,0,0,0,0
DF,KK413,-8.650278,140.234444,2, ,0.0,0.0,0,0,0,0,0,0,0,0
TF,KK414,-7.877778,138.222222,0, ,0.0,0.0,0.0,0.0,0,0,0,0,0,0,0,0
TF,JOLIA,-7.600000,138.000000,0, ,0.0,0.0,0.0,0.0,0,0,0,0,0,0,0,0

SID,JOLI1B,34,5
CA,0,337.0,2,1000,0,0,0,0,0,0
DF,KK621,-8.449444,140.080000,0, ,0.0,0.0,3,10000,0,0,0,0,0,0
TF,KK622,-8.158056,139.222778,0, ,0.0,0.0,0.0,0.0,3,21000,0,0,0,0,0,0
TF,KK623,-7.877778,138.397500,0, ,0.0,0.0,0.0,0.0,0,0,0,0,0,0,0,0
TF,JOLIA,-7.600000,138.000000,0, ,0.0,0.0,0.0,0.0,0,0,0,0,0,0,0,0

SID,MENA1A,16,5
CA,0,157.0,2,1000,0,0,0,0,0,0
DF,KK413,-8.650278,140.234444,2, ,0.0,0.0,0,0,0,0,0,0,0,0
TF,KK415,-8.383333,140.004167,0, ,0.0,0.0,0.0,0.0,2,10000,0,0,0,0,0,0
TF,KK416,-8.052222,139.718333,0, ,0.0,0.0,0.0,0.0,0,0,0,0,0,0,0,0
TF,KK419,-7.734722,139.687500,0, ,0.0,0.0,0.0,0.0,2,22000,0,0,0,0,0,0
TF,KK417,-5.726111,139.493333,0, ,0.0,0.0,0.0,0.0,0,0,0,0,0,0,0,0
TF,MENAP,-4.100472,138.956472,0, ,0.0,0.0,0.0,0.0,0,0,0,0,0,0,0,0

SID,MENA1B,34,5
CA,0,337.0,2,1000,0,0,0,0,0,0
DF,KK614,-8.014722,140.202500,0, ,0.0,0.0,3,10000,0,0,0,0,0,0
TF,KK615,-6.915556,139.716389,0, ,0.0,0.0,0.0,0.0,3,21000,0,0,0,0,0,0
TF,KK616,-6.234167,139.415000,0, ,0.0,0.0,0.0,0.0,0,0,0,0,0,0,0,0
TF,KK417,-5.726111,139.493333,0, ,0.0,0.0,0.0,0.0,0,0,0,0,0,0,0,0
TF,MENAP,-4.100472,138.956472,0, ,0.0,0.0,0.0,0.0,0,0,0,0,0,0,0,0

SID,UBDU1A,16,5
CA,0,157.0,2,1000,0,0,0,0,0,0
DF,KK413,-8.650278,140.234444,2, ,0.0,0.0,0,0,0,0,0,0,0,0
TF,KK415,-8.383333,140.004167,0, ,0.0,0.0,0.0,0.0,2,10000,0,0,0,0,0,0
TF,KK416,-8.052222,139.718333,0, ,0.0,0.0,0.0,0.0,0,0,0,0,0,0,0,0
TF,KK434,-6.784167,138.624167,0, ,0.0,0.0,0.0,0.0,0,0,0,0,0,0,0,0
TF,KK620,-6.353611,138.450278,0, ,0.0,0.0,0.0,0.0,0,0,0,0,0,0,0,0
TF,UBDUT,-5.808889,137.956389,0, ,0.0,0.0,0.0,0.0,0,0,0,0,0,0,0,0

SID,UBDU1B,34,5
CA,0,337.0,2,1000,0,0,0,0,0,0
DF,KK614,-8.014722,140.202500,0, ,0.0,0.0,3,10000,0,0,0,0,0,0
TF,KK618,-7.068056,139.331389,0, ,0.0,0.0,0.0,0.0,3,21000,0,0,0,0,0,0
TF,KK619,-6.578056,138.880556,0, ,0.0,0.0,0.0,0.0,0,0,0,0,0,0,0,0
TF,KK620,-6.353611,138.450278,0, ,0.0,0.0,0.0,0.0,0,0,0,0,0,0,0,0
TF,UBDUT,-5.808889,137.956389,0, ,0.0,0.0,0.0,0.0,0,0,0,0,0,0,0,0

SID,UPNU1A,16,5
CA,0,157.0,2,2000,0,0,0,0,0,0
DF,KK411,-8.430556,140.671667,1, ,0.0,0.0,2,9000,0,0,0,0,0,0
TF,KK412,-6.472222,140.542778,0, ,0.0,0.0,0.0,0.0,0,0,0,0,0,0,0,0
TF,UPNUM,-6.111667,140.266667,0, ,0.0,0.0,0.0,0.0,0,0,0,0,0,0,0,0

SID,UPNU1B,34,5
CA,0,337.0,2,1000,0,0,0,0,0,0
DF,KK611,-7.974722,140.479722,0, ,0.0,0.0,3,10000,0,0,0,0,0,0
TF,KK612,-7.070556,140.441111,0, ,0.0,0.0,0.0,0.0,3,21000,0,0,0,0,0,0
TF,KK613,-6.576111,140.420000,0, ,0.0,0.0,0.0,0.0,0,0,0,0,0,0,0,0
TF,UPNUM,-6.111667,140.266667,0, ,0.0,0.0,0.0,0.0,0,0,0,0,0,0,0,0

STAR,BEGM1C,16,5
IF,BEGMI,-9.833333,140.410000, ,0.0,0.0,0,0,0,0,0,0,0,0
TF,KK427,-9.427778,140.540833,0, ,0.0,0.0,0.0,0.0,0,0,0,0,0,0,0,0
TF,KK428,-8.612500,140.801667,0, ,0.0,0.0,0.0,0.0,3,12000,0,0,0,0,0,0
TF,KK429,-8.307778,140.804167,0, ,0.0,0.0,0.0,0.0,3,8000,0,0,0,0,0,0
TF,VELRO,-8.319139,140.360306,1, ,0.0,0.0,0.0,0.0,2,3000,0,0,0,0,0,0

STAR,BEGM1D,34,5
IF,BEGMI,-9.833333,140.410000, ,0.0,0.0,0,0,0,0,0,0,0,0
TF,KK639,-9.387500,140.447222,0, ,0.0,0.0,0.0,0.0,0,0,0,0,0,0,0,0
TF,TUTKO,-8.718583,140.502639,0, ,0.0,0.0,0.0,0.0,2,3000,0,0,0,0,0,0

STAR,JOLI1C,16,5
IF,JOLIA,-7.600000,138.000000, ,0.0,0.0,0,0,0,0,0,0,0,0
TF,KK430,-7.911944,138.798333,0, ,0.0,0.0,0.0,0.0,0,0,0,0,0,0,0,0
TF,KK431,-8.140000,139.406667,0, ,0.0,0.0,0.0,0.0,0,0,0,0,0,0,0,0
TF,KK432,-8.287500,139.790833,0, ,0.0,0.0,0.0,0.0,3,9000,0,0,0,0,0,0
TF,VELRO,-8.319139,140.360306,0, ,0.0,0.0,0.0,0.0,2,3000,0,0,0,0,0,0

STAR,JOLI1D,34,5
IF,JOLIA,-7.600000,138.000000, ,0.0,0.0,0,0,0,0,0,0,0,0
TF,KK637,-7.703611,138.438611,0, ,0.0,0.0,0.0,0.0,0,0,0,0,0,0,0,0
TF,KK638,-8.018889,139.771111,0, ,0.0,0.0,0.0,0.0,0,0,0,0,0,0,0,0
TF,KK634,-8.071111,139.991667,0, ,0.0,0.0,0.0,0.0,0,0,0,0,0,0,0,0
TF,KK635,-8.514722,140.249444,0, ,0.0,0.0,0.0,0.0,2,11000,0,0,0,0,0,0
TF,KK636,-8.777222,140.401667,0, ,0.0,0.0,0.0,0.0,0,0,0,0,0,0,0,0
TF,TUTKO,-8.718583,140.502639,0, ,0.0,0.0,0.0,0.0,2,3000,0,0,0,0,0,0

STAR,MENA1C,16,5
IF,MENAP,-4.100472,138.956472, ,0.0,0.0,0,0,0,0,0,0,0,0
TF,KK417,-5.726111,139.493333,0, ,0.0,0.0,0.0,0.0,0,0,0,0,0,0,0,0
TF,KK421,-6.656667,139.915278,0, ,0.0,0.0,0.0,0.0,0,0,0,0,0,0,0,0
TF,KK423,-6.884722,140.016111,0, ,0.0,0.0,0.0,0.0,0,0,0,0,0,0,0,0
TF,KK424,-7.924722,140.270278,0, ,0.0,0.0,0.0,0.0,0,0,0,0,0,0,0,0
TF,KK425,-8.168333,140.326667,0, ,0.0,0.0,0.0,0.0,0,0,0,0,0,0,0,0
TF,VELRO,-8.319139,140.360306,0, ,0.0,0.0,0.0,0.0,2,3000,0,0,0,0,0,0

STAR,MENA1D,34,5
IF,MENAP,-4.100472,138.956472, ,0.0,0.0,0,0,0,0,0,0,0,0
TF,KK417,-5.726111,139.493333,0, ,0.0,0.0,0.0,0.0,0,0,0,0,0,0,0,0
TF,KK630,-6.144444,139.651944,0, ,0.0,0.0,0.0,0.0,0,0,0,0,0,0,0,0
TF,KK631,-7.638611,140.218056,0, ,0.0,0.0,0.0,0.0,2,22000,0,0,0,0,0,0
TF,KK627,-7.977222,140.346389,0, ,0.0,0.0,0.0,0.0,0,0,0,0,0,0,0,0
TF,KK628,-8.388611,140.502222,0, ,0.0,0.0,0.0,0.0,2,11000,0,0,0,0,0,0
TF,KK629,-8.672500,140.609722,0, ,0.0,0.0,0.0,0.0,0,0,0,0,0,0,0,0
TF,TUTKO,-8.718583,140.502639,0, ,0.0,0.0,0.0,0.0,2,3000,0,0,0,0,0,0

STAR,UBDU1C,16,5
IF,UBDUT,-5.808889,137.956389, ,0.0,0.0,0,0,0,0,0,0,0,0
TF,KK620,-6.353611,138.450278,0, ,0.0,0.0,0.0,0.0,0,0,0,0,0,0,0,0
TF,KK426,-7.448056,139.583889,0, ,0.0,0.0,0.0,0.0,3,21000,0,0,0,0,0,0
TF,KK418,-7.994722,140.146667,0, ,0.0,0.0,0.0,0.0,0,0,0,0,0,0,0,0
TF,KK425,-8.168333,140.326667,0, ,0.0,0.0,0.0,0.0,0,0,0,0,0,0,0,0
TF,VELRO,-8.319139,140.360306,0, ,0.0,0.0,0.0,0.0,2,3000,0,0,0,0,0,0

STAR,UBDU1D,34,5
IF,UBDUT,-5.808889,137.956389, ,0.0,0.0,0,0,0,0,0,0,0,0
TF,KK620,-6.353611,138.450278,0, ,0.0,0.0,0.0,0.0,0,0,0,0,0,0,0,0
TF,KK632,-6.690556,138.752778,0, ,0.0,0.0,0.0,0.0,0,0,0,0,0,0,0,0
TF,KK633,-7.932500,139.867500,0, ,0.0,0.0,0.0,0.0,0,0,0,0,0,0,0,0
TF,KK634,-8.071111,139.991667,0, ,0.0,0.0,0.0,0.0,0,0,0,0,0,0,0,0
TF,KK635,-8.514722,140.249444,0, ,0.0,0.0,0.0,0.0,2,11000,0,0,0,0,0,0
TF,KK636,-8.777222,140.401667,0, ,0.0,0.0,0.0,0.0,0,0,0,0,0,0,0,0
TF,TUTKO,-8.718583,140.502639,0, ,0.0,0.0,0.0,0.0,2,3000,0,0,0,0,0,0

STAR,UPNU1C,16,5
IF,UPNUM,-6.111667,140.266667, ,0.0,0.0,0,0,0,0,0,0,0,0
TF,KK422,-6.646111,140.095000,0, ,0.0,0.0,0.0,0.0,0,0,0,0,0,0,0,0
TF,KK423,-6.884722,140.016111,0, ,0.0,0.0,0.0,0.0,0,0,0,0,0,0,0,0
TF,KK424,-7.924722,140.270278,0, ,0.0,0.0,0.0,0.0,0,0,0,0,0,0,0,0
TF,KK425,-8.168333,140.326667,0, ,0.0,0.0,0.0,0.0,0,0,0,0,0,0,0,0
TF,VELRO,-8.319139,140.360306,0, ,0.0,0.0,0.0,0.0,2,3000,0,0,0,0,0,0

STAR,UPNU1D,34,5
IF,UPNUM,-6.111667,140.266667, ,0.0,0.0,0,0,0,0,0,0,0,0
TF,KK625,-6.578611,140.286667,0, ,0.0,0.0,0.0,0.0,0,0,0,0,0,0,0,0
TF,KK626,-7.615278,140.330833,0, ,0.0,0.0,0.0,0.0,2,22000,0,0,0,0,0,0
TF,KK627,-7.977222,140.346389,0, ,0.0,0.0,0.0,0.0,0,0,0,0,0,0,0,0
TF,KK628,-8.388611,140.502222,0, ,0.0,0.0,0.0,0.0,2,11000,0,0,0,0,0,0
TF,KK629,-8.672500,140.609722,0, ,0.0,0.0,0.0,0.0,0,0,0,0,0,0,0,0
TF,TUTKO,-8.718583,140.502639,0, ,0.0,0.0,0.0,0.0,2,3000,0,0,0,0,0,0

APPTR,D16-Y,16,VELRO
IF,VELRO,-8.319139,140.360306, ,0.0,0.0,2,3000,0,0,0,0,1,0
TF,CD16,-8.367728,140.373847,0, ,0.0,0.0,0.0,0.0,2,2200,0,0,0,0,1,0

FINAL,D16-Y,16,D,3
IF,CD16,-8.367728,140.373847,MKE,340.5,9.6,2,2200,0,0,0,0,0,0
CF,FD16,-8.430639,140.391417,0,MKE,340.5,5.7,161.0,3.9,2,1600,0,0,0,0,2,0
CF,RW16,-8.512442,140.415631,0,MKE,347.8,0.6,161.0,5.1,1,60,0,0,0,0,3,0
CA,0,161.0,2,1500,0,0,0,0,0,0
CF,VELRO,-8.319139,140.360306,2,MKE,340.5,12.6,341.0,15.0,2,3000,0,0,0,0,0,0

APPTR,D34,34,TUTKO
IF,TUTKO,-8.718583,140.502639, ,0.0,0.0,2,3000,0,0,0,0,1,0
TF,CD34,-8.673133,140.482783,0, ,0.0,0.0,0.0,0.0,2,2200,0,0,0,0,1,0

FINAL,D34,34,D,3
IF,CD34,-8.673133,140.482783,MKE,152.5,9.8,2,2200,0,0,0,0,0,0
CF,FD34,-8.611694,140.455972,0,MKE,152.5,5.8,333.0,4.0,2,1600,0,0,0,0,2,0
CF,RW34,-8.533733,140.423278,0,MKE,147.1,0.8,333.0,5.1,1,55,0,0,0,0,3,0
CA,0,333.0,2,1500,0,0,0,0,0,0
CF,TUTKO,-8.718583,140.502639,1,MKE,152.5,12.8,153.0,15.0,2,3000,0,0,0,0,0,0

APPTR,R16,16,VELRO
IF,VELRO,-8.319139,140.360306, ,0.0,0.0,2,3000,0,0,0,0,1,0
TF,KK402,-8.386250,140.370333,0, ,0.0,0.0,0.0,0.0,2,2000,0,0,0,0,1,0

FINAL,R16,16,R,3
IF,KK402,-8.386250,140.370333, ,0.0,0.0,2,2000,0,0,0,0,0,0
TF,KK403,-8.433556,140.387306,0, ,0.0,0.0,157.0,3.0,2,1600,0,0,0,0,2,0
TF,RW16,-8.512442,140.415631,0, ,0.0,0.0,157.0,5.0,1,60,0,0,0,0,3,1
CA,0,157.0,2,1500,0,0,0,0,0,0
DF,RAUKE,-8.550472,140.342083,2, ,0.0,0.0,0,0,0,0,0,0,0,0
TF,VELRO,-8.319139,140.360306,0, ,0.0,0.0,0.0,0.0,2,3000,0,0,0,0,0,0

APPTR,R34,34,TUTKO
IF,TUTKO,-8.718583,140.502639, ,0.0,0.0,2,3000,0,0,0,0,1,0
TF,KK602,-8.660167,140.468722,0, ,0.0,0.0,0.0,0.0,2,2000,0,0,0,0,1,0

FINAL,R34,34,R,3
IF,KK602,-8.660167,140.468722, ,0.0,0.0,2,2000,0,0,0,0,0,0
TF,KK603,-8.612861,140.451722,0, ,0.0,0.0,337.0,3.0,2,1600,0,0,0,0,2,0
TF,RW34,-8.533733,140.423278,0, ,0.0,0.0,337.0,5.0,1,55,0,0,0,0,3,1
CA,0,337.0,2,1500,0,0,0,0,0,0
DF,RAUKE,-8.550472,140.342083,1, ,0.0,0.0,0,0,0,0,0,0,0,0
TF,TUTKO,-8.718583,140.502639,0, ,0.0,0.0,0.0,0.0,2,3000,0,0,0,0,0,0

APPTR,S16-Z,16,MKE
IF,MKE,-8.522611,140.417111, ,0.0,0.0,2,2500,0,0,0,0,0,0
FC,MKE,-8.522611,140.417111,0,MKE,0.0,0.0,325.0,9.0,2,1500,0,0,0,0,0,1
CF,FS16,-8.440042,140.393333,2,MKE,340.0,5.1,160.0,4.0,2,1500,0,0,0,0,0,0

FINAL,S16-Z,16,D,2
IF,FS16,-8.440042,140.393333,MKE,340.0,5.1,2,1500,0,0,0,0,2,0
CF,RW16,-8.512442,140.415631,0,MKE,347.8,0.6,160.0,4.5,1,60,0,0,0,0,3,0
CF,MKE,-8.522611,140.417111,0,MKE,0.0,0.0,160.0,0.6,0,0,0,0,0,0,0,1
FA,MKE,-8.522611,140.417111,0,MKE,0.0,0.0,160.0,2,1500,0,0,0,0,0,0
DF,MKE,-8.522611,140.417111,2, ,0.0,0.0,2,2500,0,0,0,0,0,0

