APPTR,R13,13,OPUTA
IF,OPUTA,-2.580111,122.085000, ,0.0,0.0,2,4000,0,0,0,0,1,0
TF,MP401,-2.690139,122.044583,0, ,0.0,0.0,0.0,0.0,2,1800,0,1,210,0,1,0

FINAL,R13,13,R,3
IF,MP401,-2.690139,122.044583, ,0.0,0.0,2,1800,0,1,210,0,0,0
TF,MP402,-2.746806,122.081917,0, ,0.0,0.0,146.0,4.1,2,1400,0,0,0,0,2,0
TF,RW13,-2.792856,122.134078,0, ,0.0,0.0,131.0,4.2,1,74,0,0,0,0,3,1
DF,OPUTA,-2.580111,122.085000,1, ,0.0,0.0,2,4000,0,0,0,0,0,0
HM,OPUTA,-2.580111,122.085000,1, ,0.0,0.0,200.0,04.3,2,4000,0,0,0,0,0,0,0

FINAL,R31,31,R,4
IF,BIGOV,-2.978861,122.345000, ,0.0,0.0,2,4500,0,0,0,0,1,0
TF,MP601,-2.912056,122.269222,0, ,0.0,0.0,311.0,6.1,2,3200,0,0,0,0,2,0
TF,MP602,-2.884306,122.237750,0, ,0.0,0.0,311.0,2.5,2,2400,0,0,0,0,0,0
TF,RW31,-2.803589,122.146247,0, ,0.0,0.0,311.0,7.3,1,74,0,0,0,0,3,1
CA,0,311.0,2,1500,0,0,0,0,0,0
DF,BIGOV,-2.978861,122.345000,2, ,0.0,0.0,2,4500,0,0,0,0,0,0
HM,BIGOV,-2.978861,122.345000,2, ,0.0,0.0,311.0,04.3,2,4500,0,0,0,0,0,0,0

