SID,DAPT1A,09,2
VA,0,93.0,2,3000,0,0,0,0,0,0
DF,MIL,-0.896222,131.289783,1, ,0.0,0.0,2,4000,0,0,0,0,0,0
TF,DAPTI,-1.445833,129.743056,0, ,0.0,0.0,0.0,0.0,0,0,0,0,0,0,0,0

SID,DAPT1B,27,2
VA,0,273.0,2,1000,0,0,0,0,0,0
VI,0, ,0.0,228.0,0,0,0,0,0,0,0,0
IF,MIL,-0.896222,131.289783, ,0.0,0.0,0,0,0,0,0,0,0,0
TF,DAPTI,-1.445833,129.743056,0, ,0.0,0.0,0.0,0.0,0,0,0,0,0,0,0,0

SID,DAPT1E,09,2
VA,0,93.0,2,1500,0,0,0,0,0,0
VI,2, ,0.0,268.0,0,0,0,0,0,0,0,0
IF,MIL,-0.896222,131.289783, ,0.0,0.0,0,0,0,0,0,0,0,0
TF,DAPTI,-1.445833,129.743056,0, ,0.0,0.0,0.0,0.0,0,0,0,0,0,0,0,0

SID,DAPT1F,09,5
CA,0,93.0,2,2000,0,0,0,0,0,0
DF,ESPEX,-1.111944,131.395278,0, ,0.0,0.0,0,0,0,0,0,0,0,0
TF,LEMEM,-1.185556,131.092222,0, ,0.0,0.0,0.0,0.0,1,12000,0,0,0,0,0,0
TF,TEDEL,-1.148889,130.572778,0, ,0.0,0.0,0.0,0.0,2,21000,0,0,0,0,0,0
TF,ENRUG,-1.372500,130.117500,0, ,0.0,0.0,0.0,0.0,0,0,0,0,0,0,0,0
TF,DAPTI,-1.445833,129.743056,0, ,0.0,0.0,0.0,0.0,0,0,0,0,0,0,0,0

SID,DAPT1H,27,5
CA,0,273.0,2,1000,0,0,0,0,0,0
DF,OMBID,-0.995833,130.799722,0, ,0.0,0.0,0,0,0,0,0,0,0,0
TF,RUROK,-1.169722,130.176667,0, ,0.0,0.0,0.0,0.0,3,23000,0,0,0,0,0,0
TF,DAPTI,-1.445833,129.743056,0, ,0.0,0.0,0.0,0.0,0,0,0,0,0,0,0,0

SID,FIMB1A,09,2
VA,0,93.0,2,3000,0,0,0,0,0,0
VI,1, ,0.0,268.0,0,0,0,0,0,0,0,0
IF,MIL,-0.896222,131.289783, ,0.0,0.0,0,0,0,0,0,0,0,0
TF,FIMBA,-0.140278,129.165000,0, ,0.0,0.0,0.0,0.0,0,0,0,0,0,0,0,0

SID,FIMB1B,27,2
VA,0,273.0,2,1000,0,0,0,0,0,0
VI,0, ,0.0,304.0,0,0,0,0,0,0,0,0
IF,MIL,-0.896222,131.289783, ,0.0,0.0,0,0,0,0,0,0,0,0
TF,FIMBA,-0.140278,129.165000,0, ,0.0,0.0,0.0,0.0,0,0,0,0,0,0,0,0

SID,FIMB1E,09,2
VA,0,93.0,2,1500,0,0,0,0,0,0
VI,2, ,0.0,302.0,0,0,0,0,0,0,0,0
IF,MIL,-0.896222,131.289783, ,0.0,0.0,0,0,0,0,0,0,0,0
TF,FIMBA,-0.140278,129.165000,0, ,0.0,0.0,0.0,0.0,0,0,0,0,0,0,0,0

SID,FIMB1K,27,5
CA,0,273.0,2,1000,0,0,0,0,0,0
DF,REPEP,-0.771944,130.804444,0, ,0.0,0.0,0,0,0,0,0,0,0,0
TF,BIGUD,-0.550000,130.070000,0, ,0.0,0.0,0.0,0.0,0,0,0,0,0,0,0,0
TF,VIPEG,-0.442222,129.712778,0, ,0.0,0.0,0.0,0.0,0,0,0,0,0,0,0,0
TF,FIMBA,-0.140278,129.165000,0, ,0.0,0.0,0.0,0.0,0,0,0,0,0,0,0,0

SID,FIMB1M,09,5
CA,0,93.0,2,2000,0,0,0,0,0,0
DF,ADNIN,-0.620833,131.376389,1, ,0.0,0.0,3,9000,0,0,0,0,0,0
TF,PUPEM,-0.431944,130.771944,0, ,0.0,0.0,0.0,0.0,0,0,0,0,0,0,0,0
TF,FIMBA,-0.140278,129.165000,0, ,0.0,0.0,0.0,0.0,0,0,0,0,0,0,0,0

SID,GOBA1A,09,2
VA,0,93.0,2,3000,0,0,0,0,0,0
DF,MIL,-0.896222,131.289783,1, ,0.0,0.0,2,4000,0,0,0,0,0,0
TF,GOBAL,-0.926667,129.384722,0, ,0.0,0.0,0.0,0.0,0,0,0,0,0,0,0,0

SID,GOBA1B,27,2
VA,0,273.0,2,1000,0,0,0,0,0,0
VI,0, ,0.0,257.0,0,0,0,0,0,0,0,0
IF,MIL,-0.896222,131.289783, ,0.0,0.0,0,0,0,0,0,0,0,0
TF,GOBAL,-0.926667,129.384722,0, ,0.0,0.0,0.0,0.0,0,0,0,0,0,0,0,0

SID,GOBA1E,09,2
VA,0,93.0,2,1500,0,0,0,0,0,0
VI,2, ,0.0,282.0,0,0,0,0,0,0,0,0
IF,MIL,-0.896222,131.289783, ,0.0,0.0,0,0,0,0,0,0,0,0
TF,GOBAL,-0.926667,129.384722,0, ,0.0,0.0,0.0,0.0,0,0,0,0,0,0,0,0

SID,GOBA1F,09,5
CA,0,93.0,2,2000,0,0,0,0,0,0
DF,ESPEX,-1.111944,131.395278,0, ,0.0,0.0,0,0,0,0,0,0,0,0
TF,LEMEM,-1.185556,131.092222,0, ,0.0,0.0,0.0,0.0,1,12000,0,0,0,0,0,0
TF,TEDEL,-1.148889,130.572778,0, ,0.0,0.0,0.0,0.0,2,21000,0,0,0,0,0,0
TF,GOBAL,-0.926667,129.384722,0, ,0.0,0.0,0.0,0.0,0,0,0,0,0,0,0,0

SID,GOBA1H,27,5
CA,0,273.0,2,1000,0,0,0,0,0,0
DF,LOVMU,-0.896111,130.789722,0, ,0.0,0.0,0,0,0,0,0,0,0,0
TF,DADPO,-0.912500,130.021667,0, ,0.0,0.0,0.0,0.0,0,0,0,0,0,0,0,0
TF,GOBAL,-0.926667,129.384722,0, ,0.0,0.0,0.0,0.0,0,0,0,0,0,0,0,0

SID,JOLA1A,27,2
VA,0,273.0,2,1000,0,0,0,0,0,0
VI,1, ,0.0,99.0,0,0,0,0,0,0,0,0
IF,MIL,-0.896222,131.289783, ,0.0,0.0,0,0,0,0,0,0,0,0
TF,JOLAM,-2.267500,132.601667,0, ,0.0,0.0,0.0,0.0,0,0,0,0,0,0,0,0

SID,JOLA1D,09,2
VA,0,93.0,2,1500,0,0,0,0,0,0
VI,0, ,0.0,153.0,0,0,0,0,0,0,0,0
IF,MIL,-0.896222,131.289783, ,0.0,0.0,0,0,0,0,0,0,0,0
TF,JOLAM,-2.267500,132.601667,0, ,0.0,0.0,0.0,0.0,0,0,0,0,0,0,0,0

SID,JOLA1F,09,5
CA,0,93.0,2,2000,0,0,0,0,0,0
DF,BEGVU,-1.015000,131.509722,0, ,0.0,0.0,0,0,0,0,0,0,0,0
TF,TEMIN,-1.445278,132.020278,0, ,0.0,0.0,0.0,0.0,0,0,0,0,0,0,0,0
TF,TEKOK,-1.811389,132.263889,0, ,0.0,0.0,0.0,0.0,0,0,0,0,0,0,0,0
TF,JOLAM,-2.267500,132.601667,0, ,0.0,0.0,0.0,0.0,0,0,0,0,0,0,0,0

SID,JOLA1H,27,5
CA,0,273.0,2,1000,0,0,0,0,0,0
DF,MUBUN,-1.280278,131.315278,1, ,0.0,0.0,3,10000,0,0,0,0,0,0
TF,AGRIR,-1.681111,131.837500,0, ,0.0,0.0,0.0,0.0,0,0,0,0,0,0,0,0
TF,JOLAM,-2.267500,132.601667,0, ,0.0,0.0,0.0,0.0,0,0,0,0,0,0,0,0

SID,MKW1A,09,2
VA,0,93.0,2,1500,0,0,0,0,0,0
IF,MIL,-0.896222,131.289783, ,0.0,0.0,0,0,0,0,0,0,0,0
TF,MKW,-0.896478,134.050367,0, ,0.0,0.0,0.0,0.0,0,0,0,0,0,0,0,0

SID,MKW1B,27,2
VA,0,273.0,2,1000,0,0,0,0,0,0
VI,2, ,0.0,108.0,0,0,0,0,0,0,0,0
IF,MIL,-0.896222,131.289783, ,0.0,0.0,0,0,0,0,0,0,0,0
TF,MKW,-0.896478,134.050367,0, ,0.0,0.0,0.0,0.0,0,0,0,0,0,0,0,0

SID,MKW1F,09,5
CA,0,93.0,2,2000,0,0,0,0,0,0
DF,PALGU,-0.900278,131.539722,0, ,0.0,0.0,0,0,0,0,0,0,0,0
TF,ENTUT,-0.898333,132.562222,0, ,0.0,0.0,0.0,0.0,0,0,0,0,0,0,0,0
TF,MINON,-0.896389,133.637500,0, ,0.0,0.0,0.0,0.0,0,0,0,0,0,0,0,0
TF,MKW,-0.896478,134.050367,0, ,0.0,0.0,0.0,0.0,0,0,0,0,0,0,0,0

SID,MKW1H,27,5
CA,0,273.0,2,1000,0,0,0,0,0,0
DF,UPMOL,-0.648056,131.198611,0, ,0.0,0.0,3,9000,0,0,0,0,0,0
TF,OGINU,-0.543611,131.644167,0, ,0.0,0.0,0.0,0.0,0,0,0,0,0,0,0,0
TF,RUTID,-0.591389,131.914444,0, ,0.0,0.0,0.0,0.0,0,0,0,0,0,0,0,0
TF,ONERI,-0.809444,133.055278,0, ,0.0,0.0,0.0,0.0,0,0,0,0,0,0,0,0
TF,MINON,-0.896389,133.637500,0, ,0.0,0.0,0.0,0.0,0,0,0,0,0,0,0,0
TF,MKW,-0.896478,134.050367,0, ,0.0,0.0,0.0,0.0,0,0,0,0,0,0,0,0

SID,RUMI1A,09,2
VA,0,93.0,2,3000,0,0,0,0,0,0
DF,MIL,-0.896222,131.289783,1, ,0.0,0.0,2,4000,0,0,0,0,0,0
TF,RUMIT,-1.810833,130.156389,0, ,0.0,0.0,0.0,0.0,0,0,0,0,0,0,0,0

SID,RUMI1B,27,2
VA,0,273.0,2,1000,0,0,0,0,0,0
VI,0, ,0.0,195.0,0,0,0,0,0,0,0,0
IF,MIL,-0.896222,131.289783, ,0.0,0.0,0,0,0,0,0,0,0,0
TF,RUMIT,-1.810833,130.156389,0, ,0.0,0.0,0.0,0.0,0,0,0,0,0,0,0,0

SID,RUMI1E,09,2
VA,0,93.0,2,1500,0,0,0,0,0,0
VI,2, ,0.0,251.0,0,0,0,0,0,0,0,0
IF,MIL,-0.896222,131.289783, ,0.0,0.0,0,0,0,0,0,0,0,0
TF,RUMIT,-1.810833,130.156389,0, ,0.0,0.0,0.0,0.0,0,0,0,0,0,0,0,0

SID,RUMI1F,09,5
CA,0,93.0,2,2000,0,0,0,0,0,0
DF,ESPEX,-1.111944,131.395278,0, ,0.0,0.0,0,0,0,0,0,0,0,0
TF,LEMEM,-1.185556,131.092222,0, ,0.0,0.0,0.0,0.0,1,12000,0,0,0,0,0,0
TF,MAGVA,-1.564722,130.695833,0, ,0.0,0.0,0.0,0.0,0,0,0,0,0,0,0,0
TF,RUMIT,-1.810833,130.156389,0, ,0.0,0.0,0.0,0.0,0,0,0,0,0,0,0,0

SID,RUMI1H,27,5
CA,0,273.0,2,1000,0,0,0,0,0,0
DF,UKBUG,-0.999722,131.062222,0, ,0.0,0.0,0,0,0,0,0,0,0,0
TF,NOBUD,-1.274722,130.755278,0, ,0.0,0.0,0.0,0.0,3,20000,0,0,0,0,0,0
TF,RUMIT,-1.810833,130.156389,0, ,0.0,0.0,0.0,0.0,0,0,0,0,0,0,0,0

STAR,DAPT1C,09,2
IF,DAPTI,-1.445833,129.743056, ,0.0,0.0,0,0,0,0,0,0,0,0
TF,D250Y,-1.035722,130.897564,0, ,0.0,0.0,0.0,0.0,0,0,0,0,0,0,0,0
TF,ADUAP,-0.860192,131.047178,0, ,0.0,0.0,0.0,0.0,0,0,0,0,0,0,0,0

STAR,DAPT1D,27,2
IF,DAPTI,-1.445833,129.743056, ,0.0,0.0,0,0,0,0,0,0,0,0
TF,MIL,-0.896222,131.289783,0, ,0.0,0.0,0.0,0.0,2,5000,0,0,0,0,0,0
TF,ELPOV,-0.885944,131.527389,0, ,0.0,0.0,0.0,0.0,0,0,0,0,0,0,0,0

STAR,DAPT1G,09,5
IF,DAPTI,-1.445833,129.743056, ,0.0,0.0,0,0,0,0,0,0,0,0
TF,AKPED,-1.204722,130.180000,0, ,0.0,0.0,0.0,0.0,3,20000,0,0,0,0,0,0
TF,TOPEV,-0.836667,130.882778,0, ,0.0,0.0,0.0,0.0,0,0,0,0,0,0,0,0
TF,ADUAP,-0.860192,131.047178,0, ,0.0,0.0,0.0,0.0,1,3500,0,0,0,0,0,0

STAR,DAPT1J,27,5
IF,DAPTI,-1.445833,129.743056, ,0.0,0.0,0,0,0,0,0,0,0,0
TF,GUKUS,-1.179167,130.622222,0, ,0.0,0.0,0.0,0.0,2,24000,0,0,0,0,0,0
TF,APIPI,-1.235833,130.898889,0, ,0.0,0.0,0.0,0.0,2,21000,0,0,0,0,0,0
TF,REBUP,-1.283889,131.133889,0, ,0.0,0.0,0.0,0.0,0,0,0,0,0,0,0,0
TF,LAPAP,-1.165000,131.354167,0, ,0.0,0.0,0.0,0.0,2,12000,0,0,0,0,0,0
TF,ORUBO,-1.046111,131.575000,0, ,0.0,0.0,0.0,0.0,0,0,0,0,0,0,0,0
TF,ELPOV,-0.885944,131.527389,0, ,0.0,0.0,0.0,0.0,1,3500,0,0,0,0,0,0

STAR,FIMB1C,09,2
IF,FIMBA,-0.140278,129.165000, ,0.0,0.0,0,0,0,0,0,0,0,0
TF,D288Y,-0.756767,130.897561,0, ,0.0,0.0,0.0,0.0,0,0,0,0,0,0,0,0
TF,ADUAP,-0.860192,131.047178,0, ,0.0,0.0,0.0,0.0,0,0,0,0,0,0,0,0

STAR,FIMB1D,27,2
IF,FIMBA,-0.140278,129.165000, ,0.0,0.0,0,0,0,0,0,0,0,0
TF,MIL,-0.896222,131.289783,0, ,0.0,0.0,0.0,0.0,2,5000,0,0,0,0,0,0
TF,ELPOV,-0.885944,131.527389,0, ,0.0,0.0,0.0,0.0,0,0,0,0,0,0,0,0

STAR,FIMB1J,27,5
IF,FIMBA,-0.140278,129.165000, ,0.0,0.0,0,0,0,0,0,0,0,0
TF,SAGET,-0.554722,130.572222,0, ,0.0,0.0,0.0,0.0,0,0,0,0,0,0,0,0
TF,UBSER,-0.763333,131.280556,0, ,0.0,0.0,0.0,0.0,2,10000,0,0,0,0,0,0
TF,ASUSI,-0.725833,131.479722,0, ,0.0,0.0,0.0,0.0,0,0,0,0,0,0,0,0
TF,ELPOV,-0.885944,131.527389,0, ,0.0,0.0,0.0,0.0,1,3500,0,0,0,0,0,0

STAR,FIMB1L,09,5
IF,FIMBA,-0.140278,129.165000, ,0.0,0.0,0,0,0,0,0,0,0,0
TF,BOKAB,-0.537222,130.090000,0, ,0.0,0.0,0.0,0.0,0,0,0,0,0,0,0,0
TF,TOPEV,-0.836667,130.882778,0, ,0.0,0.0,0.0,0.0,0,0,0,0,0,0,0,0
TF,ADUAP,-0.860192,131.047178,0, ,0.0,0.0,0.0,0.0,1,3500,0,0,0,0,0,0

STAR,GOBA1C,09,2
IF,GOBAL,-0.926667,129.384722, ,0.0,0.0,0,0,0,0,0,0,0,0
TF,D268Y,-0.902953,130.873861,0, ,0.0,0.0,0.0,0.0,0,0,0,0,0,0,0,0
TF,ADUAP,-0.860192,131.047178,0, ,0.0,0.0,0.0,0.0,0,0,0,0,0,0,0,0

STAR,GOBA1D,27,2
IF,GOBAL,-0.926667,129.384722, ,0.0,0.0,0,0,0,0,0,0,0,0
TF,MIL,-0.896222,131.289783,0, ,0.0,0.0,0.0,0.0,2,5000,0,0,0,0,0,0
TF,ELPOV,-0.885944,131.527389,0, ,0.0,0.0,0.0,0.0,0,0,0,0,0,0,0,0

STAR,GOBA1G,09,5
IF,GOBAL,-0.926667,129.384722, ,0.0,0.0,0,0,0,0,0,0,0,0
TF,DOGBO,-0.876667,130.045278,0, ,0.0,0.0,0.0,0.0,0,0,0,0,0,0,0,0
TF,TOPEV,-0.836667,130.882778,0, ,0.0,0.0,0.0,0.0,0,0,0,0,0,0,0,0
TF,ADUAP,-0.860192,131.047178,0, ,0.0,0.0,0.0,0.0,1,3500,0,0,0,0,0,0

STAR,GOBA1J,27,5
IF,GOBAL,-0.926667,129.384722, ,0.0,0.0,0,0,0,0,0,0,0,0
TF,GUKUS,-1.179167,130.622222,0, ,0.0,0.0,0.0,0.0,2,24000,0,0,0,0,0,0
TF,APIPI,-1.235833,130.898889,0, ,0.0,0.0,0.0,0.0,2,21000,0,0,0,0,0,0
TF,REBUP,-1.283889,131.133889,0, ,0.0,0.0,0.0,0.0,0,0,0,0,0,0,0,0
TF,LAPAP,-1.165000,131.354167,0, ,0.0,0.0,0.0,0.0,2,12000,0,0,0,0,0,0
TF,ORUBO,-1.046111,131.575000,0, ,0.0,0.0,0.0,0.0,0,0,0,0,0,0,0,0
TF,ELPOV,-0.885944,131.527389,0, ,0.0,0.0,0.0,0.0,1,3500,0,0,0,0,0,0

STAR,JOLA1B,09,2
IF,JOLAM,-2.267500,132.601667, ,0.0,0.0,0,0,0,0,0,0,0,0
TF,MIL,-0.896222,131.289783,0, ,0.0,0.0,0.0,0.0,0,0,0,0,0,0,0,0
TF,ADUAP,-0.860192,131.047178,0, ,0.0,0.0,0.0,0.0,0,0,0,0,0,0,0,0

STAR,JOLA1C,27,2
IF,JOLAM,-2.267500,132.601667, ,0.0,0.0,0,0,0,0,0,0,0,0
TF,D135Y,-1.197953,131.578214,0, ,0.0,0.0,0.0,0.0,0,0,0,0,0,0,0,0
TF,ELPOV,-0.885944,131.527389,0, ,0.0,0.0,0.0,0.0,0,0,0,0,0,0,0,0

STAR,JOLA1E,27,5
IF,JOLAM,-2.267500,132.601667, ,0.0,0.0,0,0,0,0,0,0,0,0
TF,IKULU,-1.616111,132.181111,0, ,0.0,0.0,0.0,0.0,0,0,0,0,0,0,0,0
TF,IPNUK,-0.879167,131.693889,0, ,0.0,0.0,0.0,0.0,0,0,0,0,0,0,0,0
TF,ELPOV,-0.885944,131.527389,0, ,0.0,0.0,0.0,0.0,1,3500,0,0,0,0,0,0

STAR,JOLA1G,09,5
IF,JOLAM,-2.267500,132.601667, ,0.0,0.0,0,0,0,0,0,0,0,0
TF,UKADO,-1.459722,131.698333,0, ,0.0,0.0,0.0,0.0,0,0,0,0,0,0,0,0
TF,NISIT,-1.108056,131.305278,0, ,0.0,0.0,0.0,0.0,2,13000,0,0,0,0,0,0
TF,IRPAD,-1.020278,131.001111,0, ,0.0,0.0,0.0,0.0,0,0,0,0,0,0,0,0
TF,ADUAP,-0.860192,131.047178,0, ,0.0,0.0,0.0,0.0,1,3500,0,0,0,0,0,0

STAR,MKW1C,09,2
IF,MKW,-0.896478,134.050367, ,0.0,0.0,0,0,0,0,0,0,0,0
TF,MIL,-0.896222,131.289783,0, ,0.0,0.0,0.0,0.0,0,0,0,0,0,0,0,0
TF,ADUAP,-0.860192,131.047178,0, ,0.0,0.0,0.0,0.0,0,0,0,0,0,0,0,0

STAR,MKW1D,27,2
IF,MKW,-0.896478,134.050367, ,0.0,0.0,0,0,0,0,0,0,0,0
TF,D089Y,-0.896394,131.705756,0, ,0.0,0.0,0.0,0.0,0,0,0,0,0,0,0,0
TF,ELPOV,-0.885944,131.527389,0, ,0.0,0.0,0.0,0.0,0,0,0,0,0,0,0,0

STAR,MKW1E,27,5
IF,MKW,-0.896478,134.050367, ,0.0,0.0,0,0,0,0,0,0,0,0
TF,MINON,-0.896389,133.637500,0, ,0.0,0.0,0.0,0.0,0,0,0,0,0,0,0,0
TF,OSIDI,-0.866667,132.603611,0, ,0.0,0.0,0.0,0.0,0,0,0,0,0,0,0,0
TF,IPNUK,-0.879167,131.693889,0, ,0.0,0.0,0.0,0.0,0,0,0,0,0,0,0,0
TF,ELPOV,-0.885944,131.527389,0, ,0.0,0.0,0.0,0.0,1,3500,0,0,0,0,0,0

STAR,MKW1G,09,5
IF,MKW,-0.896478,134.050367, ,0.0,0.0,0,0,0,0,0,0,0,0
TF,MINON,-0.896389,133.637500,0, ,0.0,0.0,0.0,0.0,0,0,0,0,0,0,0,0
TF,ONERI,-0.809444,133.055278,0, ,0.0,0.0,0.0,0.0,0,0,0,0,0,0,0,0
TF,BUXAS,-0.718333,132.506667,0, ,0.0,0.0,0.0,0.0,0,0,0,0,0,0,0,0
TF,OLVOM,-0.712222,132.036389,0, ,0.0,0.0,0.0,0.0,0,0,0,0,0,0,0,0
TF,ESDED,-0.702778,131.297222,0, ,0.0,0.0,0.0,0.0,2,10000,0,0,0,0,0,0
TF,OTKAL,-0.700278,131.093611,0, ,0.0,0.0,0.0,0.0,0,0,0,0,0,0,0,0
TF,ADUAP,-0.860192,131.047178,0, ,0.0,0.0,0.0,0.0,1,3500,0,0,0,0,0,0

STAR,RUMI1C,09,2
IF,RUMIT,-1.810833,130.156389, ,0.0,0.0,0,0,0,0,0,0,0,0
TF,D230Y,-1.158194,130.965264,0, ,0.0,0.0,0.0,0.0,0,0,0,0,0,0,0,0
TF,ADUAP,-0.860192,131.047178,0, ,0.0,0.0,0.0,0.0,0,0,0,0,0,0,0,0

STAR,RUMI1D,27,2
IF,RUMIT,-1.810833,130.156389, ,0.0,0.0,0,0,0,0,0,0,0,0
TF,MIL,-0.896222,131.289783,0, ,0.0,0.0,0.0,0.0,2,5000,0,0,0,0,0,0
TF,ELPOV,-0.885944,131.527389,0, ,0.0,0.0,0.0,0.0,0,0,0,0,0,0,0,0

STAR,RUMI1G,09,5
IF,RUMIT,-1.810833,130.156389, ,0.0,0.0,0,0,0,0,0,0,0,0
TF,KALRU,-1.657222,130.320556,0, ,0.0,0.0,0.0,0.0,0,0,0,0,0,0,0,0
TF,IGILA,-1.225000,130.782222,0, ,0.0,0.0,0.0,0.0,3,11000,0,0,0,0,0,0
TF,IRPAD,-1.020278,131.001111,0, ,0.0,0.0,0.0,0.0,0,0,0,0,0,0,0,0
TF,ADUAP,-0.860192,131.047178,0, ,0.0,0.0,0.0,0.0,1,3500,0,0,0,0,0,0

STAR,RUMI1J,27,5
IF,RUMIT,-1.810833,130.156389, ,0.0,0.0,0,0,0,0,0,0,0,0
TF,NUSDI,-1.458889,130.808889,0, ,0.0,0.0,0.0,0.0,0,0,0,0,0,0,0,0
TF,REBUP,-1.283889,131.133889,0, ,0.0,0.0,0.0,0.0,0,0,0,0,0,0,0,0
TF,LAPAP,-1.165000,131.354167,0, ,0.0,0.0,0.0,0.0,2,12000,0,0,0,0,0,0
TF,ORUBO,-1.046111,131.575000,0, ,0.0,0.0,0.0,0.0,0,0,0,0,0,0,0,0
TF,ELPOV,-0.885944,131.527389,0, ,0.0,0.0,0.0,0.0,1,3500,0,0,0,0,0,0

APPTR,D09,09,ADUAP
IF,ADUAP,-0.860192,131.047178, ,0.0,0.0,2,3500,0,0,0,0,1,0
TF,CD09,-0.873606,131.129956,0, ,0.0,0.0,0.0,0.0,2,2400,0,0,0,0,1,0

FINAL,D09,09,D,3
IF,CD09,-0.873606,131.129956,MIL,277.0,9.7,2,2400,0,0,0,0,0,0
CF,FD09,-0.882278,131.195944,0,MIL,277.4,5.7,97.0,4.0,2,1600,0,0,0,0,2,0
CF,MD09,-0.890394,131.248589,0,MIL,277.0,2.5,97.0,3.2,1,609,0,0,0,0,3,0
CA,0,97.0,2,1500,0,0,0,0,0,0
VI,2, ,0.0,307.0,0,0,0,0,0,0,0,0
CF,ADUAP,-0.860192,131.047178,0,MIL,277.4,14.7,277.0,8.0,2,3500,0,0,0,0,0,0
HM,ADUAP,-0.860192,131.047178,1, ,0.0,0.0,97.0,04.3,2,3500,0,0,0,0,0,0,0

APPTR,D27,27,ELPOV
IF,ELPOV,-0.885944,131.527389, ,0.0,0.0,2,3500,0,0,0,0,1,0
TF,CD27,-0.890139,131.462722,0, ,0.0,0.0,0.0,0.0,2,2600,0,0,0,0,1,0

FINAL,D27,27,D,4
IF,CD27,-0.890139,131.462722,MIL,87.0,10.4,2,2600,0,0,0,0,0,0
CF,FD27,-0.891611,131.396167,0,MIL,86.5,6.4,267.0,4.0,2,1850,0,0,0,0,2,0
CF,41VOR,-0.893825,131.357961,0,MIL,87.0,4.1,267.0,2.3,2,1140,0,0,0,0,0,0
CF,MD27,-0.894758,131.331353,0,MIL,87.0,2.5,267.0,1.6,1,643,0,0,0,0,3,0
CA,0,267.0,2,1500,0,0,0,0,0,0
VI,1, ,0.0,57.0,0,0,0,0,0,0,0,0
CF,ELPOV,-0.885944,131.527389,0,MIL,86.5,14.3,87.0,8.0,2,3500,0,0,0,0,0,0
HM,ELPOV,-0.885944,131.527389,1, ,0.0,0.0,267.0,04.3,2,3500,0,0,0,0,0,0,0

APPTR,R09,09,ADUAP
IF,ADUAP,-0.860192,131.047178, ,0.0,0.0,2,3500,0,0,0,0,1,0
TF,SS401,-0.883639,131.128306,0, ,0.0,0.0,0.0,0.0,2,2400,0,0,0,0,1,0

FINAL,R09,09,R,3
IF,SS401,-0.883639,131.128306, ,0.0,0.0,2,2400,0,0,0,0,0,0
TF,SS402,-0.887972,131.194694,0, ,0.0,0.0,93.0,4.0,2,1600,0,0,0,0,2,0
TF,SS403,-0.891444,131.247833,0, ,0.0,0.0,93.0,3.2,1,641,0,0,0,0,3,1
DF,SS404,-0.966500,131.124389,2, ,0.0,0.0,0,0,0,0,0,0,0,0
TF,ADUAP,-0.860192,131.047178,0, ,0.0,0.0,0.0,0.0,2,3500,0,0,0,0,0,0
HM,ADUAP,-0.860192,131.047178,1, ,0.0,0.0,97.0,04.3,2,3500,0,0,0,0,0,0,0

APPTR,R27,27,ELPOV
IF,ELPOV,-0.885944,131.527389, ,0.0,0.0,2,3500,0,0,0,0,1,0
TF,SS601,-0.900194,131.479556,0, ,0.0,0.0,0.0,0.0,2,2900,0,0,0,0,1,0

FINAL,R27,27,R,4
IF,SS601,-0.900194,131.479556, ,0.0,0.0,2,2900,0,0,0,0,0,0
TF,SS602,-0.901111,131.396361,0, ,0.0,0.0,268.0,5.0,2,1850,0,0,0,0,2,0
TF,SS603,-0.898583,131.357611,0, ,0.0,0.0,273.0,2.3,2,1130,0,0,0,0,0,0
TF,SS604,-0.896417,131.324417,0, ,0.0,0.0,273.0,2.0,1,516,0,0,0,0,3,1
CF,SS605,-0.891028,131.241444,0,MIL,275.1,2.9,273.0,5.0,0,0,0,0,0,0,0,1
DF,SS606,-1.001750,131.368778,1, ,0.0,0.0,0,0,0,0,0,0,0,0
TF,ELPOV,-0.885944,131.527389,0, ,0.0,0.0,0.0,0.0,2,3500,0,0,0,0,0,0
HM,ELPOV,-0.885944,131.527389,1, ,0.0,0.0,267.0,04.3,2,3500,0,0,0,0,0,0,0

