APPTR,R04,04,BURTU
IF,BURTU,-5.671417,122.410194, ,0.0,0.0,2,3000,0,0,0,0,1,0
TF,WB401,-5.620694,122.453889,0, ,0.0,0.0,0.0,0.0,2,2500,0,0,0,0,1,0

FINAL,R04,04,R,3
IF,WB401,-5.620694,122.453889, ,0.0,0.0,2,2500,0,0,0,0,0,0
TF,WB402,-5.569972,122.497556,0, ,0.0,0.0,40.0,4.0,2,2000,0,0,0,0,2,0
TF,RW04,-5.493647,122.563292,0, ,0.0,0.0,40.0,6.0,1,148,0,0,0,0,3,1
DF,BURTU,-5.671417,122.410194,1, ,0.0,0.0,2,3000,0,0,0,0,0,0
HM,BURTU,-5.671417,122.410194,2, ,0.0,0.0,40.0,04.3,2,3000,0,0,0,0,0,0,0

APPTR,R22,22,RUKLA
IF,RUKLA,-5.290500,122.739694, ,0.0,0.0,2,4000,0,0,0,0,1,0
TF,WB601,-5.353639,122.684833,0, ,0.0,0.0,0.0,0.0,2,3000,0,0,0,0,1,0

FINAL,R22,22,R,3
IF,WB601,-5.353639,122.684833, ,0.0,0.0,2,3000,0,0,0,0,0,0
TF,WB602,-5.404167,122.640944,0, ,0.0,0.0,221.0,4.0,2,2000,0,0,0,0,2,0
TF,RW22,-5.479867,122.575156,0, ,0.0,0.0,221.0,6.0,1,150,0,0,0,0,3,1
CA,0,221.0,2,1000,0,0,0,0,0,0
DF,RUKLA,-5.290500,122.739694,2, ,0.0,0.0,2,4000,0,0,0,0,0,0
HM,RUKLA,-5.290500,122.739694,2, ,0.0,0.0,221.0,04.3,2,4000,0,0,0,0,0,0,0

