SID,ADGA1A,17,5
CA,0,168.0,2,2000,0,0,0,0,0,0
DF,BUDVA,2.882081,112.992653,0, ,0.0,0.0,2,3500,0,1,230,0,0,0
TF,ADGAB,3.095556,112.600833,2, ,0.0,0.0,0.0,0.0,2,7000,0,0,0,0,0,0

SID,ADGA1B,17,2
CA,0,168.0,2,2200,0,0,0,0,0,0
CR,2,VBU,193.0,307.0,2,3500,0,0,0,0,0,0
CI,0, ,0.0,307.0,0,0,0,0,0,0,0,0
CF,ADGAB,3.095556,112.600833,0,VBU,262.0,25.0,262.0,15.0,2,7000,0,0,0,0,0,0

SID,ADGA2C,35,5
CA,0,348.0,2,1000,0,0,0,0,0,0
DF,ADGAB,3.095556,112.600833,1, ,0.0,0.0,2,7000,0,0,0,0,0,0

SID,ADGA2D,35,2
CA,0,348.0,2,1000,0,0,0,0,0,0
CI,1, ,0.0,217.0,0,0,0,0,0,0,0,0
CF,ADGAB,3.095556,112.600833,0,VBU,262.0,25.0,262.0,20.0,2,7000,0,0,0,0,0,0

SID,BASU1A,17,5
CA,0,168.0,2,2000,0,0,0,0,0,0
DF,BUDVA,2.882081,112.992653,0, ,0.0,0.0,2,3500,0,1,230,0,0,0
TF,BASUV,2.873756,112.703728,0, ,0.0,0.0,0.0,0.0,2,7000,0,0,0,0,0,0

SID,BASU1B,17,2
CA,0,168.0,2,2200,0,0,0,0,0,0
CR,2,VBU,193.0,273.0,2,3500,0,0,0,0,0,0
CI,0, ,0.0,273.0,0,0,0,0,0,0,0,0
CF,BASUV,2.873756,112.703728,0,VBU,228.0,25.0,228.0,13.0,2,7000,0,0,0,0,0,0

SID,BASU2C,35,5
CA,0,348.0,2,1000,0,0,0,0,0,0
DF,BASUV,2.873756,112.703728,1, ,0.0,0.0,2,7000,0,0,0,0,0,0

SID,BASU2D,35,2
CA,0,348.0,2,1000,0,0,0,0,0,0
CI,1, ,0.0,183.0,0,0,0,0,0,0,0,0
CF,BASUV,2.873756,112.703728,0,VBU,228.0,25.0,228.0,20.0,2,7000,0,0,0,0,0,0

SID,BENL1A,17,5
CA,0,168.0,2,2000,0,0,0,0,0,0
DF,BUDVA,2.882081,112.992653,0, ,0.0,0.0,2,3500,0,1,230,0,0,0
TF,BENLI,2.786467,112.813892,0, ,0.0,0.0,0.0,0.0,2,7000,0,0,0,0,0,0

SID,BENL1B,17,2
CA,0,168.0,2,2200,0,0,0,0,0,0
CR,0,VBU,193.0,253.0,2,3500,0,0,0,0,0,0
CI,0, ,0.0,253.0,0,0,0,0,0,0,0,0
CF,BENLI,2.786467,112.813892,0,VBU,208.6,25.0,209.0,14.0,2,7000,0,0,0,0,0,0

SID,BENL2C,35,5
CA,0,348.0,2,1000,0,0,0,0,0,0
DF,BENLI,2.786467,112.813892,1, ,0.0,0.0,2,7000,0,0,0,0,0,0

SID,BENL2D,35,2
CA,0,348.0,2,1000,0,0,0,0,0,0
CI,1, ,0.0,163.0,0,0,0,0,0,0,0,0
CF,BENLI,2.786467,112.813892,0,VBU,208.6,25.0,209.0,20.0,2,7000,0,0,0,0,0,0

SID,DUNA1A,17,5
CA,0,168.0,2,1300,0,0,0,0,0,0
DF,DUNAS,3.439486,113.317931,1, ,0.0,0.0,2,7000,0,0,0,0,0,0

SID,DUNA1B,17,2
CA,0,168.0,2,1300,0,0,0,0,0,0
CI,1, ,0.0,2.0,0,0,0,0,0,0,0,0
CF,DUNAS,3.439486,113.317931,0,VBU,47.0,25.0,47.0,19.0,2,7000,0,0,0,0,0,0

SID,DUNA2C,35,5
CA,0,348.0,2,2000,0,0,0,0,0,0
DF,DUNAS,3.439486,113.317931,0, ,0.0,0.0,2,7000,0,0,0,0,0,0

SID,DUNA2D,35,2
CA,0,348.0,2,2000,0,0,0,0,0,0
CI,2, ,0.0,92.0,0,0,0,0,0,0,0,0
CF,DUNAS,3.439486,113.317931,0,VBU,47.0,25.0,47.0,19.0,2,7000,0,0,0,0,0,0

SID,EKET1A,17,5
CA,0,168.0,2,1300,0,0,0,0,0,0
DF,EKETO,3.474686,113.281039,1, ,0.0,0.0,2,7000,0,0,0,0,0,0

SID,EKET1B,17,2
CA,0,168.0,2,1300,0,0,0,0,0,0
CI,1, ,0.0,355.0,0,0,0,0,0,0,0,0
CF,EKETO,3.474686,113.281039,0,VBU,40.0,25.0,40.0,19.0,2,7000,0,0,0,0,0,0

SID,EKET2C,35,5
CA,0,348.0,2,2000,0,0,0,0,0,0
DF,EKETO,3.474686,113.281039,0, ,0.0,0.0,2,7000,0,0,0,0,0,0

SID,EKET2D,35,2
CA,0,348.0,2,2000,0,0,0,0,0,0
CI,2, ,0.0,85.0,0,0,0,0,0,0,0,0
CF,EKETO,3.474686,113.281039,0,VBU,40.0,25.0,40.0,19.0,2,7000,0,0,0,0,0,0

SID,NOKE1A,17,5
CA,0,168.0,2,1300,0,0,0,0,0,0
DF,NOKER,3.337453,113.387658,1, ,0.0,0.0,2,7000,0,0,0,0,0,0

SID,NOKE1B,17,2
CA,0,168.0,2,1300,0,0,0,0,0,0
CI,1, ,0.0,19.0,0,0,0,0,0,0,0,0
CF,NOKER,3.337453,113.387658,0,VBU,64.0,25.0,64.0,17.0,2,7000,0,0,0,0,0,0

SID,NOKE2C,35,5
CA,0,348.0,2,2000,0,0,0,0,0,0
DF,NOKER,3.337453,113.387658,0, ,0.0,0.0,2,7000,0,0,0,0,0,0

SID,NOKE2D,35,2
CA,0,348.0,2,2000,0,0,0,0,0,0
CI,2, ,0.0,109.0,0,0,0,0,0,0,0,0
CF,NOKER,3.337453,113.387658,0,VBU,64.0,25.0,64.0,18.0,2,7000,0,0,0,0,0,0

STAR,ADGA1E,17,5
IF,ADGAB,3.095556,112.600833, ,0.0,0.0,2,7000,0,0,0,0,0,0
TF,MESUT,3.317978,112.897033,0, ,0.0,0.0,0.0,0.0,2,2700,0,0,0,0,0,0
TF,ELAMI,3.300986,112.980839,0, ,0.0,0.0,0.0,0.0,2,1700,0,0,0,0,0,0

STAR,ADGA1F,17,2
IF,ADGAB,3.095556,112.600833, ,0.0,0.0,2,7000,0,0,0,0,0,0
TF,D262N,3.121269,112.782208,0, ,0.0,0.0,0.0,0.0,0,0,0,0,0,0,0,0
CI,0, ,0.0,82.0,0,0,0,0,0,0,0,0
AF,D270L,3.153953,112.813250,2,VBU,270.0,12.0,262.0,2,3500,0,0,0,0,0,0
AF,MOSLU,3.350211,112.970011,2,VBU,347.5,12.0,270.0,2,2500,0,0,0,0,0,0
TF,ELAMI,3.300986,112.980839,0, ,0.0,0.0,0.0,0.0,2,1700,0,0,0,0,0,0

STAR,ADGA1G,35,5
IF,ADGAB,3.095556,112.600833, ,0.0,0.0,2,7000,0,0,0,0,0,0
TF,SUKOD,2.882983,112.866683,0, ,0.0,0.0,0.0,0.0,2,5000,0,0,0,0,0,0
TF,BUDVA,2.882081,112.992653,0, ,0.0,0.0,0.0,0.0,2,3200,0,0,0,0,0,0
TF,IBEMA,2.926983,113.062911,0, ,0.0,0.0,0.0,0.0,2,2400,0,0,0,0,0,0

STAR,ADGA1H,35,2
IF,ADGAB,3.095556,112.600833, ,0.0,0.0,2,7000,0,0,0,0,0,0
TF,D262R,3.111908,112.716211,0, ,0.0,0.0,0.0,0.0,0,0,0,0,0,0,0,0
CI,0, ,0.0,82.0,0,0,0,0,0,0,0,0
AF,D193P,2.892833,112.953236,1,VBU,193.0,16.0,262.0,2,3500,0,0,0,0,0,0
AF,OLSET,2.892267,113.070514,1,VBU,167.6,16.0,193.0,2,3000,0,0,0,0,0,0
TF,IBEMA,2.926983,113.062911,0, ,0.0,0.0,0.0,0.0,2,2400,0,0,0,0,0,0

STAR,BASU1E,17,5
IF,BASUV,2.873756,112.703728, ,0.0,0.0,2,7000,0,0,0,0,0,0
TF,IRTUX,3.135675,112.884311,0, ,0.0,0.0,0.0,0.0,2,3500,0,0,0,0,0,0
TF,MESUT,3.317978,112.897033,0, ,0.0,0.0,0.0,0.0,2,2700,0,0,0,0,0,0
TF,ELAMI,3.300986,112.980839,2, ,0.0,0.0,0.0,0.0,2,1700,0,0,0,0,0,0

STAR,BASU1F,17,2
IF,BASUV,2.873756,112.703728, ,0.0,0.0,2,7000,0,0,0,0,0,0
TF,D228N,2.997056,112.839867,0, ,0.0,0.0,0.0,0.0,0,0,0,0,0,0,0,0
CI,0, ,0.0,48.0,0,0,0,0,0,0,0,0
AF,D270L,3.153953,112.813250,2,VBU,270.0,12.0,228.0,2,3500,0,0,0,0,0,0
AF,MOSLU,3.350211,112.970011,2,VBU,347.5,12.0,270.0,2,2500,0,0,0,0,0,0
TF,ELAMI,3.300986,112.980839,0, ,0.0,0.0,0.0,0.0,2,1700,0,0,0,0,0,0

STAR,BASU1G,35,5
IF,BASUV,2.873756,112.703728, ,0.0,0.0,2,7000,0,0,0,0,0,0
TF,SUKOD,2.882983,112.866683,0, ,0.0,0.0,0.0,0.0,2,5000,0,0,0,0,0,0
TF,BUDVA,2.882081,112.992653,0, ,0.0,0.0,0.0,0.0,2,3200,0,0,0,0,0,0
TF,IBEMA,2.926983,113.062911,0, ,0.0,0.0,0.0,0.0,2,2400,0,0,0,0,0,0

STAR,BASU1H,35,2
IF,BASUV,2.873756,112.703728, ,0.0,0.0,2,7000,0,0,0,0,0,0
TF,D228R,2.952203,112.790347,0, ,0.0,0.0,0.0,0.0,0,0,0,0,0,0,0,0
CI,0, ,0.0,48.0,0,0,0,0,0,0,0,0
AF,D193P,2.892833,112.953236,1,VBU,193.0,16.0,228.0,2,3500,0,0,0,0,0,0
AF,OLSET,2.892267,113.070514,1,VBU,167.6,16.0,193.0,2,3000,0,0,0,0,0,0
TF,IBEMA,2.926983,113.062911,0, ,0.0,0.0,0.0,0.0,2,2400,0,0,0,0,0,0

STAR,BENL1E,17,5
IF,BENLI,2.786467,112.813892, ,0.0,0.0,2,7000,0,0,0,0,0,0
TF,IRTUX,3.135675,112.884311,0, ,0.0,0.0,0.0,0.0,2,3500,0,0,0,0,0,0
TF,MESUT,3.317978,112.897033,0, ,0.0,0.0,0.0,0.0,2,2700,0,0,0,0,0,0
TF,ELAMI,3.300986,112.980839,2, ,0.0,0.0,0.0,0.0,2,1700,0,0,0,0,0,0

STAR,BENL1F,17,2
IF,BENLI,2.786467,112.813892, ,0.0,0.0,2,7000,0,0,0,0,0,0
TF,D209N,2.948106,112.901531,0, ,0.0,0.0,0.0,0.0,0,0,0,0,0,0,0,0
CI,0, ,0.0,29.0,0,0,0,0,0,0,0,0
AF,D270L,3.153953,112.813250,2,VBU,270.0,12.0,209.0,2,3500,0,0,0,0,0,0
AF,MOSLU,3.350211,112.970011,2,VBU,347.5,12.0,270.0,2,2500,0,0,0,0,0,0
TF,ELAMI,3.300986,112.980839,0, ,0.0,0.0,0.0,0.0,2,1700,0,0,0,0,0,0

STAR,BENL1G,35,5
IF,BENLI,2.786467,112.813892, ,0.0,0.0,2,7000,0,0,0,0,0,0
TF,SUKOD,2.882983,112.866683,0, ,0.0,0.0,0.0,0.0,2,5000,0,0,0,0,0,0
TF,BUDVA,2.882081,112.992653,0, ,0.0,0.0,0.0,0.0,2,3200,0,0,0,0,0,0
TF,IBEMA,2.926983,113.062911,0, ,0.0,0.0,0.0,0.0,2,2400,0,0,0,0,0,0

STAR,BENL1H,35,2
IF,BENLI,2.786467,112.813892, ,0.0,0.0,2,7000,0,0,0,0,0,0
TF,D209R,2.889264,112.869628,0, ,0.0,0.0,0.0,0.0,0,0,0,0,0,0,0,0
CI,0, ,0.0,29.0,0,0,0,0,0,0,0,0
AF,D193P,2.892833,112.953236,1,VBU,193.0,16.0,209.0,2,3500,0,0,0,0,0,0
AF,OLSET,2.892267,113.070514,1,VBU,167.6,16.0,193.0,2,3000,0,0,0,0,0,0
TF,IBEMA,2.926983,113.062911,0, ,0.0,0.0,0.0,0.0,2,2400,0,0,0,0,0,0

STAR,DUNA1E,17,5
IF,DUNAS,3.439486,113.317931, ,0.0,0.0,2,7000,0,0,0,0,0,0
TF,ELPID,3.351853,113.049961,0, ,0.0,0.0,0.0,0.0,2,2700,0,0,0,0,0,0
TF,ELAMI,3.300986,112.980839,0, ,0.0,0.0,0.0,0.0,2,1700,0,0,0,0,0,0

STAR,DUNA1F,17,2
IF,DUNAS,3.439486,113.317931, ,0.0,0.0,2,7000,0,0,0,0,0,0
TF,D047N,3.313869,113.183822,0, ,0.0,0.0,0.0,0.0,0,0,0,0,0,0,0,0
CI,0, ,0.0,227.0,0,0,0,0,0,0,0,0
AF,D014L,3.348983,113.061572,1,VBU,14.0,12.0,47.0,2,2700,0,0,0,0,0,0
AF,MOSLU,3.350211,112.970011,1,VBU,347.5,12.0,14.0,2,2500,0,0,0,0,0,0
TF,ELAMI,3.300986,112.980839,0, ,0.0,0.0,0.0,0.0,2,1700,0,0,0,0,0,0

STAR,DUNA1G,35,5
IF,DUNAS,3.439486,113.317931, ,0.0,0.0,2,7000,0,0,0,0,0,0
TF,KASPA,3.227308,113.162850,0, ,0.0,0.0,0.0,0.0,2,5500,0,0,0,0,0,0
TF,AVLER,2.915956,113.145517,0, ,0.0,0.0,0.0,0.0,2,3200,0,0,0,0,0,0
TF,IBEMA,2.926983,113.062911,2, ,0.0,0.0,0.0,0.0,2,2400,0,0,0,0,0,0

STAR,DUNA1H,35,2
IF,DUNAS,3.439486,113.317931, ,0.0,0.0,2,7000,0,0,0,0,0,0
TF,D047R,3.359533,113.232575,0, ,0.0,0.0,0.0,0.0,0,0,0,0,0,0,0,0
CI,0, ,0.0,227.0,0,0,0,0,0,0,0,0
AF,OLSET,2.892267,113.070514,2,VBU,167.6,16.0,47.0,2,3000,0,0,0,0,0,0
TF,IBEMA,2.926983,113.062911,0, ,0.0,0.0,0.0,0.0,2,2400,0,0,0,0,0,0

STAR,EKET1E,17,5
IF,EKETO,3.474686,113.281039, ,0.0,0.0,2,7000,0,0,0,0,0,0
TF,ELPID,3.351853,113.049961,0, ,0.0,0.0,0.0,0.0,2,2700,0,0,0,0,0,0
TF,ELAMI,3.300986,112.980839,0, ,0.0,0.0,0.0,0.0,2,1700,0,0,0,0,0,0

STAR,EKET1F,17,2
IF,EKETO,3.474686,113.281039, ,0.0,0.0,2,7000,0,0,0,0,0,0
TF,D040N,3.333581,113.163164,0, ,0.0,0.0,0.0,0.0,0,0,0,0,0,0,0,0
CI,0, ,0.0,220.0,0,0,0,0,0,0,0,0
AF,D014L,3.348983,113.061572,1,VBU,14.0,12.0,40.0,2,2700,0,0,0,0,0,0
AF,MOSLU,3.350211,112.970011,1,VBU,347.5,12.0,14.0,2,2500,0,0,0,0,0,0
TF,ELAMI,3.300986,112.980839,0, ,0.0,0.0,0.0,0.0,2,1700,0,0,0,0,0,0

STAR,EKET1G,35,5
IF,EKETO,3.474686,113.281039, ,0.0,0.0,2,7000,0,0,0,0,0,0
TF,KASPA,3.227308,113.162850,0, ,0.0,0.0,0.0,0.0,2,5500,0,0,0,0,0,0
TF,AVLER,2.915956,113.145517,0, ,0.0,0.0,0.0,0.0,2,3200,0,0,0,0,0,0
TF,IBEMA,2.926983,113.062911,2, ,0.0,0.0,0.0,0.0,2,2400,0,0,0,0,0,0

STAR,EKET1H,35,2
IF,EKETO,3.474686,113.281039, ,0.0,0.0,2,7000,0,0,0,0,0,0
TF,D040R,3.384875,113.206014,0, ,0.0,0.0,0.0,0.0,0,0,0,0,0,0,0,0
CI,0, ,0.0,220.0,0,0,0,0,0,0,0,0
AF,OLSET,2.892267,113.070514,2,VBU,167.6,16.0,40.0,2,3000,0,0,0,0,0,0
TF,IBEMA,2.926983,113.062911,0, ,0.0,0.0,0.0,0.0,2,2400,0,0,0,0,0,0

STAR,NOKE1E,17,5
IF,NOKER,3.337453,113.387658, ,0.0,0.0,2,7000,0,0,0,0,0,0
TF,ELPID,3.351853,113.049961,0, ,0.0,0.0,0.0,0.0,2,2700,0,0,0,0,0,0
TF,ELAMI,3.300986,112.980839,0, ,0.0,0.0,0.0,0.0,2,1700,0,0,0,0,0,0

STAR,NOKE1F,17,2
IF,NOKER,3.337453,113.387658, ,0.0,0.0,2,7000,0,0,0,0,0,0
TF,D064N,3.256736,113.222875,0, ,0.0,0.0,0.0,0.0,0,0,0,0,0,0,0,0
CI,0, ,0.0,244.0,0,0,0,0,0,0,0,0
AF,D014L,3.348983,113.061572,1,VBU,14.0,12.0,64.0,2,2700,0,0,0,0,0,0
AF,MOSLU,3.350211,112.970011,1,VBU,347.5,12.0,14.0,2,2500,0,0,0,0,0,0
TF,ELAMI,3.300986,112.980839,0, ,0.0,0.0,0.0,0.0,2,1700,0,0,0,0,0,0

STAR,NOKE1G,35,5
IF,NOKER,3.337453,113.387658, ,0.0,0.0,2,7000,0,0,0,0,0,0
TF,KASPA,3.227308,113.162850,0, ,0.0,0.0,0.0,0.0,2,5500,0,0,0,0,0,0
TF,AVLER,2.915956,113.145517,0, ,0.0,0.0,0.0,0.0,2,3200,0,0,0,0,0,0
TF,IBEMA,2.926983,113.062911,2, ,0.0,0.0,0.0,0.0,2,2400,0,0,0,0,0,0

STAR,NOKE1H,35,2
IF,NOKER,3.337453,113.387658, ,0.0,0.0,2,7000,0,0,0,0,0,0
TF,D064R,3.286081,113.282786,0, ,0.0,0.0,0.0,0.0,0,0,0,0,0,0,0,0
CI,0, ,0.0,244.0,0,0,0,0,0,0,0,0
AF,OLSET,2.892267,113.070514,2,VBU,167.6,16.0,64.0,2,3000,0,0,0,0,0,0
TF,IBEMA,2.926983,113.062911,0, ,0.0,0.0,0.0,0.0,2,2400,0,0,0,0,0,0

APPTR,D17,17,MOSLU
IF,MOSLU,3.350211,112.970011, ,0.0,0.0,2,2500,0,0,0,0,1,0
TF,ELAMI,3.300986,112.980839,0, ,0.0,0.0,0.0,0.0,2,1700,0,0,0,0,1,0

FINAL,D17,17,D,3
IF,ELAMI,3.300986,112.980839,VBU,347.5,9.0,2,1700,0,0,0,0,0,0
CF,FD17,3.219236,112.998917,0,VBU,347.6,4.0,168.0,5.0,2,1700,0,0,0,0,2,0
CF,RW17,3.136233,113.017075,0,VBU,167.6,1.1,168.0,5.1,1,84,0,0,0,0,3,0
CA,0,168.0,2,1200,0,0,0,0,0,0
CI,1, ,0.0,15.0,0,0,0,1,230,0,0,0
CF,PASBO,3.271417,113.252831,0,VBU,64.0,16.0,64.0,10.0,2,5500,0,0,0,0,0,0
HM,PASBO,3.271417,113.252831,2, ,0.0,0.0,244.0,04.3,2,5500,0,1,230,0,0,0,0

APPTR,D35,35,OLSET
IF,OLSET,2.892267,113.070514, ,0.0,0.0,2,3000,0,0,0,0,1,0
TF,IBEMA,2.926983,113.062911,0, ,0.0,0.0,0.0,0.0,2,2400,0,0,0,0,1,0

FINAL,D35,35,D,3
IF,IBEMA,2.926983,113.062911,VBU,167.6,13.9,2,2400,0,0,0,0,0,0
CF,FD35,2.995114,113.047992,0,VBU,167.6,9.7,348.0,4.2,2,2400,0,0,0,0,2,0
CF,RW35,3.111989,113.022392,0,VBU,167.6,2.6,348.0,7.2,1,125,0,0,0,0,3,0
CA,0,348.0,2,2000,0,0,0,0,0,0
CI,2, ,0.0,135.0,0,0,0,1,230,0,0,0
CF,PASBO,3.271417,113.252831,0,VBU,64.0,16.0,64.0,12.0,2,5500,0,0,0,0,0,0
HM,PASBO,3.271417,113.252831,2, ,0.0,0.0,244.0,04.3,2,5500,0,1,230,0,0,0,0

APPTR,I17,17,MOSLU
IF,MOSLU,3.350211,112.970011, ,0.0,0.0,2,2500,0,0,0,0,1,0
CF,ELAMI,3.300986,112.980839,0,ILU,347.5,11.7,168.0,3.0,2,1700,0,0,0,0,1,0

FINAL,I17,17,I,3
IF,ELAMI,3.300986,112.980839,ILU,347.5,11.7,2,1700,0,0,0,0,0,0
CF,FF17,3.219217,112.998817,0,ILU,347.5,6.7,168.0,5.0,1,1700,0,0,0,0,2,0
CF,RW17,3.136233,113.017075,0,ILU,347.5,1.6,168.0,5.1,1,84,0,0,0,0,3,0
CA,0,168.0,2,1200,0,0,0,0,0,0
CI,1, ,0.0,15.0,0,0,0,1,230,0,0,0
CF,PASBO,3.271417,113.252831,0,VBU,64.0,16.0,64.0,10.0,2,5500,0,0,0,0,0,0
HM,PASBO,3.271417,113.252831,2, ,0.0,0.0,244.0,04.3,2,5500,0,1,230,0,0,0,0

APPTR,R17-Y,17,ELPID
IF,ELPID,3.351853,113.049961, ,0.0,0.0,2,2700,0,0,0,0,1,0
TF,ELAMI,3.300986,112.980839,0, ,0.0,0.0,0.0,0.0,2,1700,0,0,0,0,1,0

APPTR,R17-Y,17,MESUT
IF,MESUT,3.317978,112.897033, ,0.0,0.0,2,2700,0,0,0,0,1,0
TF,ELAMI,3.300986,112.980839,0, ,0.0,0.0,0.0,0.0,2,1700,0,0,0,0,1,0

FINAL,R17-Y,17,R,3
IF,ELAMI,3.300986,112.980839, ,0.0,0.0,2,1700,0,0,0,0,0,0
TF,GB510,3.225161,112.997558,0, ,0.0,0.0,168.0,4.6,2,1700,0,0,0,0,2,0
TF,RW17,3.136233,113.017075,0, ,0.0,0.0,168.0,5.4,1,84,0,0,0,0,3,1
VA,0,168.0,2,1200,0,0,0,0,0,0
DF,KASPA,3.227308,113.162850,1, ,0.0,0.0,2,5500,0,1,230,0,0,0
HM,KASPA,3.227308,113.162850,2, ,0.0,0.0,318.0,04.3,2,5500,0,1,230,0,0,0,0

APPTR,R17-Z,17,ADGAB
IF,ADGAB,3.095556,112.600833, ,0.0,0.0,2,7000,0,0,0,0,0,0
TF,OBKEG,3.193653,112.911617,0, ,0.0,0.0,0.0,0.0,2,2700,0,0,0,0,1,0
TF,GB724,3.208828,112.959769,0, ,0.0,0.0,0.0,0.0,2,2000,0,0,0,0,1,0
RF,PUDIL,3.181189,113.007236,2,RGB71,224.0,2.2,1,900,0,0,0,0,0,0

APPTR,R17-Z,17,BASUV
IF,BASUV,2.873756,112.703728, ,0.0,0.0,2,7000,0,0,0,0,0,0
TF,OBKEG,3.193653,112.911617,0, ,0.0,0.0,0.0,0.0,2,2700,0,0,0,0,1,0
TF,GB724,3.208828,112.959769,0, ,0.0,0.0,0.0,0.0,2,2000,0,0,0,0,1,0
RF,PUDIL,3.181189,113.007236,2,RGB71,49.6,2.2,1,900,0,0,0,0,0,0

APPTR,R17-Z,17,DUNAS
IF,DUNAS,3.439486,113.317931, ,0.0,0.0,2,7000,0,0,0,0,0,0
TF,GB726,3.362325,113.086819,0, ,0.0,0.0,0.0,0.0,2,4600,0,0,0,0,1,0
RF,GB725,3.242775,113.005294,1,RGB73,177.5,10.0,2,2000,0,0,0,0,1,0
RF,PUDIL,3.181189,113.007236,1,RGB73,42.3,10.0,1,900,0,0,0,0,0,0

APPTR,R17-Z,17,EKETO
IF,EKETO,3.474686,113.281039, ,0.0,0.0,2,7000,0,0,0,0,0,0
TF,GB726,3.362325,113.086819,0, ,0.0,0.0,0.0,0.0,2,4600,0,0,0,0,1,0
RF,GB725,3.242775,113.005294,1,RGB73,177.5,10.0,2,2000,0,0,0,0,1,0
RF,PUDIL,3.181189,113.007236,1,RGB73,359.4,10.0,1,900,0,0,0,0,0,0

FINAL,R17-Z,17,R,2
IF,PUDIL,3.181189,113.007236, ,0.0,0.0,1,900,0,0,0,0,2,0
TF,RW17,3.136233,113.017075,0, ,0.0,0.0,168.0,2.7,1,84,0,0,0,0,3,1
TF,GB792,3.069292,113.031764,0, ,0.0,0.0,0.0,0.0,0,0,0,0,0,0,0,0
RF,GB794,3.051392,112.930114,2,RGB91,352.0,3.1,0,0,0,1,230,0,0,0
TF,OBKEG,3.193653,112.911617,0, ,0.0,0.0,0.0,0.0,2,2700,0,0,0,0,0,0
HM,OBKEG,3.193653,112.911617,1, ,0.0,0.0,73.0,04.3,2,2700,0,1,230,0,0,0,0

APPTR,R35-Y,35,AVLER
IF,AVLER,2.915956,113.145517, ,0.0,0.0,2,3200,0,0,0,0,1,0
TF,IBEMA,2.926983,113.062911,0, ,0.0,0.0,0.0,0.0,2,2400,0,0,0,0,1,0

APPTR,R35-Y,35,BUDVA
IF,BUDVA,2.882081,112.992653, ,0.0,0.0,2,3200,0,0,0,0,1,0
TF,IBEMA,2.926983,113.062911,0, ,0.0,0.0,0.0,0.0,2,2400,0,0,0,0,1,0

FINAL,R35-Y,35,R,3
IF,IBEMA,2.926983,113.062911, ,0.0,0.0,2,2400,0,0,0,0,0,0
TF,GB511,2.997769,113.047461,0, ,0.0,0.0,348.0,4.3,2,2200,0,0,0,0,2,0
TF,RW35,3.111989,113.022392,0, ,0.0,0.0,348.0,7.0,1,125,0,0,0,0,3,1
VA,0,348.0,2,2000,0,0,0,0,0,0
DF,KASPA,3.227308,113.162850,2, ,0.0,0.0,2,5500,0,1,230,0,0,0
HM,KASPA,3.227308,113.162850,1, ,0.0,0.0,183.0,04.3,2,5500,0,1,230,0,0,0,0

APPTR,R35-Z,35,ADGAB
IF,ADGAB,3.095556,112.600833, ,0.0,0.0,2,7000,0,0,0,0,0,0
TF,ENGAN,3.022664,112.925383,0, ,0.0,0.0,0.0,0.0,2,3300,0,0,0,0,1,0
TF,GB633,3.009144,112.983447,0, ,0.0,0.0,0.0,0.0,2,2600,0,0,0,0,1,0
RF,GB632,3.011806,113.010861,1,RGB63,45.5,2.6,2,2100,0,1,210,0,0,0
RF,GB631,3.030886,113.030744,1,RGB61,6.5,2.5,2,1600,0,1,210,0,0,0
RF,RUVRO,3.058303,113.034172,1,RGB61,240.1,2.5,1,1100,0,0,0,0,0,0

APPTR,R35-Z,35,BASUV
IF,BASUV,2.873756,112.703728, ,0.0,0.0,2,7000,0,0,0,0,1,0
TF,SEDGU,2.984211,112.949444,0, ,0.0,0.0,0.0,0.0,2,3300,0,0,0,0,1,0
TF,GB632,3.011806,113.010861,0, ,0.0,0.0,0.0,0.0,2,2100,0,1,210,0,0,0
RF,GB631,3.030886,113.030744,1,RGB61,6.5,2.5,2,1600,0,1,210,0,0,0
RF,RUVRO,3.058303,113.034172,1,RGB61,36.6,2.5,1,1100,0,0,0,0,0,0

APPTR,R35-Z,35,KASPA
IF,KASPA,3.227308,113.162850, ,0.0,0.0,2,5500,0,0,0,0,1,0
TF,GB635,3.057825,113.105875,0, ,0.0,0.0,0.0,0.0,2,2700,0,0,0,0,1,0
RF,GB634,3.032986,113.078581,2,RGB64,299.1,2.3,2,2100,0,0,0,0,0,0
RF,RUVRO,3.058303,113.034172,2,RGB64,359.4,2.3,1,1100,0,0,0,0,0,0

FINAL,R35-Z,35,R,2
IF,RUVRO,3.058303,113.034172, ,0.0,0.0,1,1100,0,0,0,0,2,0
TF,RW35,3.111989,113.022392,0, ,0.0,0.0,348.0,3.3,1,125,0,0,0,0,3,1
TF,GB692,3.172319,113.009178,0, ,0.0,0.0,0.0,0.0,0,0,0,0,0,0,0,0
RF,GB694,3.145847,112.895567,1,RGB96,165.8,3.5,0,0,0,0,0,0,0,0
TF,ENGAN,3.022664,112.925383,0, ,0.0,0.0,0.0,0.0,2,3300,0,0,0,0,0,0
HM,ENGAN,3.022664,112.925383,1, ,0.0,0.0,103.0,04.3,2,3300,0,1,230,0,0,0,0

