SID,ANKU1A,13,5
CA,0,130.0,2,2000,0,0,0,0,0,0
DF,ISGOT,2.203100,111.505800,2, ,0.0,0.0,0,0,0,0,0,0,0,0
TF,ANKUP,2.188311,111.339922,0, ,0.0,0.0,0.0,0.0,2,7000,0,0,0,0,0,0

SID,ANKU1B,13,2
CA,0,130.0,2,2000,0,0,0,0,0,0
CI,2, ,0.0,295.0,0,0,0,0,0,0,0,0
CF,ANKUP,2.188311,111.339922,0,VSI,265.0,40.0,265.0,31.0,2,7000,0,0,0,0,0,0

SID,ANKU1C,31,5
CA,0,310.0,2,2000,0,0,0,0,0,0
DF,ISGOT,2.203100,111.505800,0, ,0.0,0.0,0,0,0,0,0,0,0,0
TF,ANKUP,2.188311,111.339922,0, ,0.0,0.0,0.0,0.0,2,7000,0,0,0,0,0,0

SID,ANKU1D,31,2
CA,0,310.0,2,2000,0,0,0,0,0,0
CI,0, ,0.0,235.0,0,0,0,0,0,0,0,0
CF,ANKUP,2.188311,111.339922,0,VSI,265.0,40.0,265.0,26.0,2,7000,0,0,0,0,0,0

SID,BIPI1A,13,5
CA,0,130.0,2,2000,0,0,0,0,0,0
DF,MEGOX,2.034400,111.550800,2, ,0.0,0.0,0,0,0,0,0,0,0,0
TF,BIPIB,1.969792,111.397006,0, ,0.0,0.0,0.0,0.0,2,7000,0,0,0,0,0,0

SID,BIPI1B,13,2
CA,0,130.0,2,2000,0,0,0,0,0,0
CI,2, ,0.0,275.0,0,0,0,0,0,0,0,0
CF,BIPIB,1.969792,111.397006,0,VSI,245.6,40.0,246.0,30.0,2,7000,0,0,0,0,0,0

SID,BIPI1C,31,5
CA,0,310.0,2,2000,0,0,0,0,0,0
DF,MEGOX,2.034400,111.550800,0, ,0.0,0.0,0,0,0,0,0,0,0,0
TF,BIPIB,1.969792,111.397006,0, ,0.0,0.0,0.0,0.0,2,7000,0,0,0,0,0,0

SID,BIPI1D,31,2
CA,0,310.0,2,2000,0,0,0,0,0,0
CI,1, ,0.0,215.0,0,0,0,0,0,0,0,0
CF,BIPIB,1.969792,111.397006,0,VSI,245.6,40.0,246.0,25.0,2,7000,0,0,0,0,0,0

SID,ELNA1A,13,5
CA,0,130.0,2,2000,0,0,0,0,0,0
DF,TULMA,1.891400,111.650300,2, ,0.0,0.0,0,0,0,0,0,0,0,0
TF,ELNAL,1.773239,111.532583,0, ,0.0,0.0,0.0,0.0,2,7000,0,0,0,0,0,0

SID,ELNA1B,13,2
CA,0,130.0,2,2000,0,0,0,0,0,0
CI,2, ,0.0,255.0,0,0,0,0,0,0,0,0
CF,ELNAL,1.773239,111.532583,0,VSI,225.0,40.0,225.0,30.0,2,7000,0,0,0,0,0,0

SID,ELNA1C,31,5
CA,0,310.0,2,2000,0,0,0,0,0,0
DF,TULMA,1.891400,111.650300,1, ,0.0,0.0,0,0,0,0,0,0,0,0
TF,ELNAL,1.773239,111.532583,0, ,0.0,0.0,0.0,0.0,2,7000,0,0,0,0,0,0

SID,ELNA1D,31,2
CA,0,310.0,2,2000,0,0,0,0,0,0
CI,1, ,0.0,195.0,0,0,0,0,0,0,0,0
CF,ELNAL,1.773239,111.532583,0,VSI,225.0,40.0,225.0,24.0,2,7000,0,0,0,0,0,0

SID,LENT1A,13,5
CA,0,130.0,2,2000,0,0,0,0,0,0
DF,APPAD,2.434967,112.466614,0, ,0.0,0.0,0,0,0,0,0,0,0,0
TF,LENTU,2.497561,112.620961,0, ,0.0,0.0,0.0,0.0,2,7000,0,0,0,0,0,0

SID,LENT1B,13,2
CA,0,130.0,2,2000,0,0,0,0,0,0
CI,1, ,0.0,38.0,0,0,0,0,0,0,0,0
CF,LENTU,2.497561,112.620961,0,VSI,68.0,40.0,68.0,31.0,2,7000,0,0,0,0,0,0

SID,LENT1C,31,5
CA,0,310.0,2,2000,0,0,0,0,0,0
DF,APPAD,2.434967,112.466614,2, ,0.0,0.0,0,0,0,0,0,0,0,0
TF,LENTU,2.497561,112.620961,0, ,0.0,0.0,0.0,0.0,2,7000,0,0,0,0,0,0

SID,LENT1D,31,2
CA,0,310.0,2,2000,0,0,0,0,0,0
CI,2, ,0.0,98.0,0,0,0,0,0,0,0,0
CF,LENTU,2.497561,112.620961,0,VSI,68.0,40.0,68.0,27.0,2,7000,0,0,0,0,0,0

SID,NOLU1A,13,5
CA,0,130.0,2,2000,0,0,0,0,0,0
DF,NOLUS,2.581344,112.020328,1, ,0.0,0.0,2,5000,0,0,0,0,0,0

SID,NOLU1B,13,2
CA,0,130.0,2,2000,0,0,0,0,0,0
CI,1, ,0.0,325.0,0,0,0,0,0,0,0,0
CF,NOLUS,2.581344,112.020328,0,VSI,2.9,20.0,3.0,13.0,2,5000,0,0,0,0,0,0

SID,NOLU1C,31,5
CA,0,310.0,2,2000,0,0,0,0,0,0
DF,NOLUS,2.581344,112.020328,0, ,0.0,0.0,2,5000,0,0,0,0,0,0

SID,NOLU1D,31,2
CA,0,310.0,2,2000,0,0,0,0,0,0
CI,2, ,0.0,75.0,0,0,0,0,0,0,0,0
CF,NOLUS,2.581344,112.020328,0,VSI,2.9,20.0,3.0,13.0,2,5000,0,0,0,0,0,0

SID,PILA1A,13,5
CA,0,130.0,2,2000,0,0,0,0,0,0
DF,BEGEX,2.299203,111.506583,2, ,0.0,0.0,0,0,0,0,0,0,0,0
TF,PILAX,2.313900,111.390600,0, ,0.0,0.0,0.0,0.0,2,7000,0,0,0,0,0,0

SID,PILA1B,13,2
CA,0,130.0,2,2000,0,0,0,0,0,0
CI,2, ,0.0,305.0,0,0,0,0,0,0,0,0
CF,PILAX,2.313900,111.390600,0,VSI,276.2,37.0,276.0,29.0,2,7000,0,0,0,0,0,0

SID,PILA1C,31,5
CA,0,310.0,2,2000,0,0,0,0,0,0
DF,BEGEX,2.299203,111.506583,0, ,0.0,0.0,0,0,0,0,0,0,0,0
TF,PILAX,2.313900,111.390600,0, ,0.0,0.0,0.0,0.0,2,7000,0,0,0,0,0,0

SID,PILA1D,31,2
CA,0,310.0,2,2000,0,0,0,0,0,0
CI,0, ,0.0,246.0,0,0,0,0,0,0,0,0
CF,PILAX,2.313900,111.390600,0,VSI,276.2,37.0,276.0,25.0,2,7000,0,0,0,0,0,0

SID,REDU1A,13,5
CA,0,130.0,2,2000,0,0,0,0,0,0
DF,TAMIG,2.583100,112.374700,1, ,0.0,0.0,0,0,0,0,0,0,0,0
TF,REDUK,2.727814,112.538514,0, ,0.0,0.0,0.0,0.0,2,7000,0,0,0,0,0,0

SID,REDU1B,13,2
CA,0,130.0,2,2000,0,0,0,0,0,0
CI,1, ,0.0,18.0,0,0,0,0,0,0,0,0
CF,REDUK,2.727814,112.538514,0,VSI,48.2,43.1,48.0,33.0,2,7000,0,0,0,0,0,0

SID,REDU1C,31,5
CA,0,310.0,2,2000,0,0,0,0,0,0
DF,TAMIG,2.583100,112.374700,2, ,0.0,0.0,0,0,0,0,0,0,0,0
TF,REDUK,2.727814,112.538514,0, ,0.0,0.0,0.0,0.0,2,7000,0,0,0,0,0,0

SID,REDU1D,31,2
CA,0,310.0,2,2000,0,0,0,0,0,0
CI,2, ,0.0,78.0,0,0,0,0,0,0,0,0
CF,REDUK,2.727814,112.538514,0,VSI,48.2,43.1,48.0,28.0,2,7000,0,0,0,0,0,0

SID,SIB130,13,2
VA,0,130.0,2,2500,0,0,0,0,0,0
VM,0,0,0,130.0,0,0,0,0,0,0,0,0

SID,SIB310,31,2
VA,0,310.0,2,2000,0,0,0,0,0,0
VM,0,0,0,310.0,0,0,0,0,0,0,0,0

STAR,ANKU1E,13,5
IF,ANKUP,2.188311,111.339922, ,0.0,0.0,2,7000,0,0,0,0,0,0
TF,ISGOT,2.203100,111.505800,0, ,0.0,0.0,0.0,0.0,2,5000,0,0,0,0,0,0
TF,RINRA,2.328728,111.776494,0, ,0.0,0.0,0.0,0.0,2,3000,0,0,0,0,0,0
TF,NOKAL,2.392931,111.829947,0, ,0.0,0.0,0.0,0.0,2,2500,0,0,0,0,0,0

STAR,ANKU1F,13,2
IF,ANKUP,2.188311,111.339922, ,0.0,0.0,2,7000,0,0,0,0,0,0
TF,D265Q,2.221981,111.721422,0, ,0.0,0.0,0.0,0.0,2,5000,0,0,0,0,0,0
CI,0, ,0.0,85.0,0,0,0,0,0,0,0,0
AF,D301O,2.376183,111.789294,2,VSI,301.0,15.0,265.0,2,2700,0,0,0,0,0,0
AF,D310O,2.408281,111.812050,2,VSI,310.0,15.0,301.0,0,0,0,0,0,0,0,0
TF,NOKAL,2.392931,111.829947,0, ,0.0,0.0,0.0,0.0,2,2500,0,0,0,0,0,0

STAR,ANKU1G,31,5
IF,ANKUP,2.188311,111.339922, ,0.0,0.0,2,7000,0,0,0,0,0,0
TF,ISGOT,2.203100,111.505800,0, ,0.0,0.0,0.0,0.0,2,5000,0,0,0,0,0,0
TF,LEGUG,2.067958,112.085536,0, ,0.0,0.0,0.0,0.0,2,3000,0,0,0,0,0,0
TF,SUGSI,2.132081,112.139075,0, ,0.0,0.0,0.0,0.0,2,2500,0,0,0,0,0,0

STAR,ANKU1H,31,2
IF,ANKUP,2.188311,111.339922, ,0.0,0.0,2,7000,0,0,0,0,0,0
TF,D265Q,2.221981,111.721422,0, ,0.0,0.0,0.0,0.0,2,5000,0,0,0,0,0,0
CI,0, ,0.0,85.0,0,0,0,0,0,0,0,0
AF,D140O,2.054339,112.163900,1,VSI,140.0,15.0,265.0,2,3000,0,0,0,0,0,0
AF,D130O,2.085303,112.194683,1,VSI,130.0,15.0,140.0,0,0,0,0,0,0,0,0
TF,SUGSI,2.132081,112.139075,0, ,0.0,0.0,0.0,0.0,2,2500,0,0,0,0,0,0

STAR,BIPI1E,13,5
IF,BIPIB,1.969792,111.397006, ,0.0,0.0,2,7000,0,0,0,0,0,0
TF,MEGOX,2.034400,111.550800,0, ,0.0,0.0,0.0,0.0,2,5000,0,0,0,0,0,0
TF,RINRA,2.328728,111.776494,0, ,0.0,0.0,0.0,0.0,2,3000,0,0,0,0,0,0
TF,NOKAL,2.392931,111.829947,0, ,0.0,0.0,0.0,0.0,2,2500,0,0,0,0,0,0

STAR,BIPI1F,13,2
IF,BIPIB,1.969792,111.397006, ,0.0,0.0,2,7000,0,0,0,0,0,0
TF,D246Q,2.129111,111.745667,0, ,0.0,0.0,0.0,0.0,2,5000,0,0,0,0,0,0
CI,0, ,0.0,66.0,0,0,0,0,0,0,0,0
AF,D301O,2.376183,111.789294,2,VSI,301.0,15.0,246.0,2,2700,0,0,0,0,0,0
AF,D310O,2.408281,111.812050,2,VSI,310.0,15.0,301.0,0,0,0,0,0,0,0,0
TF,NOKAL,2.392931,111.829947,0, ,0.0,0.0,0.0,0.0,2,2500,0,0,0,0,0,0

STAR,BIPI1G,31,5
IF,BIPIB,1.969792,111.397006, ,0.0,0.0,2,7000,0,0,0,0,0,0
TF,MEGOX,2.034400,111.550800,0, ,0.0,0.0,0.0,0.0,2,5000,0,0,0,0,0,0
TF,LEGUG,2.067958,112.085536,0, ,0.0,0.0,0.0,0.0,2,3000,0,0,0,0,0,0
TF,SUGSI,2.132081,112.139075,0, ,0.0,0.0,0.0,0.0,2,2500,0,0,0,0,0,0

STAR,BIPI1H,31,2
IF,BIPIB,1.969792,111.397006, ,0.0,0.0,2,7000,0,0,0,0,0,0
TF,D246Q,2.129111,111.745667,0, ,0.0,0.0,0.0,0.0,2,5000,0,0,0,0,0,0
CI,0, ,0.0,66.0,0,0,0,0,0,0,0,0
AF,D140O,2.054339,112.163900,1,VSI,140.0,15.0,246.0,2,3000,0,0,0,0,0,0
AF,D130O,2.085303,112.194683,1,VSI,130.0,15.0,140.0,0,0,0,0,0,0,0,0
TF,SUGSI,2.132081,112.139075,0, ,0.0,0.0,0.0,0.0,2,2500,0,0,0,0,0,0

STAR,ELNA1E,13,5
IF,ELNAL,1.773239,111.532583, ,0.0,0.0,2,7000,0,0,0,0,0,0
TF,TULMA,1.891400,111.650300,0, ,0.0,0.0,0.0,0.0,2,5000,0,0,0,0,0,0
TF,RINRA,2.328728,111.776494,0, ,0.0,0.0,0.0,0.0,2,3000,0,0,0,0,0,0
TF,NOKAL,2.392931,111.829947,0, ,0.0,0.0,0.0,0.0,2,2500,0,0,0,0,0,0

STAR,ELNA1F,13,2
IF,ELNAL,1.773239,111.532583, ,0.0,0.0,2,7000,0,0,0,0,0,0
TF,D225Q,2.045511,111.803217,0, ,0.0,0.0,0.0,0.0,2,5000,0,0,0,0,0,0
CI,0, ,0.0,45.0,0,0,0,0,0,0,0,0
AF,D301O,2.376183,111.789294,2,VSI,301.0,15.0,225.0,2,2700,0,0,0,0,0,0
AF,D310O,2.408281,111.812050,2,VSI,310.0,15.0,301.0,0,0,0,0,0,0,0,0
TF,NOKAL,2.392931,111.829947,0, ,0.0,0.0,0.0,0.0,2,2500,0,0,0,0,0,0

STAR,ELNA1G,31,5
IF,ELNAL,1.773239,111.532583, ,0.0,0.0,2,7000,0,0,0,0,0,0
TF,TULMA,1.891400,111.650300,0, ,0.0,0.0,0.0,0.0,2,5000,0,0,0,0,0,0
TF,LEGUG,2.067958,112.085536,0, ,0.0,0.0,0.0,0.0,2,3000,0,0,0,0,0,0
TF,SUGSI,2.132081,112.139075,0, ,0.0,0.0,0.0,0.0,2,2500,0,0,0,0,0,0

STAR,ELNA1H,31,2
IF,ELNAL,1.773239,111.532583, ,0.0,0.0,2,7000,0,0,0,0,0,0
TF,D225Q,2.045511,111.803217,0, ,0.0,0.0,0.0,0.0,2,5000,0,0,0,0,0,0
CI,0, ,0.0,45.0,0,0,0,0,0,0,0,0
AF,D140O,2.054339,112.163900,1,VSI,140.0,15.0,225.0,2,3000,0,0,0,0,0,0
AF,D130O,2.085303,112.194683,1,VSI,130.0,15.0,140.0,0,0,0,0,0,0,0,0
TF,SUGSI,2.132081,112.139075,0, ,0.0,0.0,0.0,0.0,2,2500,0,0,0,0,0,0

STAR,LENT1E,13,5
IF,LENTU,2.497561,112.620961, ,0.0,0.0,2,7000,0,0,0,0,0,0
TF,APPAD,2.434967,112.466614,0, ,0.0,0.0,0.0,0.0,2,5000,0,0,0,0,0,0
TF,LELIP,2.457131,111.883408,0, ,0.0,0.0,0.0,0.0,2,3000,0,0,0,0,0,0
TF,NOKAL,2.392931,111.829947,0, ,0.0,0.0,0.0,0.0,2,2500,0,0,0,0,0,0

STAR,LENT1F,13,2
IF,LENTU,2.497561,112.620961, ,0.0,0.0,2,7000,0,0,0,0,0,0
TF,D068Q,2.353419,112.265850,0, ,0.0,0.0,0.0,0.0,2,5000,0,0,0,0,0,0
CI,0, ,0.0,248.0,0,0,0,0,0,0,0,0
AF,D319O,2.436403,111.839519,1,VSI,319.0,15.0,68.0,2,2700,0,0,0,0,0,0
AF,D310O,2.408281,111.812050,1,VSI,310.0,15.0,319.0,0,0,0,0,0,0,0,0
TF,NOKAL,2.392931,111.829947,0, ,0.0,0.0,0.0,0.0,2,2500,0,0,0,0,0,0

STAR,LENT1G,31,5
IF,LENTU,2.497561,112.620961, ,0.0,0.0,2,7000,0,0,0,0,0,0
TF,APPAD,2.434967,112.466614,0, ,0.0,0.0,0.0,0.0,2,5000,0,0,0,0,0,0
TF,RENIB,2.196200,112.192619,0, ,0.0,0.0,0.0,0.0,2,3000,0,0,0,0,0,0
TF,SUGSI,2.132081,112.139075,0, ,0.0,0.0,0.0,0.0,2,2500,0,0,0,0,0,0

STAR,LENT1H,31,2
IF,LENTU,2.497561,112.620961, ,0.0,0.0,2,7000,0,0,0,0,0,0
TF,D068Q,2.353419,112.265850,0, ,0.0,0.0,0.0,0.0,2,5000,0,0,0,0,0,0
CI,0, ,0.0,248.0,0,0,0,0,0,0,0,0
AF,D120O,2.121172,112.219656,2,VSI,120.0,15.0,68.0,2,3000,0,0,0,0,0,0
AF,D130O,2.085303,112.194683,2,VSI,130.0,15.0,120.0,0,0,0,0,0,0,0,0
TF,SUGSI,2.132081,112.139075,0, ,0.0,0.0,0.0,0.0,2,2500,0,0,0,0,0,0

STAR,NOLU1E,13,5
IF,NOLUS,2.581344,112.020328, ,0.0,0.0,2,5000,0,0,0,0,0,0
TF,LELIP,2.457131,111.883408,0, ,0.0,0.0,0.0,0.0,2,3000,0,0,0,0,0,0
TF,NOKAL,2.392931,111.829947,0, ,0.0,0.0,0.0,0.0,2,2500,0,0,0,0,0,0

STAR,NOLU1F,13,2
IF,NOLUS,2.581344,112.020328, ,0.0,0.0,2,5000,0,0,0,0,0,0
TF,D003Q,2.531164,112.017786,0, ,0.0,0.0,0.0,0.0,2,5000,0,0,0,0,0,0
CI,0, ,0.0,183.0,0,0,0,0,0,0,0,0
AF,D319O,2.436403,111.839519,1,VSI,319.0,15.0,3.0,2,2700,0,0,0,0,0,0
AF,D310O,2.408281,111.812050,1,VSI,310.0,15.0,319.0,0,0,0,0,0,0,0,0
TF,NOKAL,2.392931,111.829947,0, ,0.0,0.0,0.0,0.0,2,2500,0,0,0,0,0,0

STAR,NOLU1G,31,5
IF,NOLUS,2.581344,112.020328, ,0.0,0.0,2,5000,0,0,0,0,0,0
TF,RENIB,2.196200,112.192619,0, ,0.0,0.0,0.0,0.0,2,3000,0,0,0,0,0,0
TF,SUGSI,2.132081,112.139075,0, ,0.0,0.0,0.0,0.0,2,2500,0,0,0,0,0,0

STAR,NOLU1H,31,2
IF,NOLUS,2.581344,112.020328, ,0.0,0.0,2,5000,0,0,0,0,0,0
TF,D003Q,2.531164,112.017786,0, ,0.0,0.0,0.0,0.0,2,5000,0,0,0,0,0,0
CI,0, ,0.0,183.0,0,0,0,0,0,0,0,0
AF,D120O,2.121172,112.219656,2,VSI,120.0,15.0,3.0,2,3000,0,0,0,0,0,0
AF,D130O,2.085303,112.194683,2,VSI,130.0,15.0,120.0,0,0,0,0,0,0,0,0
TF,SUGSI,2.132081,112.139075,0, ,0.0,0.0,0.0,0.0,2,2500,0,0,0,0,0,0

STAR,PILA1E,13,5
IF,PILAX,2.313900,111.390600, ,0.0,0.0,2,7000,0,0,0,0,0,0
TF,BEGEX,2.299203,111.506583,0, ,0.0,0.0,0.0,0.0,2,5500,0,0,0,0,0,0
TF,RINRA,2.328728,111.776494,0, ,0.0,0.0,0.0,0.0,2,3000,0,0,0,0,0,0
TF,NOKAL,2.392931,111.829947,0, ,0.0,0.0,0.0,0.0,2,2500,0,0,0,0,0,0

STAR,PILA1F,13,2
IF,PILAX,2.313900,111.390600, ,0.0,0.0,2,7000,0,0,0,0,0,0
TF,D276Q,2.277647,111.722006,0, ,0.0,0.0,0.0,0.0,2,5000,0,0,0,0,0,0
CI,0, ,0.0,96.0,0,0,0,0,0,0,0,0
AF,D301O,2.376183,111.789294,2,VSI,301.0,15.0,276.0,2,2700,0,0,0,0,0,0
AF,D310O,2.408281,111.812050,2,VSI,310.0,15.0,301.0,0,0,0,0,0,0,0,0
TF,NOKAL,2.392931,111.829947,0, ,0.0,0.0,0.0,0.0,2,2500,0,0,0,0,0,0

STAR,PILA1G,31,5
IF,PILAX,2.313900,111.390600, ,0.0,0.0,2,7000,0,0,0,0,0,0
TF,BEGEX,2.299203,111.506583,0, ,0.0,0.0,0.0,0.0,2,5500,0,0,0,0,0,0
TF,LEGUG,2.067958,112.085536,0, ,0.0,0.0,0.0,0.0,2,3000,0,0,0,0,0,0
TF,SUGSI,2.132081,112.139075,0, ,0.0,0.0,0.0,0.0,2,2500,0,0,0,0,0,0

STAR,PILA1H,31,2
IF,PILAX,2.313900,111.390600, ,0.0,0.0,2,7000,0,0,0,0,0,0
TF,D276Q,2.277647,111.722006,0, ,0.0,0.0,0.0,0.0,2,5000,0,0,0,0,0,0
CI,0, ,0.0,96.0,0,0,0,0,0,0,0,0
AF,D140O,2.054339,112.163900,1,VSI,140.0,15.0,276.0,2,3000,0,0,0,0,0,0
AF,D130O,2.085303,112.194683,1,VSI,130.0,15.0,140.0,0,0,0,0,0,0,0,0
TF,SUGSI,2.132081,112.139075,0, ,0.0,0.0,0.0,0.0,2,2500,0,0,0,0,0,0

STAR,REDU1E,13,5
IF,REDUK,2.727814,112.538514, ,0.0,0.0,2,7000,0,0,0,0,0,0
TF,TAMIG,2.583100,112.374700,0, ,0.0,0.0,0.0,0.0,2,5000,0,0,0,0,0,0
TF,LELIP,2.457131,111.883408,0, ,0.0,0.0,0.0,0.0,2,3000,0,0,0,0,0,0
TF,NOKAL,2.392931,111.829947,0, ,0.0,0.0,0.0,0.0,2,2500,0,0,0,0,0,0

STAR,REDU1F,13,2
IF,REDUK,2.727814,112.538514, ,0.0,0.0,2,7000,0,0,0,0,0,0
TF,D048Q,2.436564,112.214422,0, ,0.0,0.0,0.0,0.0,2,5000,0,0,0,0,0,0
CI,0, ,0.0,228.0,0,0,0,0,0,0,0,0
AF,D319O,2.436403,111.839519,1,VSI,319.0,15.0,48.0,2,2700,0,0,0,0,0,0
AF,D310O,2.408281,111.812050,1,VSI,310.0,15.0,319.0,0,0,0,0,0,0,0,0
TF,NOKAL,2.392931,111.829947,0, ,0.0,0.0,0.0,0.0,2,2500,0,0,0,0,0,0

STAR,REDU1G,31,5
IF,REDUK,2.727814,112.538514, ,0.0,0.0,2,7000,0,0,0,0,0,0
TF,TAMIG,2.583100,112.374700,0, ,0.0,0.0,0.0,0.0,2,5000,0,0,0,0,0,0
TF,RENIB,2.196200,112.192619,0, ,0.0,0.0,0.0,0.0,2,3000,0,0,0,0,0,0
TF,SUGSI,2.132081,112.139075,0, ,0.0,0.0,0.0,0.0,2,2500,0,0,0,0,0,0

STAR,REDU1H,31,2
IF,REDUK,2.727814,112.538514, ,0.0,0.0,2,7000,0,0,0,0,0,0
TF,D048Q,2.436564,112.214422,0, ,0.0,0.0,0.0,0.0,2,5000,0,0,0,0,0,0
CI,0, ,0.0,228.0,0,0,0,0,0,0,0,0
AF,D120O,2.121172,112.219656,2,VSI,120.0,15.0,48.0,2,3000,0,0,0,0,0,0
AF,D130O,2.085303,112.194683,2,VSI,130.0,15.0,120.0,0,0,0,0,0,0,0,0
TF,SUGSI,2.132081,112.139075,0, ,0.0,0.0,0.0,0.0,2,2500,0,0,0,0,0,0

APPTR,D13-Y,13,VSI
IF,VSI,2.246767,112.003350, ,0.0,0.0,2,4000,0,0,0,0,0,0
TF,FF13,2.349900,111.880997,0, ,0.0,0.0,0.0,0.0,2,2500,0,0,0,0,0,0
FC,FF13,2.349900,111.880997,0,VSI,0.0,0.0,355.0,4.4,0,0,0,0,0,0,0,1
CF,NOKAL,2.392931,111.829947,1,VSI,310.0,13.6,130.0,1.0,2,2500,0,0,0,0,1,0

FINAL,D13-Y,13,D,3
IF,NOKAL,2.392931,111.829947,VSI,310.0,13.6,2,2500,0,0,0,0,0,0
CF,FF13,2.349900,111.880997,0,VSI,310.0,9.6,130.0,4.0,2,2500,0,0,0,0,2,0
CF,RW13,2.269928,111.975939,0,VSI,310.0,2.2,130.0,7.4,1,132,0,0,0,0,3,0
CA,0,130.0,2,2500,0,0,0,0,0,0
DF,VSI,2.246767,112.003350,2, ,0.0,0.0,2,4000,0,1,230,0,0,0
HM,VSI,2.246767,112.003350,1, ,0.0,0.0,310.0,04.3,2,4000,0,1,230,0,0,0,0

FINAL,D13-Z,13,D,3
IF,NOKAL,2.392931,111.829947,VSI,310.0,13.6,2,2500,0,0,0,0,0,0
CF,FF13,2.349900,111.880997,0,VSI,310.0,9.6,130.0,4.0,2,2500,0,0,0,0,2,0
CF,RW13,2.269928,111.975939,0,VSI,310.0,2.2,130.0,7.4,1,132,0,0,0,0,3,0
CA,0,130.0,2,1500,0,0,0,0,0,0
CI,1, ,0.0,350.0,0,0,0,1,230,0,0,0
CF,OSTEM,2.448514,112.226133,0,VSI,48.0,18.0,48.0,15.0,2,5000,0,0,0,0,0,0
HM,OSTEM,2.448514,112.226133,1, ,0.0,0.0,228.0,04.3,2,5000,0,1,230,0,0,0,0

APPTR,D31-Y,31,VSI
IF,VSI,2.246767,112.003350, ,0.0,0.0,2,4000,0,0,0,0,0,0
TF,FF31,2.175169,112.088083,0, ,0.0,0.0,0.0,0.0,0,0,0,0,0,0,0,0
FC,FF31,2.175169,112.088083,0,VSI,0.0,0.0,175.0,4.4,0,0,0,0,0,0,0,1
CF,SUGSI,2.132081,112.139075,1,VSI,130.0,10.7,310.0,1.0,2,2500,0,0,0,0,1,0

FINAL,D31-Y,31,D,3
IF,SUGSI,2.132081,112.139075,VSI,130.0,10.7,2,2500,0,0,0,0,0,0
CF,FF31,2.175169,112.088083,0,VSI,130.0,6.7,310.0,4.0,2,2500,0,0,0,0,2,0
CF,RW31,2.253950,111.994850,0,VSI,310.0,0.7,310.0,7.3,1,171,0,0,0,0,3,0
CA,0,310.0,2,2000,0,0,0,0,0,0
DF,VSI,2.246767,112.003350,2, ,0.0,0.0,2,4000,0,1,230,0,0,0
HM,VSI,2.246767,112.003350,1, ,0.0,0.0,130.0,04.3,2,4000,0,1,230,0,0,0,0

FINAL,D31-Z,31,D,3
IF,SUGSI,2.132081,112.139075,VSI,130.0,10.7,2,2500,0,0,0,0,0,0
CF,FF31,2.175169,112.088083,0,VSI,130.0,6.7,310.0,4.0,2,2500,0,0,0,0,2,0
CF,RW31,2.253950,111.994850,0,VSI,310.0,0.7,310.0,7.3,1,171,0,0,0,0,3,0
CA,0,310.0,2,1500,0,0,0,0,0,0
CI,2, ,0.0,100.0,0,0,0,1,230,0,0,0
CF,OSTEM,2.448514,112.226133,0,VSI,48.0,18.0,48.0,13.0,2,5000,0,0,0,0,0,0
HM,OSTEM,2.448514,112.226133,1, ,0.0,0.0,228.0,04.3,2,5000,0,1,230,0,0,0,0

APPTR,I13-Y,13,VSI
IF,VSI,2.246767,112.003350, ,0.0,0.0,2,4000,0,0,0,0,0,0
TF,FF13,2.349900,111.880997,0, ,0.0,0.0,0.0,0.0,2,2500,0,0,0,0,0,0
FC,FF13,2.349900,111.880997,0,VSI,0.0,0.0,355.0,4.4,0,0,0,0,0,0,0,1
CF,NOKAL,2.392931,111.829947,1,ISU,310.0,13.2,130.0,1.0,2,2500,0,0,0,0,1,0

FINAL,I13-Y,13,I,3
IF,NOKAL,2.392931,111.829947,ISU,310.0,13.2,2,2500,0,0,0,0,0,0
CF,FF13,2.349900,111.880997,0,ISU,310.0,9.2,130.0,4.0,1,2500,0,0,0,0,2,0
CF,RW13,2.269928,111.975939,0,ISU,310.0,1.7,130.0,7.4,1,132,0,0,0,0,3,0
CA,0,130.0,2,2000,0,0,0,0,0,0
DF,VSI,2.246767,112.003350,2, ,0.0,0.0,2,4000,0,1,230,0,0,0
HM,VSI,2.246767,112.003350,1, ,0.0,0.0,310.0,04.3,2,4000,0,1,230,0,0,0,0

FINAL,I13-Z,13,I,3
IF,NOKAL,2.392931,111.829947,ISU,310.0,13.2,2,2500,0,0,0,0,0,0
CF,FF13,2.349900,111.880997,0,ISU,310.0,9.2,130.0,4.0,1,2500,0,0,0,0,2,0
CF,RW13,2.269928,111.975939,0,ISU,310.0,1.7,130.0,7.4,1,132,0,0,0,0,3,0
CA,0,130.0,2,1500,0,0,0,0,0,0
CI,1, ,0.0,350.0,0,0,0,1,230,0,0,0
CF,OSTEM,2.448514,112.226133,0,VSI,48.0,18.0,48.0,15.0,2,5000,0,0,0,0,0,0
HM,OSTEM,2.448514,112.226133,1, ,0.0,0.0,228.0,04.3,2,5000,0,1,230,0,0,0,0

APPTR,R13-Y,13,LELIP
IF,LELIP,2.457131,111.883408, ,0.0,0.0,2,3000,0,0,0,0,1,0
TF,NOKAL,2.392931,111.829947,0, ,0.0,0.0,0.0,0.0,2,2500,0,0,0,0,1,0

APPTR,R13-Y,13,RINRA
IF,RINRA,2.328728,111.776494, ,0.0,0.0,2,3000,0,0,0,0,1,0
TF,NOKAL,2.392931,111.829947,0, ,0.0,0.0,0.0,0.0,2,2500,0,0,0,0,1,0

FINAL,R13-Y,13,R,3
IF,NOKAL,2.392931,111.829947, ,0.0,0.0,2,2500,0,0,0,0,0,0
TF,GS401,2.355797,111.874289,0, ,0.0,0.0,130.0,3.5,2,2500,0,0,0,0,2,0
TF,RW13,2.269928,111.975939,0, ,0.0,0.0,130.0,8.0,1,131,0,0,0,0,3,1
VA,0,130.0,2,1500,0,1,230,0,0,0
DF,OSTEM,2.448514,112.226133,0, ,0.0,0.0,2,5000,0,0,0,0,0,0
HM,OSTEM,2.448514,112.226133,1, ,0.0,0.0,228.0,04.3,2,5000,0,1,230,0,0,0,0

APPTR,R13-Z,13,ISGOT
IF,ISGOT,2.203100,111.505800, ,0.0,0.0,2,7000,0,0,0,0,0,0
TF,RISGU,2.282219,111.794003,0, ,0.0,0.0,0.0,0.0,2,5000,0,0,0,0,0,0
TF,GS601,2.295628,111.842042,0, ,0.0,0.0,0.0,0.0,2,2300,0,0,0,0,1,0
TF,GS604,2.310650,111.896658,0, ,0.0,0.0,0.0,0.0,2,1800,0,1,230,0,1,0
RF,ALBOX,2.301400,111.938764,2,RGS01,234.7,2.8,1,1000,0,1,185,0,0,0

APPTR,R13-Z,13,MEGOX
IF,MEGOX,2.034400,111.550800, ,0.0,0.0,2,7000,0,0,0,0,0,0
TF,GS601,2.295628,111.842042,0, ,0.0,0.0,0.0,0.0,2,2300,0,0,0,0,1,0
TF,GS604,2.310650,111.896658,0, ,0.0,0.0,0.0,0.0,2,1800,0,1,230,0,1,0
RF,ALBOX,2.301400,111.938764,2,RGS01,309.4,2.8,1,1000,0,1,185,0,0,0

APPTR,R13-Z,13,NOKAL
IF,NOKAL,2.392931,111.829947, ,0.0,0.0,2,2500,0,0,0,0,1,0
TF,GS608,2.355775,111.874408,0, ,0.0,0.0,0.0,0.0,2,2500,0,0,0,0,0,0
TF,ALBOX,2.301400,111.938764,0, ,0.0,0.0,0.0,0.0,1,1000,0,1,185,0,0,0

APPTR,R13-Z,13,TAMIG
IF,TAMIG,2.583100,112.374700, ,0.0,0.0,2,7000,0,0,0,0,0,0
TF,UPGOR,2.397525,111.979472,0, ,0.0,0.0,0.0,0.0,2,2600,0,0,0,0,1,0
TF,GS623,2.378006,111.945583,0, ,0.0,0.0,0.0,0.0,2,2600,0,1,225,0,1,0
RF,ALBOX,2.301400,111.938764,1,RGS03,359.3,2.8,1,1000,0,1,185,0,0,0

FINAL,R13-Z,13,R,2
IF,ALBOX,2.301400,111.938764, ,0.0,0.0,1,1000,0,1,185,0,2,0
TF,RW13,2.269928,111.975939,0, ,0.0,0.0,130.0,2.9,1,132,0,0,0,0,3,1
TF,GS692,2.194911,112.064778,0, ,0.0,0.0,0.0,0.0,2,1200,0,0,0,0,0,0
RF,GS697,2.114842,111.999056,2,RGS02,308.5,3.1,2,2500,0,1,185,0,0,0
TF,RISGU,2.282219,111.794003,0, ,0.0,0.0,0.0,0.0,2,5000,0,0,0,0,0,0
HM,RISGU,2.282219,111.794003,2, ,0.0,0.0,75.0,04.3,2,5000,0,1,230,0,0,0,0

APPTR,R31-Y,31,LEGUG
IF,LEGUG,2.067958,112.085536, ,0.0,0.0,2,3000,0,0,0,0,1,0
TF,SUGSI,2.132081,112.139075,0, ,0.0,0.0,0.0,0.0,2,2500,0,0,0,0,1,0

APPTR,R31-Y,31,RENIB
IF,RENIB,2.196200,112.192619, ,0.0,0.0,2,3000,0,0,0,0,1,0
TF,SUGSI,2.132081,112.139075,0, ,0.0,0.0,0.0,0.0,2,2500,0,0,0,0,1,0

FINAL,R31-Y,31,R,3
IF,SUGSI,2.132081,112.139075, ,0.0,0.0,2,2500,0,0,0,0,0,0
TF,GS402,2.169531,112.094753,0, ,0.0,0.0,310.0,3.5,2,2500,0,1,185,0,2,0
TF,RW31,2.253950,111.994850,0, ,0.0,0.0,310.0,7.8,1,171,0,0,0,0,3,1
TF,GS405,2.340481,111.892425,0, ,0.0,0.0,0.0,0.0,2,1500,0,1,210,0,0,0
TF,GS406,2.404153,111.946400,0, ,0.0,0.0,0.0,0.0,0,0,0,0,0,0,0,0
TF,OSTEM,2.448514,112.226133,0, ,0.0,0.0,0.0,0.0,2,5000,0,0,0,0,0,0
HM,OSTEM,2.448514,112.226133,1, ,0.0,0.0,228.0,04.3,2,5000,0,1,230,0,0,0,0

APPTR,R31-Z,31,ISGOT
IF,ISGOT,2.203100,111.505800, ,0.0,0.0,2,7000,0,0,0,0,0,0
TF,MIDEK,2.120472,111.969061,0, ,0.0,0.0,0.0,0.0,2,3000,0,0,0,0,1,0
TF,GS722,2.135728,112.021864,0, ,0.0,0.0,0.0,0.0,2,3000,0,1,220,0,0,0
RF,ISTUB,2.216708,112.038983,1,RGS04,248.8,2.8,1,1200,0,0,0,0,0,0

APPTR,R31-Z,31,MEGOX
IF,MEGOX,2.034400,111.550800, ,0.0,0.0,2,7000,0,0,0,0,0,0
TF,MIDEK,2.120472,111.969061,0, ,0.0,0.0,0.0,0.0,2,3000,0,0,0,0,1,0
TF,GS722,2.135728,112.021864,0, ,0.0,0.0,0.0,0.0,2,3000,0,1,220,0,0,0
RF,ISTUB,2.216708,112.038983,1,RGS04,129.5,2.8,1,1200,0,0,0,0,0,0

APPTR,R31-Z,31,SUGSI
IF,SUGSI,2.132081,112.139075, ,0.0,0.0,2,2500,0,0,0,0,1,0
TF,GS705,2.169581,112.094747,0, ,0.0,0.0,0.0,0.0,2,2500,0,0,0,0,0,0
TF,ISTUB,2.216708,112.038983,0, ,0.0,0.0,0.0,0.0,1,1200,0,0,0,0,0,0

APPTR,R31-Z,31,TAMIG
IF,TAMIG,2.583100,112.374700, ,0.0,0.0,2,7000,0,0,0,0,0,0
TF,GS717,2.344992,112.195753,0, ,0.0,0.0,0.0,0.0,2,3700,0,0,0,0,0,0
TF,TOSEP,2.250281,112.126861,0, ,0.0,0.0,0.0,0.0,2,3000,0,0,0,0,1,0
TF,GS715,2.222689,112.104211,0, ,0.0,0.0,0.0,0.0,2,2500,0,1,225,0,0,0
RF,GS718,2.206303,112.075169,2,RGS05,285.3,2.8,2,1900,0,1,225,0,0,0
RF,ISTUB,2.216708,112.038983,2,RGS05,359.2,2.8,1,1200,0,0,0,0,0,0

FINAL,R31-Z,31,R,2
IF,ISTUB,2.216708,112.038983, ,0.0,0.0,1,1200,0,0,0,0,2,0
TF,RW31,2.253950,111.994850,0, ,0.0,0.0,310.0,3.5,1,171,0,0,0,0,3,1
TF,GS794,2.340167,111.892883,0, ,0.0,0.0,0.0,0.0,0,0,0,0,0,0,0,0
RF,GS798,2.263250,111.823636,1,RGS06,133.8,3.1,0,0,0,1,230,0,0,0
TF,MIDEK,2.120472,111.969061,0, ,0.0,0.0,0.0,0.0,2,3000,0,0,0,0,0,0
HM,MIDEK,2.120472,111.969061,2, ,0.0,0.0,74.0,04.3,2,3000,0,1,230,0,0,0,0

