STAR,TOMA1A,07,5
IF,TOMAN,1.363056,105.788056, ,0.0,0.0,0,0,0,0,0,0,0,0
TF,AKDIN,2.544722,105.788333,0, ,0.0,0.0,0.0,0.0,0,0,0,0,0,0,0,0
TF,ESNIS,2.813333,105.604444,0, ,0.0,0.0,0.0,0.0,0,0,0,0,0,0,0,0
TF,ESGEL,2.908556,105.571833,0, ,0.0,0.0,0.0,0.0,2,2500,0,0,0,0,0,0

STAR,TOMA1B,25,5
IF,TOMAN,1.363056,105.788056, ,0.0,0.0,0,0,0,0,0,0,0,0
TF,AKDIN,2.544722,105.788333,0, ,0.0,0.0,0.0,0.0,0,0,0,0,0,0,0,0
TF,NURKI,2.967222,105.957500,0, ,0.0,0.0,0.0,0.0,0,0,0,0,0,0,0,0
TF,VISIL,3.052361,105.904389,0, ,0.0,0.0,0.0,0.0,2,3000,0,0,0,0,0,0

APPTR,R07,07,ESGEL
IF,ESGEL,2.908556,105.571833, ,0.0,0.0,2,2500,0,0,0,0,1,0
TF,DL501,2.923167,105.619639,0, ,0.0,0.0,0.0,0.0,2,2000,0,0,0,0,1,0

FINAL,R07,07,R,3
IF,DL501,2.923167,105.619639, ,0.0,0.0,2,2000,0,0,0,0,0,0
TF,DL502,2.937778,105.667444,0, ,0.0,0.0,73.0,3.0,2,1600,0,0,0,0,2,0
TF,DL503,2.957972,105.733556,0, ,0.0,0.0,73.0,4.1,1,325,0,0,0,0,3,1
DF,DL504,3.009000,105.788389,0, ,0.0,0.0,2,1700,0,0,0,0,0,0
TF,DL505,3.051944,105.748694,0, ,0.0,0.0,0.0,0.0,0,0,0,0,0,0,0,0
TF,DL506,2.964639,105.554889,0, ,0.0,0.0,0.0,0.0,0,0,0,0,0,0,0,0
TF,ESGEL,2.908556,105.571833,0, ,0.0,0.0,0.0,0.0,2,2500,0,0,0,0,0,0
HM,ESGEL,2.908556,105.571833,2, ,0.0,0.0,73.0,04.3,2,2500,0,0,0,0,0,0,0

APPTR,R25,25,VISIL
IF,VISIL,3.052361,105.904389, ,0.0,0.0,2,3000,0,0,0,0,1,0
TF,DL701,3.025778,105.861972,0, ,0.0,0.0,0.0,0.0,2,2000,0,0,0,0,1,0

FINAL,R25,25,R,3
IF,DL701,3.025778,105.861972, ,0.0,0.0,2,2000,0,0,0,0,0,0
TF,DL702,2.999222,105.819528,0, ,0.0,0.0,238.0,3.0,2,1600,0,0,0,0,2,0
TF,DL703,2.969972,105.772833,0, ,0.0,0.0,238.0,3.3,1,367,0,0,0,0,3,1
CF,DL704,2.952778,105.725861,0,VMR,73.1,116.3,250.0,3.0,2,1700,0,0,0,0,0,1
DF,VISIL,3.052361,105.904389,2, ,0.0,0.0,2,3000,0,0,0,0,0,0
HM,VISIL,3.052361,105.904389,2, ,0.0,0.0,238.0,04.3,2,3000,0,0,0,0,0,0,0

