SID,JEMZE1,17,5
DF,DER17,-9.307886,125.287769,0, ,0.0,0.0,0,0,0,0,0,0,0,1
CA,0,166.0,2,1000,0,0,0,0,0,0
DF,JEMZE,-8.991800,125.907000,1, ,0.0,0.0,0,0,0,0,0,0,0,0

SID,KIKEM1,17,5
DF,DER17,-9.307886,125.287769,0, ,0.0,0.0,0,0,0,0,0,0,0,1
CA,0,166.0,2,1000,0,0,0,0,0,0
DF,KIKEM,-9.881700,126.123300,0, ,0.0,0.0,0,0,0,0,0,0,0,0

SID,KUPN1A,17,5
CF,MOXEX,-9.389561,125.306303,0,SUI,167.5,5.7,166.0,5.0,2,2500,0,0,0,0,0,1
DF,POVOT,-9.397736,125.107083,2, ,0.0,0.0,2,5800,0,1,210,0,0,0
TF,KUPNG,-10.171583,123.671147,0, ,0.0,0.0,0.0,0.0,2,5800,0,0,0,0,0,0

SID,KUPN1B,17,5
CF,MOXEX,-9.389561,125.306303,0,SUI,167.5,5.7,166.0,5.0,2,1430,0,0,0,0,0,1
DF,ABVES,-9.310253,125.392956,1, ,0.0,0.0,3,7000,0,0,0,0,0,1
DF,POVOT,-9.397736,125.107083,1, ,0.0,0.0,2,5800,0,1,210,0,0,0
TF,KUPNG,-10.171583,123.671147,0, ,0.0,0.0,0.0,0.0,2,5800,0,0,0,0,0,0

APPTR,D35,35,D120K
IF,D120K,-9.392883,125.445019, ,0.0,0.0,2,4000,0,0,0,0,1,0
AF,D168K,-9.476989,125.322578,2,SUI,168.0,11.0,120.0,0,0,0,0,0,0,0,0
CF,CF35,-9.435908,125.314533,0,SUI,168.0,8.5,348.0,2.5,2,2600,0,0,0,0,1,0

APPTR,D35,35,SUI
IF,SUI,-9.296186,125.287181, ,0.0,0.0,2,8200,0,0,0,0,1,0
CF,D133K,-9.424108,125.420611,0,SUI,133.0,11.0,133.0,11.0,0,0,0,0,0,0,0,0
AF,D168K,-9.476989,125.322578,2,SUI,168.0,11.0,133.0,0,0,0,0,0,0,0,0
CF,CF35,-9.435908,125.314533,0,SUI,168.0,8.5,348.0,2.5,2,2600,0,0,0,0,1,0

FINAL,D35,35,D,3
IF,CF35,-9.435908,125.314533,SUI,168.0,8.5,2,2600,0,0,0,0,0,0
CF,FF35,-9.394806,125.306483,0,SUI,168.0,6.0,348.0,2.5,2,1810,0,0,0,0,2,0
CF,MA35,-9.329142,125.293100,0,SUI,168.9,2.0,348.0,4.0,1,534,0,0,0,0,3,0
CA,0,348.0,2,620,0,0,0,0,0,0
VM,0,0,2,120.0,2,4000,0,1,160,0,0,0

APPTR,R35,35,DULUR
IF,DULUR,-9.456367,125.234858, ,0.0,0.0,2,4000,0,1,200,0,1,0
TF,DB100,-9.438072,125.317142,0, ,0.0,0.0,0.0,0.0,2,2650,0,1,200,0,1,0

APPTR,R35,35,OSENA
IF,OSENA,-9.503431,125.331889, ,0.0,0.0,2,4000,0,1,200,0,1,0
TF,DB100,-9.438072,125.317142,0, ,0.0,0.0,0.0,0.0,2,2650,0,1,200,0,1,0

APPTR,R35,35,SANAK
IF,SANAK,-9.419761,125.399414, ,0.0,0.0,2,4000,0,1,200,0,1,0
TF,DB100,-9.438072,125.317142,0, ,0.0,0.0,0.0,0.0,2,2650,0,1,200,0,1,0

FINAL,R35,35,R,3
IF,DB100,-9.438072,125.317142, ,0.0,0.0,2,2650,0,0,0,0,0,0
TF,DB110,-9.380886,125.304236,0, ,0.0,0.0,346.0,3.5,2,1540,0,0,0,0,2,0
TF,DB120,-9.331867,125.293178,0, ,0.0,0.0,346.0,3.0,1,585,0,1,160,0,3,1
CA,2,120.0,2,4000,0,1,160,0,0,0

