APPTR,R17,17,CUHZU
HF,CUHZU,28.936931,-98.054311,2, ,0.0,0.0,173.0,04,2,2000,0,0,0,0,1,0,0

FINAL,R17,17,R,4
IF,CUHZU,28.936931,-98.054311, ,0.0,0.0,2,2000,0,0,0,0,0,0
TF,WUNAX,28.836553,-98.049625,0, ,0.0,0.0,173.0,6.0,2,2000,0,0,0,0,2,0
TF,OGLUW,28.784650,-98.047206,0, ,0.0,0.0,173.0,3.1,2,1020,0,0,0,0,0,0
TF,RW17,28.754111,-98.045783,0, ,0.0,0.0,173.0,1.8,1,418,0,0,0,0,3,1
CA,0,173.0,2,700,0,0,0,0,0,0
DF,YAJRI,28.676458,-98.042169,0, ,0.0,0.0,0,0,0,0,0,0,0,0
TF,SLENA,28.543975,-98.196636,0, ,0.0,0.0,0.0,0.0,2,2000,0,0,0,0,0,1
HM,SLENA,28.543975,-98.196636,2, ,0.0,0.0,24.0,04,0,0,0,0,0,0,0,0,0

