SID,AMB4,04,1
DF,DER04,-27.636589,152.720414,0, ,0.0,0.0,0,0,0,0,0,0,0,1
CA,0,43.0,2,1000,0,0,0,0,0,0
VM,0,0,0,43.0,0,0,0,0,0,0,0,0

SID,AMB4,15,1
DF,DER15,-27.647331,152.716472,0, ,0.0,0.0,0,0,0,0,0,0,0,1
CA,0,148.0,2,600,0,0,0,0,0,0
VM,0,0,0,148.0,0,0,0,0,0,0,0,0

SID,AMB4,22,1
DF,DER22,-27.644611,152.707869,0, ,0.0,0.0,0,0,0,0,0,0,0,1
CA,0,223.0,2,1200,0,0,0,0,0,0
VM,0,0,0,223.0,0,0,0,0,0,0,0,0

SID,AMB4,33,1
CF,D326D,-27.579772,152.687369,0,BN,231.0,27.3,328.0,3.0,0,0,0,0,0,0,0,0
CA,0,328.0,2,900,0,0,0,0,0,0
VM,0,0,0,328.0,0,0,0,0,0,0,0,0

SID,BOBO5A,15,4
DF,DER15,-27.647331,152.716472,0, ,0.0,0.0,0,0,0,0,0,0,0,1
CA,0,148.0,2,2700,0,0,0,0,0,0
DF,DEBEE,-28.092736,152.347222,0, ,0.0,0.0,0,0,0,0,0,0,0,0
TF,BOBOP,-28.931639,151.680639,0, ,0.0,0.0,0.0,0.0,0,0,0,0,0,0,0,0

SID,BOBO5A,33,4
CA,0,328.0,2,400,0,0,0,0,0,0
CF,AKSIK,-27.575247,152.684981,0,BN,231.6,27.3,328.0,3.0,0,0,0,0,0,0,0,1
CA,0,328.0,2,800,0,0,0,0,0,0
DF,DEBEE,-28.092736,152.347222,1, ,0.0,0.0,0,0,0,0,0,0,0,0
TF,BOBOP,-28.931639,151.680639,0, ,0.0,0.0,0.0,0.0,0,0,0,0,0,0,0,0

SID,BOBO5T,15,1
DF,DER15,-27.647331,152.716472,0, ,0.0,0.0,0,0,0,0,0,0,0,1
CA,0,148.0,2,2700,0,0,0,0,0,0
CI,0, ,0.0,235.0,0,0,0,0,0,0,0,0
IF,AMB,-27.641528,152.716111, ,0.0,0.0,0,0,0,0,0,0,0,0
TF,BOBOP,-28.931639,151.680639,0, ,0.0,0.0,0.0,0.0,0,0,0,0,0,0,0,0

SID,BOBO5T,33,1
DF,D326D,-27.579772,152.687369,0, ,0.0,0.0,0,0,0,0,0,0,0,0
CA,0,328.0,2,800,0,0,0,0,0,0
CI,1, ,0.0,185.0,0,0,0,0,0,0,0,0
IF,AMB,-27.641528,152.716111, ,0.0,0.0,0,0,0,0,0,0,0,0
TF,BOBOP,-28.931639,151.680639,0, ,0.0,0.0,0.0,0.0,0,0,0,0,0,0,0,0

SID,BRISY3,15,1
DF,DER15,-27.647331,152.716472,0, ,0.0,0.0,0,0,0,0,0,0,0,1
CA,0,148.0,2,2700,0,0,0,0,0,0
CA,1,330.0,2,4000,0,0,0,0,0,0
VM,0,0,0,330.0,0,0,0,0,0,0,0,0

SID,BRISY3,33,1
CF,D326D,-27.579772,152.687369,0,BN,231.0,27.3,328.0,3.0,0,0,0,0,0,0,0,0
CA,0,328.0,2,800,0,0,0,0,0,0
CA,0,350.0,2,4000,0,0,0,0,0,0
VM,0,0,0,350.0,0,0,0,0,0,0,0,0

SID,JEDA5A,15,4
DF,DER15,-27.647331,152.716472,0, ,0.0,0.0,0,0,0,0,0,0,0,1
CA,0,148.0,2,2700,0,0,0,0,0,0
DF,RUDEY,-27.385925,152.390753,2, ,0.0,0.0,0,0,0,0,0,0,0,0
TF,JEDDA,-27.157114,151.952850,0, ,0.0,0.0,0.0,0.0,0,0,0,0,0,0,0,0

SID,JEDA5A,33,4
CA,0,328.0,2,400,0,0,0,0,0,0
CF,AKSIK,-27.575247,152.684981,0,BN,231.6,27.3,328.0,3.0,0,0,0,0,0,0,0,1
CA,0,328.0,2,800,0,0,0,0,0,0
DF,RUDEY,-27.385925,152.390753,0, ,0.0,0.0,0,0,0,0,0,0,0,0
TF,JEDDA,-27.157114,151.952850,0, ,0.0,0.0,0.0,0.0,0,0,0,0,0,0,0,0

SID,JEDA5T,15,1
DF,DER15,-27.647331,152.716472,0, ,0.0,0.0,0,0,0,0,0,0,0,1
CA,0,148.0,2,2700,0,0,0,0,0,0
CI,2, ,0.0,324.0,0,0,0,0,0,0,0,0
CF,JEDDA,-27.157114,151.952850,0,AMB,294.2,50.0,294.0,41.0,0,0,0,0,0,0,0,0

SID,JEDA5T,33,1
DF,D326D,-27.579772,152.687369,0, ,0.0,0.0,0,0,0,0,0,0,0,0
CA,0,328.0,2,800,0,0,0,0,0,0
CI,0, ,0.0,265.0,0,0,0,0,0,0,0,0
CF,JEDDA,-27.157114,151.952850,0,AMB,294.2,50.0,294.0,39.0,0,0,0,0,0,0,0,0

SID,MESE5A,15,4
DF,DER15,-27.647331,152.716472,0, ,0.0,0.0,0,0,0,0,0,0,0,1
CA,0,148.0,2,2700,0,0,0,0,0,0
DF,IMATI,-27.488817,152.392908,2, ,0.0,0.0,0,0,0,0,0,0,0,0
TF,MESED,-27.310342,151.857694,0, ,0.0,0.0,0.0,0.0,0,0,0,0,0,0,0,0

SID,MESE5A,33,4
CA,0,328.0,2,400,0,0,0,0,0,0
CF,AKSIK,-27.575247,152.684981,0,BN,231.6,27.3,328.0,3.0,0,0,0,0,0,0,0,1
CA,0,328.0,2,800,0,0,0,0,0,0
DF,IMATI,-27.488817,152.392908,0, ,0.0,0.0,0,0,0,0,0,0,0,0
TF,MESED,-27.310342,151.857694,0, ,0.0,0.0,0.0,0.0,0,0,0,0,0,0,0,0

SID,MESE5T,15,1
DF,DER15,-27.647331,152.716472,0, ,0.0,0.0,0,0,0,0,0,0,0,1
CA,0,148.0,2,2700,0,0,0,0,0,0
CI,2, ,0.0,312.0,0,0,0,0,0,0,0,0
CF,MESED,-27.310342,151.857694,0,AMB,282.2,49.9,282.0,38.0,0,0,0,0,0,0,0,0

SID,MESE5T,33,1
DF,D326D,-27.579772,152.687369,0, ,0.0,0.0,0,0,0,0,0,0,0,0
CA,0,328.0,2,800,0,0,0,0,0,0
CI,0, ,0.0,252.0,0,0,0,0,0,0,0,0
CF,MESED,-27.310342,151.857694,0,AMB,282.2,49.9,282.0,38.0,0,0,0,0,0,0,0,0

SID,TATE2A,15,4
DF,DER15,-27.647331,152.716472,0, ,0.0,0.0,0,0,0,0,0,0,0,1
CA,0,148.0,2,2700,0,0,0,0,0,0
DF,PAMRI,-28.109278,152.710222,0, ,0.0,0.0,0,0,0,0,0,0,0,0
TF,TATEN,-28.490000,152.536667,0, ,0.0,0.0,0.0,0.0,0,0,0,0,0,0,0,0

SID,TATE2A,33,4
CA,0,328.0,2,400,0,0,0,0,0,0
CF,AKSIK,-27.575247,152.684981,0,BN,231.6,27.3,328.0,3.0,0,0,0,0,0,0,0,1
CA,0,328.0,2,800,0,0,0,0,0,0
DF,ENLIP,-27.950417,152.580806,1, ,0.0,0.0,0,0,0,0,0,0,0,0
TF,TATEN,-28.490000,152.536667,0, ,0.0,0.0,0.0,0.0,0,0,0,0,0,0,0,0

SID,TATE2T,15,1
DF,DER15,-27.647331,152.716472,0, ,0.0,0.0,0,0,0,0,0,0,0,1
CA,0,148.0,2,2700,0,0,0,0,0,0
CI,0, ,0.0,210.0,0,0,0,0,0,0,0,0
CF,TATEN,-28.490000,152.536667,0,AMB,179.6,51.7,180.0,42.0,0,0,0,0,0,0,0,0

SID,TATE2T,33,1
DF,D326D,-27.579772,152.687369,0, ,0.0,0.0,0,0,0,0,0,0,0,0
CA,0,328.0,2,800,0,0,0,0,0,0
CI,1, ,0.0,150.0,0,0,0,0,0,0,0,0
CF,TATEN,-28.490000,152.536667,0,AMB,179.6,51.7,180.0,44.0,0,0,0,0,0,0,0,0

APPTR,I15-Y,15,BIGIX
IF,BIGIX,-27.637833,152.490861, ,0.0,0.0,2,5100,0,0,0,0,1,0
AF,D317L,-27.471392,152.596956,2,AMB,317.0,12.0,260.0,2,2500,0,0,0,0,0,1
VI,0,IAM,0.0,118.0,0,0,0,0,0,0,0,0

APPTR,I15-Y,15,SOOTY
IF,SOOTY,-27.408500,152.612333, ,0.0,0.0,2,3800,0,0,0,0,1,0
CF,OREBI,-27.455194,152.632639,0,IAM,327.7,12.5,148.0,3.0,2,2500,0,0,0,0,1,0

FINAL,I15-Y,15,I,3
IF,OREBI,-27.455194,152.632639,IAM,327.7,12.5,2,2500,0,0,0,0,0,0
CF,FF15,-27.539347,152.669319,0,IAM,327.7,7.1,148.0,5.4,1,1820,0,0,0,0,2,0
CF,RW15,-27.621703,152.705272,0,IAM,327.7,1.8,148.0,5.3,1,137,0,0,0,0,3,0
CA,0,148.0,2,700,0,0,0,0,0,0
VM,0,0,2,185.0,1,5100,0,0,0,0,0,0

APPTR,I15-Z,15,DULIN
IF,DULIN,-27.648750,152.723500, ,0.0,0.0,2,5100,0,0,0,0,1,0
CF,CF15Z,-27.504764,152.654242,0,BN,241.1,27.2,328.0,9.4,2,2500,0,0,0,0,0,0
FC,CF15Z,-27.504764,152.654242,0,BN,0.0,0.0,283.0,4.3,2,2500,0,0,0,0,0,1
CF,CF15Z,-27.504764,152.654242,2,IAM,327.7,9.3,148.0,5.0,2,2500,0,0,0,0,0,0

APPTR,I15-Z,15,OREBI
IF,OREBI,-27.455194,152.632639, ,0.0,0.0,2,2500,0,0,0,0,1,0
CF,CF15Z,-27.504764,152.654242,0,IAM,327.7,9.3,148.0,3.2,2,2500,0,0,0,0,0,0

FINAL,I15-Z,15,I,3
IF,CF15Z,-27.504764,152.654242,IAM,327.7,9.3,2,2500,0,0,0,0,0,0
CF,IKELI,-27.539056,152.669194,0,IAM,327.7,7.1,148.0,2.2,1,1830,0,0,0,0,2,0
CF,RW15,-27.621703,152.705272,0,IAM,327.7,1.8,148.0,5.3,1,137,0,0,0,0,3,0
CA,0,148.0,2,600,0,0,0,0,0,0
CA,0,185.0,2,2000,0,0,0,0,0,0
VM,0,0,2,325.0,1,3800,0,0,0,0,0,0

APPTR,L15-Y,15,BIGIX
IF,BIGIX,-27.637833,152.490861, ,0.0,0.0,2,5100,0,0,0,0,1,0
AF,D317L,-27.471392,152.596956,2,AMB,317.0,12.0,260.0,2,2500,0,0,0,0,0,1
VI,0,IAM,0.0,118.0,0,0,0,0,0,0,0,0

APPTR,L15-Y,15,SOOTY
IF,SOOTY,-27.408500,152.612333, ,0.0,0.0,2,3800,0,0,0,0,1,0
CF,OREBI,-27.455194,152.632639,0,IAM,327.7,12.5,148.0,3.0,2,2500,0,0,0,0,1,0

FINAL,L15-Y,15,D,5
IF,OREBI,-27.455194,152.632639,IAM,327.7,12.5,2,2500,0,0,0,0,0,0
CF,FF15,-27.539347,152.669319,0,IAM,327.7,7.1,148.0,5.4,2,1990,0,0,0,0,2,0
CF,40LOC,-27.579847,152.686992,0,IAM,327.7,4.5,148.0,2.6,2,1070,0,0,0,0,0,0
CF,30LOC,-27.595422,152.693792,0,IAM,327.7,3.5,148.0,1.0,2,710,0,0,0,0,0,0
CF,MA15,-27.613956,152.701889,0,IAM,327.7,2.3,148.0,1.2,1,306,0,0,0,0,3,0
CA,0,148.0,2,700,0,0,0,0,0,0
VM,0,0,2,185.0,1,5100,0,0,0,0,0,0

APPTR,L15-Z,15,DULIN
IF,DULIN,-27.648750,152.723500, ,0.0,0.0,2,5100,0,0,0,0,1,0
CF,CF15Z,-27.504764,152.654242,0,BN,241.1,27.2,328.0,9.4,2,2500,0,0,0,0,0,0
FC,CF15Z,-27.504764,152.654242,0,BN,0.0,0.0,283.0,4.3,2,2500,0,0,0,0,0,1
CF,CF15Z,-27.504764,152.654242,2,IAM,327.7,9.3,148.0,5.0,2,2500,0,0,0,0,0,0

APPTR,L15-Z,15,OREBI
IF,OREBI,-27.455194,152.632639, ,0.0,0.0,2,2500,0,0,0,0,1,0
CF,CF15Z,-27.504764,152.654242,0,IAM,327.7,9.3,148.0,3.2,2,2500,0,0,0,0,0,0

FINAL,L15-Z,15,D,5
IF,CF15Z,-27.504764,152.654242,IAM,327.7,9.3,2,2500,0,0,0,0,0,0
CF,IKELI,-27.539056,152.669194,0,IAM,327.7,7.1,148.0,2.2,2,2000,0,0,0,0,2,0
CF,29LOC,-27.579533,152.686856,0,IAM,327.7,4.5,148.0,2.6,2,1080,0,0,0,0,0,0
CF,19LOC,-27.595111,152.693658,0,IAM,327.7,3.5,148.0,1.0,2,730,0,0,0,0,0,0
CF,MA15,-27.613956,152.701889,0,IAM,327.7,2.3,148.0,1.2,1,312,0,0,0,0,3,0
CA,0,148.0,2,600,0,0,0,0,0,0
CA,0,184.0,2,2000,0,0,0,0,0,0
VM,0,0,2,325.0,1,3800,0,0,0,0,0,0

APPTR,R04,04,AM2WJ
IF,AM2WJ,-27.790633,152.478894, ,0.0,0.0,2,5100,0,1,210,0,1,0
TF,AM2WI,-27.742003,152.555289,0, ,0.0,0.0,0.0,0.0,2,3530,0,0,0,0,1,0

APPTR,R04,04,AM2WN
IF,AM2WN,-27.694675,152.477722, ,0.0,0.0,2,5100,0,1,210,0,1,0
TF,AM2WI,-27.742003,152.555289,0, ,0.0,0.0,0.0,0.0,2,3530,0,0,0,0,1,0

FINAL,R04,04,R,3
IF,AM2WI,-27.742003,152.555289, ,0.0,0.0,2,3530,0,0,0,0,0,0
TF,AM2WF,-27.693328,152.631614,0, ,0.0,0.0,43.0,5.0,2,1830,0,0,0,0,2,0
TF,RW04,-27.644611,152.707869,0, ,0.0,0.0,43.0,5.0,1,136,0,0,0,0,3,1
DF,AM2WH,-27.466364,152.697456,0, ,0.0,0.0,0,0,0,0,0,0,0,0
CA,0,315.0,2,5100,0,0,0,0,0,0

APPTR,R15,15,AM2ND
IF,AM2ND,-27.410847,152.707756, ,0.0,0.0,2,3800,0,1,210,0,1,0
TF,AM2NI,-27.465939,152.637333,0, ,0.0,0.0,0.0,0.0,2,3330,0,0,0,0,1,0

APPTR,R15,15,AM2NE
IF,AM2NE,-27.388039,152.603436, ,0.0,0.0,2,3800,0,1,210,0,1,0
TF,AM2NI,-27.465939,152.637333,0, ,0.0,0.0,0.0,0.0,2,3330,0,0,0,0,1,0

APPTR,R15,15,AM2NG
IF,AM2NG,-27.467697,152.543672, ,0.0,0.0,2,3800,0,1,210,0,1,0
TF,AM2NI,-27.465939,152.637333,0, ,0.0,0.0,0.0,0.0,2,3330,0,0,0,0,1,0

FINAL,R15,15,R,3
IF,AM2NI,-27.465939,152.637333, ,0.0,0.0,2,3330,0,0,0,0,0,0
TF,AM2NF,-27.543831,152.671275,0, ,0.0,0.0,148.0,5.0,2,1730,0,0,0,0,2,0
TF,RW15,-27.621703,152.705272,0, ,0.0,0.0,148.0,5.0,1,142,0,0,0,0,3,1
CA,2,185.0,2,5100,0,0,0,0,0,0

APPTR,R33,33,AM2SK
IF,AM2SK,-27.862272,152.747869, ,0.0,0.0,2,3400,0,1,210,0,1,0
TF,AM2SI,-27.810503,152.741472,0, ,0.0,0.0,0.0,0.0,2,3400,0,0,0,0,1,0

APPTR,R33,33,AM2SL
IF,AM2SL,-27.849219,152.653139, ,0.0,0.0,2,5100,0,1,210,0,1,0
TF,AM2SI,-27.810503,152.741472,0, ,0.0,0.0,0.0,0.0,2,3400,0,0,0,0,1,0

FINAL,R33,33,R,3
IF,AM2SI,-27.810503,152.741472, ,0.0,0.0,2,3400,0,0,0,0,0,0
TF,AM2SF,-27.745983,152.733508,0, ,0.0,0.0,343.0,3.9,2,2120,0,0,0,0,2,0
TF,AM2SM,-27.662919,152.723269,0, ,0.0,0.0,343.0,5.0,1,470,0,0,0,0,3,1
DF,AM2SH,-27.585014,152.689256,0, ,0.0,0.0,0,0,0,0,0,0,0,0
CA,0,328.0,2,3800,0,0,0,0,0,0

APPTR,T15,15,BIGIX
IF,BIGIX,-27.637833,152.490861, ,0.0,0.0,2,5100,0,0,0,0,1,0
AF,D325L,-27.458278,152.624608,2,AMB,325.0,12.0,260.0,2,2500,0,0,0,0,0,0
TF,D325K,-27.473550,152.632217,0, ,0.0,0.0,0.0,0.0,2,2500,0,0,0,0,1,0
TF,CT15,-27.504097,152.647442,0, ,0.0,0.0,0.0,0.0,2,2500,0,0,0,0,0,0

APPTR,T15,15,SHNAB
IF,SHNAB,-27.412667,152.600833, ,0.0,0.0,2,3800,0,0,0,0,1,0
TF,D325K,-27.473550,152.632217,0, ,0.0,0.0,0.0,0.0,0,0,0,0,0,0,1,0
TF,CT15,-27.504097,152.647442,0, ,0.0,0.0,0.0,0.0,2,2500,0,0,0,0,0,0

FINAL,T15,15,D,4
IF,CT15,-27.504097,152.647442,AMB,325.0,9.0,2,2500,0,0,0,0,0,0
CF,FT15,-27.549911,152.670294,0,AMB,325.0,6.0,145.0,3.0,2,1630,0,0,0,0,2,0
CF,35TAC,-27.588086,152.689350,0,AMB,324.9,3.5,145.0,2.5,2,810,0,0,0,0,0,0
CF,MT15,-27.609464,152.700031,0,AMB,324.9,2.1,145.0,1.4,1,392,0,0,0,0,3,0
CA,0,145.0,2,600,0,0,0,0,0,0
CA,0,185.0,2,5100,0,0,0,0,0,0

APPTR,T33,33,AGONI
IF,AGONI,-27.725667,152.576000, ,0.0,0.0,2,5100,0,0,0,0,1,0
AF,D153I,-27.786106,152.762672,1,AMB,153.0,9.0,225.0,2,3100,0,0,0,0,1,0
TF,D153H,-27.770042,152.757486,0, ,0.0,0.0,0.0,0.0,2,2830,0,0,0,0,0,0
TF,CT33,-27.737914,152.747119,0, ,0.0,0.0,0.0,0.0,2,2120,0,0,0,0,0,0

FINAL,T33,33,D,4
IF,CT33,-27.737914,152.747119,AMB,153.0,6.0,2,2120,0,0,0,0,0,0
CF,FT33,-27.705786,152.736758,0,AMB,153.0,4.0,333.0,2.0,2,1420,0,0,0,0,2,0
CF,30TAC,-27.689722,152.731581,0,AMB,153.1,3.0,333.0,1.0,2,1070,0,0,0,0,0,0
CF,MT33,-27.657592,152.721228,0,AMB,153.2,1.0,333.0,2.0,1,373,0,0,0,0,3,0
CA,0,328.0,2,3800,0,0,0,0,0,0

