APPTR,R147,14,AT2NA
IF,AT2NA,-17.118058,145.366644, ,0.0,0.0,2,5500,0,0,0,0,1,0
TF,AT2NI,-17.110503,145.435808,0, ,0.0,0.0,0.0,0.0,2,5500,0,0,0,0,1,0

APPTR,R147,14,AT2NC
IF,AT2NC,-17.050589,145.404772, ,0.0,0.0,2,5500,0,0,0,0,1,0
TF,AT2NI,-17.110503,145.435808,0, ,0.0,0.0,0.0,0.0,2,5500,0,0,0,0,1,0

APPTR,R147,14,AT2ND
IF,AT2ND,-17.061950,145.483722, ,0.0,0.0,2,5500,0,0,0,0,1,0
TF,AT2NI,-17.110503,145.435808,0, ,0.0,0.0,0.0,0.0,2,5500,0,0,0,0,1,0

FINAL,R147,14,R,3
IF,AT2NI,-17.110503,145.435808, ,0.0,0.0,2,5500,0,0,0,0,0,0
TF,AT2NF,-17.170411,145.466869,0, ,0.0,0.0,147.0,4.0,2,4230,0,0,0,0,2,0
TF,AT2NM,-17.237800,145.501831,0, ,0.0,0.0,147.0,4.5,1,2815,0,0,0,0,3,1
DF,AT2NH,-17.282722,145.525156,0, ,0.0,0.0,0,0,0,0,0,0,0,0
CA,0,147.0,2,6500,0,0,0,0,0,0

