SID,BALLA1,18,1
CA,0,178.0,2,2000,0,0,0,0,0,0
VM,0,0,0,178.0,2,4800,0,0,0,0,0,0

SID,BALLA1,36,1
CA,0,358.0,2,2300,0,0,0,0,0,0
VM,0,0,0,358.0,2,4800,0,0,0,0,0,0

APPTR,R18,18,BT2ND
IF,BT2ND,-37.301919,143.735294, ,0.0,0.0,2,4100,0,1,210,0,1,0
TF,BT2NI,-37.342064,143.826808,0, ,0.0,0.0,0.0,0.0,2,4100,0,0,0,0,1,0

APPTR,R18,18,BT2NE
IF,BT2NE,-37.259644,143.842681, ,0.0,0.0,2,4100,0,1,210,0,1,0
TF,BT2NI,-37.342064,143.826808,0, ,0.0,0.0,0.0,0.0,2,4100,0,0,0,0,1,0

APPTR,R18,18,BT2NG
IF,BT2NG,-37.325756,143.929225, ,0.0,0.0,2,4100,0,1,210,0,1,0
TF,BT2NI,-37.342064,143.826808,0, ,0.0,0.0,0.0,0.0,2,4100,0,0,0,0,1,0

FINAL,R18,18,R,3
IF,BT2NI,-37.342064,143.826808, ,0.0,0.0,2,4100,0,0,0,0,0,0
TF,BT2NF,-37.424478,143.810894,0, ,0.0,0.0,178.0,5.0,2,3070,0,0,0,0,2,0
TF,RW18,-37.506911,143.794933,0, ,0.0,0.0,178.0,5.0,1,1478,0,0,0,0,3,1
CA,0,178.0,2,4100,0,0,0,0,0,0

APPTR,R36,36,BT2SA
IF,BT2SA,-37.727853,143.851769, ,0.0,0.0,2,4100,0,1,210,0,1,0
TF,BT2SI,-37.687706,143.759783,0, ,0.0,0.0,0.0,0.0,2,4100,0,0,0,0,1,0

APPTR,R36,36,BT2SC
IF,BT2SC,-37.703844,143.656839, ,0.0,0.0,2,4100,0,1,210,0,1,0
TF,BT2SI,-37.687706,143.759783,0, ,0.0,0.0,0.0,0.0,2,4100,0,0,0,0,1,0

APPTR,R36,36,ESDIG
IF,ESDIG,-37.742250,143.756667, ,0.0,0.0,2,4100,0,1,210,0,1,0
TF,BT2SI,-37.687706,143.759783,0, ,0.0,0.0,0.0,0.0,2,4100,0,0,0,0,1,0

FINAL,R36,36,R,3
IF,BT2SI,-37.687706,143.759783, ,0.0,0.0,2,4100,0,0,0,0,0,0
TF,BT2SF,-37.605308,143.775831,0, ,0.0,0.0,358.0,5.0,2,3090,0,0,0,0,2,0
TF,RW36,-37.522903,143.791833,0, ,0.0,0.0,358.0,5.0,1,1494,0,0,0,0,3,1
CA,0,358.0,2,4100,0,0,0,0,0,0

