APPTR,N05-A,05,DBY1
IF,DBY,-17.356944,123.666944, ,0.0,0.0,2,1700,0,1,210,0,1,0
FC,DBY,-17.356944,123.666944,0,CIN,0.0,0.0,92.0,5.3,2,1700,0,0,0,0,0,1
CF,FN240,-17.321139,123.736858,1,CIN,335.6,17.3,240.0,1.0,2,1700,0,0,0,0,0,0

APPTR,N05-A,05,DBY2
IF,DBY,-17.356944,123.666944, ,0.0,0.0,2,1700,0,1,210,0,1,0
FC,DBY,-17.356944,123.666944,0,CIN,0.0,0.0,78.0,4.7,2,1700,0,0,0,0,0,1
CF,FN240,-17.321139,123.736858,1,CIN,335.6,17.3,240.0,1.0,2,1700,0,0,0,0,0,0

FINAL,N05-A,05,N,2
IF,FN240,-17.321139,123.736858,DBY,0.0,0.0,2,1700,0,0,0,0,2,0
CF,DBY,-17.356944,123.666944,0,DBY,0.0,0.0,240.0,4.5,1,740,0,0,0,0,3,0
VM,0,0,0,280.0,2,1700,0,0,0,0,0,0

APPTR,N11-A,11,DBY1
IF,DBY,-17.356944,123.666944, ,0.0,0.0,2,1700,0,1,210,0,1,0
FC,DBY,-17.356944,123.666944,0,CIN,0.0,0.0,92.0,5.3,2,1700,0,0,0,0,0,1
CF,FN240,-17.321139,123.736858,1,CIN,335.6,17.3,240.0,1.0,2,1700,0,0,0,0,0,0

APPTR,N11-A,11,DBY2
IF,DBY,-17.356944,123.666944, ,0.0,0.0,2,1700,0,1,210,0,1,0
FC,DBY,-17.356944,123.666944,0,CIN,0.0,0.0,78.0,4.7,2,1700,0,0,0,0,0,1
CF,FN240,-17.321139,123.736858,1,CIN,335.6,17.3,240.0,1.0,2,1700,0,0,0,0,0,0

FINAL,N11-A,11,N,2
IF,FN240,-17.321139,123.736858,DBY,0.0,0.0,2,1700,0,0,0,0,2,0
CF,DBY,-17.356944,123.666944,0,DBY,0.0,0.0,240.0,4.5,1,740,0,0,0,0,3,0
VM,0,0,0,280.0,2,1700,0,0,0,0,0,0

APPTR,N23-A,23,DBY1
IF,DBY,-17.356944,123.666944, ,0.0,0.0,2,1700,0,1,210,0,1,0
FC,DBY,-17.356944,123.666944,0,CIN,0.0,0.0,92.0,5.3,2,1700,0,0,0,0,0,1
CF,FN240,-17.321139,123.736858,1,CIN,335.6,17.3,240.0,1.0,2,1700,0,0,0,0,0,0

APPTR,N23-A,23,DBY2
IF,DBY,-17.356944,123.666944, ,0.0,0.0,2,1700,0,1,210,0,1,0
FC,DBY,-17.356944,123.666944,0,CIN,0.0,0.0,78.0,4.7,2,1700,0,0,0,0,0,1
CF,FN240,-17.321139,123.736858,1,CIN,335.6,17.3,240.0,1.0,2,1700,0,0,0,0,0,0

FINAL,N23-A,23,N,2
IF,FN240,-17.321139,123.736858,DBY,0.0,0.0,2,1700,0,0,0,0,2,0
CF,DBY,-17.356944,123.666944,0,DBY,0.0,0.0,240.0,4.5,1,740,0,0,0,0,3,0
VM,0,0,0,280.0,2,1700,0,0,0,0,0,0

APPTR,N29-A,29,DBY1
IF,DBY,-17.356944,123.666944, ,0.0,0.0,2,1700,0,1,210,0,1,0
FC,DBY,-17.356944,123.666944,0,CIN,0.0,0.0,92.0,5.3,2,1700,0,0,0,0,0,1
CF,FN240,-17.321139,123.736858,1,CIN,335.6,17.3,240.0,1.0,2,1700,0,0,0,0,0,0

APPTR,N29-A,29,DBY2
IF,DBY,-17.356944,123.666944, ,0.0,0.0,2,1700,0,1,210,0,1,0
FC,DBY,-17.356944,123.666944,0,CIN,0.0,0.0,78.0,4.7,2,1700,0,0,0,0,0,1
CF,FN240,-17.321139,123.736858,1,CIN,335.6,17.3,240.0,1.0,2,1700,0,0,0,0,0,0

FINAL,N29-A,29,N,2
IF,FN240,-17.321139,123.736858,DBY,0.0,0.0,2,1700,0,0,0,0,2,0
CF,DBY,-17.356944,123.666944,0,DBY,0.0,0.0,240.0,4.5,1,740,0,0,0,0,3,0
VM,0,0,0,280.0,2,1700,0,0,0,0,0,0

APPTR,R11,11,DB2WD
IF,DB2WD,-17.372556,123.429278, ,0.0,0.0,2,1700,0,1,210,0,1,0
TF,DB2WI,-17.308861,123.485750,0, ,0.0,0.0,0.0,0.0,2,1700,0,0,0,0,1,0

APPTR,R11,11,DB2WE
IF,DB2WE,-17.279639,123.404139, ,0.0,0.0,2,1700,0,1,210,0,1,0
TF,DB2WI,-17.308861,123.485750,0, ,0.0,0.0,0.0,0.0,2,1700,0,0,0,0,1,0

APPTR,R11,11,DB2WG
IF,DB2WG,-17.225194,123.486389, ,0.0,0.0,2,1700,0,1,210,0,1,0
TF,DB2WI,-17.308861,123.485750,0, ,0.0,0.0,0.0,0.0,2,1700,0,0,0,0,1,0

FINAL,R11,11,R,3
IF,DB2WI,-17.308861,123.485750, ,0.0,0.0,2,1700,0,0,0,0,0,0
TF,DB2WF,-17.339639,123.571806,0, ,0.0,0.0,109.0,5.3,2,1660,0,0,0,0,2,0
TF,RW11,-17.368844,123.653447,0, ,0.0,0.0,109.0,5.0,1,68,0,0,0,0,3,1
DF,DB2WH,-17.384778,123.698028,0, ,0.0,0.0,0,0,0,0,0,0,0,1
VM,0,0,1,311.0,2,1700,0,0,0,0,0,0

APPTR,R29,29,DB2EA
IF,DB2EA,-17.341194,123.879111, ,0.0,0.0,2,1800,0,1,210,0,1,0
TF,DB2EI,-17.415306,123.838583,0, ,0.0,0.0,0.0,0.0,2,1800,0,0,0,0,1,0

APPTR,R29,29,DB2EB
IF,DB2EB,-17.426500,123.924972, ,0.0,0.0,2,1800,0,1,210,0,1,0
TF,DB2EI,-17.415306,123.838583,0, ,0.0,0.0,0.0,0.0,2,1800,0,0,0,0,1,0

FINAL,R29,29,R,3
IF,DB2EI,-17.415306,123.838583, ,0.0,0.0,2,1800,0,0,0,0,0,0
TF,DB2EF,-17.404111,123.752194,0, ,0.0,0.0,276.0,5.0,2,1700,0,0,0,0,2,0
TF,RW29,-17.374317,123.668758,0, ,0.0,0.0,288.0,5.1,1,74,0,0,0,0,3,1
DF,DB2EH,-17.356778,123.619750,0, ,0.0,0.0,0,0,0,0,0,0,0,1
VM,0,0,2,82.0,2,1700,0,0,0,0,0,0

