APPTR,R17,17,EC2ND
IF,EC2ND,-35.959939,144.659186, ,0.0,0.0,2,2200,0,1,210,0,1,0
TF,EC2NI,-35.986475,144.756511,0, ,0.0,0.0,0.0,0.0,2,2200,0,0,0,0,1,0

APPTR,R17,17,EC2NE
IF,EC2NE,-35.903081,144.753850, ,0.0,0.0,2,2200,0,1,210,0,1,0
TF,EC2NI,-35.986475,144.756511,0, ,0.0,0.0,0.0,0.0,2,2200,0,0,0,0,1,0

APPTR,R17,17,EC2NG
IF,EC2NG,-35.955883,144.851989, ,0.0,0.0,2,2200,0,1,210,0,1,0
TF,EC2NI,-35.986475,144.756511,0, ,0.0,0.0,0.0,0.0,2,2200,0,0,0,0,1,0

FINAL,R17,17,R,3
IF,EC2NI,-35.986475,144.756511, ,0.0,0.0,2,2200,0,0,0,0,0,0
TF,EC2NF,-36.069894,144.759172,0, ,0.0,0.0,168.0,5.0,2,2050,0,0,0,0,2,0
TF,RW17,-36.157803,144.761950,0, ,0.0,0.0,168.0,5.3,1,371,0,0,0,0,3,1
DF,EC2NH,-36.203358,144.763439,0, ,0.0,0.0,0,0,0,0,0,0,0,0
CA,0,168.0,2,2200,0,0,0,0,0,0

APPTR,R35,35,EC2SA
IF,EC2SA,-36.365528,144.865589, ,0.0,0.0,2,2200,0,1,210,0,1,0
TF,EC2SI,-36.339064,144.767761,0, ,0.0,0.0,0.0,0.0,2,2200,0,0,0,0,1,0

APPTR,R35,35,EC2SB
IF,EC2SB,-36.422456,144.770425, ,0.0,0.0,2,2200,0,1,210,0,1,0
TF,EC2SI,-36.339064,144.767761,0, ,0.0,0.0,0.0,0.0,2,2200,0,0,0,0,1,0

APPTR,R35,35,EC2SC
IF,EC2SC,-36.369572,144.671778, ,0.0,0.0,2,2200,0,1,210,0,1,0
TF,EC2SI,-36.339064,144.767761,0, ,0.0,0.0,0.0,0.0,2,2200,0,0,0,0,1,0

FINAL,R35,35,R,3
IF,EC2SI,-36.339064,144.767761, ,0.0,0.0,2,2200,0,0,0,0,0,0
TF,EC2SF,-36.255650,144.765097,0, ,0.0,0.0,348.0,5.0,2,2030,0,0,0,0,2,0
TF,RW35,-36.169081,144.762311,0, ,0.0,0.0,348.0,5.2,1,373,0,0,0,0,3,1
DF,EC2SH,-36.122186,144.760831,0, ,0.0,0.0,0,0,0,0,0,0,0,0
CA,0,348.0,2,2200,0,0,0,0,0,0

