APPTR,R12,12,FS2WD
IF,FS2WD,-22.240517,119.207717, ,0.0,0.0,2,4100,0,1,210,0,1,0
TF,FS2WI,-22.191539,119.280508,0, ,0.0,0.0,0.0,0.0,2,4100,0,0,0,0,1,0

APPTR,R12,12,FS2WE
IF,FS2WE,-22.144603,119.206203, ,0.0,0.0,2,4100,0,1,210,0,1,0
TF,FS2WI,-22.191539,119.280508,0, ,0.0,0.0,0.0,0.0,2,4100,0,0,0,0,1,0

APPTR,R12,12,FS2WG
IF,FS2WG,-22.110442,119.302419, ,0.0,0.0,2,4100,0,1,210,0,1,0
TF,FS2WI,-22.191539,119.280508,0, ,0.0,0.0,0.0,0.0,2,4100,0,0,0,0,1,0

FINAL,R12,12,R,3
IF,FS2WI,-22.191539,119.280508, ,0.0,0.0,2,4100,0,0,0,0,0,0
TF,FS2WF,-22.238492,119.354828,0, ,0.0,0.0,123.0,5.0,2,3210,0,0,0,0,2,0
TF,RW12,-22.285444,119.429172,0, ,0.0,0.0,123.0,5.0,1,1613,0,0,0,0,3,1
DF,FS2WH,-22.313625,119.473781,0, ,0.0,0.0,0,0,0,0,0,0,0,1
VM,0,0,2,281.0,2,4100,0,0,0,0,0,0

APPTR,R30,30,FS2EA
IF,FS2EA,-22.342072,119.669292, ,0.0,0.0,2,4100,0,1,210,0,1,0
TF,FS2EI,-22.391019,119.596394,0, ,0.0,0.0,0.0,0.0,2,4100,0,0,0,0,1,0

APPTR,R30,30,FS2EB
IF,FS2EB,-22.437992,119.670803, ,0.0,0.0,2,4100,0,1,210,0,1,0
TF,FS2EI,-22.391019,119.596394,0, ,0.0,0.0,0.0,0.0,2,4100,0,0,0,0,1,0

APPTR,R30,30,FS2EC
IF,FS2EC,-22.472089,119.574339, ,0.0,0.0,2,4100,0,1,210,0,1,0
TF,FS2EI,-22.391019,119.596394,0, ,0.0,0.0,0.0,0.0,2,4100,0,0,0,0,1,0

FINAL,R30,30,R,3
IF,FS2EI,-22.391019,119.596394, ,0.0,0.0,2,4100,0,0,0,0,0,0
TF,FS2EF,-22.344058,119.522000,0, ,0.0,0.0,303.0,5.0,2,3150,0,0,0,0,2,0
TF,RW30,-22.297100,119.447631,0, ,0.0,0.0,303.0,5.0,1,1562,0,0,0,0,3,1
DF,FS2EH,-22.268939,119.403014,0, ,0.0,0.0,0,0,0,0,0,0,0,1
VM,0,0,1,146.0,2,4100,0,0,0,0,0,0

