APPTR,N04-A,04,GLB1
IF,GLB,-34.807178,149.737172, ,0.0,0.0,2,4700,0,1,210,0,1,0
FC,GLB,-34.807178,149.737172,0,CB,0.0,0.0,181.0,5.3,0,0,0,0,0,0,0,1
CF,FF328,-34.890314,149.773897,1,CB,38.7,36.9,328.0,1.0,2,4400,0,0,0,0,0,0

APPTR,N04-A,04,GLB2
IF,GLB,-34.807178,149.737172, ,0.0,0.0,2,4700,0,1,210,0,1,0
FC,GLB,-34.807178,149.737172,0,CB,0.0,0.0,166.0,6.0,0,0,0,0,0,0,0,1
CF,FF328,-34.890314,149.773897,1,CB,38.7,36.9,328.0,1.0,2,4400,0,0,0,0,0,0

FINAL,N04-A,04,N,2
IF,FF328,-34.890314,149.773897,GLB,0.0,0.0,2,4400,0,0,0,0,2,0
CF,GLB,-34.807178,149.737172,0,GLB,0.0,0.0,328.0,5.3,1,3420,0,0,0,0,3,0
VM,0,0,0,270.0,2,4700,0,1,210,0,0,0

APPTR,N08-A,08,GLB1
IF,GLB,-34.807178,149.737172, ,0.0,0.0,2,4700,0,1,210,0,1,0
FC,GLB,-34.807178,149.737172,0,CB,0.0,0.0,181.0,5.3,0,0,0,0,0,0,0,1
CF,FF328,-34.890314,149.773897,1,CB,38.7,36.9,328.0,1.0,2,4400,0,0,0,0,0,0

APPTR,N08-A,08,GLB2
IF,GLB,-34.807178,149.737172, ,0.0,0.0,2,4700,0,1,210,0,1,0
FC,GLB,-34.807178,149.737172,0,CB,0.0,0.0,166.0,6.0,0,0,0,0,0,0,0,1
CF,FF328,-34.890314,149.773897,1,CB,38.7,36.9,328.0,1.0,2,4400,0,0,0,0,0,0

FINAL,N08-A,08,N,2
IF,FF328,-34.890314,149.773897,GLB,0.0,0.0,2,4400,0,0,0,0,2,0
CF,GLB,-34.807178,149.737172,0,GLB,0.0,0.0,328.0,5.3,1,3420,0,0,0,0,3,0
VM,0,0,0,270.0,2,4700,0,1,210,0,0,0

APPTR,N22-A,22,GLB1
IF,GLB,-34.807178,149.737172, ,0.0,0.0,2,4700,0,1,210,0,1,0
FC,GLB,-34.807178,149.737172,0,CB,0.0,0.0,181.0,5.3,0,0,0,0,0,0,0,1
CF,FF328,-34.890314,149.773897,1,CB,38.7,36.9,328.0,1.0,2,4400,0,0,0,0,0,0

APPTR,N22-A,22,GLB2
IF,GLB,-34.807178,149.737172, ,0.0,0.0,2,4700,0,1,210,0,1,0
FC,GLB,-34.807178,149.737172,0,CB,0.0,0.0,166.0,6.0,0,0,0,0,0,0,0,1
CF,FF328,-34.890314,149.773897,1,CB,38.7,36.9,328.0,1.0,2,4400,0,0,0,0,0,0

FINAL,N22-A,22,N,2
IF,FF328,-34.890314,149.773897,GLB,0.0,0.0,2,4400,0,0,0,0,2,0
CF,GLB,-34.807178,149.737172,0,GLB,0.0,0.0,328.0,5.3,1,3420,0,0,0,0,3,0
VM,0,0,0,270.0,2,4700,0,1,210,0,0,0

APPTR,N26-A,26,GLB1
IF,GLB,-34.807178,149.737172, ,0.0,0.0,2,4700,0,1,210,0,1,0
FC,GLB,-34.807178,149.737172,0,CB,0.0,0.0,181.0,5.3,0,0,0,0,0,0,0,1
CF,FF328,-34.890314,149.773897,1,CB,38.7,36.9,328.0,1.0,2,4400,0,0,0,0,0,0

APPTR,N26-A,26,GLB2
IF,GLB,-34.807178,149.737172, ,0.0,0.0,2,4700,0,1,210,0,1,0
FC,GLB,-34.807178,149.737172,0,CB,0.0,0.0,166.0,6.0,0,0,0,0,0,0,0,1
CF,FF328,-34.890314,149.773897,1,CB,38.7,36.9,328.0,1.0,2,4400,0,0,0,0,0,0

FINAL,N26-A,26,N,2
IF,FF328,-34.890314,149.773897,GLB,0.0,0.0,2,4400,0,0,0,0,2,0
CF,GLB,-34.807178,149.737172,0,GLB,0.0,0.0,328.0,5.3,1,3420,0,0,0,0,3,0
VM,0,0,0,270.0,2,4700,0,1,210,0,0,0

APPTR,R04,04,LB2SA
IF,LB2SA,-35.002917,149.610472, ,0.0,0.0,2,4700,0,1,220,0,1,0
TF,LB2SI,-34.925694,149.571972,0, ,0.0,0.0,0.0,0.0,2,4700,0,0,0,0,1,0

APPTR,R04,04,LB2SB
IF,LB2SB,-34.981861,149.496944, ,0.0,0.0,2,4700,0,1,220,0,1,0
TF,LB2SI,-34.925694,149.571972,0, ,0.0,0.0,0.0,0.0,2,4700,0,0,0,0,1,0

APPTR,R04,04,LB2SC
IF,LB2SC,-34.886833,149.482250, ,0.0,0.0,2,4700,0,1,220,0,1,0
TF,LB2SI,-34.925694,149.571972,0, ,0.0,0.0,0.0,0.0,2,4700,0,0,0,0,1,0

FINAL,R04,04,R,3
IF,LB2SI,-34.925694,149.571972, ,0.0,0.0,2,4700,0,0,0,0,0,0
TF,LB2SF,-34.869472,149.646889,0, ,0.0,0.0,35.0,5.0,2,3780,0,0,0,0,2,0
TF,RW04,-34.813225,149.721706,0, ,0.0,0.0,35.0,5.0,1,2191,0,0,0,0,3,1
DF,LB2SH,-34.779472,149.766556,0, ,0.0,0.0,0,0,0,0,0,0,0,0
CA,0,35.0,2,4700,0,0,0,0,0,0

APPTR,R22,22,LB2ND
IF,LB2ND,-34.615667,149.842750, ,0.0,0.0,2,4700,0,1,210,0,1,0
TF,LB2NI,-34.692806,149.881333,0, ,0.0,0.0,0.0,0.0,2,4700,0,0,0,0,1,0

APPTR,R22,22,LB2NE
IF,LB2NE,-34.636417,149.955833, ,0.0,0.0,2,4700,0,1,210,0,1,0
TF,LB2NI,-34.692806,149.881333,0, ,0.0,0.0,0.0,0.0,2,4700,0,0,0,0,1,0

APPTR,R22,22,LB2NG
IF,LB2NG,-34.731361,149.971000, ,0.0,0.0,2,4700,0,1,210,0,1,0
TF,LB2NI,-34.692806,149.881333,0, ,0.0,0.0,0.0,0.0,2,4700,0,0,0,0,1,0

FINAL,R22,22,R,3
IF,LB2NI,-34.692806,149.881333, ,0.0,0.0,2,4700,0,0,0,0,0,0
TF,LB2NF,-34.749139,149.806750,0, ,0.0,0.0,215.0,5.0,2,3780,0,0,0,0,2,0
TF,RW22,-34.805439,149.732050,0, ,0.0,0.0,215.0,5.0,1,2139,0,0,0,0,3,1
DF,LB2NH,-34.839194,149.687194,0, ,0.0,0.0,0,0,0,0,0,0,0,0
CA,0,215.0,2,4700,0,0,0,0,0,0

