APPTR,R08,08,JBYWD
IF,JBYWD,-35.182106,150.541058, ,0.0,0.0,2,1800,0,0,0,0,1,0
TF,JBYWI,-35.136678,150.566719,0, ,0.0,0.0,0.0,0.0,2,1800,0,0,0,0,1,0

APPTR,R08,08,JBYWE
IF,JBYWE,-35.132403,150.505981, ,0.0,0.0,2,1800,0,0,0,0,1,0
TF,JBYWI,-35.136678,150.566719,0, ,0.0,0.0,0.0,0.0,2,1800,0,0,0,0,1,0

APPTR,R08,08,JBYWG
IF,JBYWG,-35.088331,150.550822, ,0.0,0.0,2,1800,0,0,0,0,1,0
TF,JBYWI,-35.136678,150.566719,0, ,0.0,0.0,0.0,0.0,2,1800,0,0,0,0,1,0

FINAL,R08,08,R,3
IF,JBYWI,-35.136678,150.566719, ,0.0,0.0,2,1800,0,0,0,0,0,0
TF,JBYWF,-35.140950,150.627461,0, ,0.0,0.0,82.0,3.0,2,1190,0,0,0,0,2,0
TF,JBYWM,-35.145222,150.688208,0, ,0.0,0.0,82.0,3.0,1,233,0,0,0,0,3,1
CA,0,82.0,2,1200,0,0,0,0,0,0
DF,JBYWH,-35.213911,150.714769,2, ,0.0,0.0,0,0,0,0,0,0,0,1
DF,JBYWD,-35.182106,150.541058,0, ,0.0,0.0,2,2800,0,0,0,0,0,0

