SID,DOLVU1,18,4
DF,DER18,-34.718375,138.613264,0, ,0.0,0.0,0,0,0,0,0,0,0,1
CA,0,180.0,2,600,0,1,180,0,0,0
CA,2,340.0,2,4000,0,0,0,0,0,0
DF,DOLVU,-34.706975,138.631614,2, ,0.0,0.0,0,0,0,0,0,0,0,0

SID,DOLVU1,36,4
DF,DER36,-34.691933,138.618058,0, ,0.0,0.0,0,0,0,0,0,0,0,1
CA,0,360.0,2,600,0,0,0,0,0,0
CA,0,340.0,2,4000,0,0,0,0,0,0
DF,DOLVU,-34.706975,138.631614,2, ,0.0,0.0,0,0,0,0,0,0,0,0

SID,EDINB5,18,1
DF,DER18,-34.718375,138.613264,0, ,0.0,0.0,0,0,0,0,0,0,0,1
CA,0,180.0,2,600,0,0,0,0,0,0
VM,0,0,0,180.0,0,0,0,0,0,0,0,0

SID,EDINB5,36,1
DF,DER36,-34.691933,138.618058,0, ,0.0,0.0,0,0,0,0,0,0,0,1
CA,0,360.0,2,600,0,0,0,0,0,0
VM,0,0,0,360.0,0,0,0,0,0,0,0,0

SID,NORTH2,18,1
DF,DER18,-34.718375,138.613264,0, ,0.0,0.0,0,0,0,0,0,0,0,1
CA,0,180.0,2,600,0,0,0,0,0,0
CA,2,340.0,2,4000,0,0,0,0,0,0
DF,EDN,-34.704758,138.612386,2, ,0.0,0.0,0,0,0,0,0,0,0,0

SID,NORTH2,36,1
DF,DER36,-34.691933,138.618058,0, ,0.0,0.0,0,0,0,0,0,0,0,1
CA,0,360.0,2,600,0,0,0,0,0,0
CA,0,340.0,2,4000,0,0,0,0,0,0
DF,EDN,-34.704758,138.612386,2, ,0.0,0.0,0,0,0,0,0,0,0,0

STAR,AD2E,ALL,5
IF,AD,-34.946972,138.524528, ,0.0,0.0,0,0,0,0,0,0,0,0
TF,POTUS,-34.741944,138.470000,0, ,0.0,0.0,0.0,0.0,0,0,0,0,0,0,0,0
TF,PAVSA,-34.544722,138.506667,0, ,0.0,0.0,0.0,0.0,3,5000,0,0,0,0,0,0
TF,TUPSI,-34.435278,138.562778,0, ,0.0,0.0,0.0,0.0,0,0,0,0,0,0,0,0
TF,APOKI,-34.446861,138.662417,0, ,0.0,0.0,0.0,0.0,2,3300,0,0,0,0,0,0
TF,UPTUN,-34.523581,138.648508,0, ,0.0,0.0,0.0,0.0,0,0,0,0,0,0,0,0

STAR,ATNA2E,ALL,5
IF,ATNAR,-34.734000,137.650750, ,0.0,0.0,0,0,0,0,0,0,0,0
TF,GULFS,-34.853083,138.135639,0, ,0.0,0.0,0.0,0.0,3,13000,0,0,0,0,0,0
TF,LATUL,-34.839167,138.251389,0, ,0.0,0.0,0.0,0.0,3,9000,0,0,0,0,0,0
TF,UGUXA,-34.679444,138.436667,0, ,0.0,0.0,0.0,0.0,3,8000,0,0,0,0,0,0
TF,PAVSA,-34.544722,138.506667,0, ,0.0,0.0,0.0,0.0,3,5000,0,0,0,0,0,0
TF,TUPSI,-34.435278,138.562778,0, ,0.0,0.0,0.0,0.0,0,0,0,0,0,0,0,0
TF,APOKI,-34.446861,138.662417,0, ,0.0,0.0,0.0,0.0,2,3300,0,0,0,0,0,0
TF,UPTUN,-34.523581,138.648508,0, ,0.0,0.0,0.0,0.0,0,0,0,0,0,0,0,0

STAR,BEVS2E,ALL,5
IF,BEVSO,-34.314028,139.182944, ,0.0,0.0,0,0,0,0,0,0,0,0
TF,BUPLO,-34.395000,138.870833,0, ,0.0,0.0,0.0,0.0,2,5000,0,0,0,0,0,0
TF,APOKI,-34.446861,138.662417,0, ,0.0,0.0,0.0,0.0,2,3300,0,0,0,0,0,0
TF,UPTUN,-34.523581,138.648508,0, ,0.0,0.0,0.0,0.0,0,0,0,0,0,0,0,0

STAR,KAKL2E,ALL,5
IF,KAKLU,-34.776583,139.412194, ,0.0,0.0,0,0,0,0,0,0,0,0
TF,SADAK,-34.783611,139.147500,0, ,0.0,0.0,0.0,0.0,3,11000,0,0,0,0,0,0
TF,ELATA,-34.722806,139.082889,0, ,0.0,0.0,0.0,0.0,3,9000,0,0,0,0,0,0
TF,NONAK,-34.611667,138.961667,0, ,0.0,0.0,0.0,0.0,3,8000,0,0,0,0,0,0
TF,RUPIK,-34.465000,138.803333,0, ,0.0,0.0,0.0,0.0,2,5000,0,0,0,0,0,0
TF,APOKI,-34.446861,138.662417,0, ,0.0,0.0,0.0,0.0,2,3300,0,0,0,0,0,0
TF,UPTUN,-34.523581,138.648508,0, ,0.0,0.0,0.0,0.0,0,0,0,0,0,0,0,0

STAR,KLAV2E,ALL,5
IF,KLAVA,-34.195861,138.507306, ,0.0,0.0,0,0,0,0,0,0,0,0
TF,APOKI,-34.446861,138.662417,0, ,0.0,0.0,0.0,0.0,2,3300,0,0,0,0,0,0
TF,UPTUN,-34.523581,138.648508,0, ,0.0,0.0,0.0,0.0,0,0,0,0,0,0,0,0

APPTR,I18-Y,18,PIKIS
IF,PIKIS,-34.545667,138.501500, ,0.0,0.0,2,3300,0,0,0,0,1,0
AF,UPTUN,-34.523581,138.648508,2,EDN,1.4,11.0,322.0,2,2000,0,0,0,0,0,0
CF,CI18Y,-34.573075,138.639375,0,IED,0.4,8.9,181.0,3.0,2,2000,0,0,0,0,0,0

APPTR,I18-Y,18,UPTUN
IF,UPTUN,-34.523581,138.648508, ,0.0,0.0,2,3300,0,0,0,0,1,0
CF,CI18Y,-34.573075,138.639375,0,IED,0.4,8.9,181.0,3.0,2,2000,0,0,0,0,0,0

FINAL,I18-Y,18,I,3
IF,CI18Y,-34.573075,138.639375,IED,0.4,8.9,2,2000,0,0,0,0,0,0
CF,NIPOL,-34.624750,138.630222,0,IED,0.5,5.8,181.0,3.1,1,1460,0,0,0,0,2,0
CF,RW18,-34.694536,138.617583,0,IED,0.4,1.5,181.0,4.2,1,113,0,0,0,0,3,0
CA,0,181.0,2,500,0,1,210,0,0,0
VM,0,0,2,340.0,2,3300,0,0,0,0,0,0

FINAL,I18-Z,18,I,3
IF,UPTUN,-34.523581,138.648508,IED,0.5,11.9,2,3200,0,1,210,0,1,0
CF,NIPOL,-34.624750,138.630222,0,IED,0.5,5.8,181.0,6.1,1,1450,0,0,0,0,2,0
CF,RW18,-34.694536,138.617583,0,IED,0.4,1.5,181.0,4.2,1,113,0,0,0,0,3,0
CA,0,181.0,2,500,0,1,180,0,0,0
VM,0,0,2,340.0,2,3200,0,0,0,0,0,0

APPTR,R18,18,ED2NA
IF,ED2NA,-34.488928,138.556828, ,0.0,0.0,2,3300,0,1,210,0,1,0
TF,UPTUN,-34.523581,138.648508,0, ,0.0,0.0,0.0,0.0,2,3300,0,0,0,0,0,0

APPTR,R18,18,ED2NC
IF,ED2NC,-34.512667,138.748506, ,0.0,0.0,2,3300,0,1,210,0,1,0
TF,UPTUN,-34.523581,138.648508,0, ,0.0,0.0,0.0,0.0,2,3300,0,0,0,0,0,0

FINAL,R18,18,R,3
IF,UPTUN,-34.523581,138.648508, ,0.0,0.0,2,3300,0,0,0,0,1,0
TF,ED2NF,-34.611981,138.632536,0, ,0.0,0.0,180.0,5.4,2,1700,0,0,0,0,2,0
TF,ED2NM,-34.692881,138.617883,0, ,0.0,0.0,180.0,4.9,1,144,0,0,0,0,3,1
DF,ED2NH,-34.669789,138.533719,2, ,0.0,0.0,0,0,0,1,210,0,0,0
CA,0,340.0,2,3300,0,0,0,0,0,0
VM,0,0,0,340.0,0,0,0,0,0,0,0,0

FINAL,T18,18,D,3
IF,CT18,-34.527333,138.669833,EDN,7.0,11.0,2,3300,0,0,0,0,1,0
CF,FT18,-34.607997,138.643742,0,EDN,7.0,6.0,187.0,5.0,2,1810,0,0,0,0,2,0
CF,MT18,-34.688631,138.617617,0,EDN,7.0,1.0,187.0,5.0,1,221,0,0,0,0,3,0
CA,0,187.0,2,570,0,1,210,0,0,0
VM,0,0,2,340.0,2,3300,0,0,0,0,0,0

