APPTR,R181,18,COMND
IF,COMND,-36.026739,149.010289, ,0.0,0.0,2,7000,0,0,0,0,1,0
TF,PFTNC,-36.039619,149.077908,0, ,0.0,0.0,0.0,0.0,1,6500,0,0,0,0,0,0
TF,PFTNA,-36.051017,149.137944,0, ,0.0,0.0,0.0,0.0,1,6500,0,0,0,0,0,0
TF,PFTNI,-36.062386,149.197994,0, ,0.0,0.0,0.0,0.0,2,5900,0,0,0,0,1,0

FINAL,R181,18,R,3
IF,PFTNI,-36.062386,149.197994, ,0.0,0.0,2,5900,0,0,0,0,0,0
TF,PFTNF,-36.127383,149.179192,0, ,0.0,0.0,181.0,4.0,2,4630,0,0,0,0,2,0
TF,PFTNM,-36.208622,149.155642,0, ,0.0,0.0,181.0,5.0,1,3053,0,0,0,0,3,1
DF,PFTNH,-36.238672,149.198256,1, ,0.0,0.0,0,0,0,0,0,0,0,0
FM,PFTNH,-36.238672,149.198256,0,ESL,0.0,0.0,100.0,2,5600,0,0,0,0,0,0

