APPTR,N03-A,03,PMQ1
IF,PMQ,-31.435672,152.866742, ,0.0,0.0,2,2500,0,1,210,0,1,0
FC,PMQ,-31.435672,152.866742,0,PMQ,0.0,0.0,30.0,7.0,0,0,0,0,0,0,0,1
CF,FF186,-31.327697,152.907608,1,PMQ,6.0,6.8,186.0,1.0,2,2200,0,0,0,0,0,0

APPTR,N03-A,03,PMQ2
IF,PMQ,-31.435672,152.866742, ,0.0,0.0,2,2500,0,1,210,0,1,0
FC,PMQ,-31.435672,152.866742,0,PMQ,0.0,0.0,18.0,9.0,0,0,0,0,0,0,0,1
CF,FF186,-31.327697,152.907608,1,PMQ,6.0,6.8,186.0,3.0,2,2200,0,0,0,0,0,0

FINAL,N03-A,03,N,2
IF,FF186,-31.327697,152.907608,PMQ,0.0,0.0,2,2200,0,0,0,0,2,0
CF,PMQ,-31.435672,152.866742,0,PMQ,0.0,0.0,186.0,6.8,1,930,0,0,0,0,3,0
CA,0,186.0,2,1000,0,0,0,0,0,0
DF,PMQ,-31.435672,152.866742,1, ,0.0,0.0,2,2000,0,0,0,0,0,0

APPTR,N21-A,21,PMQ1
IF,PMQ,-31.435672,152.866742, ,0.0,0.0,2,2500,0,1,210,0,1,0
FC,PMQ,-31.435672,152.866742,0,PMQ,0.0,0.0,30.0,7.0,0,0,0,0,0,0,0,1
CF,FF186,-31.327697,152.907608,1,PMQ,6.0,6.8,186.0,1.0,2,2200,0,0,0,0,0,0

APPTR,N21-A,21,PMQ2
IF,PMQ,-31.435672,152.866742, ,0.0,0.0,2,2500,0,1,210,0,1,0
FC,PMQ,-31.435672,152.866742,0,PMQ,0.0,0.0,18.0,9.0,0,0,0,0,0,0,0,1
CF,FF186,-31.327697,152.907608,1,PMQ,6.0,6.8,186.0,3.0,2,2200,0,0,0,0,0,0

FINAL,N21-A,21,N,2
IF,FF186,-31.327697,152.907608,PMQ,0.0,0.0,2,2200,0,0,0,0,2,0
CF,PMQ,-31.435672,152.866742,0,PMQ,0.0,0.0,186.0,6.8,1,930,0,0,0,0,3,0
CA,0,186.0,2,1000,0,0,0,0,0,0
DF,PMQ,-31.435672,152.866742,1, ,0.0,0.0,2,2000,0,0,0,0,0,0

APPTR,R03,03,PQ2SA
IF,PQ2SA,-31.651778,152.823333, ,0.0,0.0,2,4100,0,1,210,0,1,0
TF,PQ2SI,-31.587972,152.760306,0, ,0.0,0.0,0.0,0.0,2,3240,0,0,0,0,1,0

APPTR,R03,03,PQ2SB
IF,PQ2SB,-31.660472,152.711750, ,0.0,0.0,2,4100,0,1,210,0,1,0
TF,PQ2SI,-31.587972,152.760306,0, ,0.0,0.0,0.0,0.0,2,3240,0,0,0,0,1,0

APPTR,R03,03,PQ2SC
IF,PQ2SC,-31.567972,152.625694, ,0.0,0.0,2,4100,0,1,210,0,1,0
TF,PQ2SI,-31.587972,152.760306,0, ,0.0,0.0,0.0,0.0,2,3240,0,0,0,0,1,0

FINAL,R03,03,R,3
IF,PQ2SI,-31.587972,152.760306, ,0.0,0.0,2,3240,0,0,0,0,0,0
TF,PQ2SF,-31.515472,152.808778,0, ,0.0,0.0,18.0,5.0,2,1650,0,0,0,0,2,0
TF,RW03,-31.442956,152.857192,0, ,0.0,0.0,18.0,5.0,1,62,0,0,0,0,3,1
DF,PQ2SH,-31.399444,152.886194,0, ,0.0,0.0,0,0,0,0,0,0,0,0
CA,0,18.0,2,3000,0,0,0,0,0,0

APPTR,R21,21,PQ2ND
IF,PQ2ND,-31.194500,152.875167, ,0.0,0.0,2,5300,0,1,210,0,1,0
TF,PQ2NI,-31.283750,152.963167,0, ,0.0,0.0,0.0,0.0,2,3000,0,0,0,0,1,0

APPTR,R21,21,PQ2NE
IF,PQ2NE,-31.211167,153.011333, ,0.0,0.0,2,3000,0,1,210,0,1,0
TF,PQ2NI,-31.283750,152.963167,0, ,0.0,0.0,0.0,0.0,2,3000,0,0,0,0,1,0

APPTR,R21,21,PQ2NG
IF,PQ2NG,-31.297806,153.059056, ,0.0,0.0,2,3000,0,1,210,0,1,0
TF,PQ2NI,-31.283750,152.963167,0, ,0.0,0.0,0.0,0.0,2,3000,0,0,0,0,1,0

FINAL,R21,21,R,3
IF,PQ2NI,-31.283750,152.963167, ,0.0,0.0,2,3000,0,0,0,0,0,0
TF,PQ2NF,-31.356306,152.914917,0, ,0.0,0.0,197.0,5.0,2,1650,0,0,0,0,2,0
TF,RW21,-31.428856,152.866592,0, ,0.0,0.0,197.0,5.0,1,65,0,0,0,0,3,1
DF,PQ2NH,-31.472361,152.837556,0, ,0.0,0.0,0,0,0,0,0,0,0,0
CA,0,197.0,2,3000,0,0,0,0,0,0

