APPTR,R04,04,TD2SA
IF,TD2SA,-38.383111,145.289306, ,0.0,0.0,2,4200,0,1,100,0,1,0
TF,TD2SI,-38.302278,145.263028,0, ,0.0,0.0,0.0,0.0,2,2900,0,0,0,0,1,0

APPTR,R04,04,TD2SB
IF,TD2SB,-38.349333,145.175583, ,0.0,0.0,2,4200,0,1,100,0,1,0
TF,TD2SI,-38.302278,145.263028,0, ,0.0,0.0,0.0,0.0,2,2900,0,0,0,0,1,0

FINAL,R04,04,R,3
IF,TD2SI,-38.302278,145.263028, ,0.0,0.0,2,2900,0,0,0,0,0,0
TF,TD2SF,-38.254944,145.350806,0, ,0.0,0.0,44.0,5.0,2,1300,0,0,0,0,2,0
TF,TD2SM,-38.218222,145.418750,0, ,0.0,0.0,44.0,3.9,1,60,0,0,0,0,3,1
DF,TD2ST,-38.199333,145.453611,0, ,0.0,0.0,0,0,0,0,0,0,0,0
TF,TD2SH,-38.284472,145.483056,2, ,0.0,0.0,0.0,0.0,0,0,0,0,0,0,0,0
CA,0,210.0,2,4200,0,0,0,0,0,0

APPTR,R22,22,TD2EG
IF,TD2EG,-38.177389,145.669167, ,0.0,0.0,2,4200,0,1,100,0,1,0
TF,TD2EI,-38.129028,145.583083,0, ,0.0,0.0,0.0,0.0,2,2900,0,0,0,0,1,0

FINAL,R22,22,R,3
IF,TD2EI,-38.129028,145.583083, ,0.0,0.0,2,2900,0,0,0,0,0,0
TF,TD2EF,-38.176556,145.495611,0, ,0.0,0.0,223.0,5.0,2,1300,0,0,0,0,2,0
TF,TD2EM,-38.213333,145.427722,0, ,0.0,0.0,223.0,3.9,1,60,0,0,0,0,3,1
DF,TD2ET,-38.232222,145.392833,0, ,0.0,0.0,0,0,0,0,0,0,0,0
TF,TD2SH,-38.284472,145.483056,1, ,0.0,0.0,0.0,0.0,0,0,0,0,0,0,0,0
CA,0,60.0,2,4200,0,0,0,0,0,0

