APPTR,R08,08,ET2WA
IF,ET2WA,-34.159100,141.649003, ,0.0,0.0,2,1800,0,1,210,0,1,0
TF,ET2WI,-34.081483,141.686053,0, ,0.0,0.0,0.0,0.0,2,1800,0,0,0,0,1,0

APPTR,R08,08,ET2WB
IF,ET2WB,-34.078944,141.585736, ,0.0,0.0,2,1800,0,1,210,0,1,0
TF,ET2WI,-34.081483,141.686053,0, ,0.0,0.0,0.0,0.0,2,1800,0,0,0,0,1,0

APPTR,R08,08,ET2WC
IF,ET2WC,-34.002219,141.654472, ,0.0,0.0,2,1800,0,1,210,0,1,0
TF,ET2WI,-34.081483,141.686053,0, ,0.0,0.0,0.0,0.0,2,1800,0,0,0,0,1,0

FINAL,R08,08,R,3
IF,ET2WI,-34.081483,141.686053, ,0.0,0.0,2,1800,0,1,210,0,0,0
TF,ET2WF,-34.083769,141.783553,0, ,0.0,0.0,82.0,4.9,2,1800,0,0,0,0,2,0
TF,RW08,-34.086106,141.886706,0, ,0.0,0.0,82.0,5.1,1,163,0,0,0,0,3,1
DF,ET2WH,-34.014353,141.884958,1, ,0.0,0.0,0,0,0,1,180,0,0,0
CA,0,292.0,2,1800,0,0,0,0,0,0

APPTR,R26,26,ET2ED
IF,ET2ED,-33.975394,141.997664, ,0.0,0.0,2,1800,0,1,160,0,1,0
TF,ET2EE,-34.022344,142.028319,0, ,0.0,0.0,0.0,0.0,1,1800,0,0,0,0,0,0
TF,ET2EI,-34.089128,142.026289,0, ,0.0,0.0,0.0,0.0,1,1800,0,0,0,0,1,0

FINAL,R26,26,R,3
IF,ET2EI,-34.089128,142.026289, ,0.0,0.0,1,1800,0,0,0,0,0,0
TF,ET2EF,-34.087758,141.962075,0, ,0.0,0.0,262.0,3.2,2,1120,0,0,0,0,2,0
TF,RW26,-34.086442,141.901875,0, ,0.0,0.0,262.0,3.0,1,161,0,0,0,0,3,1
CA,0,262.0,2,1800,0,0,0,0,0,0

