APPTR,N27,27,WYY1
IF,WYY,-40.997972,145.708231, ,0.0,0.0,2,3100,0,1,210,0,1,0
FC,WYY,-40.997972,145.708231,0,LT,0.0,0.0,64.0,8.8,0,0,0,0,0,0,0,1
CF,FF27,-41.008028,145.861531,2,LT,283.3,69.1,262.0,2.0,2,1800,0,0,0,0,0,0

APPTR,N27,27,WYY2
IF,WYY,-40.997972,145.708231, ,0.0,0.0,2,3100,0,0,0,0,1,0
FC,WYY,-40.997972,145.708231,0,LT,0.0,0.0,72.0,8.2,0,0,0,0,0,0,0,1
CF,FF27,-41.008028,145.861531,2,LT,283.3,69.1,262.0,2.0,2,1800,0,0,0,0,0,0

FINAL,N27,27,N,2
IF,FF27,-41.008028,145.861531,WYY,0.0,0.0,2,1800,0,0,0,0,2,0
CF,RW27,-40.999164,145.743344,0,WYY,0.0,0.0,262.0,5.4,1,82,0,0,0,0,3,0
CF,WYY,-40.997972,145.708231,0,LT,281.2,75.6,262.0,1.6,0,0,0,0,0,0,0,1
CA,0,262.0,2,570,0,0,0,0,0,0
VM,0,0,0,340.0,2,3100,0,0,0,0,0,0

APPTR,R09,09,UA2WA
IF,UA2WA,-41.070861,145.425556, ,0.0,0.0,2,5600,0,1,210,0,1,0
TF,UA2WI,-40.969056,145.500944,0, ,0.0,0.0,0.0,0.0,2,3380,0,0,0,0,1,0

APPTR,R09,09,UA2WB
IF,UA2WB,-40.955389,145.392444, ,0.0,0.0,2,4000,0,1,210,0,1,0
TF,UA2WI,-40.969056,145.500944,0, ,0.0,0.0,0.0,0.0,2,3380,0,0,0,0,1,0

APPTR,R09,09,UA2WC
IF,UA2WC,-40.887139,145.480472, ,0.0,0.0,2,4000,0,1,210,0,1,0
TF,UA2WI,-40.969056,145.500944,0, ,0.0,0.0,0.0,0.0,2,3380,0,0,0,0,1,0

FINAL,R09,09,R,3
IF,UA2WI,-40.969056,145.500944, ,0.0,0.0,2,3380,0,0,0,0,0,0
TF,UA2WF,-40.982611,145.609500,0, ,0.0,0.0,86.0,5.0,2,1790,0,0,0,0,2,0
TF,RW09,-40.996775,145.723961,0, ,0.0,0.0,86.0,5.3,1,112,0,0,0,0,3,1
DF,UA2WH,-40.994417,145.812417,0, ,0.0,0.0,0,0,0,0,0,0,0,1
VM,0,0,0,360.0,2,3100,0,0,0,0,0,0

APPTR,R27,27,UA2ED
IF,UA2ED,-40.953139,146.014389, ,0.0,0.0,2,3100,0,1,210,0,1,0
TF,UA2EI,-41.025889,145.960667,0, ,0.0,0.0,0.0,0.0,2,3100,0,0,0,0,1,0

APPTR,R27,27,UA2EE
IF,UA2EE,-41.039250,146.069361, ,0.0,0.0,2,3100,0,1,210,0,1,0
TF,UA2EI,-41.025889,145.960667,0, ,0.0,0.0,0.0,0.0,2,3100,0,0,0,0,1,0

APPTR,R27,27,UA2EG
IF,UA2EG,-41.148778,145.991528, ,0.0,0.0,2,5600,0,1,210,0,1,0
TF,UA2EI,-41.025889,145.960667,0, ,0.0,0.0,0.0,0.0,2,3100,0,0,0,0,1,0

FINAL,R27,27,R,3
IF,UA2EI,-41.025889,145.960667, ,0.0,0.0,2,3100,0,0,0,0,0,0
TF,UA2EF,-41.012528,145.851972,0, ,0.0,0.0,266.0,5.0,2,1680,0,0,0,0,2,0
TF,RW27,-40.999164,145.743344,0, ,0.0,0.0,266.0,5.0,1,82,0,0,0,0,3,1
DF,UA2EH,-40.988444,145.656444,0, ,0.0,0.0,2,1000,0,0,0,0,0,1
VM,0,0,2,60.0,2,3100,0,0,0,0,0,0

