SID,INTI2B,30,2
CA,0,297.0,2,4270,0,0,0,0,0,0
DF,LHT,43.413333,112.126667,1, ,0.0,0.0,2,7880,0,0,0,0,0,0
TF,ESMEP,43.533333,112.025278,1, ,0.0,0.0,0.0,0.0,2,9850,0,0,0,0,0,0
TF,INTIK,43.680000,111.901667,0, ,0.0,0.0,0.0,0.0,0,0,0,0,0,0,0,0

SID,INTI5A,12,2
CA,0,117.0,2,4930,0,0,0,0,0,0
DF,LHT,43.413333,112.126667,2, ,0.0,0.0,2,8860,0,0,0,0,0,0
TF,ESMEP,43.533333,112.025278,0, ,0.0,0.0,0.0,0.0,2,9850,0,0,0,0,0,0
TF,INTIK,43.680000,111.901667,0, ,0.0,0.0,0.0,0.0,0,0,0,0,0,0,0,0

SID,INTI8Y,30,5
CA,0,297.0,2,4270,0,0,0,0,0,0
DF,ER606,43.415000,112.125000,1, ,0.0,0.0,2,7880,0,0,0,0,0,0
TF,ESMEP,43.533333,112.025278,1, ,0.0,0.0,0.0,0.0,2,9850,0,0,0,0,0,0
TF,INTIK,43.680000,111.901667,0, ,0.0,0.0,0.0,0.0,2,11800,0,0,0,0,0,0

SID,INTI9Z,12,5
CA,0,117.0,2,4930,0,0,0,0,0,0
DF,ER606,43.415000,112.125000,2, ,0.0,0.0,2,8860,0,0,0,0,0,0
TF,ESMEP,43.533333,112.025278,0, ,0.0,0.0,0.0,0.0,2,9850,0,0,0,0,0,0
TF,INTIK,43.680000,111.901667,0, ,0.0,0.0,0.0,0.0,2,11800,0,0,0,0,0,0

SID,UKBA1A,12,2
CA,0,117.0,2,4270,0,0,0,0,0,0
VI,0, ,0.0,154.0,0,0,0,0,0,0,0,0
CF,LHT30,43.186667,112.733333,0,LHT,123.9,29.9,124.0,27.0,2,12800,0,0,0,0,0,0
TF,UKBAD,43.012500,113.190556,0, ,0.0,0.0,0.0,0.0,0,0,0,0,0,0,0,0

SID,UKBA2B,30,2
CA,0,297.0,2,4270,0,0,0,0,0,0
DF,LHT,43.413333,112.126667,1, ,0.0,0.0,2,7880,0,0,0,0,0,0
TF,LHT30,43.186667,112.733333,0, ,0.0,0.0,0.0,0.0,2,12800,0,0,0,0,0,0
TF,UKBAD,43.012500,113.190556,0, ,0.0,0.0,0.0,0.0,0,0,0,0,0,0,0,0

SID,UKBA46,30,2
CA,0,297.0,2,4270,0,0,0,0,0,0
DF,LHT,43.413333,112.126667,2, ,0.0,0.0,2,7880,0,0,0,0,0,0
TF,LHT30,43.186667,112.733333,0, ,0.0,0.0,0.0,0.0,2,12800,0,0,0,0,0,0
TF,UKBAD,43.012500,113.190556,0, ,0.0,0.0,0.0,0.0,0,0,0,0,0,0,0,0

SID,UKBA8Y,30,5
CA,0,297.0,2,4270,0,0,0,0,0,0
DF,ER606,43.415000,112.125000,1, ,0.0,0.0,2,7880,0,0,0,0,0,0
TF,ER601,43.312639,112.398833,0, ,0.0,0.0,0.0,0.0,2,9850,0,0,0,0,0,0
TF,ER604,43.186278,112.733722,0, ,0.0,0.0,0.0,0.0,2,12800,0,0,0,0,0,0
TF,UKBAD,43.012500,113.190556,0, ,0.0,0.0,0.0,0.0,0,0,0,0,0,0,0,0

SID,UKBA9Z,12,5
CA,0,117.0,2,4270,0,0,0,0,0,0
DF,ER601,43.312639,112.398833,0, ,0.0,0.0,2,6890,0,0,0,0,0,0
TF,ER604,43.186278,112.733722,0, ,0.0,0.0,0.0,0.0,2,12800,0,0,0,0,0,0
TF,UKBAD,43.012500,113.190556,0, ,0.0,0.0,0.0,0.0,0,0,0,0,0,0,0,0

STAR,INTI3C,12,2
IF,INTIK,43.680000,111.901667, ,0.0,0.0,0,0,0,0,0,0,0,0
TF,ESMEP,43.533333,112.025278,0, ,0.0,0.0,0.0,0.0,2,7880,0,0,0,0,0,0
TF,LHT,43.413333,112.126667,0, ,0.0,0.0,0.0,0.0,2,5910,0,1,205,0,0,0

STAR,INTI4D,30,2
IF,INTIK,43.680000,111.901667, ,0.0,0.0,0,0,0,0,0,0,0,0
TF,ESMEP,43.533333,112.025278,0, ,0.0,0.0,0.0,0.0,2,7880,0,0,0,0,0,0
TF,LHT,43.413333,112.126667,0, ,0.0,0.0,0.0,0.0,2,5910,0,1,205,0,0,0

STAR,INTI6W,30,5
IF,INTIK,43.680000,111.901667, ,0.0,0.0,2,11800,0,0,0,0,0,0
TF,ER507,43.548333,112.012417,0, ,0.0,0.0,0.0,0.0,2,9850,0,0,0,0,0,0
TF,ER506,43.450361,112.366361,0, ,0.0,0.0,0.0,0.0,2,5910,0,1,200,0,0,0

STAR,UKBA3C,12,2
IF,UKBAD,43.012500,113.190556, ,0.0,0.0,0,0,0,0,0,0,0,0
TF,LHT30,43.186667,112.733333,0, ,0.0,0.0,0.0,0.0,2,9850,0,0,0,0,0,0
TF,LHT,43.413333,112.126667,0, ,0.0,0.0,0.0,0.0,2,5910,0,1,205,0,0,0

STAR,UKBA4D,30,2
IF,UKBAD,43.012500,113.190556, ,0.0,0.0,0,0,0,0,0,0,0,0
TF,LHT30,43.186667,112.733333,0, ,0.0,0.0,0.0,0.0,2,9850,0,0,0,0,0,0
TF,D124M,43.315017,112.391367,0, ,0.0,0.0,0.0,0.0,2,5910,0,1,205,0,0,0

STAR,UKBA5E,30,2
IF,UKBAD,43.012500,113.190556, ,0.0,0.0,0,0,0,0,0,0,0,0
TF,LHT30,43.186667,112.733333,0, ,0.0,0.0,0.0,0.0,2,9850,0,0,0,0,0,0
TF,D124M,43.315017,112.391367,0, ,0.0,0.0,0.0,0.0,2,5910,0,0,0,0,0,0
TF,LHT,43.413333,112.126667,0, ,0.0,0.0,0.0,0.0,2,5910,0,1,205,0,0,0

STAR,UKBA6W,30,5
IF,UKBAD,43.012500,113.190556, ,0.0,0.0,0,0,0,0,0,0,0,0
TF,ER604,43.186278,112.733722,0, ,0.0,0.0,0.0,0.0,2,9850,0,0,0,0,0,0
TF,ER505,43.309139,112.408167,0, ,0.0,0.0,0.0,0.0,2,5910,0,1,200,0,0,0

APPTR,D12,12,LHT1
IF,LHT,43.413333,112.126667, ,0.0,0.0,2,5910,0,1,205,0,1,0
FD,LHT,43.413333,112.126667,0,LHT,0.0,9.0,314.0,9.0,2,4930,0,0,0,0,0,0
CF,CD12,43.464481,111.933114,1,LHT,297.0,9.0,117.0,1.0,2,4930,0,0,0,0,1,0

APPTR,D12,12,LHT2
IF,LHT,43.413333,112.126667, ,0.0,0.0,2,5910,0,1,205,0,1,0
FD,LHT,43.413333,112.126667,0,LHT,0.0,9.0,309.0,9.0,2,4930,0,0,0,0,0,0
CF,CD12,43.464481,111.933114,1,LHT,297.0,9.0,117.0,1.0,2,4930,0,0,0,0,1,0

FINAL,D12,12,D,4
IF,CD12,43.464481,111.933114,LHT,297.0,9.0,2,4930,0,0,0,0,0,0
CF,FD12,43.454844,111.969697,0,LHT,297.0,7.3,117.0,1.7,2,4930,0,0,0,0,2,0
CF,46VOR,43.439517,112.027781,0,LHT,297.0,4.6,117.0,2.7,2,4090,0,0,0,0,0,0
CF,MD12,43.430417,112.062183,0,LHT,297.0,3.0,117.0,1.6,1,3545,0,0,0,0,3,0
CF,LHT,43.413333,112.126667,0,LHT,0.0,0.0,117.0,3.0,0,0,0,0,0,0,0,0
FD,LHT,43.413333,112.126667,0,LHT,0.0,5.0,117.0,5.0,2,4270,0,0,0,0,0,0
DF,LHT,43.413333,112.126667,2, ,0.0,0.0,1,5910,0,0,0,0,0,0

APPTR,D30,30,D124M
IF,D124M,43.315017,112.391367, ,0.0,0.0,2,5910,0,1,205,0,1,0
CF,CD30,43.361856,112.319889,0,LHT,117.0,9.0,319.0,4.2,2,4930,0,0,0,0,1,0

APPTR,D30,30,LHT1
IF,LHT,43.413333,112.126667, ,0.0,0.0,2,5910,0,1,205,0,1,0
FD,LHT,43.413333,112.126667,0,LHT,0.0,9.0,103.0,9.0,2,4930,0,0,0,0,0,0
CF,CD30,43.361856,112.319889,2,LHT,117.0,9.0,297.0,1.0,2,4930,0,0,0,0,1,0

APPTR,D30,30,LHT2
IF,LHT,43.413333,112.126667, ,0.0,0.0,2,5910,0,1,205,0,1,0
FD,LHT,43.413333,112.126667,0,LHT,0.0,9.0,108.0,9.0,2,4930,0,0,0,0,0,0
CF,CD30,43.361856,112.319889,2,LHT,117.0,9.0,297.0,1.0,2,4930,0,0,0,0,1,0

FINAL,D30,30,D,4
IF,CD30,43.361856,112.319889,LHT,117.0,9.0,2,4930,0,0,0,0,0,0
CF,FD30,43.390494,112.212583,0,LHT,117.0,4.0,297.0,5.0,2,4930,0,0,0,0,2,0
CF,13VOR,43.405917,112.154594,0,LHT,117.0,1.3,297.0,2.7,2,4060,0,0,0,0,0,0
CF,LHT,43.413333,112.126667,0,LHT,0.0,0.0,297.0,1.3,1,3663,0,0,0,0,3,0
CD, ,0,0,0,LHT,0,0.0,297.0,7.3,2,4270,0,0,0,0,0,0
DF,LHT,43.413333,112.126667,1, ,0.0,0.0,1,5910,0,0,0,0,0,0

APPTR,I30-Y,30,D124M
IF,D124M,43.315017,112.391367, ,0.0,0.0,2,5910,0,1,205,0,1,0
CF,CI30,43.362681,112.318611,0,IER,117.2,11.6,319.0,4.3,2,4930,0,0,0,0,1,0

APPTR,I30-Y,30,LHT1
IF,LHT,43.413333,112.126667, ,0.0,0.0,2,5910,0,1,205,0,1,0
FD,LHT,43.413333,112.126667,0,LHT,0.0,9.0,103.0,9.0,2,4930,0,0,0,0,0,0
CF,CI30,43.362681,112.318611,2,IER,117.2,11.6,297.0,1.0,2,4930,0,0,0,0,1,0

APPTR,I30-Y,30,LHT2
IF,LHT,43.413333,112.126667, ,0.0,0.0,2,5910,0,1,205,0,1,0
FD,LHT,43.413333,112.126667,0,LHT,0.0,9.0,108.0,9.0,2,4930,0,0,0,0,0,0
CF,CI30,43.362681,112.318611,2,IER,117.2,11.6,297.0,1.0,2,4930,0,0,0,0,1,0

FINAL,I30-Y,30,I,3
IF,CI30,43.362681,112.318611,IER,117.2,11.6,2,4930,0,0,0,0,0,0
CF,FI30,43.391656,112.211472,0,IER,117.2,6.6,297.0,5.0,1,4930,0,0,0,0,2,0
CF,RW30,43.420111,112.105806,0,IER,117.2,1.7,297.0,4.9,1,3345,0,0,0,0,3,0
CD, ,0,0,0,LHT,0,0.0,297.0,7.3,2,4270,0,0,0,0,0,0
DF,LHT,43.413333,112.126667,1, ,0.0,0.0,1,5910,0,0,0,0,0,0

APPTR,I30-Z,30,ER505
IF,ER505,43.309139,112.408167, ,0.0,0.0,2,5910,0,1,200,0,1,0
TF,ER503,43.362194,112.320139,0,IER,0.0,0.0,0.0,0.0,2,5910,0,1,180,0,1,0

APPTR,I30-Z,30,ER506
IF,ER506,43.450361,112.366361, ,0.0,0.0,2,5910,0,1,200,0,1,0
TF,ER503,43.362194,112.320139,0,IER,0.0,0.0,0.0,0.0,2,5910,0,1,180,0,1,0

FINAL,I30-Z,30,I,3
IF,ER503,43.362194,112.320139,IER,117.2,11.7,2,5910,0,1,180,0,0,0
CF,FI30,43.391656,112.211472,0,IER,117.2,6.6,297.0,5.1,1,4930,0,0,0,0,2,0
CF,RW30,43.420111,112.105806,0,IER,117.2,1.7,297.0,4.9,1,3345,0,0,0,0,3,0
CD, ,0,0,0,LHT,0,0.0,297.0,7.3,2,4270,0,0,0,0,0,0
DF,LHT,43.413333,112.126667,1, ,0.0,0.0,1,5910,0,0,0,0,0,0

APPTR,N30,30,BN1
IF,BN,43.416833,112.117972, ,0.0,0.0,2,5910,0,1,205,0,1,0
FC,BN,43.416833,112.117972,0,LHT,0.0,0.0,85.0,5.1,0,0,0,0,0,0,0,1
CF,FN30,43.392206,112.210614,2,LHT,116.0,3.9,297.0,1.0,2,4930,0,0,0,0,0,0

APPTR,N30,30,BN2
IF,BN,43.416833,112.117972, ,0.0,0.0,2,5910,0,1,205,0,1,0
FC,BN,43.416833,112.117972,0,LHT,0.0,0.0,103.0,5.1,0,0,0,0,0,0,0,1
CF,FN30,43.392206,112.210614,2,LHT,116.0,3.9,297.0,1.0,2,4930,0,0,0,0,0,0

FINAL,N30,30,N,2
IF,FN30,43.392206,112.210614,BN,0.0,0.0,2,4930,0,0,0,0,2,0
CF,BN,43.416833,112.117972,0,BN,0.0,0.0,297.0,4.3,1,3527,0,0,0,0,3,0
CA,0,297.0,2,4270,0,0,0,0,0,0
DF,BN,43.416833,112.117972,1, ,0.0,0.0,1,5910,0,0,0,0,0,0

