SID,AGT09D,15,5
CF,ZJ411,21.350417,110.676389,0,WUQ,190.5,8.3,152.0,9.0,0,0,0,0,0,0,0,0
TF,AGTOB,21.040833,110.588611,0, ,0.0,0.0,0.0,0.0,3,7880,0,1,230,0,0,0
TF,AGTEL,20.500000,110.293333,0, ,0.0,0.0,0.0,0.0,0,0,0,0,0,0,0,0

SID,AGT19D,33,5
CF,ZJ512,21.577056,110.535778,0,WUQ,302.3,10.5,332.0,6.0,0,0,0,0,0,0,0,1
DF,WUQ,21.488333,110.698333,2, ,0.0,0.0,2,5910,0,1,230,0,0,0
TF,AGTOB,21.040833,110.588611,0, ,0.0,0.0,0.0,0.0,3,7880,0,0,0,0,0,0
TF,AGTEL,20.500000,110.293333,0, ,0.0,0.0,0.0,0.0,0,0,0,0,0,0,0,0

SID,BHY01D,15,2
CD, ,0,0,0,IWC,0,0.0,152.0,7.2,0,0,0,0,0,0,0,0
CI,0, ,0.0,141.0,0,0,0,1,230,0,0,0
CF,WU28A,21.023456,110.759125,0,WUQ,175.0,28.0,175.0,18.0,3,7880,0,0,0,0,0,0
TF,WUQ33,20.935456,110.770589,0, ,0.0,0.0,0.0,0.0,0,0,0,0,0,0,0,1
CR,2,WUQ,198.0,307.0,2,12800,0,0,0,0,0,0
CF,LH,21.135000,110.333333,0,WUQ,226.1,29.4,307.0,15.0,0,0,0,0,0,0,0,0
TF,BHY55,21.156106,110.291533,0, ,0.0,0.0,0.0,0.0,0,0,0,0,0,0,0,0
TF,BHY34,21.315911,109.974000,0, ,0.0,0.0,0.0,0.0,2,18400,0,0,0,0,0,0
TF,BHY,21.586667,109.431667,0, ,0.0,0.0,0.0,0.0,0,0,0,0,0,0,0,0

SID,BHY09D,15,5
CF,ZJ411,21.350417,110.676389,0,WUQ,190.5,8.3,152.0,9.0,0,0,0,0,0,0,0,0
TF,AGTOB,21.040833,110.588611,0, ,0.0,0.0,0.0,0.0,3,7880,0,1,230,0,0,0
TF,IGPUK,21.080833,110.429444,0, ,0.0,0.0,0.0,0.0,0,0,0,0,0,0,0,0
TF,ZJ553,21.154639,110.292472,0, ,0.0,0.0,0.0,0.0,2,11800,0,0,0,0,0,0
TF,ZJ554,21.314333,109.975222,0, ,0.0,0.0,0.0,0.0,2,18400,0,0,0,0,0,0
TF,BHY,21.586667,109.431667,0, ,0.0,0.0,0.0,0.0,0,0,0,0,0,0,0,0

SID,BHY11D,33,2
CD, ,0,0,0,IZU,0,0.0,332.0,5.5,0,0,0,0,0,0,0,0
DF,WUQ,21.488333,110.698333,2, ,0.0,0.0,0,0,0,1,230,0,0,0
TF,WU28A,21.023456,110.759125,0, ,0.0,0.0,0.0,0.0,3,7880,0,0,0,0,0,0
TF,WUQ33,20.935456,110.770589,0, ,0.0,0.0,0.0,0.0,0,0,0,0,0,0,0,1
CR,2,WUQ,198.0,307.0,2,12800,0,0,0,0,0,0
CF,LH,21.135000,110.333333,0,WUQ,226.1,29.4,307.0,15.0,0,0,0,0,0,0,0,0
TF,BHY55,21.156106,110.291533,0, ,0.0,0.0,0.0,0.0,0,0,0,0,0,0,0,0
TF,BHY34,21.315911,109.974000,0, ,0.0,0.0,0.0,0.0,2,18400,0,0,0,0,0,0
TF,BHY,21.586667,109.431667,0, ,0.0,0.0,0.0,0.0,0,0,0,0,0,0,0,0

SID,BHY19D,33,5
CF,ZJ512,21.577056,110.535778,0,WUQ,302.3,10.5,332.0,6.0,0,0,0,0,0,0,0,1
DF,WUQ,21.488333,110.698333,2, ,0.0,0.0,2,5910,0,1,230,0,0,0
TF,AGTOB,21.040833,110.588611,0, ,0.0,0.0,0.0,0.0,3,7880,0,0,0,0,0,0
TF,IGPUK,21.080833,110.429444,2, ,0.0,0.0,0.0,0.0,0,0,0,0,0,0,0,0
TF,ZJ553,21.154639,110.292472,0, ,0.0,0.0,0.0,0.0,2,11800,0,0,0,0,0,0
TF,ZJ554,21.314333,109.975222,0, ,0.0,0.0,0.0,0.0,2,18400,0,0,0,0,0,0
TF,BHY,21.586667,109.431667,0, ,0.0,0.0,0.0,0.0,0,0,0,0,0,0,0,0

SID,SIK01D,15,2
CD, ,0,0,0,IWC,0,0.0,152.0,7.2,0,0,0,0,0,0,0,0
CI,0, ,0.0,141.0,0,0,0,1,230,0,0,0
CF,WU28A,21.023456,110.759125,0,WUQ,175.0,28.0,175.0,18.0,3,7880,0,0,0,0,0,0
TF,GIVIV,20.953889,111.055278,0, ,0.0,0.0,0.0,0.0,0,0,0,0,0,0,0,0
TF,SIKOU,20.843333,111.500000,0, ,0.0,0.0,0.0,0.0,0,0,0,0,0,0,0,0

SID,SIK09D,15,5
CF,ZJ411,21.350417,110.676389,0,WUQ,190.5,8.3,152.0,9.0,0,0,0,0,0,0,0,0
TF,ZJ417,21.068778,110.595500,0, ,0.0,0.0,0.0,0.0,3,7880,0,1,230,0,0,0
TF,GIVIV,20.953889,111.055278,0, ,0.0,0.0,0.0,0.0,0,0,0,0,0,0,0,0
TF,SIKOU,20.843333,111.500000,0, ,0.0,0.0,0.0,0.0,0,0,0,0,0,0,0,0

SID,SIK11D,33,2
CD, ,0,0,0,IZU,0,0.0,332.0,5.5,0,0,0,0,0,0,0,0
DF,WUQ,21.488333,110.698333,2, ,0.0,0.0,0,0,0,1,230,0,0,0
TF,WU28A,21.023456,110.759125,0, ,0.0,0.0,0.0,0.0,3,7880,0,0,0,0,0,0
TF,GIVIV,20.953889,111.055278,0, ,0.0,0.0,0.0,0.0,0,0,0,0,0,0,0,0
TF,SIKOU,20.843333,111.500000,0, ,0.0,0.0,0.0,0.0,0,0,0,0,0,0,0,0

SID,SIK19D,33,5
CF,ZJ512,21.577056,110.535778,0,WUQ,302.3,10.5,332.0,6.0,0,0,0,0,0,0,0,1
DF,WUQ,21.488333,110.698333,2, ,0.0,0.0,2,5910,0,1,230,0,0,0
TF,ZJ417,21.068778,110.595500,0, ,0.0,0.0,0.0,0.0,3,7880,0,0,0,0,0,0
TF,GIVIV,20.953889,111.055278,0, ,0.0,0.0,0.0,0.0,0,0,0,0,0,0,0,0
TF,SIKOU,20.843333,111.500000,0, ,0.0,0.0,0.0,0.0,0,0,0,0,0,0,0,0

STAR,AGT01A,15,2
IF,AGTEL,20.500000,110.293333, ,0.0,0.0,0,0,0,0,0,0,0,0
TF,LH,21.135000,110.333333,0, ,0.0,0.0,0.0,0.0,2,11800,0,0,0,0,0,0
TF,D201Z,21.081725,110.549181,2, ,0.0,0.0,0.0,0.0,0,0,0,0,0,0,0,0
TF,D195Z,21.070253,110.595506,0, ,0.0,0.0,0.0,0.0,2,6890,0,0,0,0,0,0
TF,WUQ,21.488333,110.698333,1, ,0.0,0.0,0.0,0.0,2,6890,0,0,0,0,0,0
TF,D332Q,21.733067,110.547061,0, ,0.0,0.0,0.0,0.0,2,3940,0,1,205,0,0,0

STAR,AGT09A,15,5
IF,AGTEL,20.500000,110.293333, ,0.0,0.0,0,0,0,0,0,0,0,0
TF,RULOR,20.991389,110.325556,0, ,0.0,0.0,0.0,0.0,2,11800,0,0,0,0,0,0
TF,ODODU,20.897222,110.702222,2, ,0.0,0.0,0.0,0.0,2,8860,0,0,0,0,0,0
TF,ZJ405,21.034250,110.734306,1, ,0.0,0.0,0.0,0.0,3,7880,0,0,0,0,0,0
TF,ZJ404,21.323861,110.802306,0, ,0.0,0.0,0.0,0.0,1,6890,0,0,0,0,0,0
TF,WUQ,21.488333,110.698333,0, ,0.0,0.0,0.0,0.0,1,6890,0,0,0,0,0,0
TF,ZJ403,21.735083,110.547333,0, ,0.0,0.0,0.0,0.0,1,3940,0,1,205,0,0,0

STAR,AGT11A,33,2
IF,AGTEL,20.500000,110.293333, ,0.0,0.0,0,0,0,0,0,0,0,0
TF,LH,21.135000,110.333333,0, ,0.0,0.0,0.0,0.0,2,11800,0,0,0,0,0,0
TF,D201Z,21.081725,110.549181,2, ,0.0,0.0,0.0,0.0,0,0,0,0,0,0,0,0
TF,WU28B,21.034208,110.740650,0, ,0.0,0.0,0.0,0.0,2,6890,0,0,0,0,0,0
TF,D177T,21.161731,110.728794,1, ,0.0,0.0,0.0,0.0,2,4930,0,1,205,0,0,0

STAR,AGT19A,33,5
IF,AGTEL,20.500000,110.293333, ,0.0,0.0,0,0,0,0,0,0,0,0
TF,RULOR,20.991389,110.325556,0, ,0.0,0.0,0.0,0.0,2,11800,0,0,0,0,0,0
TF,ODODU,20.897222,110.702222,2, ,0.0,0.0,0.0,0.0,2,8860,0,0,0,0,0,0
TF,ZJ405,21.034250,110.734306,1, ,0.0,0.0,0.0,0.0,3,7880,0,0,0,0,0,0
TF,ZJ506,21.195583,110.772139,0, ,0.0,0.0,0.0,0.0,1,4930,0,1,205,0,0,0

STAR,BHY01A,15,2
IF,BHY,21.586667,109.431667, ,0.0,0.0,0,0,0,0,0,0,0,0
TF,BHY34,21.315911,109.974000,0, ,0.0,0.0,0.0,0.0,2,18400,0,0,0,0,0,0
TF,LH,21.135000,110.333333,0, ,0.0,0.0,0.0,0.0,2,11800,0,0,0,0,0,0
TF,D201Z,21.081725,110.549181,0, ,0.0,0.0,0.0,0.0,0,0,0,0,0,0,0,0
TF,D195Z,21.070253,110.595506,0, ,0.0,0.0,0.0,0.0,2,6890,0,0,0,0,0,0
TF,WUQ,21.488333,110.698333,1, ,0.0,0.0,0.0,0.0,2,6890,0,0,0,0,0,0
TF,D332Q,21.733067,110.547061,0, ,0.0,0.0,0.0,0.0,2,3940,0,1,205,0,0,0

STAR,BHY09A,15,5
IF,BHY,21.586667,109.431667, ,0.0,0.0,0,0,0,0,0,0,0,0
TF,KIMOG,21.390556,109.537222,0, ,0.0,0.0,0.0,0.0,0,0,0,0,0,0,0,0
TF,ZJ509,21.175556,109.960278,0, ,0.0,0.0,0.0,0.0,2,18400,0,0,0,0,0,0
TF,RULOR,20.991389,110.325556,0, ,0.0,0.0,0.0,0.0,2,11800,0,0,0,0,0,0
TF,ODODU,20.897222,110.702222,0, ,0.0,0.0,0.0,0.0,2,8860,0,0,0,0,0,0
TF,ZJ405,21.034250,110.734306,1, ,0.0,0.0,0.0,0.0,3,7880,0,0,0,0,0,0
TF,ZJ404,21.323861,110.802306,0, ,0.0,0.0,0.0,0.0,1,6890,0,0,0,0,0,0
TF,WUQ,21.488333,110.698333,0, ,0.0,0.0,0.0,0.0,1,6890,0,0,0,0,0,0
TF,ZJ403,21.735083,110.547333,0, ,0.0,0.0,0.0,0.0,1,3940,0,1,205,0,0,0

STAR,BHY11A,33,2
IF,BHY,21.586667,109.431667, ,0.0,0.0,0,0,0,0,0,0,0,0
TF,BHY34,21.315911,109.974000,0, ,0.0,0.0,0.0,0.0,2,18400,0,0,0,0,0,0
TF,LH,21.135000,110.333333,0, ,0.0,0.0,0.0,0.0,2,11800,0,0,0,0,0,0
TF,D201Z,21.081725,110.549181,0, ,0.0,0.0,0.0,0.0,0,0,0,0,0,0,0,0
TF,WU28B,21.034208,110.740650,0, ,0.0,0.0,0.0,0.0,2,6890,0,0,0,0,0,0
TF,D177T,21.161731,110.728794,1, ,0.0,0.0,0.0,0.0,2,4930,0,1,205,0,0,0

STAR,BHY19A,33,5
IF,BHY,21.586667,109.431667, ,0.0,0.0,0,0,0,0,0,0,0,0
TF,KIMOG,21.390556,109.537222,0, ,0.0,0.0,0.0,0.0,0,0,0,0,0,0,0,0
TF,ZJ509,21.175556,109.960278,0, ,0.0,0.0,0.0,0.0,2,18400,0,0,0,0,0,0
TF,RULOR,20.991389,110.325556,0, ,0.0,0.0,0.0,0.0,2,11800,0,0,0,0,0,0
TF,ODODU,20.897222,110.702222,0, ,0.0,0.0,0.0,0.0,2,8860,0,0,0,0,0,0
TF,ZJ405,21.034250,110.734306,1, ,0.0,0.0,0.0,0.0,3,7880,0,0,0,0,0,0
TF,ZJ506,21.195583,110.772139,0, ,0.0,0.0,0.0,0.0,1,4930,0,1,205,0,0,0

STAR,BIG02A,15,2
IF,BIGRO,21.570000,111.826667, ,0.0,0.0,0,0,0,0,0,0,0,0
TF,GIVIV,20.953889,111.055278,0, ,0.0,0.0,0.0,0.0,0,0,0,0,0,0,0,0
TF,D195Z,21.070253,110.595506,0, ,0.0,0.0,0.0,0.0,2,6890,0,0,0,0,0,0
TF,WUQ,21.488333,110.698333,0, ,0.0,0.0,0.0,0.0,2,6890,0,0,0,0,0,0
TF,D332Q,21.733067,110.547061,0, ,0.0,0.0,0.0,0.0,2,3940,0,1,205,0,0,0

STAR,BIG08A,15,5
IF,BIGRO,21.570000,111.826667, ,0.0,0.0,0,0,0,0,0,0,0,0
TF,GIVIV,20.953889,111.055278,0, ,0.0,0.0,0.0,0.0,0,0,0,0,0,0,0,0
TF,ZJ405,21.034250,110.734306,0, ,0.0,0.0,0.0,0.0,3,7880,0,0,0,0,0,0
TF,ZJ404,21.323861,110.802306,0, ,0.0,0.0,0.0,0.0,1,6890,0,0,0,0,0,0
TF,WUQ,21.488333,110.698333,0, ,0.0,0.0,0.0,0.0,1,6890,0,0,0,0,0,0
TF,ZJ403,21.735083,110.547333,0, ,0.0,0.0,0.0,0.0,1,3940,0,1,205,0,0,0

STAR,BIG12A,33,2
IF,BIGRO,21.570000,111.826667, ,0.0,0.0,0,0,0,0,0,0,0,0
TF,GIVIV,20.953889,111.055278,0, ,0.0,0.0,0.0,0.0,0,0,0,0,0,0,0,0
TF,WU28B,21.034208,110.740650,0, ,0.0,0.0,0.0,0.0,2,6890,0,0,0,0,0,0
TF,D177T,21.161731,110.728794,0, ,0.0,0.0,0.0,0.0,2,4930,0,1,205,0,0,0

STAR,BIG18A,33,5
IF,BIGRO,21.570000,111.826667, ,0.0,0.0,0,0,0,0,0,0,0,0
TF,GIVIV,20.953889,111.055278,0, ,0.0,0.0,0.0,0.0,0,0,0,0,0,0,0,0
TF,ZJ405,21.034250,110.734306,0, ,0.0,0.0,0.0,0.0,3,7880,0,0,0,0,0,0
TF,ZJ506,21.195583,110.772139,0, ,0.0,0.0,0.0,0.0,1,4930,0,1,205,0,0,0

STAR,SIK01A,15,2
IF,SIKOU,20.843333,111.500000, ,0.0,0.0,0,0,0,0,0,0,0,0
TF,GIVIV,20.953889,111.055278,0, ,0.0,0.0,0.0,0.0,0,0,0,0,0,0,0,0
TF,D195Z,21.070253,110.595506,0, ,0.0,0.0,0.0,0.0,2,6890,0,0,0,0,0,0
TF,WUQ,21.488333,110.698333,0, ,0.0,0.0,0.0,0.0,2,6890,0,0,0,0,0,0
TF,D332Q,21.733067,110.547061,0, ,0.0,0.0,0.0,0.0,2,3940,0,1,205,0,0,0

STAR,SIK09A,15,5
IF,SIKOU,20.843333,111.500000, ,0.0,0.0,0,0,0,0,0,0,0,0
TF,GIVIV,20.953889,111.055278,0, ,0.0,0.0,0.0,0.0,0,0,0,0,0,0,0,0
TF,ZJ405,21.034250,110.734306,0, ,0.0,0.0,0.0,0.0,3,7880,0,0,0,0,0,0
TF,ZJ404,21.323861,110.802306,0, ,0.0,0.0,0.0,0.0,1,6890,0,0,0,0,0,0
TF,WUQ,21.488333,110.698333,0, ,0.0,0.0,0.0,0.0,1,6890,0,0,0,0,0,0
TF,ZJ403,21.735083,110.547333,0, ,0.0,0.0,0.0,0.0,1,3940,0,1,205,0,0,0

STAR,SIK11A,33,2
IF,SIKOU,20.843333,111.500000, ,0.0,0.0,0,0,0,0,0,0,0,0
TF,GIVIV,20.953889,111.055278,0, ,0.0,0.0,0.0,0.0,0,0,0,0,0,0,0,0
TF,WU28B,21.034208,110.740650,0, ,0.0,0.0,0.0,0.0,2,6890,0,0,0,0,0,0
TF,D177T,21.161731,110.728794,0, ,0.0,0.0,0.0,0.0,2,4930,0,1,205,0,0,0

STAR,SIK19A,33,5
IF,SIKOU,20.843333,111.500000, ,0.0,0.0,0,0,0,0,0,0,0,0
TF,GIVIV,20.953889,111.055278,0, ,0.0,0.0,0.0,0.0,0,0,0,0,0,0,0,0
TF,ZJ405,21.034250,110.734306,0, ,0.0,0.0,0.0,0.0,3,7880,0,0,0,0,0,0
TF,ZJ506,21.195583,110.772139,0, ,0.0,0.0,0.0,0.0,1,4930,0,1,205,0,0,0

APPTR,I15-Y,15,D332Q
IF,D332Q,21.733067,110.547061, ,0.0,0.0,2,3940,0,1,205,0,1,0
CF,CI15,21.690375,110.465228,0,IWC,331.8,15.3,242.0,5.2,2,2960,0,0,0,0,1,0

FINAL,I15-Y,15,I,3
IF,CI15,21.690375,110.465228,IWC,331.8,15.3,2,2960,0,0,0,0,0,0
CF,FI15,21.625322,110.505731,0,IWC,331.8,10.8,152.0,4.5,1,2960,0,0,0,0,2,0
CF,RW15,21.496194,110.586000,0,IWC,331.8,1.9,152.0,8.9,1,119,0,0,0,0,3,0
FD,RW15,21.496194,110.586000,0,IWC,0.0,10.0,152.0,10.0,0,0,0,0,0,0,0,0
DF,WUQ,21.488333,110.698333,1, ,0.0,0.0,1,3940,0,1,205,0,0,0
HM,WUQ,21.488333,110.698333,2, ,0.0,0.0,332.0,04.3,2,3940,0,1,205,0,0,0,0

APPTR,I15-Z,15,ZJ403
IF,ZJ403,21.735083,110.547333, ,0.0,0.0,2,3940,0,1,205,0,1,0
TF,ZJ402,21.690472,110.465250,0,IWC,0.0,0.0,0.0,0.0,2,2960,0,0,0,0,1,0

FINAL,I15-Z,15,I,3
IF,ZJ402,21.690472,110.465250,IWC,331.9,15.3,2,2960,0,0,0,0,0,0
CF,FI15,21.625322,110.505731,0,IWC,331.8,10.8,152.0,4.5,1,2960,0,0,0,0,2,0
CF,RW15,21.496194,110.586000,0,IWC,331.8,1.9,152.0,8.9,1,119,0,0,0,0,3,0
CF,ZJ411,21.350417,110.676389,0,WUQ,190.5,8.3,152.0,10.1,0,0,0,0,0,0,0,1
DF,WUQ,21.488333,110.698333,1, ,0.0,0.0,1,3940,0,1,205,0,0,0
HM,WUQ,21.488333,110.698333,2, ,0.0,0.0,332.0,04.3,2,3940,0,1,205,0,0,0,0

APPTR,I33-Y,33,D177T
IF,D177T,21.161731,110.728794, ,0.0,0.0,2,4930,0,1,205,0,1,0
CF,CI33,21.279772,110.720367,0,IZU,151.8,15.1,357.0,7.1,2,2960,0,0,0,0,1,0

FINAL,I33-Y,33,I,3
IF,CI33,21.279772,110.720367,IZU,151.8,15.1,2,2960,0,0,0,0,0,0
CF,FI33,21.341961,110.681803,0,IZU,151.8,10.8,332.0,4.3,1,2960,0,0,0,0,2,0
CF,RW33,21.471222,110.601528,0,IZU,151.8,1.9,332.0,8.9,1,110,0,0,0,0,3,0
FD,RW33,21.471222,110.601528,0,IZU,0.0,7.2,332.0,7.2,0,0,0,0,0,0,0,0
DF,WUQ,21.488333,110.698333,2, ,0.0,0.0,1,3940,0,1,205,0,0,0
HM,WUQ,21.488333,110.698333,1, ,0.0,0.0,152.0,04.3,2,3940,0,1,205,0,0,0,0

APPTR,I33-Z,33,ZJ506
IF,ZJ506,21.195583,110.772139, ,0.0,0.0,2,4930,0,1,205,0,1,0
TF,ZJ502,21.279361,110.720361,0,IZU,0.0,0.0,0.0,0.0,2,2960,0,0,0,0,1,0

FINAL,I33-Z,33,I,3
IF,ZJ502,21.279361,110.720361,IZU,151.9,15.2,2,2960,0,0,0,0,0,0
CF,FI33,21.341961,110.681803,0,IZU,151.8,10.8,332.0,4.3,1,2960,0,0,0,0,2,0
CF,RW33,21.471222,110.601528,0,IZU,151.8,1.9,332.0,8.9,1,110,0,0,0,0,3,0
CF,ZJ512,21.577056,110.535778,0,WUQ,302.3,10.5,332.0,7.3,0,0,0,0,0,0,0,1
DF,WUQ,21.488333,110.698333,2, ,0.0,0.0,1,3940,0,1,205,0,0,0
HM,WUQ,21.488333,110.698333,1, ,0.0,0.0,152.0,04.3,2,3940,0,1,205,0,0,0,0

