SID,DAK01D,19,2
CF,D189E,30.250192,109.472364,0,DYK,188.6,5.0,192.0,4.0,0,0,0,0,0,0,0,0
CD, ,0,0,0,DYK,0,0.0,189.0,13.0,2,4430,0,1,220,0,0,0
DF,D181Q,30.012803,109.611803,0, ,0.0,0.0,2,6890,0,0,0,0,0,0
TF,DAKOR,29.508333,109.630000,0, ,0.0,0.0,0.0,0.0,0,0,0,0,0,0,0,0

SID,DAK09D,01,5
CF,ES411,30.375278,109.504167,0,ENH,317.7,7.1,22.0,3.0,2,2630,0,0,0,0,0,0
TF,ES412,30.440556,109.555000,0, ,0.0,0.0,0.0,0.0,2,4270,0,0,0,0,0,0
TF,ES413,30.434722,109.638056,0, ,0.0,0.0,0.0,0.0,2,5910,0,1,205,0,0,0
TF,ES421,30.292778,109.600278,0, ,0.0,0.0,0.0,0.0,0,0,0,0,0,0,0,0
TF,DAKOR,29.508333,109.630000,0, ,0.0,0.0,0.0,0.0,0,0,0,0,0,0,0,0

SID,DAK11D,01,2
CF,D030B,30.361411,109.498733,0,DYK,30.8,1.9,22.0,2.0,0,0,0,1,205,0,0,0
TF,D030G,30.436025,109.542058,0, ,0.0,0.0,0.0,0.0,2,3940,0,0,0,0,0,1
CF,D021E,30.363161,109.628456,2,ENH,21.0,4.5,201.0,3.0,2,4930,0,0,0,0,0,0
TF,ENH,30.291667,109.601667,0, ,0.0,0.0,0.0,0.0,0,0,0,0,0,0,0,0
TF,DAKOR,29.508333,109.630000,0, ,0.0,0.0,0.0,0.0,0,0,0,0,0,0,0,0

SID,DAK19D,19,5
CA,0,192.0,2,4430,0,0,0,0,0,0
DF,ES512,30.109167,109.607500,1, ,0.0,0.0,2,6890,0,1,205,0,0,0
TF,DAKOR,29.508333,109.630000,0, ,0.0,0.0,0.0,0.0,0,0,0,0,0,0,0,0

SID,IGP01D,19,2
CF,D189E,30.250192,109.472364,0,DYK,188.6,5.0,192.0,4.0,0,0,0,0,0,0,0,0
CD, ,0,0,0,DYK,0,0.0,189.0,13.0,2,4430,0,1,220,0,0,0
CI,0, ,0.0,189.0,0,0,0,0,0,0,0,0
AF,D161K,30.127444,109.677983,1,DYK,143.3,16.0,189.0,2,6890,0,0,0,0,0,0
CF,IGPAR,29.490000,110.141111,0,ENH,152.5,55.6,153.0,46.0,0,0,0,0,0,0,0,0

SID,IGP09D,01,5
CF,ES411,30.375278,109.504167,0,ENH,317.7,7.1,22.0,3.0,2,2630,0,0,0,0,0,0
TF,ES412,30.440556,109.555000,0, ,0.0,0.0,0.0,0.0,2,4270,0,0,0,0,0,0
TF,ES413,30.434722,109.638056,0, ,0.0,0.0,0.0,0.0,2,5910,0,1,205,0,0,0
TF,ES421,30.292778,109.600278,0, ,0.0,0.0,0.0,0.0,0,0,0,0,0,0,0,0
TF,IGPAR,29.490000,110.141111,0, ,0.0,0.0,0.0,0.0,0,0,0,0,0,0,0,0

SID,IGP11D,01,2
CF,D030B,30.361411,109.498733,0,DYK,30.8,1.9,22.0,2.0,0,0,0,1,205,0,0,0
TF,D030G,30.436025,109.542058,0, ,0.0,0.0,0.0,0.0,2,3940,0,0,0,0,0,1
CF,D021E,30.363161,109.628456,2,ENH,21.0,4.5,201.0,3.0,2,4930,0,0,0,0,0,0
TF,ENH,30.291667,109.601667,0, ,0.0,0.0,0.0,0.0,0,0,0,0,0,0,0,0
TF,IGPAR,29.490000,110.141111,0, ,0.0,0.0,0.0,0.0,0,0,0,0,0,0,0,0

SID,IGP19D,19,5
CA,0,192.0,2,4430,0,0,0,0,0,0
DF,ES513,30.085278,109.748333,1, ,0.0,0.0,2,7880,0,1,205,0,0,0
TF,IGPAR,29.490000,110.141111,0, ,0.0,0.0,0.0,0.0,0,0,0,0,0,0,0,0

SID,OLP01D,19,2
CF,D189E,30.250192,109.472364,0,DYK,188.6,5.0,192.0,4.0,0,0,0,0,0,0,0,0
CD, ,0,0,0,DYK,0,0.0,189.0,13.0,2,4430,0,1,220,0,0,0
CF,D194F,30.193267,109.579647,1,ENH,194.0,6.0,14.0,7.0,0,0,0,0,0,0,0,0
TF,ENH,30.291667,109.601667,0, ,0.0,0.0,0.0,0.0,0,0,0,0,0,0,0,0
TF,IDNUS,30.396389,109.656667,0, ,0.0,0.0,0.0,0.0,0,0,0,0,0,0,0,0
TF,OLPOV,30.624167,111.268056,0, ,0.0,0.0,0.0,0.0,0,0,0,0,0,0,0,0

SID,OLP09D,01,5
CF,ES411,30.375278,109.504167,0,ENH,317.7,7.1,22.0,3.0,2,2630,0,0,0,0,0,0
TF,ES412,30.440556,109.555000,0, ,0.0,0.0,0.0,0.0,2,4270,0,0,0,0,0,0
TF,ES413,30.434722,109.638056,0, ,0.0,0.0,0.0,0.0,2,5910,0,1,205,0,0,0
TF,ES414,30.427833,109.870583,0, ,0.0,0.0,0.0,0.0,2,7880,0,0,0,0,0,0
TF,OLPOV,30.624167,111.268056,0, ,0.0,0.0,0.0,0.0,0,0,0,0,0,0,0,0

SID,OLP11D,01,2
CF,D030B,30.361411,109.498733,0,DYK,30.8,1.9,22.0,2.0,0,0,0,1,205,0,0,0
TF,D030G,30.436025,109.542058,0, ,0.0,0.0,0.0,0.0,2,3940,0,0,0,0,0,1
CF,D052K,30.409942,109.758767,0,ENH,52.0,10.8,114.0,11.0,2,7880,0,0,0,0,0,0
TF,OLPOV,30.624167,111.268056,0, ,0.0,0.0,0.0,0.0,0,0,0,0,0,0,0,0

SID,OLP19D,19,5
CA,0,192.0,2,4430,0,0,0,0,0,0
DF,ES421,30.292778,109.600278,1, ,0.0,0.0,0,0,0,1,205,0,0,0
TF,IDNUS,30.396389,109.656667,0, ,0.0,0.0,0.0,0.0,0,0,0,0,0,0,0,0
TF,OLPOV,30.624167,111.268056,0, ,0.0,0.0,0.0,0.0,0,0,0,0,0,0,0,0

SID,SOS01D,19,2
CF,D189E,30.250192,109.472364,0,DYK,188.6,5.0,192.0,4.0,0,0,0,0,0,0,0,0
CD, ,0,0,0,DYK,0,0.0,189.0,13.0,2,4430,0,1,220,0,0,0
CF,D194F,30.193267,109.579647,1,ENH,194.0,6.0,14.0,7.0,0,0,0,0,0,0,0,0
TF,ENH,30.291667,109.601667,0, ,0.0,0.0,0.0,0.0,0,0,0,0,0,0,0,0
TF,D008U,30.643333,109.631667,0, ,0.0,0.0,0.0,0.0,2,10830,0,0,0,0,0,0
TF,SOSNU,30.821667,109.648333,0, ,0.0,0.0,0.0,0.0,0,0,0,0,0,0,0,0

SID,SOS09D,01,5
CF,ES411,30.375278,109.504167,0,ENH,317.7,7.1,22.0,3.0,2,2630,0,0,0,0,0,0
TF,ES412,30.440556,109.555000,0, ,0.0,0.0,0.0,0.0,2,4270,0,1,205,0,0,0
TF,ES416,30.525000,109.621111,0, ,0.0,0.0,0.0,0.0,2,6890,0,0,0,0,0,0
TF,SOSNU,30.821667,109.648333,0, ,0.0,0.0,0.0,0.0,0,0,0,0,0,0,0,0

SID,SOS11D,01,2
CF,D030B,30.361411,109.498733,0,DYK,30.8,1.9,22.0,2.0,0,0,0,1,205,0,0,0
TF,D030G,30.436025,109.542058,0, ,0.0,0.0,0.0,0.0,2,3940,0,0,0,0,0,0
TF,D030P,30.576667,109.625000,0, ,0.0,0.0,0.0,0.0,2,6890,0,0,0,0,0,0
TF,D008Y,30.708333,109.638333,0, ,0.0,0.0,0.0,0.0,2,10830,0,0,0,0,0,0
TF,SOSNU,30.821667,109.648333,0, ,0.0,0.0,0.0,0.0,0,0,0,0,0,0,0,0

SID,SOS19D,19,5
CA,0,192.0,2,4430,0,0,0,0,0,0
DF,ES421,30.292778,109.600278,1, ,0.0,0.0,0,0,0,1,205,0,0,0
TF,SOSNU,30.821667,109.648333,0, ,0.0,0.0,0.0,0.0,0,0,0,0,0,0,0,0

SID,TEP01D,19,2
CF,D189E,30.250192,109.472364,0,DYK,188.6,5.0,192.0,4.0,0,0,0,0,0,0,0,0
CD, ,0,0,0,DYK,0,0.0,189.0,13.0,2,4430,0,1,220,0,0,0
CF,D194F,30.193267,109.579647,1,ENH,194.0,6.0,14.0,7.0,0,0,0,0,0,0,0,1
VI,1, ,0.0,277.0,0,0,0,0,0,0,0,0
CF,TEPOT,30.029167,108.966944,0,ENH,247.7,36.6,247.0,29.0,0,0,0,0,0,0,0,0

SID,TEP09D,01,5
CF,ES411,30.375278,109.504167,0,ENH,317.7,7.1,22.0,3.0,2,2630,0,0,0,0,0,0
TF,ES412,30.440556,109.555000,0, ,0.0,0.0,0.0,0.0,2,4270,0,0,0,0,0,0
TF,ES413,30.434722,109.638056,0, ,0.0,0.0,0.0,0.0,2,5910,0,1,205,0,0,0
TF,ES421,30.292778,109.600278,0, ,0.0,0.0,0.0,0.0,0,0,0,0,0,0,0,0
TF,TEPOT,30.029167,108.966944,0, ,0.0,0.0,0.0,0.0,0,0,0,0,0,0,0,0

SID,TEP11D,01,2
CF,D030B,30.361411,109.498733,0,DYK,30.8,1.9,22.0,2.0,0,0,0,1,205,0,0,0
TF,D030G,30.436025,109.542058,0, ,0.0,0.0,0.0,0.0,2,3940,0,0,0,0,0,1
CF,D021E,30.363161,109.628456,2,ENH,21.0,4.5,201.0,3.0,2,4930,0,0,0,0,0,0
TF,ENH,30.291667,109.601667,0, ,0.0,0.0,0.0,0.0,0,0,0,0,0,0,0,0
TF,TEPOT,30.029167,108.966944,0, ,0.0,0.0,0.0,0.0,0,0,0,0,0,0,0,0

SID,TEP19D,19,5
CF,ES511,30.170278,109.457778,0,ENH,228.9,10.4,192.0,9.0,2,4270,0,1,205,0,0,0
TF,ES423,30.105222,109.230500,0, ,0.0,0.0,0.0,0.0,0,0,0,0,0,0,0,0
TF,TEPOT,30.029167,108.966944,0, ,0.0,0.0,0.0,0.0,0,0,0,0,0,0,0,0

STAR,ATS01A,01,2
IF,ATSUD,30.454167,111.357222, ,0.0,0.0,0,0,0,0,0,0,0,0
TF,POVUN,30.230556,109.808889,0, ,0.0,0.0,0.0,0.0,0,0,0,0,0,0,0,0
TF,ENH,30.291667,109.601667,0, ,0.0,0.0,0.0,0.0,2,8860,0,1,205,0,0,0

STAR,ATS09A,01,5
IF,ATSUD,30.454167,111.357222, ,0.0,0.0,0,0,0,0,0,0,0,0
TF,ES424,30.245306,109.907028,0, ,0.0,0.0,0.0,0.0,0,0,0,0,0,0,0,0
TF,ES421,30.292778,109.600278,0, ,0.0,0.0,0.0,0.0,2,8860,0,0,0,0,0,0
TF,ES404,30.086667,109.562500,1, ,0.0,0.0,0.0,0.0,2,5910,0,1,205,0,0,0

STAR,ATS11A,01,5
IF,ATSUD,30.454167,111.357222, ,0.0,0.0,0,0,0,0,0,0,0,0
TF,ES424,30.245306,109.907028,0, ,0.0,0.0,0.0,0.0,0,0,0,0,0,0,0,0
TF,ES408,30.058056,109.767778,0, ,0.0,0.0,0.0,0.0,2,8860,0,0,0,0,0,0
TF,ES406,30.075556,109.641944,0, ,0.0,0.0,0.0,0.0,2,7880,0,0,0,0,0,0
TF,ES404,30.086667,109.562500,0, ,0.0,0.0,0.0,0.0,2,5910,0,1,205,0,0,0

STAR,ATS12A,19,2
IF,ATSUD,30.454167,111.357222, ,0.0,0.0,0,0,0,0,0,0,0,0
TF,D110T,30.236667,109.850000,0, ,0.0,0.0,0.0,0.0,0,0,0,0,0,0,0,0
TF,POVUN,30.230556,109.808889,0, ,0.0,0.0,0.0,0.0,0,0,0,0,0,0,0,0
TF,ENH,30.291667,109.601667,0, ,0.0,0.0,0.0,0.0,2,8860,0,1,205,0,0,0

STAR,ATS13A,19,2
IF,ATSUD,30.454167,111.357222, ,0.0,0.0,0,0,0,0,0,0,0,0
TF,D110T,30.236667,109.850000,0, ,0.0,0.0,0.0,0.0,2,8860,0,1,205,0,0,0

STAR,DAK01A,01,2
IF,DAKOR,29.508333,109.630000, ,0.0,0.0,0,0,0,0,0,0,0,0
TF,D181R,29.988333,109.615000,0, ,0.0,0.0,0.0,0.0,2,8860,0,0,0,0,0,0
TF,D181M,30.081667,109.608333,0, ,0.0,0.0,0.0,0.0,0,0,0,0,0,0,0,0
TF,ENH,30.291667,109.601667,0, ,0.0,0.0,0.0,0.0,2,8860,0,1,205,0,0,0

STAR,DAK02A,01,2
IF,DAKOR,29.508333,109.630000, ,0.0,0.0,0,0,0,0,0,0,0,0
TF,D181R,29.988333,109.615000,0, ,0.0,0.0,0.0,0.0,0,0,0,0,0,0,0,0
TF,D181M,30.081667,109.608333,0, ,0.0,0.0,0.0,0.0,2,6890,0,1,205,0,0,0

STAR,DAK09A,01,5
IF,DAKOR,29.508333,109.630000, ,0.0,0.0,0,0,0,0,0,0,0,0
TF,ES419,29.960000,109.613333,0, ,0.0,0.0,0.0,0.0,2,8860,0,0,0,0,0,0
TF,ES407,30.023056,109.610833,0, ,0.0,0.0,0.0,0.0,2,7880,0,1,205,0,0,0

STAR,DAK11A,19,2
IF,DAKOR,29.508333,109.630000, ,0.0,0.0,0,0,0,0,0,0,0,0
TF,ENH,30.291667,109.601667,0, ,0.0,0.0,0.0,0.0,2,8860,0,1,205,0,0,0

STAR,IGP01A,01,2
IF,IGPAR,29.490000,110.141111, ,0.0,0.0,0,0,0,0,0,0,0,0
TF,D153J,30.145000,109.700000,0, ,0.0,0.0,0.0,0.0,0,0,0,0,0,0,0,0
TF,ENH,30.291667,109.601667,0, ,0.0,0.0,0.0,0.0,2,8860,0,1,205,0,0,0

STAR,IGP02A,01,2
IF,IGPAR,29.490000,110.141111, ,0.0,0.0,0,0,0,0,0,0,0,0
TF,D153J,30.145000,109.700000,0, ,0.0,0.0,0.0,0.0,2,8860,0,1,205,0,0,0

STAR,IGP09A,01,5
IF,IGPAR,29.490000,110.141111, ,0.0,0.0,0,0,0,0,0,0,0,0
TF,ES408,30.058056,109.767778,0, ,0.0,0.0,0.0,0.0,2,8860,0,0,0,0,0,0
TF,ES406,30.075556,109.641944,0, ,0.0,0.0,0.0,0.0,2,7880,0,0,0,0,0,0
TF,ES404,30.086667,109.562500,0, ,0.0,0.0,0.0,0.0,2,5910,0,1,205,0,0,0

STAR,IGP11A,19,2
IF,IGPAR,29.490000,110.141111, ,0.0,0.0,0,0,0,0,0,0,0,0
TF,ENH,30.291667,109.601667,0, ,0.0,0.0,0.0,0.0,2,8860,0,1,205,0,0,0

STAR,KIG01A,01,2
IF,KIGUM,30.223056,108.927222, ,0.0,0.0,0,0,0,0,0,0,0,0
TF,ENH,30.291667,109.601667,0, ,0.0,0.0,0.0,0.0,2,8860,0,1,205,0,0,0

STAR,KIG09A,01,5
IF,KIGUM,30.223056,108.927222, ,0.0,0.0,0,0,0,0,0,0,0,0
TF,ES409,30.163889,109.102778,0, ,0.0,0.0,0.0,0.0,2,8860,0,0,0,0,0,0
TF,ES403,30.116667,109.343333,0, ,0.0,0.0,0.0,0.0,2,6890,0,1,205,0,0,0

STAR,KIG11A,19,2
IF,KIGUM,30.223056,108.927222, ,0.0,0.0,0,0,0,0,0,0,0,0
TF,ENH,30.291667,109.601667,0, ,0.0,0.0,0.0,0.0,2,8860,0,1,205,0,0,0

STAR,SOS01A,01,2
IF,SOSNU,30.821667,109.648333, ,0.0,0.0,0,0,0,0,0,0,0,0
TF,D008T,30.625000,109.630000,0, ,0.0,0.0,0.0,0.0,2,11800,0,0,0,0,0,0
TF,ENH,30.291667,109.601667,0, ,0.0,0.0,0.0,0.0,2,8860,0,1,205,0,0,0

STAR,SOS09A,01,5
IF,SOSNU,30.821667,109.648333, ,0.0,0.0,0,0,0,0,0,0,0,0
TF,ES421,30.292778,109.600278,0, ,0.0,0.0,0.0,0.0,2,8860,0,0,0,0,0,0
TF,ES404,30.086667,109.562500,0, ,0.0,0.0,0.0,0.0,2,5910,0,1,205,0,0,0

STAR,SOS11A,19,2
IF,SOSNU,30.821667,109.648333, ,0.0,0.0,0,0,0,0,0,0,0,0
TF,D008T,30.625000,109.630000,0, ,0.0,0.0,0.0,0.0,0,0,0,0,0,0,0,0
TF,ENH,30.291667,109.601667,0, ,0.0,0.0,0.0,0.0,2,8860,0,1,205,0,0,0

APPTR,D01,01,D153J
IF,D153J,30.145000,109.700000, ,0.0,0.0,2,8860,0,1,205,0,1,0
CI,0, ,0.0,317.0,0,0,0,0,0,0,0,0
AF,D165N,30.110861,109.564797,2,DYK,165.0,14.0,137.0,0,0,0,0,0,0,0,0
AF,CD01,30.099761,109.467586,2,DYK,186.0,14.0,165.0,2,5250,0,0,0,0,1,0

APPTR,D01,01,D181M
IF,D181M,30.081667,109.608333, ,0.0,0.0,2,6890,0,1,205,0,1,0
CI,0, ,0.0,339.0,0,0,0,0,0,0,0,0
AF,D165N,30.110861,109.564797,2,DYK,165.0,14.0,159.0,0,0,0,0,0,0,0,0
AF,CD01,30.099761,109.467586,2,DYK,186.0,14.0,165.0,2,5250,0,0,0,0,1,0

APPTR,D01,01,ENH
IF,ENH,30.291667,109.601667, ,0.0,0.0,2,8860,0,1,205,0,1,0
FD,ENH,30.291667,109.601667,0,ENH,0.0,11.0,202.0,11.0,2,5250,0,0,0,0,0,0
CF,CD01,30.099761,109.467586,2,DYK,186.0,14.0,6.0,2.0,2,5250,0,0,0,0,1,0

FINAL,D01,01,D,4
IF,CD01,30.099761,109.467586,DYK,186.0,14.0,2,5250,0,0,0,0,0,0
CF,FD01,30.183181,109.472608,0,DYK,186.0,9.0,6.0,5.0,2,4270,0,0,0,0,2,0
CF,54VOR,30.243242,109.476228,0,DYK,186.0,5.4,6.0,3.6,2,2960,0,0,0,0,0,0
CF,MD01,30.291622,109.479147,0,DYK,186.0,2.5,6.0,2.9,1,2087,0,0,0,0,3,0
CF,DYK,30.333333,109.481667,0,DYK,0.0,0.0,6.0,2.5,0,0,0,0,0,0,0,0
FD,DYK,30.333333,109.481667,0,DYK,0.0,5.3,30.0,5.3,2,3610,0,0,0,0,0,0
DF,ENH,30.291667,109.601667,2, ,0.0,0.0,1,8860,0,0,0,0,0,0

APPTR,D19,19,D110T
IF,D110T,30.236667,109.850000, ,0.0,0.0,2,8860,0,1,205,0,1,0
CI,0, ,0.0,290.0,0,0,0,0,0,0,0,0
AF,CD19,30.588511,109.625567,1,DYK,29.0,17.0,110.0,2,6890,0,0,0,0,1,0

APPTR,D19,19,ENH
IF,ENH,30.291667,109.601667, ,0.0,0.0,2,8860,0,1,205,0,1,0
FD,ENH,30.291667,109.601667,0,ENH,0.0,15.5,17.0,15.5,2,6890,0,0,0,0,0,0
CF,CD19,30.588511,109.625567,1,DYK,29.0,17.0,209.0,2.0,2,6890,0,0,0,0,1,0

FINAL,D19,19,D,4
IF,CD19,30.588511,109.625567,DYK,29.0,17.0,2,6890,0,0,0,0,0,0
CF,FD19,30.471450,109.559447,0,DYK,29.0,9.2,209.0,7.8,2,5090,0,0,0,0,2,0
CF,52VOR,30.411406,109.525603,0,DYK,29.0,5.2,209.0,4.0,2,3610,0,0,0,0,0,0
CF,MD19,30.346844,109.489264,0,DYK,29.0,0.9,209.0,4.3,1,1994,0,0,0,0,3,0
CF,DYK,30.333333,109.481667,0,DYK,0.0,0.0,209.0,0.9,0,0,0,0,0,0,0,0
FA,DYK,30.333333,109.481667,0,DYK,0.0,0.0,189.0,2,4430,0,0,0,0,0,0
DF,ENH,30.291667,109.601667,1, ,0.0,0.0,1,8860,0,0,0,0,0,0

APPTR,I01-Y,01,ES403
IF,ES403,30.116667,109.343333, ,0.0,0.0,2,6890,0,1,205,0,1,0
TF,ES402,30.102778,109.445556,0, ,0.0,0.0,0.0,0.0,2,5250,0,0,0,0,1,0
TF,CI01,30.173794,109.458803,0,IGG,0.0,0.0,0.0,0.0,2,3940,0,0,0,0,0,0

APPTR,I01-Y,01,ES404
IF,ES404,30.086667,109.562500, ,0.0,0.0,2,5910,0,1,205,0,1,0
TF,ES402,30.102778,109.445556,0, ,0.0,0.0,0.0,0.0,2,5250,0,0,0,0,1,0
TF,CI01,30.173794,109.458803,0,IGG,0.0,0.0,0.0,0.0,2,3940,0,0,0,0,0,0

APPTR,I01-Y,01,ES407
IF,ES407,30.023056,109.610833, ,0.0,0.0,2,7880,0,1,205,0,1,0
TF,ES402,30.102778,109.445556,0, ,0.0,0.0,0.0,0.0,2,5250,0,0,0,0,1,0
TF,CI01,30.173794,109.458803,0,IGG,0.0,0.0,0.0,0.0,2,3940,0,0,0,0,0,0

FINAL,I01-Y,01,I,3
IF,CI01,30.173794,109.458803,IGG,191.9,9.8,2,3940,0,0,0,0,0,0
CF,FI01,30.218364,109.466806,0,IGG,191.9,7.1,12.0,2.7,1,3610,0,0,0,0,2,0
CF,RW01,30.311528,109.483556,0,IGG,191.9,1.4,12.0,5.6,1,1676,0,0,0,0,3,0
CA,0,12.0,2,2470,0,0,0,0,0,0
CF,ES417,30.445556,109.553611,0,DYK,32.1,7.7,32.0,7.2,2,4270,0,0,0,0,0,1
DF,ES421,30.292778,109.600278,2, ,0.0,0.0,2,8860,0,1,205,0,0,0
HM,ES421,30.292778,109.600278,1, ,0.0,0.0,192.0,04.3,2,8860,0,1,230,0,0,0,0

APPTR,I01-Z,01,D153J
IF,D153J,30.145000,109.700000, ,0.0,0.0,2,8860,0,1,205,0,1,0
CI,0, ,0.0,318.0,0,0,0,0,0,0,0,0
AF,D165N,30.110861,109.564797,2,DYK,165.0,14.0,138.0,2,6890,0,0,0,0,0,0
AF,D192N,30.102314,109.439583,2,DYK,192.0,14.0,165.0,2,5250,0,0,0,0,1,0
CF,CI01,30.173794,109.458803,0,IGG,191.9,9.8,12.0,4.4,2,3940,0,0,0,0,0,0

APPTR,I01-Z,01,D181M
IF,D181M,30.081667,109.608333, ,0.0,0.0,2,6890,0,1,205,0,1,0
CI,0, ,0.0,339.0,0,0,0,0,0,0,0,0
AF,D165N,30.110861,109.564797,2,DYK,165.0,14.0,159.0,2,6890,0,0,0,0,0,0
AF,D192N,30.102314,109.439583,2,DYK,192.0,14.0,165.0,2,5250,0,0,0,0,1,0
CF,CI01,30.173794,109.458803,0,IGG,191.9,9.8,12.0,4.4,2,3940,0,0,0,0,0,0

APPTR,I01-Z,01,ENH
IF,ENH,30.291667,109.601667, ,0.0,0.0,2,8860,0,1,205,0,1,0
FD,ENH,30.291667,109.601667,0,ENH,0.0,11.6,207.0,11.6,2,5250,0,0,0,0,0,0
CI,2, ,0.0,342.0,0,0,0,0,0,0,0,0
CF,CI01,30.173794,109.458803,0,IGG,191.9,9.8,12.0,4.0,2,3940,0,0,0,0,0,0

FINAL,I01-Z,01,I,3
IF,CI01,30.173794,109.458803,IGG,191.9,9.8,2,3940,0,0,0,0,0,0
CF,FI01,30.218364,109.466806,0,IGG,191.9,7.1,12.0,2.7,1,3610,0,0,0,0,2,0
CF,RW01,30.311528,109.483556,0,IGG,191.9,1.4,12.0,5.6,1,1676,0,0,0,0,3,0
CI,0, ,0.0,12.0,0,0,0,0,0,0,0,0
CF,D030E,30.412217,109.528044,0,DYK,30.0,5.3,30.0,4.7,2,3610,0,0,0,0,0,1
DF,ENH,30.291667,109.601667,2, ,0.0,0.0,1,8860,0,0,0,0,0,0

