SID,KAGU16,08,2
DF,DER08,18.304994,109.428214,0, ,0.0,0.0,0,0,0,0,0,0,0,1
CA,0,84.0,2,1970,0,0,0,0,0,0
DF,VEGDO,18.190833,109.284167,2, ,0.0,0.0,0,0,0,1,205,0,0,0
TF,D182O,18.065719,109.170144,0, ,0.0,0.0,0.0,0.0,0,0,0,0,0,0,0,0
TF,AGEGI,17.912194,109.164722,0, ,0.0,0.0,0.0,0.0,0,0,0,0,0,0,0,0
TF,KAGUK,17.669722,109.165000,0, ,0.0,0.0,0.0,0.0,0,0,0,0,0,0,0,0

SID,KAGU1N,08,5
DF,DER08,18.304994,109.428214,0, ,0.0,0.0,0,0,0,0,0,0,0,1
CA,0,84.0,2,2960,0,0,0,0,0,0
DF,VEGDO,18.190833,109.284167,2, ,0.0,0.0,0,0,0,1,230,0,0,0
TF,SY604,18.064444,109.167639,0, ,0.0,0.0,0.0,0.0,0,0,0,0,0,0,0,0
TF,AGEGI,17.912194,109.164722,0, ,0.0,0.0,0.0,0.0,0,0,0,0,0,0,0,0
TF,KAGUK,17.669722,109.165000,0, ,0.0,0.0,0.0,0.0,0,0,0,0,0,0,0,0

SID,KAGU28,08,2
DF,DER08,18.304994,109.428214,0, ,0.0,0.0,0,0,0,0,0,0,0,1
CA,0,84.0,2,2960,0,0,0,0,0,0
DF,K,18.299219,109.384328,1, ,0.0,0.0,2,3940,0,1,205,0,0,0
TF,VEGDO,18.190833,109.284167,0, ,0.0,0.0,0.0,0.0,0,0,0,0,0,0,0,0
TF,D182O,18.065719,109.170144,0, ,0.0,0.0,0.0,0.0,0,0,0,0,0,0,0,0
TF,AGEGI,17.912194,109.164722,0, ,0.0,0.0,0.0,0.0,0,0,0,0,0,0,0,0
TF,KAGUK,17.669722,109.165000,0, ,0.0,0.0,0.0,0.0,0,0,0,0,0,0,0,0

SID,KAGU2Q,08,5
DF,DER08,18.304994,109.428214,0, ,0.0,0.0,0,0,0,0,0,0,0,1
CA,0,84.0,2,990,0,0,0,0,0,0
DF,VEGDO,18.190833,109.284167,2, ,0.0,0.0,0,0,0,1,205,0,0,0
TF,SY604,18.064444,109.167639,0, ,0.0,0.0,0.0,0.0,0,0,0,0,0,0,0,0
TF,AGEGI,17.912194,109.164722,0, ,0.0,0.0,0.0,0.0,0,0,0,0,0,0,0,0
TF,KAGUK,17.669722,109.165000,0, ,0.0,0.0,0.0,0.0,0,0,0,0,0,0,0,0

SID,KAGU34,08,2
DF,DER08,18.304994,109.428214,0, ,0.0,0.0,0,0,0,0,0,0,0,1
CA,0,84.0,2,990,0,0,0,0,0,0
DF,VEGDO,18.190833,109.284167,2, ,0.0,0.0,0,0,0,1,205,0,0,0
TF,D182O,18.065719,109.170144,0, ,0.0,0.0,0.0,0.0,0,0,0,0,0,0,0,0
TF,AGEGI,17.912194,109.164722,0, ,0.0,0.0,0.0,0.0,0,0,0,0,0,0,0,0
TF,KAGUK,17.669722,109.165000,0, ,0.0,0.0,0.0,0.0,0,0,0,0,0,0,0,0

SID,KAGU92,26,2
DF,DER26,18.300833,109.396339,0, ,0.0,0.0,0,0,0,0,0,0,0,1
CI,0, ,0.0,249.0,0,0,0,0,0,0,0,0
CF,AGEGI,17.912194,109.164722,0,SYX,183.2,23.8,182.0,19.0,0,0,0,1,205,0,0,0
TF,KAGUK,17.669722,109.165000,0, ,0.0,0.0,0.0,0.0,0,0,0,0,0,0,0,0

SID,KAGU9Z,26,5
DF,DER26,18.300833,109.396339,0, ,0.0,0.0,0,0,0,0,0,0,0,1
CF,SY706,18.208972,109.170139,0,SYX,183.7,6.0,249.0,14.0,0,0,0,1,230,0,0,0
TF,AGEGI,17.912194,109.164722,0, ,0.0,0.0,0.0,0.0,0,0,0,0,0,0,0,0
TF,KAGUK,17.669722,109.165000,0, ,0.0,0.0,0.0,0.0,0,0,0,0,0,0,0,0

SID,PORA16,08,2
DF,DER08,18.304994,109.428214,0, ,0.0,0.0,0,0,0,0,0,0,0,1
CA,0,84.0,2,1970,0,0,0,0,0,0
DF,K,18.299219,109.384328,2, ,0.0,0.0,2,3940,0,1,205,0,0,0
TF,DOSTA,18.490000,109.613889,0, ,0.0,0.0,0.0,0.0,0,0,0,0,0,0,0,0
TF,PORAP,19.250000,109.979167,0, ,0.0,0.0,0.0,0.0,0,0,0,0,0,0,0,0

SID,PORA1N,08,5
DF,DER08,18.304994,109.428214,0, ,0.0,0.0,0,0,0,0,0,0,0,1
CA,0,84.0,2,2960,0,0,0,0,0,0
DF,DOSTA,18.490000,109.613889,1, ,0.0,0.0,0,0,0,1,230,0,0,0
TF,SY802,18.758333,109.742472,0, ,0.0,0.0,0.0,0.0,0,0,0,0,0,0,0,0
TF,PORAP,19.250000,109.979167,0, ,0.0,0.0,0.0,0.0,0,0,0,0,0,0,0,0

SID,PORA28,08,2
DF,DER08,18.304994,109.428214,0, ,0.0,0.0,0,0,0,0,0,0,0,1
CA,0,84.0,2,2960,0,0,0,0,0,0
DF,DOSTA,18.490000,109.613889,0, ,0.0,0.0,0,0,0,1,205,0,0,0
TF,PORAP,19.250000,109.979167,0, ,0.0,0.0,0.0,0.0,0,0,0,0,0,0,0,0

SID,PORA2Q,08,5
DF,DER08,18.304994,109.428214,0, ,0.0,0.0,0,0,0,0,0,0,0,1
CA,0,84.0,2,2960,0,0,0,0,0,0
DF,K,18.299219,109.384328,2, ,0.0,0.0,2,3940,0,1,230,0,0,0
TF,DOSTA,18.490000,109.613889,2, ,0.0,0.0,0.0,0.0,0,0,0,0,0,0,0,0
TF,SY802,18.758333,109.742472,0, ,0.0,0.0,0.0,0.0,0,0,0,0,0,0,0,0
TF,PORAP,19.250000,109.979167,0, ,0.0,0.0,0.0,0.0,0,0,0,0,0,0,0,0

SID,PORA34,08,2
DF,DER08,18.304994,109.428214,0, ,0.0,0.0,0,0,0,0,0,0,0,1
CA,0,84.0,2,990,0,0,0,0,0,0
DF,K,18.299219,109.384328,2, ,0.0,0.0,2,3940,0,1,205,0,0,0
TF,DOSTA,18.490000,109.613889,0, ,0.0,0.0,0.0,0.0,0,0,0,0,0,0,0,0
TF,PORAP,19.250000,109.979167,0, ,0.0,0.0,0.0,0.0,0,0,0,0,0,0,0,0

SID,PORA7X,26,5
DF,DER26,18.300833,109.396339,0, ,0.0,0.0,0,0,0,0,0,0,0,1
CF,SY704,18.276333,109.335250,0,SYX,104.3,9.5,249.0,4.0,2,990,0,0,0,0,0,1
DF,SY709,18.220028,109.475833,1, ,0.0,0.0,2,3940,0,1,205,0,0,0
TF,DOSTA,18.490000,109.613889,0, ,0.0,0.0,0.0,0.0,0,0,0,0,0,0,0,0
TF,SY802,18.758333,109.742472,0, ,0.0,0.0,0.0,0.0,0,0,0,0,0,0,0,0
TF,PORAP,19.250000,109.979167,0, ,0.0,0.0,0.0,0.0,0,0,0,0,0,0,0,0

SID,PORA86,26,2
DF,DER26,18.300833,109.396339,0, ,0.0,0.0,0,0,0,0,0,0,0,1
CD, ,0,0,0,HUT,0,0.0,249.0,6.2,2,990,0,0,0,0,0,0
DF,HUT,18.306458,109.439133,1, ,0.0,0.0,2,3940,0,1,205,0,0,0
TF,DOSTA,18.490000,109.613889,0, ,0.0,0.0,0.0,0.0,0,0,0,0,0,0,0,0
TF,PORAP,19.250000,109.979167,0, ,0.0,0.0,0.0,0.0,0,0,0,0,0,0,0,0

SID,PORA8Y,26,5
DF,DER26,18.300833,109.396339,0, ,0.0,0.0,0,0,0,0,0,0,0,1
CF,SY705,18.232972,109.227222,0,SYX,148.2,5.5,249.0,11.0,2,2630,0,0,0,0,0,1
DF,SY709,18.220028,109.475833,1, ,0.0,0.0,2,8860,0,1,230,0,0,0
TF,DOSTA,18.490000,109.613889,0, ,0.0,0.0,0.0,0.0,0,0,0,0,0,0,0,0
TF,SY802,18.758333,109.742472,0, ,0.0,0.0,0.0,0.0,0,0,0,0,0,0,0,0
TF,PORAP,19.250000,109.979167,0, ,0.0,0.0,0.0,0.0,0,0,0,0,0,0,0,0

SID,PORA92,26,2
DF,DER26,18.300833,109.396339,0, ,0.0,0.0,0,0,0,0,0,0,0,1
CA,0,249.0,2,2630,0,0,0,0,0,0
VI,2, ,0.0,24.0,0,0,0,0,0,0,0,0
CF,DOSTA,18.490000,109.613889,0,SYX,68.8,27.3,69.0,22.0,0,0,0,1,205,0,0,0
TF,PORAP,19.250000,109.979167,0, ,0.0,0.0,0.0,0.0,0,0,0,0,0,0,0,0

SID,PORA9Z,26,5
DF,DER26,18.300833,109.396339,0, ,0.0,0.0,0,0,0,0,0,0,0,1
CF,SY705,18.232972,109.227222,0,SYX,148.2,5.5,249.0,11.0,2,2630,0,0,0,0,0,1
DF,DOSTA,18.490000,109.613889,2, ,0.0,0.0,0,0,0,1,230,0,0,0
TF,SY802,18.758333,109.742472,0, ,0.0,0.0,0.0,0.0,0,0,0,0,0,0,0,0
TF,PORAP,19.250000,109.979167,0, ,0.0,0.0,0.0,0.0,0,0,0,0,0,0,0,0

SID,SAVN16,08,2
DF,DER08,18.304994,109.428214,0, ,0.0,0.0,0,0,0,0,0,0,0,1
CA,0,84.0,2,1970,0,0,0,0,0,0
DF,VEGDO,18.190833,109.284167,2, ,0.0,0.0,0,0,0,1,205,0,0,0
TF,ATALA,17.671667,109.288889,0, ,0.0,0.0,0.0,0.0,0,0,0,0,0,0,0,0
TF,SAVNO,17.491944,109.290278,0, ,0.0,0.0,0.0,0.0,0,0,0,0,0,0,0,0

SID,SAVN1N,08,5
DF,DER08,18.304994,109.428214,0, ,0.0,0.0,0,0,0,0,0,0,0,1
CA,0,84.0,2,2960,0,0,0,0,0,0
DF,VEGDO,18.190833,109.284167,2, ,0.0,0.0,0,0,0,1,230,0,0,0
TF,ATALA,17.671667,109.288889,0, ,0.0,0.0,0.0,0.0,0,0,0,0,0,0,0,0
TF,SAVNO,17.491944,109.290278,0, ,0.0,0.0,0.0,0.0,0,0,0,0,0,0,0,0

SID,SAVN28,08,2
DF,DER08,18.304994,109.428214,0, ,0.0,0.0,0,0,0,0,0,0,0,1
CA,0,84.0,2,2960,0,0,0,0,0,0
DF,K,18.299219,109.384328,1, ,0.0,0.0,2,3940,0,1,205,0,0,0
TF,VEGDO,18.190833,109.284167,0, ,0.0,0.0,0.0,0.0,0,0,0,0,0,0,0,0
TF,ATALA,17.671667,109.288889,0, ,0.0,0.0,0.0,0.0,0,0,0,0,0,0,0,0
TF,SAVNO,17.491944,109.290278,0, ,0.0,0.0,0.0,0.0,0,0,0,0,0,0,0,0

SID,SAVN2Q,08,5
DF,DER08,18.304994,109.428214,0, ,0.0,0.0,0,0,0,0,0,0,0,1
CA,0,84.0,2,990,0,0,0,0,0,0
DF,VEGDO,18.190833,109.284167,2, ,0.0,0.0,0,0,0,1,205,0,0,0
TF,ATALA,17.671667,109.288889,0, ,0.0,0.0,0.0,0.0,0,0,0,0,0,0,0,0
TF,SAVNO,17.491944,109.290278,0, ,0.0,0.0,0.0,0.0,0,0,0,0,0,0,0,0

SID,SAVN34,08,2
DF,DER08,18.304994,109.428214,0, ,0.0,0.0,0,0,0,0,0,0,0,1
CA,0,84.0,2,990,0,0,0,0,0,0
DF,VEGDO,18.190833,109.284167,2, ,0.0,0.0,0,0,0,1,205,0,0,0
TF,ATALA,17.671667,109.288889,0, ,0.0,0.0,0.0,0.0,0,0,0,0,0,0,0,0
TF,SAVNO,17.491944,109.290278,0, ,0.0,0.0,0.0,0.0,0,0,0,0,0,0,0,0

SID,SAVN92,26,2
DF,DER26,18.300833,109.396339,0, ,0.0,0.0,0,0,0,0,0,0,0,1
CA,0,249.0,2,2630,0,0,0,0,0,0
DF,D154N,18.106047,109.286914,0, ,0.0,0.0,2,3940,0,1,205,0,0,0
TF,ATALA,17.671667,109.288889,0, ,0.0,0.0,0.0,0.0,0,0,0,0,0,0,0,0
TF,SAVNO,17.491944,109.290278,0, ,0.0,0.0,0.0,0.0,0,0,0,0,0,0,0,0

SID,SAVN9Z,26,5
DF,DER26,18.300833,109.396339,0, ,0.0,0.0,0,0,0,0,0,0,0,1
CF,SY705,18.232972,109.227222,0,SYX,148.2,5.5,249.0,11.0,2,2630,0,0,0,0,0,1
DF,SY708,18.106528,109.284944,1, ,0.0,0.0,2,3940,0,1,230,0,0,0
TF,ATALA,17.671667,109.288889,0, ,0.0,0.0,0.0,0.0,0,0,0,0,0,0,0,0
TF,SAVNO,17.491944,109.290278,0, ,0.0,0.0,0.0,0.0,0,0,0,0,0,0,0,0

STAR,DABU17,08,2
IF,DABUB,19.519722,109.193333, ,0.0,0.0,0,0,0,0,0,0,0,0
TF,D351X,18.700803,109.359639,0, ,0.0,0.0,0.0,0.0,0,0,0,0,0,0,0,0
TF,D351M,18.524997,109.395125,0, ,0.0,0.0,0.0,0.0,2,7880,0,0,0,0,0,0
TF,D046H,18.400250,109.264650,0, ,0.0,0.0,0.0,0.0,2,4930,0,1,190,0,0,0

STAR,DABU1A,08,5
IF,DABUB,19.519722,109.193333, ,0.0,0.0,0,0,0,0,0,0,0,0
TF,WL,18.488333,109.403333,0, ,0.0,0.0,0.0,0.0,2,7880,0,0,0,0,0,0
TF,SY468,18.206889,109.374722,0, ,0.0,0.0,0.0,0.0,2,4930,0,0,0,0,0,0
TF,SY463,18.182694,109.190000,0, ,0.0,0.0,0.0,0.0,2,3940,0,1,220,0,0,0

STAR,DABU25,08,2
IF,DABUB,19.519722,109.193333, ,0.0,0.0,0,0,0,0,0,0,0,0
TF,D351X,18.700803,109.359639,0, ,0.0,0.0,0.0,0.0,0,0,0,0,0,0,0,0
TF,D351M,18.524997,109.395125,0, ,0.0,0.0,0.0,0.0,2,7880,0,0,0,0,0,0
TF,HUT,18.306458,109.439133,0, ,0.0,0.0,0.0,0.0,2,4930,0,1,190,0,0,0

STAR,DABU2C,08,5
IF,DABUB,19.519722,109.193333, ,0.0,0.0,0,0,0,0,0,0,0,0
TF,WL,18.488333,109.403333,0, ,0.0,0.0,0.0,0.0,2,7880,0,0,0,0,0,0
TF,SY497,18.385722,109.270389,0, ,0.0,0.0,0.0,0.0,2,4930,0,0,0,0,0,0
TF,SY498,18.371694,109.162889,0, ,0.0,0.0,0.0,0.0,2,3940,0,1,220,0,0,0

STAR,DABU3D,08,5
IF,DABUB,19.519722,109.193333, ,0.0,0.0,0,0,0,0,0,0,0,0
TF,WL,18.488333,109.403333,0, ,0.0,0.0,0.0,0.0,2,7880,0,0,0,0,0,0
TF,SY935,18.299278,109.384333,0, ,0.0,0.0,0.0,0.0,2,4930,0,1,220,0,0,0

STAR,DABU7H,26,5
IF,DABUB,19.519722,109.193333, ,0.0,0.0,0,0,0,0,0,0,0,0
TF,WL,18.488333,109.403333,0, ,0.0,0.0,0.0,0.0,2,7880,0,0,0,0,0,0
TF,SY935,18.299278,109.384333,0, ,0.0,0.0,0.0,0.0,2,4930,0,1,220,0,0,0

STAR,DABU8J,26,5
IF,DABUB,19.519722,109.193333, ,0.0,0.0,0,0,0,0,0,0,0,0
TF,WL,18.488333,109.403333,0, ,0.0,0.0,0.0,0.0,2,7880,0,0,0,0,0,0
TF,SY468,18.206889,109.374722,0, ,0.0,0.0,0.0,0.0,2,4930,0,0,0,0,0,0
TF,SY501,18.245278,109.670556,1, ,0.0,0.0,0.0,0.0,2,3940,0,1,220,0,0,0

STAR,DABU91,26,2
IF,DABUB,19.519722,109.193333, ,0.0,0.0,0,0,0,0,0,0,0,0
TF,D351X,18.700803,109.359639,0, ,0.0,0.0,0.0,0.0,0,0,0,0,0,0,0,0
TF,D351M,18.524997,109.395125,0, ,0.0,0.0,0.0,0.0,2,7880,0,0,0,0,0,0
TF,HUT,18.306458,109.439133,0, ,0.0,0.0,0.0,0.0,2,4930,0,1,190,0,0,0

STAR,DABU9K,26,5
IF,DABUB,19.519722,109.193333, ,0.0,0.0,0,0,0,0,0,0,0,0
TF,WL,18.488333,109.403333,0, ,0.0,0.0,0.0,0.0,2,7880,0,0,0,0,0,0
TF,SY507,18.449500,109.522250,0, ,0.0,0.0,0.0,0.0,2,4930,0,1,220,0,0,0

STAR,KAGU17,08,2
IF,KAGUK,17.669722,109.165000, ,0.0,0.0,0,0,0,0,0,0,0,0
TF,AGEGI,17.912194,109.164722,0, ,0.0,0.0,0.0,0.0,0,0,0,0,0,0,0,0
TF,A,18.129300,109.170975,0, ,0.0,0.0,0.0,0.0,2,3940,0,1,190,0,0,0

STAR,KAGU1A,08,5
IF,KAGUK,17.669722,109.165000, ,0.0,0.0,0,0,0,0,0,0,0,0
TF,AGEGI,17.912194,109.164722,0, ,0.0,0.0,0.0,0.0,0,0,0,0,0,0,0,0
TF,SY464,18.156778,109.070028,0, ,0.0,0.0,0.0,0.0,0,0,0,0,0,0,0,0
TF,SY462,18.256167,109.055722,0, ,0.0,0.0,0.0,0.0,2,3940,0,1,220,0,0,0

STAR,KAGU25,08,2
IF,KAGUK,17.669722,109.165000, ,0.0,0.0,0,0,0,0,0,0,0,0
TF,AGEGI,17.912194,109.164722,0, ,0.0,0.0,0.0,0.0,0,0,0,0,0,0,0,0
TF,A,18.129300,109.170975,0, ,0.0,0.0,0.0,0.0,2,3940,0,0,0,0,0,0
TF,SYX,18.310000,109.173333,0, ,0.0,0.0,0.0,0.0,2,2960,0,1,190,0,0,0

STAR,KAGU7H,26,5
IF,KAGUK,17.669722,109.165000, ,0.0,0.0,0,0,0,0,0,0,0,0
TF,AGEGI,17.912194,109.164722,0, ,0.0,0.0,0.0,0.0,0,0,0,0,0,0,0,0
TF,SY508,18.128139,109.168806,0, ,0.0,0.0,0.0,0.0,2,5910,0,0,0,0,0,0
TF,SY468,18.206889,109.374722,0, ,0.0,0.0,0.0,0.0,2,4930,0,1,220,0,0,0

STAR,KAGU8J,26,5
IF,KAGUK,17.669722,109.165000, ,0.0,0.0,0,0,0,0,0,0,0,0
TF,AGEGI,17.912194,109.164722,0, ,0.0,0.0,0.0,0.0,0,0,0,0,0,0,0,0
TF,SY508,18.128139,109.168806,0, ,0.0,0.0,0.0,0.0,2,5910,0,0,0,0,0,0
TF,SY468,18.206889,109.374722,0, ,0.0,0.0,0.0,0.0,2,4930,0,0,0,0,0,0
TF,SY501,18.245278,109.670556,0, ,0.0,0.0,0.0,0.0,2,3940,0,1,220,0,0,0

STAR,KAGU91,26,2
IF,KAGUK,17.669722,109.165000, ,0.0,0.0,0,0,0,0,0,0,0,0
TF,AGEGI,17.912194,109.164722,0, ,0.0,0.0,0.0,0.0,0,0,0,0,0,0,0,0
TF,A,18.129300,109.170975,0, ,0.0,0.0,0.0,0.0,2,5910,0,0,0,0,0,0
TF,SYX,18.310000,109.173333,0, ,0.0,0.0,0.0,0.0,0,0,0,0,0,0,0,0
TF,HUT,18.306458,109.439133,2, ,0.0,0.0,0.0,0.0,2,4930,0,1,190,0,0,0

STAR,KAGU9K,26,5
IF,KAGUK,17.669722,109.165000, ,0.0,0.0,0,0,0,0,0,0,0,0
TF,AGEGI,17.912194,109.164722,0, ,0.0,0.0,0.0,0.0,0,0,0,0,0,0,0,0
TF,SYX,18.310000,109.173333,0, ,0.0,0.0,0.0,0.0,2,4930,0,0,0,0,0,0
TF,SY507,18.449500,109.522250,0, ,0.0,0.0,0.0,0.0,2,4930,0,1,220,0,0,0

STAR,UPRS17,08,2
IF,UPRIS,19.250000,109.769167, ,0.0,0.0,0,0,0,0,0,0,0,0
TF,D003P,18.570786,109.443969,0, ,0.0,0.0,0.0,0.0,0,0,0,0,0,0,0,0
TF,D351M,18.524997,109.395125,0, ,0.0,0.0,0.0,0.0,2,7880,0,0,0,0,0,0
TF,D046H,18.400250,109.264650,0, ,0.0,0.0,0.0,0.0,2,4930,0,1,190,0,0,0

STAR,UPRS1A,08,5
IF,UPRIS,19.250000,109.769167, ,0.0,0.0,0,0,0,0,0,0,0,0
TF,SY801,18.758333,109.532667,0, ,0.0,0.0,0.0,0.0,0,0,0,0,0,0,0,0
TF,WL,18.488333,109.403333,0, ,0.0,0.0,0.0,0.0,2,7880,0,0,0,0,0,0
TF,SY468,18.206889,109.374722,0, ,0.0,0.0,0.0,0.0,2,4930,0,0,0,0,0,0
TF,SY463,18.182694,109.190000,0, ,0.0,0.0,0.0,0.0,2,3940,0,1,220,0,0,0

STAR,UPRS25,08,2
IF,UPRIS,19.250000,109.769167, ,0.0,0.0,0,0,0,0,0,0,0,0
TF,D003P,18.570786,109.443969,0, ,0.0,0.0,0.0,0.0,0,0,0,0,0,0,0,0
TF,D351M,18.524997,109.395125,0, ,0.0,0.0,0.0,0.0,2,7880,0,0,0,0,0,0
TF,HUT,18.306458,109.439133,0, ,0.0,0.0,0.0,0.0,2,4930,0,1,190,0,0,0

STAR,UPRS2C,08,5
IF,UPRIS,19.250000,109.769167, ,0.0,0.0,0,0,0,0,0,0,0,0
TF,SY801,18.758333,109.532667,0, ,0.0,0.0,0.0,0.0,0,0,0,0,0,0,0,0
TF,WL,18.488333,109.403333,0, ,0.0,0.0,0.0,0.0,2,7880,0,0,0,0,0,0
TF,SY497,18.385722,109.270389,0, ,0.0,0.0,0.0,0.0,2,4930,0,0,0,0,0,0
TF,SY498,18.371694,109.162889,0, ,0.0,0.0,0.0,0.0,2,3940,0,1,220,0,0,0

STAR,UPRS3D,08,5
IF,UPRIS,19.250000,109.769167, ,0.0,0.0,0,0,0,0,0,0,0,0
TF,SY801,18.758333,109.532667,0, ,0.0,0.0,0.0,0.0,0,0,0,0,0,0,0,0
TF,WL,18.488333,109.403333,0, ,0.0,0.0,0.0,0.0,2,7880,0,0,0,0,0,0
TF,SY935,18.299278,109.384333,0, ,0.0,0.0,0.0,0.0,2,4930,0,1,220,0,0,0

STAR,UPRS7H,26,5
IF,UPRIS,19.250000,109.769167, ,0.0,0.0,0,0,0,0,0,0,0,0
TF,SY801,18.758333,109.532667,0, ,0.0,0.0,0.0,0.0,0,0,0,0,0,0,0,0
TF,WL,18.488333,109.403333,0, ,0.0,0.0,0.0,0.0,2,7880,0,0,0,0,0,0
TF,SY935,18.299278,109.384333,0, ,0.0,0.0,0.0,0.0,2,4930,0,1,220,0,0,0

STAR,UPRS8J,26,5
IF,UPRIS,19.250000,109.769167, ,0.0,0.0,0,0,0,0,0,0,0,0
TF,SY801,18.758333,109.532667,0, ,0.0,0.0,0.0,0.0,0,0,0,0,0,0,0,0
TF,WL,18.488333,109.403333,0, ,0.0,0.0,0.0,0.0,2,7880,0,0,0,0,0,0
TF,SY468,18.206889,109.374722,0, ,0.0,0.0,0.0,0.0,2,4930,0,0,0,0,0,0
TF,SY501,18.245278,109.670556,1, ,0.0,0.0,0.0,0.0,2,3940,0,1,220,0,0,0

STAR,UPRS91,26,2
IF,UPRIS,19.250000,109.769167, ,0.0,0.0,0,0,0,0,0,0,0,0
TF,D003P,18.570786,109.443969,0, ,0.0,0.0,0.0,0.0,0,0,0,0,0,0,0,0
TF,D351M,18.524997,109.395125,0, ,0.0,0.0,0.0,0.0,2,7880,0,0,0,0,0,0
TF,HUT,18.306458,109.439133,0, ,0.0,0.0,0.0,0.0,2,4930,0,1,190,0,0,0

STAR,UPRS9K,26,5
IF,UPRIS,19.250000,109.769167, ,0.0,0.0,0,0,0,0,0,0,0,0
TF,SY801,18.758333,109.532667,0, ,0.0,0.0,0.0,0.0,0,0,0,0,0,0,0,0
TF,WL,18.488333,109.403333,0, ,0.0,0.0,0.0,0.0,2,7880,0,0,0,0,0,0
TF,SY507,18.449500,109.522250,1, ,0.0,0.0,0.0,0.0,2,4930,0,1,220,0,0,0

APPTR,D08,08,A
IF,A,18.129300,109.170975, ,0.0,0.0,2,3940,0,1,190,0,1,0
CF,D182C,18.253108,109.173333,0,SYX,182.0,3.4,2.0,7.4,0,0,0,0,0,0,0,1
CF,D264O,18.272008,109.177025,0,SYX,176.7,2.3,84.0,1.2,2,2960,0,0,0,0,1,0
CF,CF08,18.275900,109.206522,0,HUT,264.2,13.4,84.0,1.7,2,2960,0,0,0,0,0,0

APPTR,D08,08,D046H
IF,D046H,18.400250,109.264650, ,0.0,0.0,2,4930,0,1,190,0,1,0
CF,D046A,18.323239,109.186719,0,SYX,46.0,1.1,226.0,6.4,0,0,0,0,0,0,0,1
CF,CF08,18.275900,109.206522,1,SYX,139.1,2.8,84.0,1.0,2,2960,0,0,0,0,0,0

APPTR,D08,08,HUT1
IF,HUT,18.306458,109.439133, ,0.0,0.0,2,4930,0,1,190,0,1,0
FD,HUT,18.306458,109.439133,0,HUT,0.0,13.4,251.0,13.4,0,0,0,0,0,0,0,0
CF,CF08,18.275900,109.206522,2,SYX,139.1,2.8,84.0,1.0,2,2960,0,0,0,0,0,0

APPTR,D08,08,HUT2
IF,HUT,18.306458,109.439133, ,0.0,0.0,2,4930,0,1,190,0,1,0
FD,HUT,18.306458,109.439133,0,HUT,0.0,13.4,257.0,13.4,0,0,0,0,0,0,0,0
CF,CF08,18.275900,109.206522,2,SYX,139.1,2.8,84.0,1.0,2,2960,0,0,0,0,0,0

APPTR,D08,08,SYX
IF,SYX,18.310000,109.173333, ,0.0,0.0,2,2960,0,1,190,0,1,0
CF,CF08,18.275900,109.206522,0,HUT,264.2,13.4,84.0,2.0,2,2960,0,0,0,0,0,0

FINAL,D08,08,D,3
IF,CF08,18.275900,109.206522,HUT,264.2,13.4,2,2960,0,0,0,0,0,0
CF,FF08,18.285339,109.277472,0,HUT,264.2,9.3,84.0,4.1,2,2300,0,0,0,0,2,0
CF,K,18.299219,109.384328,0,HUT,264.1,3.2,84.0,6.2,1,332,0,0,0,0,3,0
CA,0,84.0,2,2470,0,0,0,0,0,0
DF,K,18.299219,109.384328,2, ,0.0,0.0,1,3940,0,1,190,0,0,0
CF,SYX,18.310000,109.173333,0,SYX,0.0,0.0,275.0,12.1,0,0,0,0,0,0,0,0

APPTR,D26,26,HUT1
IF,HUT,18.306458,109.439133, ,0.0,0.0,2,4930,0,1,190,0,1,0
FD,HUT,18.306458,109.439133,0,HUT,0.0,11.1,100.0,11.1,0,0,0,0,0,0,0,0
CF,CF26,18.331519,109.631975,1,HUT,84.2,11.1,264.0,1.0,2,3290,0,0,0,0,0,0

APPTR,D26,26,HUT2
IF,HUT,18.306458,109.439133, ,0.0,0.0,2,4930,0,1,190,0,1,0
FD,HUT,18.306458,109.439133,0,HUT,0.0,11.1,92.0,11.1,0,0,0,0,0,0,0,0
CF,CF26,18.331519,109.631975,1,HUT,84.2,11.1,264.0,1.0,2,3290,0,0,0,0,0,0

FINAL,D26,26,D,4
IF,CF26,18.331519,109.631975,HUT,84.2,11.1,2,3290,0,0,0,0,0,0
CF,FF26,18.322753,109.564442,0,HUT,84.2,7.2,264.0,3.9,2,2630,0,0,0,0,2,0
CF,39VOR,18.315528,109.506792,0,HUT,84.0,3.9,264.0,3.3,2,1580,0,0,0,0,0,0
CF,HUT,18.306458,109.439133,0,HUT,0.0,0.0,264.0,3.9,1,339,0,0,0,0,3,0
CA,0,264.0,2,2470,0,0,0,0,0,0
DF,HUT,18.306458,109.439133,1, ,0.0,0.0,1,4930,0,1,205,0,0,0

APPTR,I08-X,08,SY462
IF,SY462,18.256167,109.055722, ,0.0,0.0,2,3900,0,1,220,0,1,0
TF,SY461,18.272167,109.177111,0, ,0.0,0.0,0.0,0.0,2,3000,0,0,0,0,1,0
TF,SY932,18.288583,109.302361,0,IKK,0.0,0.0,0.0,0.0,1,1200,0,0,0,0,0,0

APPTR,I08-X,08,SY935
IF,SY935,18.299278,109.384333, ,0.0,0.0,2,4900,0,1,220,0,1,0
TF,SY934,18.226389,109.352361,0, ,0.0,0.0,0.0,0.0,2,3900,0,1,210,0,1,0
RF,SY932,18.288583,109.302361,2,RSY06,361.2,2.7,1,1200,0,0,0,0,0,0

FINAL,I08-X,08,I,3
IF,SY932,18.288583,109.302361,IKK,264.2,7.4,1,1200,0,0,0,0,0,0
CF,FF08X,18.293061,109.337011,0,IKK,264.2,5.4,84.0,2.0,1,1200,0,0,0,0,2,0
CF,RW08,18.300833,109.396339,0,IKK,264.2,2.0,84.0,3.4,1,112,0,0,0,0,3,0
CA,0,84.0,2,2500,0,0,0,0,0,0
DF,SY468,18.206889,109.374722,2, ,0.0,0.0,1,4900,0,1,220,0,0,0
TF,SY463,18.182694,109.190000,0, ,0.0,0.0,0.0,0.0,0,0,0,0,0,0,0,0
TF,SY462,18.256167,109.055722,0, ,0.0,0.0,0.0,0.0,0,0,0,1,220,0,0,0

APPTR,I08-Y,08,A
IF,A,18.129300,109.170975, ,0.0,0.0,2,3940,0,1,190,0,1,0
CF,D182C,18.253108,109.173333,0,SYX,182.0,3.4,2.0,7.4,0,0,0,0,0,0,0,1
CF,D264O,18.272008,109.177025,0,SYX,176.7,2.3,84.0,1.2,2,2960,0,0,0,0,1,0
CF,CF08,18.275900,109.206522,0,IKK,264.2,12.9,84.0,1.7,2,2960,0,0,0,0,0,0

APPTR,I08-Y,08,D046H
IF,D046H,18.400250,109.264650, ,0.0,0.0,2,4930,0,1,190,0,1,0
CF,D046A,18.323239,109.186719,0,SYX,46.0,1.1,226.0,6.4,0,0,0,0,0,0,0,1
CF,CF08,18.275900,109.206522,1,IKK,264.2,12.9,84.0,1.0,2,2960,0,0,0,0,0,0

APPTR,I08-Y,08,HUT1
IF,HUT,18.306458,109.439133, ,0.0,0.0,2,4930,0,1,190,0,1,0
FD,HUT,18.306458,109.439133,0,HUT,0.0,13.4,251.0,13.4,0,0,0,0,0,0,0,0
CF,CF08,18.275900,109.206522,2,IKK,264.2,12.9,84.0,1.0,2,2960,0,0,0,0,0,0

APPTR,I08-Y,08,HUT2
IF,HUT,18.306458,109.439133, ,0.0,0.0,2,4930,0,1,190,0,1,0
FD,HUT,18.306458,109.439133,0,HUT,0.0,13.4,257.0,13.4,0,0,0,0,0,0,0,0
CF,CF08,18.275900,109.206522,2,IKK,264.2,12.9,84.0,1.0,2,2960,0,0,0,0,0,0

APPTR,I08-Y,08,SYX
IF,SYX,18.310000,109.173333, ,0.0,0.0,2,2960,0,1,190,0,1,0
CF,CF08,18.275900,109.206522,0,IKK,264.2,12.9,84.0,2.0,2,2960,0,0,0,0,0,0

FINAL,I08-Y,08,I,3
IF,CF08,18.275900,109.206522,IKK,264.2,12.9,2,2960,0,0,0,0,0,0
CF,FF08,18.285339,109.277472,0,IKK,264.3,8.8,84.0,4.1,1,2300,0,0,0,0,2,0
CF,RW08,18.300833,109.396339,0,IKK,264.2,2.0,84.0,6.9,1,111,0,0,0,0,3,0
FA,RW08,18.300833,109.396339,0,SYX,0.0,0.0,84.0,2,2470,0,0,0,0,0,0
DF,K,18.299219,109.384328,2, ,0.0,0.0,1,3940,0,1,190,0,0,0
CF,SYX,18.310000,109.173333,0,SYX,0.0,0.0,275.0,12.1,0,0,0,0,0,0,0,0

APPTR,I08-Z,08,SY462
IF,SY462,18.256167,109.055722, ,0.0,0.0,2,3940,0,1,220,0,1,0
TF,SY461,18.272167,109.177111,0,IKK,0.0,0.0,0.0,0.0,2,2960,0,0,0,0,1,0

APPTR,I08-Z,08,SY463
IF,SY463,18.182694,109.190000, ,0.0,0.0,2,3940,0,1,220,0,1,0
TF,SY461,18.272167,109.177111,0,IKK,0.0,0.0,0.0,0.0,2,2960,0,0,0,0,1,0

APPTR,I08-Z,08,SY498
IF,SY498,18.371694,109.162889, ,0.0,0.0,2,3940,0,1,220,0,1,0
TF,SY461,18.272167,109.177111,0,IKK,0.0,0.0,0.0,0.0,2,2960,0,0,0,0,1,0

FINAL,I08-Z,08,I,3
IF,SY461,18.272167,109.177111,IKK,264.3,14.6,2,2960,0,0,0,0,0,0
CF,FF08,18.285339,109.277472,0,IKK,264.3,8.8,84.0,5.8,1,2300,0,0,0,0,2,0
CF,RW08,18.300833,109.396339,0,IKK,264.2,2.0,84.0,6.9,1,111,0,0,0,0,3,0
CA,0,84.0,2,2470,0,0,0,0,0,0
DF,SY468,18.206889,109.374722,2, ,0.0,0.0,1,4930,0,1,220,0,0,0
TF,SY463,18.182694,109.190000,0, ,0.0,0.0,0.0,0.0,0,0,0,0,0,0,0,0
TF,SY462,18.256167,109.055722,0, ,0.0,0.0,0.0,0.0,0,0,0,1,220,0,0,0

APPTR,I26-Y,26,HUT1
IF,HUT,18.306458,109.439133, ,0.0,0.0,2,4930,0,1,190,0,1,0
FD,HUT,18.306458,109.439133,0,HUT,0.0,11.1,100.0,11.1,0,0,0,0,0,0,0,0
CF,CF26,18.331519,109.631975,1,IFH,84.2,13.7,264.0,1.0,2,3290,0,0,0,0,0,0

APPTR,I26-Y,26,HUT2
IF,HUT,18.306458,109.439133, ,0.0,0.0,2,4930,0,1,190,0,1,0
FD,HUT,18.306458,109.439133,0,HUT,0.0,11.1,92.0,11.1,0,0,0,0,0,0,0,0
CF,CF26,18.331519,109.631975,1,IFH,84.2,13.7,264.0,1.0,2,3290,0,0,0,0,0,0

FINAL,I26-Y,26,I,3
IF,CF26,18.331519,109.631975,IFH,84.2,15.2,2,3290,0,0,0,0,0,0
CF,FF26,18.322753,109.564442,0,IFH,84.2,9.8,264.0,3.9,1,2630,0,0,0,0,2,0
CF,RW26,18.304994,109.428214,0,IFH,84.2,2.0,264.0,7.9,1,138,0,0,0,0,3,0
CF,K,18.299219,109.384328,0,HUT,264.1,3.2,264.0,2.5,0,0,0,0,0,0,0,0
FD,K,18.299219,109.384328,0,HUT,264.1,9.5,249.0,9.5,0,0,0,0,0,0,0,0
DF,HUT,18.306458,109.439133,1, ,0.0,0.0,2,4930,0,1,205,0,0,0

APPTR,I26-Z,26,SY501
IF,SY501,18.245278,109.670556, ,0.0,0.0,2,3940,0,1,220,0,1,0
TF,SY504,18.334750,109.658056,0,IFH,0.0,0.0,0.0,0.0,2,3610,0,0,0,0,1,0

APPTR,I26-Z,26,SY507
IF,SY507,18.449500,109.522250, ,0.0,0.0,2,4930,0,1,220,0,1,0
TF,SY506,18.406306,109.648000,0, ,0.0,0.0,0.0,0.0,2,3940,0,0,0,0,0,0
TF,SY504,18.334750,109.658056,0,IFH,0.0,0.0,0.0,0.0,2,3610,0,0,0,0,1,0

FINAL,I26-Z,26,I,3
IF,SY504,18.334750,109.658056,IFH,84.2,15.2,2,3610,0,0,0,0,0,0
CF,FF26,18.322753,109.564442,0,IFH,84.2,9.8,264.0,5.4,1,2630,0,0,0,0,2,0
CF,RW26,18.304994,109.428214,0,IFH,84.2,2.0,264.0,7.9,1,138,0,0,0,0,3,0
CF,SY510,18.286889,109.289333,0,HUT,264.2,8.6,264.0,8.0,0,0,0,0,0,0,0,0
TF,SYX,18.310000,109.173333,0, ,0.0,0.0,0.0,0.0,2,3940,0,1,220,0,0,0
HM,SYX,18.310000,109.173333,1, ,0.0,0.0,69.0,04.3,2,3940,0,1,220,0,0,0,0

