SID,ABVL1L,06,1
CD, ,0,0,0,IXS,0,0.0,69.0,7.7,2,1320,0,0,0,0,0,0
DF,DSH,30.148333,120.501667,2, ,0.0,0.0,0,0,0,1,250,0,0,0

SID,ABVL1L,07,1
CD, ,0,0,0,HGH,0,0.0,69.0,5.4,2,1320,0,0,0,0,0,0
DF,DSH,30.148333,120.501667,2, ,0.0,0.0,0,0,0,1,250,0,0,0

SID,ABVL1L,ALL,2
IF,DSH,30.148333,120.501667, ,0.0,0.0,0,0,0,1,250,0,0,0
TF,D243O,30.011614,120.255603,0, ,0.0,0.0,0.0,0.0,3,9850,0,0,0,0,0,0
TF,D243U,29.961125,120.165119,0, ,0.0,0.0,0.0,0.0,2,7880,0,0,0,0,0,0
TF,MOLGU,29.850000,119.966667,0, ,0.0,0.0,0.0,0.0,3,13800,0,0,0,0,0,0
TF,UGAGO,29.627500,119.650556,0, ,0.0,0.0,0.0,0.0,0,0,0,0,0,0,0,0
TF,ELNEX,29.631667,119.490000,0, ,0.0,0.0,0.0,0.0,0,0,0,0,0,0,0,0
TF,ABVIL,29.641667,119.315000,0, ,0.0,0.0,0.0,0.0,0,0,0,0,0,0,0,0

SID,ABVL2L,24,1
CD, ,0,0,0,IHZ,0,0.0,249.0,11.0,2,1970,0,0,0,0,0,0
CF,WY,30.121667,120.201667,0,HGH,248.1,15.2,224.0,4.0,2,2960,0,1,250,0,0,0

SID,ABVL2L,25,1
CD, ,0,0,0,HGH,0,0.0,249.0,11.7,2,1970,0,0,0,0,0,0
CF,WY,30.121667,120.201667,0,HGH,248.1,15.2,249.0,4.0,2,2960,0,1,250,0,0,0

SID,ABVL2L,ALL,2
IF,WY,30.121667,120.201667, ,0.0,0.0,2,2960,0,1,250,0,0,0
TF,HC605,30.021389,119.998611,0, ,0.0,0.0,0.0,0.0,2,7880,0,0,0,0,0,0
TF,DUBGO,29.855278,119.664722,0, ,0.0,0.0,0.0,0.0,3,14800,0,0,0,0,0,0
TF,ABVIL,29.641667,119.315000,0, ,0.0,0.0,0.0,0.0,0,0,0,0,0,0,0,0

SID,ABVL5E,06,4
DF,DER06,30.252142,120.439761,0, ,0.0,0.0,0,0,0,0,0,0,0,1
CF,HC501,30.335389,120.628000,0,HGH,63.0,10.4,69.0,11.0,2,3940,0,0,0,0,0,0
TF,HC502,30.190556,120.712778,0, ,0.0,0.0,0.0,0.0,0,0,0,0,0,0,0,0
TF,HC504,30.149722,120.620278,0, ,0.0,0.0,0.0,0.0,0,0,0,0,0,0,0,0

SID,ABVL5E,07,4
DF,DER07,30.236894,120.451061,0, ,0.0,0.0,0,0,0,0,0,0,0,1
CA,0,69.0,2,500,0,0,0,0,0,0
DF,HC503,30.228611,120.573611,0, ,0.0,0.0,2,1650,0,0,0,0,0,0
TF,HC504,30.149722,120.620278,0, ,0.0,0.0,0.0,0.0,0,0,0,0,0,0,0,0

SID,ABVL5E,ALL,5
IF,HC504,30.149722,120.620278, ,0.0,0.0,0,0,0,0,0,0,0,0
TF,HC505,30.047500,120.390000,0, ,0.0,0.0,0.0,0.0,2,5910,0,1,250,0,0,0
TF,HC307,29.996111,120.275000,0, ,0.0,0.0,0.0,0.0,3,9850,0,0,0,0,0,0
TF,HC308,29.951667,120.180833,0, ,0.0,0.0,0.0,0.0,2,7880,0,0,0,0,0,0
TF,MOLGU,29.850000,119.966667,0, ,0.0,0.0,0.0,0.0,3,13800,0,0,0,0,0,0
TF,UGAGO,29.627500,119.650556,0, ,0.0,0.0,0.0,0.0,0,0,0,0,0,0,0,0
TF,ELNEX,29.631667,119.490000,0, ,0.0,0.0,0.0,0.0,0,0,0,0,0,0,0,0
TF,ABVIL,29.641667,119.315000,0, ,0.0,0.0,0.0,0.0,0,0,0,0,0,0,0,0

SID,ABVL8D,24,4
DF,DER24,30.238189,120.408294,0, ,0.0,0.0,0,0,0,0,0,0,0,1
CF,HC601,30.141389,120.190833,0,HGH,253.0,15.2,249.0,13.0,0,0,0,0,0,0,0,0
TF,HC605,30.021389,119.998611,0, ,0.0,0.0,0.0,0.0,2,7880,0,1,250,0,0,0

SID,ABVL8D,25,4
DF,DER25,30.222122,120.417753,0, ,0.0,0.0,0,0,0,0,0,0,0,1
CA,0,249.0,2,500,0,0,0,0,0,0
CF,HC604,30.073889,120.229167,0,HGH,236.3,15.6,234.0,13.0,2,3940,0,0,0,0,0,0
TF,HC605,30.021389,119.998611,0, ,0.0,0.0,0.0,0.0,2,7880,0,1,250,0,0,0

SID,ABVL8D,ALL,5
IF,HC605,30.021389,119.998611, ,0.0,0.0,2,7880,0,1,250,0,0,0
TF,DUBGO,29.855278,119.664722,0, ,0.0,0.0,0.0,0.0,3,14800,0,0,0,0,0,0
TF,ABVIL,29.641667,119.315000,0, ,0.0,0.0,0.0,0.0,0,0,0,0,0,0,0,0

SID,ABVL9D,06,5
DF,DER06,30.252142,120.439761,0, ,0.0,0.0,0,0,0,0,0,0,0,1
CF,HC102,30.320806,120.594972,0,HGH,61.6,8.5,69.0,9.0,2,2960,0,0,0,0,0,1
CF,HC211,30.347778,120.473056,1,HGH,11.9,6.4,249.0,5.0,2,5910,0,1,205,0,0,0
TF,HC210,30.256389,120.266944,0, ,0.0,0.0,0.0,0.0,4,7880,6890,0,0,0,0,0
TF,HC209,30.204722,120.150833,0, ,0.0,0.0,0.0,0.0,3,9850,0,0,0,0,0,0
TF,HC214,30.035278,119.773611,0, ,0.0,0.0,0.0,0.0,4,13800,7880,0,0,0,0,0
TF,ABVIL,29.641667,119.315000,0, ,0.0,0.0,0.0,0.0,0,0,0,0,0,0,0,0

SID,ELNE1L,06,1
CD, ,0,0,0,IXS,0,0.0,69.0,7.7,2,1320,0,0,0,0,0,0
DF,DSH,30.148333,120.501667,2, ,0.0,0.0,0,0,0,1,250,0,0,0

SID,ELNE1L,07,1
CD, ,0,0,0,HGH,0,0.0,69.0,5.4,2,1320,0,0,0,0,0,0
DF,DSH,30.148333,120.501667,2, ,0.0,0.0,0,0,0,1,250,0,0,0

SID,ELNE1L,ALL,2
IF,DSH,30.148333,120.501667, ,0.0,0.0,0,0,0,1,250,0,0,0
TF,D243O,30.011614,120.255603,0, ,0.0,0.0,0.0,0.0,3,9850,0,0,0,0,0,0
TF,D243U,29.961125,120.165119,0, ,0.0,0.0,0.0,0.0,2,7880,0,0,0,0,0,0
TF,MOLGU,29.850000,119.966667,0, ,0.0,0.0,0.0,0.0,3,13800,0,0,0,0,0,0
TF,UGAGO,29.627500,119.650556,0, ,0.0,0.0,0.0,0.0,0,0,0,0,0,0,0,0
TF,ELNEX,29.631667,119.490000,0, ,0.0,0.0,0.0,0.0,0,0,0,0,0,0,0,0

SID,ELNE2L,24,1
CD, ,0,0,0,IHZ,0,0.0,249.0,11.0,2,1970,0,0,0,0,0,0
CF,WY,30.121667,120.201667,0,HGH,248.1,15.2,224.0,4.0,2,2960,0,1,250,0,0,0

SID,ELNE2L,25,1
CD, ,0,0,0,HGH,0,0.0,249.0,11.7,2,1970,0,0,0,0,0,0
CF,WY,30.121667,120.201667,0,HGH,248.1,15.2,249.0,4.0,2,2960,0,1,250,0,0,0

SID,ELNE2L,ALL,2
IF,WY,30.121667,120.201667, ,0.0,0.0,2,2960,0,1,250,0,0,0
TF,HC605,30.021389,119.998611,0, ,0.0,0.0,0.0,0.0,2,7880,0,0,0,0,0,0
TF,DUBGO,29.855278,119.664722,0, ,0.0,0.0,0.0,0.0,3,14800,0,0,0,0,0,0
TF,ELNEX,29.631667,119.490000,0, ,0.0,0.0,0.0,0.0,0,0,0,0,0,0,0,0

SID,ELNE5E,06,4
DF,DER06,30.252142,120.439761,0, ,0.0,0.0,0,0,0,0,0,0,0,1
CF,HC501,30.335389,120.628000,0,HGH,63.0,10.4,69.0,11.0,2,3940,0,0,0,0,0,0
TF,HC502,30.190556,120.712778,0, ,0.0,0.0,0.0,0.0,0,0,0,0,0,0,0,0
TF,HC504,30.149722,120.620278,0, ,0.0,0.0,0.0,0.0,0,0,0,0,0,0,0,0

SID,ELNE5E,07,4
DF,DER07,30.236894,120.451061,0, ,0.0,0.0,0,0,0,0,0,0,0,1
CA,0,69.0,2,500,0,0,0,0,0,0
DF,HC503,30.228611,120.573611,0, ,0.0,0.0,2,1650,0,0,0,0,0,0
TF,HC504,30.149722,120.620278,0, ,0.0,0.0,0.0,0.0,0,0,0,0,0,0,0,0

SID,ELNE5E,ALL,5
IF,HC504,30.149722,120.620278, ,0.0,0.0,0,0,0,0,0,0,0,0
TF,HC505,30.047500,120.390000,0, ,0.0,0.0,0.0,0.0,2,5910,0,1,250,0,0,0
TF,HC307,29.996111,120.275000,0, ,0.0,0.0,0.0,0.0,3,9850,0,0,0,0,0,0
TF,HC308,29.951667,120.180833,0, ,0.0,0.0,0.0,0.0,2,7880,0,0,0,0,0,0
TF,MOLGU,29.850000,119.966667,0, ,0.0,0.0,0.0,0.0,3,13800,0,0,0,0,0,0
TF,UGAGO,29.627500,119.650556,0, ,0.0,0.0,0.0,0.0,0,0,0,0,0,0,0,0
TF,ELNEX,29.631667,119.490000,0, ,0.0,0.0,0.0,0.0,0,0,0,0,0,0,0,0

SID,ELNE8D,24,4
DF,DER24,30.238189,120.408294,0, ,0.0,0.0,0,0,0,0,0,0,0,1
CF,HC601,30.141389,120.190833,0,HGH,253.0,15.2,249.0,13.0,0,0,0,0,0,0,0,0
TF,HC605,30.021389,119.998611,0, ,0.0,0.0,0.0,0.0,2,7880,0,1,250,0,0,0

SID,ELNE8D,25,4
DF,DER25,30.222122,120.417753,0, ,0.0,0.0,0,0,0,0,0,0,0,1
CA,0,249.0,2,500,0,0,0,0,0,0
CF,HC604,30.073889,120.229167,0,HGH,236.3,15.6,234.0,13.0,2,3940,0,0,0,0,0,0
TF,HC605,30.021389,119.998611,0, ,0.0,0.0,0.0,0.0,2,7880,0,1,250,0,0,0

SID,ELNE8D,ALL,5
IF,HC605,30.021389,119.998611, ,0.0,0.0,2,7880,0,1,250,0,0,0
TF,DUBGO,29.855278,119.664722,0, ,0.0,0.0,0.0,0.0,3,14800,0,0,0,0,0,0
TF,ELNEX,29.631667,119.490000,0, ,0.0,0.0,0.0,0.0,0,0,0,0,0,0,0,0

SID,ELNE9D,06,5
DF,DER06,30.252142,120.439761,0, ,0.0,0.0,0,0,0,0,0,0,0,1
CF,HC102,30.320806,120.594972,0,HGH,61.6,8.5,69.0,9.0,2,2960,0,0,0,0,0,1
CF,HC211,30.347778,120.473056,1,HGH,11.9,6.4,249.0,5.0,2,5910,0,1,205,0,0,0
TF,HC210,30.256389,120.266944,0, ,0.0,0.0,0.0,0.0,4,7880,6890,0,0,0,0,0
TF,HC209,30.204722,120.150833,0, ,0.0,0.0,0.0,0.0,3,9850,0,0,0,0,0,0
TF,HC214,30.035278,119.773611,0, ,0.0,0.0,0.0,0.0,4,13800,7880,0,0,0,0,0
TF,DUBGO,29.855278,119.664722,0, ,0.0,0.0,0.0,0.0,0,0,0,0,0,0,0,0
TF,ELNEX,29.631667,119.490000,0, ,0.0,0.0,0.0,0.0,0,0,0,0,0,0,0,0

SID,NIVK1L,06,1
CD, ,0,0,0,IXS,0,0.0,69.0,7.7,2,1320,0,0,0,0,0,0
DF,DSH,30.148333,120.501667,2, ,0.0,0.0,0,0,0,1,250,0,0,0

SID,NIVK1L,07,1
CD, ,0,0,0,HGH,0,0.0,69.0,5.4,2,1320,0,0,0,0,0,0
DF,DSH,30.148333,120.501667,2, ,0.0,0.0,0,0,0,1,250,0,0,0

SID,NIVK1L,ALL,2
IF,DSH,30.148333,120.501667, ,0.0,0.0,0,0,0,1,250,0,0,0
TF,HC106,30.327222,120.225000,0, ,0.0,0.0,0.0,0.0,2,6890,0,0,0,0,0,0
TF,KAKIS,30.483333,120.146667,0, ,0.0,0.0,0.0,0.0,3,7880,0,0,0,0,0,0
TF,NIVIK,30.761667,119.910833,0, ,0.0,0.0,0.0,0.0,2,9850,0,0,0,0,0,0

SID,NIVK2L,24,1
CD, ,0,0,0,IHZ,0,0.0,249.0,11.0,2,1970,0,0,0,0,0,0
VI,2, ,0.0,307.0,0,0,0,0,0,0,0,0
CF,HC602,30.222778,120.139444,0,HGH,272.3,16.7,337.0,3.0,2,6890,0,1,250,0,0,0

SID,NIVK2L,25,1
CD, ,0,0,0,HGH,0,0.0,249.0,11.7,2,1970,0,0,0,0,0,0
CF,WY,30.121667,120.201667,0,HGH,248.1,15.2,249.0,4.0,2,2960,0,0,0,0,0,0
TF,HC602,30.222778,120.139444,0, ,0.0,0.0,0.0,0.0,2,6890,0,1,250,0,0,0

SID,NIVK2L,ALL,2
IF,HC602,30.222778,120.139444, ,0.0,0.0,2,6890,0,1,250,0,0,0
TF,HC212,30.439444,120.002500,0, ,0.0,0.0,0.0,0.0,4,7880,6890,0,0,0,0,0
TF,HC213,30.641389,119.874444,0, ,0.0,0.0,0.0,0.0,0,0,0,0,0,0,0,0
TF,NIVIK,30.761667,119.910833,0, ,0.0,0.0,0.0,0.0,2,9850,0,0,0,0,0,0

SID,NIVK3F,06,5
CF,HC102,30.320806,120.594972,0,HGH,61.6,8.5,69.0,9.0,0,0,0,0,0,0,0,1
CF,HC211,30.347778,120.473056,1,HGH,11.9,6.4,249.0,5.0,0,0,0,1,205,0,0,0
TF,HC210,30.256389,120.266944,0, ,0.0,0.0,0.0,0.0,0,0,0,1,230,0,0,0
TF,HC106,30.327222,120.225000,0, ,0.0,0.0,0.0,0.0,0,0,0,0,0,0,0,0
TF,KAKIS,30.483333,120.146667,0, ,0.0,0.0,0.0,0.0,0,0,0,0,0,0,0,0
TF,NIVIK,30.761667,119.910833,0, ,0.0,0.0,0.0,0.0,2,9850,0,0,0,0,0,0

SID,NIVK5E,06,4
DF,DER06,30.252142,120.439761,0, ,0.0,0.0,0,0,0,0,0,0,0,1
CF,HC501,30.335389,120.628000,0,HGH,63.0,10.4,69.0,11.0,2,3940,0,0,0,0,0,0
TF,HC502,30.190556,120.712778,0, ,0.0,0.0,0.0,0.0,0,0,0,0,0,0,0,0
TF,HC504,30.149722,120.620278,0, ,0.0,0.0,0.0,0.0,0,0,0,0,0,0,0,0

SID,NIVK5E,07,4
DF,DER07,30.236894,120.451061,0, ,0.0,0.0,0,0,0,0,0,0,0,1
CA,0,69.0,2,500,0,0,0,0,0,0
DF,HC503,30.228611,120.573611,0, ,0.0,0.0,2,1650,0,0,0,0,0,0
TF,HC504,30.149722,120.620278,0, ,0.0,0.0,0.0,0.0,0,0,0,0,0,0,0,0

SID,NIVK5E,ALL,5
IF,HC504,30.149722,120.620278, ,0.0,0.0,0,0,0,0,0,0,0,0
TF,HC505,30.047500,120.390000,0, ,0.0,0.0,0.0,0.0,2,5910,0,1,250,0,0,0
TF,HC210,30.256389,120.266944,0, ,0.0,0.0,0.0,0.0,4,7880,6890,0,0,0,0,0
TF,HC106,30.327222,120.225000,0, ,0.0,0.0,0.0,0.0,0,0,0,0,0,0,0,0
TF,KAKIS,30.483333,120.146667,0, ,0.0,0.0,0.0,0.0,3,7880,0,0,0,0,0,0
TF,NIVIK,30.761667,119.910833,0, ,0.0,0.0,0.0,0.0,2,9850,0,0,0,0,0,0

SID,NIVK6E,24,5
CF,HC601,30.141389,120.190833,0,HGH,253.0,15.2,249.0,13.0,0,0,0,0,0,0,0,0
TF,HC602,30.222778,120.139444,0, ,0.0,0.0,0.0,0.0,0,0,0,1,250,0,0,0
TF,HC212,30.439444,120.002500,0, ,0.0,0.0,0.0,0.0,0,0,0,0,0,0,0,0
TF,HC213,30.641389,119.874444,0, ,0.0,0.0,0.0,0.0,0,0,0,0,0,0,0,0
TF,NIVIK,30.761667,119.910833,0, ,0.0,0.0,0.0,0.0,2,9850,0,0,0,0,0,0

SID,NIVK8D,24,4
DF,DER24,30.238189,120.408294,0, ,0.0,0.0,0,0,0,0,0,0,0,1
CF,HC601,30.141389,120.190833,0,HGH,253.0,15.2,249.0,13.0,0,0,0,0,0,0,0,0

SID,NIVK8D,25,4
DF,DER25,30.222122,120.417753,0, ,0.0,0.0,0,0,0,0,0,0,0,1
CA,0,249.0,2,500,0,0,0,0,0,0
CF,HC604,30.073889,120.229167,0,HGH,236.3,15.6,234.0,13.0,2,3940,0,0,0,0,0,0
TF,HC601,30.141389,120.190833,2, ,0.0,0.0,0.0,0.0,0,0,0,0,0,0,0,0

SID,NIVK8D,ALL,5
IF,HC601,30.141389,120.190833, ,0.0,0.0,0,0,0,0,0,0,0,0
TF,HC602,30.222778,120.139444,0, ,0.0,0.0,0.0,0.0,1,6890,0,1,250,0,0,0
TF,HC212,30.439444,120.002500,0, ,0.0,0.0,0.0,0.0,4,7880,6890,0,0,0,0,0
TF,HC213,30.641389,119.874444,0, ,0.0,0.0,0.0,0.0,0,0,0,0,0,0,0,0
TF,NIVIK,30.761667,119.910833,0, ,0.0,0.0,0.0,0.0,2,9850,0,0,0,0,0,0

SID,NIVK9D,06,5
DF,DER06,30.252142,120.439761,0, ,0.0,0.0,0,0,0,0,0,0,0,1
CF,HC102,30.320806,120.594972,0,HGH,61.6,8.5,69.0,9.0,2,2960,0,0,0,0,0,1
CF,HC211,30.347778,120.473056,1,HGH,11.9,6.4,249.0,5.0,2,5910,0,1,205,0,0,0
TF,HC210,30.256389,120.266944,0, ,0.0,0.0,0.0,0.0,4,7880,6890,1,230,0,0,0
TF,HC106,30.327222,120.225000,0, ,0.0,0.0,0.0,0.0,0,0,0,0,0,0,0,0
TF,KAKIS,30.483333,120.146667,0, ,0.0,0.0,0.0,0.0,3,7880,0,0,0,0,0,0
TF,NIVIK,30.761667,119.910833,0, ,0.0,0.0,0.0,0.0,2,9850,0,0,0,0,0,0

SID,OKTU1L,06,1
CD, ,0,0,0,IXS,0,0.0,69.0,7.7,2,1320,0,0,0,0,0,0
DF,D115J,30.181033,120.639931,2, ,0.0,0.0,2,1970,0,1,250,0,0,0

SID,OKTU1L,07,1
CD, ,0,0,0,HGH,0,0.0,69.0,5.4,2,1320,0,0,0,0,0,0
DF,D115J,30.181033,120.639931,2, ,0.0,0.0,2,1970,0,1,250,0,0,0

SID,OKTU1L,ALL,2
IF,D115J,30.181033,120.639931, ,0.0,0.0,2,1970,0,1,250,0,0,0
TF,D115P,30.153678,120.751239,0, ,0.0,0.0,0.0,0.0,2,4930,0,0,0,0,0,0
TF,OKTUG,30.088611,120.960278,0, ,0.0,0.0,0.0,0.0,4,9850,6890,0,0,0,0,0

SID,OKTU9D,06,4
DF,DER06,30.252142,120.439761,0, ,0.0,0.0,0,0,0,0,0,0,0,1
CF,HC501,30.335389,120.628000,0,HGH,63.0,10.4,69.0,11.0,2,3940,0,0,0,0,0,0
TF,HC502,30.190556,120.712778,0, ,0.0,0.0,0.0,0.0,0,0,0,0,0,0,0,0

SID,OKTU9D,07,4
DF,DER07,30.236894,120.451061,0, ,0.0,0.0,0,0,0,0,0,0,0,1
CA,0,69.0,2,500,0,0,0,0,0,0
DF,HC503,30.228611,120.573611,0, ,0.0,0.0,2,1650,0,0,0,0,0,0
TF,HC502,30.190556,120.712778,0, ,0.0,0.0,0.0,0.0,0,0,0,0,0,0,0,0

SID,OKTU9D,ALL,5
IF,HC502,30.190556,120.712778, ,0.0,0.0,0,0,0,0,0,0,0,0
TF,HC310,30.129722,120.825556,0, ,0.0,0.0,0.0,0.0,2,4930,0,1,250,0,0,0
TF,OKTUG,30.088611,120.960278,0, ,0.0,0.0,0.0,0.0,4,9850,6890,0,0,0,0,0

SID,SUPA1L,06,1
CD, ,0,0,0,IXS,0,0.0,69.0,7.7,2,1320,0,0,0,0,0,0
DF,D115J,30.181033,120.639931,2, ,0.0,0.0,2,1970,0,1,250,0,0,0

SID,SUPA1L,07,1
CD, ,0,0,0,HGH,0,0.0,69.0,5.4,2,1320,0,0,0,0,0,0
DF,D115J,30.181033,120.639931,2, ,0.0,0.0,2,1970,0,1,250,0,0,0

SID,SUPA1L,ALL,2
IF,D115J,30.181033,120.639931, ,0.0,0.0,2,1970,0,1,250,0,0,0
TF,D115P,30.153678,120.751239,0, ,0.0,0.0,0.0,0.0,2,4930,0,0,0,0,0,0
TF,SUPAR,30.023056,120.858056,0, ,0.0,0.0,0.0,0.0,4,9850,6890,0,0,0,0,0

SID,SUPA2L,24,1
CD, ,0,0,0,IHZ,0,0.0,249.0,11.0,2,1970,0,0,0,0,0,0
VI,1, ,0.0,114.0,0,0,0,0,0,0,0,0
CF,DSH,30.148333,120.501667,0,HGH,164.9,6.0,69.0,10.0,0,0,0,1,250,0,0,0

SID,SUPA2L,25,1
CD, ,0,0,0,HGH,0,0.0,249.0,11.7,2,1970,0,0,0,0,0,0
VI,1, ,0.0,114.0,0,0,0,0,0,0,0,0
CF,DSH,30.148333,120.501667,0,HGH,164.9,6.0,69.0,10.0,0,0,0,1,250,0,0,0

SID,SUPA2L,ALL,2
IF,DSH,30.148333,120.501667, ,0.0,0.0,0,0,0,1,250,0,0,0
TF,HC606,30.089722,120.669722,0, ,0.0,0.0,0.0,0.0,2,5910,0,0,0,0,0,0
TF,SUPAR,30.023056,120.858056,0, ,0.0,0.0,0.0,0.0,4,9850,6890,0,0,0,0,0

SID,SUPA8D,24,4
DF,DER24,30.238189,120.408294,0, ,0.0,0.0,0,0,0,0,0,0,0,1
CF,HC601,30.141389,120.190833,0,HGH,253.0,15.2,249.0,13.0,0,0,0,0,0,0,0,0
TF,HC307,29.996111,120.275000,0, ,0.0,0.0,0.0,0.0,0,0,0,1,250,0,0,0

SID,SUPA8D,25,4
DF,DER25,30.222122,120.417753,0, ,0.0,0.0,0,0,0,0,0,0,0,1
CA,0,249.0,2,500,0,0,0,0,0,0
CF,HC604,30.073889,120.229167,0,HGH,236.3,15.6,234.0,13.0,2,3940,0,0,0,0,0,0
TF,HC307,29.996111,120.275000,0, ,0.0,0.0,0.0,0.0,0,0,0,1,230,0,0,0

SID,SUPA8D,ALL,5
IF,HC307,29.996111,120.275000, ,0.0,0.0,0,0,0,0,0,0,0,0
TF,HC306,30.125833,120.566389,0, ,0.0,0.0,0.0,0.0,0,0,0,0,0,0,0,0
TF,HC606,30.089722,120.669722,0, ,0.0,0.0,0.0,0.0,2,5910,0,0,0,0,0,0
TF,SUPAR,30.023056,120.858056,0, ,0.0,0.0,0.0,0.0,4,9850,6890,0,0,0,0,0

SID,SUPA9D,06,4
DF,DER06,30.252142,120.439761,0, ,0.0,0.0,0,0,0,0,0,0,0,1
CF,HC501,30.335389,120.628000,0,HGH,63.0,10.4,69.0,11.0,2,3940,0,0,0,0,0,0
TF,HC502,30.190556,120.712778,0, ,0.0,0.0,0.0,0.0,0,0,0,0,0,0,0,0

SID,SUPA9D,07,4
DF,DER07,30.236894,120.451061,0, ,0.0,0.0,0,0,0,0,0,0,0,1
CA,0,69.0,2,500,0,0,0,0,0,0
DF,HC503,30.228611,120.573611,0, ,0.0,0.0,2,1650,0,0,0,0,0,0
TF,HC502,30.190556,120.712778,0, ,0.0,0.0,0.0,0.0,0,0,0,0,0,0,0,0

SID,SUPA9D,ALL,5
IF,HC502,30.190556,120.712778, ,0.0,0.0,0,0,0,0,0,0,0,0
TF,HC310,30.129722,120.825556,0, ,0.0,0.0,0.0,0.0,2,4930,0,1,250,0,0,0
TF,SUPAR,30.023056,120.858056,0, ,0.0,0.0,0.0,0.0,4,9850,6890,0,0,0,0,0

SID,UGAG1L,06,1
CD, ,0,0,0,IXS,0,0.0,69.0,7.7,2,1320,0,0,0,0,0,0
DF,DSH,30.148333,120.501667,2, ,0.0,0.0,0,0,0,1,250,0,0,0

SID,UGAG1L,07,1
CD, ,0,0,0,HGH,0,0.0,69.0,5.4,2,1320,0,0,0,0,0,0
DF,DSH,30.148333,120.501667,2, ,0.0,0.0,0,0,0,1,250,0,0,0

SID,UGAG1L,ALL,2
IF,DSH,30.148333,120.501667, ,0.0,0.0,0,0,0,1,250,0,0,0
TF,D243O,30.011614,120.255603,0, ,0.0,0.0,0.0,0.0,3,9850,0,0,0,0,0,0
TF,D243U,29.961125,120.165119,0, ,0.0,0.0,0.0,0.0,2,7880,0,0,0,0,0,0
TF,MOLGU,29.850000,119.966667,0, ,0.0,0.0,0.0,0.0,3,13800,0,0,0,0,0,0
TF,UGAGO,29.627500,119.650556,0, ,0.0,0.0,0.0,0.0,0,0,0,0,0,0,0,0

SID,UGAG2L,24,1
CD, ,0,0,0,IHZ,0,0.0,249.0,11.0,2,1970,0,0,0,0,0,0
CF,WY,30.121667,120.201667,0,HGH,248.1,15.2,224.0,4.0,2,2960,0,1,250,0,0,0

SID,UGAG2L,25,1
CD, ,0,0,0,HGH,0,0.0,249.0,11.7,2,1970,0,0,0,0,0,0
CF,WY,30.121667,120.201667,0,HGH,248.1,15.2,249.0,4.0,2,2960,0,1,250,0,0,0

SID,UGAG2L,ALL,2
IF,WY,30.121667,120.201667, ,0.0,0.0,2,2960,0,1,250,0,0,0
TF,HC605,30.021389,119.998611,0, ,0.0,0.0,0.0,0.0,2,7880,0,0,0,0,0,0
TF,DUBGO,29.855278,119.664722,0, ,0.0,0.0,0.0,0.0,3,14800,0,0,0,0,0,0
TF,TOL,29.763333,119.660000,0, ,0.0,0.0,0.0,0.0,0,0,0,0,0,0,0,0
TF,UGAGO,29.627500,119.650556,0, ,0.0,0.0,0.0,0.0,0,0,0,0,0,0,0,0

SID,UGAG5E,06,4
DF,DER06,30.252142,120.439761,0, ,0.0,0.0,0,0,0,0,0,0,0,1
CF,HC501,30.335389,120.628000,0,HGH,63.0,10.4,69.0,11.0,2,3940,0,0,0,0,0,0
TF,HC502,30.190556,120.712778,0, ,0.0,0.0,0.0,0.0,0,0,0,0,0,0,0,0
TF,HC504,30.149722,120.620278,0, ,0.0,0.0,0.0,0.0,0,0,0,0,0,0,0,0

SID,UGAG5E,07,4
DF,DER07,30.236894,120.451061,0, ,0.0,0.0,0,0,0,0,0,0,0,1
CA,0,69.0,2,500,0,0,0,0,0,0
DF,HC503,30.228611,120.573611,0, ,0.0,0.0,2,1650,0,0,0,0,0,0
TF,HC504,30.149722,120.620278,0, ,0.0,0.0,0.0,0.0,0,0,0,0,0,0,0,0

SID,UGAG5E,ALL,5
IF,HC504,30.149722,120.620278, ,0.0,0.0,0,0,0,0,0,0,0,0
TF,HC505,30.047500,120.390000,0, ,0.0,0.0,0.0,0.0,2,5910,0,1,250,0,0,0
TF,HC307,29.996111,120.275000,0, ,0.0,0.0,0.0,0.0,3,9850,0,0,0,0,0,0
TF,HC308,29.951667,120.180833,0, ,0.0,0.0,0.0,0.0,2,7880,0,0,0,0,0,0
TF,MOLGU,29.850000,119.966667,0, ,0.0,0.0,0.0,0.0,3,13800,0,0,0,0,0,0
TF,UGAGO,29.627500,119.650556,0, ,0.0,0.0,0.0,0.0,0,0,0,0,0,0,0,0

SID,UGAG8D,24,4
DF,DER24,30.238189,120.408294,0, ,0.0,0.0,0,0,0,0,0,0,0,1
CF,HC601,30.141389,120.190833,0,HGH,253.0,15.2,249.0,13.0,0,0,0,0,0,0,0,0
TF,HC605,30.021389,119.998611,0, ,0.0,0.0,0.0,0.0,2,7880,0,1,250,0,0,0

SID,UGAG8D,25,4
DF,DER25,30.222122,120.417753,0, ,0.0,0.0,0,0,0,0,0,0,0,1
CA,0,249.0,2,500,0,0,0,0,0,0
CF,HC604,30.073889,120.229167,0,HGH,236.3,15.6,234.0,13.0,2,3940,0,0,0,0,0,0
TF,HC605,30.021389,119.998611,0, ,0.0,0.0,0.0,0.0,2,7880,0,1,250,0,0,0

SID,UGAG8D,ALL,5
IF,HC605,30.021389,119.998611, ,0.0,0.0,2,7880,0,1,250,0,0,0
TF,DUBGO,29.855278,119.664722,0, ,0.0,0.0,0.0,0.0,3,14800,0,0,0,0,0,0
TF,TOL,29.763333,119.660000,0, ,0.0,0.0,0.0,0.0,0,0,0,0,0,0,0,0
TF,UGAGO,29.627500,119.650556,0, ,0.0,0.0,0.0,0.0,0,0,0,0,0,0,0,0

SID,UGAG9D,06,5
DF,DER06,30.252142,120.439761,0, ,0.0,0.0,0,0,0,0,0,0,0,1
CF,HC102,30.320806,120.594972,0,HGH,61.6,8.5,69.0,9.0,2,2960,0,0,0,0,0,1
CF,HC211,30.347778,120.473056,1,HGH,11.9,6.4,249.0,5.0,2,5910,0,1,205,0,0,0
TF,HC210,30.256389,120.266944,0, ,0.0,0.0,0.0,0.0,4,7880,6890,0,0,0,0,0
TF,HC209,30.204722,120.150833,0, ,0.0,0.0,0.0,0.0,3,9850,0,0,0,0,0,0
TF,HC214,30.035278,119.773611,0, ,0.0,0.0,0.0,0.0,4,13800,7880,0,0,0,0,0
TF,DUBGO,29.855278,119.664722,0, ,0.0,0.0,0.0,0.0,0,0,0,0,0,0,0,0
TF,TOL,29.763333,119.660000,0, ,0.0,0.0,0.0,0.0,0,0,0,0,0,0,0,0
TF,UGAGO,29.627500,119.650556,0, ,0.0,0.0,0.0,0.0,0,0,0,0,0,0,0,0

STAR,ABVL2J,ALL,2
IF,ABVIL,29.641667,119.315000, ,0.0,0.0,0,0,0,0,0,0,0,0
TF,ELNEX,29.631667,119.490000,0, ,0.0,0.0,0.0,0.0,0,0,0,0,0,0,0,0
TF,UGAGO,29.627500,119.650556,0, ,0.0,0.0,0.0,0.0,0,0,0,0,0,0,0,0
TF,MOLGU,29.850000,119.966667,0, ,0.0,0.0,0.0,0.0,3,13800,0,0,0,0,0,0
TF,D243U,29.961125,120.165119,0, ,0.0,0.0,0.0,0.0,4,11800,7880,0,0,0,0,0
TF,D243O,30.011614,120.255603,0, ,0.0,0.0,0.0,0.0,3,9850,0,0,0,0,0,0
TF,D243G,30.089922,120.396358,0, ,0.0,0.0,0.0,0.0,0,0,0,0,0,0,0,0

STAR,ABVL2J,24,3
IF,D243G,30.089922,120.396358, ,0.0,0.0,0,0,0,0,0,0,0,0
TF,DSH,30.148333,120.501667,0, ,0.0,0.0,0.0,0.0,2,4930,0,1,210,0,0,0

STAR,ABVL2J,25,3
IF,D243G,30.089922,120.396358, ,0.0,0.0,0,0,0,0,0,0,0,0
TF,DSH,30.148333,120.501667,0, ,0.0,0.0,0.0,0.0,2,4930,0,1,210,0,0,0

STAR,ABVL81,ALL,5
IF,ABVIL,29.641667,119.315000, ,0.0,0.0,0,0,0,0,0,0,0,0
TF,ELNEX,29.631667,119.490000,0, ,0.0,0.0,0.0,0.0,0,0,0,0,0,0,0,0
TF,UGAGO,29.627500,119.650556,0, ,0.0,0.0,0.0,0.0,0,0,0,0,0,0,0,0
TF,MOLGU,29.850000,119.966667,0, ,0.0,0.0,0.0,0.0,3,13800,0,0,0,0,0,0
TF,HC309,29.898056,120.067778,0, ,0.0,0.0,0.0,0.0,2,7880,0,0,0,0,0,0
TF,HC307,29.996111,120.275000,0, ,0.0,0.0,0.0,0.0,3,9850,0,0,0,0,0,0

STAR,ABVL81,24,6
IF,HC307,29.996111,120.275000, ,0.0,0.0,3,9850,0,0,0,0,0,0
TF,HC306,30.125833,120.566389,0, ,0.0,0.0,0.0,0.0,2,4930,0,1,210,0,0,0

STAR,ABVL81,25,6
IF,HC307,29.996111,120.275000, ,0.0,0.0,3,9850,0,0,0,0,0,0
TF,HC306,30.125833,120.566389,0, ,0.0,0.0,0.0,0.0,2,4930,0,1,210,0,0,0

STAR,ELNE13,ALL,5
IF,ELNEX,29.631667,119.490000, ,0.0,0.0,0,0,0,0,0,0,0,0
TF,TOL,29.763333,119.660000,0, ,0.0,0.0,0.0,0.0,0,0,0,0,0,0,0,0
TF,HC408,29.900278,119.879444,0, ,0.0,0.0,0.0,0.0,2,7880,0,0,0,0,0,0
TF,HC407,29.937778,119.963333,0, ,0.0,0.0,0.0,0.0,2,6890,0,0,0,0,0,0

STAR,ELNE13,06,6
IF,HC407,29.937778,119.963333, ,0.0,0.0,2,6890,0,0,0,0,0,0
TF,HC405,30.018889,120.143611,0, ,0.0,0.0,0.0,0.0,2,3940,0,1,210,0,0,0

STAR,ELNE13,07,6
IF,HC407,29.937778,119.963333, ,0.0,0.0,2,6890,0,0,0,0,0,0
TF,HC405,30.018889,120.143611,0, ,0.0,0.0,0.0,0.0,2,3940,0,1,210,0,0,0

STAR,ELNE2J,ALL,2
IF,ELNEX,29.631667,119.490000, ,0.0,0.0,0,0,0,0,0,0,0,0
TF,UGAGO,29.627500,119.650556,0, ,0.0,0.0,0.0,0.0,0,0,0,0,0,0,0,0
TF,MOLGU,29.850000,119.966667,0, ,0.0,0.0,0.0,0.0,3,13800,0,0,0,0,0,0
TF,D243U,29.961125,120.165119,0, ,0.0,0.0,0.0,0.0,4,11800,7880,0,0,0,0,0
TF,D243O,30.011614,120.255603,0, ,0.0,0.0,0.0,0.0,3,9850,0,0,0,0,0,0
TF,D243G,30.089922,120.396358,0, ,0.0,0.0,0.0,0.0,0,0,0,0,0,0,0,0

STAR,ELNE2J,24,3
IF,D243G,30.089922,120.396358, ,0.0,0.0,0,0,0,0,0,0,0,0
TF,DSH,30.148333,120.501667,0, ,0.0,0.0,0.0,0.0,2,4930,0,1,210,0,0,0

STAR,ELNE2J,25,3
IF,D243G,30.089922,120.396358, ,0.0,0.0,0,0,0,0,0,0,0,0
TF,DSH,30.148333,120.501667,0, ,0.0,0.0,0.0,0.0,2,4930,0,1,210,0,0,0

STAR,ELNE52,07,5
IF,ELNEX,29.631667,119.490000, ,0.0,0.0,0,0,0,0,0,0,0,0
TF,DUBGO,29.855278,119.664722,0, ,0.0,0.0,0.0,0.0,4,14800,8860,0,0,0,0,0
TF,HC414,29.935278,119.816389,0, ,0.0,0.0,0.0,0.0,2,7880,0,0,0,0,0,0
TF,HC413,29.990556,119.920556,0, ,0.0,0.0,0.0,0.0,2,6890,0,0,0,0,0,0
TF,HC412,30.054167,120.041111,0, ,0.0,0.0,0.0,0.0,1,3940,0,1,230,0,0,0

STAR,ELNE81,ALL,5
IF,ELNEX,29.631667,119.490000, ,0.0,0.0,0,0,0,0,0,0,0,0
TF,UGAGO,29.627500,119.650556,0, ,0.0,0.0,0.0,0.0,0,0,0,0,0,0,0,0
TF,MOLGU,29.850000,119.966667,0, ,0.0,0.0,0.0,0.0,3,13800,0,0,0,0,0,0
TF,HC309,29.898056,120.067778,0, ,0.0,0.0,0.0,0.0,2,7880,0,0,0,0,0,0
TF,HC307,29.996111,120.275000,0, ,0.0,0.0,0.0,0.0,3,9850,0,0,0,0,0,0

STAR,ELNE81,24,6
IF,HC307,29.996111,120.275000, ,0.0,0.0,3,9850,0,0,0,0,0,0
TF,HC306,30.125833,120.566389,0, ,0.0,0.0,0.0,0.0,2,4930,0,1,210,0,0,0

STAR,ELNE81,25,6
IF,HC307,29.996111,120.275000, ,0.0,0.0,3,9850,0,0,0,0,0,0
TF,HC306,30.125833,120.566389,0, ,0.0,0.0,0.0,0.0,2,4930,0,1,210,0,0,0

STAR,ELNE91,ALL,5
IF,ELNEX,29.631667,119.490000, ,0.0,0.0,0,0,0,0,0,0,0,0
TF,DUBGO,29.855278,119.664722,0, ,0.0,0.0,0.0,0.0,4,14800,8860,0,0,0,0,0
TF,HC214,30.035278,119.773611,0, ,0.0,0.0,0.0,0.0,4,13800,7880,0,0,0,0,0
TF,HC207,30.125833,119.974722,0, ,0.0,0.0,0.0,0.0,2,5910,0,0,0,0,0,0

STAR,ELNE91,06,6
IF,HC207,30.125833,119.974722, ,0.0,0.0,2,5910,0,0,0,0,0,0
TF,HC208,30.161389,120.054444,0, ,0.0,0.0,0.0,0.0,2,5910,0,1,210,0,0,0

STAR,ELNE91,07,6
IF,HC207,30.125833,119.974722, ,0.0,0.0,2,5910,0,0,0,0,0,0
TF,HC208,30.161389,120.054444,0, ,0.0,0.0,0.0,0.0,2,5910,0,1,210,0,0,0

STAR,IGRA1J,ALL,2
IF,IGRAT,30.716667,119.805833, ,0.0,0.0,2,9850,0,0,0,0,0,0
TF,HC213,30.641389,119.874444,0, ,0.0,0.0,0.0,0.0,0,0,0,0,0,0,0,0
TF,HC212,30.439444,120.002500,0, ,0.0,0.0,0.0,0.0,4,7880,6890,0,0,0,0,0

STAR,IGRA1J,06,3
IF,HC212,30.439444,120.002500, ,0.0,0.0,4,7880,6890,0,0,0,0,0
TF,D275Q,30.235525,120.125678,0, ,0.0,0.0,0.0,0.0,2,6890,0,1,210,0,0,0

STAR,IGRA1J,07,3
IF,HC212,30.439444,120.002500, ,0.0,0.0,4,7880,6890,0,0,0,0,0
TF,D275Q,30.235525,120.125678,0, ,0.0,0.0,0.0,0.0,2,6890,0,1,210,0,0,0

STAR,IGRA2J,ALL,2
IF,IGRAT,30.716667,119.805833, ,0.0,0.0,2,9850,0,0,0,0,0,0
TF,HC107,30.665278,119.994444,0, ,0.0,0.0,0.0,0.0,0,0,0,0,0,0,0,0
TF,KAKIS,30.483333,120.146667,0, ,0.0,0.0,0.0,0.0,3,7880,0,0,0,0,0,0
TF,HC106,30.327222,120.225000,0, ,0.0,0.0,0.0,0.0,2,6890,0,0,0,0,0,0

STAR,IGRA2J,24,3
IF,HC106,30.327222,120.225000, ,0.0,0.0,2,6890,0,0,0,0,0,0
TF,DSH,30.148333,120.501667,0, ,0.0,0.0,0.0,0.0,2,4930,0,1,210,0,0,0

STAR,IGRA2J,25,3
IF,HC106,30.327222,120.225000, ,0.0,0.0,2,6890,0,0,0,0,0,0
TF,DSH,30.148333,120.501667,0, ,0.0,0.0,0.0,0.0,2,4930,0,1,210,0,0,0

STAR,IGRA43,24,5
IF,IGRAT,30.716667,119.805833, ,0.0,0.0,2,9850,0,0,0,0,0,0
TF,HC107,30.665278,119.994444,0, ,0.0,0.0,0.0,0.0,0,0,0,0,0,0,0,0
TF,KAKIS,30.483333,120.146667,0, ,0.0,0.0,0.0,0.0,0,0,0,0,0,0,0,0
TF,HC106,30.327222,120.225000,0, ,0.0,0.0,0.0,0.0,0,0,0,0,0,0,0,0
TF,HC210,30.256389,120.266944,0, ,0.0,0.0,0.0,0.0,0,0,0,0,0,0,0,0
TF,HC211,30.347778,120.473056,0, ,0.0,0.0,0.0,0.0,0,0,0,0,0,0,0,0
TF,HC104,30.426667,120.651944,0, ,0.0,0.0,0.0,0.0,2,4930,0,1,210,0,0,0

STAR,IGRA4K,ALL,2
IF,IGRAT,30.716667,119.805833, ,0.0,0.0,2,9850,0,0,0,0,0,0
TF,HC107,30.665278,119.994444,0, ,0.0,0.0,0.0,0.0,0,0,0,0,0,0,0,0
TF,KAKIS,30.483333,120.146667,0, ,0.0,0.0,0.0,0.0,3,7880,0,0,0,0,0,0

STAR,IGRA4K,24,3
IF,KAKIS,30.483333,120.146667, ,0.0,0.0,3,7880,0,0,0,0,0,0
TF,HC106,30.327222,120.225000,0, ,0.0,0.0,0.0,0.0,2,6890,0,1,210,0,0,0

STAR,IGRA4K,25,3
IF,KAKIS,30.483333,120.146667, ,0.0,0.0,3,7880,0,0,0,0,0,0
TF,HC106,30.327222,120.225000,0, ,0.0,0.0,0.0,0.0,2,6890,0,1,210,0,0,0

STAR,IGRA52,06,5
IF,IGRAT,30.716667,119.805833, ,0.0,0.0,2,9850,0,0,0,0,0,0
TF,HC213,30.641389,119.874444,0, ,0.0,0.0,0.0,0.0,0,0,0,0,0,0,0,0
TF,HC212,30.439444,120.002500,0, ,0.0,0.0,0.0,0.0,0,0,0,0,0,0,0,0
TF,HC209,30.204722,120.150833,0, ,0.0,0.0,0.0,0.0,0,0,0,0,0,0,0,0
TF,HC208,30.161389,120.054444,0, ,0.0,0.0,0.0,0.0,2,5910,0,1,210,0,0,0

STAR,IGRA62,ALL,5
IF,IGRAT,30.716667,119.805833, ,0.0,0.0,2,9850,0,0,0,0,0,0
TF,HC107,30.665278,119.994444,0, ,0.0,0.0,0.0,0.0,0,0,0,0,0,0,0,0
TF,KAKIS,30.483333,120.146667,0, ,0.0,0.0,0.0,0.0,3,7880,0,0,0,0,0,0
TF,HC106,30.327222,120.225000,0, ,0.0,0.0,0.0,0.0,0,0,0,0,0,0,0,0
TF,HC210,30.256389,120.266944,0, ,0.0,0.0,0.0,0.0,2,6890,0,0,0,0,0,0

STAR,IGRA62,24,6
IF,HC210,30.256389,120.266944, ,0.0,0.0,2,6890,0,0,0,0,0,0
TF,HC306,30.125833,120.566389,0, ,0.0,0.0,0.0,0.0,2,4930,0,1,210,0,0,0

STAR,IGRA62,25,6
IF,HC210,30.256389,120.266944, ,0.0,0.0,2,6890,0,0,0,0,0,0
TF,HC306,30.125833,120.566389,0, ,0.0,0.0,0.0,0.0,2,4930,0,1,210,0,0,0

STAR,IGRA81,ALL,5
IF,IGRAT,30.716667,119.805833, ,0.0,0.0,2,9850,0,0,0,0,0,0
TF,HC107,30.665278,119.994444,0, ,0.0,0.0,0.0,0.0,0,0,0,0,0,0,0,0
TF,KAKIS,30.483333,120.146667,0, ,0.0,0.0,0.0,0.0,3,7880,0,0,0,0,0,0
TF,HC106,30.327222,120.225000,0, ,0.0,0.0,0.0,0.0,0,0,0,0,0,0,0,0
TF,HC210,30.256389,120.266944,0, ,0.0,0.0,0.0,0.0,2,6890,0,0,0,0,0,0
TF,HC211,30.347778,120.473056,0, ,0.0,0.0,0.0,0.0,2,5910,0,0,0,0,0,0

STAR,IGRA81,24,6
IF,HC211,30.347778,120.473056, ,0.0,0.0,2,5910,0,0,0,0,0,0
TF,HC104,30.426667,120.651944,0, ,0.0,0.0,0.0,0.0,2,4930,0,1,210,0,0,0

STAR,IGRA81,25,6
IF,HC211,30.347778,120.473056, ,0.0,0.0,2,5910,0,0,0,0,0,0
TF,HC104,30.426667,120.651944,0, ,0.0,0.0,0.0,0.0,2,4930,0,1,210,0,0,0

STAR,IGRA91,ALL,5
IF,IGRAT,30.716667,119.805833, ,0.0,0.0,2,9850,0,0,0,0,0,0
TF,HC213,30.641389,119.874444,0, ,0.0,0.0,0.0,0.0,0,0,0,0,0,0,0,0
TF,HC212,30.439444,120.002500,0, ,0.0,0.0,0.0,0.0,4,7880,6890,0,0,0,0,0
TF,HC209,30.204722,120.150833,0, ,0.0,0.0,0.0,0.0,2,6890,0,0,0,0,0,0

STAR,IGRA91,06,6
IF,HC209,30.204722,120.150833, ,0.0,0.0,2,6890,0,0,0,0,0,0
TF,HC208,30.161389,120.054444,0, ,0.0,0.0,0.0,0.0,2,5910,0,1,210,0,0,0

STAR,IGRA91,07,6
IF,HC209,30.204722,120.150833, ,0.0,0.0,2,6890,0,0,0,0,0,0
TF,HC208,30.161389,120.054444,0, ,0.0,0.0,0.0,0.0,2,5910,0,1,210,0,0,0

STAR,OKTU2J,ALL,2
IF,OKTUG,30.088611,120.960278, ,0.0,0.0,4,9850,6890,0,0,0,0,0

STAR,OKTU2J,24,3
IF,OKTUG,30.088611,120.960278, ,0.0,0.0,4,9850,6890,0,0,0,0,0
TF,D115P,30.153678,120.751239,0, ,0.0,0.0,0.0,0.0,2,4930,0,1,210,0,0,0

STAR,OKTU2J,25,3
IF,OKTUG,30.088611,120.960278, ,0.0,0.0,4,9850,6890,0,0,0,0,0
TF,D115P,30.153678,120.751239,0, ,0.0,0.0,0.0,0.0,2,4930,0,1,210,0,0,0

STAR,OKTU81,ALL,5
IF,OKTUG,30.088611,120.960278, ,0.0,0.0,4,9850,6890,0,0,0,0,0

STAR,OKTU81,24,6
IF,OKTUG,30.088611,120.960278, ,0.0,0.0,4,9850,6890,0,0,0,0,0
TF,HC310,30.129722,120.825556,0, ,0.0,0.0,0.0,0.0,2,4930,0,1,210,0,0,0

STAR,OKTU81,25,6
IF,OKTUG,30.088611,120.960278, ,0.0,0.0,4,9850,6890,0,0,0,0,0
TF,HC310,30.129722,120.825556,0, ,0.0,0.0,0.0,0.0,2,4930,0,1,210,0,0,0

STAR,OKTU91,ALL,5
IF,OKTUG,30.088611,120.960278, ,0.0,0.0,0,0,0,0,0,0,0,0
TF,SUPAR,30.023056,120.858056,0, ,0.0,0.0,0.0,0.0,4,9850,6890,0,0,0,0,0

STAR,OKTU91,06,6
IF,SUPAR,30.023056,120.858056, ,0.0,0.0,4,9850,6890,0,0,0,0,0
TF,HC410,30.161944,120.464722,0, ,0.0,0.0,0.0,0.0,2,4930,0,1,230,0,0,0

STAR,OKTU91,07,6
IF,SUPAR,30.023056,120.858056, ,0.0,0.0,4,9850,6890,0,0,0,0,0
TF,HC410,30.161944,120.464722,0, ,0.0,0.0,0.0,0.0,2,4930,0,1,230,0,0,0

STAR,OREX13,ALL,5
IF,OREXA,29.655556,119.158889, ,0.0,0.0,0,0,0,0,0,0,0,0
TF,ABVIL,29.641667,119.315000,0, ,0.0,0.0,0.0,0.0,0,0,0,0,0,0,0,0
TF,ELNEX,29.631667,119.490000,0, ,0.0,0.0,0.0,0.0,0,0,0,0,0,0,0,0
TF,TOL,29.763333,119.660000,0, ,0.0,0.0,0.0,0.0,0,0,0,0,0,0,0,0
TF,HC408,29.900278,119.879444,0, ,0.0,0.0,0.0,0.0,2,7880,0,0,0,0,0,0
TF,HC407,29.937778,119.963333,0, ,0.0,0.0,0.0,0.0,2,6890,0,0,0,0,0,0

STAR,OREX13,06,6
IF,HC407,29.937778,119.963333, ,0.0,0.0,2,6890,0,0,0,0,0,0
TF,HC405,30.018889,120.143611,0, ,0.0,0.0,0.0,0.0,2,3940,0,1,210,0,0,0

STAR,OREX13,07,6
IF,HC407,29.937778,119.963333, ,0.0,0.0,2,6890,0,0,0,0,0,0
TF,HC405,30.018889,120.143611,0, ,0.0,0.0,0.0,0.0,2,3940,0,1,210,0,0,0

STAR,OREX52,07,5
IF,OREXA,29.655556,119.158889, ,0.0,0.0,0,0,0,0,0,0,0,0
TF,ABVIL,29.641667,119.315000,0, ,0.0,0.0,0.0,0.0,0,0,0,0,0,0,0,0
TF,ELNEX,29.631667,119.490000,0, ,0.0,0.0,0.0,0.0,0,0,0,0,0,0,0,0
TF,DUBGO,29.855278,119.664722,0, ,0.0,0.0,0.0,0.0,4,14800,8860,0,0,0,0,0
TF,HC414,29.935278,119.816389,0, ,0.0,0.0,0.0,0.0,2,7880,0,0,0,0,0,0
TF,HC413,29.990556,119.920556,0, ,0.0,0.0,0.0,0.0,2,6890,0,0,0,0,0,0
TF,HC412,30.054167,120.041111,0, ,0.0,0.0,0.0,0.0,1,3940,0,1,230,0,0,0

STAR,OREX62,ALL,5
IF,OREXA,29.655556,119.158889, ,0.0,0.0,0,0,0,0,0,0,0,0
TF,HC214,30.035278,119.773611,0, ,0.0,0.0,0.0,0.0,4,13800,7880,0,0,0,0,0
TF,HC209,30.204722,120.150833,0, ,0.0,0.0,0.0,0.0,0,0,0,0,0,0,0,0
TF,HC210,30.256389,120.266944,0, ,0.0,0.0,0.0,0.0,2,6890,0,0,0,0,0,0
TF,HC211,30.347778,120.473056,0, ,0.0,0.0,0.0,0.0,2,5910,0,0,0,0,0,0

STAR,OREX62,24,6
IF,HC211,30.347778,120.473056, ,0.0,0.0,2,5910,0,0,0,0,0,0
TF,HC104,30.426667,120.651944,0, ,0.0,0.0,0.0,0.0,2,4930,0,1,210,0,0,0

STAR,OREX62,25,6
IF,HC211,30.347778,120.473056, ,0.0,0.0,2,5910,0,0,0,0,0,0
TF,HC104,30.426667,120.651944,0, ,0.0,0.0,0.0,0.0,2,4930,0,1,210,0,0,0

STAR,OREX81,ALL,5
IF,OREXA,29.655556,119.158889, ,0.0,0.0,0,0,0,0,0,0,0,0
TF,ABVIL,29.641667,119.315000,0, ,0.0,0.0,0.0,0.0,0,0,0,0,0,0,0,0
TF,ELNEX,29.631667,119.490000,0, ,0.0,0.0,0.0,0.0,0,0,0,0,0,0,0,0
TF,UGAGO,29.627500,119.650556,0, ,0.0,0.0,0.0,0.0,0,0,0,0,0,0,0,0
TF,MOLGU,29.850000,119.966667,0, ,0.0,0.0,0.0,0.0,3,13800,0,0,0,0,0,0
TF,HC309,29.898056,120.067778,0, ,0.0,0.0,0.0,0.0,2,7880,0,0,0,0,0,0
TF,HC307,29.996111,120.275000,0, ,0.0,0.0,0.0,0.0,3,9850,0,0,0,0,0,0

STAR,OREX81,24,6
IF,HC307,29.996111,120.275000, ,0.0,0.0,3,9850,0,0,0,0,0,0
TF,HC306,30.125833,120.566389,0, ,0.0,0.0,0.0,0.0,2,4930,0,1,210,0,0,0

STAR,OREX81,25,6
IF,HC307,29.996111,120.275000, ,0.0,0.0,3,9850,0,0,0,0,0,0
TF,HC306,30.125833,120.566389,0, ,0.0,0.0,0.0,0.0,2,4930,0,1,210,0,0,0

STAR,OREX91,ALL,5
IF,OREXA,29.655556,119.158889, ,0.0,0.0,0,0,0,0,0,0,0,0
TF,HC214,30.035278,119.773611,0, ,0.0,0.0,0.0,0.0,4,13800,7880,0,0,0,0,0
TF,HC207,30.125833,119.974722,0, ,0.0,0.0,0.0,0.0,2,5910,0,0,0,0,0,0

STAR,OREX91,06,6
IF,HC207,30.125833,119.974722, ,0.0,0.0,2,5910,0,0,0,0,0,0
TF,HC208,30.161389,120.054444,0, ,0.0,0.0,0.0,0.0,2,5910,0,1,210,0,0,0

STAR,OREX91,07,6
IF,HC207,30.125833,119.974722, ,0.0,0.0,2,5910,0,0,0,0,0,0
TF,HC208,30.161389,120.054444,0, ,0.0,0.0,0.0,0.0,2,5910,0,1,210,0,0,0

STAR,SUPA1J,ALL,2
IF,SUPAR,30.023056,120.858056, ,0.0,0.0,4,9850,6890,0,0,0,0,0
TF,D118N,30.060781,120.751117,0, ,0.0,0.0,0.0,0.0,0,0,0,0,0,0,0,0

STAR,SUPA1J,06,3
IF,D118N,30.060781,120.751117, ,0.0,0.0,0,0,0,0,0,0,0,0
TF,DSH,30.148333,120.501667,0, ,0.0,0.0,0.0,0.0,2,4930,0,1,210,0,0,0

STAR,SUPA1J,07,3
IF,D118N,30.060781,120.751117, ,0.0,0.0,0,0,0,0,0,0,0,0
TF,DSH,30.148333,120.501667,0, ,0.0,0.0,0.0,0.0,2,4930,0,1,210,0,0,0

STAR,SUPA2J,ALL,2
IF,SUPAR,30.023056,120.858056, ,0.0,0.0,4,9850,6890,0,0,0,0,0

STAR,SUPA2J,24,3
IF,SUPAR,30.023056,120.858056, ,0.0,0.0,4,9850,6890,0,0,0,0,0
TF,D115P,30.153678,120.751239,0, ,0.0,0.0,0.0,0.0,2,4930,0,1,210,0,0,0

STAR,SUPA2J,25,3
IF,SUPAR,30.023056,120.858056, ,0.0,0.0,4,9850,6890,0,0,0,0,0
TF,D115P,30.153678,120.751239,0, ,0.0,0.0,0.0,0.0,2,4930,0,1,210,0,0,0

STAR,SUPA81,ALL,5
IF,SUPAR,30.023056,120.858056, ,0.0,0.0,4,9850,6890,0,0,0,0,0

STAR,SUPA81,24,6
IF,SUPAR,30.023056,120.858056, ,0.0,0.0,4,9850,6890,0,0,0,0,0
TF,HC310,30.129722,120.825556,0, ,0.0,0.0,0.0,0.0,2,4930,0,1,210,0,0,0

STAR,SUPA81,25,6
IF,SUPAR,30.023056,120.858056, ,0.0,0.0,4,9850,6890,0,0,0,0,0
TF,HC310,30.129722,120.825556,0, ,0.0,0.0,0.0,0.0,2,4930,0,1,210,0,0,0

STAR,SUPA91,ALL,5
IF,SUPAR,30.023056,120.858056, ,0.0,0.0,4,9850,6890,0,0,0,0,0

STAR,SUPA91,06,6
IF,SUPAR,30.023056,120.858056, ,0.0,0.0,4,9850,6890,0,0,0,0,0
TF,HC410,30.161944,120.464722,0, ,0.0,0.0,0.0,0.0,2,4930,0,1,230,0,0,0

STAR,SUPA91,07,6
IF,SUPAR,30.023056,120.858056, ,0.0,0.0,4,9850,6890,0,0,0,0,0
TF,HC410,30.161944,120.464722,0, ,0.0,0.0,0.0,0.0,2,4930,0,1,230,0,0,0

STAR,TOL1J,ALL,2
IF,TOL,29.763333,119.660000, ,0.0,0.0,0,0,0,0,0,0,0,0
TF,DUBGO,29.855278,119.664722,0, ,0.0,0.0,0.0,0.0,4,14800,8860,0,0,0,0,0
TF,HGH38,29.931881,119.818381,0, ,0.0,0.0,0.0,0.0,2,7880,0,0,0,0,0,0

STAR,TOL1J,06,3
IF,HGH38,29.931881,119.818381, ,0.0,0.0,2,7880,0,0,0,0,0,0
TF,HGH32,29.982958,119.926267,0, ,0.0,0.0,0.0,0.0,2,6890,0,1,210,0,0,0

STAR,TOL1J,07,3
IF,HGH38,29.931881,119.818381, ,0.0,0.0,2,7880,0,0,0,0,0,0
TF,HGH32,29.982958,119.926267,0, ,0.0,0.0,0.0,0.0,2,6890,0,1,210,0,0,0

STAR,UGAG13,ALL,5
IF,UGAGO,29.627500,119.650556, ,0.0,0.0,0,0,0,0,0,0,0,0
TF,TOL,29.763333,119.660000,0, ,0.0,0.0,0.0,0.0,0,0,0,0,0,0,0,0
TF,HC408,29.900278,119.879444,0, ,0.0,0.0,0.0,0.0,2,7880,0,0,0,0,0,0
TF,HC407,29.937778,119.963333,0, ,0.0,0.0,0.0,0.0,2,6890,0,0,0,0,0,0

STAR,UGAG13,06,6
IF,HC407,29.937778,119.963333, ,0.0,0.0,2,6890,0,0,0,0,0,0
TF,HC405,30.018889,120.143611,0, ,0.0,0.0,0.0,0.0,2,3940,0,1,210,0,0,0

STAR,UGAG13,07,6
IF,HC407,29.937778,119.963333, ,0.0,0.0,2,6890,0,0,0,0,0,0
TF,HC405,30.018889,120.143611,0, ,0.0,0.0,0.0,0.0,2,3940,0,1,210,0,0,0

STAR,UGAG2J,ALL,2
IF,UGAGO,29.627500,119.650556, ,0.0,0.0,0,0,0,0,0,0,0,0
TF,MOLGU,29.850000,119.966667,0, ,0.0,0.0,0.0,0.0,3,13800,0,0,0,0,0,0
TF,D243U,29.961125,120.165119,0, ,0.0,0.0,0.0,0.0,4,11800,7880,0,0,0,0,0
TF,D243O,30.011614,120.255603,0, ,0.0,0.0,0.0,0.0,3,9850,0,0,0,0,0,0
TF,D243G,30.089922,120.396358,0, ,0.0,0.0,0.0,0.0,0,0,0,0,0,0,0,0

STAR,UGAG2J,24,3
IF,D243G,30.089922,120.396358, ,0.0,0.0,0,0,0,0,0,0,0,0
TF,DSH,30.148333,120.501667,0, ,0.0,0.0,0.0,0.0,2,4930,0,1,210,0,0,0

STAR,UGAG2J,25,3
IF,D243G,30.089922,120.396358, ,0.0,0.0,0,0,0,0,0,0,0,0
TF,DSH,30.148333,120.501667,0, ,0.0,0.0,0.0,0.0,2,4930,0,1,210,0,0,0

STAR,UGAG52,07,5
IF,UGAGO,29.627500,119.650556, ,0.0,0.0,0,0,0,0,0,0,0,0
TF,TOL,29.763333,119.660000,0, ,0.0,0.0,0.0,0.0,0,0,0,0,0,0,0,0
TF,DUBGO,29.855278,119.664722,0, ,0.0,0.0,0.0,0.0,4,14800,8860,0,0,0,0,0
TF,HC414,29.935278,119.816389,0, ,0.0,0.0,0.0,0.0,2,7880,0,0,0,0,0,0
TF,HC413,29.990556,119.920556,0, ,0.0,0.0,0.0,0.0,2,6890,0,0,0,0,0,0
TF,HC412,30.054167,120.041111,0, ,0.0,0.0,0.0,0.0,1,3940,0,1,230,0,0,0

STAR,UGAG81,ALL,5
IF,UGAGO,29.627500,119.650556, ,0.0,0.0,0,0,0,0,0,0,0,0
TF,MOLGU,29.850000,119.966667,0, ,0.0,0.0,0.0,0.0,3,13800,0,0,0,0,0,0
TF,HC309,29.898056,120.067778,0, ,0.0,0.0,0.0,0.0,2,7880,0,0,0,0,0,0
TF,HC307,29.996111,120.275000,0, ,0.0,0.0,0.0,0.0,3,9850,0,0,0,0,0,0

STAR,UGAG81,24,6
IF,HC307,29.996111,120.275000, ,0.0,0.0,3,9850,0,0,0,0,0,0
TF,HC306,30.125833,120.566389,0, ,0.0,0.0,0.0,0.0,2,4930,0,1,210,0,0,0

STAR,UGAG81,25,6
IF,HC307,29.996111,120.275000, ,0.0,0.0,3,9850,0,0,0,0,0,0
TF,HC306,30.125833,120.566389,0, ,0.0,0.0,0.0,0.0,2,4930,0,1,210,0,0,0

STAR,UGAG91,ALL,5
IF,UGAGO,29.627500,119.650556, ,0.0,0.0,0,0,0,0,0,0,0,0
TF,TOL,29.763333,119.660000,0, ,0.0,0.0,0.0,0.0,0,0,0,0,0,0,0,0
TF,DUBGO,29.855278,119.664722,0, ,0.0,0.0,0.0,0.0,4,14800,8860,0,0,0,0,0
TF,HC214,30.035278,119.773611,0, ,0.0,0.0,0.0,0.0,4,13800,7880,0,0,0,0,0
TF,HC207,30.125833,119.974722,0, ,0.0,0.0,0.0,0.0,2,5910,0,0,0,0,0,0

STAR,UGAG91,06,6
IF,HC207,30.125833,119.974722, ,0.0,0.0,2,5910,0,0,0,0,0,0
TF,HC208,30.161389,120.054444,0, ,0.0,0.0,0.0,0.0,2,5910,0,1,210,0,0,0

STAR,UGAG91,07,6
IF,HC207,30.125833,119.974722, ,0.0,0.0,2,5910,0,0,0,0,0,0
TF,HC208,30.161389,120.054444,0, ,0.0,0.0,0.0,0.0,2,5910,0,1,210,0,0,0

APPTR,D07,07,D275Q
IF,D275Q,30.235525,120.125678, ,0.0,0.0,2,6890,0,1,210,0,1,0
FD,D275Q,30.235525,120.125678,0,HGH,275.0,22.2,216.0,22.2,2,4930,0,0,0,0,0,0
CF,D252U,30.097125,120.090053,1,HGH,252.0,21.1,80.0,1.0,0,0,0,0,0,0,0,0
CF,CF07,30.120539,120.189494,0,HGH,249.0,15.8,80.0,5.4,2,2960,0,0,0,0,1,0

APPTR,D07,07,DSH
IF,DSH,30.148333,120.501667, ,0.0,0.0,2,4930,0,1,210,0,1,0
FD,DSH,30.148333,120.501667,0,DSH,0.0,15.2,249.0,15.2,0,0,0,0,0,0,0,0
CF,D244Q,30.086675,120.176922,0,HGH,244.0,17.4,339.0,6.0,0,0,0,0,0,0,0,0
CF,CF07,30.120539,120.189494,0,HGH,249.0,15.8,69.0,2.0,2,2960,0,0,0,0,1,0

APPTR,D07,07,HGH32
IF,HGH32,29.982958,119.926267, ,0.0,0.0,2,6890,0,1,210,0,1,0
FD,HGH32,29.982958,119.926267,0,HGH,247.1,21.1,66.0,21.1,2,3940,0,0,0,0,0,0
CF,CF07,30.120539,120.189494,0,HGH,249.0,15.8,64.0,5.2,2,2960,0,0,0,0,1,0

FINAL,D07,07,D,4
IF,CF07,30.120539,120.189494,HGH,249.0,15.8,2,2960,0,0,0,0,0,0
CF,FF07,30.153333,120.263031,0,HGH,249.0,11.5,69.0,4.3,2,2960,0,0,0,0,2,0
CF,68VOR,30.189400,120.343889,0,HGH,249.0,6.8,69.0,4.7,2,1460,0,0,0,0,0,0
CF,MD07,30.213708,120.398706,0,HGH,249.0,3.6,69.0,3.2,1,425,0,0,0,0,3,0
CF,HGH,30.241028,120.460408,0,HGH,0.0,0.0,69.0,3.6,0,0,0,0,0,0,0,1
FD,HGH,30.241028,120.460408,0,HGH,0.0,5.4,69.0,5.4,2,1970,0,0,0,0,0,0
DF,DSH,30.148333,120.501667,2, ,0.0,0.0,2,3940,0,1,210,0,0,0
HM,DSH,30.148333,120.501667,1, ,0.0,0.0,249.0,04.3,0,0,0,1,230,0,0,0,0

APPTR,D25,25,D115P
IF,D115P,30.153678,120.751239, ,0.0,0.0,2,4930,0,1,210,0,1,0
CF,D077K,30.301786,120.664294,0,HGH,77.0,11.2,339.0,10.0,0,0,0,0,0,0,0,0
CF,CF25,30.313686,120.624764,0,HGH,69.0,9.6,249.0,2.0,2,1970,0,0,0,0,1,0

APPTR,D25,25,DSH
IF,DSH,30.148333,120.501667, ,0.0,0.0,2,4930,0,1,210,0,1,0
FD,DSH,30.148333,120.501667,0,DSH,0.0,10.4,69.0,10.4,0,0,0,0,0,0,0,0
CF,D077K,30.301786,120.664294,0,HGH,77.0,11.2,339.0,5.0,0,0,0,0,0,0,0,0
CF,CF25,30.313686,120.624764,0,HGH,69.0,9.6,249.0,2.0,2,1970,0,0,0,0,1,0

APPTR,D25,25,HC106
IF,HC106,30.327222,120.225000, ,0.0,0.0,2,6890,0,1,210,0,1,0
TF,D071M,30.454194,120.539231,0, ,0.0,0.0,0.0,0.0,2,3940,0,0,0,0,0,0
CF,D060K,30.350892,120.634947,0,HGH,60.0,11.2,159.0,7.0,0,0,0,0,0,0,0,1
CF,CF25,30.313686,120.624764,0,HGH,69.0,9.6,249.0,2.0,2,1970,0,0,0,0,1,0

FINAL,D25,25,D,4
IF,CF25,30.313686,120.624764,HGH,69.0,9.6,2,1970,0,0,0,0,0,0
CF,FF25,30.281867,120.552694,0,HGH,69.0,5.4,249.0,4.2,2,1970,0,0,0,0,2,0
CF,18VOR,30.254675,120.491269,0,HGH,69.0,1.8,249.0,3.6,2,830,0,0,0,0,0,0
CF,MD25,30.245578,120.470694,0,HGH,69.0,0.6,249.0,1.2,1,436,0,0,0,0,3,0
CF,HGH,30.241028,120.460408,0,HGH,0.0,0.0,249.0,0.6,0,0,0,0,0,0,0,0
FD,HGH,30.241028,120.460408,0,HGH,0.0,6.9,249.0,6.9,2,1650,0,0,0,0,0,0
DF,DSH,30.148333,120.501667,1, ,0.0,0.0,2,3940,0,1,210,0,0,0
HM,DSH,30.148333,120.501667,2, ,0.0,0.0,69.0,04.3,0,0,0,1,230,0,0,0,0

APPTR,I06-Y,06,D275Q
IF,D275Q,30.235525,120.125678, ,0.0,0.0,2,6890,0,1,205,0,1,0
FD,D275Q,30.235525,120.125678,0,HGH,275.0,22.2,216.0,22.2,2,4930,0,0,0,0,0,0
CF,D252U,30.097125,120.090053,1,HGH,252.0,21.1,69.0,1.0,0,0,0,0,0,0,0,0
CF,CF06,30.136628,120.180031,0,IXS,249.0,15.3,69.0,5.3,2,2960,0,0,0,0,1,0

APPTR,I06-Y,06,DSH
IF,DSH,30.148333,120.501667, ,0.0,0.0,2,4930,0,1,205,0,1,0
FD,DSH,30.148333,120.501667,0,DSH,0.0,15.2,249.0,15.2,0,0,0,0,0,0,0,0
CF,D247Q,30.099769,120.168003,0,HGH,247.0,17.4,339.0,6.0,0,0,0,0,0,0,0,0
CF,CF06,30.136628,120.180031,0,IXS,249.0,15.3,69.0,2.0,2,2960,0,0,0,0,1,0

APPTR,I06-Y,06,HGH32
IF,HGH32,29.982958,119.926267, ,0.0,0.0,2,6890,0,1,205,0,1,0
FD,HGH32,29.982958,119.926267,0,HGH,247.1,21.1,66.0,21.1,2,3940,0,0,0,0,0,0
CF,CF06,30.136628,120.180031,0,IXS,249.0,15.3,52.0,5.6,2,2960,0,0,0,0,1,0

FINAL,I06-Y,06,I,3
IF,CF06,30.136628,120.180031,IXS,249.0,15.3,2,2960,0,0,0,0,0,0
CF,FI06Y,30.169419,120.253581,0,IXS,249.0,11.0,69.0,4.3,1,2960,0,0,0,0,2,0
CF,RW06,30.238189,120.408294,0,IXS,249.0,2.0,69.0,9.0,1,71,0,0,0,0,3,0
FD,RW06,30.238189,120.408294,0,IXS,0.0,8.0,69.0,8.0,2,1150,0,0,0,0,0,0
DF,DSH,30.148333,120.501667,2, ,0.0,0.0,2,4930,0,1,210,0,0,0
HM,DSH,30.148333,120.501667,1, ,0.0,0.0,249.0,04.3,2,5910,0,1,230,0,0,0,0

APPTR,I06-Z,06,HC208
IF,HC208,30.161389,120.054444, ,0.0,0.0,2,5910,0,1,210,0,1,0
TF,HC204,30.097500,120.092500,0, ,0.0,0.0,0.0,0.0,2,4930,0,0,0,0,0,0
TF,HC203,30.122222,120.147778,0,IXS,0.0,0.0,0.0,0.0,2,3940,0,0,0,0,1,0

APPTR,I06-Z,06,HC211
IF,HC211,30.347778,120.473056, ,0.0,0.0,0,0,0,0,0,0,0,0
TF,HC210,30.256389,120.266944,0, ,0.0,0.0,0.0,0.0,0,0,0,0,0,0,0,0
TF,HC209,30.204722,120.150833,0, ,0.0,0.0,0.0,0.0,2,6890,0,0,0,0,0,0
TF,HC208,30.161389,120.054444,0, ,0.0,0.0,0.0,0.0,2,5910,0,1,210,0,1,0
TF,HC204,30.097500,120.092500,0, ,0.0,0.0,0.0,0.0,2,4930,0,0,0,0,0,0
TF,HC203,30.122222,120.147778,0,IXS,0.0,0.0,0.0,0.0,2,3940,0,0,0,0,1,0

APPTR,I06-Z,06,HC405
IF,HC405,30.018889,120.143611, ,0.0,0.0,2,3940,0,1,210,0,1,0
TF,HC404,30.041944,120.195278,0, ,0.0,0.0,0.0,0.0,0,0,0,0,0,0,0,0
TF,HC203,30.122222,120.147778,0,IXS,0.0,0.0,0.0,0.0,2,3940,0,0,0,0,1,0

APPTR,I06-Z,06,HC410
IF,HC410,30.161944,120.464722, ,0.0,0.0,2,4930,0,1,230,0,1,0
TF,HC404,30.041944,120.195278,0, ,0.0,0.0,0.0,0.0,0,0,0,0,0,0,0,0
TF,HC203,30.122222,120.147778,0,IXS,0.0,0.0,0.0,0.0,2,3940,0,0,0,0,1,0

FINAL,I06-Z,06,I,3
IF,HC203,30.122222,120.147778,IXS,249.0,16.5,2,3940,0,0,0,0,0,0
CF,FI06Z,30.145783,120.200550,0,IXS,249.0,14.1,69.0,3.1,1,3940,0,1,180,0,2,0
CF,RW06,30.238189,120.408294,0,IXS,249.0,2.0,69.0,12.1,1,71,0,0,0,0,3,0
CF,HC102,30.320806,120.594972,0,HGH,61.6,8.5,69.0,10.9,2,2960,0,0,0,0,0,1
CF,HC211,30.347778,120.473056,1,HGH,11.9,6.4,249.0,5.0,2,5910,0,1,205,0,0,0
TF,HC210,30.256389,120.266944,0, ,0.0,0.0,0.0,0.0,0,0,0,0,0,0,0,0
TF,HC209,30.204722,120.150833,0, ,0.0,0.0,0.0,0.0,0,0,0,0,0,0,0,0
TF,HC208,30.161389,120.054444,0, ,0.0,0.0,0.0,0.0,2,5910,0,1,210,0,0,0

APPTR,I07-Y,07,D275Q
IF,D275Q,30.235525,120.125678, ,0.0,0.0,2,6890,0,1,210,0,1,0
FD,D275Q,30.235525,120.125678,0,HGH,275.0,22.2,216.0,22.2,2,4930,0,0,0,0,0,0
CF,D252U,30.097125,120.090053,1,HGH,252.0,21.1,80.0,1.0,0,0,0,0,0,0,0,0
CF,CF07,30.120539,120.189494,0,IXX,249.0,15.4,80.0,5.4,2,2960,0,0,0,0,1,0

APPTR,I07-Y,07,DSH
IF,DSH,30.148333,120.501667, ,0.0,0.0,2,4930,0,1,210,0,1,0
FD,DSH,30.148333,120.501667,0,DSH,0.0,15.2,249.0,15.2,0,0,0,0,0,0,0,0
CF,D244Q,30.086675,120.176922,0,HGH,244.0,17.4,339.0,6.0,0,0,0,0,0,0,0,0
CF,CF07,30.120539,120.189494,0,IXX,249.0,15.4,69.0,2.0,2,2960,0,0,0,0,1,0

APPTR,I07-Y,07,HGH32
IF,HGH32,29.982958,119.926267, ,0.0,0.0,2,6890,0,1,210,0,1,0
FD,HGH32,29.982958,119.926267,0,HGH,247.1,21.1,66.0,21.1,2,3940,0,0,0,0,0,0
CF,CF07,30.120539,120.189494,0,IXX,249.0,15.4,64.0,5.2,2,2960,0,0,0,0,1,0

FINAL,I07-Y,07,I,3
IF,CF07,30.120539,120.189494,IXX,249.0,15.4,2,2960,0,0,0,0,0,0
CF,FF07,30.153333,120.263031,0,IXX,249.0,11.1,69.0,4.3,1,2960,0,0,0,0,2,0
CF,RW07,30.222122,120.417753,0,IXX,249.0,2.1,69.0,9.0,1,71,0,0,0,0,3,0
CD, ,0,0,0,IXX,0,0.0,69.0,7.7,2,1320,0,0,0,0,0,0
DF,DSH,30.148333,120.501667,2, ,0.0,0.0,2,3940,0,1,210,0,0,0
HM,DSH,30.148333,120.501667,1, ,0.0,0.0,249.0,04.3,0,0,0,1,230,0,0,0,0

APPTR,I07-Z,07,HC208
IF,HC208,30.161389,120.054444, ,0.0,0.0,2,5910,0,1,210,0,1,0
TF,HC411,30.081389,120.101944,0, ,0.0,0.0,0.0,0.0,0,0,0,0,0,0,0,0
TF,HC403,30.106111,120.157500,0, ,0.0,0.0,0.0,0.0,1,2960,0,0,0,0,1,0

APPTR,I07-Z,07,HC405
IF,HC405,30.018889,120.143611, ,0.0,0.0,2,3940,0,1,210,0,1,0
TF,HC404,30.041944,120.195278,0, ,0.0,0.0,0.0,0.0,1,2960,0,0,0,0,0,0
TF,HC403,30.106111,120.157500,0,IXX,0.0,0.0,0.0,0.0,1,2960,0,0,0,0,1,0

APPTR,I07-Z,07,HC410
IF,HC410,30.161944,120.464722, ,0.0,0.0,2,4930,0,1,230,0,1,0
TF,HC404,30.041944,120.195278,0, ,0.0,0.0,0.0,0.0,1,2960,0,0,0,0,0,0
TF,HC403,30.106111,120.157500,0,IXX,0.0,0.0,0.0,0.0,1,2960,0,0,0,0,1,0

APPTR,I07-Z,07,HC412
IF,HC412,30.054167,120.041111, ,0.0,0.0,1,3940,0,1,230,0,1,0
TF,HC411,30.081389,120.101944,0, ,0.0,0.0,0.0,0.0,1,2960,0,0,0,0,0,0
TF,HC403,30.106111,120.157500,0,IXX,0.0,0.0,0.0,0.0,1,2960,0,0,0,0,1,0

FINAL,I07-Z,07,I,3
IF,HC403,30.106111,120.157500,IXX,248.9,17.3,1,2960,0,0,0,0,0,0
CF,FF07,30.153333,120.263031,0,IXX,249.0,11.1,69.0,6.2,1,2960,0,1,180,0,2,0
CF,RW07,30.222122,120.417753,0,IXX,249.0,2.1,69.0,9.0,1,71,0,0,0,0,3,0
CF,HC420,30.241028,120.460417,0,HGH,96.0,0.0,69.0,2.5,0,0,0,0,0,0,0,1
CF,HC503,30.228611,120.573611,0,HGH,103.2,5.9,103.0,5.9,2,1320,0,0,0,0,0,1
DF,HC410,30.161944,120.464722,2, ,0.0,0.0,2,3940,0,1,210,0,0,0
HM,HC410,30.161944,120.464722,1, ,0.0,0.0,249.0,04.3,0,0,0,1,230,0,0,0,0

APPTR,I24-Y,24,D115P
IF,D115P,30.153678,120.751239, ,0.0,0.0,2,4930,0,1,210,0,1,0
CF,D071K,30.319253,120.654128,0,HGH,71.0,11.1,339.0,11.1,0,0,0,0,0,0,0,0
CF,CF24,30.329778,120.615325,0,IHZ,68.9,12.2,249.0,2.0,2,1970,0,0,0,0,1,0

APPTR,I24-Y,24,DSH
IF,DSH,30.148333,120.501667, ,0.0,0.0,2,4930,0,1,210,0,1,0
FD,DSH,30.148333,120.501667,0,DSH,0.0,10.4,69.0,10.4,0,0,0,0,0,0,0,0
CF,D071K,30.319253,120.654128,0,HGH,71.0,11.1,339.0,6.0,0,0,0,0,0,0,0,0
CF,CF24,30.329778,120.615325,0,IHZ,68.9,12.2,249.0,2.0,2,1970,0,0,0,0,1,0

APPTR,I24-Y,24,HC106
IF,HC106,30.327222,120.225000, ,0.0,0.0,2,6890,0,1,210,0,1,0
TF,D071M,30.454194,120.539231,0, ,0.0,0.0,0.0,0.0,2,3940,0,0,0,0,0,0
CF,D055K,30.365869,120.626164,0,HGH,55.0,11.4,159.0,7.0,0,0,0,0,0,0,0,1
CF,CF24,30.329778,120.615325,0,IHZ,68.9,12.2,249.0,2.0,2,1970,0,0,0,0,1,0

FINAL,I24-Y,24,I,3
IF,CF24,30.329778,120.615325,IHZ,68.9,12.2,2,1970,0,0,0,0,0,0
CF,FI24Y,30.297189,120.541536,0,IHZ,68.9,7.9,249.0,4.3,1,1970,0,0,0,0,2,0
CF,RW24,30.252142,120.439761,0,IHZ,68.9,2.0,249.0,5.9,1,71,0,0,0,0,3,0
FD,RW24,30.252142,120.439761,0,IHZ,0.0,8.0,249.0,8.0,2,1150,0,0,0,0,0,0
DF,DSH,30.148333,120.501667,1, ,0.0,0.0,2,4930,0,1,210,0,0,0
HM,DSH,30.148333,120.501667,2, ,0.0,0.0,69.0,04.3,2,5910,0,1,230,0,0,0,0

APPTR,I24-Z,24,HC104
IF,HC104,30.426667,120.651944, ,0.0,0.0,2,4930,0,1,210,0,1,0
TF,HC103,30.362528,120.689556,0,IHZ,0.0,0.0,0.0,0.0,2,3940,0,0,0,0,1,0

APPTR,I24-Z,24,HC306
IF,HC306,30.125833,120.566389, ,0.0,0.0,2,4930,0,1,210,0,1,0
TF,HC305,30.217500,120.774167,0, ,0.0,0.0,0.0,0.0,2,3940,0,0,0,0,0,0
TF,HC304,30.282083,120.736611,0, ,0.0,0.0,0.0,0.0,0,0,0,0,0,0,0,0
TF,HC103,30.362528,120.689556,0,IHZ,0.0,0.0,0.0,0.0,2,3940,0,0,0,0,1,0

APPTR,I24-Z,24,HC310
IF,HC310,30.129722,120.825556, ,0.0,0.0,2,4930,0,1,210,0,1,0
TF,HC305,30.217500,120.774167,0, ,0.0,0.0,0.0,0.0,2,3940,0,0,0,0,0,0
TF,HC304,30.282083,120.736611,0, ,0.0,0.0,0.0,0.0,0,0,0,0,0,0,0,0
TF,HC103,30.362528,120.689556,0,IHZ,0.0,0.0,0.0,0.0,2,3940,0,0,0,0,1,0

FINAL,I24-Z,24,I,3
IF,HC103,30.362528,120.689556,IHZ,68.9,16.6,2,3940,0,0,0,0,0,0
CF,FI24Z,30.320686,120.594728,0,IHZ,68.9,11.0,249.0,5.5,1,2960,0,1,180,0,2,0
CF,RW24,30.252142,120.439761,0,IHZ,68.9,2.0,249.0,9.0,1,71,0,0,0,0,3,0
CA,0,249.0,2,660,0,0,0,0,0,0
CF,HC209,30.204722,120.150833,0,HGH,268.4,16.2,266.0,14.0,2,3940,0,1,210,0,0,0
HM,HC209,30.204722,120.150833,2, ,0.0,0.0,69.0,04.3,0,0,0,1,230,0,0,0,0

APPTR,I25-Y,25,D115P
IF,D115P,30.153678,120.751239, ,0.0,0.0,2,4930,0,1,210,0,1,0
CF,D077K,30.301786,120.664294,0,HGH,77.0,11.2,339.0,10.0,0,0,0,0,0,0,0,0
CF,CF25,30.313686,120.624764,0,IDD,69.0,12.2,249.0,2.0,2,1970,0,0,0,0,1,0

APPTR,I25-Y,25,DSH
IF,DSH,30.148333,120.501667, ,0.0,0.0,2,4930,0,1,210,0,1,0
FD,DSH,30.148333,120.501667,0,DSH,0.0,10.4,69.0,10.4,0,0,0,0,0,0,0,0
CF,D077K,30.301786,120.664294,0,HGH,77.0,11.2,339.0,5.0,0,0,0,0,0,0,0,1
CF,CF25,30.313686,120.624764,0,IDD,69.0,12.2,249.0,2.0,2,1970,0,0,0,0,1,0

APPTR,I25-Y,25,HC106
IF,HC106,30.327222,120.225000, ,0.0,0.0,2,6890,0,1,210,0,1,0
TF,D071M,30.454194,120.539231,0, ,0.0,0.0,0.0,0.0,2,3940,0,0,0,0,0,0
CF,D060K,30.350892,120.634947,0,HGH,60.0,11.2,159.0,7.0,0,0,0,0,0,0,0,0
CF,CF25,30.313686,120.624764,0,IDD,69.0,12.2,249.0,2.0,2,1970,0,0,0,0,1,0

FINAL,I25-Y,25,I,3
IF,CF25,30.313686,120.624764,IDD,69.0,12.2,2,1970,0,0,0,0,0,0
CF,FF25,30.281867,120.552694,0,IDD,69.0,8.0,249.0,4.2,1,1970,0,0,0,0,2,0
CF,RW25,30.236894,120.451061,0,IDD,69.0,2.1,249.0,5.9,1,71,0,0,0,0,3,0
FD,RW25,30.236894,120.451061,0,IDD,0.0,6.1,249.0,6.1,2,990,0,0,0,0,0,0
DF,DSH,30.148333,120.501667,1, ,0.0,0.0,2,4930,0,1,210,0,0,0
HM,DSH,30.148333,120.501667,2, ,0.0,0.0,69.0,04.3,0,0,0,1,230,0,0,0,0

APPTR,I25-Z,25,HC104
IF,HC104,30.426667,120.651944, ,0.0,0.0,2,4930,0,1,210,0,1,0
TF,HC303,30.346444,120.698972,0,IDD,0.0,0.0,0.0,0.0,2,2960,0,0,0,0,1,0

APPTR,I25-Z,25,HC306
IF,HC306,30.125833,120.566389, ,0.0,0.0,2,4930,0,1,210,0,1,0
TF,HC305,30.217500,120.774167,0, ,0.0,0.0,0.0,0.0,2,2960,0,0,0,0,0,0
TF,HC304,30.282083,120.736611,0, ,0.0,0.0,0.0,0.0,1,1970,0,0,0,0,0,0
TF,HC303,30.346444,120.698972,0,IDD,0.0,0.0,0.0,0.0,1,1970,0,0,0,0,1,0

APPTR,I25-Z,25,HC310
IF,HC310,30.129722,120.825556, ,0.0,0.0,2,4930,0,1,210,0,1,0
TF,HC305,30.217500,120.774167,0, ,0.0,0.0,0.0,0.0,2,2960,0,0,0,0,0,0
TF,HC304,30.282083,120.736611,0, ,0.0,0.0,0.0,0.0,1,1970,0,0,0,0,0,0
TF,HC303,30.346444,120.698972,0,IDD,0.0,0.0,0.0,0.0,1,1970,0,0,0,0,1,0

FINAL,I25-Z,25,I,3
IF,HC303,30.346444,120.698972,IDD,68.9,16.5,2,1970,0,0,0,0,0,0
CF,FF25,30.281867,120.552694,0,IDD,69.0,8.0,249.0,8.5,1,1970,0,1,160,0,2,0
CF,RW25,30.236894,120.451061,0,IDD,69.0,2.1,249.0,5.9,1,71,0,0,0,0,3,0
CF,HC320,30.214333,120.400194,0,HGH,249.0,3.5,249.0,3.0,0,0,0,0,0,0,0,1
CF,HC321,30.141889,120.332639,0,HGH,234.3,8.9,219.0,6.0,2,1320,0,0,0,0,0,1
DF,HC306,30.125833,120.566389,1, ,0.0,0.0,2,3940,0,1,210,0,0,0
HM,HC306,30.125833,120.566389,1, ,0.0,0.0,69.0,04.3,0,0,0,1,230,0,0,0,0

