SID,POMK1D,36,2
CA,0,4.0,2,1970,0,0,0,0,0,0
DF,NTG,32.098292,120.979353,2, ,0.0,0.0,2,5910,0,1,230,0,0,0
TF,XIREM,31.745000,120.958611,0, ,0.0,0.0,0.0,0.0,0,0,0,0,0,0,0,0
TF,POMOK,31.450000,121.116667,0, ,0.0,0.0,0.0,0.0,0,0,0,0,0,0,0,0

SID,POMK3B,18,2
CF,D184M,31.877858,120.983861,0,NTG,184.0,13.2,184.0,11.0,2,2960,0,0,0,0,0,0
TF,XIREM,31.745000,120.958611,0, ,0.0,0.0,0.0,0.0,2,4930,0,0,0,0,0,0
TF,POMOK,31.450000,121.116667,0, ,0.0,0.0,0.0,0.0,0,0,0,0,0,0,0,0

SID,POMK7Y,18,5
CF,NT303,31.877917,120.986639,0,NTG,183.4,13.2,184.0,11.0,2,2960,0,0,0,0,0,0
TF,XIREM,31.745000,120.958611,0, ,0.0,0.0,0.0,0.0,2,4930,0,0,0,0,0,0
TF,POMOK,31.450000,121.116667,0, ,0.0,0.0,0.0,0.0,0,0,0,0,0,0,0,0

SID,POMK9Z,36,5
CF,NT203,32.256222,120.973944,0,NTG,3.3,9.5,4.0,10.0,2,2960,0,0,0,0,0,0
TF,NT206,32.253778,120.875861,1, ,0.0,0.0,0.0,0.0,2,3940,0,1,210,0,0,0
TF,NT307,32.154389,120.879306,0, ,0.0,0.0,0.0,0.0,0,0,0,0,0,0,0,0
TF,NT303,31.877917,120.986639,0, ,0.0,0.0,0.0,0.0,0,0,0,0,0,0,0,0
TF,XIREM,31.745000,120.958611,0, ,0.0,0.0,0.0,0.0,0,0,0,0,0,0,0,0
TF,POMOK,31.450000,121.116667,0, ,0.0,0.0,0.0,0.0,0,0,0,0,0,0,0,0

SID,UNTA1D,36,2
CA,0,4.0,2,1970,0,0,0,0,0,0
DF,NTG,32.098292,120.979353,2, ,0.0,0.0,2,5910,0,1,230,0,0,0
TF,PIKAS,32.166667,120.733333,0, ,0.0,0.0,0.0,0.0,2,9850,0,0,0,0,0,0
TF,UNTAN,32.203889,120.284444,0, ,0.0,0.0,0.0,0.0,0,0,0,0,0,0,0,0

SID,UNTA3B,18,2
CA,0,184.0,2,1970,0,0,0,0,0,0
DF,NTG,32.098292,120.979353,1, ,0.0,0.0,2,5910,0,1,230,0,0,0
TF,PIKAS,32.166667,120.733333,0, ,0.0,0.0,0.0,0.0,2,9850,0,0,0,0,0,0
TF,UNTAN,32.203889,120.284444,0, ,0.0,0.0,0.0,0.0,0,0,0,0,0,0,0,0

SID,UNTA7Y,18,5
CF,NT303,31.877917,120.986639,0,NTG,183.4,13.2,184.0,11.0,2,2960,0,0,0,0,0,0
TF,NT304,31.875500,120.888944,2, ,0.0,0.0,0.0,0.0,2,3940,0,1,230,0,0,0
TF,PIKAS,32.166667,120.733333,0, ,0.0,0.0,0.0,0.0,2,9850,0,0,0,0,0,0
TF,UNTAN,32.203889,120.284444,0, ,0.0,0.0,0.0,0.0,0,0,0,0,0,0,0,0

SID,UNTA9Z,36,5
CF,NT203,32.256222,120.973944,0,NTG,3.3,9.5,4.0,10.0,2,2960,0,0,0,0,0,0
TF,NT206,32.253778,120.875861,1, ,0.0,0.0,0.0,0.0,2,3940,0,1,210,0,0,0
TF,NT307,32.154389,120.879306,0, ,0.0,0.0,0.0,0.0,0,0,0,0,0,0,0,0
TF,PIKAS,32.166667,120.733333,2, ,0.0,0.0,0.0,0.0,2,9850,0,0,0,0,0,0
TF,UNTAN,32.203889,120.284444,0, ,0.0,0.0,0.0,0.0,0,0,0,0,0,0,0,0

STAR,POMK2A,36,2
IF,POMOK,31.450000,121.116667, ,0.0,0.0,0,0,0,0,0,0,0,0
TF,XIREM,31.745000,120.958611,0, ,0.0,0.0,0.0,0.0,2,4930,0,1,210,0,0,0

STAR,POMK4C,18,2
IF,POMOK,31.450000,121.116667, ,0.0,0.0,0,0,0,0,0,0,0,0
TF,XIREM,31.745000,120.958611,0, ,0.0,0.0,0.0,0.0,0,0,0,0,0,0,0,0
TF,NTG,32.098292,120.979353,0, ,0.0,0.0,0.0,0.0,2,3940,0,1,210,0,0,0

STAR,POMK6W,18,5
IF,POMOK,31.450000,121.116667, ,0.0,0.0,0,0,0,0,0,0,0,0
TF,XIREM,31.745000,120.958611,0, ,0.0,0.0,0.0,0.0,0,0,0,0,0,0,0,0
TF,NT303,31.877917,120.986639,0, ,0.0,0.0,0.0,0.0,0,0,0,0,0,0,0,0
TF,NT307,32.154389,120.879306,0, ,0.0,0.0,0.0,0.0,2,3940,0,1,210,0,0,0

STAR,POMK8X,36,5
IF,POMOK,31.450000,121.116667, ,0.0,0.0,0,0,0,0,0,0,0,0
TF,XIREM,31.745000,120.958611,0, ,0.0,0.0,0.0,0.0,2,4930,0,1,210,0,0,0

STAR,UNTA2A,36,2
IF,UNTAN,32.203889,120.284444, ,0.0,0.0,0,0,0,0,0,0,0,0
TF,PIKAS,32.166667,120.733333,0, ,0.0,0.0,0.0,0.0,2,10830,0,1,250,0,0,0
TF,NTG,32.098292,120.979353,0, ,0.0,0.0,0.0,0.0,2,4930,0,1,210,0,0,0

STAR,UNTA4C,18,2
IF,UNTAN,32.203889,120.284444, ,0.0,0.0,0,0,0,0,0,0,0,0
TF,PIKAS,32.166667,120.733333,0, ,0.0,0.0,0.0,0.0,2,10830,0,1,250,0,0,0
TF,NTG,32.098292,120.979353,0, ,0.0,0.0,0.0,0.0,2,3940,0,1,210,0,0,0

STAR,UNTA6W,18,5
IF,UNTAN,32.203889,120.284444, ,0.0,0.0,0,0,0,0,0,0,0,0
TF,PIKAS,32.166667,120.733333,0, ,0.0,0.0,0.0,0.0,2,10830,0,1,250,0,0,0
TF,NT307,32.154389,120.879306,0, ,0.0,0.0,0.0,0.0,2,3940,0,1,210,0,0,0

STAR,UNTA8X,36,5
IF,UNTAN,32.203889,120.284444, ,0.0,0.0,0,0,0,0,0,0,0,0
TF,PIKAS,32.166667,120.733333,0, ,0.0,0.0,0.0,0.0,2,10830,0,1,250,0,0,0
TF,NT307,32.154389,120.879306,0, ,0.0,0.0,0.0,0.0,2,4930,0,1,210,0,0,0

APPTR,D18,18,NTG1
IF,NTG,32.098292,120.979353, ,0.0,0.0,2,3940,0,1,210,0,1,0
FD,NTG,32.098292,120.979353,0,NTG,0.0,9.5,345.0,9.5,0,0,0,0,0,0,0,0
CF,CD18,32.256931,120.976092,2,NTG,4.0,9.5,184.0,1.0,2,1970,0,0,0,0,1,0

APPTR,D18,18,NTG2
IF,NTG,32.098292,120.979353, ,0.0,0.0,2,3940,0,1,210,0,1,0
FD,NTG,32.098292,120.979353,0,NTG,0.0,9.5,354.0,9.5,0,0,0,0,0,0,0,0
CF,CD18,32.256931,120.976092,2,NTG,4.0,9.5,184.0,1.0,2,1970,0,0,0,0,1,0

FINAL,D18,18,D,4
IF,CD18,32.256931,120.976092,NTG,4.0,9.5,2,1970,0,0,0,0,0,0
CF,FD18,32.188464,120.977500,0,NTG,4.0,5.4,184.0,4.1,2,1970,0,0,0,0,2,0
CF,24VOR,32.138367,120.978531,0,NTG,4.0,2.4,184.0,3.0,2,990,0,0,0,0,0,0
CF,MD18,32.108311,120.979147,0,NTG,4.0,0.6,184.0,1.8,1,425,0,0,0,0,3,0
CA,0,184.0,2,1970,0,0,0,0,0,0
DF,NTG,32.098292,120.979353,2, ,0.0,0.0,2,2960,0,1,210,0,0,0

APPTR,D36,36,NTG1
IF,NTG,32.098292,120.979353, ,0.0,0.0,2,4930,0,1,210,0,1,0
FD,NTG,32.098292,120.979353,0,NTG,0.0,13.2,198.0,13.2,0,0,0,0,0,0,0,0
CF,CD36,31.877858,120.983861,1,NTG,184.0,13.2,4.0,1.0,2,2960,0,0,0,0,1,0

APPTR,D36,36,NTG2
IF,NTG,32.098292,120.979353, ,0.0,0.0,2,4930,0,1,210,0,1,0
FD,NTG,32.098292,120.979353,0,NTG,0.0,13.2,191.0,13.2,0,0,0,0,0,0,0,0
CF,CD36,31.877858,120.983861,1,NTG,184.0,13.2,4.0,1.0,2,2960,0,0,0,0,1,0

APPTR,D36,36,XIREM
IF,XIREM,31.745000,120.958611, ,0.0,0.0,2,4930,0,1,210,0,1,0
TF,CD36,31.877858,120.983861,0, ,0.0,0.0,0.0,0.0,2,2960,0,0,0,0,1,0

FINAL,D36,36,D,4
IF,CD36,31.877858,120.983861,NTG,184.0,13.2,2,2960,0,0,0,0,0,0
CF,FD36,31.959686,120.982189,0,NTG,184.0,8.3,4.0,4.9,2,1970,0,0,0,0,2,0
CF,53VOR,32.009783,120.981164,0,NTG,184.0,5.3,4.0,3.0,2,990,0,0,0,0,0,0
CF,MD36,32.041514,120.980514,0,NTG,184.0,3.4,4.0,1.9,1,395,0,0,0,0,3,0
CF,NTG,32.098292,120.979353,0,NTG,0.0,0.0,4.0,3.4,0,0,0,0,0,0,0,0
FD,NTG,32.098292,120.979353,0,NTG,0.0,7.3,4.0,7.3,2,1650,0,0,0,0,0,0
DF,NTG,32.098292,120.979353,1, ,0.0,0.0,2,2960,0,1,210,0,0,0

APPTR,I18-Y,18,NTG1
IF,NTG,32.098292,120.979353, ,0.0,0.0,2,3940,0,1,210,0,1,0
FD,NTG,32.098292,120.979353,0,NTG,0.0,9.5,345.0,9.5,0,0,0,0,0,0,0,0
CF,CI18,32.256983,120.973881,2,IXD,3.4,12.0,184.0,1.0,2,1970,0,0,0,0,1,0

APPTR,I18-Y,18,NTG2
IF,NTG,32.098292,120.979353, ,0.0,0.0,2,3940,0,1,210,0,1,0
FD,NTG,32.098292,120.979353,0,NTG,0.0,9.5,354.0,9.5,0,0,0,0,0,0,0,0
CF,CI18,32.256983,120.973881,2,IXD,3.4,12.0,184.0,1.0,2,1970,0,0,0,0,1,0

FINAL,I18-Y,18,I,3
IF,CI18,32.256983,120.973881,IXD,3.4,12.0,2,1970,0,0,0,0,0,0
CF,FI18,32.188536,120.976194,0,IXD,3.4,7.9,184.0,4.1,1,1970,0,0,0,0,2,0
CF,RW18,32.089458,120.979536,0,IXD,3.4,2.0,184.0,5.9,1,65,0,0,0,0,3,0
CA,0,184.0,2,1970,0,0,0,0,0,0
DF,NTG,32.098292,120.979353,2, ,0.0,0.0,2,2960,0,1,210,0,0,0

APPTR,I18-Z,18,NT307
IF,NT307,32.154389,120.879306, ,0.0,0.0,2,3940,0,1,210,0,1,0
TF,NT206,32.253778,120.875861,0, ,0.0,0.0,0.0,0.0,0,0,0,0,0,0,0,0
TF,NT203,32.256222,120.973944,0,IXD,0.0,0.0,0.0,0.0,2,1970,0,0,0,0,1,0

FINAL,I18-Z,18,I,3
IF,NT203,32.256222,120.973944,IXD,3.4,12.0,2,1970,0,0,0,0,0,0
CF,FI18,32.188536,120.976194,0,IXD,3.4,7.9,184.0,4.1,1,1970,0,0,0,0,2,0
CF,RW18,32.089458,120.979536,0,IXD,3.4,2.0,184.0,5.9,1,65,0,0,0,0,3,0
CA,0,184.0,2,1970,0,0,0,0,0,0
DF,NT307,32.154389,120.879306,2, ,0.0,0.0,2,2960,0,1,210,0,0,0

APPTR,I36-Y,36,NTG1
IF,NTG,32.098292,120.979353, ,0.0,0.0,2,4930,0,1,210,0,1,0
FD,NTG,32.098292,120.979353,0,NTG,0.0,13.2,198.0,13.2,0,0,0,0,0,0,0,0
CF,CI36,31.877936,120.986683,1,INT,183.4,12.8,4.0,1.0,2,2960,0,0,0,0,1,0

APPTR,I36-Y,36,NTG2
IF,NTG,32.098292,120.979353, ,0.0,0.0,2,4930,0,1,210,0,1,0
FD,NTG,32.098292,120.979353,0,NTG,0.0,13.2,191.0,13.2,0,0,0,0,0,0,0,0
CF,CI36,31.877936,120.986683,1,INT,183.4,12.8,4.0,1.0,2,2960,0,0,0,0,1,0

APPTR,I36-Y,36,XIREM
IF,XIREM,31.745000,120.958611, ,0.0,0.0,2,4930,0,1,210,0,1,0
TF,CI36,31.877936,120.986683,0,INT,0.0,0.0,0.0,0.0,2,2960,0,0,0,0,1,0

FINAL,I36-Y,36,I,3
IF,CI36,31.877936,120.986683,INT,183.4,12.8,2,2960,0,0,0,0,0,0
CF,FI36,31.959742,120.983919,0,INT,183.4,7.9,4.0,4.9,1,1970,0,0,0,0,2,0
CF,RW36,32.058806,120.980572,0,INT,183.4,2.0,4.0,5.9,1,65,0,0,0,0,3,0
CF,D004G,32.220197,120.977256,0,NTG,4.2,7.3,4.0,9.7,2,1650,0,0,0,0,0,1
DF,NTG,32.098292,120.979353,1, ,0.0,0.0,2,2960,0,1,210,0,0,0

APPTR,I36-Z,36,NT307
IF,NT307,32.154389,120.879306, ,0.0,0.0,2,4930,0,1,210,0,1,0
TF,NT304,31.875500,120.888944,0, ,0.0,0.0,0.0,0.0,2,2960,0,0,0,0,0,0
TF,NT303,31.877917,120.986639,0,INT,0.0,0.0,0.0,0.0,2,2960,0,0,0,0,1,0

APPTR,I36-Z,36,XIREM
IF,XIREM,31.745000,120.958611, ,0.0,0.0,2,4930,0,1,210,0,1,0
TF,NT303,31.877917,120.986639,0,INT,0.0,0.0,0.0,0.0,2,2960,0,0,0,0,1,0

FINAL,I36-Z,36,I,3
IF,NT303,31.877917,120.986639,INT,183.4,12.8,2,2960,0,0,0,0,0,0
CF,FI36,31.959742,120.983919,0,INT,183.4,7.9,4.0,4.9,1,1970,0,0,0,0,2,0
CF,RW36,32.058806,120.980572,0,INT,183.4,2.0,4.0,5.9,1,65,0,0,0,0,3,0
CF,NT306,32.220167,120.975167,0,NTG,3.3,7.3,4.0,9.7,2,1650,0,0,0,0,0,1
DF,NT307,32.154389,120.879306,1, ,0.0,0.0,2,2960,0,1,210,0,0,0

