SID,BEGM5X,03,5
DF,DER03,27.921217,120.859869,0, ,0.0,0.0,0,0,0,0,0,0,0,1
CA,0,34.0,2,990,0,0,0,0,0,0
DF,WZ515,27.838111,121.050361,2, ,0.0,0.0,2,3940,0,1,230,0,0,0
TF,WZ506,27.853333,121.125000,0, ,0.0,0.0,0.0,0.0,2,18000,0,0,0,0,0,0
TF,BEGMO,28.000000,121.833333,0, ,0.0,0.0,0.0,0.0,2,29500,0,0,0,0,0,0

SID,BEGM6E,21,5
CF,WZ609,27.779944,120.774667,0,WNZ,214.2,10.1,214.0,8.0,2,1650,0,0,0,0,0,1
DF,WZ506,27.853333,121.125000,1, ,0.0,0.0,2,18000,0,1,230,0,0,0
TF,BEGMO,28.000000,121.833333,0, ,0.0,0.0,0.0,0.0,2,29500,0,0,0,0,0,0

SID,BEGM7D,03,2
CF,WZ514,28.039611,120.931417,0,WNZ,34.2,7.5,34.0,8.0,2,2500,0,0,0,0,0,1
DF,WNZ,27.929181,120.864636,1, ,0.0,0.0,2,4930,0,1,210,0,0,0
TF,D144I,27.820856,120.970936,0, ,0.0,0.0,0.0,0.0,0,0,0,0,0,0,0,0
TF,WZ506,27.853333,121.125000,0, ,0.0,0.0,0.0,0.0,2,18000,0,0,0,0,0,0
TF,BEGMO,28.000000,121.833333,0, ,0.0,0.0,0.0,0.0,2,29500,0,0,0,0,0,0

SID,BEGM8T,21,2
CF,WZ609,27.779944,120.774667,0,WNZ,214.2,10.1,214.0,8.0,2,1650,0,0,0,0,0,1
VR,1,DST,93.0,3.0,0,0,0,1,210,0,0,0
CF,WZ506,27.853333,121.125000,2,DST,82.7,27.1,82.0,14.0,2,18000,0,0,0,0,0,0
TF,BEGMO,28.000000,121.833333,0, ,0.0,0.0,0.0,0.0,2,29500,0,0,0,0,0,0

SID,BZ5X,03,5
DF,DER03,27.921217,120.859869,0, ,0.0,0.0,0,0,0,0,0,0,0,1
CF,WZ514,28.039611,120.931417,0,DST,48.7,23.6,34.0,8.0,2,1970,0,0,0,0,0,0
TF,EPGIG,28.086944,120.831944,0, ,0.0,0.0,0.0,0.0,2,2960,0,1,210,0,0,0
TF,WZ513,27.945167,120.746500,0, ,0.0,0.0,0.0,0.0,2,7880,0,0,0,0,0,0
TF,BZ,28.101667,119.561667,0, ,0.0,0.0,0.0,0.0,0,0,0,0,0,0,0,0

SID,BZ6E,21,5
CF,WZ609,27.779944,120.774667,0,DST,82.9,7.9,214.0,8.0,2,1650,0,0,0,0,0,1
DF,WNZ,27.929181,120.864636,1, ,0.0,0.0,2,7880,0,1,230,0,0,0
TF,WZ516,27.958306,120.649083,0, ,0.0,0.0,0.0,0.0,2,9850,0,0,0,0,0,0
TF,BZ,28.101667,119.561667,0, ,0.0,0.0,0.0,0.0,0,0,0,0,0,0,0,0

SID,BZ7D,03,2
CF,WZ514,28.039611,120.931417,0,WNZ,34.2,7.5,34.0,8.0,2,2500,0,0,0,0,0,1
CF,D034P,27.980125,120.767869,1,WNZ,306.7,6.0,214.0,7.0,2,7880,0,1,210,0,0,1
DF,D284I,27.951050,120.704683,0, ,0.0,0.0,0,0,0,0,0,0,0,0
TF,BZ,28.101667,119.561667,0, ,0.0,0.0,0.0,0.0,0,0,0,0,0,0,0,0

SID,BZ8T,21,2
CF,WZ609,27.779944,120.774667,0,WNZ,214.2,10.1,214.0,8.0,2,1650,0,0,0,0,0,1
DF,WNZ,27.929181,120.864636,1, ,0.0,0.0,2,7880,0,1,210,0,0,0
TF,D284I,27.951050,120.704683,0, ,0.0,0.0,0.0,0.0,0,0,0,0,0,0,0,0
TF,BZ,28.101667,119.561667,0, ,0.0,0.0,0.0,0.0,0,0,0,0,0,0,0,0

SID,OKAT5X,03,5
DF,DER03,27.921217,120.859869,0, ,0.0,0.0,0,0,0,0,0,0,0,1
CA,0,34.0,2,990,0,0,0,0,0,0
DF,WZ515,27.838111,121.050361,2, ,0.0,0.0,2,3940,0,1,230,0,0,0
TF,WZ507,27.663333,121.125000,0, ,0.0,0.0,0.0,0.0,2,18000,0,0,0,0,0,0
TF,OKATO,27.585000,121.577222,0, ,0.0,0.0,0.0,0.0,2,19700,0,0,0,0,0,0

SID,OKAT6E,21,5
CF,WZ609,27.779944,120.774667,0,WNZ,214.2,10.1,214.0,8.0,2,1650,0,0,0,0,0,1
CF,WZ507,27.663333,121.125000,1,WNZ,144.9,21.1,105.0,18.0,2,18000,0,1,230,0,0,0
TF,OKATO,27.585000,121.577222,0, ,0.0,0.0,0.0,0.0,2,19700,0,0,0,0,0,0

SID,OKAT7D,03,2
CF,WZ514,28.039611,120.931417,0,WNZ,34.2,7.5,34.0,8.0,2,2500,0,0,0,0,0,1
DF,WNZ,27.929181,120.864636,1, ,0.0,0.0,2,4930,0,1,210,0,0,0
TF,D144I,27.820856,120.970936,0, ,0.0,0.0,0.0,0.0,0,0,0,0,0,0,0,0
TF,WZ507,27.663333,121.125000,0, ,0.0,0.0,0.0,0.0,2,18000,0,0,0,0,0,0
TF,OKATO,27.585000,121.577222,0, ,0.0,0.0,0.0,0.0,2,19700,0,0,0,0,0,0

SID,OKAT8T,21,2
CF,WZ609,27.779944,120.774667,0,WNZ,214.2,10.1,214.0,8.0,2,1650,0,0,0,0,0,1
CF,WZ507,27.663333,121.125000,1,DST,107.0,26.9,105.0,18.0,2,18000,0,1,210,0,0,0
TF,OKATO,27.585000,121.577222,0, ,0.0,0.0,0.0,0.0,2,19700,0,0,0,0,0,0

SID,REMM07,03,2
CF,WZ514,28.039611,120.931417,0,WNZ,34.2,7.5,34.0,8.0,2,2500,0,0,0,0,0,1
VR,1,WNZ,11.0,281.0,0,0,0,1,210,0,0,0
CF,D359P,28.194722,120.829261,2,WNZ,359.3,16.0,359.0,5.0,2,3940,0,0,0,0,0,0
TF,REMIM,28.858889,120.740000,0, ,0.0,0.0,0.0,0.0,0,0,0,0,0,0,0,0

SID,REMM08,21,2
CF,WZ609,27.779944,120.774667,0,WNZ,214.2,10.1,214.0,8.0,2,1650,0,0,0,0,0,1
DF,WNZ,27.929181,120.864636,1, ,0.0,0.0,2,7880,0,1,210,0,0,0
TF,REMIM,28.858889,120.740000,0, ,0.0,0.0,0.0,0.0,0,0,0,0,0,0,0,0

SID,REMM5X,03,5
DF,DER03,27.921217,120.859869,0, ,0.0,0.0,0,0,0,0,0,0,0,1
CF,WZ514,28.039611,120.931417,0,DST,48.7,23.6,34.0,8.0,2,1970,0,0,0,0,0,0
TF,EPGIG,28.086944,120.831944,0, ,0.0,0.0,0.0,0.0,2,2960,0,1,210,0,0,0
TF,WZ511,28.164111,120.669250,0, ,0.0,0.0,0.0,0.0,2,5910,0,0,0,0,0,0
TF,PEXIB,28.443333,120.696667,0, ,0.0,0.0,0.0,0.0,2,6890,0,0,0,0,0,0
TF,REMIM,28.858889,120.740000,0, ,0.0,0.0,0.0,0.0,0,0,0,0,0,0,0,0

SID,REMM6E,21,5
CF,WZ609,27.779944,120.774667,0,DST,82.9,7.9,214.0,8.0,2,1650,0,0,0,0,0,1
DF,WNZ,27.929181,120.864636,1, ,0.0,0.0,2,7880,0,1,230,0,0,0
TF,WZ516,27.958306,120.649083,0, ,0.0,0.0,0.0,0.0,2,9850,0,0,0,0,0,0
TF,WZ511,28.164111,120.669250,0, ,0.0,0.0,0.0,0.0,0,0,0,0,0,0,0,0
TF,PEXIB,28.443333,120.696667,0, ,0.0,0.0,0.0,0.0,0,0,0,0,0,0,0,0
TF,REMIM,28.858889,120.740000,0, ,0.0,0.0,0.0,0.0,0,0,0,0,0,0,0,0

SID,REMM7D,03,2
CF,WZ514,28.039611,120.931417,0,WNZ,34.2,7.5,34.0,8.0,2,2500,0,0,0,0,0,1
CF,D034P,27.980125,120.767869,1,WNZ,306.7,6.0,214.0,7.0,2,7880,0,1,210,0,0,1
DF,D284I,27.951050,120.704683,0, ,0.0,0.0,0,0,0,0,0,0,0,1
DF,D011P,28.009717,120.655600,0, ,0.0,0.0,0,0,0,0,0,0,0,0
TF,WZ511,28.164111,120.669250,0, ,0.0,0.0,0.0,0.0,0,0,0,0,0,0,0,0
TF,PEXIB,28.443333,120.696667,0, ,0.0,0.0,0.0,0.0,0,0,0,0,0,0,0,0
TF,REMIM,28.858889,120.740000,0, ,0.0,0.0,0.0,0.0,0,0,0,0,0,0,0,0

SID,REMM8T,21,2
CF,WZ609,27.779944,120.774667,0,WNZ,214.2,10.1,214.0,8.0,2,1650,0,0,0,0,0,1
DF,WNZ,27.929181,120.864636,1, ,0.0,0.0,2,7880,0,1,210,0,0,0
TF,D284I,27.951050,120.704683,0, ,0.0,0.0,0.0,0.0,0,0,0,0,0,0,0,1
DF,D011P,28.009717,120.655600,0, ,0.0,0.0,0,0,0,0,0,0,0,0
TF,WZ511,28.164111,120.669250,0, ,0.0,0.0,0.0,0.0,0,0,0,0,0,0,0,0
TF,PEXIB,28.443333,120.696667,0, ,0.0,0.0,0.0,0.0,0,0,0,0,0,0,0,0
TF,REMIM,28.858889,120.740000,0, ,0.0,0.0,0.0,0.0,0,0,0,0,0,0,0,0

SID,REMM9B,21,5
CF,WZ609,27.779944,120.774667,0,WNZ,214.2,10.1,214.0,8.0,2,1650,0,0,0,0,0,1
DF,WNZ,27.929181,120.864636,1, ,0.0,0.0,2,7880,0,1,230,0,0,0
TF,EPGIG,28.086944,120.831944,0, ,0.0,0.0,0.0,0.0,0,0,0,0,0,0,0,0
TF,IGLUR,28.475833,120.831944,0, ,0.0,0.0,0.0,0.0,0,0,0,0,0,0,0,0
TF,REMIM,28.858889,120.740000,0, ,0.0,0.0,0.0,0.0,0,0,0,0,0,0,0,0

SID,REMM9S,03,5
DF,DER03,27.921217,120.859869,0, ,0.0,0.0,0,0,0,0,0,0,0,1
CF,WZ514,28.039611,120.931417,0,DST,48.7,23.6,34.0,8.0,2,1970,0,0,0,0,0,0
TF,EPGIG,28.086944,120.831944,0, ,0.0,0.0,0.0,0.0,2,2960,0,1,210,0,0,0
TF,IGLUR,28.475833,120.831944,0, ,0.0,0.0,0.0,0.0,0,0,0,0,0,0,0,0
TF,REMIM,28.858889,120.740000,0, ,0.0,0.0,0.0,0.0,0,0,0,0,0,0,0,0

SID,RUPX5X,03,5
DF,DER03,27.921217,120.859869,0, ,0.0,0.0,0,0,0,0,0,0,0,1
CF,WZ514,28.039611,120.931417,0,DST,48.7,23.6,34.0,8.0,2,1970,0,0,0,0,0,0
TF,EPGIG,28.086944,120.831944,0, ,0.0,0.0,0.0,0.0,2,2960,0,1,210,0,0,0
TF,WZ513,27.945167,120.746500,0, ,0.0,0.0,0.0,0.0,2,7880,0,0,0,0,0,0
TF,DST,27.750000,120.630000,0, ,0.0,0.0,0.0,0.0,0,0,0,0,0,0,0,0
TF,UBDIX,27.368611,120.358056,0, ,0.0,0.0,0.0,0.0,0,0,0,0,0,0,0,0
TF,RUPOX,27.127222,120.187500,0, ,0.0,0.0,0.0,0.0,0,0,0,0,0,0,0,0

SID,RUPX6E,21,5
CF,WZ609,27.779944,120.774667,0,DST,82.9,7.9,214.0,8.0,2,1650,0,0,0,0,0,1
CF,DST,27.750000,120.630000,0,WNZ,235.4,16.5,261.0,8.0,2,3290,0,1,230,0,0,0
TF,UBDIX,27.368611,120.358056,0, ,0.0,0.0,0.0,0.0,0,0,0,0,0,0,0,0
TF,RUPOX,27.127222,120.187500,0, ,0.0,0.0,0.0,0.0,0,0,0,0,0,0,0,0

SID,RUPX7D,03,2
CF,WZ514,28.039611,120.931417,0,WNZ,34.2,7.5,34.0,8.0,2,2500,0,0,0,0,0,1
CF,D034P,27.980125,120.767869,1,DST,34.0,15.6,214.0,7.0,2,7880,0,1,210,0,0,0
TF,DST,27.750000,120.630000,0, ,0.0,0.0,0.0,0.0,0,0,0,0,0,0,0,0
TF,UBDIX,27.368611,120.358056,0, ,0.0,0.0,0.0,0.0,0,0,0,0,0,0,0,0
TF,RUPOX,27.127222,120.187500,0, ,0.0,0.0,0.0,0.0,0,0,0,0,0,0,0,0

SID,RUPX8T,21,2
CF,WZ609,27.779944,120.774667,0,WNZ,214.2,10.1,214.0,8.0,2,1650,0,0,0,0,0,0
TF,DST,27.750000,120.630000,0, ,0.0,0.0,0.0,0.0,2,3290,0,1,210,0,0,0
TF,UBDIX,27.368611,120.358056,0, ,0.0,0.0,0.0,0.0,0,0,0,0,0,0,0,0
TF,RUPOX,27.127222,120.187500,0, ,0.0,0.0,0.0,0.0,0,0,0,0,0,0,0,0

STAR,BEGM1F,03,5
IF,BEGMO,28.000000,121.833333, ,0.0,0.0,2,27600,0,0,0,0,0,0
TF,WZ506,27.853333,121.125000,0, ,0.0,0.0,0.0,0.0,2,18000,0,0,0,0,0,0
TF,WZ505,27.815444,120.942556,0, ,0.0,0.0,0.0,0.0,0,0,0,0,0,0,0,0
TF,WZ504,27.647583,120.841278,0, ,0.0,0.0,0.0,0.0,2,3940,0,1,210,0,0,0

STAR,BEGM2L,21,5
IF,BEGMO,28.000000,121.833333, ,0.0,0.0,2,27600,0,0,0,0,0,0
TF,WZ506,27.853333,121.125000,0, ,0.0,0.0,0.0,0.0,2,18000,0,0,0,0,0,0
TF,WZ606,27.912528,121.001278,0, ,0.0,0.0,0.0,0.0,2,3940,0,0,0,0,0,0
TF,WZ605,28.094250,121.111500,0, ,0.0,0.0,0.0,0.0,2,3940,0,1,210,0,0,0

STAR,BEGM3A,03,2
IF,BEGMO,28.000000,121.833333, ,0.0,0.0,2,27600,0,0,0,0,0,0
TF,D082W,27.838700,121.050572,0, ,0.0,0.0,0.0,0.0,2,18000,0,0,0,0,0,0
TF,DST,27.750000,120.630000,0, ,0.0,0.0,0.0,0.0,2,4930,0,1,210,0,0,0

STAR,BEGM4C,21,2
IF,BEGMO,28.000000,121.833333, ,0.0,0.0,2,27600,0,0,0,0,0,0
TF,D082W,27.838700,121.050572,0, ,0.0,0.0,0.0,0.0,2,18000,0,0,0,0,0,0
TF,DST,27.750000,120.630000,0, ,0.0,0.0,0.0,0.0,2,4930,0,1,210,0,0,0

STAR,KAGE1F,03,5
IF,KAGED,27.921667,119.558889, ,0.0,0.0,0,0,0,0,0,0,0,0
TF,WZ510,27.824444,120.166944,0, ,0.0,0.0,0.0,0.0,2,6890,0,0,0,0,0,0
TF,WZ403,27.795583,120.344556,0, ,0.0,0.0,0.0,0.0,3,5910,0,1,230,0,0,0
TF,WZ404,27.883833,120.382694,0, ,0.0,0.0,0.0,0.0,0,0,0,0,0,0,0,0
TF,WZ405,27.953556,120.453833,0, ,0.0,0.0,0.0,0.0,0,0,0,0,0,0,0,0
TF,WZ406,27.995778,120.548500,0, ,0.0,0.0,0.0,0.0,0,0,0,0,0,0,0,0
TF,WZ407,28.004861,120.653639,0, ,0.0,0.0,0.0,0.0,3,5910,0,0,0,0,0,0
TF,DST,27.750000,120.630000,2, ,0.0,0.0,0.0,0.0,2,4930,0,1,210,0,0,0

STAR,KAGE2L,21,5
IF,KAGED,27.921667,119.558889, ,0.0,0.0,0,0,0,0,0,0,0,0
TF,WZ510,27.824444,120.166944,0, ,0.0,0.0,0.0,0.0,2,6890,0,0,0,0,0,0
TF,WZ608,27.774500,120.473194,0, ,0.0,0.0,0.0,0.0,0,0,0,0,0,0,0,0
TF,WZ413,27.997583,120.634417,0, ,0.0,0.0,0.0,0.0,3,5910,0,1,230,0,0,0
TF,WZ414,28.075111,120.580083,0, ,0.0,0.0,0.0,0.0,0,0,0,0,0,0,0,0
TF,WZ415,28.163389,120.553833,0, ,0.0,0.0,0.0,0.0,0,0,0,0,0,0,0,0
TF,WZ416,28.254611,120.558083,0, ,0.0,0.0,0.0,0.0,0,0,0,0,0,0,0,0
TF,WZ417,28.340667,120.592500,0, ,0.0,0.0,0.0,0.0,3,5910,0,0,0,0,0,0
TF,WZ604,28.196111,120.897778,2, ,0.0,0.0,0.0,0.0,2,4930,0,1,210,0,0,0

STAR,KAGE3A,03,2
IF,KAGED,27.921667,119.558889, ,0.0,0.0,0,0,0,0,0,0,0,0
TF,WZ510,27.824444,120.166944,0, ,0.0,0.0,0.0,0.0,2,6890,0,0,0,0,0,0
TF,DST,27.750000,120.630000,0, ,0.0,0.0,0.0,0.0,2,4930,0,1,210,0,0,0

STAR,KAGE4C,21,2
IF,KAGED,27.921667,119.558889, ,0.0,0.0,0,0,0,0,0,0,0,0
TF,WZ510,27.824444,120.166944,0, ,0.0,0.0,0.0,0.0,2,6890,0,0,0,0,0,0
TF,DST,27.750000,120.630000,0, ,0.0,0.0,0.0,0.0,2,4930,0,1,210,0,0,0

STAR,OKAT1F,03,5
IF,OKATO,27.585000,121.577222, ,0.0,0.0,2,20700,0,0,0,0,0,0
TF,WZ507,27.663333,121.125000,0, ,0.0,0.0,0.0,0.0,2,18000,0,0,0,0,0,0
TF,WZ504,27.647583,120.841278,0, ,0.0,0.0,0.0,0.0,2,3940,0,1,210,0,0,0

STAR,OKAT2L,21,5
IF,OKATO,27.585000,121.577222, ,0.0,0.0,2,20700,0,0,0,0,0,0
TF,WZ507,27.663333,121.125000,0, ,0.0,0.0,0.0,0.0,2,18000,0,0,0,0,0,0
TF,WZ607,27.706667,120.876889,0, ,0.0,0.0,0.0,0.0,0,0,0,0,0,0,0,0
TF,WZ606,27.912528,121.001278,2, ,0.0,0.0,0.0,0.0,2,3940,0,0,0,0,0,0
TF,WZ605,28.094250,121.111500,0, ,0.0,0.0,0.0,0.0,2,3940,0,1,210,0,0,0

STAR,OKAT3A,03,2
IF,OKATO,27.585000,121.577222, ,0.0,0.0,2,20700,0,0,0,0,0,0
TF,D105W,27.676992,121.054058,0, ,0.0,0.0,0.0,0.0,2,18000,0,0,0,0,0,0
TF,DST,27.750000,120.630000,0, ,0.0,0.0,0.0,0.0,2,4930,0,1,210,0,0,0

STAR,OKAT4C,21,2
IF,OKATO,27.585000,121.577222, ,0.0,0.0,2,20700,0,0,0,0,0,0
TF,D105W,27.676992,121.054058,0, ,0.0,0.0,0.0,0.0,2,18000,0,0,0,0,0,0
TF,DST,27.750000,120.630000,0, ,0.0,0.0,0.0,0.0,2,4930,0,1,210,0,0,0

STAR,REMM1F,03,5
IF,REMIM,28.858889,120.740000, ,0.0,0.0,0,0,0,0,0,0,0,0
TF,PEXIB,28.443333,120.696667,0, ,0.0,0.0,0.0,0.0,0,0,0,0,0,0,0,0
TF,WZ511,28.164111,120.669250,0, ,0.0,0.0,0.0,0.0,2,6890,0,0,0,0,0,0
TF,WZ408,27.924028,120.645722,0, ,0.0,0.0,0.0,0.0,1,6890,0,1,230,0,0,0
TF,WZ409,27.907806,120.544083,0, ,0.0,0.0,0.0,0.0,0,0,0,0,0,0,0,0
TF,WZ410,27.847583,120.465028,0, ,0.0,0.0,0.0,0.0,0,0,0,0,0,0,0,0
TF,WZ411,27.760167,120.431444,0, ,0.0,0.0,0.0,0.0,0,0,0,0,0,0,0,0
TF,WZ412,27.669472,120.452417,0, ,0.0,0.0,0.0,0.0,1,6890,0,0,0,0,0,0
TF,DST,27.750000,120.630000,1, ,0.0,0.0,0.0,0.0,2,4930,0,1,210,0,0,0

STAR,REMM2L,21,5
IF,REMIM,28.858889,120.740000, ,0.0,0.0,0,0,0,0,0,0,0,0
TF,PEXIB,28.443333,120.696667,0, ,0.0,0.0,0.0,0.0,0,0,0,0,0,0,0,0
TF,WZ418,28.298222,120.682389,0, ,0.0,0.0,0.0,0.0,2,6890,0,1,230,0,0,0
TF,WZ419,28.216167,120.654611,0, ,0.0,0.0,0.0,0.0,0,0,0,0,0,0,0,0
TF,WZ420,28.130972,120.665000,0, ,0.0,0.0,0.0,0.0,0,0,0,0,0,0,0,0
TF,WZ421,28.056028,120.711806,0, ,0.0,0.0,0.0,0.0,2,6890,0,0,0,0,0,0
TF,WZ604,28.196111,120.897778,1, ,0.0,0.0,0.0,0.0,2,4930,0,1,210,0,0,0

STAR,REMM3A,03,2
IF,REMIM,28.858889,120.740000, ,0.0,0.0,0,0,0,0,0,0,0,0
TF,PEXIB,28.443333,120.696667,0, ,0.0,0.0,0.0,0.0,0,0,0,0,0,0,0,0
TF,WZ511,28.164111,120.669250,0, ,0.0,0.0,0.0,0.0,2,6890,0,0,0,0,0,0
TF,DST,27.750000,120.630000,0, ,0.0,0.0,0.0,0.0,2,4930,0,1,210,0,0,0

STAR,REMM4C,21,2
IF,REMIM,28.858889,120.740000, ,0.0,0.0,0,0,0,0,0,0,0,0
TF,PEXIB,28.443333,120.696667,0, ,0.0,0.0,0.0,0.0,0,0,0,0,0,0,0,0
TF,WZ418,28.298222,120.682389,0, ,0.0,0.0,0.0,0.0,2,6890,0,0,0,0,0,0
TF,DST,27.750000,120.630000,0, ,0.0,0.0,0.0,0.0,2,4930,0,1,210,0,0,0

STAR,UNRU1F,03,5
IF,UNRUP,27.196111,120.057778, ,0.0,0.0,0,0,0,0,0,0,0,0
TF,LEBUP,27.389444,120.196111,0, ,0.0,0.0,0.0,0.0,0,0,0,0,0,0,0,0
TF,WZ508,27.485222,120.265222,0, ,0.0,0.0,0.0,0.0,2,6890,0,0,0,0,0,0
TF,UPNUG,27.632500,120.370556,0, ,0.0,0.0,0.0,0.0,3,5910,0,1,230,0,0,0
TF,WZ402,27.712306,120.342806,0, ,0.0,0.0,0.0,0.0,0,0,0,0,0,0,0,0
TF,WZ403,27.795583,120.344556,0, ,0.0,0.0,0.0,0.0,0,0,0,0,0,0,0,0
TF,WZ404,27.883833,120.382694,0, ,0.0,0.0,0.0,0.0,0,0,0,0,0,0,0,0
TF,WZ405,27.953556,120.453833,0, ,0.0,0.0,0.0,0.0,0,0,0,0,0,0,0,0
TF,WZ406,27.995778,120.548500,0, ,0.0,0.0,0.0,0.0,0,0,0,0,0,0,0,0
TF,WZ407,28.004861,120.653639,0, ,0.0,0.0,0.0,0.0,3,5910,0,0,0,0,0,0
TF,DST,27.750000,120.630000,2, ,0.0,0.0,0.0,0.0,2,4930,0,1,210,0,0,0

STAR,UNRU2L,21,5
IF,UNRUP,27.196111,120.057778, ,0.0,0.0,0,0,0,0,0,0,0,0
TF,LEBUP,27.389444,120.196111,0, ,0.0,0.0,0.0,0.0,0,0,0,0,0,0,0,0
TF,WZ508,27.485222,120.265222,0, ,0.0,0.0,0.0,0.0,2,6890,0,0,0,0,0,0
TF,UPNUG,27.632500,120.370556,0, ,0.0,0.0,0.0,0.0,0,0,0,0,0,0,0,0
TF,WZ608,27.774500,120.473194,0, ,0.0,0.0,0.0,0.0,0,0,0,0,0,0,0,0
TF,WZ413,27.997583,120.634417,0, ,0.0,0.0,0.0,0.0,3,5910,0,1,230,0,0,0
TF,WZ414,28.075111,120.580083,0, ,0.0,0.0,0.0,0.0,0,0,0,0,0,0,0,0
TF,WZ415,28.163389,120.553833,0, ,0.0,0.0,0.0,0.0,0,0,0,0,0,0,0,0
TF,WZ416,28.254611,120.558083,0, ,0.0,0.0,0.0,0.0,0,0,0,0,0,0,0,0
TF,WZ417,28.340667,120.592500,0, ,0.0,0.0,0.0,0.0,3,5910,0,0,0,0,0,0
TF,WZ604,28.196111,120.897778,2, ,0.0,0.0,0.0,0.0,2,4930,0,1,210,0,0,0

STAR,UNRU3A,03,2
IF,UNRUP,27.196111,120.057778, ,0.0,0.0,0,0,0,0,0,0,0,0
TF,LEBUP,27.389444,120.196111,0, ,0.0,0.0,0.0,0.0,0,0,0,0,0,0,0,0
TF,UPNUG,27.632500,120.370556,0, ,0.0,0.0,0.0,0.0,2,6890,0,0,0,0,0,0
TF,DST,27.750000,120.630000,0, ,0.0,0.0,0.0,0.0,2,4930,0,1,210,0,0,0

STAR,UNRU4C,21,2
IF,UNRUP,27.196111,120.057778, ,0.0,0.0,0,0,0,0,0,0,0,0
TF,LEBUP,27.389444,120.196111,0, ,0.0,0.0,0.0,0.0,0,0,0,0,0,0,0,0
TF,UPNUG,27.632500,120.370556,0, ,0.0,0.0,0.0,0.0,2,6890,0,0,0,0,0,0
TF,DST,27.750000,120.630000,0, ,0.0,0.0,0.0,0.0,2,4930,0,1,210,0,0,0

APPTR,D03,03,DST
IF,DST,27.750000,120.630000, ,0.0,0.0,2,4930,0,1,210,0,1,0
FD,DST,27.750000,120.630000,0,DST,0.0,4.0,146.0,4.0,0,0,0,0,0,0,0,0
CF,WZ503,27.701778,120.727639,1,WNZ,214.2,15.4,34.0,2.0,2,2960,0,0,0,0,1,0

FINAL,D03,03,D,4
IF,WZ503,27.701778,120.727639,WNZ,214.2,15.4,2,2960,0,0,0,0,0,0
CF,FD03,27.762397,120.764967,0,WNZ,214.0,11.3,34.0,4.1,2,2960,0,0,0,0,2,0
CF,46VOR,27.861294,120.824025,0,WNZ,214.0,4.6,34.0,6.7,2,820,0,0,0,0,0,0
CF,MD03,27.884908,120.838144,0,WNZ,214.0,3.0,34.0,1.6,1,300,0,0,0,0,3,0
CF,WNZ,27.929181,120.864636,0,WNZ,0.0,0.0,34.0,3.0,0,0,0,0,0,0,0,0
FD,WNZ,27.929181,120.864636,0,WNZ,0.0,4.0,34.0,4.0,2,1480,0,0,0,0,0,0
DF,DST,27.750000,120.630000,1, ,0.0,0.0,2,4930,0,1,210,0,0,0
HM,DST,27.750000,120.630000,2, ,0.0,0.0,146.0,04.3,0,0,0,1,230,0,0,0,0

APPTR,D21,21,DST
IF,DST,27.750000,120.630000, ,0.0,0.0,2,4930,0,1,210,0,1,0
FD,DST,27.750000,120.630000,0,DST,0.0,28.8,34.0,28.8,0,0,0,0,0,0,0,0
CF,D028O,28.161564,120.970592,2,WNZ,28.0,15.0,124.0,6.0,0,0,0,0,0,0,0,1
CF,CD21,28.125381,120.982336,2,WNZ,34.0,13.3,214.0,2.0,2,3940,0,0,0,0,1,0

FINAL,D21,21,D,4
IF,CD21,28.125381,120.982336,WNZ,34.0,13.3,2,3940,0,0,0,0,0,0
CF,FD21,28.056058,120.940694,0,WNZ,34.0,8.6,214.0,4.7,2,2960,0,0,0,0,2,0
CF,29VOR,27.971969,120.890264,0,WNZ,34.0,2.9,214.0,5.7,2,1150,0,0,0,0,0,0
CF,WNZ,27.929181,120.864636,0,WNZ,0.0,0.0,214.0,2.9,1,238,0,0,0,0,3,0
FD,WNZ,27.929181,120.864636,0,WNZ,0.0,10.1,214.0,10.1,2,1650,0,0,0,0,0,0
DF,DST,27.750000,120.630000,2, ,0.0,0.0,2,2960,0,1,210,0,0,0
HM,DST,27.750000,120.630000,1, ,0.0,0.0,34.0,04.3,2,4930,0,1,230,0,0,0,0

APPTR,I03-Y,03,DST
IF,DST,27.750000,120.630000, ,0.0,0.0,2,4930,0,1,210,0,1,0
FD,DST,27.750000,120.630000,0,DST,0.0,4.0,146.0,4.0,0,0,0,0,0,0,0,0
CF,WZ503,27.701778,120.727639,1,IKN,214.2,15.1,34.0,2.0,2,2960,0,0,0,0,1,0

FINAL,I03-Y,03,I,3
IF,WZ503,27.701778,120.727639,IKN,214.2,15.1,2,2960,0,0,0,0,0,0
CF,FI03,27.762700,120.764261,0,IKN,214.2,8.9,34.0,4.1,1,2960,0,0,0,0,2,0
CF,RW03,27.895767,120.844494,0,IKN,214.2,1.9,34.0,9.0,1,66,0,0,0,0,3,0
FD,RW03,27.895767,120.844494,0,WNZ,214.2,4.0,34.0,4.0,2,1480,0,0,0,0,0,0
DF,DST,27.750000,120.630000,1, ,0.0,0.0,2,4930,0,1,210,0,0,0
HM,DST,27.750000,120.630000,2, ,0.0,0.0,146.0,04.3,0,0,0,1,230,0,0,0,0

APPTR,I03-Z,03,DST
IF,DST,27.750000,120.630000, ,0.0,0.0,2,4930,0,1,210,0,1,0
TF,WZ503,27.701778,120.727639,0,IKN,0.0,0.0,0.0,0.0,2,2960,0,1,180,0,1,0

APPTR,I03-Z,03,WZ504
IF,WZ504,27.647583,120.841278, ,0.0,0.0,2,3940,0,1,210,0,1,0
TF,WZ503,27.701778,120.727639,0,IKN,0.0,0.0,0.0,0.0,2,2960,0,1,180,0,1,0

FINAL,I03-Z,03,I,3
IF,WZ503,27.701778,120.727639,IKN,214.2,15.1,2,2960,0,1,180,0,0,0
CF,FI03,27.762700,120.764261,0,IKN,214.2,10.9,34.0,4.1,1,2960,0,0,0,0,2,0
CF,RW03,27.895767,120.844494,0,IKN,214.2,1.9,34.0,9.0,1,66,0,0,0,0,3,0
FA,RW03,27.895767,120.844494,0,DST,0.0,0.0,34.0,2,990,0,0,0,0,0,0
DF,WZ505,27.815444,120.942556,2, ,0.0,0.0,0,0,0,1,210,0,0,0
TF,WZ504,27.647583,120.841278,0, ,0.0,0.0,0.0,0.0,2,3940,0,1,210,0,0,0
HM,WZ504,27.647583,120.841278,1, ,0.0,0.0,214.0,04.3,0,0,0,1,230,0,0,0,0

APPTR,I21-Y,21,DST
IF,DST,27.750000,120.630000, ,0.0,0.0,2,4930,0,1,210,0,1,0
FD,DST,27.750000,120.630000,0,DST,0.0,28.8,34.0,28.8,0,0,0,0,0,0,0,0
CF,D028O,28.161564,120.970592,2,WNZ,28.0,15.0,124.0,3.0,0,0,0,0,0,0,0,1
CF,CI21,28.124822,120.983289,2,IWZ,34.2,15.7,214.0,2.0,2,3940,0,0,0,0,1,0

FINAL,I21-Y,21,I,3
IF,CI21,28.124822,120.983289,IWZ,34.2,15.7,2,3940,0,0,0,0,0,0
CF,FI21,28.055661,120.941306,0,IWZ,34.2,11.0,214.0,4.7,1,2960,0,0,0,0,2,0
CF,RW21,27.921217,120.859869,0,IWZ,34.2,1.9,214.0,9.1,1,66,0,0,0,0,3,0
FD,RW21,27.921217,120.859869,0,WNZ,214.0,10.1,214.0,10.1,2,1650,0,0,0,0,0,0
DF,DST,27.750000,120.630000,2, ,0.0,0.0,2,2960,0,1,210,0,0,0
HM,DST,27.750000,120.630000,1, ,0.0,0.0,34.0,04.3,2,4930,0,1,230,0,0,0,0

APPTR,I21-Z,21,WZ604
IF,WZ604,28.196111,120.897778, ,0.0,0.0,2,4930,0,1,210,0,1,0
TF,WZ603,28.148639,120.997500,0,IWZ,0.0,0.0,0.0,0.0,2,3940,0,1,180,0,1,0

APPTR,I21-Z,21,WZ605
IF,WZ605,28.094250,121.111500, ,0.0,0.0,2,3940,0,1,210,0,1,0
TF,WZ603,28.148639,120.997500,0,IWZ,0.0,0.0,0.0,0.0,2,3940,0,1,180,0,1,0

FINAL,I21-Z,21,I,3
IF,WZ603,28.148639,120.997500,IWZ,34.2,17.3,2,3940,0,1,180,0,0,0
CF,FI21,28.055661,120.941306,0,IWZ,34.2,11.0,214.0,6.3,1,2960,0,0,0,0,2,0
CF,RW21,27.921217,120.859869,0,IWZ,34.2,1.9,214.0,9.1,1,66,0,0,0,0,3,0
FA,RW21,27.921217,120.859869,0,DST,0.0,0.0,214.0,2,1320,0,0,0,0,0,0
DF,WZ606,27.912528,121.001278,1, ,0.0,0.0,1,3940,0,1,210,0,0,0
TF,WZ605,28.094250,121.111500,0, ,0.0,0.0,0.0,0.0,0,0,0,1,210,0,0,0

