SID,GUVV1Z,02L,4
CF,CK481,29.752083,106.652917,0,CKG,359.2,0.3,20.0,1.0,0,0,0,0,0,0,0,1
TF,CK401,29.966000,106.727222,0, ,0.0,0.0,0.0,0.0,2,4570,0,0,0,0,0,0
TF,CK409,30.200833,106.812611,0, ,0.0,0.0,0.0,0.0,0,0,0,0,0,0,0,0
TF,GUVIV,30.543056,107.238889,0, ,0.0,0.0,0.0,0.0,0,0,0,0,0,0,0,0

SID,GUVV1Z,02R,4
CF,CK482,29.745417,106.654722,0,CKG,138.9,0.1,20.0,1.0,0,0,0,0,0,0,0,1
TF,CK402,29.965083,106.730667,0, ,0.0,0.0,0.0,0.0,2,4500,0,0,0,0,0,0
TF,CK409,30.200833,106.812611,0, ,0.0,0.0,0.0,0.0,0,0,0,0,0,0,0,0
TF,GUVIV,30.543056,107.238889,0, ,0.0,0.0,0.0,0.0,0,0,0,0,0,0,0,0

SID,GUVV1Z,03L,4
CF,CK403,29.764278,106.678750,0,CKG,54.5,1.7,20.0,1.0,0,0,0,0,0,0,0,1
CF,CK405,29.868333,106.752750,0,CKG,38.5,8.9,35.0,7.0,0,0,0,0,0,0,0,0
TF,CK407,30.039167,106.877306,0, ,0.0,0.0,0.0,0.0,0,0,0,0,0,0,0,0
TF,CK408,30.160861,106.964222,0, ,0.0,0.0,0.0,0.0,0,0,0,0,0,0,0,0
TF,GUVIV,30.543056,107.238889,0, ,0.0,0.0,0.0,0.0,0,0,0,0,0,0,0,0

SID,GUVV1Z,03R,4
CF,CK404,29.766667,106.683667,0,CKG,55.9,2.0,20.0,1.0,0,0,0,0,0,0,0,1
CF,CK406,29.867667,106.755306,0,CKG,39.3,9.0,35.0,7.0,0,0,0,0,0,0,0,0
TF,CK407,30.039167,106.877306,0, ,0.0,0.0,0.0,0.0,0,0,0,0,0,0,0,0
TF,CK408,30.160861,106.964222,0, ,0.0,0.0,0.0,0.0,0,0,0,0,0,0,0,0
TF,GUVIV,30.543056,107.238889,0, ,0.0,0.0,0.0,0.0,0,0,0,0,0,0,0,0

SID,GUVV6Y,20L,4
CF,CK492,29.702111,106.639778,0,CKG,197.9,2.8,200.0,1.0,0,0,0,0,0,0,0,1
TF,CK412,29.574667,106.595889,0, ,0.0,0.0,0.0,0.0,0,0,0,0,0,0,0,0
TF,CK451,29.668917,106.236222,0, ,0.0,0.0,0.0,0.0,0,0,0,0,0,0,0,0
TF,CK452,29.973333,106.340583,0, ,0.0,0.0,0.0,0.0,0,0,0,0,0,0,0,0
TF,GUVIV,30.543056,107.238889,0, ,0.0,0.0,0.0,0.0,0,0,0,0,0,0,0,0

SID,GUVV6Y,20R,4
CF,CK491,29.702583,106.635833,0,CKG,202.1,2.8,200.0,1.0,0,0,0,0,0,0,0,1
TF,CK411,29.575694,106.591972,0, ,0.0,0.0,0.0,0.0,0,0,0,0,0,0,0,0
TF,CK451,29.668917,106.236222,0, ,0.0,0.0,0.0,0.0,0,0,0,0,0,0,0,0
TF,CK452,29.973333,106.340583,0, ,0.0,0.0,0.0,0.0,0,0,0,0,0,0,0,0
TF,GUVIV,30.543056,107.238889,0, ,0.0,0.0,0.0,0.0,0,0,0,0,0,0,0,0

SID,GUVV6Y,21L,4
CF,CK414,29.718417,106.667000,0,CKG,160.1,1.8,200.0,1.0,0,0,0,0,0,0,0,1
CF,CK416,29.565806,106.661583,0,CKG,180.7,10.8,185.0,9.0,0,0,0,0,0,0,0,0
TF,CK431,29.513611,106.929556,0, ,0.0,0.0,0.0,0.0,0,0,0,0,0,0,0,0
TF,CK433,30.358972,107.226250,0, ,0.0,0.0,0.0,0.0,0,0,0,0,0,0,0,0
TF,GUVIV,30.543056,107.238889,0, ,0.0,0.0,0.0,0.0,0,0,0,0,0,0,0,0

SID,GUVV6Y,21R,4
CF,CK413,29.711722,106.660583,0,CKG,172.7,2.1,200.0,1.0,0,0,0,0,0,0,0,1
CF,CK415,29.567000,106.655444,0,CKG,182.4,10.8,185.0,9.0,0,0,0,0,0,0,0,0
TF,CK431,29.513611,106.929556,0, ,0.0,0.0,0.0,0.0,0,0,0,0,0,0,0,0
TF,CK433,30.358972,107.226250,0, ,0.0,0.0,0.0,0.0,0,0,0,0,0,0,0,0
TF,GUVIV,30.543056,107.238889,0, ,0.0,0.0,0.0,0.0,0,0,0,0,0,0,0,0

SID,NUDV1Z,02L,4
CF,CK481,29.752083,106.652917,0,CKG,359.2,0.3,20.0,1.0,0,0,0,0,0,0,0,1
CA,0,20.0,2,5910,0,0,0,0,0,0
DF,CK443,29.840222,106.294583,1, ,0.0,0.0,0,0,0,0,0,0,0,0
TF,CK444,29.625333,106.221389,0, ,0.0,0.0,0.0,0.0,0,0,0,0,0,0,0,0
TF,CK445,29.398028,106.539528,0, ,0.0,0.0,0.0,0.0,0,0,0,0,0,0,0,0
TF,NUDVO,28.715833,106.540278,0, ,0.0,0.0,0.0,0.0,0,0,0,0,0,0,0,0

SID,NUDV1Z,02R,4
CF,CK482,29.745417,106.654722,0,CKG,138.9,0.1,20.0,1.0,0,0,0,0,0,0,0,1
CA,0,20.0,2,5910,0,0,0,0,0,0
DF,CK443,29.840222,106.294583,1, ,0.0,0.0,0,0,0,0,0,0,0,0
TF,CK444,29.625333,106.221389,0, ,0.0,0.0,0.0,0.0,0,0,0,0,0,0,0,0
TF,CK445,29.398028,106.539528,0, ,0.0,0.0,0.0,0.0,0,0,0,0,0,0,0,0
TF,NUDVO,28.715833,106.540278,0, ,0.0,0.0,0.0,0.0,0,0,0,0,0,0,0,0

SID,NUDV1Z,03L,4
CF,CK403,29.764278,106.678750,0,CKG,54.5,1.7,20.0,1.0,0,0,0,0,0,0,0,1
CF,CK405,29.868333,106.752750,0,CKG,38.5,8.9,35.0,7.0,0,0,0,0,0,0,0,0
TF,CK422,29.795472,107.027833,0, ,0.0,0.0,0.0,0.0,0,0,0,0,0,0,0,0
TF,CK423,29.609250,106.962833,0, ,0.0,0.0,0.0,0.0,0,0,0,0,0,0,0,0
TF,CK424,29.452722,106.960917,0, ,0.0,0.0,0.0,0.0,0,0,0,0,0,0,0,0
TF,NUDVO,28.715833,106.540278,0, ,0.0,0.0,0.0,0.0,0,0,0,0,0,0,0,0

SID,NUDV1Z,03R,4
CF,CK404,29.766667,106.683667,0,CKG,55.9,2.0,20.0,1.0,0,0,0,0,0,0,0,1
CF,CK406,29.867667,106.755306,0,CKG,39.3,9.0,35.0,7.0,0,0,0,0,0,0,0,0
TF,CK422,29.795472,107.027833,0, ,0.0,0.0,0.0,0.0,0,0,0,0,0,0,0,0
TF,CK423,29.609250,106.962833,0, ,0.0,0.0,0.0,0.0,0,0,0,0,0,0,0,0
TF,CK424,29.452722,106.960917,0, ,0.0,0.0,0.0,0.0,0,0,0,0,0,0,0,0
TF,NUDVO,28.715833,106.540278,0, ,0.0,0.0,0.0,0.0,0,0,0,0,0,0,0,0

SID,NUDV5R,20L,2
CF,CK11A,29.575200,106.595403,0,CKG,199.5,10.7,200.0,9.0,0,0,0,0,0,0,0,1
DF,QJG,29.051667,106.665000,0, ,0.0,0.0,0,0,0,0,0,0,0,0
TF,NUDVO,28.715833,106.540278,0, ,0.0,0.0,0.0,0.0,0,0,0,0,0,0,0,0

SID,NUDV6Y,20L,4
CF,CK492,29.702111,106.639778,0,CKG,197.9,2.8,200.0,1.0,0,0,0,0,0,0,0,1
TF,CK412,29.574667,106.595889,0, ,0.0,0.0,0.0,0.0,0,0,0,0,0,0,0,0
TF,CK418,29.423306,106.539500,0, ,0.0,0.0,0.0,0.0,0,0,0,0,0,0,0,0
TF,CK419,29.119361,106.539806,0, ,0.0,0.0,0.0,0.0,0,0,0,0,0,0,0,0

SID,NUDV6Y,20R,4
CF,CK491,29.702583,106.635833,0,CKG,202.1,2.8,200.0,1.0,0,0,0,0,0,0,0,1
TF,CK411,29.575694,106.591972,0, ,0.0,0.0,0.0,0.0,0,0,0,0,0,0,0,0
TF,CK418,29.423306,106.539500,0, ,0.0,0.0,0.0,0.0,0,0,0,0,0,0,0,0
TF,CK419,29.119361,106.539806,0, ,0.0,0.0,0.0,0.0,0,0,0,0,0,0,0,0

SID,NUDV6Y,21L,4
CF,CK414,29.718417,106.667000,0,CKG,160.1,1.8,200.0,1.0,0,0,0,0,0,0,0,1
CF,CK416,29.565806,106.661583,0,CKG,180.7,10.8,185.0,9.0,0,0,0,0,0,0,0,0
TF,CK417,29.338833,106.647389,0, ,0.0,0.0,0.0,0.0,0,0,0,0,0,0,0,0
TF,CK419,29.119361,106.539806,0, ,0.0,0.0,0.0,0.0,0,0,0,0,0,0,0,0

SID,NUDV6Y,21R,4
CF,CK413,29.711722,106.660583,0,CKG,172.7,2.1,200.0,1.0,0,0,0,0,0,0,0,1
CF,CK415,29.567000,106.655444,0,CKG,182.4,10.8,185.0,9.0,0,0,0,0,0,0,0,0
TF,CK417,29.338833,106.647389,0, ,0.0,0.0,0.0,0.0,0,0,0,0,0,0,0,0
TF,CK419,29.119361,106.539806,0, ,0.0,0.0,0.0,0.0,0,0,0,0,0,0,0,0

SID,NUDV6Y,ALL,5
IF,CK419,29.119361,106.539806, ,0.0,0.0,0,0,0,0,0,0,0,0
TF,NUDVO,28.715833,106.540278,0, ,0.0,0.0,0.0,0.0,0,0,0,0,0,0,0,0

SID,NUDV7M,20R,2
CF,CK11B,29.576203,106.591644,0,CKG,200.6,10.7,200.0,9.0,0,0,0,0,0,0,0,1
DF,QJG,29.051667,106.665000,0, ,0.0,0.0,0,0,0,0,0,0,0,0
TF,NUDVO,28.715833,106.540278,0, ,0.0,0.0,0.0,0.0,0,0,0,0,0,0,0,0

SID,NUDV8L,21L,2
CF,IU02A,29.718894,106.667161,0,CKG,159.5,1.8,200.0,1.0,0,0,0,0,0,0,0,0
TF,QJG,29.051667,106.665000,0, ,0.0,0.0,0.0,0.0,0,0,0,0,0,0,0,0
TF,NUDVO,28.715833,106.540278,0, ,0.0,0.0,0.0,0.0,0,0,0,0,0,0,0,0

SID,NUDV9K,21R,2
CF,IC02A,29.710997,106.660300,0,CKG,173.3,2.2,200.0,1.0,0,0,0,0,0,0,0,0
TF,QJG,29.051667,106.665000,0, ,0.0,0.0,0.0,0.0,0,0,0,0,0,0,0,0
TF,NUDVO,28.715833,106.540278,0, ,0.0,0.0,0.0,0.0,0,0,0,0,0,0,0,0

SID,OLNE1Z,02L,4
CF,CK481,29.752083,106.652917,0,CKG,359.2,0.3,20.0,1.0,0,0,0,0,0,0,0,1
TF,CK401,29.966000,106.727222,0, ,0.0,0.0,0.0,0.0,2,4570,0,0,0,0,0,0
TF,CK409,30.200833,106.812611,0, ,0.0,0.0,0.0,0.0,0,0,0,0,0,0,0,0
TF,CK421,30.114333,107.139778,0, ,0.0,0.0,0.0,0.0,0,0,0,0,0,0,0,0

SID,OLNE1Z,02R,4
CF,CK482,29.745417,106.654722,0,CKG,138.9,0.1,20.0,1.0,0,0,0,0,0,0,0,1
TF,CK402,29.965083,106.730667,0, ,0.0,0.0,0.0,0.0,2,4500,0,0,0,0,0,0
TF,CK409,30.200833,106.812611,0, ,0.0,0.0,0.0,0.0,0,0,0,0,0,0,0,0
TF,CK421,30.114333,107.139778,0, ,0.0,0.0,0.0,0.0,0,0,0,0,0,0,0,0

SID,OLNE1Z,03L,4
CF,CK403,29.764278,106.678750,0,CKG,54.5,1.7,20.0,1.0,0,0,0,0,0,0,0,1
CF,CK405,29.868333,106.752750,0,CKG,38.5,8.9,35.0,7.0,0,0,0,0,0,0,0,0
TF,CK421,30.114333,107.139778,0, ,0.0,0.0,0.0,0.0,0,0,0,0,0,0,0,0

SID,OLNE1Z,03R,4
CF,CK404,29.766667,106.683667,0,CKG,55.9,2.0,20.0,1.0,0,0,0,0,0,0,0,1
CF,CK406,29.867667,106.755306,0,CKG,39.3,9.0,35.0,7.0,0,0,0,0,0,0,0,0
TF,CK421,30.114333,107.139778,0, ,0.0,0.0,0.0,0.0,0,0,0,0,0,0,0,0

SID,OLNE1Z,ALL,5
IF,CK421,30.114333,107.139778, ,0.0,0.0,0,0,0,0,0,0,0,0
TF,OLNER,29.931111,107.821111,0, ,0.0,0.0,0.0,0.0,0,0,0,0,0,0,0,0

SID,OLNE2X,02L,4
CF,CK481,29.752083,106.652917,0,CKG,359.2,0.3,20.0,1.0,0,0,0,0,0,0,0,1
TF,CK401,29.966000,106.727222,0, ,0.0,0.0,0.0,0.0,2,4570,0,0,0,0,0,0
TF,OLNER,29.931111,107.821111,0, ,0.0,0.0,0.0,0.0,0,0,0,0,0,0,0,0

SID,OLNE2X,02R,4
CF,CK482,29.745417,106.654722,0,CKG,138.9,0.1,20.0,1.0,0,0,0,0,0,0,0,1
TF,CK402,29.965083,106.730667,0, ,0.0,0.0,0.0,0.0,2,4500,0,0,0,0,0,0
TF,OLNER,29.931111,107.821111,0, ,0.0,0.0,0.0,0.0,0,0,0,0,0,0,0,0

SID,OLNE2X,03L,4
CF,CK403,29.764278,106.678750,0,CKG,54.5,1.7,20.0,1.0,0,0,0,0,0,0,0,1
CF,CK405,29.868333,106.752750,0,CKG,38.5,8.9,35.0,7.0,0,0,0,0,0,0,0,0
TF,OLNER,29.931111,107.821111,0, ,0.0,0.0,0.0,0.0,0,0,0,0,0,0,0,0

SID,OLNE2X,03R,4
CF,CK404,29.766667,106.683667,0,CKG,55.9,2.0,20.0,1.0,0,0,0,0,0,0,0,1
CF,CK406,29.867667,106.755306,0,CKG,39.3,9.0,35.0,7.0,0,0,0,0,0,0,0,0
TF,OLNER,29.931111,107.821111,0, ,0.0,0.0,0.0,0.0,0,0,0,0,0,0,0,0

SID,OLNE6Y,20L,4
CF,CK492,29.702111,106.639778,0,CKG,197.9,2.8,200.0,1.0,0,0,0,0,0,0,0,1
TF,CK412,29.574667,106.595889,0, ,0.0,0.0,0.0,0.0,0,0,0,0,0,0,0,0
TF,CK451,29.668917,106.236222,0, ,0.0,0.0,0.0,0.0,0,0,0,0,0,0,0,0
TF,CK452,29.973333,106.340583,0, ,0.0,0.0,0.0,0.0,0,0,0,0,0,0,0,0
TF,CK421,30.114333,107.139778,0, ,0.0,0.0,0.0,0.0,0,0,0,0,0,0,0,0

SID,OLNE6Y,20R,4
CF,CK491,29.702583,106.635833,0,CKG,202.1,2.8,200.0,1.0,0,0,0,0,0,0,0,1
TF,CK411,29.575694,106.591972,0, ,0.0,0.0,0.0,0.0,0,0,0,0,0,0,0,0
TF,CK451,29.668917,106.236222,0, ,0.0,0.0,0.0,0.0,0,0,0,0,0,0,0,0
TF,CK452,29.973333,106.340583,0, ,0.0,0.0,0.0,0.0,0,0,0,0,0,0,0,0
TF,CK421,30.114333,107.139778,0, ,0.0,0.0,0.0,0.0,0,0,0,0,0,0,0,0

SID,OLNE6Y,21L,4
CF,CK414,29.718417,106.667000,0,CKG,160.1,1.8,200.0,1.0,0,0,0,0,0,0,0,1
CF,CK416,29.565806,106.661583,0,CKG,180.7,10.8,185.0,9.0,0,0,0,0,0,0,0,0
TF,CK431,29.513611,106.929556,0, ,0.0,0.0,0.0,0.0,0,0,0,0,0,0,0,0
TF,CK421,30.114333,107.139778,0, ,0.0,0.0,0.0,0.0,0,0,0,0,0,0,0,0

SID,OLNE6Y,21R,4
CF,CK413,29.711722,106.660583,0,CKG,172.7,2.1,200.0,1.0,0,0,0,0,0,0,0,1
CF,CK415,29.567000,106.655444,0,CKG,182.4,10.8,185.0,9.0,0,0,0,0,0,0,0,0
TF,CK431,29.513611,106.929556,0, ,0.0,0.0,0.0,0.0,0,0,0,0,0,0,0,0
TF,CK421,30.114333,107.139778,0, ,0.0,0.0,0.0,0.0,0,0,0,0,0,0,0,0

SID,OLNE6Y,ALL,5
IF,CK421,30.114333,107.139778, ,0.0,0.0,0,0,0,0,0,0,0,0
TF,OLNER,29.931111,107.821111,0, ,0.0,0.0,0.0,0.0,0,0,0,0,0,0,0,0

SID,OLNE7W,21L,4
CF,CK414,29.718417,106.667000,0,CKG,160.1,1.8,200.0,1.0,0,0,0,0,0,0,0,1
CF,CK416,29.565806,106.661583,0,CKG,180.7,10.8,185.0,9.0,0,0,0,0,0,0,0,0
TF,CK431,29.513611,106.929556,0, ,0.0,0.0,0.0,0.0,0,0,0,0,0,0,0,0

SID,OLNE7W,21R,4
CF,CK413,29.711722,106.660583,0,CKG,172.7,2.1,200.0,1.0,0,0,0,0,0,0,0,1
CF,CK415,29.567000,106.655444,0,CKG,182.4,10.8,185.0,9.0,0,0,0,0,0,0,0,0
TF,CK431,29.513611,106.929556,0, ,0.0,0.0,0.0,0.0,0,0,0,0,0,0,0,0

SID,OLNE7W,ALL,5
IF,CK431,29.513611,106.929556, ,0.0,0.0,0,0,0,0,0,0,0,0
TF,CK435,29.615111,107.271139,0, ,0.0,0.0,0.0,0.0,0,0,0,0,0,0,0,0
TF,OLNER,29.931111,107.821111,0, ,0.0,0.0,0.0,0.0,0,0,0,0,0,0,0,0

SID,OVNU1Z,02L,4
CF,CK481,29.752083,106.652917,0,CKG,359.2,0.3,20.0,1.0,0,0,0,0,0,0,0,1
TF,CK401,29.966000,106.727222,0, ,0.0,0.0,0.0,0.0,2,4570,0,0,0,0,0,0
TF,CK409,30.200833,106.812611,0, ,0.0,0.0,0.0,0.0,0,0,0,0,0,0,0,0
TF,OVNUL,30.568056,107.030556,0, ,0.0,0.0,0.0,0.0,0,0,0,0,0,0,0,0

SID,OVNU1Z,02R,4
CF,CK482,29.745417,106.654722,0,CKG,138.9,0.1,20.0,1.0,0,0,0,0,0,0,0,1
TF,CK402,29.965083,106.730667,0, ,0.0,0.0,0.0,0.0,2,4500,0,0,0,0,0,0
TF,CK409,30.200833,106.812611,0, ,0.0,0.0,0.0,0.0,0,0,0,0,0,0,0,0
TF,OVNUL,30.568056,107.030556,0, ,0.0,0.0,0.0,0.0,0,0,0,0,0,0,0,0

SID,OVNU1Z,03L,4
CF,CK403,29.764278,106.678750,0,CKG,54.5,1.7,20.0,1.0,0,0,0,0,0,0,0,1
CF,CK405,29.868333,106.752750,0,CKG,38.5,8.9,35.0,7.0,0,0,0,0,0,0,0,0
TF,CK407,30.039167,106.877306,0, ,0.0,0.0,0.0,0.0,0,0,0,0,0,0,0,0
TF,CK408,30.160861,106.964222,0, ,0.0,0.0,0.0,0.0,0,0,0,0,0,0,0,0
TF,OVNUL,30.568056,107.030556,0, ,0.0,0.0,0.0,0.0,0,0,0,0,0,0,0,0

SID,OVNU1Z,03R,4
CF,CK404,29.766667,106.683667,0,CKG,55.9,2.0,20.0,1.0,0,0,0,0,0,0,0,1
CF,CK406,29.867667,106.755306,0,CKG,39.3,9.0,35.0,7.0,0,0,0,0,0,0,0,0
TF,CK407,30.039167,106.877306,0, ,0.0,0.0,0.0,0.0,0,0,0,0,0,0,0,0
TF,CK408,30.160861,106.964222,0, ,0.0,0.0,0.0,0.0,0,0,0,0,0,0,0,0
TF,OVNUL,30.568056,107.030556,0, ,0.0,0.0,0.0,0.0,0,0,0,0,0,0,0,0

SID,OVNU6Y,20L,4
CF,CK492,29.702111,106.639778,0,CKG,197.9,2.8,200.0,1.0,0,0,0,0,0,0,0,1
TF,CK412,29.574667,106.595889,0, ,0.0,0.0,0.0,0.0,0,0,0,0,0,0,0,0
TF,CK451,29.668917,106.236222,0, ,0.0,0.0,0.0,0.0,0,0,0,0,0,0,0,0
TF,CK452,29.973333,106.340583,0, ,0.0,0.0,0.0,0.0,0,0,0,0,0,0,0,0
TF,OVNUL,30.568056,107.030556,0, ,0.0,0.0,0.0,0.0,0,0,0,0,0,0,0,0

SID,OVNU6Y,20R,4
CF,CK491,29.702583,106.635833,0,CKG,202.1,2.8,200.0,1.0,0,0,0,0,0,0,0,1
TF,CK411,29.575694,106.591972,0, ,0.0,0.0,0.0,0.0,0,0,0,0,0,0,0,0
TF,CK451,29.668917,106.236222,0, ,0.0,0.0,0.0,0.0,0,0,0,0,0,0,0,0
TF,CK452,29.973333,106.340583,0, ,0.0,0.0,0.0,0.0,0,0,0,0,0,0,0,0
TF,OVNUL,30.568056,107.030556,0, ,0.0,0.0,0.0,0.0,0,0,0,0,0,0,0,0

SID,OVNU6Y,21L,4
CF,CK414,29.718417,106.667000,0,CKG,160.1,1.8,200.0,1.0,0,0,0,0,0,0,0,1
CF,CK416,29.565806,106.661583,0,CKG,180.7,10.8,185.0,9.0,0,0,0,0,0,0,0,0
TF,CK431,29.513611,106.929556,0, ,0.0,0.0,0.0,0.0,0,0,0,0,0,0,0,0
TF,CK432,29.870556,107.054111,0, ,0.0,0.0,0.0,0.0,0,0,0,0,0,0,0,0
TF,OVNUL,30.568056,107.030556,0, ,0.0,0.0,0.0,0.0,0,0,0,0,0,0,0,0

SID,OVNU6Y,21R,4
CF,CK413,29.711722,106.660583,0,CKG,172.7,2.1,200.0,1.0,0,0,0,0,0,0,0,1
CF,CK415,29.567000,106.655444,0,CKG,182.4,10.8,185.0,9.0,0,0,0,0,0,0,0,0
TF,CK431,29.513611,106.929556,0, ,0.0,0.0,0.0,0.0,0,0,0,0,0,0,0,0
TF,CK432,29.870556,107.054111,0, ,0.0,0.0,0.0,0.0,0,0,0,0,0,0,0,0
TF,OVNUL,30.568056,107.030556,0, ,0.0,0.0,0.0,0.0,0,0,0,0,0,0,0,0

SID,URGE0W,02L,2
CF,D020J,29.906947,106.707419,0,CKG,19.4,10.0,20.0,11.0,0,0,0,0,0,0,0,0
TF,D020M,29.954353,106.726253,0, ,0.0,0.0,0.0,0.0,0,0,0,0,0,0,0,0
TF,D020X,30.123186,106.787703,0, ,0.0,0.0,0.0,0.0,0,0,0,0,0,0,0,0
TF,URGEG,30.598889,106.284167,0, ,0.0,0.0,0.0,0.0,0,0,0,0,0,0,0,0

SID,URGE1Z,02L,4
CF,CK481,29.752083,106.652917,0,CKG,359.2,0.3,20.0,1.0,0,0,0,0,0,0,0,1
CA,0,20.0,2,5910,0,0,0,0,0,0
DF,CK441,30.059694,106.534583,1, ,0.0,0.0,0,0,0,0,0,0,0,0
TF,CK442,30.363028,106.535222,0, ,0.0,0.0,0.0,0.0,0,0,0,0,0,0,0,0

SID,URGE1Z,02R,4
CF,CK482,29.745417,106.654722,0,CKG,138.9,0.1,20.0,1.0,0,0,0,0,0,0,0,1
CA,0,20.0,2,5910,0,0,0,0,0,0
DF,CK441,30.059694,106.534583,1, ,0.0,0.0,0,0,0,0,0,0,0,0
TF,CK442,30.363028,106.535222,0, ,0.0,0.0,0.0,0.0,0,0,0,0,0,0,0,0

SID,URGE1Z,03L,4
CF,CK403,29.764278,106.678750,0,CKG,54.5,1.7,20.0,1.0,0,0,0,0,0,0,0,1
CF,CK405,29.868333,106.752750,0,CKG,38.5,8.9,35.0,7.0,0,0,0,0,0,0,0,0
TF,CK407,30.039167,106.877306,0, ,0.0,0.0,0.0,0.0,0,0,0,0,0,0,0,0
TF,CK442,30.363028,106.535222,0, ,0.0,0.0,0.0,0.0,0,0,0,0,0,0,0,0

SID,URGE1Z,03R,4
CF,CK404,29.766667,106.683667,0,CKG,55.9,2.0,20.0,1.0,0,0,0,0,0,0,0,1
CF,CK406,29.867667,106.755306,0,CKG,39.3,9.0,35.0,7.0,0,0,0,0,0,0,0,0
TF,CK407,30.039167,106.877306,0, ,0.0,0.0,0.0,0.0,0,0,0,0,0,0,0,0
TF,CK442,30.363028,106.535222,0, ,0.0,0.0,0.0,0.0,0,0,0,0,0,0,0,0

SID,URGE1Z,ALL,5
IF,CK442,30.363028,106.535222, ,0.0,0.0,0,0,0,0,0,0,0,0
TF,URGEG,30.598889,106.284167,0, ,0.0,0.0,0.0,0.0,0,0,0,0,0,0,0,0

SID,URGE2U,02R,2
CF,D020M,29.954353,106.726253,0,CKG,20.0,13.0,20.0,14.0,0,0,0,0,0,0,0,0
TF,D020X,30.123186,106.787703,0, ,0.0,0.0,0.0,0.0,0,0,0,0,0,0,0,0
TF,URGEG,30.598889,106.284167,0, ,0.0,0.0,0.0,0.0,0,0,0,0,0,0,0,0

SID,URGE3T,03L,2
CF,IQ03A,29.764958,106.679147,0,CKG,53.9,1.7,20.0,1.0,0,0,0,0,0,0,0,0
TF,D038I,29.869803,106.752289,0, ,0.0,0.0,0.0,0.0,0,0,0,0,0,0,0,0
TF,D038U,30.033867,106.884611,0, ,0.0,0.0,0.0,0.0,0,0,0,0,0,0,0,0
TF,UGOPO,30.106111,106.806944,0, ,0.0,0.0,0.0,0.0,0,0,0,0,0,0,0,0
TF,URGEG,30.598889,106.284167,0, ,0.0,0.0,0.0,0.0,0,0,0,0,0,0,0,0

SID,URGE4S,03R,2
CF,IB03A,29.766864,106.683919,0,CKG,55.9,2.0,20.0,2.0,0,0,0,0,0,0,0,0
TF,D039I,29.868278,106.754739,0, ,0.0,0.0,0.0,0.0,0,0,0,0,0,0,0,0
TF,D039U,30.028950,106.889200,0, ,0.0,0.0,0.0,0.0,0,0,0,0,0,0,0,0
TF,UGOPO,30.106111,106.806944,0, ,0.0,0.0,0.0,0.0,0,0,0,0,0,0,0,0
TF,URGEG,30.598889,106.284167,0, ,0.0,0.0,0.0,0.0,0,0,0,0,0,0,0,0

SID,URGE6Y,20L,4
CF,CK492,29.702111,106.639778,0,CKG,197.9,2.8,200.0,1.0,0,0,0,0,0,0,0,1
TF,CK412,29.574667,106.595889,0, ,0.0,0.0,0.0,0.0,0,0,0,0,0,0,0,0
TF,CK451,29.668917,106.236222,0, ,0.0,0.0,0.0,0.0,0,0,0,0,0,0,0,0
TF,CK453,30.405667,106.489972,0, ,0.0,0.0,0.0,0.0,0,0,0,0,0,0,0,0

SID,URGE6Y,20R,4
CF,CK491,29.702583,106.635833,0,CKG,202.1,2.8,200.0,1.0,0,0,0,0,0,0,0,1
TF,CK411,29.575694,106.591972,0, ,0.0,0.0,0.0,0.0,0,0,0,0,0,0,0,0
TF,CK451,29.668917,106.236222,0, ,0.0,0.0,0.0,0.0,0,0,0,0,0,0,0,0
TF,CK453,30.405667,106.489972,0, ,0.0,0.0,0.0,0.0,0,0,0,0,0,0,0,0

SID,URGE6Y,21L,4
CF,CK414,29.718417,106.667000,0,CKG,160.1,1.8,200.0,1.0,0,0,0,0,0,0,0,1
CF,CK416,29.565806,106.661583,0,CKG,180.7,10.8,185.0,9.0,0,0,0,0,0,0,0,0
TF,CK431,29.513611,106.929556,0, ,0.0,0.0,0.0,0.0,0,0,0,0,0,0,0,0
TF,CK432,29.870556,107.054111,0, ,0.0,0.0,0.0,0.0,0,0,0,0,0,0,0,0
TF,CK453,30.405667,106.489972,0, ,0.0,0.0,0.0,0.0,0,0,0,0,0,0,0,0

SID,URGE6Y,21R,4
CF,CK413,29.711722,106.660583,0,CKG,172.7,2.1,200.0,1.0,0,0,0,0,0,0,0,1
CF,CK415,29.567000,106.655444,0,CKG,182.4,10.8,185.0,9.0,0,0,0,0,0,0,0,0
TF,CK431,29.513611,106.929556,0, ,0.0,0.0,0.0,0.0,0,0,0,0,0,0,0,0
TF,CK432,29.870556,107.054111,0, ,0.0,0.0,0.0,0.0,0,0,0,0,0,0,0,0
TF,CK453,30.405667,106.489972,0, ,0.0,0.0,0.0,0.0,0,0,0,0,0,0,0,0

SID,URGE6Y,ALL,5
IF,CK453,30.405667,106.489972, ,0.0,0.0,0,0,0,0,0,0,0,0
TF,URGEG,30.598889,106.284167,0, ,0.0,0.0,0.0,0.0,0,0,0,0,0,0,0,0

SID,VILU1Z,02L,4
CF,CK481,29.752083,106.652917,0,CKG,359.2,0.3,20.0,1.0,0,0,0,0,0,0,0,1
CA,0,20.0,2,5910,0,0,0,0,0,0
DF,CK443,29.840222,106.294583,1, ,0.0,0.0,0,0,0,0,0,0,0,0
TF,CK444,29.625333,106.221389,0, ,0.0,0.0,0.0,0.0,0,0,0,0,0,0,0,0
TF,CK425,29.097333,106.956611,0, ,0.0,0.0,0.0,0.0,0,0,0,0,0,0,0,0

SID,VILU1Z,02R,4
CF,CK482,29.745417,106.654722,0,CKG,138.9,0.1,20.0,1.0,0,0,0,0,0,0,0,1
CA,0,20.0,2,5910,0,0,0,0,0,0
DF,CK443,29.840222,106.294583,1, ,0.0,0.0,0,0,0,0,0,0,0,0
TF,CK444,29.625333,106.221389,0, ,0.0,0.0,0.0,0.0,0,0,0,0,0,0,0,0
TF,CK425,29.097333,106.956611,0, ,0.0,0.0,0.0,0.0,0,0,0,0,0,0,0,0

SID,VILU1Z,03L,4
CF,CK403,29.764278,106.678750,0,CKG,54.5,1.7,20.0,1.0,0,0,0,0,0,0,0,1
CF,CK405,29.868333,106.752750,0,CKG,38.5,8.9,35.0,7.0,0,0,0,0,0,0,0,0
TF,CK422,29.795472,107.027833,0, ,0.0,0.0,0.0,0.0,0,0,0,0,0,0,0,0
TF,CK423,29.609250,106.962833,0, ,0.0,0.0,0.0,0.0,0,0,0,0,0,0,0,0
TF,CK425,29.097333,106.956611,0, ,0.0,0.0,0.0,0.0,0,0,0,0,0,0,0,0

SID,VILU1Z,03R,4
CF,CK404,29.766667,106.683667,0,CKG,55.9,2.0,20.0,1.0,0,0,0,0,0,0,0,1
CF,CK406,29.867667,106.755306,0,CKG,39.3,9.0,35.0,7.0,0,0,0,0,0,0,0,0
TF,CK422,29.795472,107.027833,0, ,0.0,0.0,0.0,0.0,0,0,0,0,0,0,0,0
TF,CK423,29.609250,106.962833,0, ,0.0,0.0,0.0,0.0,0,0,0,0,0,0,0,0
TF,CK425,29.097333,106.956611,0, ,0.0,0.0,0.0,0.0,0,0,0,0,0,0,0,0

SID,VILU1Z,ALL,5
IF,CK425,29.097333,106.956611, ,0.0,0.0,0,0,0,0,0,0,0,0
TF,VILUS,28.661944,106.951389,0, ,0.0,0.0,0.0,0.0,0,0,0,0,0,0,0,0

SID,VILU5R,20L,2
CF,CK11A,29.575200,106.595403,0,CKG,199.5,10.7,200.0,9.0,0,0,0,0,0,0,0,1
DF,QJG,29.051667,106.665000,0, ,0.0,0.0,0,0,0,0,0,0,0,0
TF,VILUS,28.661944,106.951389,0, ,0.0,0.0,0.0,0.0,0,0,0,0,0,0,0,0

SID,VILU6Y,20L,4
CF,CK492,29.702111,106.639778,0,CKG,197.9,2.8,200.0,1.0,0,0,0,0,0,0,0,1
TF,CK412,29.574667,106.595889,0, ,0.0,0.0,0.0,0.0,0,0,0,0,0,0,0,0
TF,CK418,29.423306,106.539500,0, ,0.0,0.0,0.0,0.0,0,0,0,0,0,0,0,0
TF,CK425,29.097333,106.956611,0, ,0.0,0.0,0.0,0.0,0,0,0,0,0,0,0,0

SID,VILU6Y,20R,4
CF,CK491,29.702583,106.635833,0,CKG,202.1,2.8,200.0,1.0,0,0,0,0,0,0,0,1
TF,CK411,29.575694,106.591972,0, ,0.0,0.0,0.0,0.0,0,0,0,0,0,0,0,0
TF,CK418,29.423306,106.539500,0, ,0.0,0.0,0.0,0.0,0,0,0,0,0,0,0,0
TF,CK425,29.097333,106.956611,0, ,0.0,0.0,0.0,0.0,0,0,0,0,0,0,0,0

SID,VILU6Y,21L,4
CF,CK414,29.718417,106.667000,0,CKG,160.1,1.8,200.0,1.0,0,0,0,0,0,0,0,1
CF,CK416,29.565806,106.661583,0,CKG,180.7,10.8,185.0,9.0,0,0,0,0,0,0,0,0
TF,CK425,29.097333,106.956611,0, ,0.0,0.0,0.0,0.0,0,0,0,0,0,0,0,0

SID,VILU6Y,21R,4
CF,CK413,29.711722,106.660583,0,CKG,172.7,2.1,200.0,1.0,0,0,0,0,0,0,0,1
CF,CK415,29.567000,106.655444,0,CKG,182.4,10.8,185.0,9.0,0,0,0,0,0,0,0,0
TF,CK425,29.097333,106.956611,0, ,0.0,0.0,0.0,0.0,0,0,0,0,0,0,0,0

SID,VILU6Y,ALL,5
IF,CK425,29.097333,106.956611, ,0.0,0.0,0,0,0,0,0,0,0,0
TF,VILUS,28.661944,106.951389,0, ,0.0,0.0,0.0,0.0,0,0,0,0,0,0,0,0

SID,VILU7M,20R,2
CF,CK11B,29.576203,106.591644,0,CKG,200.6,10.7,200.0,9.0,0,0,0,0,0,0,0,1
DF,QJG,29.051667,106.665000,0, ,0.0,0.0,0,0,0,0,0,0,0,0
TF,VILUS,28.661944,106.951389,0, ,0.0,0.0,0.0,0.0,0,0,0,0,0,0,0,0

SID,VILU8L,21L,2
CF,IU02A,29.718894,106.667161,0,CKG,159.5,1.8,200.0,1.0,0,0,0,0,0,0,0,0
TF,QJG,29.051667,106.665000,0, ,0.0,0.0,0.0,0.0,0,0,0,0,0,0,0,0
TF,VILUS,28.661944,106.951389,0, ,0.0,0.0,0.0,0.0,0,0,0,0,0,0,0,0

SID,VILU9K,21R,2
CF,IC02A,29.710997,106.660300,0,CKG,173.3,2.2,200.0,1.0,0,0,0,0,0,0,0,0
TF,QJG,29.051667,106.665000,0, ,0.0,0.0,0.0,0.0,0,0,0,0,0,0,0,0
TF,VILUS,28.661944,106.951389,0, ,0.0,0.0,0.0,0.0,0,0,0,0,0,0,0,0

STAR,IRPG1J,ALL,5
IF,IRPOG,29.753333,107.932778, ,0.0,0.0,0,0,0,0,0,0,0,0
TF,CK843,29.849861,107.643167,0, ,0.0,0.0,0.0,0.0,2,7880,0,0,0,0,0,0
TF,CK842,29.995750,107.200889,0, ,0.0,0.0,0.0,0.0,0,0,0,1,250,0,0,0
TF,CK805,29.712389,106.781944,0, ,0.0,0.0,0.0,0.0,0,0,0,0,0,0,0,0
TF,CK804,29.615083,106.748361,0, ,0.0,0.0,0.0,0.0,0,0,0,0,0,0,0,0
TF,CK803,29.528778,106.718444,0, ,0.0,0.0,0.0,0.0,0,0,0,0,0,0,0,0
TF,CK802,29.442444,106.688611,0, ,0.0,0.0,0.0,0.0,0,0,0,0,0,0,0,0

STAR,IRPG1J,02L,6
IF,CK802,29.442444,106.688611, ,0.0,0.0,0,0,0,0,0,0,0,0
TF,MP2,29.356194,106.658889,0, ,0.0,0.0,0.0,0.0,2,5910,0,1,200,0,0,0

STAR,IRPG1J,02R,6
IF,CK802,29.442444,106.688611, ,0.0,0.0,0,0,0,0,0,0,0,0
TF,MP2,29.356194,106.658889,0, ,0.0,0.0,0.0,0.0,2,5910,0,1,200,0,0,0

STAR,IRPG1J,03L,6
IF,CK802,29.442444,106.688611, ,0.0,0.0,0,0,0,0,0,0,0,0
TF,MP2,29.356194,106.658889,0, ,0.0,0.0,0.0,0.0,2,5910,0,1,200,0,0,0

STAR,IRPG1J,03R,6
IF,CK802,29.442444,106.688611, ,0.0,0.0,0,0,0,0,0,0,0,0
TF,MP2,29.356194,106.658889,0, ,0.0,0.0,0.0,0.0,2,5910,0,1,200,0,0,0

STAR,IRPG2H,ALL,5
IF,IRPOG,29.753333,107.932778, ,0.0,0.0,0,0,0,0,0,0,0,0
TF,CK843,29.849861,107.643167,0, ,0.0,0.0,0.0,0.0,2,7880,0,0,0,0,0,0
TF,CK842,29.995750,107.200889,0, ,0.0,0.0,0.0,0.0,0,0,0,1,250,0,0,0
TF,CK805,29.712389,106.781944,0, ,0.0,0.0,0.0,0.0,0,0,0,0,0,0,0,0
TF,CK905,29.778194,106.532417,0, ,0.0,0.0,0.0,0.0,0,0,0,0,0,0,0,0
TF,CK904,29.680861,106.498861,0, ,0.0,0.0,0.0,0.0,0,0,0,0,0,0,0,0
TF,CK903,29.594472,106.469139,0, ,0.0,0.0,0.0,0.0,0,0,0,0,0,0,0,0
TF,CK902,29.508083,106.439472,0, ,0.0,0.0,0.0,0.0,0,0,0,0,0,0,0,0

STAR,IRPG2H,02L,6
IF,CK902,29.508083,106.439472, ,0.0,0.0,0,0,0,0,0,0,0,0
TF,MP1,29.421694,106.409861,0, ,0.0,0.0,0.0,0.0,2,4930,0,1,200,0,0,0

STAR,IRPG2H,02R,6
IF,CK902,29.508083,106.439472, ,0.0,0.0,0,0,0,0,0,0,0,0
TF,MP1,29.421694,106.409861,0, ,0.0,0.0,0.0,0.0,2,4930,0,1,200,0,0,0

STAR,IRPG2H,03L,6
IF,CK902,29.508083,106.439472, ,0.0,0.0,0,0,0,0,0,0,0,0
TF,MP1,29.421694,106.409861,0, ,0.0,0.0,0.0,0.0,2,4930,0,1,200,0,0,0

STAR,IRPG2H,03R,6
IF,CK902,29.508083,106.439472, ,0.0,0.0,0,0,0,0,0,0,0,0
TF,MP1,29.421694,106.409861,0, ,0.0,0.0,0.0,0.0,2,4930,0,1,200,0,0,0

STAR,IRPG3G,ALL,5
IF,IRPOG,29.753333,107.932778, ,0.0,0.0,0,0,0,0,0,0,0,0
TF,CK844,29.734500,107.623667,0, ,0.0,0.0,0.0,0.0,2,7880,0,0,0,0,0,0
TF,CK821,29.686222,106.880778,0, ,0.0,0.0,0.0,0.0,0,0,0,1,230,0,0,0
TF,CK805,29.712389,106.781944,0, ,0.0,0.0,0.0,0.0,0,0,0,0,0,0,0,0
TF,CK804,29.615083,106.748361,0, ,0.0,0.0,0.0,0.0,0,0,0,0,0,0,0,0
TF,CK803,29.528778,106.718444,0, ,0.0,0.0,0.0,0.0,0,0,0,0,0,0,0,0
TF,CK802,29.442444,106.688611,0, ,0.0,0.0,0.0,0.0,0,0,0,0,0,0,0,0

STAR,IRPG3G,02L,6
IF,CK802,29.442444,106.688611, ,0.0,0.0,0,0,0,0,0,0,0,0
TF,MP2,29.356194,106.658889,0, ,0.0,0.0,0.0,0.0,2,5910,0,1,200,0,0,0

STAR,IRPG3G,02R,6
IF,CK802,29.442444,106.688611, ,0.0,0.0,0,0,0,0,0,0,0,0
TF,MP2,29.356194,106.658889,0, ,0.0,0.0,0.0,0.0,2,5910,0,1,200,0,0,0

STAR,IRPG3G,03L,6
IF,CK802,29.442444,106.688611, ,0.0,0.0,0,0,0,0,0,0,0,0
TF,MP2,29.356194,106.658889,0, ,0.0,0.0,0.0,0.0,2,5910,0,1,200,0,0,0

STAR,IRPG3G,03R,6
IF,CK802,29.442444,106.688611, ,0.0,0.0,0,0,0,0,0,0,0,0
TF,MP2,29.356194,106.658889,0, ,0.0,0.0,0.0,0.0,2,5910,0,1,200,0,0,0

STAR,IRPG4F,ALL,5
IF,IRPOG,29.753333,107.932778, ,0.0,0.0,0,0,0,0,0,0,0,0
TF,CK844,29.734500,107.623667,0, ,0.0,0.0,0.0,0.0,2,7880,0,0,0,0,0,0
TF,CK821,29.686222,106.880778,0, ,0.0,0.0,0.0,0.0,0,0,0,0,0,0,0,0
TF,CK805,29.712389,106.781944,0, ,0.0,0.0,0.0,0.0,0,0,0,0,0,0,0,0
TF,CK905,29.778194,106.532417,0, ,0.0,0.0,0.0,0.0,0,0,0,0,0,0,0,0
TF,CK904,29.680861,106.498861,0, ,0.0,0.0,0.0,0.0,0,0,0,0,0,0,0,0
TF,CK903,29.594472,106.469139,0, ,0.0,0.0,0.0,0.0,0,0,0,0,0,0,0,0
TF,CK902,29.508083,106.439472,0, ,0.0,0.0,0.0,0.0,0,0,0,0,0,0,0,0

STAR,IRPG4F,02L,6
IF,CK902,29.508083,106.439472, ,0.0,0.0,0,0,0,0,0,0,0,0
TF,MP1,29.421694,106.409861,0, ,0.0,0.0,0.0,0.0,2,4930,0,1,200,0,0,0

STAR,IRPG4F,02R,6
IF,CK902,29.508083,106.439472, ,0.0,0.0,0,0,0,0,0,0,0,0
TF,MP1,29.421694,106.409861,0, ,0.0,0.0,0.0,0.0,2,4930,0,1,200,0,0,0

STAR,IRPG4F,03L,6
IF,CK902,29.508083,106.439472, ,0.0,0.0,0,0,0,0,0,0,0,0
TF,MP1,29.421694,106.409861,0, ,0.0,0.0,0.0,0.0,2,4930,0,1,200,0,0,0

STAR,IRPG4F,03R,6
IF,CK902,29.508083,106.439472, ,0.0,0.0,0,0,0,0,0,0,0,0
TF,MP1,29.421694,106.409861,0, ,0.0,0.0,0.0,0.0,2,4930,0,1,200,0,0,0

STAR,IRPG6K,ALL,5
IF,IRPOG,29.753333,107.932778, ,0.0,0.0,0,0,0,0,0,0,0,0
TF,CK843,29.849861,107.643167,0, ,0.0,0.0,0.0,0.0,2,7880,0,0,0,0,0,0
TF,CK834,30.026139,107.108750,0, ,0.0,0.0,0.0,0.0,0,0,0,1,250,0,0,0
TF,CK831,30.036389,107.003056,0, ,0.0,0.0,0.0,0.0,0,0,0,0,0,0,0,0
TF,CK821,29.686222,106.880778,0, ,0.0,0.0,0.0,0.0,0,0,0,1,230,0,0,0
TF,CK805,29.712389,106.781944,0, ,0.0,0.0,0.0,0.0,0,0,0,0,0,0,0,0
TF,CK815,29.798639,106.811917,0, ,0.0,0.0,0.0,0.0,0,0,0,0,0,0,0,0
TF,CK814,29.884917,106.841944,0, ,0.0,0.0,0.0,0.0,0,0,0,0,0,0,0,0
TF,CK813,29.971306,106.872083,0, ,0.0,0.0,0.0,0.0,0,0,0,0,0,0,0,0
TF,CK812,30.062639,106.904028,0, ,0.0,0.0,0.0,0.0,0,0,0,0,0,0,0,0

STAR,IRPG6K,20L,6
IF,CK812,30.062639,106.904028, ,0.0,0.0,0,0,0,0,0,0,0,0
TF,MP4,30.143833,106.932444,0, ,0.0,0.0,0.0,0.0,2,6890,0,1,200,0,0,0

STAR,IRPG6K,20R,6
IF,CK812,30.062639,106.904028, ,0.0,0.0,0,0,0,0,0,0,0,0
TF,MP4,30.143833,106.932444,0, ,0.0,0.0,0.0,0.0,2,6890,0,1,200,0,0,0

STAR,IRPG6K,21L,6
IF,CK812,30.062639,106.904028, ,0.0,0.0,0,0,0,0,0,0,0,0
TF,MP4,30.143833,106.932444,0, ,0.0,0.0,0.0,0.0,2,5910,0,1,200,0,0,0

STAR,IRPG6K,21R,6
IF,CK812,30.062639,106.904028, ,0.0,0.0,0,0,0,0,0,0,0,0
TF,MP4,30.143833,106.932444,0, ,0.0,0.0,0.0,0.0,2,5910,0,1,200,0,0,0

STAR,IRPG7L,ALL,5
IF,IRPOG,29.753333,107.932778, ,0.0,0.0,0,0,0,0,0,0,0,0
TF,CK843,29.849861,107.643167,0, ,0.0,0.0,0.0,0.0,2,7880,0,0,0,0,0,0
TF,CK834,30.026139,107.108750,0, ,0.0,0.0,0.0,0.0,0,0,0,1,250,0,0,0
TF,CK831,30.036389,107.003056,0, ,0.0,0.0,0.0,0.0,0,0,0,0,0,0,0,0
TF,CK821,29.686222,106.880778,0, ,0.0,0.0,0.0,0.0,0,0,0,0,0,0,0,0
TF,CK805,29.712389,106.781944,0, ,0.0,0.0,0.0,0.0,0,0,0,0,0,0,0,0
TF,CK905,29.778194,106.532417,0, ,0.0,0.0,0.0,0.0,0,0,0,0,0,0,0,0
TF,CK915,29.864528,106.562250,0, ,0.0,0.0,0.0,0.0,0,0,0,0,0,0,0,0
TF,CK914,29.950861,106.592139,0, ,0.0,0.0,0.0,0.0,0,0,0,0,0,0,0,0
TF,CK913,30.037194,106.622083,0, ,0.0,0.0,0.0,0.0,0,0,0,0,0,0,0,0
TF,CK912,30.128639,106.653833,0, ,0.0,0.0,0.0,0.0,0,0,0,0,0,0,0,0

STAR,IRPG7L,20L,6
IF,CK912,30.128639,106.653833, ,0.0,0.0,0,0,0,0,0,0,0,0
TF,MP3,30.209833,106.682111,0, ,0.0,0.0,0.0,0.0,2,6890,0,1,200,0,0,0

STAR,IRPG7L,20R,6
IF,CK912,30.128639,106.653833, ,0.0,0.0,0,0,0,0,0,0,0,0
TF,MP3,30.209833,106.682111,0, ,0.0,0.0,0.0,0.0,2,6890,0,1,200,0,0,0

STAR,IRPG7L,21L,6
IF,CK912,30.128639,106.653833, ,0.0,0.0,0,0,0,0,0,0,0,0
TF,MP3,30.209833,106.682111,0, ,0.0,0.0,0.0,0.0,2,6890,0,1,200,0,0,0

STAR,IRPG7L,21R,6
IF,CK912,30.128639,106.653833, ,0.0,0.0,0,0,0,0,0,0,0,0
TF,MP3,30.209833,106.682111,0, ,0.0,0.0,0.0,0.0,2,6890,0,1,200,0,0,0

STAR,IRPG8M,ALL,5
IF,IRPOG,29.753333,107.932778, ,0.0,0.0,0,0,0,0,0,0,0,0
TF,CK844,29.734500,107.623667,0, ,0.0,0.0,0.0,0.0,2,7880,0,0,0,0,0,0
TF,CK821,29.686222,106.880778,0, ,0.0,0.0,0.0,0.0,0,0,0,0,0,0,0,0
TF,CK805,29.712389,106.781944,0, ,0.0,0.0,0.0,0.0,0,0,0,0,0,0,0,0
TF,CK815,29.798639,106.811917,0, ,0.0,0.0,0.0,0.0,0,0,0,0,0,0,0,0
TF,CK814,29.884917,106.841944,0, ,0.0,0.0,0.0,0.0,0,0,0,0,0,0,0,0
TF,CK813,29.971306,106.872083,0, ,0.0,0.0,0.0,0.0,0,0,0,0,0,0,0,0
TF,CK812,30.062639,106.904028,0, ,0.0,0.0,0.0,0.0,0,0,0,0,0,0,0,0

STAR,IRPG8M,20L,6
IF,CK812,30.062639,106.904028, ,0.0,0.0,0,0,0,0,0,0,0,0
TF,MP4,30.143833,106.932444,0, ,0.0,0.0,0.0,0.0,2,6890,0,1,200,0,0,0

STAR,IRPG8M,20R,6
IF,CK812,30.062639,106.904028, ,0.0,0.0,0,0,0,0,0,0,0,0
TF,MP4,30.143833,106.932444,0, ,0.0,0.0,0.0,0.0,2,6890,0,1,200,0,0,0

STAR,IRPG8M,21L,6
IF,CK812,30.062639,106.904028, ,0.0,0.0,0,0,0,0,0,0,0,0
TF,MP4,30.143833,106.932444,0, ,0.0,0.0,0.0,0.0,2,5910,0,1,200,0,0,0

STAR,IRPG8M,21R,6
IF,CK812,30.062639,106.904028, ,0.0,0.0,0,0,0,0,0,0,0,0
TF,MP4,30.143833,106.932444,0, ,0.0,0.0,0.0,0.0,2,5910,0,1,200,0,0,0

STAR,IRPG9N,ALL,5
IF,IRPOG,29.753333,107.932778, ,0.0,0.0,0,0,0,0,0,0,0,0
TF,CK844,29.734500,107.623667,0, ,0.0,0.0,0.0,0.0,2,7880,0,0,0,0,0,0
TF,CK821,29.686222,106.880778,0, ,0.0,0.0,0.0,0.0,0,0,0,0,0,0,0,0
TF,CK805,29.712389,106.781944,0, ,0.0,0.0,0.0,0.0,0,0,0,0,0,0,0,0
TF,CK905,29.778194,106.532417,0, ,0.0,0.0,0.0,0.0,0,0,0,0,0,0,0,0
TF,CK915,29.864528,106.562250,0, ,0.0,0.0,0.0,0.0,0,0,0,0,0,0,0,0
TF,CK914,29.950861,106.592139,0, ,0.0,0.0,0.0,0.0,0,0,0,0,0,0,0,0
TF,CK913,30.037194,106.622083,0, ,0.0,0.0,0.0,0.0,0,0,0,0,0,0,0,0
TF,CK912,30.128639,106.653833,0, ,0.0,0.0,0.0,0.0,0,0,0,0,0,0,0,0

STAR,IRPG9N,20L,6
IF,CK912,30.128639,106.653833, ,0.0,0.0,0,0,0,0,0,0,0,0
TF,MP3,30.209833,106.682111,0, ,0.0,0.0,0.0,0.0,2,6890,0,1,200,0,0,0

STAR,IRPG9N,20R,6
IF,CK912,30.128639,106.653833, ,0.0,0.0,0,0,0,0,0,0,0,0
TF,MP3,30.209833,106.682111,0, ,0.0,0.0,0.0,0.0,2,6890,0,1,200,0,0,0

STAR,IRPG9N,21L,6
IF,CK912,30.128639,106.653833, ,0.0,0.0,0,0,0,0,0,0,0,0
TF,MP3,30.209833,106.682111,0, ,0.0,0.0,0.0,0.0,2,6890,0,1,200,0,0,0

STAR,IRPG9N,21R,6
IF,CK912,30.128639,106.653833, ,0.0,0.0,0,0,0,0,0,0,0,0
TF,MP3,30.209833,106.682111,0, ,0.0,0.0,0.0,0.0,2,6890,0,1,200,0,0,0

STAR,IRPGD2,ALL,5
IF,IRPOG,29.753333,107.932778, ,0.0,0.0,0,0,0,0,0,0,0,0
TF,CK843,29.849861,107.643167,0, ,0.0,0.0,0.0,0.0,2,7880,0,0,0,0,0,0
TF,CK842,29.995750,107.200889,0, ,0.0,0.0,0.0,0.0,0,0,0,1,250,0,0,0
TF,CK805,29.712389,106.781944,0, ,0.0,0.0,0.0,0.0,0,0,0,0,0,0,0,0
TF,CK905,29.778194,106.532417,0, ,0.0,0.0,0.0,0.0,0,0,0,0,0,0,0,0
TF,CM928,29.794889,106.228222,0, ,0.0,0.0,0.0,0.0,3,8860,0,1,230,0,0,0
TF,CM927,29.750444,106.138250,0, ,0.0,0.0,0.0,0.0,0,0,0,0,0,0,0,0
TF,CM926,29.689722,106.061861,0, ,0.0,0.0,0.0,0.0,0,0,0,0,0,0,0,0
TF,CM925,29.615750,106.002778,0, ,0.0,0.0,0.0,0.0,0,0,0,0,0,0,0,0
TF,CM924,29.532167,105.963944,0, ,0.0,0.0,0.0,0.0,0,0,0,0,0,0,0,0
TF,CM923,29.443139,105.947222,0, ,0.0,0.0,0.0,0.0,0,0,0,0,0,0,0,0
TF,CM922,29.353111,105.953389,0, ,0.0,0.0,0.0,0.0,0,0,0,0,0,0,0,0
TF,CM921,29.266472,105.982056,0, ,0.0,0.0,0.0,0.0,0,0,0,1,230,0,0,0

STAR,IRPGD2,02L,6
IF,CM921,29.266472,105.982056, ,0.0,0.0,0,0,0,1,230,0,0,0
TF,MP1,29.421694,106.409861,1, ,0.0,0.0,0.0,0.0,2,4930,0,1,200,0,0,0

STAR,IRPGD2,02R,6
IF,CM921,29.266472,105.982056, ,0.0,0.0,0,0,0,1,230,0,0,0
TF,MP1,29.421694,106.409861,1, ,0.0,0.0,0.0,0.0,2,4930,0,1,200,0,0,0

STAR,IRPGD2,03L,6
IF,CM921,29.266472,105.982056, ,0.0,0.0,0,0,0,1,230,0,0,0
TF,MP1,29.421694,106.409861,1, ,0.0,0.0,0.0,0.0,2,4930,0,1,200,0,0,0

STAR,IRPGD2,03R,6
IF,CM921,29.266472,105.982056, ,0.0,0.0,0,0,0,1,230,0,0,0
TF,MP1,29.421694,106.409861,1, ,0.0,0.0,0.0,0.0,2,4930,0,1,200,0,0,0

STAR,IRPGE1,ALL,5
IF,IRPOG,29.753333,107.932778, ,0.0,0.0,0,0,0,0,0,0,0,0
TF,CK843,29.849861,107.643167,0, ,0.0,0.0,0.0,0.0,2,7880,0,0,0,0,0,0
TF,CK842,29.995750,107.200889,0, ,0.0,0.0,0.0,0.0,0,0,0,1,250,0,0,0
TF,CK805,29.712389,106.781944,0, ,0.0,0.0,0.0,0.0,0,0,0,0,0,0,0,0
TF,CK804,29.615083,106.748361,0, ,0.0,0.0,0.0,0.0,0,0,0,0,0,0,0,0
TF,CM806,29.463361,106.907472,0, ,0.0,0.0,0.0,0.0,2,9850,0,1,230,0,0,0
TF,CM805,29.376444,106.934889,0, ,0.0,0.0,0.0,0.0,0,0,0,0,0,0,0,0
TF,CM804,29.286750,106.924139,0, ,0.0,0.0,0.0,0.0,0,0,0,0,0,0,0,0
TF,CM803,29.206694,106.876833,0, ,0.0,0.0,0.0,0.0,0,0,0,0,0,0,0,0
TF,CM802,29.147472,106.799889,0, ,0.0,0.0,0.0,0.0,0,0,0,0,0,0,0,0
TF,CM801,29.116667,106.702889,0, ,0.0,0.0,0.0,0.0,0,0,0,1,230,0,0,0

STAR,IRPGE1,02L,6
IF,CM801,29.116667,106.702889, ,0.0,0.0,0,0,0,1,230,0,0,0
TF,MP2,29.356194,106.658889,2, ,0.0,0.0,0.0,0.0,2,5910,0,1,200,0,0,0

STAR,IRPGE1,02R,6
IF,CM801,29.116667,106.702889, ,0.0,0.0,0,0,0,1,230,0,0,0
TF,MP2,29.356194,106.658889,2, ,0.0,0.0,0.0,0.0,2,5910,0,1,200,0,0,0

STAR,IRPGE1,03L,6
IF,CM801,29.116667,106.702889, ,0.0,0.0,0,0,0,1,230,0,0,0
TF,MP2,29.356194,106.658889,2, ,0.0,0.0,0.0,0.0,2,5910,0,1,200,0,0,0

STAR,IRPGE1,03R,6
IF,CM801,29.116667,106.702889, ,0.0,0.0,0,0,0,1,230,0,0,0
TF,MP2,29.356194,106.658889,2, ,0.0,0.0,0.0,0.0,2,5910,0,1,200,0,0,0

STAR,IRPGQ6,ALL,5
IF,IRPOG,29.753333,107.932778, ,0.0,0.0,0,0,0,0,0,0,0,0
TF,CM817,29.963306,107.299722,0, ,0.0,0.0,0.0,0.0,0,0,0,0,0,0,0,0
TF,CM814,30.090333,107.195000,0, ,0.0,0.0,0.0,0.0,2,9850,0,1,230,0,0,0
TF,CM813,30.180417,107.198917,0, ,0.0,0.0,0.0,0.0,0,0,0,0,0,0,0,0
TF,CM812,30.265139,107.163389,0, ,0.0,0.0,0.0,0.0,0,0,0,0,0,0,0,0
TF,CM811,30.331917,107.093583,0, ,0.0,0.0,0.0,0.0,0,0,0,1,230,0,0,0

STAR,IRPGQ6,20L,6
IF,CM811,30.331917,107.093583, ,0.0,0.0,0,0,0,1,230,0,0,0
TF,MP4,30.143833,106.932444,1, ,0.0,0.0,0.0,0.0,2,6890,0,1,200,0,0,0

STAR,IRPGQ6,20R,6
IF,CM811,30.331917,107.093583, ,0.0,0.0,0,0,0,1,230,0,0,0
TF,MP4,30.143833,106.932444,1, ,0.0,0.0,0.0,0.0,2,6890,0,1,200,0,0,0

STAR,IRPGQ6,21L,6
IF,CM811,30.331917,107.093583, ,0.0,0.0,0,0,0,1,230,0,0,0
TF,MP4,30.143833,106.932444,1, ,0.0,0.0,0.0,0.0,2,5910,0,1,200,0,0,0

STAR,IRPGQ6,21R,6
IF,CM811,30.331917,107.093583, ,0.0,0.0,0,0,0,1,230,0,0,0
TF,MP4,30.143833,106.932444,1, ,0.0,0.0,0.0,0.0,2,5910,0,1,200,0,0,0

STAR,KADV1J,ALL,5
IF,KADVA,30.517222,107.450000, ,0.0,0.0,0,0,0,0,0,0,0,0
TF,CK841,30.169750,107.159806,0, ,0.0,0.0,0.0,0.0,0,0,0,0,0,0,0,0
TF,CK805,29.712389,106.781944,0, ,0.0,0.0,0.0,0.0,0,0,0,0,0,0,0,0
TF,CK804,29.615083,106.748361,0, ,0.0,0.0,0.0,0.0,0,0,0,0,0,0,0,0
TF,CK803,29.528778,106.718444,0, ,0.0,0.0,0.0,0.0,0,0,0,0,0,0,0,0
TF,CK802,29.442444,106.688611,0, ,0.0,0.0,0.0,0.0,0,0,0,0,0,0,0,0

STAR,KADV1J,02L,6
IF,CK802,29.442444,106.688611, ,0.0,0.0,0,0,0,0,0,0,0,0
TF,MP2,29.356194,106.658889,0, ,0.0,0.0,0.0,0.0,2,5910,0,1,200,0,0,0

STAR,KADV1J,02R,6
IF,CK802,29.442444,106.688611, ,0.0,0.0,0,0,0,0,0,0,0,0
TF,MP2,29.356194,106.658889,0, ,0.0,0.0,0.0,0.0,2,5910,0,1,200,0,0,0

STAR,KADV1J,03L,6
IF,CK802,29.442444,106.688611, ,0.0,0.0,0,0,0,0,0,0,0,0
TF,MP2,29.356194,106.658889,0, ,0.0,0.0,0.0,0.0,2,5910,0,1,200,0,0,0

STAR,KADV1J,03R,6
IF,CK802,29.442444,106.688611, ,0.0,0.0,0,0,0,0,0,0,0,0
TF,MP2,29.356194,106.658889,0, ,0.0,0.0,0.0,0.0,2,5910,0,1,200,0,0,0

STAR,KADV2H,ALL,5
IF,KADVA,30.517222,107.450000, ,0.0,0.0,0,0,0,0,0,0,0,0
TF,CK841,30.169750,107.159806,0, ,0.0,0.0,0.0,0.0,0,0,0,0,0,0,0,0
TF,CK805,29.712389,106.781944,0, ,0.0,0.0,0.0,0.0,0,0,0,0,0,0,0,0
TF,CK905,29.778194,106.532417,0, ,0.0,0.0,0.0,0.0,0,0,0,0,0,0,0,0
TF,CK904,29.680861,106.498861,0, ,0.0,0.0,0.0,0.0,0,0,0,0,0,0,0,0
TF,CK903,29.594472,106.469139,0, ,0.0,0.0,0.0,0.0,0,0,0,0,0,0,0,0
TF,CK902,29.508083,106.439472,0, ,0.0,0.0,0.0,0.0,0,0,0,0,0,0,0,0

STAR,KADV2H,02L,6
IF,CK902,29.508083,106.439472, ,0.0,0.0,0,0,0,0,0,0,0,0
TF,MP1,29.421694,106.409861,0, ,0.0,0.0,0.0,0.0,2,4930,0,1,200,0,0,0

STAR,KADV2H,02R,6
IF,CK902,29.508083,106.439472, ,0.0,0.0,0,0,0,0,0,0,0,0
TF,MP1,29.421694,106.409861,0, ,0.0,0.0,0.0,0.0,2,4930,0,1,200,0,0,0

STAR,KADV2H,03L,6
IF,CK902,29.508083,106.439472, ,0.0,0.0,0,0,0,0,0,0,0,0
TF,MP1,29.421694,106.409861,0, ,0.0,0.0,0.0,0.0,2,4930,0,1,200,0,0,0

STAR,KADV2H,03R,6
IF,CK902,29.508083,106.439472, ,0.0,0.0,0,0,0,0,0,0,0,0
TF,MP1,29.421694,106.409861,0, ,0.0,0.0,0.0,0.0,2,4930,0,1,200,0,0,0

STAR,KADV6K,ALL,5
IF,KADVA,30.517222,107.450000, ,0.0,0.0,0,0,0,0,0,0,0,0
TF,CK832,30.248000,107.077417,0, ,0.0,0.0,0.0,0.0,0,0,0,0,0,0,0,0
TF,CK831,30.036389,107.003056,0, ,0.0,0.0,0.0,0.0,0,0,0,0,0,0,0,0
TF,CK821,29.686222,106.880778,0, ,0.0,0.0,0.0,0.0,0,0,0,1,230,0,0,0
TF,CK805,29.712389,106.781944,0, ,0.0,0.0,0.0,0.0,0,0,0,0,0,0,0,0
TF,CK815,29.798639,106.811917,0, ,0.0,0.0,0.0,0.0,0,0,0,0,0,0,0,0
TF,CK814,29.884917,106.841944,0, ,0.0,0.0,0.0,0.0,0,0,0,0,0,0,0,0
TF,CK813,29.971306,106.872083,0, ,0.0,0.0,0.0,0.0,0,0,0,0,0,0,0,0
TF,CK812,30.062639,106.904028,0, ,0.0,0.0,0.0,0.0,0,0,0,0,0,0,0,0

STAR,KADV6K,20L,6
IF,CK812,30.062639,106.904028, ,0.0,0.0,0,0,0,0,0,0,0,0
TF,MP4,30.143833,106.932444,0, ,0.0,0.0,0.0,0.0,2,6890,0,1,200,0,0,0

STAR,KADV6K,20R,6
IF,CK812,30.062639,106.904028, ,0.0,0.0,0,0,0,0,0,0,0,0
TF,MP4,30.143833,106.932444,0, ,0.0,0.0,0.0,0.0,2,6890,0,1,200,0,0,0

STAR,KADV6K,21L,6
IF,CK812,30.062639,106.904028, ,0.0,0.0,0,0,0,0,0,0,0,0
TF,MP4,30.143833,106.932444,0, ,0.0,0.0,0.0,0.0,2,5910,0,1,200,0,0,0

STAR,KADV6K,21R,6
IF,CK812,30.062639,106.904028, ,0.0,0.0,0,0,0,0,0,0,0,0
TF,MP4,30.143833,106.932444,0, ,0.0,0.0,0.0,0.0,2,5910,0,1,200,0,0,0

STAR,KADV7L,ALL,5
IF,KADVA,30.517222,107.450000, ,0.0,0.0,0,0,0,0,0,0,0,0
TF,CK832,30.248000,107.077417,0, ,0.0,0.0,0.0,0.0,0,0,0,0,0,0,0,0
TF,CK831,30.036389,107.003056,0, ,0.0,0.0,0.0,0.0,0,0,0,0,0,0,0,0
TF,CK821,29.686222,106.880778,0, ,0.0,0.0,0.0,0.0,0,0,0,0,0,0,0,0
TF,CK805,29.712389,106.781944,0, ,0.0,0.0,0.0,0.0,0,0,0,0,0,0,0,0
TF,CK905,29.778194,106.532417,0, ,0.0,0.0,0.0,0.0,0,0,0,0,0,0,0,0
TF,CK915,29.864528,106.562250,0, ,0.0,0.0,0.0,0.0,0,0,0,0,0,0,0,0
TF,CK914,29.950861,106.592139,0, ,0.0,0.0,0.0,0.0,0,0,0,0,0,0,0,0
TF,CK913,30.037194,106.622083,0, ,0.0,0.0,0.0,0.0,0,0,0,0,0,0,0,0
TF,CK912,30.128639,106.653833,0, ,0.0,0.0,0.0,0.0,0,0,0,0,0,0,0,0

STAR,KADV7L,20L,6
IF,CK912,30.128639,106.653833, ,0.0,0.0,0,0,0,0,0,0,0,0
TF,MP3,30.209833,106.682111,0, ,0.0,0.0,0.0,0.0,2,6890,0,1,200,0,0,0

STAR,KADV7L,20R,6
IF,CK912,30.128639,106.653833, ,0.0,0.0,0,0,0,0,0,0,0,0
TF,MP3,30.209833,106.682111,0, ,0.0,0.0,0.0,0.0,2,6890,0,1,200,0,0,0

STAR,KADV7L,21L,6
IF,CK912,30.128639,106.653833, ,0.0,0.0,0,0,0,0,0,0,0,0
TF,MP3,30.209833,106.682111,0, ,0.0,0.0,0.0,0.0,2,6890,0,1,200,0,0,0

STAR,KADV7L,21R,6
IF,CK912,30.128639,106.653833, ,0.0,0.0,0,0,0,0,0,0,0,0
TF,MP3,30.209833,106.682111,0, ,0.0,0.0,0.0,0.0,2,6890,0,1,200,0,0,0

STAR,KADVD2,ALL,5
IF,KADVA,30.517222,107.450000, ,0.0,0.0,0,0,0,0,0,0,0,0
TF,CK841,30.169750,107.159806,0, ,0.0,0.0,0.0,0.0,0,0,0,0,0,0,0,0
TF,CK805,29.712389,106.781944,0, ,0.0,0.0,0.0,0.0,0,0,0,0,0,0,0,0
TF,CK905,29.778194,106.532417,0, ,0.0,0.0,0.0,0.0,0,0,0,0,0,0,0,0
TF,CM928,29.794889,106.228222,0, ,0.0,0.0,0.0,0.0,3,8860,0,1,230,0,0,0
TF,CM927,29.750444,106.138250,0, ,0.0,0.0,0.0,0.0,0,0,0,0,0,0,0,0
TF,CM926,29.689722,106.061861,0, ,0.0,0.0,0.0,0.0,0,0,0,0,0,0,0,0
TF,CM925,29.615750,106.002778,0, ,0.0,0.0,0.0,0.0,0,0,0,0,0,0,0,0
TF,CM924,29.532167,105.963944,0, ,0.0,0.0,0.0,0.0,0,0,0,0,0,0,0,0
TF,CM923,29.443139,105.947222,0, ,0.0,0.0,0.0,0.0,0,0,0,0,0,0,0,0
TF,CM922,29.353111,105.953389,0, ,0.0,0.0,0.0,0.0,0,0,0,0,0,0,0,0
TF,CM921,29.266472,105.982056,0, ,0.0,0.0,0.0,0.0,0,0,0,1,230,0,0,0

STAR,KADVD2,02L,6
IF,CM921,29.266472,105.982056, ,0.0,0.0,0,0,0,1,230,0,0,0
TF,MP1,29.421694,106.409861,1, ,0.0,0.0,0.0,0.0,2,4930,0,1,200,0,0,0

STAR,KADVD2,02R,6
IF,CM921,29.266472,105.982056, ,0.0,0.0,0,0,0,1,230,0,0,0
TF,MP1,29.421694,106.409861,1, ,0.0,0.0,0.0,0.0,2,4930,0,1,200,0,0,0

STAR,KADVD2,03L,6
IF,CM921,29.266472,105.982056, ,0.0,0.0,0,0,0,1,230,0,0,0
TF,MP1,29.421694,106.409861,1, ,0.0,0.0,0.0,0.0,2,4930,0,1,200,0,0,0

STAR,KADVD2,03R,6
IF,CM921,29.266472,105.982056, ,0.0,0.0,0,0,0,1,230,0,0,0
TF,MP1,29.421694,106.409861,1, ,0.0,0.0,0.0,0.0,2,4930,0,1,200,0,0,0

STAR,KADVE1,ALL,5
IF,KADVA,30.517222,107.450000, ,0.0,0.0,0,0,0,0,0,0,0,0
TF,CK841,30.169750,107.159806,0, ,0.0,0.0,0.0,0.0,0,0,0,0,0,0,0,0
TF,CK805,29.712389,106.781944,0, ,0.0,0.0,0.0,0.0,0,0,0,0,0,0,0,0
TF,CK804,29.615083,106.748361,0, ,0.0,0.0,0.0,0.0,0,0,0,0,0,0,0,0
TF,CM806,29.463361,106.907472,0, ,0.0,0.0,0.0,0.0,2,9850,0,1,230,0,0,0
TF,CM805,29.376444,106.934889,0, ,0.0,0.0,0.0,0.0,0,0,0,0,0,0,0,0
TF,CM804,29.286750,106.924139,0, ,0.0,0.0,0.0,0.0,0,0,0,0,0,0,0,0
TF,CM803,29.206694,106.876833,0, ,0.0,0.0,0.0,0.0,0,0,0,0,0,0,0,0
TF,CM802,29.147472,106.799889,0, ,0.0,0.0,0.0,0.0,0,0,0,0,0,0,0,0
TF,CM801,29.116667,106.702889,0, ,0.0,0.0,0.0,0.0,0,0,0,1,230,0,0,0

STAR,KADVE1,02L,6
IF,CM801,29.116667,106.702889, ,0.0,0.0,0,0,0,1,230,0,0,0
TF,MP2,29.356194,106.658889,2, ,0.0,0.0,0.0,0.0,2,5910,0,1,200,0,0,0

STAR,KADVE1,02R,6
IF,CM801,29.116667,106.702889, ,0.0,0.0,0,0,0,1,230,0,0,0
TF,MP2,29.356194,106.658889,2, ,0.0,0.0,0.0,0.0,2,5910,0,1,200,0,0,0

STAR,KADVE1,03L,6
IF,CM801,29.116667,106.702889, ,0.0,0.0,0,0,0,1,230,0,0,0
TF,MP2,29.356194,106.658889,2, ,0.0,0.0,0.0,0.0,2,5910,0,1,200,0,0,0

STAR,KADVE1,03R,6
IF,CM801,29.116667,106.702889, ,0.0,0.0,0,0,0,1,230,0,0,0
TF,MP2,29.356194,106.658889,2, ,0.0,0.0,0.0,0.0,2,5910,0,1,200,0,0,0

STAR,KADVQ6,ALL,5
IF,KADVA,30.517222,107.450000, ,0.0,0.0,0,0,0,0,0,0,0,0
TF,CM835,30.313694,107.250944,0, ,0.0,0.0,0.0,0.0,3,8860,0,1,230,0,0,0
TF,CM834,30.231028,107.292333,0, ,0.0,0.0,0.0,0.0,0,0,0,0,0,0,0,0
TF,CM833,30.141639,107.305889,0, ,0.0,0.0,0.0,0.0,0,0,0,0,0,0,0,0
TF,CM832,30.052472,107.290639,0, ,0.0,0.0,0.0,0.0,0,0,0,0,0,0,0,0
TF,CM831,29.970361,107.247833,0, ,0.0,0.0,0.0,0.0,0,0,0,1,230,0,0,0

STAR,KADVQ6,20L,6
IF,CM831,29.970361,107.247833, ,0.0,0.0,0,0,0,1,230,0,0,0
TF,MP4,30.143833,106.932444,2, ,0.0,0.0,0.0,0.0,2,6890,0,1,200,0,0,0

STAR,KADVQ6,20R,6
IF,CM831,29.970361,107.247833, ,0.0,0.0,0,0,0,1,230,0,0,0
TF,MP4,30.143833,106.932444,2, ,0.0,0.0,0.0,0.0,2,6890,0,1,200,0,0,0

STAR,KADVQ6,21L,6
IF,CM831,29.970361,107.247833, ,0.0,0.0,0,0,0,1,230,0,0,0
TF,MP4,30.143833,106.932444,2, ,0.0,0.0,0.0,0.0,2,5910,0,1,200,0,0,0

STAR,KADVQ6,21R,6
IF,CM831,29.970361,107.247833, ,0.0,0.0,0,0,0,1,230,0,0,0
TF,MP4,30.143833,106.932444,2, ,0.0,0.0,0.0,0.0,2,5910,0,1,200,0,0,0

STAR,SEGD1J,ALL,5
IF,SEGDA,28.716111,106.692222, ,0.0,0.0,0,0,0,0,0,0,0,0
TF,CK824,29.030611,106.691806,0, ,0.0,0.0,0.0,0.0,0,0,0,0,0,0,0,0
TF,CK823,29.139139,106.691694,0, ,0.0,0.0,0.0,0.0,0,0,0,0,0,0,0,0
TF,CK822,29.587250,106.846417,0, ,0.0,0.0,0.0,0.0,0,0,0,0,0,0,0,0
TF,CK821,29.686222,106.880778,0, ,0.0,0.0,0.0,0.0,0,0,0,1,230,0,0,0
TF,CK805,29.712389,106.781944,0, ,0.0,0.0,0.0,0.0,0,0,0,0,0,0,0,0
TF,CK804,29.615083,106.748361,0, ,0.0,0.0,0.0,0.0,0,0,0,0,0,0,0,0
TF,CK803,29.528778,106.718444,0, ,0.0,0.0,0.0,0.0,0,0,0,0,0,0,0,0
TF,CK802,29.442444,106.688611,0, ,0.0,0.0,0.0,0.0,0,0,0,0,0,0,0,0

STAR,SEGD1J,02L,6
IF,CK802,29.442444,106.688611, ,0.0,0.0,0,0,0,0,0,0,0,0
TF,MP2,29.356194,106.658889,0, ,0.0,0.0,0.0,0.0,2,5910,0,1,200,0,0,0

STAR,SEGD1J,02R,6
IF,CK802,29.442444,106.688611, ,0.0,0.0,0,0,0,0,0,0,0,0
TF,MP2,29.356194,106.658889,0, ,0.0,0.0,0.0,0.0,2,5910,0,1,200,0,0,0

STAR,SEGD1J,03L,6
IF,CK802,29.442444,106.688611, ,0.0,0.0,0,0,0,0,0,0,0,0
TF,MP2,29.356194,106.658889,0, ,0.0,0.0,0.0,0.0,2,5910,0,1,200,0,0,0

STAR,SEGD1J,03R,6
IF,CK802,29.442444,106.688611, ,0.0,0.0,0,0,0,0,0,0,0,0
TF,MP2,29.356194,106.658889,0, ,0.0,0.0,0.0,0.0,2,5910,0,1,200,0,0,0

STAR,SEGD2H,ALL,5
IF,SEGDA,28.716111,106.692222, ,0.0,0.0,0,0,0,0,0,0,0,0
TF,CK824,29.030611,106.691806,0, ,0.0,0.0,0.0,0.0,0,0,0,0,0,0,0,0
TF,CK922,29.344500,106.254528,0, ,0.0,0.0,0.0,0.0,0,0,0,0,0,0,0,0
TF,CK921,29.711972,106.380139,0, ,0.0,0.0,0.0,0.0,0,0,0,1,230,0,0,0
TF,CK904,29.680861,106.498861,0, ,0.0,0.0,0.0,0.0,0,0,0,0,0,0,0,0
TF,CK903,29.594472,106.469139,0, ,0.0,0.0,0.0,0.0,0,0,0,0,0,0,0,0
TF,CK902,29.508083,106.439472,0, ,0.0,0.0,0.0,0.0,0,0,0,0,0,0,0,0

STAR,SEGD2H,02L,6
IF,CK902,29.508083,106.439472, ,0.0,0.0,0,0,0,0,0,0,0,0
TF,MP1,29.421694,106.409861,0, ,0.0,0.0,0.0,0.0,2,4930,0,1,200,0,0,0

STAR,SEGD2H,02R,6
IF,CK902,29.508083,106.439472, ,0.0,0.0,0,0,0,0,0,0,0,0
TF,MP1,29.421694,106.409861,0, ,0.0,0.0,0.0,0.0,2,4930,0,1,200,0,0,0

STAR,SEGD2H,03L,6
IF,CK902,29.508083,106.439472, ,0.0,0.0,0,0,0,0,0,0,0,0
TF,MP1,29.421694,106.409861,0, ,0.0,0.0,0.0,0.0,2,4930,0,1,200,0,0,0

STAR,SEGD2H,03R,6
IF,CK902,29.508083,106.439472, ,0.0,0.0,0,0,0,0,0,0,0,0
TF,MP1,29.421694,106.409861,0, ,0.0,0.0,0.0,0.0,2,4930,0,1,200,0,0,0

STAR,SEGD6K,ALL,5
IF,SEGDA,28.716111,106.692222, ,0.0,0.0,0,0,0,0,0,0,0,0
TF,CK836,29.000861,106.691861,0, ,0.0,0.0,0.0,0.0,0,0,0,0,0,0,0,0
TF,CK835,29.252944,106.758000,0, ,0.0,0.0,0.0,0.0,0,0,0,0,0,0,0,0
TF,CK805,29.712389,106.781944,0, ,0.0,0.0,0.0,0.0,0,0,0,0,0,0,0,0
TF,CK815,29.798639,106.811917,0, ,0.0,0.0,0.0,0.0,0,0,0,0,0,0,0,0
TF,CK814,29.884917,106.841944,0, ,0.0,0.0,0.0,0.0,0,0,0,0,0,0,0,0
TF,CK813,29.971306,106.872083,0, ,0.0,0.0,0.0,0.0,0,0,0,0,0,0,0,0
TF,CK812,30.062639,106.904028,0, ,0.0,0.0,0.0,0.0,0,0,0,0,0,0,0,0

STAR,SEGD6K,20L,6
IF,CK812,30.062639,106.904028, ,0.0,0.0,0,0,0,0,0,0,0,0
TF,MP4,30.143833,106.932444,0, ,0.0,0.0,0.0,0.0,2,6890,0,1,200,0,0,0

STAR,SEGD6K,20R,6
IF,CK812,30.062639,106.904028, ,0.0,0.0,0,0,0,0,0,0,0,0
TF,MP4,30.143833,106.932444,0, ,0.0,0.0,0.0,0.0,2,6890,0,1,200,0,0,0

STAR,SEGD6K,21L,6
IF,CK812,30.062639,106.904028, ,0.0,0.0,0,0,0,0,0,0,0,0
TF,MP4,30.143833,106.932444,0, ,0.0,0.0,0.0,0.0,2,5910,0,1,200,0,0,0

STAR,SEGD6K,21R,6
IF,CK812,30.062639,106.904028, ,0.0,0.0,0,0,0,0,0,0,0,0
TF,MP4,30.143833,106.932444,0, ,0.0,0.0,0.0,0.0,2,5910,0,1,200,0,0,0

STAR,SEGD7L,ALL,5
IF,SEGDA,28.716111,106.692222, ,0.0,0.0,0,0,0,0,0,0,0,0
TF,CK836,29.000861,106.691861,0, ,0.0,0.0,0.0,0.0,0,0,0,0,0,0,0,0
TF,CK917,29.262667,106.355500,0, ,0.0,0.0,0.0,0.0,0,0,0,0,0,0,0,0
TF,CK916,29.359111,106.388444,0, ,0.0,0.0,0.0,0.0,0,0,0,0,0,0,0,0
TF,CK905,29.778194,106.532417,0, ,0.0,0.0,0.0,0.0,0,0,0,0,0,0,0,0
TF,CK915,29.864528,106.562250,0, ,0.0,0.0,0.0,0.0,0,0,0,0,0,0,0,0
TF,CK914,29.950861,106.592139,0, ,0.0,0.0,0.0,0.0,0,0,0,0,0,0,0,0
TF,CK913,30.037194,106.622083,0, ,0.0,0.0,0.0,0.0,0,0,0,0,0,0,0,0
TF,CK912,30.128639,106.653833,0, ,0.0,0.0,0.0,0.0,0,0,0,0,0,0,0,0

STAR,SEGD7L,20L,6
IF,CK912,30.128639,106.653833, ,0.0,0.0,0,0,0,0,0,0,0,0
TF,MP3,30.209833,106.682111,0, ,0.0,0.0,0.0,0.0,2,6890,0,1,200,0,0,0

STAR,SEGD7L,20R,6
IF,CK912,30.128639,106.653833, ,0.0,0.0,0,0,0,0,0,0,0,0
TF,MP3,30.209833,106.682111,0, ,0.0,0.0,0.0,0.0,2,6890,0,1,200,0,0,0

STAR,SEGD7L,21L,6
IF,CK912,30.128639,106.653833, ,0.0,0.0,0,0,0,0,0,0,0,0
TF,MP3,30.209833,106.682111,0, ,0.0,0.0,0.0,0.0,2,6890,0,1,200,0,0,0

STAR,SEGD7L,21R,6
IF,CK912,30.128639,106.653833, ,0.0,0.0,0,0,0,0,0,0,0,0
TF,MP3,30.209833,106.682111,0, ,0.0,0.0,0.0,0.0,2,6890,0,1,200,0,0,0

STAR,SEGDD2,ALL,5
IF,SEGDA,28.716111,106.692222, ,0.0,0.0,0,0,0,0,0,0,0,0
TF,CM908,28.815778,106.707444,0, ,0.0,0.0,0.0,0.0,0,0,0,0,0,0,0,0
TF,CM907,29.231306,106.122667,0, ,0.0,0.0,0.0,0.0,2,9850,0,1,230,0,0,0
TF,CM906,29.310278,106.072917,0, ,0.0,0.0,0.0,0.0,0,0,0,0,0,0,0,0
TF,CM905,29.398361,106.050639,0, ,0.0,0.0,0.0,0.0,0,0,0,0,0,0,0,0
TF,CM904,29.488361,106.057722,0, ,0.0,0.0,0.0,0.0,0,0,0,0,0,0,0,0
TF,CM903,29.572917,106.093611,0, ,0.0,0.0,0.0,0.0,0,0,0,0,0,0,0,0
TF,CM902,29.645111,106.155472,0, ,0.0,0.0,0.0,0.0,0,0,0,0,0,0,0,0
TF,CM901,29.699056,106.238278,0, ,0.0,0.0,0.0,0.0,0,0,0,1,230,0,0,0

STAR,SEGDD2,02L,6
IF,CM901,29.699056,106.238278, ,0.0,0.0,0,0,0,1,230,0,0,0
TF,MP1,29.421694,106.409861,2, ,0.0,0.0,0.0,0.0,2,4930,0,1,200,0,0,0

STAR,SEGDD2,02R,6
IF,CM901,29.699056,106.238278, ,0.0,0.0,0,0,0,1,230,0,0,0
TF,MP1,29.421694,106.409861,2, ,0.0,0.0,0.0,0.0,2,4930,0,1,200,0,0,0

STAR,SEGDD2,03L,6
IF,CM901,29.699056,106.238278, ,0.0,0.0,0,0,0,1,230,0,0,0
TF,MP1,29.421694,106.409861,2, ,0.0,0.0,0.0,0.0,2,4930,0,1,200,0,0,0

STAR,SEGDD2,03R,6
IF,CM901,29.699056,106.238278, ,0.0,0.0,0,0,0,1,230,0,0,0
TF,MP1,29.421694,106.409861,2, ,0.0,0.0,0.0,0.0,2,4930,0,1,200,0,0,0

STAR,SEGDE1,ALL,5
IF,SEGDA,28.716111,106.692222, ,0.0,0.0,0,0,0,0,0,0,0,0
TF,CM908,28.815778,106.707444,0, ,0.0,0.0,0.0,0.0,0,0,0,0,0,0,0,0
TF,CM827,29.031194,106.740444,0, ,0.0,0.0,0.0,0.0,3,8860,0,1,230,0,0,0
TF,CM826,29.062278,106.836778,0, ,0.0,0.0,0.0,0.0,0,0,0,0,0,0,0,0
TF,CM825,29.114889,106.920167,0, ,0.0,0.0,0.0,0.0,0,0,0,0,0,0,0,0
TF,CM824,29.185194,106.984500,0, ,0.0,0.0,0.0,0.0,0,0,0,0,0,0,0,0
TF,CM823,29.268083,107.025028,0, ,0.0,0.0,0.0,0.0,0,0,0,0,0,0,0,0
TF,CM822,29.357444,107.038750,0, ,0.0,0.0,0.0,0.0,0,0,0,0,0,0,0,0
TF,CM821,29.446750,107.024583,0, ,0.0,0.0,0.0,0.0,0,0,0,1,230,0,0,0

STAR,SEGDE1,02L,6
IF,CM821,29.446750,107.024583, ,0.0,0.0,0,0,0,1,230,0,0,0
TF,MP2,29.356194,106.658889,1, ,0.0,0.0,0.0,0.0,2,5910,0,1,200,0,0,0

STAR,SEGDE1,02R,6
IF,CM821,29.446750,107.024583, ,0.0,0.0,0,0,0,1,230,0,0,0
TF,MP2,29.356194,106.658889,1, ,0.0,0.0,0.0,0.0,2,5910,0,1,200,0,0,0

STAR,SEGDE1,03L,6
IF,CM821,29.446750,107.024583, ,0.0,0.0,0,0,0,1,230,0,0,0
TF,MP2,29.356194,106.658889,1, ,0.0,0.0,0.0,0.0,2,5910,0,1,200,0,0,0

STAR,SEGDE1,03R,6
IF,CM821,29.446750,107.024583, ,0.0,0.0,0,0,0,1,230,0,0,0
TF,MP2,29.356194,106.658889,1, ,0.0,0.0,0.0,0.0,2,5910,0,1,200,0,0,0

STAR,SEGDQ6,ALL,5
IF,SEGDA,28.716111,106.692222, ,0.0,0.0,0,0,0,0,0,0,0,0
TF,CK836,29.000861,106.691861,0, ,0.0,0.0,0.0,0.0,0,0,0,0,0,0,0,0
TF,CK835,29.252944,106.758000,0, ,0.0,0.0,0.0,0.0,0,0,0,0,0,0,0,0
TF,CK805,29.712389,106.781944,0, ,0.0,0.0,0.0,0.0,0,0,0,0,0,0,0,0
TF,CK815,29.798639,106.811917,0, ,0.0,0.0,0.0,0.0,0,0,0,0,0,0,0,0
TF,CM816,29.946083,107.077194,0, ,0.0,0.0,0.0,0.0,2,9850,0,1,230,0,0,0
TF,CM815,30.008167,107.152306,0, ,0.0,0.0,0.0,0.0,0,0,0,0,0,0,0,0
TF,CM814,30.090333,107.195000,0, ,0.0,0.0,0.0,0.0,0,0,0,0,0,0,0,0
TF,CM813,30.180417,107.198917,0, ,0.0,0.0,0.0,0.0,0,0,0,0,0,0,0,0
TF,CM812,30.265139,107.163389,0, ,0.0,0.0,0.0,0.0,0,0,0,0,0,0,0,0
TF,CM811,30.331917,107.093583,0, ,0.0,0.0,0.0,0.0,0,0,0,1,230,0,0,0

STAR,SEGDQ6,20L,6
IF,CM811,30.331917,107.093583, ,0.0,0.0,0,0,0,1,230,0,0,0
TF,MP4,30.143833,106.932444,1, ,0.0,0.0,0.0,0.0,2,6890,0,1,200,0,0,0

STAR,SEGDQ6,20R,6
IF,CM811,30.331917,107.093583, ,0.0,0.0,0,0,0,1,230,0,0,0
TF,MP4,30.143833,106.932444,1, ,0.0,0.0,0.0,0.0,2,6890,0,1,200,0,0,0

STAR,SEGDQ6,21L,6
IF,CM811,30.331917,107.093583, ,0.0,0.0,0,0,0,1,230,0,0,0
TF,MP4,30.143833,106.932444,1, ,0.0,0.0,0.0,0.0,2,5910,0,1,200,0,0,0

STAR,SEGDQ6,21R,6
IF,CM811,30.331917,107.093583, ,0.0,0.0,0,0,0,1,230,0,0,0
TF,MP4,30.143833,106.932444,1, ,0.0,0.0,0.0,0.0,2,5910,0,1,200,0,0,0

STAR,SEGDR7,ALL,5
IF,SEGDA,28.716111,106.692222, ,0.0,0.0,0,0,0,0,0,0,0,0
TF,CK836,29.000861,106.691861,0, ,0.0,0.0,0.0,0.0,0,0,0,0,0,0,0,0
TF,CK917,29.262667,106.355500,0, ,0.0,0.0,0.0,0.0,0,0,0,0,0,0,0,0
TF,CK916,29.359111,106.388444,0, ,0.0,0.0,0.0,0.0,0,0,0,0,0,0,0,0
TF,CK905,29.778194,106.532417,0, ,0.0,0.0,0.0,0.0,0,0,0,0,0,0,0,0
TF,CM937,29.920667,106.433667,0, ,0.0,0.0,0.0,0.0,3,8860,0,1,230,0,0,0
TF,CM936,29.983083,106.358917,0, ,0.0,0.0,0.0,0.0,0,0,0,0,0,0,0,0
TF,CM935,30.059667,106.304167,0, ,0.0,0.0,0.0,0.0,0,0,0,0,0,0,0,0
TF,CM934,30.145667,106.272917,0, ,0.0,0.0,0.0,0.0,0,0,0,0,0,0,0,0
TF,CM933,30.235722,106.267167,0, ,0.0,0.0,0.0,0.0,0,0,0,0,0,0,0,0
TF,CM932,30.324194,106.287333,0, ,0.0,0.0,0.0,0.0,0,0,0,0,0,0,0,0
TF,CM931,30.405556,106.332222,0, ,0.0,0.0,0.0,0.0,0,0,0,1,230,0,0,0

STAR,SEGDR7,20L,6
IF,CM931,30.405556,106.332222, ,0.0,0.0,0,0,0,1,230,0,0,0
TF,MP3,30.209833,106.682111,2, ,0.0,0.0,0.0,0.0,2,6890,0,1,200,0,0,0

STAR,SEGDR7,20R,6
IF,CM931,30.405556,106.332222, ,0.0,0.0,0,0,0,1,230,0,0,0
TF,MP3,30.209833,106.682111,2, ,0.0,0.0,0.0,0.0,2,6890,0,1,200,0,0,0

STAR,SEGDR7,21L,6
IF,CM931,30.405556,106.332222, ,0.0,0.0,0,0,0,1,230,0,0,0
TF,MP3,30.209833,106.682111,2, ,0.0,0.0,0.0,0.0,2,6890,0,1,200,0,0,0

STAR,SEGDR7,21R,6
IF,CM931,30.405556,106.332222, ,0.0,0.0,0,0,0,1,230,0,0,0
TF,MP3,30.209833,106.682111,2, ,0.0,0.0,0.0,0.0,2,6890,0,1,200,0,0,0

STAR,VINE1J,ALL,5
IF,VINEX,30.607500,106.696667, ,0.0,0.0,0,0,0,0,0,0,0,0
TF,CK907,30.327333,106.723111,0, ,0.0,0.0,0.0,0.0,0,0,0,0,0,0,0,0
TF,CK906,30.052639,106.627417,0, ,0.0,0.0,0.0,0.0,2,6890,0,0,0,0,0,0
TF,CK905,29.778194,106.532417,0, ,0.0,0.0,0.0,0.0,0,0,0,0,0,0,0,0
TF,CK904,29.680861,106.498861,0, ,0.0,0.0,0.0,0.0,0,0,0,0,0,0,0,0
TF,CK903,29.594472,106.469139,0, ,0.0,0.0,0.0,0.0,0,0,0,0,0,0,0,0
TF,CK902,29.508083,106.439472,0, ,0.0,0.0,0.0,0.0,0,0,0,0,0,0,0,0

STAR,VINE1J,02L,6
IF,CK902,29.508083,106.439472, ,0.0,0.0,0,0,0,0,0,0,0,0
TF,MP1,29.421694,106.409861,0, ,0.0,0.0,0.0,0.0,2,4930,0,1,200,0,0,0

STAR,VINE1J,02R,6
IF,CK902,29.508083,106.439472, ,0.0,0.0,0,0,0,0,0,0,0,0
TF,MP1,29.421694,106.409861,0, ,0.0,0.0,0.0,0.0,2,4930,0,1,200,0,0,0

STAR,VINE1J,03L,6
IF,CK902,29.508083,106.439472, ,0.0,0.0,0,0,0,0,0,0,0,0
TF,MP1,29.421694,106.409861,0, ,0.0,0.0,0.0,0.0,2,4930,0,1,200,0,0,0

STAR,VINE1J,03R,6
IF,CK902,29.508083,106.439472, ,0.0,0.0,0,0,0,0,0,0,0,0
TF,MP1,29.421694,106.409861,0, ,0.0,0.0,0.0,0.0,2,4930,0,1,200,0,0,0

STAR,VINE2H,ALL,5
IF,VINEX,30.607500,106.696667, ,0.0,0.0,0,0,0,0,0,0,0,0
TF,CK841,30.169750,107.159806,0, ,0.0,0.0,0.0,0.0,0,0,0,0,0,0,0,0
TF,CK805,29.712389,106.781944,0, ,0.0,0.0,0.0,0.0,0,0,0,0,0,0,0,0
TF,CK804,29.615083,106.748361,0, ,0.0,0.0,0.0,0.0,0,0,0,0,0,0,0,0
TF,CK803,29.528778,106.718444,0, ,0.0,0.0,0.0,0.0,0,0,0,0,0,0,0,0
TF,CK802,29.442444,106.688611,0, ,0.0,0.0,0.0,0.0,0,0,0,0,0,0,0,0

STAR,VINE2H,02L,6
IF,CK802,29.442444,106.688611, ,0.0,0.0,0,0,0,0,0,0,0,0
TF,MP2,29.356194,106.658889,0, ,0.0,0.0,0.0,0.0,2,5910,0,1,200,0,0,0

STAR,VINE2H,02R,6
IF,CK802,29.442444,106.688611, ,0.0,0.0,0,0,0,0,0,0,0,0
TF,MP2,29.356194,106.658889,0, ,0.0,0.0,0.0,0.0,2,5910,0,1,200,0,0,0

STAR,VINE2H,03L,6
IF,CK802,29.442444,106.688611, ,0.0,0.0,0,0,0,0,0,0,0,0
TF,MP2,29.356194,106.658889,0, ,0.0,0.0,0.0,0.0,2,5910,0,1,200,0,0,0

STAR,VINE2H,03R,6
IF,CK802,29.442444,106.688611, ,0.0,0.0,0,0,0,0,0,0,0,0
TF,MP2,29.356194,106.658889,0, ,0.0,0.0,0.0,0.0,2,5910,0,1,200,0,0,0

STAR,VINE6K,ALL,5
IF,VINEX,30.607500,106.696667, ,0.0,0.0,0,0,0,0,0,0,0,0
TF,CK933,30.425000,106.625917,0, ,0.0,0.0,0.0,0.0,0,0,0,0,0,0,0,0
TF,CK932,30.241083,106.562167,0, ,0.0,0.0,0.0,0.0,0,0,0,0,0,0,0,0
TF,CK931,29.895528,106.443111,0, ,0.0,0.0,0.0,0.0,0,0,0,1,230,0,0,0
TF,CK915,29.864528,106.562250,0, ,0.0,0.0,0.0,0.0,0,0,0,0,0,0,0,0
TF,CK914,29.950861,106.592139,0, ,0.0,0.0,0.0,0.0,0,0,0,0,0,0,0,0
TF,CK913,30.037194,106.622083,0, ,0.0,0.0,0.0,0.0,0,0,0,0,0,0,0,0
TF,CK912,30.128639,106.653833,0, ,0.0,0.0,0.0,0.0,0,0,0,0,0,0,0,0

STAR,VINE6K,20L,6
IF,CK912,30.128639,106.653833, ,0.0,0.0,0,0,0,0,0,0,0,0
TF,MP3,30.209833,106.682111,0, ,0.0,0.0,0.0,0.0,2,6890,0,1,200,0,0,0

STAR,VINE6K,20R,6
IF,CK912,30.128639,106.653833, ,0.0,0.0,0,0,0,0,0,0,0,0
TF,MP3,30.209833,106.682111,0, ,0.0,0.0,0.0,0.0,2,6890,0,1,200,0,0,0

STAR,VINE6K,21L,6
IF,CK912,30.128639,106.653833, ,0.0,0.0,0,0,0,0,0,0,0,0
TF,MP3,30.209833,106.682111,0, ,0.0,0.0,0.0,0.0,2,6890,0,1,200,0,0,0

STAR,VINE6K,21R,6
IF,CK912,30.128639,106.653833, ,0.0,0.0,0,0,0,0,0,0,0,0
TF,MP3,30.209833,106.682111,0, ,0.0,0.0,0.0,0.0,2,6890,0,1,200,0,0,0

STAR,VINE7L,ALL,5
IF,VINEX,30.607500,106.696667, ,0.0,0.0,0,0,0,0,0,0,0,0
TF,CK934,30.427528,106.887778,0, ,0.0,0.0,0.0,0.0,0,0,0,0,0,0,0,0
TF,CK832,30.248000,107.077417,0, ,0.0,0.0,0.0,0.0,0,0,0,0,0,0,0,0
TF,CK831,30.036389,107.003056,0, ,0.0,0.0,0.0,0.0,0,0,0,0,0,0,0,0
TF,CK821,29.686222,106.880778,0, ,0.0,0.0,0.0,0.0,0,0,0,1,230,0,0,0
TF,CK805,29.712389,106.781944,0, ,0.0,0.0,0.0,0.0,0,0,0,0,0,0,0,0
TF,CK815,29.798639,106.811917,0, ,0.0,0.0,0.0,0.0,0,0,0,0,0,0,0,0
TF,CK814,29.884917,106.841944,0, ,0.0,0.0,0.0,0.0,0,0,0,0,0,0,0,0
TF,CK813,29.971306,106.872083,0, ,0.0,0.0,0.0,0.0,0,0,0,0,0,0,0,0
TF,CK812,30.062639,106.904028,0, ,0.0,0.0,0.0,0.0,0,0,0,0,0,0,0,0

STAR,VINE7L,20L,6
IF,CK812,30.062639,106.904028, ,0.0,0.0,0,0,0,0,0,0,0,0
TF,MP4,30.143833,106.932444,0, ,0.0,0.0,0.0,0.0,2,6890,0,1,200,0,0,0

STAR,VINE7L,20R,6
IF,CK812,30.062639,106.904028, ,0.0,0.0,0,0,0,0,0,0,0,0
TF,MP4,30.143833,106.932444,0, ,0.0,0.0,0.0,0.0,2,6890,0,1,200,0,0,0

STAR,VINE7L,21L,6
IF,CK812,30.062639,106.904028, ,0.0,0.0,0,0,0,0,0,0,0,0
TF,MP4,30.143833,106.932444,0, ,0.0,0.0,0.0,0.0,2,5910,0,1,200,0,0,0

STAR,VINE7L,21R,6
IF,CK812,30.062639,106.904028, ,0.0,0.0,0,0,0,0,0,0,0,0
TF,MP4,30.143833,106.932444,0, ,0.0,0.0,0.0,0.0,2,5910,0,1,200,0,0,0

STAR,VINEQ6,ALL,5
IF,VINEX,30.607500,106.696667, ,0.0,0.0,0,0,0,0,0,0,0,0
TF,CM916,30.400111,106.459778,0, ,0.0,0.0,0.0,0.0,2,9850,0,1,230,0,0,0
TF,CM915,30.326250,106.400111,0, ,0.0,0.0,0.0,0.0,0,0,0,0,0,0,0,0
TF,CM914,30.239472,106.371806,0, ,0.0,0.0,0.0,0.0,0,0,0,0,0,0,0,0
TF,CM913,30.149444,106.377972,0, ,0.0,0.0,0.0,0.0,0,0,0,0,0,0,0,0
TF,CM912,30.066167,106.417778,0, ,0.0,0.0,0.0,0.0,0,0,0,0,0,0,0,0
TF,CM911,29.998861,106.486778,0, ,0.0,0.0,0.0,0.0,0,0,0,1,230,0,0,0

STAR,VINEQ6,20L,6
IF,CM911,29.998861,106.486778, ,0.0,0.0,0,0,0,1,230,0,0,0
TF,MP3,30.209833,106.682111,1, ,0.0,0.0,0.0,0.0,2,6890,0,1,200,0,0,0

STAR,VINEQ6,20R,6
IF,CM911,29.998861,106.486778, ,0.0,0.0,0,0,0,1,230,0,0,0
TF,MP3,30.209833,106.682111,1, ,0.0,0.0,0.0,0.0,2,6890,0,1,200,0,0,0

STAR,VINEQ6,21L,6
IF,CM911,29.998861,106.486778, ,0.0,0.0,0,0,0,1,230,0,0,0
TF,MP3,30.209833,106.682111,1, ,0.0,0.0,0.0,0.0,2,6890,0,1,200,0,0,0

STAR,VINEQ6,21R,6
IF,CM911,29.998861,106.486778, ,0.0,0.0,0,0,0,1,230,0,0,0
TF,MP3,30.209833,106.682111,1, ,0.0,0.0,0.0,0.0,2,6890,0,1,200,0,0,0

STAR,VINER7,ALL,5
IF,VINEX,30.607500,106.696667, ,0.0,0.0,0,0,0,0,0,0,0,0
TF,CM837,30.434389,107.099167,0, ,0.0,0.0,0.0,0.0,3,8860,0,1,230,0,0,0
TF,CM836,30.383306,107.184861,0, ,0.0,0.0,0.0,0.0,0,0,0,0,0,0,0,0
TF,CM835,30.313694,107.250944,0, ,0.0,0.0,0.0,0.0,0,0,0,0,0,0,0,0
TF,CM834,30.231028,107.292333,0, ,0.0,0.0,0.0,0.0,0,0,0,0,0,0,0,0
TF,CM833,30.141639,107.305889,0, ,0.0,0.0,0.0,0.0,0,0,0,0,0,0,0,0
TF,CM832,30.052472,107.290639,0, ,0.0,0.0,0.0,0.0,0,0,0,0,0,0,0,0
TF,CM831,29.970361,107.247833,0, ,0.0,0.0,0.0,0.0,0,0,0,1,230,0,0,0

STAR,VINER7,20L,6
IF,CM831,29.970361,107.247833, ,0.0,0.0,0,0,0,1,230,0,0,0
TF,MP4,30.143833,106.932444,2, ,0.0,0.0,0.0,0.0,2,6890,0,1,200,0,0,0

STAR,VINER7,20R,6
IF,CM831,29.970361,107.247833, ,0.0,0.0,0,0,0,1,230,0,0,0
TF,MP4,30.143833,106.932444,2, ,0.0,0.0,0.0,0.0,2,6890,0,1,200,0,0,0

STAR,VINER7,21L,6
IF,CM831,29.970361,107.247833, ,0.0,0.0,0,0,0,1,230,0,0,0
TF,MP4,30.143833,106.932444,2, ,0.0,0.0,0.0,0.0,2,5910,0,1,200,0,0,0

STAR,VINER7,21R,6
IF,CM831,29.970361,107.247833, ,0.0,0.0,0,0,0,1,230,0,0,0
TF,MP4,30.143833,106.932444,2, ,0.0,0.0,0.0,0.0,2,5910,0,1,200,0,0,0

STAR,VINXD2,ALL,5
IF,VINEX,30.607500,106.696667, ,0.0,0.0,0,0,0,0,0,0,0,0
TF,CK841,30.169750,107.159806,0, ,0.0,0.0,0.0,0.0,0,0,0,0,0,0,0,0
TF,CK805,29.712389,106.781944,0, ,0.0,0.0,0.0,0.0,0,0,0,0,0,0,0,0
TF,CK804,29.615083,106.748361,0, ,0.0,0.0,0.0,0.0,0,0,0,0,0,0,0,0
TF,CM806,29.463361,106.907472,0, ,0.0,0.0,0.0,0.0,2,9850,0,1,230,0,0,0
TF,CM805,29.376444,106.934889,0, ,0.0,0.0,0.0,0.0,0,0,0,0,0,0,0,0
TF,CM804,29.286750,106.924139,0, ,0.0,0.0,0.0,0.0,0,0,0,0,0,0,0,0
TF,CM803,29.206694,106.876833,0, ,0.0,0.0,0.0,0.0,0,0,0,0,0,0,0,0
TF,CM802,29.147472,106.799889,0, ,0.0,0.0,0.0,0.0,0,0,0,0,0,0,0,0
TF,CM801,29.116667,106.702889,0, ,0.0,0.0,0.0,0.0,0,0,0,1,230,0,0,0

STAR,VINXD2,02L,6
IF,CM801,29.116667,106.702889, ,0.0,0.0,0,0,0,1,230,0,0,0
TF,MP2,29.356194,106.658889,2, ,0.0,0.0,0.0,0.0,2,5910,0,1,200,0,0,0

STAR,VINXD2,02R,6
IF,CM801,29.116667,106.702889, ,0.0,0.0,0,0,0,1,230,0,0,0
TF,MP2,29.356194,106.658889,2, ,0.0,0.0,0.0,0.0,2,5910,0,1,200,0,0,0

STAR,VINXD2,03L,6
IF,CM801,29.116667,106.702889, ,0.0,0.0,0,0,0,1,230,0,0,0
TF,MP2,29.356194,106.658889,2, ,0.0,0.0,0.0,0.0,2,5910,0,1,200,0,0,0

STAR,VINXD2,03R,6
IF,CM801,29.116667,106.702889, ,0.0,0.0,0,0,0,1,230,0,0,0
TF,MP2,29.356194,106.658889,2, ,0.0,0.0,0.0,0.0,2,5910,0,1,200,0,0,0

STAR,VINXE1,ALL,5
IF,VINEX,30.607500,106.696667, ,0.0,0.0,0,0,0,0,0,0,0,0
TF,CM928,29.794889,106.228222,0, ,0.0,0.0,0.0,0.0,3,8860,0,1,230,0,0,0
TF,CM927,29.750444,106.138250,0, ,0.0,0.0,0.0,0.0,0,0,0,0,0,0,0,0
TF,CM926,29.689722,106.061861,0, ,0.0,0.0,0.0,0.0,0,0,0,0,0,0,0,0
TF,CM925,29.615750,106.002778,0, ,0.0,0.0,0.0,0.0,0,0,0,0,0,0,0,0
TF,CM924,29.532167,105.963944,0, ,0.0,0.0,0.0,0.0,0,0,0,0,0,0,0,0
TF,CM923,29.443139,105.947222,0, ,0.0,0.0,0.0,0.0,0,0,0,0,0,0,0,0
TF,CM922,29.353111,105.953389,0, ,0.0,0.0,0.0,0.0,0,0,0,0,0,0,0,0
TF,CM921,29.266472,105.982056,0, ,0.0,0.0,0.0,0.0,0,0,0,1,230,0,0,0

STAR,VINXE1,02L,6
IF,CM921,29.266472,105.982056, ,0.0,0.0,0,0,0,1,230,0,0,0
TF,MP1,29.421694,106.409861,1, ,0.0,0.0,0.0,0.0,2,4930,0,1,200,0,0,0

STAR,VINXE1,02R,6
IF,CM921,29.266472,105.982056, ,0.0,0.0,0,0,0,1,230,0,0,0
TF,MP1,29.421694,106.409861,1, ,0.0,0.0,0.0,0.0,2,4930,0,1,200,0,0,0

STAR,VINXE1,03L,6
IF,CM921,29.266472,105.982056, ,0.0,0.0,0,0,0,1,230,0,0,0
TF,MP1,29.421694,106.409861,1, ,0.0,0.0,0.0,0.0,2,4930,0,1,200,0,0,0

STAR,VINXE1,03R,6
IF,CM921,29.266472,105.982056, ,0.0,0.0,0,0,0,1,230,0,0,0
TF,MP1,29.421694,106.409861,1, ,0.0,0.0,0.0,0.0,2,4930,0,1,200,0,0,0

APPTR,I02LZ,02L,MP1
IF,MP1,29.421694,106.409861, ,0.0,0.0,2,4930,0,1,200,0,1,0
TF,CK514,29.390556,106.528250,0, ,0.0,0.0,0.0,0.0,0,0,0,1,180,0,0,0
TF,CK513,29.475194,106.557361,0,IWX,0.0,0.0,0.0,0.0,2,3940,0,0,0,0,1,0

APPTR,I02LZ,02L,MP2
IF,MP2,29.356194,106.658889, ,0.0,0.0,2,5910,0,1,200,0,1,0
TF,CK514,29.390556,106.528250,0, ,0.0,0.0,0.0,0.0,0,0,0,1,180,0,0,0
TF,CK513,29.475194,106.557361,0,IWX,0.0,0.0,0.0,0.0,2,3940,0,0,0,0,1,0

FINAL,I02LZ,02L,I,3
IF,CK513,29.475194,106.557361,IWX,199.8,16.2,2,3940,0,0,0,0,0,0
CF,FI02L,29.578206,106.592881,0,IWX,199.8,9.8,20.0,6.4,1,3940,0,0,0,0,2,0
CF,RW02L,29.705181,106.636753,0,IWX,199.8,1.8,20.0,7.9,1,1400,0,0,0,0,3,0
CF,CK510,29.758611,106.655194,0,CKG,10.7,0.7,20.0,3.3,2,2040,0,0,0,0,0,0
CA,0,5.0,2,5910,0,0,0,0,0,0
DF,CK904,29.680861,106.498861,1, ,0.0,0.0,0,0,0,1,200,0,0,0
TF,MP1,29.421694,106.409861,0, ,0.0,0.0,0.0,0.0,0,0,0,1,200,0,0,0

APPTR,I02RZ,02R,MP1
IF,MP1,29.421694,106.409861, ,0.0,0.0,2,4930,0,1,200,0,1,0
TF,CK524,29.389472,106.532417,0, ,0.0,0.0,0.0,0.0,0,0,0,1,180,0,0,0
TF,CK523,29.474139,106.561417,0,IJC,0.0,0.0,0.0,0.0,2,3940,0,0,0,0,1,0

APPTR,I02RZ,02R,MP2
IF,MP2,29.356194,106.658889, ,0.0,0.0,2,5910,0,1,200,0,1,0
TF,CK524,29.389472,106.532417,0, ,0.0,0.0,0.0,0.0,0,0,0,1,180,0,0,0
TF,CK523,29.474139,106.561417,0,IJC,0.0,0.0,0.0,0.0,2,3940,0,0,0,0,1,0

FINAL,I02RZ,02R,I,3
IF,CK523,29.474139,106.561417,IJC,199.8,16.5,2,3940,0,0,0,0,0,0
CF,FI02R,29.579539,106.597469,0,IJC,199.8,9.9,20.0,6.6,1,3940,0,0,0,0,2,0
CF,RW02R,29.706483,106.641264,0,IJC,199.9,2.0,20.0,7.9,1,1397,0,0,0,0,3,0
CF,CK520,29.745417,106.654722,0,CKG,138.9,0.1,20.0,2.4,2,1910,0,0,0,0,0,0
CA,0,5.0,2,5910,0,0,0,0,0,0
DF,CK904,29.680861,106.498861,1, ,0.0,0.0,0,0,0,1,200,0,0,0
TF,MP1,29.421694,106.409861,0, ,0.0,0.0,0.0,0.0,0,0,0,1,200,0,0,0

APPTR,I03LZ,03L,MP1
IF,MP1,29.421694,106.409861, ,0.0,0.0,2,4930,0,1,200,0,1,0
TF,CK534,29.385306,106.548278,0, ,0.0,0.0,0.0,0.0,0,0,0,1,180,0,0,0
TF,CK533,29.469944,106.577306,0,IQT,0.0,0.0,0.0,0.0,2,4930,0,0,0,0,1,0

APPTR,I03LZ,03L,MP2
IF,MP2,29.356194,106.658889, ,0.0,0.0,2,5910,0,1,200,0,1,0
TF,CK534,29.385306,106.548278,0, ,0.0,0.0,0.0,0.0,0,0,0,1,180,0,0,0
TF,CK533,29.469944,106.577306,0,IQT,0.0,0.0,0.0,0.0,2,4930,0,0,0,0,1,0

FINAL,I03LZ,03L,I,3
IF,CK533,29.469944,106.577306,IQT,199.8,17.5,2,4930,0,0,0,0,0,0
CF,FI03L,29.536331,106.599550,0,IQT,199.9,13.3,20.0,4.1,1,4930,0,0,0,0,2,0
CF,RW03L,29.714319,106.661467,0,IQT,199.9,2.2,20.0,11.1,1,1379,0,0,0,0,3,0
CF,CK530,29.765389,106.679139,0,CKG,53.3,1.8,20.0,3.2,2,1970,0,0,0,0,0,0
CA,0,50.0,2,4930,0,0,0,0,0,0
DF,CK804,29.615083,106.748361,2, ,0.0,0.0,0,0,0,1,200,0,0,0
TF,MP2,29.356194,106.658889,0, ,0.0,0.0,0.0,0.0,2,5910,0,1,200,0,0,0

APPTR,I03RZ,03R,MP1
IF,MP1,29.421694,106.409861, ,0.0,0.0,2,4930,0,1,200,0,1,0
TF,CK544,29.384333,106.551972,0, ,0.0,0.0,0.0,0.0,0,0,0,1,180,0,0,0
TF,CK543,29.468972,106.581028,0,IBY,0.0,0.0,0.0,0.0,2,4930,0,0,0,0,1,0

APPTR,I03RZ,03R,MP2
IF,MP2,29.356194,106.658889, ,0.0,0.0,2,5910,0,1,200,0,1,0
TF,CK544,29.384333,106.551972,0, ,0.0,0.0,0.0,0.0,0,0,0,1,180,0,0,0
TF,CK543,29.468972,106.581028,0,IBY,0.0,0.0,0.0,0.0,2,4930,0,0,0,0,1,0

FINAL,I03RZ,03R,I,3
IF,CK543,29.468972,106.581028,IBY,199.8,17.8,2,4930,0,0,0,0,0,0
CF,FI03R,29.543100,106.605978,0,IBY,199.9,13.1,20.0,4.6,1,4930,0,0,0,0,2,0
CF,RW03R,29.720997,106.667897,0,IBY,199.9,2.0,20.0,11.1,1,1385,0,0,0,0,3,0
CF,CK540,29.770111,106.684861,0,CKG,52.6,2.2,20.0,3.1,2,2010,0,0,0,0,0,0
CA,0,50.0,2,4930,0,0,0,0,0,0
DF,CK804,29.615083,106.748361,2, ,0.0,0.0,0,0,0,1,200,0,0,0
TF,MP2,29.356194,106.658889,0, ,0.0,0.0,0.0,0.0,2,5910,0,1,200,0,0,0

APPTR,I20LZ,20L,MP3
IF,MP3,30.209833,106.682111, ,0.0,0.0,2,6890,0,1,200,0,1,0
TF,CK624,30.177611,106.804528,0, ,0.0,0.0,0.0,0.0,0,0,0,1,180,0,0,0
TF,CK623,30.096833,106.776361,0,IMW,0.0,0.0,0.0,0.0,2,6890,0,0,0,0,1,0

APPTR,I20LZ,20L,MP4
IF,MP4,30.143833,106.932444, ,0.0,0.0,2,6890,0,1,200,0,1,0
TF,CK624,30.177611,106.804528,0, ,0.0,0.0,0.0,0.0,0,0,0,1,180,0,0,0
TF,CK623,30.096833,106.776361,0,IMW,0.0,0.0,0.0,0.0,2,6890,0,0,0,0,1,0

FINAL,I20LZ,20L,I,3
IF,CK623,30.096833,106.776361,IMW,19.7,24.7,2,6890,0,0,0,0,0,0
CF,FI20L,30.009669,106.746489,0,IMW,19.8,19.2,200.0,5.4,1,6890,0,0,0,0,2,0
CF,RW20L,29.734089,106.650850,0,IMW,19.8,2.0,200.0,17.2,1,1392,0,0,0,0,3,0
CF,CK620,29.666167,106.627361,0,CKG,198.7,5.0,200.0,4.3,2,1970,0,0,0,0,0,0
CA,0,215.0,2,5910,0,0,0,0,0,0
DF,CK915,29.864528,106.562250,2, ,0.0,0.0,0,0,0,1,200,0,0,0
TF,MP3,30.209833,106.682111,0, ,0.0,0.0,0.0,0.0,2,6890,0,1,200,0,0,0

APPTR,I20RZ,20R,MP3
IF,MP3,30.209833,106.682111, ,0.0,0.0,2,6890,0,1,200,0,1,0
TF,CK614,30.178444,106.801333,0, ,0.0,0.0,0.0,0.0,0,0,0,1,180,0,0,0
TF,CK613,30.097167,106.772889,0,IOS,0.0,0.0,0.0,0.0,2,6890,0,0,0,0,1,0

APPTR,I20RZ,20R,MP4
IF,MP4,30.143833,106.932444, ,0.0,0.0,2,6890,0,1,200,0,1,0
TF,CK614,30.178444,106.801333,0, ,0.0,0.0,0.0,0.0,0,0,0,1,180,0,0,0
TF,CK613,30.097167,106.772889,0,IOS,0.0,0.0,0.0,0.0,2,6890,0,0,0,0,1,0

FINAL,I20RZ,20R,I,3
IF,CK613,30.097167,106.772889,IOS,19.8,24.6,2,6890,0,0,0,0,0,0
CF,FI20R,30.008642,106.742083,0,IOS,19.8,19.1,200.0,5.5,1,6890,0,0,0,0,2,0
CF,RW20R,29.732831,106.646314,0,IOS,19.8,1.8,200.0,17.3,1,1398,0,0,0,0,3,0
CF,CK610,29.665389,106.623000,0,CKG,201.1,5.1,200.0,4.2,2,1970,0,0,0,0,0,0
CA,0,215.0,2,5910,0,0,0,0,0,0
DF,CK915,29.864528,106.562250,2, ,0.0,0.0,0,0,0,1,200,0,0,0
TF,MP3,30.209833,106.682111,0, ,0.0,0.0,0.0,0.0,2,6890,0,1,200,0,0,0

APPTR,I21LZ,21L,MP3
IF,MP3,30.209833,106.682111, ,0.0,0.0,2,6890,0,1,200,0,1,0
TF,CK644,30.172306,106.824667,0, ,0.0,0.0,0.0,0.0,0,0,0,1,180,0,0,0
TF,CK643,30.091639,106.796389,0,IUC,0.0,0.0,0.0,0.0,2,5910,0,0,0,0,1,0

APPTR,I21LZ,21L,MP4
IF,MP4,30.143833,106.932444, ,0.0,0.0,2,5910,0,1,200,0,1,0
TF,CK644,30.172306,106.824667,0, ,0.0,0.0,0.0,0.0,0,0,0,1,180,0,0,0
TF,CK643,30.091639,106.796389,0,IUC,0.0,0.0,0.0,0.0,2,5910,0,0,0,0,1,0

FINAL,I21LZ,21L,I,3
IF,CK643,30.091639,106.796389,IUC,19.8,23.4,2,5910,0,0,0,0,0,0
CF,FI21L,29.976250,106.757161,0,IUC,19.9,16.2,200.0,7.2,1,5910,0,0,0,0,2,0
CF,RW21L,29.748614,106.677528,0,IUC,19.9,1.9,200.0,14.2,1,1357,0,0,0,0,3,0
CF,CK640,29.693889,106.658528,0,CKG,178.1,3.2,200.0,3.4,2,1970,0,0,0,0,0,0
CA,0,170.0,2,4930,0,0,0,0,0,0
DF,CK815,29.798639,106.811917,1, ,0.0,0.0,0,0,0,1,200,0,0,0
TF,MP4,30.143833,106.932444,0, ,0.0,0.0,0.0,0.0,2,5910,0,1,200,0,0,0

APPTR,I21RZ,21R,MP3
IF,MP3,30.209833,106.682111, ,0.0,0.0,2,6890,0,1,200,0,1,0
TF,CK634,30.173333,106.820833,0, ,0.0,0.0,0.0,0.0,0,0,0,1,180,0,0,0
TF,CK633,30.092528,106.792583,0,ICO,0.0,0.0,0.0,0.0,2,5910,0,0,0,0,1,0

APPTR,I21RZ,21R,MP4
IF,MP4,30.143833,106.932444, ,0.0,0.0,2,5910,0,1,200,0,1,0
TF,CK634,30.173333,106.820833,0, ,0.0,0.0,0.0,0.0,0,0,0,1,180,0,0,0
TF,CK633,30.092528,106.792583,0,ICO,0.0,0.0,0.0,0.0,2,5910,0,0,0,0,1,0

FINAL,I21RZ,21R,I,3
IF,CK633,30.092528,106.792583,ICO,19.8,23.8,2,5910,0,0,0,0,0,0
CF,FI21R,29.976364,106.753036,0,ICO,19.9,16.6,200.0,7.3,1,5910,0,0,0,0,2,0
CF,RW21R,29.747125,106.672897,0,ICO,19.9,2.2,200.0,14.3,1,1357,0,0,0,0,3,0
CF,CK630,29.696583,106.655333,0,CKG,181.0,3.0,200.0,3.2,2,1910,0,0,0,0,0,0
CA,0,170.0,2,4930,0,0,0,0,0,0
DF,CK815,29.798639,106.811917,1, ,0.0,0.0,0,0,0,1,200,0,0,0
TF,MP4,30.143833,106.932444,0, ,0.0,0.0,0.0,0.0,2,5910,0,1,200,0,0,0

