SID,ATVA5H,11,5
CF,TT460,30.298778,104.506083,0,ZGA,215.8,21.1,115.0,1.0,0,0,0,0,0,0,0,1
TF,TT432,30.260028,104.615194,0, ,0.0,0.0,0.0,0.0,0,0,0,0,0,0,0,1
DF,ATVAX,29.503333,105.023611,0, ,0.0,0.0,0,0,0,0,0,0,0,0

SID,ATVA6R,02,5
CF,TT410,30.319833,104.458278,0,ZGA,223.1,21.6,25.0,1.0,0,0,0,0,0,0,0,1
CF,TT411,30.359611,104.493167,0,ZGA,223.7,18.6,40.0,3.0,0,0,0,0,0,0,0,0
TF,ZGA,30.591667,104.731667,0, ,0.0,0.0,0.0,0.0,0,0,0,0,0,0,0,1
DF,ATVAX,29.503333,105.023611,2, ,0.0,0.0,0,0,0,0,0,0,0,0

SID,ATVA7D,01,5
CF,TT511,30.326333,104.434389,0,ZGA,226.2,22.1,25.0,1.0,0,0,0,0,0,0,0,1
CF,TT401,30.394806,104.444417,0,ZGA,233.7,19.0,10.0,4.0,0,0,0,0,0,0,0,0
TF,TT402,30.689028,104.632639,0, ,0.0,0.0,0.0,0.0,0,0,0,0,0,0,0,1
DF,ATVAX,29.503333,105.023611,2, ,0.0,0.0,0,0,0,0,0,0,0,0

SID,ATVA9G,01,4
CF,TT511,30.326333,104.434389,0,ZGA,226.2,22.1,25.0,1.0,0,0,0,0,0,0,0,1
CF,TT401,30.394806,104.444417,0,ZGA,233.7,19.0,10.0,4.0,0,0,0,0,0,0,0,0
TF,TT402,30.689028,104.632639,0, ,0.0,0.0,0.0,0.0,0,0,0,0,0,0,0,1
DF,TT461,30.188083,104.816917,2, ,0.0,0.0,0,0,0,0,0,0,0,0
TF,TT462,30.022333,104.845056,0, ,0.0,0.0,0.0,0.0,0,0,0,0,0,0,0,0
TF,TT463,29.946667,104.857889,0, ,0.0,0.0,0.0,0.0,0,0,0,0,0,0,0,0
TF,TT423,29.674861,104.959667,0, ,0.0,0.0,0.0,0.0,0,0,0,0,0,0,0,0

SID,ATVA9G,02,4
CF,TT410,30.319833,104.458278,0,ZGA,223.1,21.6,25.0,1.0,0,0,0,0,0,0,0,1
CF,TT411,30.359611,104.493167,0,ZGA,223.7,18.6,40.0,3.0,0,0,0,0,0,0,0,0
TF,ZGA,30.591667,104.731667,0, ,0.0,0.0,0.0,0.0,0,0,0,0,0,0,0,1
DF,TT461,30.188083,104.816917,2, ,0.0,0.0,0,0,0,0,0,0,0,0
TF,TT462,30.022333,104.845056,0, ,0.0,0.0,0.0,0.0,0,0,0,0,0,0,0,0
TF,TT463,29.946667,104.857889,0, ,0.0,0.0,0.0,0.0,0,0,0,0,0,0,0,0
TF,TT423,29.674861,104.959667,0, ,0.0,0.0,0.0,0.0,0,0,0,0,0,0,0,0

SID,ATVA9G,11,4
CF,TT460,30.298778,104.506083,0,ZGA,215.8,21.1,115.0,1.0,0,0,0,0,0,0,0,1
TF,TT461,30.188083,104.816917,0, ,0.0,0.0,0.0,0.0,0,0,0,0,0,0,0,0
TF,TT462,30.022333,104.845056,0, ,0.0,0.0,0.0,0.0,0,0,0,0,0,0,0,0
TF,TT463,29.946667,104.857889,0, ,0.0,0.0,0.0,0.0,0,0,0,0,0,0,0,0
TF,TT423,29.674861,104.959667,0, ,0.0,0.0,0.0,0.0,0,0,0,0,0,0,0,0

SID,ATVA9G,19,4
CF,TT501,30.287917,104.416361,0,ZGA,224.1,24.5,205.0,1.0,0,0,0,0,0,0,0,1
TF,TT431,30.039778,104.300083,0, ,0.0,0.0,0.0,0.0,0,0,0,0,0,0,0,1
DF,TT423,29.674861,104.959667,0, ,0.0,0.0,0,0,0,0,0,0,0,0

SID,ATVA9G,20,4
CF,TT601,30.269278,104.434528,0,ZGA,220.7,24.7,205.0,1.0,0,0,0,0,0,0,0,1
CF,TT421,30.098944,104.409806,0,ZGA,211.6,33.9,190.0,10.0,0,0,0,0,0,0,0,1
DF,TT423,29.674861,104.959667,0, ,0.0,0.0,0,0,0,0,0,0,0,0

SID,ATVA9G,ALL,5
IF,TT423,29.674861,104.959667, ,0.0,0.0,0,0,0,0,0,0,0,0
TF,ATVAX,29.503333,105.023611,0, ,0.0,0.0,0.0,0.0,0,0,0,0,0,0,0,0

SID,ATVAM5,11,2
DF,DER11,30.301739,104.496250,0, ,0.0,0.0,0,0,0,0,0,0,0,1
CF,D356R,30.230761,104.703139,0,ZYG,356.0,17.5,115.0,11.0,0,0,0,0,0,0,0,1
VI,0, ,0.0,140.0,0,0,0,0,0,0,0,0
CF,ZYG,29.940000,104.738333,0,ZYG,0.0,0.0,185.0,16.0,0,0,0,0,0,0,0,0
TF,ATVAX,29.503333,105.023611,0, ,0.0,0.0,0.0,0.0,0,0,0,0,0,0,0,0

SID,ATVAN4,11,2
DF,DER11,30.301739,104.496250,0, ,0.0,0.0,0,0,0,0,0,0,0,1
CF,D356R,30.230761,104.703139,0,ZYG,356.0,17.5,115.0,11.0,0,0,0,0,0,0,0,1
VI,0, ,0.0,140.0,0,0,0,0,0,0,0,0
CF,ZYG,29.940000,104.738333,0,ZYG,0.0,0.0,185.0,16.0,0,0,0,0,0,0,0,0
TF,ATVAX,29.503333,105.023611,0, ,0.0,0.0,0.0,0.0,0,0,0,0,0,0,0,0

SID,ATVAR9,01,2
DF,DER01,30.323833,104.433222,0, ,0.0,0.0,0,0,0,0,0,0,0,1
CD, ,0,0,0,WFX,0,0.0,10.0,8.9,0,0,0,0,0,0,0,0
CF,WFX,30.606667,104.491667,0,WFX,0.0,0.0,13.0,9.0,0,0,0,0,0,0,0,0
CD, ,0,0,0,WFX,0,0.0,53.0,9.0,0,0,0,0,0,0,0,0
DF,ZYG,29.940000,104.738333,2, ,0.0,0.0,0,0,0,0,0,0,0,0
TF,ATVAX,29.503333,105.023611,0, ,0.0,0.0,0.0,0.0,0,0,0,0,0,0,0,0

SID,ATVAT8,02,2
CF,D025C,30.320200,104.459269,0,ZGA,223.1,21.5,25.0,2.0,0,0,0,0,0,0,0,1
CD, ,0,0,0,ITV,0,0.0,40.0,5.5,0,0,0,0,0,0,0,0
CF,ZGA,30.591667,104.731667,0,ZGA,0.0,0.0,44.0,18.0,0,0,0,0,0,0,0,1
DF,ZYG,29.940000,104.738333,2, ,0.0,0.0,0,0,0,0,0,0,0,0
TF,ATVAX,29.503333,105.023611,0, ,0.0,0.0,0.0,0.0,0,0,0,0,0,0,0,0

SID,ATVAU7,20,2
DF,DER20,30.277639,104.438444,0, ,0.0,0.0,0,0,0,0,0,0,0,1
CD, ,0,0,0,IFM,0,0.0,205.0,2.1,0,0,0,0,0,0,0,0
CD, ,0,0,0,IFM,0,0.0,190.0,16.5,0,0,0,0,0,0,0,0
CI,0, ,0.0,156.0,0,0,0,0,0,0,0,0
CF,ATVAX,29.503333,105.023611,0,HLC,126.3,84.2,126.0,32.0,0,0,0,0,0,0,0,0

SID,ATVAW6,19,2
CD, ,0,0,0,ICT,0,0.0,205.0,17.0,0,0,0,0,0,0,0,0
CI,0, ,0.0,156.0,0,0,0,0,0,0,0,0
CF,ATVAX,29.503333,105.023611,0,HLC,126.3,84.2,126.0,40.0,0,0,0,0,0,0,0,0

SID,BOKR5H,11,5
CF,TT460,30.298778,104.506083,0,ZGA,215.8,21.1,115.0,1.0,0,0,0,0,0,0,0,1
CA,0,100.0,2,2630,0,0,0,0,0,0
DF,TT466,30.526917,104.818139,0, ,0.0,0.0,0,0,0,0,0,0,0,0
TF,BOKIR,31.767778,104.349722,0, ,0.0,0.0,0.0,0.0,0,0,0,0,0,0,0,0

SID,BOKR6R,02,5
CF,TT410,30.319833,104.458278,0,CZH,117.8,44.5,25.0,1.0,0,0,0,0,0,0,0,1
CF,TT411,30.359611,104.493167,0,ZGA,223.7,18.6,40.0,3.0,0,0,0,0,0,0,0,0
TF,ZGA,30.591667,104.731667,0, ,0.0,0.0,0.0,0.0,0,0,0,0,0,0,0,1
DF,BOKIR,31.767778,104.349722,0, ,0.0,0.0,0,0,0,0,0,0,0,0

SID,BOKR7D,01,5
CF,TT511,30.326333,104.434389,0,ZGA,226.2,22.1,25.0,1.0,0,0,0,0,0,0,0,1
CF,TT401,30.394806,104.444417,0,CZH,112.7,42.0,10.0,4.0,0,0,0,0,0,0,0,0
TF,TT402,30.689028,104.632639,0, ,0.0,0.0,0.0,0.0,0,0,0,0,0,0,0,1
DF,BOKIR,31.767778,104.349722,0, ,0.0,0.0,0,0,0,0,0,0,0,0

SID,BOKR8J,11,5
CF,TT460,30.298778,104.506083,0,ZGA,215.8,21.1,115.0,1.0,0,0,0,0,0,0,0,1
TF,TT461,30.188083,104.816917,0, ,0.0,0.0,0.0,0.0,0,0,0,0,0,0,0,0
TF,TT468,30.339583,104.888833,0, ,0.0,0.0,0.0,0.0,0,0,0,0,0,0,0,0
TF,TT469,30.479111,104.771250,0, ,0.0,0.0,0.0,0.0,0,0,0,0,0,0,0,0
TF,CDX,31.250000,104.380000,0, ,0.0,0.0,0.0,0.0,0,0,0,0,0,0,0,0
TF,BOKIR,31.767778,104.349722,0, ,0.0,0.0,0.0,0.0,0,0,0,0,0,0,0,0

SID,BOKR9G,01,4
CF,TT511,30.326333,104.434389,0,ZGA,226.2,22.1,25.0,1.0,0,0,0,0,0,0,0,1
CF,TT401,30.394806,104.444417,0,ZGA,233.7,19.0,10.0,4.0,0,0,0,0,0,0,0,0
TF,TT402,30.689028,104.632639,0, ,0.0,0.0,0.0,0.0,0,0,0,0,0,0,0,1
DF,CDX,31.250000,104.380000,0, ,0.0,0.0,0,0,0,0,0,0,0,0

SID,BOKR9G,02,4
CF,TT410,30.319833,104.458278,0,ZGA,223.1,21.6,25.0,1.0,0,0,0,0,0,0,0,1
CF,TT411,30.359611,104.493167,0,ZGA,223.7,18.6,40.0,3.0,0,0,0,0,0,0,0,0
TF,ZGA,30.591667,104.731667,0, ,0.0,0.0,0.0,0.0,0,0,0,0,0,0,0,1
DF,CDX,31.250000,104.380000,0, ,0.0,0.0,0,0,0,0,0,0,0,0

SID,BOKR9G,11,4
CF,TT460,30.298778,104.506083,0,ZGA,215.8,21.1,115.0,1.0,0,0,0,0,0,0,0,1
CA,0,100.0,2,2630,0,0,0,0,0,0
DF,TT466,30.526917,104.818139,0, ,0.0,0.0,0,0,0,0,0,0,0,1
DF,CDX,31.250000,104.380000,0, ,0.0,0.0,0,0,0,0,0,0,0,0

SID,BOKR9G,19,4
CF,TT501,30.287917,104.416361,0,ZGA,224.1,24.5,205.0,1.0,0,0,0,0,0,0,0,1
TF,TT431,30.039778,104.300083,0, ,0.0,0.0,0.0,0.0,0,0,0,0,0,0,0,1
DF,TT432,30.260028,104.615194,1, ,0.0,0.0,0,0,0,0,0,0,0,0
TF,TT433,30.415944,104.519167,0, ,0.0,0.0,0.0,0.0,0,0,0,0,0,0,0,0
TF,CDX,31.250000,104.380000,0, ,0.0,0.0,0.0,0.0,0,0,0,0,0,0,0,0

SID,BOKR9G,20,4
CF,TT601,30.269278,104.434528,0,ZGA,220.7,24.7,205.0,1.0,0,0,0,0,0,0,0,1
CF,TT421,30.098944,104.409806,0,ZGA,211.6,33.9,190.0,10.0,0,0,0,0,0,0,0,1
DF,TT432,30.260028,104.615194,1, ,0.0,0.0,0,0,0,0,0,0,0,0
TF,TT433,30.415944,104.519167,0, ,0.0,0.0,0.0,0.0,0,0,0,0,0,0,0,0
TF,CDX,31.250000,104.380000,0, ,0.0,0.0,0.0,0.0,0,0,0,0,0,0,0,0

SID,BOKR9G,ALL,5
IF,CDX,31.250000,104.380000, ,0.0,0.0,0,0,0,0,0,0,0,0
TF,BOKIR,31.767778,104.349722,0, ,0.0,0.0,0.0,0.0,0,0,0,0,0,0,0,0

SID,BOKRM5,11,2
DF,DER11,30.301739,104.496250,0, ,0.0,0.0,0,0,0,0,0,0,0,1
CA,0,115.0,2,2630,0,0,0,0,0,0
DF,ZGA,30.591667,104.731667,0, ,0.0,0.0,0,0,0,0,0,0,0,1
DF,CDX,31.250000,104.380000,0, ,0.0,0.0,0,0,0,0,0,0,0,0
TF,BOKIR,31.767778,104.349722,0, ,0.0,0.0,0.0,0.0,0,0,0,0,0,0,0,0

SID,BOKRN4,11,2
DF,DER11,30.301739,104.496250,0, ,0.0,0.0,0,0,0,0,0,0,0,1
CF,D356R,30.230761,104.703139,0,ZYG,356.0,17.5,115.0,11.0,0,0,0,0,0,0,0,1
DF,WFX,30.606667,104.491667,1, ,0.0,0.0,0,0,0,0,0,0,0,0
TF,CDX,31.250000,104.380000,0, ,0.0,0.0,0.0,0.0,0,0,0,0,0,0,0,0
TF,BOKIR,31.767778,104.349722,0, ,0.0,0.0,0.0,0.0,0,0,0,0,0,0,0,0

SID,BOKRR9,01,2
DF,DER01,30.323833,104.433222,0, ,0.0,0.0,0,0,0,0,0,0,0,1
CD, ,0,0,0,WFX,0,0.0,10.0,8.9,0,0,0,0,0,0,0,0
CF,WFX,30.606667,104.491667,0,WFX,0.0,0.0,13.0,9.0,0,0,0,0,0,0,0,0
CD, ,0,0,0,WFX,0,0.0,53.0,9.0,0,0,0,0,0,0,0,0
DF,CDX,31.250000,104.380000,0, ,0.0,0.0,0,0,0,0,0,0,0,0
TF,BOKIR,31.767778,104.349722,0, ,0.0,0.0,0.0,0.0,0,0,0,0,0,0,0,0

SID,BOKRT8,02,2
CF,D025C,30.320200,104.459269,0,ZGA,223.1,21.5,25.0,2.0,0,0,0,0,0,0,0,1
CD, ,0,0,0,ITV,0,0.0,40.0,5.5,0,0,0,0,0,0,0,0
CF,ZGA,30.591667,104.731667,0,ZGA,0.0,0.0,44.0,18.0,0,0,0,0,0,0,0,1
DF,CDX,31.250000,104.380000,0, ,0.0,0.0,0,0,0,0,0,0,0,0
TF,BOKIR,31.767778,104.349722,0, ,0.0,0.0,0.0,0.0,0,0,0,0,0,0,0,0

SID,BOKRU7,20,2
DF,DER20,30.277639,104.438444,0, ,0.0,0.0,0,0,0,0,0,0,0,1
CD, ,0,0,0,IFM,0,0.0,205.0,2.1,0,0,0,0,0,0,0,0
CD, ,0,0,0,IFM,0,0.0,190.0,16.5,0,0,0,0,0,0,0,0
VI,1, ,0.0,66.0,0,0,0,0,0,0,0,0
CF,D201T,30.280858,104.608378,0,WFX,164.7,20.4,21.0,17.0,0,0,0,0,0,0,0,0
TF,WFX,30.606667,104.491667,0, ,0.0,0.0,0.0,0.0,0,0,0,0,0,0,0,0
TF,CDX,31.250000,104.380000,0, ,0.0,0.0,0.0,0.0,0,0,0,0,0,0,0,0
TF,BOKIR,31.767778,104.349722,0, ,0.0,0.0,0.0,0.0,0,0,0,0,0,0,0,0

SID,BOKRW6,19,2
CD, ,0,0,0,ICT,0,0.0,205.0,17.0,0,0,0,0,0,0,0,0
CI,1, ,0.0,51.0,0,0,0,0,0,0,0,0
CF,D201T,30.280858,104.608378,0,WFX,164.7,20.4,21.0,7.0,0,0,0,0,0,0,0,0
TF,WFX,30.606667,104.491667,0, ,0.0,0.0,0.0,0.0,0,0,0,0,0,0,0,0
TF,CDX,31.250000,104.380000,0, ,0.0,0.0,0.0,0.0,0,0,0,0,0,0,0,0
TF,BOKIR,31.767778,104.349722,0, ,0.0,0.0,0.0,0.0,0,0,0,0,0,0,0,0

SID,LUVE5H,11,5
CF,TT460,30.298778,104.506083,0,ZGA,215.8,21.1,115.0,1.0,0,0,0,0,0,0,0,1
TF,TT432,30.260028,104.615194,0, ,0.0,0.0,0.0,0.0,0,0,0,0,0,0,0,1
DF,LUVEN,29.389722,104.033333,2, ,0.0,0.0,0,0,0,0,0,0,0,0

SID,LUVE6R,02,5
CF,TT410,30.319833,104.458278,0,ZGA,223.1,21.6,25.0,1.0,0,0,0,0,0,0,0,1
CF,TT411,30.359611,104.493167,0,ZGA,223.7,18.6,40.0,3.0,0,0,0,0,0,0,0,0
TF,ZGA,30.591667,104.731667,0, ,0.0,0.0,0.0,0.0,0,0,0,0,0,0,0,1
DF,LUVEN,29.389722,104.033333,2, ,0.0,0.0,0,0,0,0,0,0,0,0

SID,LUVE7D,01,5
CF,TT511,30.326333,104.434389,0,ZGA,226.2,22.1,25.0,1.0,0,0,0,0,0,0,0,1
CF,TT401,30.394806,104.444417,0,ZGA,233.7,19.0,10.0,4.0,0,0,0,0,0,0,0,0
TF,TT402,30.689028,104.632639,0, ,0.0,0.0,0.0,0.0,0,0,0,0,0,0,0,1
DF,LUVEN,29.389722,104.033333,2, ,0.0,0.0,0,0,0,0,0,0,0,0

SID,LUVE8J,11,5
CF,TT460,30.298778,104.506083,0,ZGA,215.8,21.1,115.0,1.0,0,0,0,0,0,0,0,1
TF,TT461,30.188083,104.816917,0, ,0.0,0.0,0.0,0.0,0,0,0,0,0,0,0,0
TF,TT462,30.022333,104.845056,0, ,0.0,0.0,0.0,0.0,0,0,0,0,0,0,0,0
TF,LUVEN,29.389722,104.033333,0, ,0.0,0.0,0.0,0.0,0,0,0,0,0,0,0,0

SID,LUVE9G,01,4
CF,TT511,30.326333,104.434389,0,ZGA,226.2,22.1,25.0,1.0,0,0,0,0,0,0,0,1
CF,TT401,30.394806,104.444417,0,ZGA,233.7,19.0,10.0,4.0,0,0,0,0,0,0,0,0
TF,TT402,30.689028,104.632639,0, ,0.0,0.0,0.0,0.0,0,0,0,0,0,0,0,1
DF,TT422,29.693778,104.194028,2, ,0.0,0.0,0,0,0,0,0,0,0,0

SID,LUVE9G,02,4
CF,TT410,30.319833,104.458278,0,ZGA,223.1,21.6,25.0,1.0,0,0,0,0,0,0,0,1
CF,TT411,30.359611,104.493167,0,ZGA,223.7,18.6,40.0,3.0,0,0,0,0,0,0,0,0
TF,ZGA,30.591667,104.731667,0, ,0.0,0.0,0.0,0.0,0,0,0,0,0,0,0,1
DF,TT422,29.693778,104.194028,2, ,0.0,0.0,0,0,0,0,0,0,0,0

SID,LUVE9G,19,4
CF,TT501,30.287917,104.416361,0,ZGA,224.1,24.5,205.0,1.0,0,0,0,0,0,0,0,1
TF,TT431,30.039778,104.300083,0, ,0.0,0.0,0.0,0.0,0,0,0,0,0,0,0,0
TF,TT422,29.693778,104.194028,0, ,0.0,0.0,0.0,0.0,0,0,0,0,0,0,0,0

SID,LUVE9G,20,4
CF,TT601,30.269278,104.434528,0,ZGA,220.7,24.7,205.0,1.0,0,0,0,0,0,0,0,1
CF,TT421,30.098944,104.409806,0,ZGA,211.6,33.9,190.0,10.0,0,0,0,0,0,0,0,1
DF,TT422,29.693778,104.194028,0, ,0.0,0.0,0,0,0,0,0,0,0,0

SID,LUVE9G,ALL,5
IF,TT422,29.693778,104.194028, ,0.0,0.0,0,0,0,0,0,0,0,0
TF,LUVEN,29.389722,104.033333,0, ,0.0,0.0,0.0,0.0,0,0,0,0,0,0,0,0

SID,LUVEM5,11,2
DF,DER11,30.301739,104.496250,0, ,0.0,0.0,0,0,0,0,0,0,0,1
CF,D356R,30.230761,104.703139,0,ZYG,356.0,17.5,115.0,11.0,0,0,0,0,0,0,0,1
VI,0, ,0.0,140.0,0,0,0,0,0,0,0,0
CF,ZYG,29.940000,104.738333,0,ZYG,0.0,0.0,185.0,16.0,0,0,0,0,0,0,0,0
TF,LUVEN,29.389722,104.033333,0, ,0.0,0.0,0.0,0.0,0,0,0,0,0,0,0,0

SID,LUVEN4,11,2
DF,DER11,30.301739,104.496250,0, ,0.0,0.0,0,0,0,0,0,0,0,1
CF,D356R,30.230761,104.703139,0,ZYG,356.0,17.5,115.0,11.0,0,0,0,0,0,0,0,1
VI,0, ,0.0,140.0,0,0,0,0,0,0,0,0
CF,ZYG,29.940000,104.738333,0,ZYG,0.0,0.0,185.0,16.0,0,0,0,0,0,0,0,0
TF,LUVEN,29.389722,104.033333,0, ,0.0,0.0,0.0,0.0,0,0,0,0,0,0,0,0

SID,LUVER9,01,2
DF,DER01,30.323833,104.433222,0, ,0.0,0.0,0,0,0,0,0,0,0,1
CD, ,0,0,0,WFX,0,0.0,10.0,8.9,0,0,0,0,0,0,0,0
CF,WFX,30.606667,104.491667,0,WFX,0.0,0.0,13.0,9.0,0,0,0,0,0,0,0,0
CD, ,0,0,0,WFX,0,0.0,53.0,9.0,0,0,0,0,0,0,0,0
DF,ZYG,29.940000,104.738333,2, ,0.0,0.0,0,0,0,0,0,0,0,0
TF,LUVEN,29.389722,104.033333,0, ,0.0,0.0,0.0,0.0,0,0,0,0,0,0,0,0

SID,LUVET8,02,2
CF,D025C,30.320200,104.459269,0,ZGA,223.1,21.5,25.0,2.0,0,0,0,0,0,0,0,1
CD, ,0,0,0,ITV,0,0.0,40.0,5.5,0,0,0,0,0,0,0,0
CF,ZGA,30.591667,104.731667,0,ZGA,0.0,0.0,44.0,18.0,0,0,0,0,0,0,0,1
DF,ZYG,29.940000,104.738333,2, ,0.0,0.0,0,0,0,0,0,0,0,0
TF,LUVEN,29.389722,104.033333,0, ,0.0,0.0,0.0,0.0,0,0,0,0,0,0,0,0

SID,LUVEU7,20,2
DF,DER20,30.277639,104.438444,0, ,0.0,0.0,0,0,0,0,0,0,0,1
CD, ,0,0,0,IFM,0,0.0,205.0,2.1,0,0,0,0,0,0,0,0
CD, ,0,0,0,IFM,0,0.0,190.0,16.5,0,0,0,0,0,0,0,0
CI,0, ,0.0,229.0,0,0,0,0,0,0,0,0
CF,LUVEN,29.389722,104.033333,0,WFX,200.3,76.7,199.0,30.0,0,0,0,0,0,0,0,0

SID,LUVEW6,19,2
CD, ,0,0,0,ICT,0,0.0,205.0,17.0,0,0,0,0,0,0,0,0
CI,0, ,0.0,205.0,0,0,0,0,0,0,0,0
CF,LUVEN,29.389722,104.033333,0,WFX,200.3,76.7,199.0,27.0,0,0,0,0,0,0,0,0

SID,MUMG8J,11,5
CF,TT460,30.298778,104.506083,0,ZGA,215.8,21.1,115.0,1.0,0,0,0,0,0,0,0,1
TF,TT461,30.188083,104.816917,0, ,0.0,0.0,0.0,0.0,0,0,0,0,0,0,0,0
TF,TT468,30.339583,104.888833,0, ,0.0,0.0,0.0,0.0,0,0,0,0,0,0,0,0
TF,TT469,30.479111,104.771250,0, ,0.0,0.0,0.0,0.0,0,0,0,0,0,0,0,0
TF,BHS,30.511667,104.200000,0, ,0.0,0.0,0.0,0.0,0,0,0,0,0,0,0,0
TF,CTU,30.573333,103.943333,0, ,0.0,0.0,0.0,0.0,0,0,0,0,0,0,0,0
TF,CZH,30.645000,103.686667,0, ,0.0,0.0,0.0,0.0,0,0,0,0,0,0,0,0
TF,MUMGO,30.806111,103.016944,0, ,0.0,0.0,0.0,0.0,0,0,0,0,0,0,0,0

SID,MUMG9G,01,4
CF,TT511,30.326333,104.434389,0,ZGA,226.2,22.1,25.0,1.0,0,0,0,0,0,0,0,1
CF,TT401,30.394806,104.444417,0,ZGA,233.7,19.0,10.0,4.0,0,0,0,0,0,0,0,0
TF,TT402,30.689028,104.632639,0, ,0.0,0.0,0.0,0.0,0,0,0,0,0,0,0,1
DF,BHS,30.511667,104.200000,1, ,0.0,0.0,0,0,0,0,0,0,0,0

SID,MUMG9G,02,4
CF,TT410,30.319833,104.458278,0,ZGA,223.1,21.6,25.0,1.0,0,0,0,0,0,0,0,1
CF,TT411,30.359611,104.493167,0,ZGA,223.7,18.6,40.0,3.0,0,0,0,0,0,0,0,0
TF,ZGA,30.591667,104.731667,0, ,0.0,0.0,0.0,0.0,0,0,0,0,0,0,0,1
DF,BHS,30.511667,104.200000,1, ,0.0,0.0,0,0,0,0,0,0,0,0

SID,MUMG9G,11,4
CF,TT460,30.298778,104.506083,0,ZGA,215.8,21.1,115.0,1.0,0,0,0,0,0,0,0,1
CA,0,100.0,2,2630,0,0,0,0,0,0
DF,TT466,30.526917,104.818139,0, ,0.0,0.0,0,0,0,0,0,0,0,1
DF,BHS,30.511667,104.200000,1, ,0.0,0.0,0,0,0,0,0,0,0,0

SID,MUMG9G,19,4
CF,TT501,30.287917,104.416361,0,ZGA,224.1,24.5,205.0,1.0,0,0,0,0,0,0,0,1
TF,TT431,30.039778,104.300083,0, ,0.0,0.0,0.0,0.0,0,0,0,0,0,0,0,1
DF,TT432,30.260028,104.615194,1, ,0.0,0.0,0,0,0,0,0,0,0,0
TF,BHS,30.511667,104.200000,1, ,0.0,0.0,0.0,0.0,0,0,0,0,0,0,0,0

SID,MUMG9G,20,4
CF,TT601,30.269278,104.434528,0,ZGA,220.7,24.7,205.0,1.0,0,0,0,0,0,0,0,1
CF,TT421,30.098944,104.409806,0,ZGA,211.6,33.9,190.0,10.0,0,0,0,0,0,0,0,1
DF,TT432,30.260028,104.615194,1, ,0.0,0.0,0,0,0,0,0,0,0,0
TF,BHS,30.511667,104.200000,0, ,0.0,0.0,0.0,0.0,0,0,0,0,0,0,0,0

SID,MUMG9G,ALL,5
IF,BHS,30.511667,104.200000, ,0.0,0.0,0,0,0,0,0,0,0,0
TF,CTU,30.573333,103.943333,0, ,0.0,0.0,0.0,0.0,0,0,0,0,0,0,0,0
TF,CZH,30.645000,103.686667,0, ,0.0,0.0,0.0,0.0,0,0,0,0,0,0,0,0
TF,MUMGO,30.806111,103.016944,0, ,0.0,0.0,0.0,0.0,0,0,0,0,0,0,0,0

SID,MUMGM5,11,2
DF,DER11,30.301739,104.496250,0, ,0.0,0.0,0,0,0,0,0,0,0,1
CA,0,115.0,2,2630,0,0,0,0,0,0
DF,ZGA,30.591667,104.731667,0, ,0.0,0.0,0,0,0,0,0,0,0,1
DF,WFX,30.606667,104.491667,1, ,0.0,0.0,0,0,0,0,0,0,0,0
TF,ZW,30.500000,103.908333,0, ,0.0,0.0,0.0,0.0,0,0,0,0,0,0,0,0
TF,CZH,30.645000,103.686667,0, ,0.0,0.0,0.0,0.0,0,0,0,0,0,0,0,0
TF,MUMGO,30.806111,103.016944,0, ,0.0,0.0,0.0,0.0,0,0,0,0,0,0,0,0

SID,MUMGN4,11,2
DF,DER11,30.301739,104.496250,0, ,0.0,0.0,0,0,0,0,0,0,0,1
CF,D356R,30.230761,104.703139,0,ZYG,356.0,17.5,115.0,11.0,0,0,0,0,0,0,0,1
DF,BHS,30.511667,104.200000,1, ,0.0,0.0,0,0,0,0,0,0,0,0
TF,CTU,30.573333,103.943333,0, ,0.0,0.0,0.0,0.0,0,0,0,0,0,0,0,0
TF,CZH,30.645000,103.686667,0, ,0.0,0.0,0.0,0.0,0,0,0,0,0,0,0,0
TF,MUMGO,30.806111,103.016944,0, ,0.0,0.0,0.0,0.0,0,0,0,0,0,0,0,0

SID,MUMGR9,01,2
DF,DER01,30.323833,104.433222,0, ,0.0,0.0,0,0,0,0,0,0,0,1
CD, ,0,0,0,WFX,0,0.0,10.0,8.9,0,0,0,0,0,0,0,0
CF,WFX,30.606667,104.491667,0,WFX,0.0,0.0,13.0,9.0,0,0,0,0,0,0,0,0
CD, ,0,0,0,WFX,0,0.0,53.0,9.0,0,0,0,0,0,0,0,0
DF,BHS,30.511667,104.200000,1, ,0.0,0.0,0,0,0,0,0,0,0,0
TF,ZW,30.500000,103.908333,0, ,0.0,0.0,0.0,0.0,0,0,0,0,0,0,0,0
TF,CZH,30.645000,103.686667,0, ,0.0,0.0,0.0,0.0,0,0,0,0,0,0,0,0
TF,MUMGO,30.806111,103.016944,0, ,0.0,0.0,0.0,0.0,0,0,0,0,0,0,0,0

SID,MUMGT8,02,2
CF,D025C,30.320200,104.459269,0,ZGA,223.1,21.5,25.0,2.0,0,0,0,0,0,0,0,1
CD, ,0,0,0,ITV,0,0.0,40.0,5.5,0,0,0,0,0,0,0,0
CF,ZGA,30.591667,104.731667,0,ZGA,0.0,0.0,44.0,18.0,0,0,0,0,0,0,0,1
DF,WFX,30.606667,104.491667,1, ,0.0,0.0,0,0,0,0,0,0,0,0
TF,ZW,30.500000,103.908333,0, ,0.0,0.0,0.0,0.0,0,0,0,0,0,0,0,0
TF,CZH,30.645000,103.686667,0, ,0.0,0.0,0.0,0.0,0,0,0,0,0,0,0,0
TF,MUMGO,30.806111,103.016944,0, ,0.0,0.0,0.0,0.0,0,0,0,0,0,0,0,0

SID,MUMGU7,20,2
DF,DER20,30.277639,104.438444,0, ,0.0,0.0,0,0,0,0,0,0,0,1
CD, ,0,0,0,IFM,0,0.0,205.0,2.1,0,0,0,0,0,0,0,0
CD, ,0,0,0,IFM,0,0.0,190.0,16.5,0,0,0,0,0,0,0,0
VI,1, ,0.0,66.0,0,0,0,0,0,0,0,0
CF,D201T,30.280858,104.608378,0,BHS,125.0,25.3,21.0,17.0,0,0,0,0,0,0,0,0
TF,BHS,30.511667,104.200000,0, ,0.0,0.0,0.0,0.0,0,0,0,0,0,0,0,0
TF,CTU,30.573333,103.943333,0, ,0.0,0.0,0.0,0.0,0,0,0,0,0,0,0,0
TF,CZH,30.645000,103.686667,0, ,0.0,0.0,0.0,0.0,0,0,0,0,0,0,0,0
TF,MUMGO,30.806111,103.016944,0, ,0.0,0.0,0.0,0.0,0,0,0,0,0,0,0,0

SID,MUMGW6,19,2
CD, ,0,0,0,ICT,0,0.0,205.0,17.0,0,0,0,0,0,0,0,0
CI,1, ,0.0,51.0,0,0,0,0,0,0,0,0
CF,D201T,30.280858,104.608378,0,BHS,125.0,25.3,21.0,7.0,0,0,0,0,0,0,0,0
TF,BHS,30.511667,104.200000,0, ,0.0,0.0,0.0,0.0,0,0,0,0,0,0,0,0
TF,CTU,30.573333,103.943333,0, ,0.0,0.0,0.0,0.0,0,0,0,0,0,0,0,0
TF,CZH,30.645000,103.686667,0, ,0.0,0.0,0.0,0.0,0,0,0,0,0,0,0,0
TF,MUMGO,30.806111,103.016944,0, ,0.0,0.0,0.0,0.0,0,0,0,0,0,0,0,0

SID,SAGP5H,11,5
CF,TT460,30.298778,104.506083,0,ZGA,215.8,21.1,115.0,1.0,0,0,0,0,0,0,0,1
CA,0,100.0,2,2630,0,0,0,0,0,0
DF,TT466,30.526917,104.818139,0, ,0.0,0.0,0,0,0,0,0,0,0,0
TF,SAGPI,31.054722,105.418611,0, ,0.0,0.0,0.0,0.0,0,0,0,0,0,0,0,0

SID,SAGP6R,02,5
CF,TT410,30.319833,104.458278,0,ZGA,223.1,21.6,25.0,1.0,0,0,0,0,0,0,0,1
CF,TT411,30.359611,104.493167,0,ZGA,223.7,18.6,40.0,3.0,0,0,0,0,0,0,0,0
TF,ZGA,30.591667,104.731667,0, ,0.0,0.0,0.0,0.0,0,0,0,0,0,0,0,1
DF,SAGPI,31.054722,105.418611,0, ,0.0,0.0,0,0,0,0,0,0,0,0

SID,SAGP7D,01,5
CF,TT511,30.326333,104.434389,0,ZGA,226.2,22.1,25.0,1.0,0,0,0,0,0,0,0,1
CF,TT401,30.394806,104.444417,0,ZGA,233.7,19.0,10.0,4.0,0,0,0,0,0,0,0,0
TF,TT402,30.689028,104.632639,0, ,0.0,0.0,0.0,0.0,0,0,0,0,0,0,0,1
DF,SAGPI,31.054722,105.418611,0, ,0.0,0.0,0,0,0,0,0,0,0,0

SID,SAGP8J,11,5
CF,TT460,30.298778,104.506083,0,ZGA,215.8,21.1,115.0,1.0,0,0,0,0,0,0,0,1
TF,TT461,30.188083,104.816917,0, ,0.0,0.0,0.0,0.0,0,0,0,0,0,0,0,0
TF,TT468,30.339583,104.888833,0, ,0.0,0.0,0.0,0.0,0,0,0,0,0,0,0,0
TF,TT469,30.479111,104.771250,0, ,0.0,0.0,0.0,0.0,0,0,0,0,0,0,0,0
TF,TT470,30.651667,104.854000,0, ,0.0,0.0,0.0,0.0,0,0,0,0,0,0,0,0
TF,TT412,30.886667,104.967167,0, ,0.0,0.0,0.0,0.0,0,0,0,0,0,0,0,0
TF,SAGPI,31.054722,105.418611,0, ,0.0,0.0,0.0,0.0,0,0,0,0,0,0,0,0

SID,SAGP9G,01,4
CF,TT511,30.326333,104.434389,0,ZGA,226.2,22.1,25.0,1.0,0,0,0,0,0,0,0,1
CF,TT401,30.394806,104.444417,0,ZGA,233.7,19.0,10.0,4.0,0,0,0,0,0,0,0,0
TF,TT402,30.689028,104.632639,0, ,0.0,0.0,0.0,0.0,0,0,0,0,0,0,0,0
TF,TT403,30.783667,104.693333,0, ,0.0,0.0,0.0,0.0,0,0,0,0,0,0,0,0
TF,TT412,30.886667,104.967167,0, ,0.0,0.0,0.0,0.0,0,0,0,0,0,0,0,0

SID,SAGP9G,02,4
CF,TT410,30.319833,104.458278,0,ZGA,223.1,21.6,25.0,1.0,0,0,0,0,0,0,0,1
CF,TT411,30.359611,104.493167,0,ZGA,223.7,18.6,40.0,3.0,0,0,0,0,0,0,0,0
TF,ZGA,30.591667,104.731667,0, ,0.0,0.0,0.0,0.0,0,0,0,0,0,0,0,0
TF,TT412,30.886667,104.967167,0, ,0.0,0.0,0.0,0.0,0,0,0,0,0,0,0,0

SID,SAGP9G,11,4
CF,TT460,30.298778,104.506083,0,ZGA,215.8,21.1,115.0,1.0,0,0,0,0,0,0,0,1
CA,0,100.0,2,2630,0,0,0,0,0,0
DF,TT466,30.526917,104.818139,0, ,0.0,0.0,0,0,0,0,0,0,0,0
TF,TT412,30.886667,104.967167,0, ,0.0,0.0,0.0,0.0,0,0,0,0,0,0,0,0

SID,SAGP9G,19,4
CF,TT501,30.287917,104.416361,0,ZGA,224.1,24.5,205.0,1.0,0,0,0,0,0,0,0,1
TF,TT431,30.039778,104.300083,0, ,0.0,0.0,0.0,0.0,0,0,0,0,0,0,0,1
DF,TT432,30.260028,104.615194,1, ,0.0,0.0,0,0,0,0,0,0,0,0
TF,TT433,30.415944,104.519167,0, ,0.0,0.0,0.0,0.0,0,0,0,0,0,0,0,0
TF,TT403,30.783667,104.693333,0, ,0.0,0.0,0.0,0.0,0,0,0,0,0,0,0,0
TF,TT412,30.886667,104.967167,0, ,0.0,0.0,0.0,0.0,0,0,0,0,0,0,0,0

SID,SAGP9G,20,4
CF,TT601,30.269278,104.434528,0,ZGA,220.7,24.7,205.0,1.0,0,0,0,0,0,0,0,1
CF,TT421,30.098944,104.409806,0,ZGA,211.6,33.9,190.0,10.0,0,0,0,0,0,0,0,1
DF,TT432,30.260028,104.615194,1, ,0.0,0.0,0,0,0,0,0,0,0,0
TF,TT433,30.415944,104.519167,0, ,0.0,0.0,0.0,0.0,0,0,0,0,0,0,0,0
TF,TT403,30.783667,104.693333,0, ,0.0,0.0,0.0,0.0,0,0,0,0,0,0,0,0
TF,TT412,30.886667,104.967167,0, ,0.0,0.0,0.0,0.0,0,0,0,0,0,0,0,0

SID,SAGP9G,ALL,5
IF,TT412,30.886667,104.967167, ,0.0,0.0,0,0,0,0,0,0,0,0
TF,SAGPI,31.054722,105.418611,0, ,0.0,0.0,0.0,0.0,0,0,0,0,0,0,0,0

SID,SAGPM5,11,2
DF,DER11,30.301739,104.496250,0, ,0.0,0.0,0,0,0,0,0,0,0,1
CA,0,115.0,2,2630,0,0,0,0,0,0
DF,ZGA,30.591667,104.731667,0, ,0.0,0.0,0,0,0,0,0,0,0,0
TF,D054Y,30.852322,105.119208,0, ,0.0,0.0,0.0,0.0,0,0,0,0,0,0,0,0
TF,SAGPI,31.054722,105.418611,0, ,0.0,0.0,0.0,0.0,0,0,0,0,0,0,0,0

SID,SAGPN4,11,2
DF,DER11,30.301739,104.496250,0, ,0.0,0.0,0,0,0,0,0,0,0,1
CF,D356R,30.230761,104.703139,0,ZYG,356.0,17.5,115.0,11.0,0,0,0,0,0,0,0,1
DF,WFX,30.606667,104.491667,1, ,0.0,0.0,0,0,0,0,0,0,0,0
TF,SAGPI,31.054722,105.418611,2, ,0.0,0.0,0.0,0.0,0,0,0,0,0,0,0,0

SID,SAGPR9,01,2
DF,DER01,30.323833,104.433222,0, ,0.0,0.0,0,0,0,0,0,0,0,1
CD, ,0,0,0,WFX,0,0.0,10.0,8.9,0,0,0,0,0,0,0,0
CF,WFX,30.606667,104.491667,0,WFX,0.0,0.0,13.0,9.0,0,0,0,0,0,0,0,0
CD, ,0,0,0,WFX,0,0.0,53.0,9.0,0,0,0,0,0,0,0,0
CF,D094Y,30.859508,104.864231,0,WFX,53.8,24.5,53.0,16.0,0,0,0,0,0,0,0,0
TF,JTG35,30.991186,105.055892,0, ,0.0,0.0,0.0,0.0,0,0,0,0,0,0,0,0
TF,SAGPI,31.054722,105.418611,0, ,0.0,0.0,0.0,0.0,0,0,0,0,0,0,0,0

SID,SAGPT8,02,2
CF,D025C,30.320200,104.459269,0,ZGA,223.1,21.5,25.0,2.0,0,0,0,0,0,0,0,1
CD, ,0,0,0,ITV,0,0.0,40.0,5.5,0,0,0,0,0,0,0,0
CF,ZGA,30.591667,104.731667,0,ZGA,0.0,0.0,44.0,18.0,0,0,0,0,0,0,0,0
TF,D054Y,30.852322,105.119208,0, ,0.0,0.0,0.0,0.0,0,0,0,0,0,0,0,0
TF,SAGPI,31.054722,105.418611,0, ,0.0,0.0,0.0,0.0,0,0,0,0,0,0,0,0

SID,SAGPU7,20,2
DF,DER20,30.277639,104.438444,0, ,0.0,0.0,0,0,0,0,0,0,0,1
CD, ,0,0,0,IFM,0,0.0,205.0,2.1,0,0,0,0,0,0,0,0
CD, ,0,0,0,IFM,0,0.0,190.0,16.5,0,0,0,0,0,0,0,0
VI,1, ,0.0,66.0,0,0,0,0,0,0,0,0
CF,D201T,30.280858,104.608378,0,ZGA,201.0,19.7,21.0,17.0,0,0,0,0,0,0,0,0
TF,ZGA,30.591667,104.731667,0, ,0.0,0.0,0.0,0.0,0,0,0,0,0,0,0,0
TF,SAGPI,31.054722,105.418611,0, ,0.0,0.0,0.0,0.0,0,0,0,0,0,0,0,0

SID,SAGPW6,19,2
CD, ,0,0,0,ICT,0,0.0,205.0,17.0,0,0,0,0,0,0,0,0
CI,1, ,0.0,51.0,0,0,0,0,0,0,0,0
CF,D201T,30.280858,104.608378,0,ZGA,201.0,19.7,21.0,7.0,0,0,0,0,0,0,0,0
TF,ZGA,30.591667,104.731667,0, ,0.0,0.0,0.0,0.0,0,0,0,0,0,0,0,0
TF,SAGPI,31.054722,105.418611,0, ,0.0,0.0,0.0,0.0,0,0,0,0,0,0,0,0

SID,UBRA5H,11,5
CF,TT460,30.298778,104.506083,0,ZGA,215.8,21.1,115.0,1.0,0,0,0,0,0,0,0,1
CA,0,100.0,2,2630,0,0,0,0,0,0
DF,TT466,30.526917,104.818139,0, ,0.0,0.0,0,0,0,0,0,0,0,0
TF,UBRAB,30.843056,105.419722,0, ,0.0,0.0,0.0,0.0,0,0,0,0,0,0,0,0

SID,UBRA6R,02,5
CF,TT410,30.319833,104.458278,0,ZGA,223.1,21.6,25.0,1.0,0,0,0,0,0,0,0,1
CF,TT411,30.359611,104.493167,0,ZGA,223.7,18.6,40.0,3.0,0,0,0,0,0,0,0,0
TF,ZGA,30.591667,104.731667,0, ,0.0,0.0,0.0,0.0,0,0,0,0,0,0,0,1
DF,UBRAB,30.843056,105.419722,0, ,0.0,0.0,0,0,0,0,0,0,0,0

SID,UBRA7D,01,5
CF,TT511,30.326333,104.434389,0,ZGA,226.2,22.1,25.0,1.0,0,0,0,0,0,0,0,1
CF,TT401,30.394806,104.444417,0,CZH,112.7,42.0,10.0,4.0,0,0,0,0,0,0,0,0
TF,TT402,30.689028,104.632639,0, ,0.0,0.0,0.0,0.0,0,0,0,0,0,0,0,1
DF,UBRAB,30.843056,105.419722,0, ,0.0,0.0,0,0,0,0,0,0,0,0

SID,UBRA8J,11,5
CF,TT460,30.298778,104.506083,0,ZGA,215.8,21.1,115.0,1.0,0,0,0,0,0,0,0,1
TF,TT461,30.188083,104.816917,0, ,0.0,0.0,0.0,0.0,0,0,0,0,0,0,0,0
TF,TT468,30.339583,104.888833,0, ,0.0,0.0,0.0,0.0,0,0,0,0,0,0,0,0
TF,TT469,30.479111,104.771250,0, ,0.0,0.0,0.0,0.0,0,0,0,0,0,0,0,0
TF,TT470,30.651667,104.854000,0, ,0.0,0.0,0.0,0.0,0,0,0,0,0,0,0,0
TF,TT467,30.749222,105.047417,0, ,0.0,0.0,0.0,0.0,0,0,0,0,0,0,0,0
TF,UBRAB,30.843056,105.419722,0, ,0.0,0.0,0.0,0.0,0,0,0,0,0,0,0,0

SID,UBRA9G,01,4
CF,TT511,30.326333,104.434389,0,ZGA,226.2,22.1,25.0,1.0,0,0,0,0,0,0,0,1
CF,TT401,30.394806,104.444417,0,ZGA,233.7,19.0,10.0,4.0,0,0,0,0,0,0,0,0
TF,TT402,30.689028,104.632639,0, ,0.0,0.0,0.0,0.0,0,0,0,0,0,0,0,0
TF,TT467,30.749222,105.047417,0, ,0.0,0.0,0.0,0.0,0,0,0,0,0,0,0,0

SID,UBRA9G,02,4
CF,TT410,30.319833,104.458278,0,ZGA,223.1,21.6,25.0,1.0,0,0,0,0,0,0,0,1
CF,TT411,30.359611,104.493167,0,ZGA,223.7,18.6,40.0,3.0,0,0,0,0,0,0,0,0
TF,ZGA,30.591667,104.731667,0, ,0.0,0.0,0.0,0.0,0,0,0,0,0,0,0,0
TF,TT467,30.749222,105.047417,0, ,0.0,0.0,0.0,0.0,0,0,0,0,0,0,0,0

SID,UBRA9G,11,4
CF,TT460,30.298778,104.506083,0,ZGA,215.8,21.1,115.0,1.0,0,0,0,0,0,0,0,1
CA,0,100.0,2,2630,0,0,0,0,0,0
DF,TT466,30.526917,104.818139,0, ,0.0,0.0,0,0,0,0,0,0,0,0
TF,TT467,30.749222,105.047417,0, ,0.0,0.0,0.0,0.0,0,0,0,0,0,0,0,0

SID,UBRA9G,19,4
CF,TT501,30.287917,104.416361,0,ZGA,224.1,24.5,205.0,1.0,0,0,0,0,0,0,0,1
TF,TT431,30.039778,104.300083,0, ,0.0,0.0,0.0,0.0,0,0,0,0,0,0,0,1
DF,TT432,30.260028,104.615194,1, ,0.0,0.0,0,0,0,0,0,0,0,0
TF,TT433,30.415944,104.519167,0, ,0.0,0.0,0.0,0.0,0,0,0,0,0,0,0,0
TF,TT434,30.641444,104.625778,0, ,0.0,0.0,0.0,0.0,0,0,0,0,0,0,0,0
TF,TT467,30.749222,105.047417,0, ,0.0,0.0,0.0,0.0,0,0,0,0,0,0,0,0

SID,UBRA9G,20,4
CF,TT601,30.269278,104.434528,0,ZGA,220.7,24.7,205.0,1.0,0,0,0,0,0,0,0,1
CF,TT421,30.098944,104.409806,0,ZGA,211.6,33.9,190.0,10.0,0,0,0,0,0,0,0,1
DF,TT432,30.260028,104.615194,1, ,0.0,0.0,0,0,0,0,0,0,0,0
TF,TT433,30.415944,104.519167,0, ,0.0,0.0,0.0,0.0,0,0,0,0,0,0,0,0
TF,TT434,30.641444,104.625778,0, ,0.0,0.0,0.0,0.0,0,0,0,0,0,0,0,0
TF,TT467,30.749222,105.047417,0, ,0.0,0.0,0.0,0.0,0,0,0,0,0,0,0,0

SID,UBRA9G,ALL,5
IF,TT467,30.749222,105.047417, ,0.0,0.0,0,0,0,0,0,0,0,0
TF,UBRAB,30.843056,105.419722,0, ,0.0,0.0,0.0,0.0,0,0,0,0,0,0,0,0

SID,UBRAM5,11,2
DF,DER11,30.301739,104.496250,0, ,0.0,0.0,0,0,0,0,0,0,0,1
CA,0,115.0,2,2630,0,0,0,0,0,0
DF,ZGA,30.591667,104.731667,0, ,0.0,0.0,0,0,0,0,0,0,0,0
TF,D054Y,30.852322,105.119208,0, ,0.0,0.0,0.0,0.0,0,0,0,0,0,0,0,0
TF,UBRAB,30.843056,105.419722,0, ,0.0,0.0,0.0,0.0,0,0,0,0,0,0,0,0

SID,UBRAN4,11,2
DF,DER11,30.301739,104.496250,0, ,0.0,0.0,0,0,0,0,0,0,0,1
CF,D356R,30.230761,104.703139,0,ZYG,356.0,17.5,115.0,11.0,0,0,0,0,0,0,0,1
DF,WFX,30.606667,104.491667,1, ,0.0,0.0,0,0,0,0,0,0,0,0
TF,UBRAB,30.843056,105.419722,2, ,0.0,0.0,0.0,0.0,0,0,0,0,0,0,0,0

SID,UBRAR9,01,2
DF,DER01,30.323833,104.433222,0, ,0.0,0.0,0,0,0,0,0,0,0,1
CD, ,0,0,0,WFX,0,0.0,10.0,8.9,0,0,0,0,0,0,0,0
CF,WFX,30.606667,104.491667,0,WFX,0.0,0.0,13.0,9.0,0,0,0,0,0,0,0,0
CD, ,0,0,0,WFX,0,0.0,53.0,9.0,0,0,0,0,0,0,0,0
CF,D094Y,30.859508,104.864231,0,WFX,53.8,24.5,53.0,16.0,0,0,0,0,0,0,0,0
TF,UBRAB,30.843056,105.419722,0, ,0.0,0.0,0.0,0.0,0,0,0,0,0,0,0,0

SID,UBRAT8,02,2
CF,D025C,30.320200,104.459269,0,ZGA,223.1,21.5,25.0,2.0,0,0,0,0,0,0,0,1
CD, ,0,0,0,ITV,0,0.0,40.0,5.5,0,0,0,0,0,0,0,0
CF,ZGA,30.591667,104.731667,0,ZGA,0.0,0.0,44.0,18.0,0,0,0,0,0,0,0,0
TF,D054Y,30.852322,105.119208,0, ,0.0,0.0,0.0,0.0,0,0,0,0,0,0,0,0
TF,UBRAB,30.843056,105.419722,0, ,0.0,0.0,0.0,0.0,0,0,0,0,0,0,0,0

SID,UBRAU7,20,2
DF,DER20,30.277639,104.438444,0, ,0.0,0.0,0,0,0,0,0,0,0,1
CD, ,0,0,0,IFM,0,0.0,205.0,2.1,0,0,0,0,0,0,0,0
CD, ,0,0,0,IFM,0,0.0,190.0,16.5,0,0,0,0,0,0,0,0
VI,1, ,0.0,66.0,0,0,0,0,0,0,0,0
CF,D201T,30.280858,104.608378,0,BHS,125.0,25.3,21.0,17.0,0,0,0,0,0,0,0,0
TF,ZGA,30.591667,104.731667,0, ,0.0,0.0,0.0,0.0,0,0,0,0,0,0,0,0
TF,UBRAB,30.843056,105.419722,0, ,0.0,0.0,0.0,0.0,0,0,0,0,0,0,0,0

SID,UBRAW6,19,2
CD, ,0,0,0,ICT,0,0.0,205.0,17.0,0,0,0,0,0,0,0,0
CI,1, ,0.0,51.0,0,0,0,0,0,0,0,0
CF,D201T,30.280858,104.608378,0,ZGA,201.0,19.7,21.0,7.0,0,0,0,0,0,0,0,0
TF,ZGA,30.591667,104.731667,0, ,0.0,0.0,0.0,0.0,0,0,0,0,0,0,0,0
TF,UBRAB,30.843056,105.419722,0, ,0.0,0.0,0.0,0.0,0,0,0,0,0,0,0,0

STAR,AKOP1C,ALL,5
IF,AKOPI,30.496944,105.313056, ,0.0,0.0,0,0,0,0,0,0,0,0
TF,TT841,30.482556,105.182389,0, ,0.0,0.0,0.0,0.0,0,0,0,0,0,0,0,0
TF,TT840,30.460750,104.822722,0, ,0.0,0.0,0.0,0.0,0,0,0,0,0,0,0,0
TF,TT734,30.467972,104.528083,0, ,0.0,0.0,0.0,0.0,0,0,0,0,0,0,0,0
TF,TT922,30.515306,104.394222,0, ,0.0,0.0,0.0,0.0,0,0,0,0,0,0,0,0

STAR,AKOP1C,19,6
IF,TT922,30.515306,104.394222, ,0.0,0.0,0,0,0,0,0,0,0,0
TF,TT923,30.598806,104.433556,0, ,0.0,0.0,0.0,0.0,2,4930,0,1,200,0,0,0

STAR,AKOP1C,20,6
IF,TT922,30.515306,104.394222, ,0.0,0.0,0,0,0,0,0,0,0,0
TF,TT923,30.598806,104.433556,0, ,0.0,0.0,0.0,0.0,2,4930,0,1,200,0,0,0

STAR,AKOP2A,ALL,5
IF,AKOPI,30.496944,105.313056, ,0.0,0.0,0,0,0,0,0,0,0,0
TF,TT841,30.482556,105.182389,0, ,0.0,0.0,0.0,0.0,0,0,0,0,0,0,0,0
TF,TT840,30.460750,104.822722,0, ,0.0,0.0,0.0,0.0,0,0,0,0,0,0,0,0
TF,TT723,30.512194,104.678222,0, ,0.0,0.0,0.0,0.0,0,0,0,0,0,0,0,0

STAR,AKOP2A,19,6
IF,TT723,30.512194,104.678222, ,0.0,0.0,0,0,0,0,0,0,0,0
TF,TT724,30.595639,104.717806,0, ,0.0,0.0,0.0,0.0,2,4930,0,1,200,0,0,0

STAR,AKOP2A,20,6
IF,TT723,30.512194,104.678222, ,0.0,0.0,0,0,0,0,0,0,0,0
TF,TT724,30.595639,104.717806,0, ,0.0,0.0,0.0,0.0,2,4930,0,1,200,0,0,0

STAR,AKOP3K,ALL,5
IF,AKOPI,30.496944,105.313056, ,0.0,0.0,0,0,0,0,0,0,0,0
TF,TT841,30.482556,105.182389,0, ,0.0,0.0,0.0,0.0,2,9850,0,1,220,0,0,0
TF,TT846,30.566417,105.162167,0, ,0.0,0.0,0.0,0.0,0,0,0,0,0,0,0,0
TF,TT847,30.644333,105.114667,0, ,0.0,0.0,0.0,0.0,0,0,0,0,0,0,0,0
TF,TT848,30.706139,105.046000,0, ,0.0,0.0,0.0,0.0,0,0,0,0,0,0,0,0
TF,TT849,30.749444,104.960417,0, ,0.0,0.0,0.0,0.0,2,9850,0,1,220,0,0,0
TF,TT840,30.460750,104.822722,1, ,0.0,0.0,0.0,0.0,2,6890,0,0,0,0,0,0
TF,TT723,30.512194,104.678222,0, ,0.0,0.0,0.0,0.0,0,0,0,0,0,0,0,0

STAR,AKOP3K,19,6
IF,TT723,30.512194,104.678222, ,0.0,0.0,0,0,0,0,0,0,0,0
TF,TT724,30.595639,104.717806,0, ,0.0,0.0,0.0,0.0,2,4930,0,1,200,0,0,0

STAR,AKOP3K,20,6
IF,TT723,30.512194,104.678222, ,0.0,0.0,0,0,0,0,0,0,0,0
TF,TT724,30.595639,104.717806,0, ,0.0,0.0,0.0,0.0,2,4930,0,1,200,0,0,0

STAR,AKOP5E,ALL,5
IF,AKOPI,30.496944,105.313056, ,0.0,0.0,0,0,0,0,0,0,0,0
TF,TT841,30.482556,105.182389,0, ,0.0,0.0,0.0,0.0,0,0,0,0,0,0,0,0
TF,TT842,30.380833,105.045917,0, ,0.0,0.0,0.0,0.0,0,0,0,0,0,0,0,0
TF,TT843,30.320972,104.965833,0, ,0.0,0.0,0.0,0.0,0,0,0,0,0,0,0,0
TF,TT881,30.167667,104.766639,0, ,0.0,0.0,0.0,0.0,3,8860,0,1,220,0,0,0
TF,TT882,30.100333,104.818806,0, ,0.0,0.0,0.0,0.0,0,0,0,0,0,0,0,0
TF,TT883,30.022333,104.845028,0, ,0.0,0.0,0.0,0.0,0,0,0,0,0,0,0,0
TF,TT884,29.941083,104.843278,0, ,0.0,0.0,0.0,0.0,0,0,0,0,0,0,0,0
TF,TT885,29.864167,104.813500,0, ,0.0,0.0,0.0,0.0,0,0,0,0,0,0,0,0
TF,TT886,29.798639,104.758500,0, ,0.0,0.0,0.0,0.0,0,0,0,0,0,0,0,0
TF,TT887,29.750611,104.683472,0, ,0.0,0.0,0.0,0.0,3,8860,0,1,220,0,0,0
TF,TT880,29.986333,104.542417,2, ,0.0,0.0,0.0,0.0,2,6890,0,0,0,0,0,0

STAR,AKOP5E,01,6
IF,TT880,29.986333,104.542417, ,0.0,0.0,2,6890,0,0,0,0,0,0
TF,TT703,30.020472,104.446444,0, ,0.0,0.0,0.0,0.0,2,4930,0,1,200,0,0,0

STAR,AKOP5E,02,6
IF,TT880,29.986333,104.542417, ,0.0,0.0,2,6890,0,0,0,0,0,0
TF,TT703,30.020472,104.446444,0, ,0.0,0.0,0.0,0.0,2,4930,0,1,200,0,0,0

STAR,AKOP6L,ALL,5
IF,AKOPI,30.496944,105.313056, ,0.0,0.0,0,0,0,0,0,0,0,0
TF,TT841,30.482556,105.182389,0, ,0.0,0.0,0.0,0.0,0,0,0,0,0,0,0,0
TF,TT842,30.380833,105.045917,0, ,0.0,0.0,0.0,0.0,0,0,0,0,0,0,0,0
TF,TT843,30.320972,104.965833,0, ,0.0,0.0,0.0,0.0,0,0,0,0,0,0,0,0
TF,TT833,30.238167,104.676667,0, ,0.0,0.0,0.0,0.0,0,0,0,0,0,0,0,0
TF,TT903,30.106694,104.202778,0, ,0.0,0.0,0.0,0.0,0,0,0,0,0,0,0,0

STAR,AKOP6L,01,6
IF,TT903,30.106694,104.202778, ,0.0,0.0,0,0,0,0,0,0,0,0
TF,TT904,30.023111,104.163806,0, ,0.0,0.0,0.0,0.0,2,4930,0,1,200,0,0,0

STAR,AKOP6L,02,6
IF,TT903,30.106694,104.202778, ,0.0,0.0,0,0,0,0,0,0,0,0
TF,TT904,30.023111,104.163806,0, ,0.0,0.0,0.0,0.0,2,4930,0,1,200,0,0,0

STAR,AKOP7T,ALL,5
IF,AKOPI,30.496944,105.313056, ,0.0,0.0,0,0,0,0,0,0,0,0
TF,TT841,30.482556,105.182389,0, ,0.0,0.0,0.0,0.0,0,0,0,0,0,0,0,0

STAR,AKOP7T,01,6
IF,TT841,30.482556,105.182389, ,0.0,0.0,0,0,0,0,0,0,0,0
TF,TD01,29.970361,104.422972,0, ,0.0,0.0,0.0,0.0,2,4930,0,1,200,0,0,0

STAR,AKOP7T,02,6
IF,TT841,30.482556,105.182389, ,0.0,0.0,0,0,0,0,0,0,0,0
TF,TD01,29.970361,104.422972,0, ,0.0,0.0,0.0,0.0,2,4930,0,1,200,0,0,0

STAR,AKOP8M,ALL,5
IF,AKOPI,30.496944,105.313056, ,0.0,0.0,0,0,0,0,0,0,0,0
TF,TT841,30.482556,105.182389,0, ,0.0,0.0,0.0,0.0,0,0,0,0,0,0,0,0
TF,TT842,30.380833,105.045917,0, ,0.0,0.0,0.0,0.0,0,0,0,0,0,0,0,0
TF,TT843,30.320972,104.965833,0, ,0.0,0.0,0.0,0.0,0,0,0,0,0,0,0,0
TF,TT833,30.238167,104.676667,0, ,0.0,0.0,0.0,0.0,0,0,0,0,0,0,0,0
TF,TT702,30.064806,104.493222,0, ,0.0,0.0,0.0,0.0,0,0,0,0,0,0,0,0

STAR,AKOP8M,01,6
IF,TT702,30.064806,104.493222, ,0.0,0.0,0,0,0,0,0,0,0,0
TF,TT703,30.020472,104.446444,0, ,0.0,0.0,0.0,0.0,2,4930,0,1,200,0,0,0

STAR,AKOP8M,02,6
IF,TT702,30.064806,104.493222, ,0.0,0.0,0,0,0,0,0,0,0,0
TF,TT703,30.020472,104.446444,0, ,0.0,0.0,0.0,0.0,2,4930,0,1,200,0,0,0

STAR,AKOPJ2,ALL,2
IF,AKOPI,30.496944,105.313056, ,0.0,0.0,0,0,0,0,0,0,0,0
TF,D103N,30.549650,104.991664,0, ,0.0,0.0,0.0,0.0,0,0,0,0,0,0,0,0

STAR,AKOPJ2,19,3
IF,D103N,30.549650,104.991664, ,0.0,0.0,0,0,0,0,0,0,0,0
TF,ZGA,30.591667,104.731667,0, ,0.0,0.0,0.0,0.0,2,4930,0,1,200,0,0,0

STAR,AKOPJ2,20,3
IF,D103N,30.549650,104.991664, ,0.0,0.0,0,0,0,0,0,0,0,0
TF,ZGA,30.591667,104.731667,0, ,0.0,0.0,0.0,0.0,2,3940,0,1,200,0,0,0

STAR,AKOPL1,ALL,2
IF,AKOPI,30.496944,105.313056, ,0.0,0.0,0,0,0,0,0,0,0,0
TF,D103N,30.549650,104.991664,0, ,0.0,0.0,0.0,0.0,0,0,0,0,0,0,0,0
TF,D022X,30.316683,104.896394,0, ,0.0,0.0,0.0,0.0,0,0,0,0,0,0,0,0
TF,CTU38,30.376878,104.634181,0, ,0.0,0.0,0.0,0.0,0,0,0,0,0,0,0,0

STAR,AKOPL1,01,3
IF,CTU38,30.376878,104.634181, ,0.0,0.0,0,0,0,0,0,0,0,0
TF,ZGA43,29.936158,104.412378,0, ,0.0,0.0,0.0,0.0,2,4930,0,1,200,0,0,0

STAR,AKOPL1,02,3
IF,CTU38,30.376878,104.634181, ,0.0,0.0,0,0,0,0,0,0,0,0
TF,ZGA43,29.936158,104.412378,0, ,0.0,0.0,0.0,0.0,2,3940,0,1,200,0,0,0

STAR,BUPM2A,ALL,5
IF,BUPMI,31.421667,105.289722, ,0.0,0.0,0,0,0,0,0,0,0,0
TF,TT822,31.313250,105.123194,0, ,0.0,0.0,0.0,0.0,0,0,0,0,0,0,0,0
TF,TT849,30.749444,104.960417,0, ,0.0,0.0,0.0,0.0,0,0,0,0,0,0,0,0
TF,TT840,30.460750,104.822722,0, ,0.0,0.0,0.0,0.0,0,0,0,0,0,0,0,0
TF,TT723,30.512194,104.678222,0, ,0.0,0.0,0.0,0.0,0,0,0,0,0,0,0,0

STAR,BUPM2A,19,6
IF,TT723,30.512194,104.678222, ,0.0,0.0,0,0,0,0,0,0,0,0
TF,TT724,30.595639,104.717806,0, ,0.0,0.0,0.0,0.0,2,4930,0,1,200,0,0,0

STAR,BUPM2A,20,6
IF,TT723,30.512194,104.678222, ,0.0,0.0,0,0,0,0,0,0,0,0
TF,TT724,30.595639,104.717806,0, ,0.0,0.0,0.0,0.0,2,4930,0,1,200,0,0,0

STAR,BUPM3K,ALL,5
IF,BUPMI,31.421667,105.289722, ,0.0,0.0,0,0,0,0,0,0,0,0
TF,TT822,31.313250,105.123194,0, ,0.0,0.0,0.0,0.0,0,0,0,0,0,0,0,0
TF,TT825,30.829611,105.018667,0, ,0.0,0.0,0.0,0.0,3,8860,0,1,220,0,0,0
TF,TT826,30.785722,105.103944,0, ,0.0,0.0,0.0,0.0,0,0,0,0,0,0,0,0
TF,TT827,30.727333,105.176556,0, ,0.0,0.0,0.0,0.0,0,0,0,0,0,0,0,0
TF,TT828,30.657056,105.233278,0, ,0.0,0.0,0.0,0.0,0,0,0,0,0,0,0,0
TF,TT829,30.578028,105.271583,0, ,0.0,0.0,0.0,0.0,3,8860,0,1,220,0,0,0
TF,TT840,30.460750,104.822722,2, ,0.0,0.0,0.0,0.0,2,6890,0,0,0,0,0,0
TF,TT723,30.512194,104.678222,0, ,0.0,0.0,0.0,0.0,0,0,0,0,0,0,0,0

STAR,BUPM3K,19,6
IF,TT723,30.512194,104.678222, ,0.0,0.0,0,0,0,0,0,0,0,0
TF,TT724,30.595639,104.717806,0, ,0.0,0.0,0.0,0.0,2,4930,0,1,200,0,0,0

STAR,BUPM3K,20,6
IF,TT723,30.512194,104.678222, ,0.0,0.0,0,0,0,0,0,0,0,0
TF,TT724,30.595639,104.717806,0, ,0.0,0.0,0.0,0.0,2,4930,0,1,200,0,0,0

STAR,BUPM5E,ALL,5
IF,BUPMI,31.421667,105.289722, ,0.0,0.0,0,0,0,0,0,0,0,0
TF,TT821,31.365139,105.202806,0, ,0.0,0.0,0.0,0.0,0,0,0,0,0,0,0,0
TF,TT820,31.116250,105.177833,0, ,0.0,0.0,0.0,0.0,0,0,0,0,0,0,0,0
TF,UT836,30.612722,105.127722,0, ,0.0,0.0,0.0,0.0,0,0,0,0,0,0,0,0
TF,UT832,30.391194,104.906889,0, ,0.0,0.0,0.0,0.0,0,0,0,0,0,0,0,0
TF,TT881,30.167667,104.766639,0, ,0.0,0.0,0.0,0.0,3,8860,0,1,220,0,0,0
TF,TT882,30.100333,104.818806,0, ,0.0,0.0,0.0,0.0,0,0,0,0,0,0,0,0
TF,TT883,30.022333,104.845028,0, ,0.0,0.0,0.0,0.0,0,0,0,0,0,0,0,0
TF,TT884,29.941083,104.843278,0, ,0.0,0.0,0.0,0.0,0,0,0,0,0,0,0,0
TF,TT885,29.864167,104.813500,0, ,0.0,0.0,0.0,0.0,0,0,0,0,0,0,0,0
TF,TT886,29.798639,104.758500,0, ,0.0,0.0,0.0,0.0,0,0,0,0,0,0,0,0
TF,TT887,29.750611,104.683472,0, ,0.0,0.0,0.0,0.0,3,8860,0,1,220,0,0,0
TF,TT880,29.986333,104.542417,2, ,0.0,0.0,0.0,0.0,2,6890,0,0,0,0,0,0

STAR,BUPM5E,01,6
IF,TT880,29.986333,104.542417, ,0.0,0.0,2,6890,0,0,0,0,0,0
TF,TT703,30.020472,104.446444,0, ,0.0,0.0,0.0,0.0,2,4930,0,1,200,0,0,0

STAR,BUPM5E,02,6
IF,TT880,29.986333,104.542417, ,0.0,0.0,2,6890,0,0,0,0,0,0
TF,TT703,30.020472,104.446444,0, ,0.0,0.0,0.0,0.0,2,4930,0,1,200,0,0,0

STAR,BUPM6L,ALL,5
IF,BUPMI,31.421667,105.289722, ,0.0,0.0,0,0,0,0,0,0,0,0
TF,TT821,31.365139,105.202806,0, ,0.0,0.0,0.0,0.0,0,0,0,0,0,0,0,0
TF,TT820,31.116250,105.177833,0, ,0.0,0.0,0.0,0.0,0,0,0,0,0,0,0,0
TF,UT836,30.612722,105.127722,0, ,0.0,0.0,0.0,0.0,0,0,0,0,0,0,0,0
TF,UT832,30.391194,104.906889,0, ,0.0,0.0,0.0,0.0,0,0,0,0,0,0,0,0
TF,UT834,30.277028,104.504333,0, ,0.0,0.0,0.0,0.0,0,0,0,0,0,0,0,0
TF,TT903,30.106694,104.202778,0, ,0.0,0.0,0.0,0.0,0,0,0,0,0,0,0,0

STAR,BUPM6L,01,6
IF,TT903,30.106694,104.202778, ,0.0,0.0,0,0,0,0,0,0,0,0
TF,TT904,30.023111,104.163806,0, ,0.0,0.0,0.0,0.0,2,4930,0,1,200,0,0,0

STAR,BUPM6L,02,6
IF,TT903,30.106694,104.202778, ,0.0,0.0,0,0,0,0,0,0,0,0
TF,TT904,30.023111,104.163806,0, ,0.0,0.0,0.0,0.0,2,4930,0,1,200,0,0,0

STAR,BUPM7T,ALL,5
IF,BUPMI,31.421667,105.289722, ,0.0,0.0,0,0,0,0,0,0,0,0
TF,TT821,31.365139,105.202806,0, ,0.0,0.0,0.0,0.0,0,0,0,0,0,0,0,0

STAR,BUPM7T,01,6
IF,TT821,31.365139,105.202806, ,0.0,0.0,0,0,0,0,0,0,0,0
TF,TD01,29.970361,104.422972,0, ,0.0,0.0,0.0,0.0,2,4930,0,1,200,0,0,0

STAR,BUPM7T,02,6
IF,TT821,31.365139,105.202806, ,0.0,0.0,0,0,0,0,0,0,0,0
TF,TD01,29.970361,104.422972,0, ,0.0,0.0,0.0,0.0,2,4930,0,1,200,0,0,0

STAR,BUPM8M,ALL,5
IF,BUPMI,31.421667,105.289722, ,0.0,0.0,0,0,0,0,0,0,0,0
TF,TT821,31.365139,105.202806,0, ,0.0,0.0,0.0,0.0,0,0,0,0,0,0,0,0
TF,TT820,31.116250,105.177833,0, ,0.0,0.0,0.0,0.0,0,0,0,0,0,0,0,0
TF,UT836,30.612722,105.127722,0, ,0.0,0.0,0.0,0.0,0,0,0,0,0,0,0,0
TF,UT832,30.391194,104.906889,0, ,0.0,0.0,0.0,0.0,0,0,0,0,0,0,0,0
TF,TT833,30.238167,104.676667,0, ,0.0,0.0,0.0,0.0,0,0,0,0,0,0,0,0
TF,TT702,30.064806,104.493222,0, ,0.0,0.0,0.0,0.0,0,0,0,0,0,0,0,0

STAR,BUPM8M,01,6
IF,TT702,30.064806,104.493222, ,0.0,0.0,0,0,0,0,0,0,0,0
TF,TT703,30.020472,104.446444,0, ,0.0,0.0,0.0,0.0,2,4930,0,1,200,0,0,0

STAR,BUPM8M,02,6
IF,TT702,30.064806,104.493222, ,0.0,0.0,0,0,0,0,0,0,0,0
TF,TT703,30.020472,104.446444,0, ,0.0,0.0,0.0,0.0,2,4930,0,1,200,0,0,0

STAR,BUPM9K,ALL,5
IF,BUPMI,31.421667,105.289722, ,0.0,0.0,0,0,0,0,0,0,0,0
TF,TT821,31.365139,105.202806,0, ,0.0,0.0,0.0,0.0,0,0,0,0,0,0,0,0
TF,TT804,31.280000,105.026333,0, ,0.0,0.0,0.0,0.0,0,0,0,0,0,0,0,0
TF,TT803,31.120583,104.698083,0, ,0.0,0.0,0.0,0.0,0,0,0,0,0,0,0,0
TF,TT902,30.329500,104.306917,0, ,0.0,0.0,0.0,0.0,0,0,0,0,0,0,0,0
TF,TT903,30.106694,104.202778,0, ,0.0,0.0,0.0,0.0,0,0,0,0,0,0,0,0

STAR,BUPM9K,01,6
IF,TT903,30.106694,104.202778, ,0.0,0.0,0,0,0,0,0,0,0,0
TF,TT904,30.023111,104.163806,0, ,0.0,0.0,0.0,0.0,2,4930,0,1,200,0,0,0

STAR,BUPM9K,02,6
IF,TT903,30.106694,104.202778, ,0.0,0.0,0,0,0,0,0,0,0,0
TF,TT904,30.023111,104.163806,0, ,0.0,0.0,0.0,0.0,2,4930,0,1,200,0,0,0

STAR,BUPMJ2,ALL,2
IF,BUPMI,31.421667,105.289722, ,0.0,0.0,0,0,0,0,0,0,0,0
TF,MYG33,31.070986,105.216861,0, ,0.0,0.0,0.0,0.0,0,0,0,0,0,0,0,0
TF,D103N,30.549650,104.991664,0, ,0.0,0.0,0.0,0.0,0,0,0,0,0,0,0,0

STAR,BUPMJ2,19,3
IF,D103N,30.549650,104.991664, ,0.0,0.0,0,0,0,0,0,0,0,0
TF,ZGA,30.591667,104.731667,0, ,0.0,0.0,0.0,0.0,2,4930,0,1,200,0,0,0

STAR,BUPMJ2,20,3
IF,D103N,30.549650,104.991664, ,0.0,0.0,0,0,0,0,0,0,0,0
TF,ZGA,30.591667,104.731667,0, ,0.0,0.0,0.0,0.0,2,3940,0,1,200,0,0,0

STAR,BUPML1,ALL,2
IF,BUPMI,31.421667,105.289722, ,0.0,0.0,0,0,0,0,0,0,0,0
TF,MYG33,31.070986,105.216861,0, ,0.0,0.0,0.0,0.0,0,0,0,0,0,0,0,0
TF,D103N,30.549650,104.991664,0, ,0.0,0.0,0.0,0.0,0,0,0,0,0,0,0,0
TF,D022X,30.316683,104.896394,0, ,0.0,0.0,0.0,0.0,0,0,0,0,0,0,0,0
TF,CTU38,30.376878,104.634181,0, ,0.0,0.0,0.0,0.0,0,0,0,0,0,0,0,0

STAR,BUPML1,01,3
IF,CTU38,30.376878,104.634181, ,0.0,0.0,0,0,0,0,0,0,0,0
TF,ZGA43,29.936158,104.412378,0, ,0.0,0.0,0.0,0.0,2,4930,0,1,200,0,0,0

STAR,BUPML1,02,3
IF,CTU38,30.376878,104.634181, ,0.0,0.0,0,0,0,0,0,0,0,0
TF,ZGA43,29.936158,104.412378,0, ,0.0,0.0,0.0,0.0,2,3940,0,1,200,0,0,0

STAR,ELDU4E,ALL,5
IF,ELDUD,29.309722,104.600278, ,0.0,0.0,0,0,0,0,0,0,0,0
TF,TT851,29.479333,104.562861,0, ,0.0,0.0,0.0,0.0,0,0,0,0,0,0,0,0
TF,TT852,29.609167,104.534139,0, ,0.0,0.0,0.0,0.0,0,0,0,0,0,0,0,0
TF,TT863,29.723167,104.368528,0, ,0.0,0.0,0.0,0.0,0,0,0,0,0,0,0,0
TF,TT864,29.830083,104.213583,0, ,0.0,0.0,0.0,0.0,0,0,0,0,0,0,0,0
TF,TT865,29.992750,104.149667,0, ,0.0,0.0,0.0,0.0,0,0,0,0,0,0,0,0
TF,TT903,30.106694,104.202778,0, ,0.0,0.0,0.0,0.0,0,0,0,0,0,0,0,0
TF,TT921,30.431750,104.354944,0, ,0.0,0.0,0.0,0.0,0,0,0,0,0,0,0,0
TF,TT922,30.515306,104.394222,0, ,0.0,0.0,0.0,0.0,0,0,0,0,0,0,0,0

STAR,ELDU4E,19,6
IF,TT922,30.515306,104.394222, ,0.0,0.0,0,0,0,0,0,0,0,0
TF,TT923,30.598806,104.433556,0, ,0.0,0.0,0.0,0.0,2,4930,0,1,200,0,0,0

STAR,ELDU4E,20,6
IF,TT922,30.515306,104.394222, ,0.0,0.0,0,0,0,0,0,0,0,0
TF,TT923,30.598806,104.433556,0, ,0.0,0.0,0.0,0.0,2,4930,0,1,200,0,0,0

STAR,ELDU5E,ALL,5
IF,ELDUD,29.309722,104.600278, ,0.0,0.0,0,0,0,0,0,0,0,0
TF,TT851,29.479333,104.562861,0, ,0.0,0.0,0.0,0.0,0,0,0,0,0,0,0,0
TF,TT871,29.801944,104.553889,0, ,0.0,0.0,0.0,0.0,2,9850,0,1,220,0,0,0
TF,TT872,29.824000,104.643472,0, ,0.0,0.0,0.0,0.0,0,0,0,0,0,0,0,0
TF,TT873,29.877417,104.713639,0, ,0.0,0.0,0.0,0.0,0,0,0,0,0,0,0,0
TF,TT874,29.951889,104.750778,0, ,0.0,0.0,0.0,0.0,0,0,0,0,0,0,0,0
TF,TT875,30.033028,104.747694,0, ,0.0,0.0,0.0,0.0,0,0,0,0,0,0,0,0
TF,TT876,30.110750,104.699278,0, ,0.0,0.0,0.0,0.0,2,9850,0,1,220,0,0,0
TF,TT880,29.986333,104.542417,1, ,0.0,0.0,0.0,0.0,2,6890,0,0,0,0,0,0

STAR,ELDU5E,01,6
IF,TT880,29.986333,104.542417, ,0.0,0.0,2,6890,0,0,0,0,0,0
TF,TT703,30.020472,104.446444,0, ,0.0,0.0,0.0,0.0,2,4930,0,1,200,0,0,0

STAR,ELDU5E,02,6
IF,TT880,29.986333,104.542417, ,0.0,0.0,2,6890,0,0,0,0,0,0
TF,TT703,30.020472,104.446444,0, ,0.0,0.0,0.0,0.0,2,4930,0,1,200,0,0,0

STAR,ELDU7T,ALL,5
IF,ELDUD,29.309722,104.600278, ,0.0,0.0,0,0,0,0,0,0,0,0
TF,TT851,29.479333,104.562861,0, ,0.0,0.0,0.0,0.0,0,0,0,0,0,0,0,0

STAR,ELDU7T,01,6
IF,TT851,29.479333,104.562861, ,0.0,0.0,0,0,0,0,0,0,0,0
TF,TD01,29.970361,104.422972,0, ,0.0,0.0,0.0,0.0,2,4930,0,1,200,0,0,0

STAR,ELDU7T,02,6
IF,TT851,29.479333,104.562861, ,0.0,0.0,0,0,0,0,0,0,0,0
TF,TD01,29.970361,104.422972,0, ,0.0,0.0,0.0,0.0,2,4930,0,1,200,0,0,0

STAR,ELDU8M,ALL,5
IF,ELDUD,29.309722,104.600278, ,0.0,0.0,0,0,0,0,0,0,0,0
TF,TT851,29.479333,104.562861,0, ,0.0,0.0,0.0,0.0,0,0,0,0,0,0,0,0
TF,TT715,29.772333,104.497917,0, ,0.0,0.0,0.0,0.0,0,0,0,0,0,0,0,0
TF,TT712,30.021472,104.614917,0, ,0.0,0.0,0.0,0.0,0,0,0,0,0,0,0,0
TF,TT702,30.064806,104.493222,0, ,0.0,0.0,0.0,0.0,0,0,0,1,220,0,0,0

STAR,ELDU8M,01,6
IF,TT702,30.064806,104.493222, ,0.0,0.0,0,0,0,1,220,0,0,0
TF,TT703,30.020472,104.446444,0, ,0.0,0.0,0.0,0.0,2,4930,0,1,200,0,0,0

STAR,ELDU8M,02,6
IF,TT702,30.064806,104.493222, ,0.0,0.0,0,0,0,1,220,0,0,0
TF,TT703,30.020472,104.446444,0, ,0.0,0.0,0.0,0.0,2,4930,0,1,200,0,0,0

STAR,ELDUJ2,ALL,2
IF,ELDUD,29.309722,104.600278, ,0.0,0.0,0,0,0,0,0,0,0,0
TF,WFX67,29.490269,104.585325,0, ,0.0,0.0,0.0,0.0,0,0,0,0,0,0,0,0
TF,WFX57,29.655247,104.571617,0, ,0.0,0.0,0.0,0.0,0,0,0,0,0,0,0,0
TF,ZGA52,29.757283,104.433172,0, ,0.0,0.0,0.0,0.0,0,0,0,0,0,0,0,0
TF,HLC31,29.966622,104.136683,0, ,0.0,0.0,0.0,0.0,0,0,0,0,0,0,0,0
TF,D115I,30.452164,104.361522,0, ,0.0,0.0,0.0,0.0,0,0,0,0,0,0,0,0

STAR,ELDUJ2,19,3
IF,D115I,30.452164,104.361522, ,0.0,0.0,0,0,0,0,0,0,0,0
TF,D295O,30.686056,104.473675,0, ,0.0,0.0,0.0,0.0,2,4930,0,1,200,0,0,0

STAR,ELDUJ2,20,3
IF,D115I,30.452164,104.361522, ,0.0,0.0,0,0,0,0,0,0,0,0
TF,D295O,30.686056,104.473675,0, ,0.0,0.0,0.0,0.0,2,4930,0,1,200,0,0,0

STAR,ELDUL1,ALL,2
IF,ELDUD,29.309722,104.600278, ,0.0,0.0,0,0,0,0,0,0,0,0
TF,WFX54,29.703572,104.567594,0, ,0.0,0.0,0.0,0.0,0,0,0,0,0,0,0,0
TF,WFX43,29.886869,104.552294,0, ,0.0,0.0,0.0,0.0,0,0,0,0,0,0,0,0

STAR,ELDUL1,01,3
IF,WFX43,29.886869,104.552294, ,0.0,0.0,0,0,0,0,0,0,0,0
TF,ZGA43,29.936158,104.412378,0, ,0.0,0.0,0.0,0.0,2,4930,0,1,200,0,0,0

STAR,ELDUL1,02,3
IF,WFX43,29.886869,104.552294, ,0.0,0.0,0,0,0,0,0,0,0,0
TF,ZGA43,29.936158,104.412378,0, ,0.0,0.0,0.0,0.0,2,3940,0,1,200,0,0,0

STAR,IGNA4E,ALL,5
IF,IGNAK,29.271944,104.261944, ,0.0,0.0,0,0,0,0,0,0,0,0
TF,TT861,29.530278,104.322861,0, ,0.0,0.0,0.0,0.0,0,0,0,0,0,0,0,0
TF,TT863,29.723167,104.368528,0, ,0.0,0.0,0.0,0.0,0,0,0,0,0,0,0,0
TF,TT864,29.830083,104.213583,0, ,0.0,0.0,0.0,0.0,0,0,0,0,0,0,0,0
TF,TT865,29.992750,104.149667,0, ,0.0,0.0,0.0,0.0,0,0,0,0,0,0,0,0
TF,TT903,30.106694,104.202778,0, ,0.0,0.0,0.0,0.0,0,0,0,0,0,0,0,0
TF,TT921,30.431750,104.354944,0, ,0.0,0.0,0.0,0.0,0,0,0,0,0,0,0,0
TF,TT922,30.515306,104.394222,0, ,0.0,0.0,0.0,0.0,0,0,0,0,0,0,0,0

STAR,IGNA4E,19,6
IF,TT922,30.515306,104.394222, ,0.0,0.0,0,0,0,0,0,0,0,0
TF,TT923,30.598806,104.433556,0, ,0.0,0.0,0.0,0.0,2,4930,0,1,200,0,0,0

STAR,IGNA4E,20,6
IF,TT922,30.515306,104.394222, ,0.0,0.0,0,0,0,0,0,0,0,0
TF,TT923,30.598806,104.433556,0, ,0.0,0.0,0.0,0.0,2,4930,0,1,200,0,0,0

STAR,IGNA5E,ALL,5
IF,IGNAK,29.271944,104.261944, ,0.0,0.0,0,0,0,0,0,0,0,0
TF,TT861,29.530278,104.322861,0, ,0.0,0.0,0.0,0.0,0,0,0,0,0,0,0,0
TF,TT871,29.801944,104.553889,0, ,0.0,0.0,0.0,0.0,2,9850,0,1,220,0,0,0
TF,TT872,29.824000,104.643472,0, ,0.0,0.0,0.0,0.0,0,0,0,0,0,0,0,0
TF,TT873,29.877417,104.713639,0, ,0.0,0.0,0.0,0.0,0,0,0,0,0,0,0,0
TF,TT874,29.951889,104.750778,0, ,0.0,0.0,0.0,0.0,0,0,0,0,0,0,0,0
TF,TT875,30.033028,104.747694,0, ,0.0,0.0,0.0,0.0,0,0,0,0,0,0,0,0
TF,TT876,30.110750,104.699278,0, ,0.0,0.0,0.0,0.0,2,9850,0,1,220,0,0,0
TF,TT880,29.986333,104.542417,1, ,0.0,0.0,0.0,0.0,2,6890,0,0,0,0,0,0

STAR,IGNA5E,01,6
IF,TT880,29.986333,104.542417, ,0.0,0.0,2,6890,0,0,0,0,0,0
TF,TT703,30.020472,104.446444,0, ,0.0,0.0,0.0,0.0,2,4930,0,1,200,0,0,0

STAR,IGNA5E,02,6
IF,TT880,29.986333,104.542417, ,0.0,0.0,2,6890,0,0,0,0,0,0
TF,TT703,30.020472,104.446444,0, ,0.0,0.0,0.0,0.0,2,4930,0,1,200,0,0,0

STAR,IGNA7T,ALL,5
IF,IGNAK,29.271944,104.261944, ,0.0,0.0,0,0,0,0,0,0,0,0
TF,TT861,29.530278,104.322861,0, ,0.0,0.0,0.0,0.0,0,0,0,0,0,0,0,0

STAR,IGNA7T,01,6
IF,TT861,29.530278,104.322861, ,0.0,0.0,0,0,0,0,0,0,0,0
TF,TD01,29.970361,104.422972,0, ,0.0,0.0,0.0,0.0,2,4930,0,1,200,0,0,0

STAR,IGNA7T,02,6
IF,TT861,29.530278,104.322861, ,0.0,0.0,0,0,0,0,0,0,0,0
TF,TD01,29.970361,104.422972,0, ,0.0,0.0,0.0,0.0,2,4930,0,1,200,0,0,0

STAR,IGNA8M,ALL,5
IF,IGNAK,29.271944,104.261944, ,0.0,0.0,0,0,0,0,0,0,0,0
TF,TT861,29.530278,104.322861,0, ,0.0,0.0,0.0,0.0,0,0,0,0,0,0,0,0
TF,TT715,29.772333,104.497917,0, ,0.0,0.0,0.0,0.0,0,0,0,0,0,0,0,0
TF,TT712,30.021472,104.614917,0, ,0.0,0.0,0.0,0.0,0,0,0,0,0,0,0,0
TF,TT702,30.064806,104.493222,0, ,0.0,0.0,0.0,0.0,0,0,0,1,220,0,0,0

STAR,IGNA8M,01,6
IF,TT702,30.064806,104.493222, ,0.0,0.0,0,0,0,1,220,0,0,0
TF,TT703,30.020472,104.446444,0, ,0.0,0.0,0.0,0.0,2,4930,0,1,200,0,0,0

STAR,IGNA8M,02,6
IF,TT702,30.064806,104.493222, ,0.0,0.0,0,0,0,1,220,0,0,0
TF,TT703,30.020472,104.446444,0, ,0.0,0.0,0.0,0.0,2,4930,0,1,200,0,0,0

STAR,IGNAJ2,ALL,2
IF,IGNAK,29.271944,104.261944, ,0.0,0.0,0,0,0,0,0,0,0,0
TF,ZGA67,29.522625,104.350169,0, ,0.0,0.0,0.0,0.0,0,0,0,0,0,0,0,0
TF,ZGA52,29.757283,104.433172,0, ,0.0,0.0,0.0,0.0,0,0,0,0,0,0,0,0
TF,HLC31,29.966622,104.136683,0, ,0.0,0.0,0.0,0.0,0,0,0,0,0,0,0,0
TF,D115I,30.452164,104.361522,0, ,0.0,0.0,0.0,0.0,0,0,0,0,0,0,0,0

STAR,IGNAJ2,19,3
IF,D115I,30.452164,104.361522, ,0.0,0.0,0,0,0,0,0,0,0,0
TF,D295O,30.686056,104.473675,0, ,0.0,0.0,0.0,0.0,2,4930,0,1,200,0,0,0

STAR,IGNAJ2,20,3
IF,D115I,30.452164,104.361522, ,0.0,0.0,0,0,0,0,0,0,0,0
TF,D295O,30.686056,104.473675,0, ,0.0,0.0,0.0,0.0,2,4930,0,1,200,0,0,0

STAR,IGNAL1,ALL,2
IF,IGNAK,29.271944,104.261944, ,0.0,0.0,0,0,0,0,0,0,0,0
TF,WFX54,29.703572,104.567594,0, ,0.0,0.0,0.0,0.0,0,0,0,0,0,0,0,0
TF,WFX43,29.886869,104.552294,0, ,0.0,0.0,0.0,0.0,0,0,0,0,0,0,0,0

STAR,IGNAL1,01,3
IF,WFX43,29.886869,104.552294, ,0.0,0.0,0,0,0,0,0,0,0,0
TF,ZGA43,29.936158,104.412378,0, ,0.0,0.0,0.0,0.0,2,4930,0,1,200,0,0,0

STAR,IGNAL1,02,3
IF,WFX43,29.886869,104.552294, ,0.0,0.0,0,0,0,0,0,0,0,0
TF,ZGA43,29.936158,104.412378,0, ,0.0,0.0,0.0,0.0,2,3940,0,1,200,0,0,0

STAR,LADU1C,ALL,5
IF,LADUP,30.608611,103.016667, ,0.0,0.0,0,0,0,0,0,0,0,0
TF,NONOV,30.686111,103.242222,0, ,0.0,0.0,0.0,0.0,2,15700,0,0,0,0,0,0
TF,CZH,30.645000,103.686667,0, ,0.0,0.0,0.0,0.0,2,12800,0,0,0,0,0,0
TF,UT902,30.248083,103.810750,0, ,0.0,0.0,0.0,0.0,0,0,0,0,0,0,0,0
TF,TT903,30.106694,104.202778,0, ,0.0,0.0,0.0,0.0,0,0,0,0,0,0,0,0
TF,TT921,30.431750,104.354944,0, ,0.0,0.0,0.0,0.0,0,0,0,0,0,0,0,0
TF,TT922,30.515306,104.394222,0, ,0.0,0.0,0.0,0.0,0,0,0,0,0,0,0,0

STAR,LADU1C,19,6
IF,TT922,30.515306,104.394222, ,0.0,0.0,0,0,0,0,0,0,0,0
TF,TT923,30.598806,104.433556,0, ,0.0,0.0,0.0,0.0,2,4930,0,1,200,0,0,0

STAR,LADU1C,20,6
IF,TT922,30.515306,104.394222, ,0.0,0.0,0,0,0,0,0,0,0,0
TF,TT923,30.598806,104.433556,0, ,0.0,0.0,0.0,0.0,2,4930,0,1,200,0,0,0

STAR,LADU4E,ALL,5
IF,LADUP,30.608611,103.016667, ,0.0,0.0,0,0,0,0,0,0,0,0
TF,NONOV,30.686111,103.242222,0, ,0.0,0.0,0.0,0.0,2,15700,0,0,0,0,0,0
TF,CZH,30.645000,103.686667,0, ,0.0,0.0,0.0,0.0,2,12800,0,0,0,0,0,0
TF,TT921,30.431750,104.354944,0, ,0.0,0.0,0.0,0.0,0,0,0,0,0,0,0,0
TF,TT922,30.515306,104.394222,0, ,0.0,0.0,0.0,0.0,0,0,0,0,0,0,0,0

STAR,LADU4E,19,6
IF,TT922,30.515306,104.394222, ,0.0,0.0,0,0,0,0,0,0,0,0
TF,TT923,30.598806,104.433556,0, ,0.0,0.0,0.0,0.0,2,4930,0,1,200,0,0,0

STAR,LADU4E,20,6
IF,TT922,30.515306,104.394222, ,0.0,0.0,0,0,0,0,0,0,0,0
TF,TT923,30.598806,104.433556,0, ,0.0,0.0,0.0,0.0,2,4930,0,1,200,0,0,0

STAR,LADU9K,ALL,5
IF,LADUP,30.608611,103.016667, ,0.0,0.0,0,0,0,0,0,0,0,0
TF,NONOV,30.686111,103.242222,0, ,0.0,0.0,0.0,0.0,2,15700,0,0,0,0,0,0
TF,CZH,30.645000,103.686667,0, ,0.0,0.0,0.0,0.0,2,12800,0,0,0,0,0,0
TF,TT903,30.106694,104.202778,0, ,0.0,0.0,0.0,0.0,0,0,0,0,0,0,0,0

STAR,LADU9K,01,6
IF,TT903,30.106694,104.202778, ,0.0,0.0,0,0,0,0,0,0,0,0
TF,TT904,30.023111,104.163806,0, ,0.0,0.0,0.0,0.0,2,4930,0,1,200,0,0,0

STAR,LADU9K,02,6
IF,TT903,30.106694,104.202778, ,0.0,0.0,0,0,0,0,0,0,0,0
TF,TT904,30.023111,104.163806,0, ,0.0,0.0,0.0,0.0,2,4930,0,1,200,0,0,0

STAR,LADUJ2,ALL,2
IF,LADUP,30.608611,103.016667, ,0.0,0.0,0,0,0,0,0,0,0,0
TF,NONOV,30.686111,103.242222,0, ,0.0,0.0,0.0,0.0,2,15700,0,0,0,0,0,0
TF,CZH,30.645000,103.686667,0, ,0.0,0.0,0.0,0.0,2,12800,0,0,0,0,0,0
TF,ZW,30.500000,103.908333,0, ,0.0,0.0,0.0,0.0,0,0,0,0,0,0,0,0
TF,BHS,30.511667,104.200000,0, ,0.0,0.0,0.0,0.0,0,0,0,0,0,0,0,0
TF,D115I,30.452164,104.361522,0, ,0.0,0.0,0.0,0.0,0,0,0,0,0,0,0,0

STAR,LADUJ2,19,3
IF,D115I,30.452164,104.361522, ,0.0,0.0,0,0,0,0,0,0,0,0
TF,D295O,30.686056,104.473675,0, ,0.0,0.0,0.0,0.0,2,4930,0,1,200,0,0,0

STAR,LADUJ2,20,3
IF,D115I,30.452164,104.361522, ,0.0,0.0,0,0,0,0,0,0,0,0
TF,D295O,30.686056,104.473675,0, ,0.0,0.0,0.0,0.0,2,4930,0,1,200,0,0,0

STAR,LADUL1,ALL,2
IF,LADUP,30.608611,103.016667, ,0.0,0.0,0,0,0,0,0,0,0,0
TF,NONOV,30.686111,103.242222,0, ,0.0,0.0,0.0,0.0,2,15700,0,0,0,0,0,0
TF,CZH,30.645000,103.686667,0, ,0.0,0.0,0.0,0.0,2,12800,0,0,0,0,0,0
TF,D167H,30.519131,103.725619,0, ,0.0,0.0,0.0,0.0,0,0,0,0,0,0,0,0
TF,JYA28,30.208367,104.261017,0, ,0.0,0.0,0.0,0.0,0,0,0,0,0,0,0,0

STAR,LADUL1,01,3
IF,JYA28,30.208367,104.261017, ,0.0,0.0,0,0,0,0,0,0,0,0
TF,D025P,30.022419,104.169858,0, ,0.0,0.0,0.0,0.0,2,4930,0,1,200,0,0,0

STAR,LADUL1,02,3
IF,JYA28,30.208367,104.261017, ,0.0,0.0,0,0,0,0,0,0,0,0
TF,D025P,30.022419,104.169858,0, ,0.0,0.0,0.0,0.0,2,4930,0,1,200,0,0,0

STAR,MEXA2A,ALL,5
IF,MEXAD,31.780000,104.638333, ,0.0,0.0,0,0,0,0,0,0,0,0
TF,UT801,31.689917,104.643972,0, ,0.0,0.0,0.0,0.0,0,0,0,0,0,0,0,0
TF,TT805,31.153194,104.878611,0, ,0.0,0.0,0.0,0.0,0,0,0,0,0,0,0,0
TF,TT849,30.749444,104.960417,0, ,0.0,0.0,0.0,0.0,0,0,0,0,0,0,0,0
TF,TT840,30.460750,104.822722,0, ,0.0,0.0,0.0,0.0,0,0,0,0,0,0,0,0
TF,TT723,30.512194,104.678222,0, ,0.0,0.0,0.0,0.0,0,0,0,0,0,0,0,0

STAR,MEXA2A,19,6
IF,TT723,30.512194,104.678222, ,0.0,0.0,0,0,0,0,0,0,0,0
TF,TT724,30.595639,104.717806,0, ,0.0,0.0,0.0,0.0,2,4930,0,1,200,0,0,0

STAR,MEXA2A,20,6
IF,TT723,30.512194,104.678222, ,0.0,0.0,0,0,0,0,0,0,0,0
TF,TT724,30.595639,104.717806,0, ,0.0,0.0,0.0,0.0,2,4930,0,1,200,0,0,0

STAR,MEXA3K,ALL,5
IF,MEXAD,31.780000,104.638333, ,0.0,0.0,0,0,0,0,0,0,0,0
TF,UT801,31.689917,104.643972,0, ,0.0,0.0,0.0,0.0,0,0,0,0,0,0,0,0
TF,TT805,31.153194,104.878611,0, ,0.0,0.0,0.0,0.0,0,0,0,0,0,0,0,0
TF,TT825,30.829611,105.018667,0, ,0.0,0.0,0.0,0.0,3,8860,0,1,220,0,0,0
TF,TT826,30.785722,105.103944,0, ,0.0,0.0,0.0,0.0,0,0,0,0,0,0,0,0
TF,TT827,30.727333,105.176556,0, ,0.0,0.0,0.0,0.0,0,0,0,0,0,0,0,0
TF,TT828,30.657056,105.233278,0, ,0.0,0.0,0.0,0.0,0,0,0,0,0,0,0,0
TF,TT829,30.578028,105.271583,0, ,0.0,0.0,0.0,0.0,3,8860,0,1,220,0,0,0
TF,TT840,30.460750,104.822722,2, ,0.0,0.0,0.0,0.0,2,6890,0,0,0,0,0,0
TF,TT723,30.512194,104.678222,0, ,0.0,0.0,0.0,0.0,0,0,0,0,0,0,0,0

STAR,MEXA3K,19,6
IF,TT723,30.512194,104.678222, ,0.0,0.0,0,0,0,0,0,0,0,0
TF,TT724,30.595639,104.717806,0, ,0.0,0.0,0.0,0.0,2,4930,0,1,200,0,0,0

STAR,MEXA3K,20,6
IF,TT723,30.512194,104.678222, ,0.0,0.0,0,0,0,0,0,0,0,0
TF,TT724,30.595639,104.717806,0, ,0.0,0.0,0.0,0.0,2,4930,0,1,200,0,0,0

STAR,MEXA5E,ALL,5
IF,MEXAD,31.780000,104.638333, ,0.0,0.0,0,0,0,0,0,0,0,0
TF,UT801,31.689917,104.643972,0, ,0.0,0.0,0.0,0.0,0,0,0,0,0,0,0,0
TF,TT820,31.116250,105.177833,0, ,0.0,0.0,0.0,0.0,0,0,0,0,0,0,0,0
TF,UT836,30.612722,105.127722,0, ,0.0,0.0,0.0,0.0,0,0,0,0,0,0,0,0
TF,UT832,30.391194,104.906889,0, ,0.0,0.0,0.0,0.0,0,0,0,0,0,0,0,0
TF,TT881,30.167667,104.766639,0, ,0.0,0.0,0.0,0.0,3,8860,0,1,220,0,0,0
TF,TT882,30.100333,104.818806,0, ,0.0,0.0,0.0,0.0,0,0,0,0,0,0,0,0
TF,TT883,30.022333,104.845028,0, ,0.0,0.0,0.0,0.0,0,0,0,0,0,0,0,0
TF,TT884,29.941083,104.843278,0, ,0.0,0.0,0.0,0.0,0,0,0,0,0,0,0,0
TF,TT885,29.864167,104.813500,0, ,0.0,0.0,0.0,0.0,0,0,0,0,0,0,0,0
TF,TT886,29.798639,104.758500,0, ,0.0,0.0,0.0,0.0,0,0,0,0,0,0,0,0
TF,TT887,29.750611,104.683472,0, ,0.0,0.0,0.0,0.0,3,8860,0,1,220,0,0,0
TF,TT880,29.986333,104.542417,2, ,0.0,0.0,0.0,0.0,2,6890,0,0,0,0,0,0

STAR,MEXA5E,01,6
IF,TT880,29.986333,104.542417, ,0.0,0.0,2,6890,0,0,0,0,0,0
TF,TT703,30.020472,104.446444,0, ,0.0,0.0,0.0,0.0,2,4930,0,1,200,0,0,0

STAR,MEXA5E,02,6
IF,TT880,29.986333,104.542417, ,0.0,0.0,2,6890,0,0,0,0,0,0
TF,TT703,30.020472,104.446444,0, ,0.0,0.0,0.0,0.0,2,4930,0,1,200,0,0,0

STAR,MEXA6L,ALL,5
IF,MEXAD,31.780000,104.638333, ,0.0,0.0,0,0,0,0,0,0,0,0
TF,UT801,31.689917,104.643972,0, ,0.0,0.0,0.0,0.0,0,0,0,0,0,0,0,0
TF,TT820,31.116250,105.177833,0, ,0.0,0.0,0.0,0.0,0,0,0,0,0,0,0,0
TF,UT836,30.612722,105.127722,0, ,0.0,0.0,0.0,0.0,0,0,0,0,0,0,0,0
TF,UT832,30.391194,104.906889,0, ,0.0,0.0,0.0,0.0,0,0,0,0,0,0,0,0
TF,UT834,30.277028,104.504333,0, ,0.0,0.0,0.0,0.0,0,0,0,0,0,0,0,0
TF,TT903,30.106694,104.202778,0, ,0.0,0.0,0.0,0.0,0,0,0,0,0,0,0,0

STAR,MEXA6L,01,6
IF,TT903,30.106694,104.202778, ,0.0,0.0,0,0,0,0,0,0,0,0
TF,TT904,30.023111,104.163806,0, ,0.0,0.0,0.0,0.0,2,4930,0,1,200,0,0,0

STAR,MEXA6L,02,6
IF,TT903,30.106694,104.202778, ,0.0,0.0,0,0,0,0,0,0,0,0
TF,TT904,30.023111,104.163806,0, ,0.0,0.0,0.0,0.0,2,4930,0,1,200,0,0,0

STAR,MEXA7T,ALL,5
IF,MEXAD,31.780000,104.638333, ,0.0,0.0,0,0,0,0,0,0,0,0
TF,UT801,31.689917,104.643972,0, ,0.0,0.0,0.0,0.0,0,0,0,0,0,0,0,0
TF,TT803,31.120583,104.698083,0, ,0.0,0.0,0.0,0.0,0,0,0,0,0,0,0,0
TF,TT902,30.329500,104.306917,0, ,0.0,0.0,0.0,0.0,0,0,0,0,0,0,0,0

STAR,MEXA7T,01,6
IF,TT902,30.329500,104.306917, ,0.0,0.0,0,0,0,0,0,0,0,0
TF,TD02,30.056556,104.179389,0, ,0.0,0.0,0.0,0.0,2,4930,0,1,200,0,0,0

STAR,MEXA7T,02,6
IF,TT902,30.329500,104.306917, ,0.0,0.0,0,0,0,0,0,0,0,0
TF,TD02,30.056556,104.179389,0, ,0.0,0.0,0.0,0.0,2,4930,0,1,200,0,0,0

STAR,MEXA8M,ALL,5
IF,MEXAD,31.780000,104.638333, ,0.0,0.0,0,0,0,0,0,0,0,0
TF,UT801,31.689917,104.643972,0, ,0.0,0.0,0.0,0.0,0,0,0,0,0,0,0,0
TF,TT820,31.116250,105.177833,0, ,0.0,0.0,0.0,0.0,0,0,0,0,0,0,0,0
TF,UT836,30.612722,105.127722,0, ,0.0,0.0,0.0,0.0,0,0,0,0,0,0,0,0
TF,UT832,30.391194,104.906889,0, ,0.0,0.0,0.0,0.0,0,0,0,0,0,0,0,0
TF,TT833,30.238167,104.676667,0, ,0.0,0.0,0.0,0.0,0,0,0,0,0,0,0,0
TF,TT702,30.064806,104.493222,0, ,0.0,0.0,0.0,0.0,0,0,0,0,0,0,0,0

STAR,MEXA8M,01,6
IF,TT702,30.064806,104.493222, ,0.0,0.0,0,0,0,0,0,0,0,0
TF,TT703,30.020472,104.446444,0, ,0.0,0.0,0.0,0.0,2,4930,0,1,200,0,0,0

STAR,MEXA8M,02,6
IF,TT702,30.064806,104.493222, ,0.0,0.0,0,0,0,0,0,0,0,0
TF,TT703,30.020472,104.446444,0, ,0.0,0.0,0.0,0.0,2,4930,0,1,200,0,0,0

STAR,MEXA9K,ALL,5
IF,MEXAD,31.780000,104.638333, ,0.0,0.0,0,0,0,0,0,0,0,0
TF,UT801,31.689917,104.643972,0, ,0.0,0.0,0.0,0.0,0,0,0,0,0,0,0,0
TF,TT802,31.285917,104.780722,0, ,0.0,0.0,0.0,0.0,0,0,0,0,0,0,0,0
TF,TT803,31.120583,104.698083,0, ,0.0,0.0,0.0,0.0,0,0,0,0,0,0,0,0
TF,TT902,30.329500,104.306917,0, ,0.0,0.0,0.0,0.0,0,0,0,0,0,0,0,0
TF,TT903,30.106694,104.202778,0, ,0.0,0.0,0.0,0.0,0,0,0,0,0,0,0,0

STAR,MEXA9K,01,6
IF,TT903,30.106694,104.202778, ,0.0,0.0,0,0,0,0,0,0,0,0
TF,TT904,30.023111,104.163806,0, ,0.0,0.0,0.0,0.0,2,4930,0,1,200,0,0,0

STAR,MEXA9K,02,6
IF,TT903,30.106694,104.202778, ,0.0,0.0,0,0,0,0,0,0,0,0
TF,TT904,30.023111,104.163806,0, ,0.0,0.0,0.0,0.0,2,4930,0,1,200,0,0,0

STAR,MEXAJ2,ALL,2
IF,MEXAD,31.780000,104.638333, ,0.0,0.0,0,0,0,0,0,0,0,0
TF,MYG,31.433333,104.733333,0, ,0.0,0.0,0.0,0.0,0,0,0,0,0,0,0,0
TF,MYG33,31.070986,105.216861,0, ,0.0,0.0,0.0,0.0,0,0,0,0,0,0,0,0
TF,D103N,30.549650,104.991664,0, ,0.0,0.0,0.0,0.0,0,0,0,0,0,0,0,0

STAR,MEXAJ2,19,3
IF,D103N,30.549650,104.991664, ,0.0,0.0,0,0,0,0,0,0,0,0
TF,ZGA,30.591667,104.731667,0, ,0.0,0.0,0.0,0.0,2,4930,0,1,200,0,0,0

STAR,MEXAJ2,20,3
IF,D103N,30.549650,104.991664, ,0.0,0.0,0,0,0,0,0,0,0,0
TF,ZGA,30.591667,104.731667,0, ,0.0,0.0,0.0,0.0,2,3940,0,1,200,0,0,0

STAR,MEXAL1,ALL,2
IF,MEXAD,31.780000,104.638333, ,0.0,0.0,0,0,0,0,0,0,0,0
TF,MYG,31.433333,104.733333,0, ,0.0,0.0,0.0,0.0,0,0,0,0,0,0,0,0
TF,MYG33,31.070986,105.216861,0, ,0.0,0.0,0.0,0.0,0,0,0,0,0,0,0,0
TF,D103N,30.549650,104.991664,0, ,0.0,0.0,0.0,0.0,0,0,0,0,0,0,0,0
TF,D022X,30.316683,104.896394,0, ,0.0,0.0,0.0,0.0,0,0,0,0,0,0,0,0
TF,CTU38,30.376878,104.634181,0, ,0.0,0.0,0.0,0.0,0,0,0,0,0,0,0,0

STAR,MEXAL1,01,3
IF,CTU38,30.376878,104.634181, ,0.0,0.0,0,0,0,0,0,0,0,0
TF,ZGA43,29.936158,104.412378,0, ,0.0,0.0,0.0,0.0,2,4930,0,1,200,0,0,0

STAR,MEXAL1,02,3
IF,CTU38,30.376878,104.634181, ,0.0,0.0,0,0,0,0,0,0,0,0
TF,ZGA43,29.936158,104.412378,0, ,0.0,0.0,0.0,0.0,2,3940,0,1,200,0,0,0

APPTR,I01-X,01,TD01
IF,TD01,29.970361,104.422972, ,0.0,0.0,2,4930,0,1,200,0,1,0
TF,TD03,30.017583,104.289694,0,ITF,0.0,0.0,0.0,0.0,2,4930,0,1,180,0,1,0

APPTR,I01-X,01,TD02
IF,TD02,30.056556,104.179389, ,0.0,0.0,2,4930,0,1,200,0,1,0
TF,TD03,30.017583,104.289694,0,ITF,0.0,0.0,0.0,0.0,2,4930,0,1,180,0,1,0

FINAL,I01-X,01,I,3
IF,TD03,30.017583,104.289694,ITF,204.2,20.0,2,4930,0,0,0,0,0,0
CF,FI01,30.124314,104.339725,0,ITF,204.2,13.1,25.0,6.9,1,4930,0,0,0,0,2,0
CF,RW01,30.290417,104.417528,0,ITF,204.2,2.3,25.0,10.7,1,1493,0,0,0,0,3,0
CF,TT511,30.326333,104.434389,0,ZGA,226.2,22.1,25.0,2.3,0,0,0,0,0,0,0,1
CF,TT405,30.489472,104.458111,0,WFX,196.3,7.2,10.0,9.8,0,0,0,0,0,0,0,1
DF,TT902,30.329500,104.306917,1, ,0.0,0.0,0,0,0,1,200,0,0,0
TF,TD02,30.056556,104.179389,0, ,0.0,0.0,0.0,0.0,1,4930,0,0,0,0,0,0

APPTR,I01-Y,01,D025P
IF,D025P,30.022419,104.169858, ,0.0,0.0,2,4930,0,1,200,0,1,0
CR,0,WFX,201.0,115.0,0,0,0,0,0,0,0,0
CF,CI01,30.067044,104.312967,0,ITF,204.2,16.8,25.0,5.0,2,4930,0,0,0,0,1,0

APPTR,I01-Y,01,ZGA43
IF,ZGA43,29.936158,104.412378, ,0.0,0.0,2,4930,0,1,200,0,1,0
CR,0,ZGA,213.0,295.0,0,0,0,0,0,0,0,0
CF,CI01,30.067044,104.312967,0,ITF,204.2,16.8,25.0,5.0,2,4930,0,0,0,0,1,0

FINAL,I01-Y,01,I,3
IF,CI01,30.067044,104.312967,ITF,204.2,16.8,2,4930,0,0,0,0,0,0
CF,FI01,30.124314,104.339725,0,ITF,204.2,13.1,25.0,3.7,1,4930,0,0,0,0,2,0
CF,RW01,30.290417,104.417528,0,ITF,204.2,2.3,25.0,10.7,1,1493,0,0,0,0,3,0
CF,D025B,30.323742,104.433833,0,WFX,192.1,17.2,25.0,2.2,0,0,0,0,0,0,0,1
CD, ,0,0,0,WFX,0,0.0,10.0,8.9,0,0,0,0,0,0,0,0
CF,D025P,30.022419,104.169858,1,WFX,207.6,38.8,205.0,30.0,1,4930,0,1,200,0,0,0

APPTR,I01-Z,01,TT703
IF,TT703,30.020472,104.446444, ,0.0,0.0,2,4930,0,1,200,0,1,0
TF,TT705,29.811583,104.348667,0, ,0.0,0.0,0.0,0.0,0,0,0,1,180,0,0,0
TF,TT505,29.858806,104.215667,0, ,0.0,0.0,0.0,0.0,0,0,0,0,0,0,0,0
TF,TT504,29.984083,104.274028,0, ,0.0,0.0,0.0,0.0,0,0,0,1,180,0,0,0
TF,TT503,30.067722,104.313139,0,ITF,0.0,0.0,0.0,0.0,2,4930,0,0,0,0,1,0

APPTR,I01-Z,01,TT904
IF,TT904,30.023111,104.163806, ,0.0,0.0,2,4930,0,1,200,0,1,0
TF,TT905,29.897722,104.105472,0, ,0.0,0.0,0.0,0.0,0,0,0,1,180,0,0,0
TF,TT505,29.858806,104.215667,0, ,0.0,0.0,0.0,0.0,0,0,0,0,0,0,0,0
TF,TT504,29.984083,104.274028,0, ,0.0,0.0,0.0,0.0,0,0,0,1,180,0,0,0
TF,TT503,30.067722,104.313139,0,ITF,0.0,0.0,0.0,0.0,2,4930,0,0,0,0,1,0

FINAL,I01-Z,01,I,3
IF,TT503,30.067722,104.313139,ITF,204.2,16.7,2,4930,0,0,0,0,0,0
CF,FI01,30.124314,104.339725,0,ITF,204.2,13.1,25.0,3.7,1,4930,0,0,0,0,2,0
CF,RW01,30.290417,104.417528,0,ITF,204.2,2.3,25.0,10.7,1,1493,0,0,0,0,3,0
CF,TT511,30.326333,104.434389,0,ZGA,226.2,22.1,25.0,2.3,0,0,0,0,0,0,0,1
CF,TT405,30.489472,104.458111,0,WFX,195.9,7.2,10.0,9.8,0,0,0,0,0,0,0,1
DF,TT902,30.329500,104.306917,1, ,0.0,0.0,0,0,0,1,200,0,0,0
TF,TT904,30.023111,104.163806,0, ,0.0,0.0,0.0,0.0,1,4930,0,0,0,0,0,0

APPTR,I02-X,02,TD01
IF,TD01,29.970361,104.422972, ,0.0,0.0,2,4930,0,1,200,0,1,0
TF,TD13,30.009444,104.312750,0, ,0.0,0.0,0.0,0.0,2,3940,0,1,180,0,1,0

APPTR,I02-X,02,TD02
IF,TD02,30.056556,104.179389, ,0.0,0.0,2,4930,0,1,200,0,1,0
TF,TD13,30.009444,104.312750,0, ,0.0,0.0,0.0,0.0,2,3940,0,1,180,0,1,0

FINAL,I02-X,02,I,3
IF,TD13,30.009444,104.312750,ITV,204.2,19.2,2,3940,0,0,0,0,0,0
CF,FI02,30.159522,104.383017,0,ITV,204.2,9.5,25.0,9.7,1,3940,0,0,0,0,2,0
CF,RW02,30.277639,104.438444,0,ITV,204.2,1.9,25.0,7.6,1,1503,0,0,0,0,3,0
CF,TT410,30.319833,104.458278,0,ZGA,223.1,21.6,25.0,2.7,0,0,0,0,0,0,0,1
DF,ZGA,30.591667,104.731667,2, ,0.0,0.0,1,4930,0,1,200,0,0,0
HM,ZGA,30.591667,104.731667,2, ,0.0,0.0,43.0,04.3,2,4930,0,1,205,0,0,0,0

APPTR,I02-Y,02,D025P
IF,D025P,30.022419,104.169858, ,0.0,0.0,2,4930,0,1,200,0,1,0
CR,0,WFX,199.0,115.0,0,0,0,0,0,0,0,0
CF,CI02,30.058939,104.335933,0,ITV,204.2,16.0,25.0,5.0,2,3940,0,0,0,0,1,0

APPTR,I02-Y,02,ZGA43
IF,ZGA43,29.936158,104.412378, ,0.0,0.0,2,3940,0,1,200,0,1,0
CR,0,ZGA,211.0,295.0,0,0,0,0,0,0,0,0
CF,CI02,30.058939,104.335933,0,ITV,204.2,16.0,25.0,5.0,2,3940,0,0,0,0,1,0

FINAL,I02-Y,02,I,3
IF,CI02,30.058939,104.335933,ITV,204.2,16.0,2,3940,0,0,0,0,0,0
CF,FI02,30.159522,104.383017,0,ITV,204.2,9.5,25.0,6.5,1,3940,0,0,0,0,2,0
CF,RW02,30.277639,104.438444,0,ITV,204.2,1.9,25.0,7.6,1,1503,0,0,0,0,3,0
CF,D025C,30.320200,104.459269,0,WFX,187.6,17.2,25.0,2.8,0,0,0,0,0,0,0,1
CF,ZGA,30.591667,104.731667,0,ZGA,0.0,0.0,43.0,21.5,1,4930,0,1,200,0,0,0
HM,ZGA,30.591667,104.731667,2, ,0.0,0.0,43.0,04.3,2,4930,0,0,0,0,0,0,0

APPTR,I02-Z,02,TT703
IF,TT703,30.020472,104.446444, ,0.0,0.0,2,4930,0,1,200,0,1,0
TF,TT705,29.811583,104.348667,0, ,0.0,0.0,0.0,0.0,0,0,0,1,180,0,0,0
TF,TT615,29.850694,104.238667,0, ,0.0,0.0,0.0,0.0,0,0,0,0,0,0,0,0
TF,TT614,29.976000,104.297139,0, ,0.0,0.0,0.0,0.0,0,0,0,1,180,0,0,0
TF,TT613,30.059556,104.336194,0,ITV,0.0,0.0,0.0,0.0,2,3940,0,0,0,0,1,0

APPTR,I02-Z,02,TT904
IF,TT904,30.023111,104.163806, ,0.0,0.0,2,4930,0,1,200,0,1,0
TF,TT905,29.897722,104.105472,0, ,0.0,0.0,0.0,0.0,0,0,0,1,180,0,0,0
TF,TT615,29.850694,104.238667,0, ,0.0,0.0,0.0,0.0,0,0,0,0,0,0,0,0
TF,TT614,29.976000,104.297139,0, ,0.0,0.0,0.0,0.0,0,0,0,1,180,0,0,0
TF,TT613,30.059556,104.336194,0,ITV,0.0,0.0,0.0,0.0,2,3940,0,0,0,0,1,0

FINAL,I02-Z,02,I,3
IF,TT613,30.059556,104.336194,ITV,204.2,16.0,2,3940,0,0,0,0,0,0
CF,FI02,30.159522,104.383017,0,ITV,204.2,9.5,25.0,6.5,1,3940,0,0,0,0,2,0
CF,RW02,30.277639,104.438444,0,ITV,204.2,1.9,25.0,7.6,1,1503,0,0,0,0,3,0
CF,TT410,30.319833,104.458278,0,ZGA,223.1,21.6,25.0,2.7,0,0,0,0,0,0,0,1
DF,ZGA,30.591667,104.731667,2, ,0.0,0.0,1,4930,0,1,200,0,0,0
HM,ZGA,30.591667,104.731667,2, ,0.0,0.0,43.0,04.3,2,4930,0,1,205,0,0,0,0

APPTR,I19-Y,19,D295O
IF,D295O,30.686056,104.473675, ,0.0,0.0,2,4930,0,1,200,0,1,0
FD,D295O,30.686056,104.473675,0,ZGA,295.0,9.9,115.0,9.9,0,0,0,0,0,0,0,0
CF,CI19,30.559386,104.544319,0,ICT,24.2,17.6,205.0,5.0,2,4930,0,0,0,0,1,0

APPTR,I19-Y,19,ZGA
IF,ZGA,30.591667,104.731667, ,0.0,0.0,2,4930,0,1,200,0,1,0
FD,ZGA,30.591667,104.731667,0,ZGA,0.0,6.7,295.0,6.7,0,0,0,0,0,0,0,0
CF,CI19,30.559386,104.544319,0,ICT,24.2,17.6,205.0,5.0,2,4930,0,0,0,0,1,0

FINAL,I19-Y,19,I,3
IF,CI19,30.559386,104.544319,ICT,24.2,17.6,2,4930,0,0,0,0,0,0
CF,FI19,30.489806,104.511442,0,ICT,24.2,13.1,205.0,4.5,1,4930,0,0,0,0,2,0
CF,RW19,30.323833,104.433222,0,ICT,24.2,2.3,205.0,10.7,1,1497,0,0,0,0,3,0
CF,D205C,30.282753,104.413131,0,BHS,143.0,17.6,205.0,2.7,0,0,0,0,0,0,0,1
CA,0,205.0,2,2300,0,0,0,0,0,0
CI,2, ,0.0,355.0,0,0,0,0,0,0,0,0
CF,D295O,30.686056,104.473675,0,ZGA,295.0,14.5,25.0,22.0,1,4930,0,1,200,0,0,0

APPTR,I19-Z,19,TT724
IF,TT724,30.595639,104.717806, ,0.0,0.0,2,4930,0,1,200,0,1,0
TF,TT726,30.762500,104.797167,0, ,0.0,0.0,0.0,0.0,0,0,0,1,180,0,0,0
TF,TT516,30.810083,104.663028,0, ,0.0,0.0,0.0,0.0,0,0,0,0,0,0,0,0
TF,TT515,30.726611,104.623417,0, ,0.0,0.0,0.0,0.0,0,0,0,0,0,0,0,0
TF,TT514,30.643139,104.583861,0, ,0.0,0.0,0.0,0.0,0,0,0,1,180,0,0,0
TF,TT513,30.559667,104.544361,0,ICT,0.0,0.0,0.0,0.0,2,4930,0,0,0,0,1,0

APPTR,I19-Z,19,TT923
IF,TT923,30.598806,104.433556, ,0.0,0.0,2,4930,0,1,200,0,1,0
TF,TT926,30.849333,104.551972,0, ,0.0,0.0,0.0,0.0,0,0,0,1,180,0,0,0
TF,TT516,30.810083,104.663028,0, ,0.0,0.0,0.0,0.0,0,0,0,0,0,0,0,0
TF,TT515,30.726611,104.623417,0, ,0.0,0.0,0.0,0.0,0,0,0,0,0,0,0,0
TF,TT514,30.643139,104.583861,0, ,0.0,0.0,0.0,0.0,0,0,0,1,180,0,0,0
TF,TT513,30.559667,104.544361,0,ICT,0.0,0.0,0.0,0.0,2,4930,0,0,0,0,1,0

FINAL,I19-Z,19,I,3
IF,TT513,30.559667,104.544361,ICT,24.2,17.6,2,4930,0,0,0,0,0,0
CF,FI19,30.489806,104.511442,0,ICT,24.2,13.1,205.0,4.5,1,4930,0,0,0,0,2,0
CF,RW19,30.323833,104.433222,0,ICT,24.2,2.3,205.0,10.7,1,1497,0,0,0,0,3,0
CF,TT501,30.287917,104.416361,0,WFX,193.6,19.5,205.0,2.3,0,0,0,0,0,0,0,1
CA,0,205.0,2,2300,0,0,0,0,0,0
DF,TT921,30.431750,104.354944,2, ,0.0,0.0,0,0,0,1,200,0,0,0
TF,TT923,30.598806,104.433556,0, ,0.0,0.0,0.0,0.0,1,4930,0,0,0,0,0,0

APPTR,I20-Y,20,D295O
IF,D295O,30.686056,104.473675, ,0.0,0.0,2,4930,0,1,200,0,1,0
FD,D295O,30.686056,104.473675,0,ZGA,295.0,8.6,115.0,8.6,0,0,0,0,0,0,0,0
CF,CI20,30.550728,104.567397,0,IFM,24.2,17.9,205.0,5.0,2,3940,0,0,0,0,1,0

APPTR,I20-Y,20,ZGA
IF,ZGA,30.591667,104.731667, ,0.0,0.0,2,3940,0,1,200,0,1,0
FD,ZGA,30.591667,104.731667,0,ZGA,0.0,5.4,295.0,5.4,0,0,0,0,0,0,0,0
CF,CI20,30.550728,104.567397,0,IFM,24.2,17.9,205.0,5.0,2,3940,0,0,0,0,1,0

FINAL,I20-Y,20,I,3
IF,CI20,30.550728,104.567397,IFM,24.2,17.9,2,3940,0,0,0,0,0,0
CF,FI20,30.422417,104.506711,0,IFM,24.2,9.6,205.0,8.3,1,3940,0,0,0,0,2,0
CF,RW20,30.304361,104.451028,0,IFM,24.3,1.9,205.0,7.6,1,1503,0,0,0,0,3,0
CF,D205B,30.269461,104.433961,0,ZGA,220.8,24.7,205.0,2.3,0,0,0,0,0,0,0,1
CA,0,190.0,2,2300,0,1,200,0,0,0
DF,ZYG,29.940000,104.738333,1, ,0.0,0.0,1,4930,0,1,200,0,0,0
HM,ZYG,29.940000,104.738333,2, ,0.0,0.0,22.0,04.3,2,4930,0,1,205,0,0,0,0

APPTR,I20-Z,20,TT724
IF,TT724,30.595639,104.717806, ,0.0,0.0,2,4930,0,1,200,0,1,0
TF,TT726,30.762500,104.797167,0, ,0.0,0.0,0.0,0.0,0,0,0,1,180,0,0,0
TF,TT626,30.801861,104.686250,0, ,0.0,0.0,0.0,0.0,0,0,0,0,0,0,0,0
TF,TT625,30.718389,104.646611,0, ,0.0,0.0,0.0,0.0,0,0,0,0,0,0,0,0
TF,TT624,30.634944,104.607028,0, ,0.0,0.0,0.0,0.0,0,0,0,1,180,0,0,0
TF,TT623,30.551444,104.567528,0,IFM,0.0,0.0,0.0,0.0,2,3940,0,0,0,0,1,0

APPTR,I20-Z,20,TT923
IF,TT923,30.598806,104.433556, ,0.0,0.0,2,4930,0,1,200,0,1,0
TF,TT926,30.849333,104.551972,0, ,0.0,0.0,0.0,0.0,2,4930,0,1,180,0,0,0
TF,TT626,30.801861,104.686250,0, ,0.0,0.0,0.0,0.0,0,0,0,0,0,0,0,0
TF,TT625,30.718389,104.646611,0, ,0.0,0.0,0.0,0.0,0,0,0,0,0,0,0,0
TF,TT624,30.634944,104.607028,0, ,0.0,0.0,0.0,0.0,0,0,0,1,180,0,0,0
TF,TT623,30.551444,104.567528,0,IFM,0.0,0.0,0.0,0.0,2,3940,0,0,0,0,1,0

FINAL,I20-Z,20,I,3
IF,TT623,30.551444,104.567528,IFM,24.2,17.9,2,3940,0,0,0,0,0,0
CF,FI20,30.422417,104.506711,0,IFM,24.2,9.6,205.0,8.3,1,3940,0,0,0,0,2,0
CF,RW20,30.304361,104.451028,0,IFM,24.3,1.9,205.0,7.6,1,1503,0,0,0,0,3,0
CF,TT601,30.269278,104.434528,0,ZGA,220.7,24.7,205.0,2.3,0,0,0,0,0,0,0,1
CA,0,190.0,2,2300,0,0,0,0,0,0
DF,ZYG,29.940000,104.738333,1, ,0.0,0.0,1,4930,0,1,200,0,0,0
HM,ZYG,29.940000,104.738333,2, ,0.0,0.0,22.0,04.3,2,4930,0,1,205,0,0,0,0

