SID,ATVA6N,02R,5
CF,UU463,30.552139,103.951861,0,CZH,114.0,14.8,24.0,1.0,0,0,0,0,0,0,0,1
VA,0,39.0,2,2470,0,0,0,0,0,0
DF,UU405,30.471056,104.125194,2, ,0.0,0.0,0,0,0,0,0,0,0,0
TF,ATVAX,29.503333,105.023611,0, ,0.0,0.0,0.0,0.0,0,0,0,0,0,0,0,0

SID,ATVA7K,02L,5
CF,UU461,30.596028,103.955167,0,CZH,103.8,14.2,24.0,1.0,0,0,0,0,0,0,0,1
TF,UU401,30.674111,103.991528,0, ,0.0,0.0,0.0,0.0,0,0,0,0,0,0,0,1
DF,UU402,30.753417,104.135750,0, ,0.0,0.0,0,0,0,0,0,0,0,1
DF,ATVAX,29.503333,105.023611,2, ,0.0,0.0,0,0,0,0,0,0,0,0

SID,ATVA9W,02L,4
CF,UU461,30.596028,103.955167,0,CTU,26.3,1.5,24.0,1.0,0,0,0,0,0,0,0,1
TF,UU401,30.674111,103.991528,0, ,0.0,0.0,0.0,0.0,0,0,0,0,0,0,0,1
DF,UU402,30.753417,104.135750,0, ,0.0,0.0,0,0,0,0,0,0,0,1
DF,UU405,30.471056,104.125194,2, ,0.0,0.0,0,0,0,1,250,0,0,0
TF,UU406,30.266222,104.029611,0, ,0.0,0.0,0.0,0.0,0,0,0,0,0,0,0,0
TF,ATVAX,29.503333,105.023611,0, ,0.0,0.0,0.0,0.0,0,0,0,0,0,0,0,0

SID,ATVA9W,02R,4
CF,UU463,30.552139,103.951861,0,CTU,162.8,1.3,24.0,1.0,0,0,0,0,0,0,0,1
VA,0,39.0,2,2470,0,0,0,0,0,0
DF,UU405,30.471056,104.125194,2, ,0.0,0.0,0,0,0,1,250,0,0,0
TF,UU406,30.266222,104.029611,0, ,0.0,0.0,0.0,0.0,0,0,0,0,0,0,0,0
TF,ATVAX,29.503333,105.023611,0, ,0.0,0.0,0.0,0.0,0,0,0,0,0,0,0,0

SID,ATVA9W,20L,4
CF,UU462,30.517000,103.935500,0,CDX,209.7,49.5,204.0,1.0,0,0,0,0,0,0,0,1
CF,UU421,30.309361,103.906361,0,CDX,205.6,61.4,189.0,13.0,0,0,0,0,0,0,0,0
TF,UU432,30.072611,103.874083,0, ,0.0,0.0,0.0,0.0,0,0,0,0,0,0,0,0
TF,JYA,29.773333,104.048333,0, ,0.0,0.0,0.0,0.0,0,0,0,0,0,0,0,0
TF,ATVAX,29.503333,105.023611,0, ,0.0,0.0,0.0,0.0,0,0,0,0,0,0,0,0

SID,ATVA9W,20R,4
CF,UU460,30.561056,103.938750,0,CDX,211.0,47.1,204.0,1.0,0,0,0,0,0,0,0,1
TF,UU431,30.227611,103.784250,0, ,0.0,0.0,0.0,0.0,0,0,0,0,0,0,0,0
TF,UU432,30.072611,103.874083,0, ,0.0,0.0,0.0,0.0,0,0,0,0,0,0,0,0
TF,JYA,29.773333,104.048333,0, ,0.0,0.0,0.0,0.0,0,0,0,0,0,0,0,0
TF,ATVAX,29.503333,105.023611,0, ,0.0,0.0,0.0,0.0,0,0,0,0,0,0,0,0

SID,ATVAD4,20L,2
DF,DE20L,30.519497,103.936669,0, ,0.0,0.0,0,0,0,0,0,0,0,1
CD, ,0,0,0,CTU,0,0.0,189.0,14.0,0,0,0,0,0,0,0,0
CI,0, ,0.0,137.0,0,0,0,0,0,0,0,0
CF,D136Z,30.000597,104.052614,0,JYA,2.9,13.6,184.0,13.0,0,0,0,0,0,0,0,0
TF,ZYG,29.940000,104.738333,0, ,0.0,0.0,0.0,0.0,0,0,0,0,0,0,0,0
TF,ATVAX,29.503333,105.023611,0, ,0.0,0.0,0.0,0.0,0,0,0,0,0,0,0,0

SID,ATVAG2,20R,2
CD, ,0,0,0,CTU,0,0.0,204.0,4.7,0,0,0,0,0,0,0,0
CF,D136F,30.228206,103.784500,0,HLC,135.4,6.4,204.0,17.0,0,0,0,0,0,0,0,0
TF,D136Z,30.000597,104.052614,0, ,0.0,0.0,0.0,0.0,0,0,0,0,0,0,0,0
TF,ZYG,29.940000,104.738333,0, ,0.0,0.0,0.0,0.0,0,0,0,0,0,0,0,0
TF,ATVAX,29.503333,105.023611,0, ,0.0,0.0,0.0,0.0,0,0,0,0,0,0,0,0

SID,ATVAH3,02R,2
DF,DE02R,30.549628,103.950686,0, ,0.0,0.0,0,0,0,0,0,0,0,1
CA,0,39.0,2,2470,0,0,0,0,0,0
DF,BHS,30.511667,104.200000,2, ,0.0,0.0,0,0,0,0,0,0,0,0
TF,ATVAX,29.503333,105.023611,0, ,0.0,0.0,0.0,0.0,0,0,0,0,0,0,0,0

SID,ATVAK1,02L,2
CD, ,0,0,0,CTU,0,0.0,24.0,6.6,0,0,0,0,0,0,0,0
CF,D243O,30.749936,104.136250,0,CTU,45.3,14.5,63.0,9.0,0,0,0,0,0,0,0,1
DF,BHS,30.511667,104.200000,2, ,0.0,0.0,0,0,0,0,0,0,0,0
TF,ATVAX,29.503333,105.023611,0, ,0.0,0.0,0.0,0.0,0,0,0,0,0,0,0,0

SID,BOKR6N,02R,5
CF,UU463,30.552139,103.951861,0,CZH,114.0,14.8,24.0,1.0,0,0,0,0,0,0,0,1
VA,0,39.0,2,2470,0,0,0,0,0,0
DF,UU412,30.640000,104.203778,0, ,0.0,0.0,0,0,0,0,0,0,0,1
DF,BOKIR,31.767778,104.349722,0, ,0.0,0.0,0,0,0,0,0,0,0,0

SID,BOKR7K,02L,5
CF,UU461,30.596028,103.955167,0,CZH,103.8,14.2,24.0,1.0,0,0,0,0,0,0,0,1
TF,UU401,30.674111,103.991528,0, ,0.0,0.0,0.0,0.0,0,0,0,0,0,0,0,1
DF,UU402,30.753417,104.135750,0, ,0.0,0.0,0,0,0,0,0,0,0,1
DF,BOKIR,31.767778,104.349722,0, ,0.0,0.0,0,0,0,0,0,0,0,0

SID,BOKR8T,02L,5
CF,UU461,30.596028,103.955167,0,CDX,211.4,44.9,24.0,1.0,0,0,0,0,0,0,0,1
VA,0,9.0,2,2300,0,0,0,0,0,0
DF,UU408,30.727639,103.892583,0, ,0.0,0.0,0,0,0,0,0,0,0,1
DF,UU409,31.089167,104.190278,0, ,0.0,0.0,0,0,0,0,0,0,0,0
TF,CDX,31.250000,104.380000,0, ,0.0,0.0,0.0,0.0,0,0,0,0,0,0,0,0
TF,BOKIR,31.767778,104.349722,0, ,0.0,0.0,0.0,0.0,0,0,0,0,0,0,0,0

SID,BOKR9W,02L,4
CF,UU461,30.596028,103.955167,0,CTU,26.3,1.5,24.0,1.0,0,0,0,0,0,0,0,1
TF,UU401,30.674111,103.991528,0, ,0.0,0.0,0.0,0.0,0,0,0,0,0,0,0,1
DF,UU402,30.753417,104.135750,0, ,0.0,0.0,0,0,0,0,0,0,0,1
DF,UU403,30.961972,104.236500,0, ,0.0,0.0,0,0,0,0,0,0,0,0
TF,CDX,31.250000,104.380000,0, ,0.0,0.0,0.0,0.0,0,0,0,0,0,0,0,0

SID,BOKR9W,02R,4
CF,UU463,30.552139,103.951861,0,CTU,162.8,1.3,24.0,1.0,0,0,0,0,0,0,0,1
VA,0,39.0,2,2470,0,0,0,0,0,0
DF,UU412,30.640000,104.203778,0, ,0.0,0.0,0,0,0,0,0,0,0,1
DF,UU413,30.931611,104.291083,0, ,0.0,0.0,0,0,0,0,0,0,0,0
TF,CDX,31.250000,104.380000,0, ,0.0,0.0,0.0,0.0,0,0,0,0,0,0,0,0

SID,BOKR9W,20L,4
CF,UU462,30.517000,103.935500,0,CDX,209.7,49.5,204.0,1.0,0,0,0,0,0,0,0,1
CF,UU421,30.309361,103.906361,0,CDX,205.6,61.4,189.0,13.0,0,0,0,0,0,0,0,0
TF,UU426,30.253000,104.067333,0, ,0.0,0.0,0.0,0.0,0,0,0,0,0,0,0,0
TF,UU427,30.463917,104.177139,0, ,0.0,0.0,0.0,0.0,0,0,0,0,0,0,0,0
TF,JTG,30.871667,104.390000,0, ,0.0,0.0,0.0,0.0,0,0,0,0,0,0,0,0
TF,CDX,31.250000,104.380000,0, ,0.0,0.0,0.0,0.0,0,0,0,0,0,0,0,0

SID,BOKR9W,20R,4
CF,UU460,30.561056,103.938750,0,CDX,211.0,47.1,204.0,1.0,0,0,0,0,0,0,0,1
TF,ZW,30.500000,103.908333,0, ,0.0,0.0,0.0,0.0,0,0,0,0,0,0,0,1
DF,UU436,30.731139,103.956167,2, ,0.0,0.0,0,0,0,0,0,0,0,0
TF,CDX,31.250000,104.380000,0, ,0.0,0.0,0.0,0.0,0,0,0,0,0,0,0,0

SID,BOKR9W,ALL,5
IF,CDX,31.250000,104.380000, ,0.0,0.0,0,0,0,0,0,0,0,0
TF,BOKIR,31.767778,104.349722,0, ,0.0,0.0,0.0,0.0,0,0,0,0,0,0,0,0

SID,BOKRD4,20L,2
DF,DE20L,30.519497,103.936669,0, ,0.0,0.0,0,0,0,0,0,0,0,1
CD, ,0,0,0,CTU,0,0.0,189.0,14.0,0,0,0,0,0,0,0,0
VI,1, ,0.0,71.0,0,0,0,0,0,0,0,0
CF,BHS,30.511667,104.200000,0,BHS,0.0,0.0,26.0,11.0,0,0,0,0,0,0,0,0
TF,JTG,30.871667,104.390000,0, ,0.0,0.0,0.0,0.0,0,0,0,0,0,0,0,0
TF,CDX,31.250000,104.380000,0, ,0.0,0.0,0.0,0.0,0,0,0,0,0,0,0,0
TF,BOKIR,31.767778,104.349722,0, ,0.0,0.0,0.0,0.0,0,0,0,0,0,0,0,0

SID,BOKRG2,20R,2
CD, ,0,0,0,CTU,0,0.0,204.0,4.7,0,0,0,0,0,0,0,0
VI,2, ,0.0,7.0,0,0,0,0,0,0,0,0
CF,D274P,30.880553,104.082869,0,JTG,274.0,15.9,37.0,22.0,0,0,0,0,0,0,0,0
TF,CDX,31.250000,104.380000,0, ,0.0,0.0,0.0,0.0,0,0,0,0,0,0,0,0
TF,BOKIR,31.767778,104.349722,0, ,0.0,0.0,0.0,0.0,0,0,0,0,0,0,0,0

SID,BOKRH3,02R,2
DF,DE02R,30.549628,103.950686,0, ,0.0,0.0,0,0,0,0,0,0,0,1
CA,0,39.0,2,2470,0,0,0,0,0,0
CF,D071R,30.677242,104.257656,0,CTU,71.0,17.4,71.0,16.0,0,0,0,0,0,0,0,0
TF,JTG,30.871667,104.390000,0, ,0.0,0.0,0.0,0.0,0,0,0,0,0,0,0,0
TF,CDX,31.250000,104.380000,0, ,0.0,0.0,0.0,0.0,0,0,0,0,0,0,0,0
TF,BOKIR,31.767778,104.349722,0, ,0.0,0.0,0.0,0.0,0,0,0,0,0,0,0,0

SID,BOKRK1,02L,2
CD, ,0,0,0,CTU,0,0.0,24.0,6.6,0,0,0,0,0,0,0,0
CF,D243O,30.749936,104.136250,0,CTU,45.3,14.5,63.0,9.0,0,0,0,0,0,0,0,0
TF,CDX,31.250000,104.380000,0, ,0.0,0.0,0.0,0.0,0,0,0,0,0,0,0,0
TF,BOKIR,31.767778,104.349722,0, ,0.0,0.0,0.0,0.0,0,0,0,0,0,0,0,0

SID,GURE6N,02R,5
CF,UU463,30.552139,103.951861,0,CZH,114.0,14.8,24.0,1.0,0,0,0,0,0,0,0,1
VA,0,39.0,2,2470,0,0,0,0,0,0
DF,UU412,30.640000,104.203778,0, ,0.0,0.0,0,0,0,0,0,0,0,1
DF,GURET,31.233333,105.357222,0, ,0.0,0.0,0,0,0,0,0,0,0,0

SID,GURE7K,02L,5
CF,UU461,30.596028,103.955167,0,CZH,103.8,14.2,24.0,1.0,0,0,0,0,0,0,0,1
TF,UU401,30.674111,103.991528,0, ,0.0,0.0,0.0,0.0,0,0,0,0,0,0,0,1
DF,UU402,30.753417,104.135750,0, ,0.0,0.0,0,0,0,0,0,0,0,1
DF,GURET,31.233333,105.357222,0, ,0.0,0.0,0,0,0,0,0,0,0,0

SID,GURE8T,02L,5
CF,UU461,30.596028,103.955167,0,CDX,211.4,44.9,24.0,1.0,0,0,0,0,0,0,0,1
VA,0,9.0,2,2300,0,0,0,0,0,0
DF,UU408,30.727639,103.892583,0, ,0.0,0.0,0,0,0,0,0,0,0,1
DF,UU409,31.089167,104.190278,0, ,0.0,0.0,0,0,0,0,0,0,0,0
TF,GURET,31.233333,105.357222,0, ,0.0,0.0,0.0,0.0,0,0,0,0,0,0,0,0

SID,GURE9W,02L,4
CF,UU461,30.596028,103.955167,0,CDX,211.4,44.9,24.0,1.0,0,0,0,0,0,0,0,1
TF,UU401,30.674111,103.991528,0, ,0.0,0.0,0.0,0.0,0,0,0,0,0,0,0,1
DF,UU402,30.753417,104.135750,0, ,0.0,0.0,0,0,0,0,0,0,0,1
DF,UU403,30.961972,104.236500,0, ,0.0,0.0,0,0,0,0,0,0,0,1
DF,UU404,31.021944,104.969472,0, ,0.0,0.0,0,0,0,0,0,0,0,0

SID,GURE9W,02R,4
CF,UU463,30.552139,103.951861,0,CTU,162.8,1.3,24.0,1.0,0,0,0,0,0,0,0,1
VA,0,39.0,2,2470,0,0,0,0,0,0
DF,UU412,30.640000,104.203778,0, ,0.0,0.0,0,0,0,0,0,0,0,1
DF,UU413,30.931611,104.291083,0, ,0.0,0.0,0,0,0,0,0,0,0,1
DF,UU404,31.021944,104.969472,0, ,0.0,0.0,0,0,0,0,0,0,0,0

SID,GURE9W,20L,4
CF,UU462,30.517000,103.935500,0,CDX,209.7,49.5,204.0,1.0,0,0,0,0,0,0,0,1
CF,UU421,30.309361,103.906361,0,CDX,205.6,61.4,189.0,13.0,0,0,0,0,0,0,0,0
TF,UU426,30.253000,104.067333,0, ,0.0,0.0,0.0,0.0,0,0,0,0,0,0,0,0
TF,UU427,30.463917,104.177139,0, ,0.0,0.0,0.0,0.0,0,0,0,0,0,0,0,0
TF,JTG,30.871667,104.390000,0, ,0.0,0.0,0.0,0.0,0,0,0,0,0,0,0,0
TF,UU404,31.021944,104.969472,0, ,0.0,0.0,0.0,0.0,0,0,0,0,0,0,0,0

SID,GURE9W,20R,4
CF,UU460,30.561056,103.938750,0,CDX,211.0,47.1,204.0,1.0,0,0,0,0,0,0,0,1
TF,ZW,30.500000,103.908333,0, ,0.0,0.0,0.0,0.0,0,0,0,0,0,0,0,1
DF,UU436,30.731139,103.956167,2, ,0.0,0.0,0,0,0,0,0,0,0,0
TF,JTG,30.871667,104.390000,0, ,0.0,0.0,0.0,0.0,0,0,0,0,0,0,0,0
TF,UU404,31.021944,104.969472,0, ,0.0,0.0,0.0,0.0,0,0,0,0,0,0,0,0

SID,GURE9W,ALL,5
IF,UU404,31.021944,104.969472, ,0.0,0.0,0,0,0,0,0,0,0,0
TF,GURET,31.233333,105.357222,0, ,0.0,0.0,0.0,0.0,0,0,0,0,0,0,0,0

SID,GURED4,20L,2
DF,DE20L,30.519497,103.936669,0, ,0.0,0.0,0,0,0,0,0,0,0,1
CD, ,0,0,0,CTU,0,0.0,189.0,14.0,0,0,0,0,0,0,0,0
VI,1, ,0.0,71.0,0,0,0,0,0,0,0,0
CF,BHS,30.511667,104.200000,0,BHS,0.0,0.0,26.0,11.0,0,0,0,0,0,0,0,0
TF,JTG,30.871667,104.390000,0, ,0.0,0.0,0.0,0.0,0,0,0,0,0,0,0,0
TF,GURET,31.233333,105.357222,0, ,0.0,0.0,0.0,0.0,0,0,0,0,0,0,0,0

SID,GUREG2,20R,2
CD, ,0,0,0,CTU,0,0.0,204.0,4.7,0,0,0,0,0,0,0,0
VI,2, ,0.0,7.0,0,0,0,0,0,0,0,0
CF,D274P,30.880553,104.082869,0,JTG,274.0,15.9,37.0,22.0,0,0,0,0,0,0,0,0
TF,CDX,31.250000,104.380000,0, ,0.0,0.0,0.0,0.0,0,0,0,0,0,0,0,0
TF,GURET,31.233333,105.357222,0, ,0.0,0.0,0.0,0.0,0,0,0,0,0,0,0,0

SID,GUREH3,02R,2
DF,DE02R,30.549628,103.950686,0, ,0.0,0.0,0,0,0,0,0,0,0,1
CA,0,39.0,2,2470,0,0,0,0,0,0
CF,D071R,30.677242,104.257656,0,CTU,71.0,17.4,71.0,16.0,0,0,0,0,0,0,0,0
TF,JTG,30.871667,104.390000,0, ,0.0,0.0,0.0,0.0,0,0,0,0,0,0,0,0
TF,GURET,31.233333,105.357222,0, ,0.0,0.0,0.0,0.0,0,0,0,0,0,0,0,0

SID,GUREK1,02L,2
CD, ,0,0,0,CTU,0,0.0,24.0,6.6,0,0,0,0,0,0,0,0
CF,D243O,30.749936,104.136250,0,CTU,45.3,14.5,63.0,9.0,0,0,0,0,0,0,0,0
TF,CDX,31.250000,104.380000,0, ,0.0,0.0,0.0,0.0,0,0,0,0,0,0,0,0
TF,GURET,31.233333,105.357222,0, ,0.0,0.0,0.0,0.0,0,0,0,0,0,0,0,0

SID,IDBR6N,02R,5
CF,UU463,30.552139,103.951861,0,CZH,114.0,14.8,24.0,1.0,0,0,0,0,0,0,0,1
VA,0,39.0,2,2470,0,0,0,0,0,0
DF,UU405,30.471056,104.125194,2, ,0.0,0.0,0,0,0,0,0,0,0,0
TF,IDBOR,29.334167,104.857500,0, ,0.0,0.0,0.0,0.0,0,0,0,0,0,0,0,0

SID,IDBR7K,02L,5
CF,UU461,30.596028,103.955167,0,CZH,103.8,14.2,24.0,1.0,0,0,0,0,0,0,0,1
TF,UU401,30.674111,103.991528,0, ,0.0,0.0,0.0,0.0,0,0,0,0,0,0,0,1
DF,UU402,30.753417,104.135750,0, ,0.0,0.0,0,0,0,0,0,0,0,1
DF,IDBOR,29.334167,104.857500,2, ,0.0,0.0,0,0,0,0,0,0,0,0

SID,IDBR9W,02L,4
CF,UU461,30.596028,103.955167,0,CTU,26.3,1.5,24.0,1.0,0,0,0,0,0,0,0,1
TF,UU401,30.674111,103.991528,0, ,0.0,0.0,0.0,0.0,0,0,0,0,0,0,0,1
DF,UU402,30.753417,104.135750,0, ,0.0,0.0,0,0,0,0,0,0,0,1
DF,UU405,30.471056,104.125194,2, ,0.0,0.0,0,0,0,1,250,0,0,0
TF,UU406,30.266222,104.029611,0, ,0.0,0.0,0.0,0.0,0,0,0,0,0,0,0,0
TF,IDBOR,29.334167,104.857500,0, ,0.0,0.0,0.0,0.0,0,0,0,0,0,0,0,0

SID,IDBR9W,02R,4
CF,UU463,30.552139,103.951861,0,CTU,162.8,1.3,24.0,1.0,0,0,0,0,0,0,0,1
VA,0,39.0,2,2470,0,0,0,0,0,0
DF,UU405,30.471056,104.125194,2, ,0.0,0.0,0,0,0,1,250,0,0,0
TF,UU406,30.266222,104.029611,0, ,0.0,0.0,0.0,0.0,0,0,0,0,0,0,0,0
TF,IDBOR,29.334167,104.857500,0, ,0.0,0.0,0.0,0.0,0,0,0,0,0,0,0,0

SID,IDBR9W,20L,4
CF,UU462,30.517000,103.935500,0,CDX,209.7,49.5,204.0,1.0,0,0,0,0,0,0,0,1
CF,UU421,30.309361,103.906361,0,CDX,205.6,61.4,189.0,13.0,0,0,0,0,0,0,0,0
TF,UU432,30.072611,103.874083,0, ,0.0,0.0,0.0,0.0,0,0,0,0,0,0,0,0
TF,JYA,29.773333,104.048333,0, ,0.0,0.0,0.0,0.0,0,0,0,0,0,0,0,0
TF,IDBOR,29.334167,104.857500,0, ,0.0,0.0,0.0,0.0,0,0,0,0,0,0,0,0

SID,IDBR9W,20R,4
CF,UU460,30.561056,103.938750,0,CDX,211.0,47.1,204.0,1.0,0,0,0,0,0,0,0,1
TF,UU431,30.227611,103.784250,0, ,0.0,0.0,0.0,0.0,0,0,0,0,0,0,0,0
TF,UU432,30.072611,103.874083,0, ,0.0,0.0,0.0,0.0,0,0,0,0,0,0,0,0
TF,JYA,29.773333,104.048333,0, ,0.0,0.0,0.0,0.0,0,0,0,0,0,0,0,0
TF,IDBOR,29.334167,104.857500,0, ,0.0,0.0,0.0,0.0,0,0,0,0,0,0,0,0

SID,IDBRD4,20L,2
DF,DE20L,30.519497,103.936669,0, ,0.0,0.0,0,0,0,0,0,0,0,1
CD, ,0,0,0,CTU,0,0.0,189.0,14.0,0,0,0,0,0,0,0,0
CI,0, ,0.0,137.0,0,0,0,0,0,0,0,0
CF,D136Z,30.000597,104.052614,0,JYA,2.9,13.6,184.0,13.0,0,0,0,0,0,0,0,0
TF,IDBOR,29.334167,104.857500,0, ,0.0,0.0,0.0,0.0,0,0,0,0,0,0,0,0

SID,IDBRG2,20R,2
CD, ,0,0,0,CTU,0,0.0,204.0,4.7,0,0,0,0,0,0,0,0
CF,D136F,30.228206,103.784500,0,HLC,135.4,6.4,204.0,17.0,0,0,0,0,0,0,0,0
TF,D136Z,30.000597,104.052614,0, ,0.0,0.0,0.0,0.0,0,0,0,0,0,0,0,0
TF,IDBOR,29.334167,104.857500,0, ,0.0,0.0,0.0,0.0,0,0,0,0,0,0,0,0

SID,IDBRH3,02R,2
DF,DE02R,30.549628,103.950686,0, ,0.0,0.0,0,0,0,0,0,0,0,1
CA,0,39.0,2,2470,0,0,0,0,0,0
DF,BHS,30.511667,104.200000,2, ,0.0,0.0,0,0,0,0,0,0,0,0
TF,IDBOR,29.334167,104.857500,0, ,0.0,0.0,0.0,0.0,0,0,0,0,0,0,0,0

SID,IDBRK1,02L,2
CD, ,0,0,0,CTU,0,0.0,24.0,6.6,0,0,0,0,0,0,0,0
CF,D243O,30.749936,104.136250,0,CTU,45.3,14.5,63.0,9.0,0,0,0,0,0,0,0,1
DF,BHS,30.511667,104.200000,2, ,0.0,0.0,0,0,0,0,0,0,0,0
TF,IDBOR,29.334167,104.857500,0, ,0.0,0.0,0.0,0.0,0,0,0,0,0,0,0,0

SID,LUVE6N,02R,5
CF,UU463,30.552139,103.951861,0,CZH,114.0,14.8,24.0,1.0,0,0,0,0,0,0,0,1
VA,0,39.0,2,2470,0,0,0,0,0,0
DF,UU405,30.471056,104.125194,2, ,0.0,0.0,0,0,0,0,0,0,0,0
TF,LUVEN,29.389722,104.033333,0, ,0.0,0.0,0.0,0.0,0,0,0,0,0,0,0,0

SID,LUVE7K,02L,5
CF,UU461,30.596028,103.955167,0,CZH,103.8,14.2,24.0,1.0,0,0,0,0,0,0,0,1
TF,UU401,30.674111,103.991528,0, ,0.0,0.0,0.0,0.0,0,0,0,0,0,0,0,1
DF,UU402,30.753417,104.135750,0, ,0.0,0.0,0,0,0,0,0,0,0,1
DF,LUVEN,29.389722,104.033333,2, ,0.0,0.0,0,0,0,0,0,0,0,0

SID,LUVE9W,02L,4
CF,UU461,30.596028,103.955167,0,CTU,26.3,1.5,24.0,1.0,0,0,0,0,0,0,0,1
TF,UU401,30.674111,103.991528,0, ,0.0,0.0,0.0,0.0,0,0,0,0,0,0,0,1
DF,UU402,30.753417,104.135750,0, ,0.0,0.0,0,0,0,0,0,0,0,1
DF,UU405,30.471056,104.125194,2, ,0.0,0.0,0,0,0,1,250,0,0,0
TF,UU406,30.266222,104.029611,0, ,0.0,0.0,0.0,0.0,0,0,0,0,0,0,0,0
TF,JYA,29.773333,104.048333,0, ,0.0,0.0,0.0,0.0,0,0,0,0,0,0,0,0

SID,LUVE9W,02R,4
CF,UU463,30.552139,103.951861,0,CTU,162.8,1.3,24.0,1.0,0,0,0,0,0,0,0,1
VA,0,39.0,2,2470,0,0,0,0,0,0
DF,UU405,30.471056,104.125194,2, ,0.0,0.0,0,0,0,1,250,0,0,0
TF,UU406,30.266222,104.029611,0, ,0.0,0.0,0.0,0.0,0,0,0,0,0,0,0,0
TF,JYA,29.773333,104.048333,0, ,0.0,0.0,0.0,0.0,0,0,0,0,0,0,0,0

SID,LUVE9W,20L,4
CF,UU462,30.517000,103.935500,0,CDX,209.7,49.5,204.0,1.0,0,0,0,0,0,0,0,1
CF,UU421,30.309361,103.906361,0,CDX,205.6,61.4,189.0,13.0,0,0,0,0,0,0,0,0
TF,UU432,30.072611,103.874083,0, ,0.0,0.0,0.0,0.0,0,0,0,0,0,0,0,0
TF,JYA,29.773333,104.048333,0, ,0.0,0.0,0.0,0.0,0,0,0,0,0,0,0,0

SID,LUVE9W,20R,4
CF,UU460,30.561056,103.938750,0,CDX,211.0,47.1,204.0,1.0,0,0,0,0,0,0,0,1
TF,UU431,30.227611,103.784250,0, ,0.0,0.0,0.0,0.0,0,0,0,0,0,0,0,0
TF,UU432,30.072611,103.874083,0, ,0.0,0.0,0.0,0.0,0,0,0,0,0,0,0,0
TF,JYA,29.773333,104.048333,0, ,0.0,0.0,0.0,0.0,0,0,0,0,0,0,0,0

SID,LUVE9W,ALL,5
IF,JYA,29.773333,104.048333, ,0.0,0.0,0,0,0,0,0,0,0,0
TF,LUVEN,29.389722,104.033333,0, ,0.0,0.0,0.0,0.0,0,0,0,0,0,0,0,0

SID,LUVED4,20L,2
DF,DE20L,30.519497,103.936669,0, ,0.0,0.0,0,0,0,0,0,0,0,1
CD, ,0,0,0,CTU,0,0.0,189.0,14.0,0,0,0,0,0,0,0,0
CI,0, ,0.0,137.0,0,0,0,0,0,0,0,0
CF,D136Z,30.000597,104.052614,0,JYA,2.9,13.6,184.0,13.0,0,0,0,0,0,0,0,0
TF,JYA,29.773333,104.048333,0, ,0.0,0.0,0.0,0.0,0,0,0,0,0,0,0,0
TF,LUVEN,29.389722,104.033333,0, ,0.0,0.0,0.0,0.0,0,0,0,0,0,0,0,0

SID,LUVEG2,20R,2
CD, ,0,0,0,CTU,0,0.0,204.0,4.7,0,0,0,0,0,0,0,0
CF,D136F,30.228206,103.784500,0,HLC,135.4,6.4,204.0,17.0,0,0,0,0,0,0,0,0
TF,D136Z,30.000597,104.052614,0, ,0.0,0.0,0.0,0.0,0,0,0,0,0,0,0,0
TF,JYA,29.773333,104.048333,0, ,0.0,0.0,0.0,0.0,0,0,0,0,0,0,0,0
TF,LUVEN,29.389722,104.033333,0, ,0.0,0.0,0.0,0.0,0,0,0,0,0,0,0,0

SID,LUVEH3,02R,2
DF,DE02R,30.549628,103.950686,0, ,0.0,0.0,0,0,0,0,0,0,0,1
CA,0,39.0,2,2470,0,0,0,0,0,0
DF,BHS,30.511667,104.200000,2, ,0.0,0.0,0,0,0,0,0,0,0,0
TF,LUVEN,29.389722,104.033333,0, ,0.0,0.0,0.0,0.0,0,0,0,0,0,0,0,0

SID,LUVEK1,02L,2
CD, ,0,0,0,CTU,0,0.0,24.0,6.6,0,0,0,0,0,0,0,0
CF,D243O,30.749936,104.136250,0,CTU,45.3,14.5,63.0,9.0,0,0,0,0,0,0,0,1
DF,BHS,30.511667,104.200000,2, ,0.0,0.0,0,0,0,0,0,0,0,0
TF,LUVEN,29.389722,104.033333,0, ,0.0,0.0,0.0,0.0,0,0,0,0,0,0,0,0

SID,MUMG8T,02L,5
CF,UU461,30.596028,103.955167,0,CZH,103.8,14.2,24.0,1.0,0,0,0,0,0,0,0,1
VA,0,9.0,2,2300,0,0,0,0,0,0
DF,UU408,30.727639,103.892583,0, ,0.0,0.0,0,0,0,0,0,0,0,1
DF,CZH,30.645000,103.686667,1, ,0.0,0.0,0,0,0,0,0,0,0,0
TF,MUMGO,30.806111,103.016944,0, ,0.0,0.0,0.0,0.0,2,19700,0,0,0,0,0,0

SID,MUMG9W,02L,4
CF,UU461,30.596028,103.955167,0,CZH,103.8,14.2,24.0,1.0,0,0,0,0,0,0,0,1
TF,UU401,30.674111,103.991528,0, ,0.0,0.0,0.0,0.0,0,0,0,0,0,0,0,1
DF,UU402,30.753417,104.135750,0, ,0.0,0.0,0,0,0,0,0,0,0,1
DF,ZW,30.500000,103.908333,2, ,0.0,0.0,0,0,0,1,250,0,0,0
TF,CZH,30.645000,103.686667,0, ,0.0,0.0,0.0,0.0,0,0,0,0,0,0,0,0

SID,MUMG9W,02R,4
CF,UU463,30.552139,103.951861,0,CTU,162.8,1.3,24.0,1.0,0,0,0,0,0,0,0,1
VA,0,39.0,2,2470,0,0,0,0,0,0
DF,UU412,30.640000,104.203778,0, ,0.0,0.0,0,0,0,0,0,0,0,1
DF,ZW,30.500000,103.908333,2, ,0.0,0.0,0,0,0,1,250,0,0,0
TF,CZH,30.645000,103.686667,0, ,0.0,0.0,0.0,0.0,0,0,0,0,0,0,0,0

SID,MUMG9W,20L,4
CF,UU462,30.517000,103.935500,0,CDX,209.7,49.5,204.0,1.0,0,0,0,0,0,0,0,1
CF,UU421,30.309361,103.906361,0,CDX,205.6,61.4,189.0,13.0,0,0,0,0,0,0,0,0
TF,UU426,30.253000,104.067333,0, ,0.0,0.0,0.0,0.0,0,0,0,0,0,0,0,0
TF,UU427,30.463917,104.177139,0, ,0.0,0.0,0.0,0.0,0,0,0,0,0,0,0,0
TF,CTU,30.573333,103.943333,0, ,0.0,0.0,0.0,0.0,0,0,0,0,0,0,0,0
TF,CZH,30.645000,103.686667,0, ,0.0,0.0,0.0,0.0,0,0,0,0,0,0,0,0

SID,MUMG9W,20R,4
CF,UU460,30.561056,103.938750,0,CDX,211.0,47.1,204.0,1.0,0,0,0,0,0,0,0,1
TF,ZW,30.500000,103.908333,0, ,0.0,0.0,0.0,0.0,0,0,0,0,0,0,0,1
DF,CZH,30.645000,103.686667,2, ,0.0,0.0,0,0,0,0,0,0,0,0

SID,MUMG9W,ALL,5
IF,CZH,30.645000,103.686667, ,0.0,0.0,0,0,0,0,0,0,0,0
TF,MUMGO,30.806111,103.016944,0, ,0.0,0.0,0.0,0.0,2,19700,0,0,0,0,0,0

SID,MUMGD4,20L,2
DF,DE20L,30.519497,103.936669,0, ,0.0,0.0,0,0,0,0,0,0,0,1
CD, ,0,0,0,CTU,0,0.0,189.0,14.0,0,0,0,0,0,0,0,0
VI,1, ,0.0,71.0,0,0,0,0,0,0,0,0
CF,BHS,30.511667,104.200000,0,BHS,0.0,0.0,26.0,11.0,0,0,0,0,0,0,0,0
TF,CTU,30.573333,103.943333,1, ,0.0,0.0,0.0,0.0,0,0,0,0,0,0,0,0
TF,CZH,30.645000,103.686667,0, ,0.0,0.0,0.0,0.0,0,0,0,0,0,0,0,0
TF,MUMGO,30.806111,103.016944,0, ,0.0,0.0,0.0,0.0,2,19700,0,0,0,0,0,0

SID,MUMGF0,02L,2
CD, ,0,0,0,CTU,0,0.0,24.0,6.6,0,0,0,0,0,0,0,0
DF,CZH,30.645000,103.686667,1, ,0.0,0.0,0,0,0,0,0,0,0,0
TF,MUMGO,30.806111,103.016944,0, ,0.0,0.0,0.0,0.0,2,19700,0,0,0,0,0,0

SID,MUMGG2,20R,2
CD, ,0,0,0,CTU,0,0.0,204.0,4.7,0,0,0,0,0,0,0,0
DF,CZH,30.645000,103.686667,2, ,0.0,0.0,0,0,0,0,0,0,0,0
TF,MUMGO,30.806111,103.016944,0, ,0.0,0.0,0.0,0.0,2,19700,0,0,0,0,0,0

SID,MUMGH3,02R,2
DF,DE02R,30.549628,103.950686,0, ,0.0,0.0,0,0,0,0,0,0,0,1
CA,0,39.0,2,2470,0,0,0,0,0,0
CF,D071R,30.677242,104.257656,0,CTU,71.0,17.4,71.0,16.0,0,0,0,0,0,0,0,1
DF,ZW,30.500000,103.908333,2, ,0.0,0.0,0,0,0,0,0,0,0,0
TF,CZH,30.645000,103.686667,0, ,0.0,0.0,0.0,0.0,0,0,0,0,0,0,0,0
TF,MUMGO,30.806111,103.016944,0, ,0.0,0.0,0.0,0.0,2,19700,0,0,0,0,0,0

SID,MUMGK1,02L,2
CD, ,0,0,0,CTU,0,0.0,24.0,6.6,0,0,0,0,0,0,0,0
CF,D243O,30.749936,104.136250,0,CTU,45.3,14.5,63.0,9.0,0,0,0,0,0,0,0,1
DF,ZW,30.500000,103.908333,2, ,0.0,0.0,0,0,0,0,0,0,0,0
TF,CZH,30.645000,103.686667,0, ,0.0,0.0,0.0,0.0,0,0,0,0,0,0,0,0
TF,MUMGO,30.806111,103.016944,0, ,0.0,0.0,0.0,0.0,2,19700,0,0,0,0,0,0

SID,UBRA6N,02R,5
CF,UU463,30.552139,103.951861,0,CZH,114.0,14.8,24.0,1.0,0,0,0,0,0,0,0,1
VA,0,39.0,2,2470,0,0,0,0,0,0
DF,UU412,30.640000,104.203778,0, ,0.0,0.0,0,0,0,0,0,0,0,1
DF,UBRAB,30.843056,105.419722,0, ,0.0,0.0,0,0,0,0,0,0,0,0

SID,UBRA7K,02L,5
CF,UU461,30.596028,103.955167,0,CZH,103.8,14.2,24.0,1.0,0,0,0,0,0,0,0,1
TF,UU401,30.674111,103.991528,0, ,0.0,0.0,0.0,0.0,0,0,0,0,0,0,0,1
DF,UU402,30.753417,104.135750,0, ,0.0,0.0,0,0,0,0,0,0,0,1
DF,UBRAB,30.843056,105.419722,0, ,0.0,0.0,0,0,0,0,0,0,0,0

SID,UBRA9W,02L,4
CF,UU461,30.596028,103.955167,0,JTG,235.8,27.9,24.0,1.0,0,0,0,0,0,0,0,1
TF,UU401,30.674111,103.991528,0, ,0.0,0.0,0.0,0.0,0,0,0,0,0,0,0,1
DF,UU402,30.753417,104.135750,0, ,0.0,0.0,0,0,0,0,0,0,0,1
DF,UU403,30.961972,104.236500,0, ,0.0,0.0,0,0,0,0,0,0,0,1
DF,UU404,31.021944,104.969472,0, ,0.0,0.0,0,0,0,0,0,0,0,0

SID,UBRA9W,02R,4
CF,UU463,30.552139,103.951861,0,CTU,162.8,1.3,24.0,1.0,0,0,0,0,0,0,0,1
VA,0,39.0,2,2470,0,0,0,0,0,0
DF,UU412,30.640000,104.203778,0, ,0.0,0.0,0,0,0,0,0,0,0,1
DF,UU413,30.931611,104.291083,0, ,0.0,0.0,0,0,0,0,0,0,0,1
DF,UU404,31.021944,104.969472,0, ,0.0,0.0,0,0,0,0,0,0,0,0

SID,UBRA9W,20L,4
CF,UU462,30.517000,103.935500,0,CDX,209.7,49.5,204.0,1.0,0,0,0,0,0,0,0,1
CF,UU421,30.309361,103.906361,0,CDX,205.6,61.4,189.0,13.0,0,0,0,0,0,0,0,0
TF,UU426,30.253000,104.067333,0, ,0.0,0.0,0.0,0.0,0,0,0,0,0,0,0,0
TF,UU427,30.463917,104.177139,0, ,0.0,0.0,0.0,0.0,0,0,0,0,0,0,0,0
TF,JTG,30.871667,104.390000,0, ,0.0,0.0,0.0,0.0,0,0,0,0,0,0,0,0
TF,UU404,31.021944,104.969472,0, ,0.0,0.0,0.0,0.0,0,0,0,0,0,0,0,0

SID,UBRA9W,20R,4
CF,UU460,30.561056,103.938750,0,CDX,211.0,47.1,204.0,1.0,0,0,0,0,0,0,0,1
TF,ZW,30.500000,103.908333,0, ,0.0,0.0,0.0,0.0,0,0,0,0,0,0,0,1
DF,UU436,30.731139,103.956167,2, ,0.0,0.0,0,0,0,0,0,0,0,0
TF,JTG,30.871667,104.390000,0, ,0.0,0.0,0.0,0.0,0,0,0,0,0,0,0,0
TF,UU404,31.021944,104.969472,0, ,0.0,0.0,0.0,0.0,0,0,0,0,0,0,0,0

SID,UBRA9W,ALL,5
IF,UU404,31.021944,104.969472, ,0.0,0.0,0,0,0,0,0,0,0,0
TF,UBRAB,30.843056,105.419722,0, ,0.0,0.0,0.0,0.0,0,0,0,0,0,0,0,0

SID,UBRAD4,20L,2
DF,DE20L,30.519497,103.936669,0, ,0.0,0.0,0,0,0,0,0,0,0,1
CD, ,0,0,0,CTU,0,0.0,189.0,14.0,0,0,0,0,0,0,0,0
VI,1, ,0.0,71.0,0,0,0,0,0,0,0,0
CF,BHS,30.511667,104.200000,0,BHS,0.0,0.0,26.0,11.0,0,0,0,0,0,0,0,0
TF,JTG,30.871667,104.390000,0, ,0.0,0.0,0.0,0.0,0,0,0,0,0,0,0,0
TF,UBRAB,30.843056,105.419722,0, ,0.0,0.0,0.0,0.0,0,0,0,0,0,0,0,0

SID,UBRAG2,20R,2
CD, ,0,0,0,CTU,0,0.0,204.0,4.7,0,0,0,0,0,0,0,0
VI,2, ,0.0,7.0,0,0,0,0,0,0,0,0
CF,D274P,30.880553,104.082869,0,JTG,274.0,15.9,37.0,22.0,0,0,0,0,0,0,0,0
TF,JTG,30.871667,104.390000,0, ,0.0,0.0,0.0,0.0,0,0,0,0,0,0,0,0
TF,UBRAB,30.843056,105.419722,0, ,0.0,0.0,0.0,0.0,0,0,0,0,0,0,0,0

SID,UBRAH3,02R,2
DF,DE02R,30.549628,103.950686,0, ,0.0,0.0,0,0,0,0,0,0,0,1
CA,0,39.0,2,2470,0,0,0,0,0,0
CF,D071R,30.677242,104.257656,0,CTU,71.0,17.4,71.0,16.0,0,0,0,0,0,0,0,0
TF,JTG,30.871667,104.390000,0, ,0.0,0.0,0.0,0.0,0,0,0,0,0,0,0,0
TF,UBRAB,30.843056,105.419722,0, ,0.0,0.0,0.0,0.0,0,0,0,0,0,0,0,0

SID,UBRAK1,02L,2
CD, ,0,0,0,CTU,0,0.0,24.0,6.6,0,0,0,0,0,0,0,0
CF,D243O,30.749936,104.136250,0,CTU,45.3,14.5,63.0,9.0,0,0,0,0,0,0,0,0
TF,JTG,30.871667,104.390000,0, ,0.0,0.0,0.0,0.0,0,0,0,0,0,0,0,0
TF,UBRAB,30.843056,105.419722,0, ,0.0,0.0,0.0,0.0,0,0,0,0,0,0,0,0

STAR,AKDK2E,ALL,5
IF,AKDIK,31.686667,105.205000, ,0.0,0.0,0,0,0,0,0,0,0,0
TF,UU811,31.583944,105.011833,0, ,0.0,0.0,0.0,0.0,0,0,0,0,0,0,0,0
TF,UU803,31.397778,104.662194,0, ,0.0,0.0,0.0,0.0,0,0,0,0,0,0,0,0
TF,CDX,31.250000,104.380000,0, ,0.0,0.0,0.0,0.0,0,0,0,0,0,0,0,0
TF,UU935,31.030361,103.869528,0, ,0.0,0.0,0.0,0.0,0,0,0,0,0,0,0,0
TF,UU933,30.882639,103.800444,0, ,0.0,0.0,0.0,0.0,0,0,0,0,0,0,0,0
TF,UU932,30.798972,103.761444,0, ,0.0,0.0,0.0,0.0,0,0,0,0,0,0,0,0
TF,UU922,30.749778,103.902806,0, ,0.0,0.0,0.0,0.0,2,4930,0,0,0,0,0,0

STAR,AKDK2E,20L,6
IF,UU922,30.749778,103.902806, ,0.0,0.0,2,4930,0,0,0,0,0,0
TF,UU923,30.833389,103.942000,0, ,0.0,0.0,0.0,0.0,2,4930,0,1,200,0,0,0

STAR,AKDK2E,20R,6
IF,UU922,30.749778,103.902806, ,0.0,0.0,2,4930,0,0,0,0,0,0
TF,UU923,30.833389,103.942000,0, ,0.0,0.0,0.0,0.0,2,3940,0,1,200,0,0,0

STAR,AKDK4C,20L,5
IF,AKDIK,31.686667,105.205000, ,0.0,0.0,0,0,0,0,0,0,0,0
TF,UU811,31.583944,105.011833,0, ,0.0,0.0,0.0,0.0,0,0,0,0,0,0,0,0
TF,UU803,31.397778,104.662194,0, ,0.0,0.0,0.0,0.0,0,0,0,0,0,0,0,0
TF,UU821,31.051389,104.476222,0, ,0.0,0.0,0.0,0.0,0,0,0,0,0,0,0,0
TF,JTG,30.871667,104.390000,0, ,0.0,0.0,0.0,0.0,0,0,0,0,0,0,0,0
TF,UU733,30.703861,104.311556,0, ,0.0,0.0,0.0,0.0,0,0,0,0,0,0,0,0
TF,UU732,30.620194,104.272111,0, ,0.0,0.0,0.0,0.0,0,0,0,0,0,0,0,0
TF,UU722,30.669806,104.131000,0, ,0.0,0.0,0.0,0.0,0,0,0,0,0,0,0,0
TF,UU723,30.753528,104.170361,0, ,0.0,0.0,0.0,0.0,2,4930,0,1,200,0,0,0

STAR,AKDK4C,20R,5
IF,AKDIK,31.686667,105.205000, ,0.0,0.0,0,0,0,0,0,0,0,0
TF,UU811,31.583944,105.011833,0, ,0.0,0.0,0.0,0.0,0,0,0,0,0,0,0,0
TF,UU803,31.397778,104.662194,0, ,0.0,0.0,0.0,0.0,0,0,0,0,0,0,0,0
TF,UU821,31.051389,104.476222,0, ,0.0,0.0,0.0,0.0,0,0,0,0,0,0,0,0
TF,JTG,30.871667,104.390000,0, ,0.0,0.0,0.0,0.0,0,0,0,0,0,0,0,0
TF,UU733,30.703861,104.311556,0, ,0.0,0.0,0.0,0.0,0,0,0,0,0,0,0,0
TF,UU732,30.620194,104.272111,0, ,0.0,0.0,0.0,0.0,0,0,0,0,0,0,0,0
TF,UU722,30.669806,104.131000,0, ,0.0,0.0,0.0,0.0,0,0,0,0,0,0,0,0
TF,UU723,30.753528,104.170361,0, ,0.0,0.0,0.0,0.0,2,4930,0,1,200,0,0,0

STAR,AKDK6K,02L,5
IF,AKDIK,31.686667,105.205000, ,0.0,0.0,0,0,0,0,0,0,0,0
TF,UU811,31.583944,105.011833,0, ,0.0,0.0,0.0,0.0,0,0,0,0,0,0,0,0
TF,UU812,31.520250,104.892500,0, ,0.0,0.0,0.0,0.0,0,0,0,0,0,0,0,0
TF,UU813,31.235778,104.664250,0, ,0.0,0.0,0.0,0.0,3,11800,0,0,0,0,0,0
TF,UU814,30.520028,104.309917,0, ,0.0,0.0,0.0,0.0,0,0,0,0,0,0,0,0
TF,UU902,30.470333,103.772167,0, ,0.0,0.0,0.0,0.0,0,0,0,0,0,0,0,0
TF,UU903,30.386500,103.733833,0, ,0.0,0.0,0.0,0.0,2,4930,0,1,200,0,0,0

STAR,AKDK6K,02R,5
IF,AKDIK,31.686667,105.205000, ,0.0,0.0,0,0,0,0,0,0,0,0
TF,UU811,31.583944,105.011833,0, ,0.0,0.0,0.0,0.0,0,0,0,0,0,0,0,0
TF,UU812,31.520250,104.892500,0, ,0.0,0.0,0.0,0.0,0,0,0,0,0,0,0,0
TF,UU813,31.235778,104.664250,0, ,0.0,0.0,0.0,0.0,3,11800,0,0,0,0,0,0
TF,UU814,30.520028,104.309917,0, ,0.0,0.0,0.0,0.0,0,0,0,0,0,0,0,0
TF,UU902,30.470333,103.772167,0, ,0.0,0.0,0.0,0.0,0,0,0,0,0,0,0,0
TF,UU903,30.386500,103.733833,0, ,0.0,0.0,0.0,0.0,2,4930,0,1,200,0,0,0

STAR,AKDK7U,02L,5
IF,AKDIK,31.686667,105.205000, ,0.0,0.0,0,0,0,0,0,0,0,0
TF,UU811,31.583944,105.011833,0, ,0.0,0.0,0.0,0.0,0,0,0,0,0,0,0,0
TF,UU813,31.235778,104.664250,0, ,0.0,0.0,0.0,0.0,0,0,0,0,0,0,0,0
TF,UD01,30.279194,103.948389,0, ,0.0,0.0,0.0,0.0,2,4930,0,1,200,0,0,0

STAR,AKDK7U,02R,5
IF,AKDIK,31.686667,105.205000, ,0.0,0.0,0,0,0,0,0,0,0,0
TF,UU811,31.583944,105.011833,0, ,0.0,0.0,0.0,0.0,0,0,0,0,0,0,0,0
TF,UU813,31.235778,104.664250,0, ,0.0,0.0,0.0,0.0,0,0,0,0,0,0,0,0
TF,UD01,30.279194,103.948389,0, ,0.0,0.0,0.0,0.0,2,4930,0,1,200,0,0,0

STAR,AKDK8L,02L,5
IF,AKDIK,31.686667,105.205000, ,0.0,0.0,0,0,0,0,0,0,0,0
TF,UU811,31.583944,105.011833,0, ,0.0,0.0,0.0,0.0,0,0,0,0,0,0,0,0
TF,UU812,31.520250,104.892500,0, ,0.0,0.0,0.0,0.0,0,0,0,0,0,0,0,0
TF,CDX,31.250000,104.380000,0, ,0.0,0.0,0.0,0.0,0,0,0,0,0,0,0,0
TF,UU910,31.078972,104.057278,0, ,0.0,0.0,0.0,0.0,0,0,0,0,0,0,0,0
TF,UU902,30.470333,103.772167,0, ,0.0,0.0,0.0,0.0,0,0,0,0,0,0,0,0
TF,UU903,30.386500,103.733833,0, ,0.0,0.0,0.0,0.0,2,4930,0,1,200,0,0,0

STAR,AKDK8L,02R,5
IF,AKDIK,31.686667,105.205000, ,0.0,0.0,0,0,0,0,0,0,0,0
TF,UU811,31.583944,105.011833,0, ,0.0,0.0,0.0,0.0,0,0,0,0,0,0,0,0
TF,UU812,31.520250,104.892500,0, ,0.0,0.0,0.0,0.0,0,0,0,0,0,0,0,0
TF,CDX,31.250000,104.380000,0, ,0.0,0.0,0.0,0.0,0,0,0,0,0,0,0,0
TF,UU910,31.078972,104.057278,0, ,0.0,0.0,0.0,0.0,0,0,0,0,0,0,0,0
TF,UU902,30.470333,103.772167,0, ,0.0,0.0,0.0,0.0,0,0,0,0,0,0,0,0
TF,UU903,30.386500,103.733833,0, ,0.0,0.0,0.0,0.0,2,4930,0,1,200,0,0,0

STAR,AKDK9M,ALL,5
IF,AKDIK,31.686667,105.205000, ,0.0,0.0,0,0,0,0,0,0,0,0
TF,UU811,31.583944,105.011833,0, ,0.0,0.0,0.0,0.0,0,0,0,0,0,0,0,0
TF,UU812,31.520250,104.892500,0, ,0.0,0.0,0.0,0.0,0,0,0,0,0,0,0,0
TF,UU813,31.235778,104.664250,0, ,0.0,0.0,0.0,0.0,3,11800,0,0,0,0,0,0
TF,UU814,30.520028,104.309917,0, ,0.0,0.0,0.0,0.0,0,0,0,0,0,0,0,0
TF,UU702,30.408583,104.008583,0, ,0.0,0.0,0.0,0.0,2,4930,0,0,0,0,0,0
TF,UU703,30.307000,103.961306,0, ,0.0,0.0,0.0,0.0,0,0,0,0,0,0,0,0

STAR,AKDK9M,02L,6
IF,UU703,30.307000,103.961306, ,0.0,0.0,0,0,0,0,0,0,0,0
TF,UU704,30.222861,103.922222,0, ,0.0,0.0,0.0,0.0,2,4930,0,1,200,0,0,0

STAR,AKDK9M,02R,6
IF,UU703,30.307000,103.961306, ,0.0,0.0,0,0,0,0,0,0,0,0
TF,UU704,30.222861,103.922222,0, ,0.0,0.0,0.0,0.0,2,3940,0,1,200,0,0,0

STAR,AKDKA1,ALL,2
IF,AKDIK,31.686667,105.205000, ,0.0,0.0,0,0,0,1,260,0,0,0
TF,MYG,31.433333,104.733333,0, ,0.0,0.0,0.0,0.0,0,0,0,0,0,0,0,0
TF,WFX30,31.092700,104.633225,0, ,0.0,0.0,0.0,0.0,0,0,0,0,0,0,0,0
TF,D016J,30.768697,104.538694,0, ,0.0,0.0,0.0,0.0,0,0,0,0,0,0,0,0
TF,BHS,30.511667,104.200000,0, ,0.0,0.0,0.0,0.0,0,0,0,0,0,0,0,0
TF,D219L,30.351486,104.060886,0, ,0.0,0.0,0.0,0.0,2,4930,0,0,0,0,0,0

STAR,AKDKA1,02L,3
IF,D219L,30.351486,104.060886, ,0.0,0.0,2,4930,0,0,0,0,0,0
TF,D114N,30.213811,103.944694,0, ,0.0,0.0,0.0,0.0,2,4930,0,1,200,0,0,0

STAR,AKDKA1,02R,3
IF,D219L,30.351486,104.060886, ,0.0,0.0,2,4930,0,0,0,0,0,0
TF,D114N,30.213811,103.944694,0, ,0.0,0.0,0.0,0.0,2,3940,0,1,200,0,0,0

STAR,AKDKB2,02L,2
IF,AKDIK,31.686667,105.205000, ,0.0,0.0,0,0,0,1,260,0,0,0
TF,MYG,31.433333,104.733333,0, ,0.0,0.0,0.0,0.0,0,0,0,0,0,0,0,0
TF,CDX,31.250000,104.380000,0, ,0.0,0.0,0.0,0.0,0,0,0,0,0,0,0,0
TF,D240S,31.078819,104.060017,0, ,0.0,0.0,0.0,0.0,0,0,0,0,0,0,0,0
TF,D159K,30.468969,103.772911,0, ,0.0,0.0,0.0,0.0,0,0,0,0,0,0,0,0
TF,HLC,30.301667,103.695000,0, ,0.0,0.0,0.0,0.0,2,4930,0,1,200,0,0,0

STAR,AKDKB2,02R,2
IF,AKDIK,31.686667,105.205000, ,0.0,0.0,0,0,0,1,260,0,0,0
TF,MYG,31.433333,104.733333,0, ,0.0,0.0,0.0,0.0,0,0,0,0,0,0,0,0
TF,CDX,31.250000,104.380000,0, ,0.0,0.0,0.0,0.0,0,0,0,0,0,0,0,0
TF,D240S,31.078819,104.060017,0, ,0.0,0.0,0.0,0.0,0,0,0,0,0,0,0,0
TF,D159K,30.468969,103.772911,0, ,0.0,0.0,0.0,0.0,0,0,0,0,0,0,0,0
TF,HLC,30.301667,103.695000,0, ,0.0,0.0,0.0,0.0,2,4930,0,1,200,0,0,0

STAR,AKDKC3,20L,2
IF,AKDIK,31.686667,105.205000, ,0.0,0.0,0,0,0,1,260,0,0,0
TF,MYG,31.433333,104.733333,0, ,0.0,0.0,0.0,0.0,0,0,0,0,0,0,0,0
TF,D029P,31.108350,104.534114,0, ,0.0,0.0,0.0,0.0,0,0,0,0,0,0,0,0
TF,JTG,30.871667,104.390000,0, ,0.0,0.0,0.0,0.0,2,4930,0,1,200,0,0,0

STAR,AKDKC3,20R,2
IF,AKDIK,31.686667,105.205000, ,0.0,0.0,0,0,0,1,260,0,0,0
TF,MYG,31.433333,104.733333,0, ,0.0,0.0,0.0,0.0,0,0,0,0,0,0,0,0
TF,D029P,31.108350,104.534114,0, ,0.0,0.0,0.0,0.0,0,0,0,0,0,0,0,0
TF,JTG,30.871667,104.390000,0, ,0.0,0.0,0.0,0.0,2,4930,0,1,200,0,0,0

STAR,AKDKE4,20L,2
IF,AKDIK,31.686667,105.205000, ,0.0,0.0,0,0,0,1,260,0,0,0
TF,MYG,31.433333,104.733333,0, ,0.0,0.0,0.0,0.0,0,0,0,0,0,0,0,0
TF,CDX,31.250000,104.380000,0, ,0.0,0.0,0.0,0.0,0,0,0,0,0,0,0,0
TF,D024Y,31.025903,103.865419,0, ,0.0,0.0,0.0,0.0,0,0,0,0,0,0,0,0
TF,D024O,30.881928,103.797672,0, ,0.0,0.0,0.0,0.0,0,0,0,0,0,0,0,0
TF,HLC34,30.832708,103.943731,1, ,0.0,0.0,0.0,0.0,2,4930,0,1,200,0,0,0

STAR,AKDKE4,20R,2
IF,AKDIK,31.686667,105.205000, ,0.0,0.0,0,0,0,1,260,0,0,0
TF,MYG,31.433333,104.733333,0, ,0.0,0.0,0.0,0.0,0,0,0,0,0,0,0,0
TF,CDX,31.250000,104.380000,0, ,0.0,0.0,0.0,0.0,0,0,0,0,0,0,0,0
TF,D024Y,31.025903,103.865419,0, ,0.0,0.0,0.0,0.0,0,0,0,0,0,0,0,0
TF,D024O,30.881928,103.797672,0, ,0.0,0.0,0.0,0.0,0,0,0,0,0,0,0,0
TF,HLC34,30.832708,103.943731,1, ,0.0,0.0,0.0,0.0,2,4930,0,1,200,0,0,0

STAR,EKOK2E,20L,5
IF,EKOKA,30.647500,105.365278, ,0.0,0.0,0,0,0,0,0,0,0,0
TF,UU831,30.626472,105.221250,0, ,0.0,0.0,0.0,0.0,0,0,0,0,0,0,0,0
TF,UT832,30.391194,104.906889,0, ,0.0,0.0,0.0,0.0,0,0,0,0,0,0,0,0
TF,UT834,30.277028,104.504333,0, ,0.0,0.0,0.0,0.0,0,0,0,0,0,0,0,0
TF,UU732,30.620194,104.272111,0, ,0.0,0.0,0.0,0.0,0,0,0,0,0,0,0,0
TF,UU722,30.669806,104.131000,0, ,0.0,0.0,0.0,0.0,0,0,0,0,0,0,0,0
TF,UU723,30.753528,104.170361,0, ,0.0,0.0,0.0,0.0,2,4930,0,1,200,0,0,0

STAR,EKOK2E,20R,5
IF,EKOKA,30.647500,105.365278, ,0.0,0.0,0,0,0,0,0,0,0,0
TF,UU831,30.626472,105.221250,0, ,0.0,0.0,0.0,0.0,0,0,0,0,0,0,0,0
TF,UT832,30.391194,104.906889,0, ,0.0,0.0,0.0,0.0,0,0,0,0,0,0,0,0
TF,UT834,30.277028,104.504333,0, ,0.0,0.0,0.0,0.0,0,0,0,0,0,0,0,0
TF,UU732,30.620194,104.272111,0, ,0.0,0.0,0.0,0.0,0,0,0,0,0,0,0,0
TF,UU722,30.669806,104.131000,0, ,0.0,0.0,0.0,0.0,0,0,0,0,0,0,0,0
TF,UU723,30.753528,104.170361,0, ,0.0,0.0,0.0,0.0,2,4930,0,1,200,0,0,0

STAR,EKOK4C,20L,5
IF,EKOKA,30.647500,105.365278, ,0.0,0.0,0,0,0,0,0,0,0,0
TF,UU831,30.626472,105.221250,0, ,0.0,0.0,0.0,0.0,0,0,0,0,0,0,0,0
TF,UT836,30.612722,105.127722,0, ,0.0,0.0,0.0,0.0,0,0,0,0,0,0,0,0
TF,UU828,30.801500,104.594806,0, ,0.0,0.0,0.0,0.0,0,0,0,0,0,0,0,0
TF,JTG,30.871667,104.390000,0, ,0.0,0.0,0.0,0.0,0,0,0,0,0,0,0,0
TF,UU733,30.703861,104.311556,0, ,0.0,0.0,0.0,0.0,0,0,0,0,0,0,0,0
TF,UU732,30.620194,104.272111,0, ,0.0,0.0,0.0,0.0,0,0,0,0,0,0,0,0
TF,UU722,30.669806,104.131000,0, ,0.0,0.0,0.0,0.0,0,0,0,0,0,0,0,0
TF,UU723,30.753528,104.170361,0, ,0.0,0.0,0.0,0.0,2,4930,0,1,200,0,0,0

STAR,EKOK4C,20R,5
IF,EKOKA,30.647500,105.365278, ,0.0,0.0,0,0,0,0,0,0,0,0
TF,UU831,30.626472,105.221250,0, ,0.0,0.0,0.0,0.0,0,0,0,0,0,0,0,0
TF,UT836,30.612722,105.127722,0, ,0.0,0.0,0.0,0.0,0,0,0,0,0,0,0,0
TF,UU828,30.801500,104.594806,0, ,0.0,0.0,0.0,0.0,0,0,0,0,0,0,0,0
TF,JTG,30.871667,104.390000,0, ,0.0,0.0,0.0,0.0,0,0,0,0,0,0,0,0
TF,UU733,30.703861,104.311556,0, ,0.0,0.0,0.0,0.0,0,0,0,0,0,0,0,0
TF,UU732,30.620194,104.272111,0, ,0.0,0.0,0.0,0.0,0,0,0,0,0,0,0,0
TF,UU722,30.669806,104.131000,0, ,0.0,0.0,0.0,0.0,0,0,0,0,0,0,0,0
TF,UU723,30.753528,104.170361,0, ,0.0,0.0,0.0,0.0,2,4930,0,1,200,0,0,0

STAR,EKOK6K,02L,5
IF,EKOKA,30.647500,105.365278, ,0.0,0.0,0,0,0,0,0,0,0,0
TF,UU831,30.626472,105.221250,0, ,0.0,0.0,0.0,0.0,0,0,0,0,0,0,0,0
TF,UT832,30.391194,104.906889,0, ,0.0,0.0,0.0,0.0,0,0,0,0,0,0,0,0
TF,UT834,30.277028,104.504333,0, ,0.0,0.0,0.0,0.0,0,0,0,0,0,0,0,0
TF,UU702,30.408583,104.008583,0, ,0.0,0.0,0.0,0.0,0,0,0,0,0,0,0,0
TF,UU902,30.470333,103.772167,0, ,0.0,0.0,0.0,0.0,0,0,0,0,0,0,0,0
TF,UU903,30.386500,103.733833,0, ,0.0,0.0,0.0,0.0,2,4930,0,1,200,0,0,0

STAR,EKOK6K,02R,5
IF,EKOKA,30.647500,105.365278, ,0.0,0.0,0,0,0,0,0,0,0,0
TF,UU831,30.626472,105.221250,0, ,0.0,0.0,0.0,0.0,0,0,0,0,0,0,0,0
TF,UT832,30.391194,104.906889,0, ,0.0,0.0,0.0,0.0,0,0,0,0,0,0,0,0
TF,UT834,30.277028,104.504333,0, ,0.0,0.0,0.0,0.0,0,0,0,0,0,0,0,0
TF,UU702,30.408583,104.008583,0, ,0.0,0.0,0.0,0.0,0,0,0,0,0,0,0,0
TF,UU902,30.470333,103.772167,0, ,0.0,0.0,0.0,0.0,0,0,0,0,0,0,0,0
TF,UU903,30.386500,103.733833,0, ,0.0,0.0,0.0,0.0,2,4930,0,1,200,0,0,0

STAR,EKOK7U,02L,5
IF,EKOKA,30.647500,105.365278, ,0.0,0.0,0,0,0,0,0,0,0,0
TF,UU831,30.626472,105.221250,0, ,0.0,0.0,0.0,0.0,0,0,0,0,0,0,0,0
TF,UD01,30.279194,103.948389,0, ,0.0,0.0,0.0,0.0,2,4930,0,1,200,0,0,0

STAR,EKOK7U,02R,5
IF,EKOKA,30.647500,105.365278, ,0.0,0.0,0,0,0,0,0,0,0,0
TF,UU831,30.626472,105.221250,0, ,0.0,0.0,0.0,0.0,0,0,0,0,0,0,0,0
TF,UD01,30.279194,103.948389,0, ,0.0,0.0,0.0,0.0,2,4930,0,1,200,0,0,0

STAR,EKOK8L,ALL,5
IF,EKOKA,30.647500,105.365278, ,0.0,0.0,0,0,0,0,0,0,0,0
TF,UU831,30.626472,105.221250,0, ,0.0,0.0,0.0,0.0,0,0,0,0,0,0,0,0
TF,UU837,30.553972,104.733389,0, ,0.0,0.0,0.0,0.0,0,0,0,0,0,0,0,0
TF,UU703,30.307000,103.961306,0, ,0.0,0.0,0.0,0.0,2,4930,0,0,0,0,0,0

STAR,EKOK8L,02L,6
IF,UU703,30.307000,103.961306, ,0.0,0.0,2,4930,0,0,0,0,0,0
TF,UU704,30.222861,103.922222,0, ,0.0,0.0,0.0,0.0,2,4930,0,1,200,0,0,0

STAR,EKOK8L,02R,6
IF,UU703,30.307000,103.961306, ,0.0,0.0,2,4930,0,0,0,0,0,0
TF,UU704,30.222861,103.922222,0, ,0.0,0.0,0.0,0.0,2,3940,0,1,200,0,0,0

STAR,EKOK9M,ALL,5
IF,EKOKA,30.647500,105.365278, ,0.0,0.0,0,0,0,0,0,0,0,0
TF,UU831,30.626472,105.221250,0, ,0.0,0.0,0.0,0.0,0,0,0,0,0,0,0,0
TF,UT832,30.391194,104.906889,0, ,0.0,0.0,0.0,0.0,0,0,0,0,0,0,0,0
TF,UT834,30.277028,104.504333,0, ,0.0,0.0,0.0,0.0,0,0,0,0,0,0,0,0
TF,UU835,30.269000,104.334194,0, ,0.0,0.0,0.0,0.0,0,0,0,0,0,0,0,0
TF,UU713,30.257667,104.101972,0, ,0.0,0.0,0.0,0.0,0,0,0,0,0,0,0,0
TF,UU703,30.307000,103.961306,0, ,0.0,0.0,0.0,0.0,2,4930,0,0,0,0,0,0

STAR,EKOK9M,02L,6
IF,UU703,30.307000,103.961306, ,0.0,0.0,2,4930,0,0,0,0,0,0
TF,UU704,30.222861,103.922222,0, ,0.0,0.0,0.0,0.0,2,4930,0,1,200,0,0,0

STAR,EKOK9M,02R,6
IF,UU703,30.307000,103.961306, ,0.0,0.0,2,4930,0,0,0,0,0,0
TF,UU704,30.222861,103.922222,0, ,0.0,0.0,0.0,0.0,2,3940,0,1,200,0,0,0

STAR,EKOKA1,ALL,2
IF,EKOKA,30.647500,105.365278, ,0.0,0.0,0,0,0,1,260,0,0,0
TF,ZGA,30.591667,104.731667,0, ,0.0,0.0,0.0,0.0,0,0,0,0,0,0,0,0
TF,BHS,30.511667,104.200000,0, ,0.0,0.0,0.0,0.0,0,0,0,0,0,0,0,0
TF,D219L,30.351486,104.060886,0, ,0.0,0.0,0.0,0.0,2,4930,0,0,0,0,0,0

STAR,EKOKA1,02L,3
IF,D219L,30.351486,104.060886, ,0.0,0.0,2,4930,0,0,0,0,0,0
TF,D114N,30.213811,103.944694,0, ,0.0,0.0,0.0,0.0,2,4930,0,1,200,0,0,0

STAR,EKOKA1,02R,3
IF,D219L,30.351486,104.060886, ,0.0,0.0,2,4930,0,0,0,0,0,0
TF,D114N,30.213811,103.944694,0, ,0.0,0.0,0.0,0.0,2,3940,0,1,200,0,0,0

STAR,EKOKC3,20L,2
IF,EKOKA,30.647500,105.365278, ,0.0,0.0,0,0,0,1,260,0,0,0
TF,JTG,30.871667,104.390000,0, ,0.0,0.0,0.0,0.0,2,4930,0,1,200,0,0,0

STAR,EKOKC3,20R,2
IF,EKOKA,30.647500,105.365278, ,0.0,0.0,0,0,0,1,260,0,0,0
TF,JTG,30.871667,104.390000,0, ,0.0,0.0,0.0,0.0,2,4930,0,1,200,0,0,0

STAR,IGNA2E,ALL,5
IF,IGNAK,29.271944,104.261944, ,0.0,0.0,0,0,0,0,0,0,0,0
TF,UU718,29.757556,103.870194,0, ,0.0,0.0,0.0,0.0,0,0,0,0,0,0,0,0
TF,UU920,30.091833,103.597694,0, ,0.0,0.0,0.0,0.0,0,0,0,0,0,0,0,0
TF,HLC,30.301667,103.695000,0, ,0.0,0.0,0.0,0.0,0,0,0,0,0,0,0,0
TF,UU921,30.630806,103.847167,0, ,0.0,0.0,0.0,0.0,0,0,0,0,0,0,0,0
TF,UU922,30.749778,103.902806,0, ,0.0,0.0,0.0,0.0,2,4930,0,0,0,0,0,0

STAR,IGNA2E,20L,6
IF,UU922,30.749778,103.902806, ,0.0,0.0,2,4930,0,0,0,0,0,0
TF,UU923,30.833389,103.942000,0, ,0.0,0.0,0.0,0.0,2,4930,0,1,200,0,0,0

STAR,IGNA2E,20R,6
IF,UU922,30.749778,103.902806, ,0.0,0.0,2,4930,0,0,0,0,0,0
TF,UU923,30.833389,103.942000,0, ,0.0,0.0,0.0,0.0,2,3940,0,1,200,0,0,0

STAR,IGNA7U,02L,5
IF,IGNAK,29.271944,104.261944, ,0.0,0.0,0,0,0,0,0,0,0,0
TF,UD01,30.279194,103.948389,0, ,0.0,0.0,0.0,0.0,2,4930,0,1,200,0,0,0

STAR,IGNA7U,02R,5
IF,IGNAK,29.271944,104.261944, ,0.0,0.0,0,0,0,0,0,0,0,0
TF,UD01,30.279194,103.948389,0, ,0.0,0.0,0.0,0.0,2,4930,0,1,200,0,0,0

STAR,IGNA9M,ALL,5
IF,IGNAK,29.271944,104.261944, ,0.0,0.0,0,0,0,0,0,0,0,0
TF,UU718,29.757556,103.870194,0, ,0.0,0.0,0.0,0.0,0,0,0,0,0,0,0,0
TF,UU713,30.257667,104.101972,0, ,0.0,0.0,0.0,0.0,0,0,0,0,0,0,0,0
TF,UU703,30.307000,103.961306,0, ,0.0,0.0,0.0,0.0,2,4930,0,0,0,0,0,0

STAR,IGNA9M,02L,6
IF,UU703,30.307000,103.961306, ,0.0,0.0,2,4930,0,0,0,0,0,0
TF,UU704,30.222861,103.922222,0, ,0.0,0.0,0.0,0.0,2,4930,0,1,200,0,0,0

STAR,IGNA9M,02R,6
IF,UU703,30.307000,103.961306, ,0.0,0.0,2,4930,0,0,0,0,0,0
TF,UU704,30.222861,103.922222,0, ,0.0,0.0,0.0,0.0,2,3940,0,1,200,0,0,0

STAR,IGNAA1,ALL,2
IF,IGNAK,29.271944,104.261944, ,0.0,0.0,0,0,0,1,260,0,0,0
TF,JYA,29.773333,104.048333,0, ,0.0,0.0,0.0,0.0,0,0,0,0,0,0,0,0

STAR,IGNAA1,02L,3
IF,JYA,29.773333,104.048333, ,0.0,0.0,0,0,0,0,0,0,0,0
TF,D114N,30.213811,103.944694,0, ,0.0,0.0,0.0,0.0,2,4930,0,1,200,0,0,0

STAR,IGNAA1,02R,3
IF,JYA,29.773333,104.048333, ,0.0,0.0,0,0,0,0,0,0,0,0
TF,D114N,30.213811,103.944694,0, ,0.0,0.0,0.0,0.0,2,3940,0,1,200,0,0,0

STAR,IGNAC3,20L,2
IF,IGNAK,29.271944,104.261944, ,0.0,0.0,0,0,0,1,260,0,0,0
TF,JYA,29.773333,104.048333,0, ,0.0,0.0,0.0,0.0,0,0,0,0,0,0,0,0
TF,D204N,30.092514,103.597839,0, ,0.0,0.0,0.0,0.0,0,0,0,0,0,0,0,0
TF,HLC,30.301667,103.695000,0, ,0.0,0.0,0.0,0.0,0,0,0,0,0,0,0,0
TF,D024U,30.628761,103.847856,0, ,0.0,0.0,0.0,0.0,0,0,0,0,0,0,0,0
TF,HLC34,30.832708,103.943731,0, ,0.0,0.0,0.0,0.0,2,4930,0,1,200,0,0,0

STAR,IGNAC3,20R,2
IF,IGNAK,29.271944,104.261944, ,0.0,0.0,0,0,0,1,260,0,0,0
TF,JYA,29.773333,104.048333,0, ,0.0,0.0,0.0,0.0,0,0,0,0,0,0,0,0
TF,D204N,30.092514,103.597839,0, ,0.0,0.0,0.0,0.0,0,0,0,0,0,0,0,0
TF,HLC,30.301667,103.695000,0, ,0.0,0.0,0.0,0.0,0,0,0,0,0,0,0,0
TF,D024U,30.628761,103.847856,0, ,0.0,0.0,0.0,0.0,0,0,0,0,0,0,0,0
TF,HLC34,30.832708,103.943731,0, ,0.0,0.0,0.0,0.0,2,4930,0,1,200,0,0,0

STAR,LADU2E,ALL,5
IF,LADUP,30.608611,103.016667, ,0.0,0.0,0,0,0,0,0,0,0,0
TF,NONOV,30.686111,103.242222,0, ,0.0,0.0,0.0,0.0,2,15700,0,0,0,0,0,0
TF,CZH,30.645000,103.686667,0, ,0.0,0.0,0.0,0.0,2,12800,0,0,0,0,0,0
TF,UU921,30.630806,103.847167,0, ,0.0,0.0,0.0,0.0,0,0,0,0,0,0,0,0
TF,UU922,30.749778,103.902806,0, ,0.0,0.0,0.0,0.0,2,4930,0,0,0,0,0,0

STAR,LADU2E,20L,6
IF,UU922,30.749778,103.902806, ,0.0,0.0,2,4930,0,0,0,0,0,0
TF,UU923,30.833389,103.942000,0, ,0.0,0.0,0.0,0.0,2,4930,0,1,200,0,0,0

STAR,LADU2E,20R,6
IF,UU922,30.749778,103.902806, ,0.0,0.0,2,4930,0,0,0,0,0,0
TF,UU923,30.833389,103.942000,0, ,0.0,0.0,0.0,0.0,2,3940,0,1,200,0,0,0

STAR,LADU8L,02L,5
IF,LADUP,30.608611,103.016667, ,0.0,0.0,0,0,0,0,0,0,0,0
TF,NONOV,30.686111,103.242222,0, ,0.0,0.0,0.0,0.0,2,15700,0,0,0,0,0,0
TF,CZH,30.645000,103.686667,0, ,0.0,0.0,0.0,0.0,2,12800,0,0,0,0,0,0
TF,UU901,30.522222,103.724444,0, ,0.0,0.0,0.0,0.0,0,0,0,0,0,0,0,0
TF,UU903,30.386500,103.733833,0, ,0.0,0.0,0.0,0.0,2,4930,0,1,200,0,0,0

STAR,LADU8L,02R,5
IF,LADUP,30.608611,103.016667, ,0.0,0.0,0,0,0,0,0,0,0,0
TF,NONOV,30.686111,103.242222,0, ,0.0,0.0,0.0,0.0,2,15700,0,0,0,0,0,0
TF,CZH,30.645000,103.686667,0, ,0.0,0.0,0.0,0.0,2,12800,0,0,0,0,0,0
TF,UU901,30.522222,103.724444,0, ,0.0,0.0,0.0,0.0,0,0,0,0,0,0,0,0
TF,UU903,30.386500,103.733833,0, ,0.0,0.0,0.0,0.0,2,4930,0,1,200,0,0,0

STAR,LADUA1,02L,2
IF,LADUP,30.608611,103.016667, ,0.0,0.0,0,0,0,1,260,0,0,0
TF,NONOV,30.686111,103.242222,0, ,0.0,0.0,0.0,0.0,2,15700,0,0,0,0,0,0
TF,CZH,30.645000,103.686667,0, ,0.0,0.0,0.0,0.0,2,12800,0,0,0,0,0,0
TF,D159K,30.468969,103.772911,0, ,0.0,0.0,0.0,0.0,0,0,0,0,0,0,0,0
TF,HLC,30.301667,103.695000,0, ,0.0,0.0,0.0,0.0,2,4930,0,1,200,0,0,0

STAR,LADUA1,02R,2
IF,LADUP,30.608611,103.016667, ,0.0,0.0,0,0,0,1,260,0,0,0
TF,NONOV,30.686111,103.242222,0, ,0.0,0.0,0.0,0.0,2,15700,0,0,0,0,0,0
TF,CZH,30.645000,103.686667,0, ,0.0,0.0,0.0,0.0,2,12800,0,0,0,0,0,0
TF,D159K,30.468969,103.772911,0, ,0.0,0.0,0.0,0.0,0,0,0,0,0,0,0,0
TF,HLC,30.301667,103.695000,0, ,0.0,0.0,0.0,0.0,2,4930,0,1,200,0,0,0

STAR,LADUC3,20L,2
IF,LADUP,30.608611,103.016667, ,0.0,0.0,0,0,0,1,260,0,0,0
TF,NONOV,30.686111,103.242222,0, ,0.0,0.0,0.0,0.0,2,15700,0,0,0,0,0,0
TF,CZH,30.645000,103.686667,0, ,0.0,0.0,0.0,0.0,2,12800,0,0,0,0,0,0
TF,D024U,30.628761,103.847856,0, ,0.0,0.0,0.0,0.0,0,0,0,0,0,0,0,0
TF,HLC34,30.832708,103.943731,0, ,0.0,0.0,0.0,0.0,2,4930,0,1,200,0,0,0

STAR,LADUC3,20R,2
IF,LADUP,30.608611,103.016667, ,0.0,0.0,0,0,0,1,260,0,0,0
TF,NONOV,30.686111,103.242222,0, ,0.0,0.0,0.0,0.0,2,15700,0,0,0,0,0,0
TF,CZH,30.645000,103.686667,0, ,0.0,0.0,0.0,0.0,2,12800,0,0,0,0,0,0
TF,D024U,30.628761,103.847856,0, ,0.0,0.0,0.0,0.0,0,0,0,0,0,0,0,0
TF,HLC34,30.832708,103.943731,0, ,0.0,0.0,0.0,0.0,2,4930,0,1,200,0,0,0

STAR,MEXA2E,ALL,5
IF,MEXAD,31.780000,104.638333, ,0.0,0.0,0,0,0,0,0,0,0,0
TF,UU802,31.541306,104.653167,0, ,0.0,0.0,0.0,0.0,0,0,0,0,0,0,0,0
TF,UU803,31.397778,104.662194,0, ,0.0,0.0,0.0,0.0,0,0,0,0,0,0,0,0
TF,CDX,31.250000,104.380000,0, ,0.0,0.0,0.0,0.0,0,0,0,0,0,0,0,0
TF,UU935,31.030361,103.869528,0, ,0.0,0.0,0.0,0.0,0,0,0,0,0,0,0,0
TF,UU933,30.882639,103.800444,0, ,0.0,0.0,0.0,0.0,0,0,0,0,0,0,0,0
TF,UU932,30.798972,103.761444,0, ,0.0,0.0,0.0,0.0,0,0,0,0,0,0,0,0
TF,UU922,30.749778,103.902806,0, ,0.0,0.0,0.0,0.0,2,4930,0,0,0,0,0,0

STAR,MEXA2E,20L,6
IF,UU922,30.749778,103.902806, ,0.0,0.0,2,4930,0,0,0,0,0,0
TF,UU923,30.833389,103.942000,0, ,0.0,0.0,0.0,0.0,2,4930,0,1,200,0,0,0

STAR,MEXA2E,20R,6
IF,UU922,30.749778,103.902806, ,0.0,0.0,2,4930,0,0,0,0,0,0
TF,UU923,30.833389,103.942000,0, ,0.0,0.0,0.0,0.0,2,3940,0,1,200,0,0,0

STAR,MEXA4C,20L,5
IF,MEXAD,31.780000,104.638333, ,0.0,0.0,0,0,0,0,0,0,0,0
TF,UU802,31.541306,104.653167,0, ,0.0,0.0,0.0,0.0,0,0,0,0,0,0,0,0
TF,UU803,31.397778,104.662194,0, ,0.0,0.0,0.0,0.0,0,0,0,0,0,0,0,0
TF,UU821,31.051389,104.476222,0, ,0.0,0.0,0.0,0.0,0,0,0,0,0,0,0,0
TF,JTG,30.871667,104.390000,0, ,0.0,0.0,0.0,0.0,0,0,0,0,0,0,0,0
TF,UU733,30.703861,104.311556,0, ,0.0,0.0,0.0,0.0,0,0,0,0,0,0,0,0
TF,UU732,30.620194,104.272111,0, ,0.0,0.0,0.0,0.0,0,0,0,0,0,0,0,0
TF,UU722,30.669806,104.131000,0, ,0.0,0.0,0.0,0.0,0,0,0,0,0,0,0,0
TF,UU723,30.753528,104.170361,0, ,0.0,0.0,0.0,0.0,2,4930,0,1,200,0,0,0

STAR,MEXA4C,20R,5
IF,MEXAD,31.780000,104.638333, ,0.0,0.0,0,0,0,0,0,0,0,0
TF,UU802,31.541306,104.653167,0, ,0.0,0.0,0.0,0.0,0,0,0,0,0,0,0,0
TF,UU803,31.397778,104.662194,0, ,0.0,0.0,0.0,0.0,0,0,0,0,0,0,0,0
TF,UU821,31.051389,104.476222,0, ,0.0,0.0,0.0,0.0,0,0,0,0,0,0,0,0
TF,JTG,30.871667,104.390000,0, ,0.0,0.0,0.0,0.0,0,0,0,0,0,0,0,0
TF,UU733,30.703861,104.311556,0, ,0.0,0.0,0.0,0.0,0,0,0,0,0,0,0,0
TF,UU732,30.620194,104.272111,0, ,0.0,0.0,0.0,0.0,0,0,0,0,0,0,0,0
TF,UU722,30.669806,104.131000,0, ,0.0,0.0,0.0,0.0,0,0,0,0,0,0,0,0
TF,UU723,30.753528,104.170361,0, ,0.0,0.0,0.0,0.0,2,4930,0,1,200,0,0,0

STAR,MEXA6K,02L,5
IF,MEXAD,31.780000,104.638333, ,0.0,0.0,0,0,0,0,0,0,0,0
TF,UU802,31.541306,104.653167,0, ,0.0,0.0,0.0,0.0,0,0,0,0,0,0,0,0
TF,UU803,31.397778,104.662194,0, ,0.0,0.0,0.0,0.0,0,0,0,0,0,0,0,0
TF,UU813,31.235778,104.664250,0, ,0.0,0.0,0.0,0.0,3,11800,0,0,0,0,0,0
TF,UU814,30.520028,104.309917,0, ,0.0,0.0,0.0,0.0,0,0,0,0,0,0,0,0
TF,UU902,30.470333,103.772167,0, ,0.0,0.0,0.0,0.0,0,0,0,0,0,0,0,0
TF,UU903,30.386500,103.733833,0, ,0.0,0.0,0.0,0.0,2,4930,0,1,200,0,0,0

STAR,MEXA6K,02R,5
IF,MEXAD,31.780000,104.638333, ,0.0,0.0,0,0,0,0,0,0,0,0
TF,UU802,31.541306,104.653167,0, ,0.0,0.0,0.0,0.0,0,0,0,0,0,0,0,0
TF,UU803,31.397778,104.662194,0, ,0.0,0.0,0.0,0.0,0,0,0,0,0,0,0,0
TF,UU813,31.235778,104.664250,0, ,0.0,0.0,0.0,0.0,3,11800,0,0,0,0,0,0
TF,UU814,30.520028,104.309917,0, ,0.0,0.0,0.0,0.0,0,0,0,0,0,0,0,0
TF,UU902,30.470333,103.772167,0, ,0.0,0.0,0.0,0.0,0,0,0,0,0,0,0,0
TF,UU903,30.386500,103.733833,0, ,0.0,0.0,0.0,0.0,2,4930,0,1,200,0,0,0

STAR,MEXA7U,02L,5
IF,MEXAD,31.780000,104.638333, ,0.0,0.0,0,0,0,0,0,0,0,0
TF,UT801,31.689917,104.643972,0, ,0.0,0.0,0.0,0.0,0,0,0,0,0,0,0,0
TF,UU813,31.235778,104.664250,0, ,0.0,0.0,0.0,0.0,0,0,0,0,0,0,0,0
TF,UD01,30.279194,103.948389,0, ,0.0,0.0,0.0,0.0,2,4930,0,1,200,0,0,0

STAR,MEXA7U,02R,5
IF,MEXAD,31.780000,104.638333, ,0.0,0.0,0,0,0,0,0,0,0,0
TF,UT801,31.689917,104.643972,0, ,0.0,0.0,0.0,0.0,0,0,0,0,0,0,0,0
TF,UU813,31.235778,104.664250,0, ,0.0,0.0,0.0,0.0,0,0,0,0,0,0,0,0
TF,UD01,30.279194,103.948389,0, ,0.0,0.0,0.0,0.0,2,4930,0,1,200,0,0,0

STAR,MEXA8L,02L,5
IF,MEXAD,31.780000,104.638333, ,0.0,0.0,0,0,0,0,0,0,0,0
TF,UU802,31.541306,104.653167,0, ,0.0,0.0,0.0,0.0,0,0,0,0,0,0,0,0
TF,UU803,31.397778,104.662194,0, ,0.0,0.0,0.0,0.0,0,0,0,0,0,0,0,0
TF,CDX,31.250000,104.380000,0, ,0.0,0.0,0.0,0.0,0,0,0,0,0,0,0,0
TF,UU910,31.078972,104.057278,0, ,0.0,0.0,0.0,0.0,0,0,0,0,0,0,0,0
TF,UU902,30.470333,103.772167,0, ,0.0,0.0,0.0,0.0,0,0,0,0,0,0,0,0
TF,UU903,30.386500,103.733833,0, ,0.0,0.0,0.0,0.0,2,4930,0,1,200,0,0,0

STAR,MEXA8L,02R,5
IF,MEXAD,31.780000,104.638333, ,0.0,0.0,0,0,0,0,0,0,0,0
TF,UU802,31.541306,104.653167,0, ,0.0,0.0,0.0,0.0,0,0,0,0,0,0,0,0
TF,UU803,31.397778,104.662194,0, ,0.0,0.0,0.0,0.0,0,0,0,0,0,0,0,0
TF,CDX,31.250000,104.380000,0, ,0.0,0.0,0.0,0.0,0,0,0,0,0,0,0,0
TF,UU910,31.078972,104.057278,0, ,0.0,0.0,0.0,0.0,0,0,0,0,0,0,0,0
TF,UU902,30.470333,103.772167,0, ,0.0,0.0,0.0,0.0,0,0,0,0,0,0,0,0
TF,UU903,30.386500,103.733833,0, ,0.0,0.0,0.0,0.0,2,4930,0,1,200,0,0,0

STAR,MEXA9M,ALL,5
IF,MEXAD,31.780000,104.638333, ,0.0,0.0,0,0,0,0,0,0,0,0
TF,UU802,31.541306,104.653167,0, ,0.0,0.0,0.0,0.0,0,0,0,0,0,0,0,0
TF,UU803,31.397778,104.662194,0, ,0.0,0.0,0.0,0.0,0,0,0,0,0,0,0,0
TF,UU813,31.235778,104.664250,0, ,0.0,0.0,0.0,0.0,3,11800,0,0,0,0,0,0
TF,UU814,30.520028,104.309917,0, ,0.0,0.0,0.0,0.0,0,0,0,0,0,0,0,0
TF,UU702,30.408583,104.008583,0, ,0.0,0.0,0.0,0.0,2,4930,0,0,0,0,0,0
TF,UU703,30.307000,103.961306,0, ,0.0,0.0,0.0,0.0,0,0,0,0,0,0,0,0

STAR,MEXA9M,02L,6
IF,UU703,30.307000,103.961306, ,0.0,0.0,0,0,0,0,0,0,0,0
TF,UU704,30.222861,103.922222,0, ,0.0,0.0,0.0,0.0,2,4930,0,1,200,0,0,0

STAR,MEXA9M,02R,6
IF,UU703,30.307000,103.961306, ,0.0,0.0,0,0,0,0,0,0,0,0
TF,UU704,30.222861,103.922222,0, ,0.0,0.0,0.0,0.0,2,3940,0,1,200,0,0,0

STAR,MEXAA1,ALL,2
IF,MEXAD,31.780000,104.638333, ,0.0,0.0,0,0,0,1,260,0,0,0
TF,MYG,31.433333,104.733333,0, ,0.0,0.0,0.0,0.0,0,0,0,0,0,0,0,0
TF,WFX30,31.092700,104.633225,0, ,0.0,0.0,0.0,0.0,0,0,0,0,0,0,0,0
TF,D016J,30.768697,104.538694,0, ,0.0,0.0,0.0,0.0,0,0,0,0,0,0,0,0
TF,BHS,30.511667,104.200000,0, ,0.0,0.0,0.0,0.0,0,0,0,0,0,0,0,0
TF,D219L,30.351486,104.060886,0, ,0.0,0.0,0.0,0.0,2,4930,0,0,0,0,0,0

STAR,MEXAA1,02L,3
IF,D219L,30.351486,104.060886, ,0.0,0.0,2,4930,0,0,0,0,0,0
TF,D114N,30.213811,103.944694,0, ,0.0,0.0,0.0,0.0,2,4930,0,1,200,0,0,0

STAR,MEXAA1,02R,3
IF,D219L,30.351486,104.060886, ,0.0,0.0,2,4930,0,0,0,0,0,0
TF,D114N,30.213811,103.944694,0, ,0.0,0.0,0.0,0.0,2,3940,0,1,200,0,0,0

STAR,MEXAB2,02L,2
IF,MEXAD,31.780000,104.638333, ,0.0,0.0,0,0,0,1,260,0,0,0
TF,MYG,31.433333,104.733333,0, ,0.0,0.0,0.0,0.0,0,0,0,0,0,0,0,0
TF,CDX,31.250000,104.380000,0, ,0.0,0.0,0.0,0.0,0,0,0,0,0,0,0,0
TF,D240S,31.078819,104.060017,0, ,0.0,0.0,0.0,0.0,0,0,0,0,0,0,0,0
TF,D159K,30.468969,103.772911,0, ,0.0,0.0,0.0,0.0,0,0,0,0,0,0,0,0
TF,HLC,30.301667,103.695000,0, ,0.0,0.0,0.0,0.0,2,4930,0,1,200,0,0,0

STAR,MEXAB2,02R,2
IF,MEXAD,31.780000,104.638333, ,0.0,0.0,0,0,0,1,260,0,0,0
TF,MYG,31.433333,104.733333,0, ,0.0,0.0,0.0,0.0,0,0,0,0,0,0,0,0
TF,CDX,31.250000,104.380000,0, ,0.0,0.0,0.0,0.0,0,0,0,0,0,0,0,0
TF,D240S,31.078819,104.060017,0, ,0.0,0.0,0.0,0.0,0,0,0,0,0,0,0,0
TF,D159K,30.468969,103.772911,0, ,0.0,0.0,0.0,0.0,0,0,0,0,0,0,0,0
TF,HLC,30.301667,103.695000,0, ,0.0,0.0,0.0,0.0,2,4930,0,1,200,0,0,0

STAR,MEXAC3,20L,2
IF,MEXAD,31.780000,104.638333, ,0.0,0.0,0,0,0,1,260,0,0,0
TF,MYG,31.433333,104.733333,0, ,0.0,0.0,0.0,0.0,0,0,0,0,0,0,0,0
TF,D029P,31.108350,104.534114,0, ,0.0,0.0,0.0,0.0,0,0,0,0,0,0,0,0
TF,JTG,30.871667,104.390000,0, ,0.0,0.0,0.0,0.0,2,4930,0,1,200,0,0,0

STAR,MEXAC3,20R,2
IF,MEXAD,31.780000,104.638333, ,0.0,0.0,0,0,0,1,260,0,0,0
TF,MYG,31.433333,104.733333,0, ,0.0,0.0,0.0,0.0,0,0,0,0,0,0,0,0
TF,D029P,31.108350,104.534114,0, ,0.0,0.0,0.0,0.0,0,0,0,0,0,0,0,0
TF,JTG,30.871667,104.390000,0, ,0.0,0.0,0.0,0.0,2,4930,0,1,200,0,0,0

STAR,MEXAE4,20L,2
IF,MEXAD,31.780000,104.638333, ,0.0,0.0,0,0,0,1,260,0,0,0
TF,MYG,31.433333,104.733333,0, ,0.0,0.0,0.0,0.0,0,0,0,0,0,0,0,0
TF,CDX,31.250000,104.380000,0, ,0.0,0.0,0.0,0.0,0,0,0,0,0,0,0,0
TF,D024Y,31.025903,103.865419,0, ,0.0,0.0,0.0,0.0,0,0,0,0,0,0,0,0
TF,D024O,30.881928,103.797672,0, ,0.0,0.0,0.0,0.0,0,0,0,0,0,0,0,0
TF,HLC34,30.832708,103.943731,1, ,0.0,0.0,0.0,0.0,2,4930,0,1,200,0,0,0

STAR,MEXAE4,20R,2
IF,MEXAD,31.780000,104.638333, ,0.0,0.0,0,0,0,1,260,0,0,0
TF,MYG,31.433333,104.733333,0, ,0.0,0.0,0.0,0.0,0,0,0,0,0,0,0,0
TF,CDX,31.250000,104.380000,0, ,0.0,0.0,0.0,0.0,0,0,0,0,0,0,0,0
TF,D024Y,31.025903,103.865419,0, ,0.0,0.0,0.0,0.0,0,0,0,0,0,0,0,0
TF,D024O,30.881928,103.797672,0, ,0.0,0.0,0.0,0.0,0,0,0,0,0,0,0,0
TF,HLC34,30.832708,103.943731,1, ,0.0,0.0,0.0,0.0,2,4930,0,1,200,0,0,0

APPTR,D02L,02L,D114N
IF,D114N,30.213811,103.944694, ,0.0,0.0,2,4930,0,1,200,0,1,0
CF,D114I,30.247753,103.848436,0,HLC,114.0,8.6,294.0,5.4,0,0,0,0,0,0,0,1
CF,CD02L,30.344514,103.857622,0,CTU,200.0,14.4,20.0,6.0,2,4930,0,0,0,0,1,0

APPTR,D02L,02L,HLC
IF,HLC,30.301667,103.695000, ,0.0,0.0,2,4930,0,1,200,0,1,0
CF,D114F,30.267836,103.791361,0,HLC,114.0,5.4,114.0,5.4,0,0,0,0,0,0,0,1
CF,CD02L,30.344514,103.857622,1,CTU,200.0,14.4,20.0,5.0,2,4930,0,0,0,0,1,0

FINAL,D02L,02L,D,4
IF,CD02L,30.344514,103.857622,CTU,200.0,14.4,2,4930,0,0,0,0,0,0
CF,FD02L,30.401725,103.879011,0,CTU,200.0,10.8,20.0,3.6,2,4930,0,0,0,0,2,0
CF,41VOR,30.508189,103.918886,0,CTU,200.0,4.1,20.0,6.7,2,2790,0,0,0,0,0,0
CF,MD02L,30.544733,103.932597,0,CTU,200.0,1.8,20.0,2.3,1,2042,0,0,0,0,3,0
CF,CTU,30.573333,103.943333,0,CTU,0.0,0.0,20.0,1.8,0,0,0,0,0,0,0,0
FD,CTU,30.573333,103.943333,0,CTU,0.0,4.5,20.0,4.5,0,0,0,0,0,0,0,0
DF,BHS,30.511667,104.200000,2, ,0.0,0.0,1,5910,0,1,200,0,0,0

APPTR,D20R,20R,HLC34
IF,HLC34,30.832708,103.943731, ,0.0,0.0,2,4930,0,1,200,0,1,0
CR,0,CTU,20.0,114.0,0,0,0,0,0,0,0,0
CF,CD20R,30.765572,104.047161,2,CTU,27.0,12.7,207.0,1.0,2,3940,0,0,0,0,1,0

APPTR,D20R,20R,JTG
IF,JTG,30.871667,104.390000, ,0.0,0.0,2,4930,0,1,200,0,1,0
CF,D294L,30.946578,104.174358,0,JTG,294.0,12.0,294.0,12.0,0,0,0,0,0,0,0,1
CF,CD20R,30.765572,104.047161,0,CTU,27.0,12.7,207.0,13.0,2,3940,0,0,0,0,1,0

FINAL,D20R,20R,D,4
IF,CD20R,30.765572,104.047161,CTU,27.0,12.7,2,3940,0,0,0,0,0,0
CF,FD20R,30.702006,104.012778,0,CTU,27.0,8.5,207.0,4.2,2,3940,0,0,0,0,2,0
CF,54VOR,30.655083,103.987431,0,CTU,27.0,5.4,207.0,3.1,2,2960,0,0,0,0,0,0
CF,MD20R,30.612694,103.964556,0,CTU,27.0,2.6,207.0,2.8,1,2078,0,0,0,0,3,0
CF,CTU,30.573333,103.943333,0,CTU,0.0,0.0,207.0,2.6,0,0,0,0,0,0,0,0
FD,CTU,30.573333,103.943333,0,CTU,0.0,1.2,207.0,1.2,0,0,0,0,0,0,0,0
DF,CZH,30.645000,103.686667,2, ,0.0,0.0,1,5910,0,1,200,0,0,0

APPTR,I02LX,02L,UD01
IF,UD01,30.279194,103.948389, ,0.0,0.0,2,4930,0,1,200,0,1,0
TF,UD03,30.321361,103.827611,0,IZW,0.0,0.0,0.0,0.0,2,4930,0,0,0,0,1,0

FINAL,I02LX,02L,I,3
IF,UD03,30.321361,103.827611,IZW,204.0,17.7,2,4930,0,0,0,0,0,0
CF,FI02L,30.404844,103.866275,0,IZW,204.0,12.3,24.0,5.4,1,4930,0,0,0,0,2,0
CF,RW02L,30.563464,103.939989,0,IZW,204.0,2.1,24.0,10.2,1,1666,0,0,0,0,3,0
CF,UU401,30.674111,103.991528,0,CTU,24.5,6.5,24.0,7.1,0,0,0,0,0,0,0,1
DF,BHS,30.511667,104.200000,2, ,0.0,0.0,1,5910,0,1,200,0,0,0

APPTR,I02LY,02L,D114N
IF,D114N,30.213811,103.944694, ,0.0,0.0,2,4930,0,1,200,0,1,0
CF,D114G,30.254031,103.830603,0,HLC,114.0,7.6,294.0,6.4,0,0,0,0,0,0,0,1
CF,CI02L,30.349042,103.840406,0,IZW,204.0,15.9,24.0,6.0,2,4930,0,0,0,0,1,0

APPTR,I02LY,02L,HLC
IF,HLC,30.301667,103.695000, ,0.0,0.0,2,4930,0,1,200,0,1,0
CF,D114D,30.274733,103.771739,0,HLC,114.0,4.3,114.0,4.3,0,0,0,0,0,0,0,1
CF,CI02L,30.349042,103.840406,0,IZW,204.0,15.9,24.0,6.0,2,4930,0,0,0,0,1,0

FINAL,I02LY,02L,I,3
IF,CI02L,30.349042,103.840406,IZW,204.0,15.9,2,4930,0,0,0,0,0,0
CF,FI02L,30.404844,103.866275,0,IZW,204.0,12.3,24.0,3.6,1,4930,0,0,0,0,2,0
CF,RW02L,30.563464,103.939989,0,IZW,204.0,2.1,24.0,10.2,1,1666,0,0,0,0,3,0
FD,RW02L,30.563464,103.939989,0,CTU,198.4,4.5,24.0,4.5,0,0,0,0,0,0,0,0
DF,BHS,30.511667,104.200000,2, ,0.0,0.0,1,5910,0,1,200,0,0,0

APPTR,I02LZ,02L,UU704
IF,UU704,30.222861,103.922222, ,0.0,0.0,2,4930,0,1,200,0,1,0
TF,UU705,30.096806,103.863722,0, ,0.0,0.0,0.0,0.0,0,0,0,1,180,0,0,0
TF,UU505,30.139417,103.743444,0, ,0.0,0.0,0.0,0.0,0,0,0,0,0,0,0,0
TF,UU504,30.265028,103.801528,0, ,0.0,0.0,0.0,0.0,0,0,0,1,180,0,0,0
TF,UU503,30.349333,103.840556,0,IZW,0.0,0.0,0.0,0.0,2,4930,0,0,0,0,1,0

APPTR,I02LZ,02L,UU903
IF,UU903,30.386500,103.733833, ,0.0,0.0,2,4930,0,1,200,0,1,0
TF,HLC,30.301667,103.695000,0, ,0.0,0.0,0.0,0.0,0,0,0,0,0,0,0,0
TF,UU905,30.177167,103.637000,0, ,0.0,0.0,0.0,0.0,0,0,0,1,180,0,0,0
TF,UU505,30.139417,103.743444,0, ,0.0,0.0,0.0,0.0,0,0,0,0,0,0,0,0
TF,UU504,30.265028,103.801528,0, ,0.0,0.0,0.0,0.0,0,0,0,1,180,0,0,0
TF,UU503,30.349333,103.840556,0,IZW,0.0,0.0,0.0,0.0,2,4930,0,0,0,0,1,0

FINAL,I02LZ,02L,I,3
IF,UU503,30.349333,103.840556,IZW,204.0,15.9,2,4930,0,0,0,0,0,0
CF,FI02L,30.404844,103.866275,0,IZW,204.0,12.3,24.0,3.6,1,4930,0,0,0,0,2,0
CF,RW02L,30.563464,103.939989,0,IZW,204.0,2.1,24.0,10.2,1,1666,0,0,0,0,3,0
CF,UU401,30.674111,103.991528,0,CTU,24.5,6.5,24.0,7.1,0,0,0,0,0,0,0,1
DF,BHS,30.511667,104.200000,2, ,0.0,0.0,1,5910,0,1,200,0,0,0

APPTR,I02RX,02R,UD01
IF,UD01,30.279194,103.948389, ,0.0,0.0,2,4930,0,1,200,0,1,0
TF,UD13,30.316250,103.842306,0,ICR,0.0,0.0,0.0,0.0,2,3940,0,0,0,0,1,0

FINAL,I02RX,02R,I,3
IF,UD13,30.316250,103.842306,ICR,204.0,15.2,2,3940,0,0,0,0,0,0
CF,FI02R,30.412272,103.886864,0,ICR,203.9,9.0,24.0,6.2,1,3940,0,0,0,0,2,0
CF,RW02R,30.519497,103.936669,0,ICR,203.9,2.1,24.0,6.9,1,1730,0,0,0,0,3,0
CF,UU463,30.552139,103.951861,0,CTU,162.8,1.3,24.0,2.1,0,0,0,0,0,0,0,1
CA,0,24.0,2,2470,0,0,0,0,0,0
DF,BHS,30.511667,104.200000,2, ,0.0,0.0,1,4930,0,1,200,0,0,0

APPTR,I02RY,02R,D114N
IF,D114N,30.213811,103.944694, ,0.0,0.0,2,3940,0,1,200,0,1,0
CF,D114H,30.249008,103.844869,0,HLC,114.0,8.4,294.0,5.6,0,0,0,0,0,0,0,1
CF,CI02R,30.344067,103.855247,0,ICR,203.9,13.4,24.0,6.0,2,3940,0,0,0,0,1,0

APPTR,I02RY,02R,HLC
IF,HLC,30.301667,103.695000, ,0.0,0.0,2,4930,0,1,200,0,1,0
CF,D114E,30.269089,103.787794,0,HLC,114.0,5.2,114.0,5.2,0,0,0,0,0,0,0,1
CF,CI02R,30.344067,103.855247,0,ICR,203.9,13.4,24.0,6.0,2,3940,0,0,0,0,1,0

FINAL,I02RY,02R,I,3
IF,CI02R,30.344067,103.855247,ICR,203.9,13.4,2,3940,0,0,0,0,0,0
CF,FI02R,30.412272,103.886864,0,ICR,203.9,9.0,24.0,4.4,1,3940,0,0,0,0,2,0
CF,RW02R,30.519497,103.936669,0,ICR,203.9,2.1,24.0,6.9,1,1730,0,0,0,0,3,0
FD,RW02R,30.519497,103.936669,0,ICR,0.0,2.0,24.0,2.0,0,0,0,0,0,0,0,0
CA,0,24.0,2,2470,0,0,0,0,0,0
DF,BHS,30.511667,104.200000,2, ,0.0,0.0,1,4930,0,1,200,0,0,0

APPTR,I02RZ,02R,UU704
IF,UU704,30.222861,103.922222, ,0.0,0.0,2,3940,0,1,200,0,1,0
TF,UU705,30.096806,103.863722,0, ,0.0,0.0,0.0,0.0,0,0,0,1,180,0,0,0
TF,UU615,30.134306,103.758139,0, ,0.0,0.0,0.0,0.0,0,0,0,0,0,0,0,0
TF,UU614,30.259889,103.816222,0, ,0.0,0.0,0.0,0.0,0,0,0,1,180,0,0,0
TF,UU613,30.344167,103.855250,0,ICR,0.0,0.0,0.0,0.0,2,3940,0,0,0,0,1,0

APPTR,I02RZ,02R,UU903
IF,UU903,30.386500,103.733833, ,0.0,0.0,2,4930,0,1,200,0,1,0
TF,HLC,30.301667,103.695000,0, ,0.0,0.0,0.0,0.0,0,0,0,0,0,0,0,0
TF,UU905,30.177167,103.637000,0, ,0.0,0.0,0.0,0.0,0,0,0,1,180,0,0,0
TF,UU615,30.134306,103.758139,0, ,0.0,0.0,0.0,0.0,0,0,0,0,0,0,0,0
TF,UU614,30.259889,103.816222,0, ,0.0,0.0,0.0,0.0,0,0,0,1,180,0,0,0
TF,UU613,30.344167,103.855250,0,ICR,0.0,0.0,0.0,0.0,2,3940,0,0,0,0,1,0

FINAL,I02RZ,02R,I,3
IF,UU613,30.344167,103.855250,ICR,204.0,13.4,2,3940,0,0,0,0,0,0
CF,FI02R,30.412272,103.886864,0,ICR,203.9,9.0,24.0,4.4,1,3940,0,0,0,0,2,0
CF,RW02R,30.519497,103.936669,0,ICR,203.9,2.1,24.0,6.9,1,1730,0,0,0,0,3,0
CF,UU463,30.552139,103.951861,0,CTU,162.8,1.3,24.0,2.1,0,0,0,0,0,0,0,1
CA,0,24.0,2,2470,0,0,0,0,0,0
DF,BHS,30.511667,104.200000,2, ,0.0,0.0,1,4930,0,1,200,0,0,0

APPTR,I20LY,20L,HLC34
IF,HLC34,30.832708,103.943731, ,0.0,0.0,2,4930,0,1,200,0,1,0
CR,0,CTU,21.0,114.0,0,0,0,0,0,0,0,0
CF,CI20L,30.790378,104.063056,0,IDE,23.9,17.7,204.0,1.0,2,4930,0,0,0,0,1,0

APPTR,I20LY,20L,JTG
IF,JTG,30.871667,104.390000, ,0.0,0.0,2,4930,0,1,200,0,1,0
CF,JTG12,30.947825,104.170761,0,JTG,294.0,12.2,294.0,12.2,0,0,0,0,0,0,0,1
CF,CI20L,30.790378,104.063056,0,IDE,23.9,17.7,204.0,11.0,2,4930,0,0,0,0,1,0

FINAL,I20LY,20L,I,3
IF,CI20L,30.790378,104.063056,IDE,23.9,17.7,2,4930,0,0,0,0,0,0
CF,FI20L,30.706733,104.023944,0,IDE,23.9,12.3,204.0,5.4,1,4930,0,0,0,0,2,0
CF,RW20L,30.549628,103.950686,0,IDE,23.9,2.1,204.0,10.1,1,1678,0,0,0,0,3,0
FD,RW20L,30.549628,103.950686,0,IDE,0.0,2.0,204.0,2.0,0,0,0,0,0,0,0,0
CA,0,204.0,2,2470,0,0,0,0,0,0
DF,BHS,30.511667,104.200000,1, ,0.0,0.0,1,4930,0,1,200,0,0,0

APPTR,I20LZ,20L,UU723
IF,UU723,30.753528,104.170361, ,0.0,0.0,2,4930,0,1,200,0,1,0
TF,UU725,30.922750,104.250139,0, ,0.0,0.0,0.0,0.0,0,0,0,1,180,0,0,0
TF,UU625,30.960417,104.142750,0, ,0.0,0.0,0.0,0.0,0,0,0,0,0,0,0,0
TF,UU624,30.876806,104.103500,0, ,0.0,0.0,0.0,0.0,0,0,0,1,180,0,0,0
TF,UU623,30.791056,104.063333,0,IDE,0.0,0.0,0.0,0.0,2,4930,0,0,0,0,1,0

APPTR,I20LZ,20L,UU923
IF,UU923,30.833389,103.942000, ,0.0,0.0,2,4930,0,1,200,0,1,0
TF,UU925,31.002778,104.021444,0, ,0.0,0.0,0.0,0.0,0,0,0,1,180,0,0,0
TF,UU625,30.960417,104.142750,0, ,0.0,0.0,0.0,0.0,0,0,0,0,0,0,0,0
TF,UU624,30.876806,104.103500,0, ,0.0,0.0,0.0,0.0,0,0,0,1,180,0,0,0
TF,UU623,30.791056,104.063333,0,IDE,0.0,0.0,0.0,0.0,2,4930,0,0,0,0,1,0

FINAL,I20LZ,20L,I,3
IF,UU623,30.791056,104.063333,IDE,23.9,17.7,2,4930,0,0,0,0,0,0
CF,FI20L,30.706733,104.023944,0,IDE,23.9,12.3,204.0,5.4,1,4930,0,0,0,0,2,0
CF,RW20L,30.549628,103.950686,0,IDE,23.9,2.1,204.0,10.1,1,1678,0,0,0,0,3,0
CF,UU462,30.517000,103.935500,0,CTU,188.9,3.4,204.0,2.1,0,0,0,0,0,0,0,1
CA,0,204.0,2,2470,0,0,0,0,0,0
DF,BHS,30.511667,104.200000,1, ,0.0,0.0,1,4930,0,1,200,0,0,0

APPTR,I20RY,20R,HLC34
IF,HLC34,30.832708,103.943731, ,0.0,0.0,2,4930,0,1,200,0,1,0
CR,0,CTU,18.0,114.0,0,0,0,0,0,0,0,0
CF,CI20R,30.796928,104.048919,0,IAA,23.9,15.2,204.0,1.0,2,3940,0,0,0,0,1,0

APPTR,I20RY,20R,JTG
IF,JTG,30.871667,104.390000, ,0.0,0.0,2,4930,0,1,200,0,1,0
CF,D294M,30.952806,104.156375,0,JTG,294.0,13.0,294.0,13.0,0,0,0,0,0,0,0,1
CF,CI20R,30.796928,104.048919,0,IAA,23.9,15.2,204.0,11.0,2,3940,0,0,0,0,1,0

FINAL,I20RY,20R,I,3
IF,CI20R,30.796928,104.048919,IAA,23.9,15.2,2,3940,0,0,0,0,0,0
CF,FI20R,30.703981,104.005483,0,IAA,23.9,9.2,204.0,6.0,1,3940,0,0,0,0,2,0
CF,RW20R,30.593583,103.954014,0,IAA,23.9,2.1,204.0,7.1,1,1674,0,0,0,0,3,0
CF,Z,30.554681,103.935886,0,CTU,201.1,1.2,204.0,2.5,2,2070,0,0,0,0,0,1
DF,CZH,30.645000,103.686667,2, ,0.0,0.0,1,5910,0,1,200,0,0,0

APPTR,I20RZ,20R,UU723
IF,UU723,30.753528,104.170361, ,0.0,0.0,2,4930,0,1,200,0,1,0
TF,UU725,30.922750,104.250139,0, ,0.0,0.0,0.0,0.0,0,0,0,1,180,0,0,0
TF,UU515,30.965500,104.127917,0, ,0.0,0.0,0.0,0.0,0,0,0,0,0,0,0,0
TF,UU514,30.881889,104.088694,0, ,0.0,0.0,0.0,0.0,0,0,0,1,180,0,0,0
TF,UU513,30.796139,104.048556,0,IAA,0.0,0.0,0.0,0.0,2,3940,0,0,0,0,1,0

APPTR,I20RZ,20R,UU923
IF,UU923,30.833389,103.942000, ,0.0,0.0,2,3940,0,1,200,0,1,0
TF,UU925,31.002778,104.021444,0, ,0.0,0.0,0.0,0.0,0,0,0,1,180,0,0,0
TF,UU515,30.965500,104.127917,0, ,0.0,0.0,0.0,0.0,0,0,0,0,0,0,0,0
TF,UU514,30.881889,104.088694,0, ,0.0,0.0,0.0,0.0,0,0,0,1,180,0,0,0
TF,UU513,30.796139,104.048556,0,IAA,0.0,0.0,0.0,0.0,2,3940,0,0,0,0,1,0

FINAL,I20RZ,20R,I,3
IF,UU513,30.796139,104.048556,IAA,23.9,15.2,2,3940,0,0,0,0,0,0
CF,FI20R,30.703981,104.005483,0,IAA,23.9,9.2,204.0,6.0,1,3940,0,0,0,0,2,0
CF,RW20R,30.593583,103.954014,0,IAA,23.9,2.1,204.0,7.1,1,1674,0,0,0,0,3,0
CF,UU425,30.554583,103.935778,0,CTU,201.2,1.2,204.0,2.5,2,2070,0,0,0,0,0,1
DF,CZH,30.645000,103.686667,2, ,0.0,0.0,1,5910,0,1,200,0,0,0

