SID,FKGA0,26L,1
CD, ,0,0,0,IMU,0,0.0,251.0,6.0,0,0,0,0,0,0,0,0
DF,FKG,44.173333,87.983333,2, ,0.0,0.0,0,0,0,1,230,0,0,0

SID,FKGA0,26R,1
CD, ,0,0,0,IUR,0,0.0,251.0,6.0,0,0,0,0,0,0,0,0
DF,FKG,44.173333,87.983333,2, ,0.0,0.0,0,0,0,1,230,0,0,0

SID,FKGB1,08L,1
CD, ,0,0,0,IQD,0,0.0,71.0,6.0,0,0,0,0,0,0,0,0
DF,FKG,44.173333,87.983333,0, ,0.0,0.0,0,0,0,1,230,0,0,0

SID,FKGB1,08R,1
CD, ,0,0,0,IWQ,0,0.0,71.0,6.0,0,0,0,0,0,0,0,0
DF,FKG,44.173333,87.983333,0, ,0.0,0.0,0,0,0,1,230,0,0,0

SID,NIXE0H,08L,4
CF,WW410,43.950722,87.581889,0,WUR,52.8,3.9,71.0,5.0,0,0,0,0,0,0,0,1

SID,NIXE0H,08R,4
CF,WW410,43.950722,87.581889,0,WUR,52.8,3.9,68.0,5.0,0,0,0,0,0,0,0,1

SID,NIXE0H,ALL,5
IF,WW410,43.950722,87.581889, ,0.0,0.0,0,0,0,0,0,0,0,0
DF,WW771,43.796250,87.372806,2, ,0.0,0.0,2,5910,0,1,230,0,0,0
TF,WW531,43.785833,87.030639,0, ,0.0,0.0,0.0,0.0,2,9520,0,0,0,0,0,0
TF,WW772,43.558528,86.556944,0, ,0.0,0.0,0.0,0.0,2,15700,0,0,0,0,0,0
TF,NIXER,43.612222,86.082222,0, ,0.0,0.0,0.0,0.0,2,19700,0,0,0,0,0,0

SID,NIXE1R,26L,5
VA,0,251.0,2,2630,0,0,0,0,0,0
DF,WW773,43.864722,87.349167,0, ,0.0,0.0,0,0,0,1,180,0,0,0
TF,WW774,43.834417,87.274667,0, ,0.0,0.0,0.0,0.0,0,0,0,0,0,0,0,0
TF,WW776,43.799528,87.059472,0, ,0.0,0.0,0.0,0.0,0,0,0,0,0,0,0,0
TF,WW772,43.558528,86.556944,0, ,0.0,0.0,0.0,0.0,2,15700,0,0,0,0,0,0
TF,NIXER,43.612222,86.082222,0, ,0.0,0.0,0.0,0.0,2,19700,0,0,0,0,0,0

SID,NIXE1R,26R,5
VA,0,251.0,2,2630,0,0,0,0,0,0
DF,WW773,43.864722,87.349167,0, ,0.0,0.0,0,0,0,1,180,0,0,0
TF,WW774,43.834417,87.274667,0, ,0.0,0.0,0.0,0.0,0,0,0,0,0,0,0,0
TF,WW776,43.799528,87.059472,0, ,0.0,0.0,0.0,0.0,0,0,0,0,0,0,0,0
TF,WW772,43.558528,86.556944,0, ,0.0,0.0,0.0,0.0,2,15700,0,0,0,0,0,0
TF,NIXER,43.612222,86.082222,0, ,0.0,0.0,0.0,0.0,2,19700,0,0,0,0,0,0

SID,NIXE2N,08L,4
CF,WW410,43.950722,87.581889,0,WUR,52.8,3.9,71.0,5.0,0,0,0,0,0,0,0,1

SID,NIXE2N,08R,4
CF,WW410,43.950722,87.581889,0,WUR,52.8,3.9,68.0,5.0,0,0,0,0,0,0,0,1

SID,NIXE2N,ALL,5
IF,WW410,43.950722,87.581889, ,0.0,0.0,0,0,0,0,0,0,0,0
DF,WW511,44.117000,87.577833,1, ,0.0,0.0,2,4930,0,1,230,0,0,0
TF,WW999,44.124611,87.303778,0, ,0.0,0.0,0.0,0.0,2,6890,0,0,0,0,0,0
TF,WW522,43.876278,86.716250,0, ,0.0,0.0,0.0,0.0,2,14800,0,0,0,0,0,0
TF,NIXER,43.612222,86.082222,0, ,0.0,0.0,0.0,0.0,2,19700,0,0,0,0,0,0

SID,NIXE3M,08L,4
CF,WW410,43.950722,87.581889,0,WUR,52.8,3.9,71.0,5.0,0,0,0,0,0,0,0,1

SID,NIXE3M,08R,4
CF,WW410,43.950722,87.581889,0,WUR,52.8,3.9,68.0,5.0,0,0,0,0,0,0,0,1

SID,NIXE3M,ALL,5
IF,WW410,43.950722,87.581889, ,0.0,0.0,0,0,0,0,0,0,0,0
DF,WW511,44.117000,87.577833,1, ,0.0,0.0,2,4930,0,1,230,0,0,0
TF,WW999,44.124611,87.303778,0, ,0.0,0.0,0.0,0.0,2,6890,0,0,0,0,0,0
TF,WW531,43.785833,87.030639,0, ,0.0,0.0,0.0,0.0,2,11800,0,0,0,0,0,0
TF,NIXER,43.612222,86.082222,0, ,0.0,0.0,0.0,0.0,2,19700,0,0,0,0,0,0

SID,NIXE4L,08L,4
CF,WW410,43.950722,87.581889,0,WUR,52.8,3.9,71.0,5.0,0,0,0,0,0,0,0,1

SID,NIXE4L,08R,4
CF,WW410,43.950722,87.581889,0,WUR,52.8,3.9,68.0,5.0,0,0,0,0,0,0,0,1

SID,NIXE4L,ALL,5
IF,WW410,43.950722,87.581889, ,0.0,0.0,0,0,0,0,0,0,0,0
DF,WW514,43.962639,87.734611,2, ,0.0,0.0,0,0,0,0,0,0,0,0
TF,WW515,43.864917,87.774167,0, ,0.0,0.0,0.0,0.0,0,0,0,1,230,0,0,0
TF,WW414,43.798861,87.464083,0, ,0.0,0.0,0.0,0.0,2,7880,0,0,0,0,0,0
TF,WW531,43.785833,87.030639,0, ,0.0,0.0,0.0,0.0,2,11800,0,0,0,0,0,0
TF,NIXER,43.612222,86.082222,0, ,0.0,0.0,0.0,0.0,2,19700,0,0,0,0,0,0

SID,NIXE7W,26L,4
CF,WW510,43.899306,87.357306,0,WUR,259.3,6.6,251.0,5.0,0,0,0,0,0,0,0,1

SID,NIXE7W,26R,4
CF,WW510,43.899306,87.357306,0,WUR,259.3,6.6,248.0,5.0,0,0,0,0,0,0,0,1

SID,NIXE7W,ALL,5
IF,WW510,43.899306,87.357306, ,0.0,0.0,0,0,0,0,0,0,0,0
TF,WW516,43.873361,87.237000,0, ,0.0,0.0,0.0,0.0,0,0,0,0,0,0,0,0
TF,WW403,43.860333,87.175694,0, ,0.0,0.0,0.0,0.0,0,0,0,0,0,0,0,0
TF,WW520,43.770056,86.787917,0, ,0.0,0.0,0.0,0.0,2,11800,0,0,0,0,0,0
TF,WW521,43.741139,86.664583,0, ,0.0,0.0,0.0,0.0,2,13800,0,0,0,0,0,0
TF,NIXER,43.612222,86.082222,0, ,0.0,0.0,0.0,0.0,2,19700,0,0,0,0,0,0

SID,NIXEA0,26L,1
CD, ,0,0,0,IMU,0,0.0,251.0,6.0,0,0,0,0,0,0,0,0
CI,0, ,0.0,204.0,0,0,0,1,230,0,0,0
CF,KABDO,43.543333,86.716111,0,WUR,234.4,41.0,234.0,30.0,2,15700,0,0,0,0,0,0
TF,NIXER,43.612222,86.082222,0, ,0.0,0.0,0.0,0.0,2,19700,0,0,0,0,0,0

SID,NIXEA0,26R,1
CD, ,0,0,0,IUR,0,0.0,251.0,6.0,0,0,0,0,0,0,0,0
CI,0, ,0.0,204.0,0,0,0,1,230,0,0,0
CF,KABDO,43.543333,86.716111,0,WUR,234.4,41.0,234.0,30.0,2,15700,0,0,0,0,0,0
TF,NIXER,43.612222,86.082222,0, ,0.0,0.0,0.0,0.0,2,19700,0,0,0,0,0,0

SID,NIXEB1,08L,1
CD, ,0,0,0,IQD,0,0.0,71.0,6.0,0,0,0,0,0,0,0,0
CI,1, ,0.0,204.0,0,0,0,1,230,0,0,0
CF,KABDO,43.543333,86.716111,0,WUR,234.4,41.0,234.0,40.0,2,18700,0,0,0,0,0,0
TF,NIXER,43.612222,86.082222,0, ,0.0,0.0,0.0,0.0,2,19700,0,0,0,0,0,0

SID,NIXEB1,08R,1
CD, ,0,0,0,IWQ,0,0.0,71.0,6.0,0,0,0,0,0,0,0,0
CI,1, ,0.0,204.0,0,0,0,1,230,0,0,0
CF,KABDO,43.543333,86.716111,0,WUR,234.4,41.0,234.0,40.0,2,18700,0,0,0,0,0,0
TF,NIXER,43.612222,86.082222,0, ,0.0,0.0,0.0,0.0,2,19700,0,0,0,0,0,0

SID,UGPE4L,08L,4
CF,WW410,43.950722,87.581889,0,WUR,52.8,3.9,71.0,5.0,0,0,0,0,0,0,0,1

SID,UGPE4L,08R,4
CF,WW410,43.950722,87.581889,0,WUR,52.8,3.9,68.0,5.0,0,0,0,0,0,0,0,1

SID,UGPE4L,ALL,5
IF,WW410,43.950722,87.581889, ,0.0,0.0,0,0,0,0,0,0,0,0
DF,WW511,44.117000,87.577833,1, ,0.0,0.0,2,4930,0,1,230,0,0,0
TF,WW512,44.195139,87.526278,0, ,0.0,0.0,0.0,0.0,0,0,0,0,0,0,0,0
TF,WW513,44.384028,87.401222,0, ,0.0,0.0,0.0,0.0,2,7880,0,0,0,0,0,0
TF,UGPEL,44.551944,87.286944,0, ,0.0,0.0,0.0,0.0,0,0,0,0,0,0,0,0

SID,UGPE7W,26L,4
CF,WW510,43.899306,87.357306,0,WUR,259.3,6.6,251.0,5.0,0,0,0,0,0,0,0,1

SID,UGPE7W,26R,4
CF,WW510,43.899306,87.357306,0,WUR,259.3,6.6,248.0,5.0,0,0,0,0,0,0,0,1

SID,UGPE7W,ALL,5
IF,WW510,43.899306,87.357306, ,0.0,0.0,0,0,0,0,0,0,0,0
TF,WW516,43.873361,87.237000,0, ,0.0,0.0,0.0,0.0,0,0,0,0,0,0,0,0
TF,WW517,43.962833,87.199917,0, ,0.0,0.0,0.0,0.0,0,0,0,1,230,0,0,0
TF,WW518,44.159694,87.117861,0, ,0.0,0.0,0.0,0.0,0,0,0,0,0,0,0,0
TF,UGPEL,44.551944,87.286944,0, ,0.0,0.0,0.0,0.0,0,0,0,0,0,0,0,0

SID,VARM0H,26L,5
VA,0,251.0,2,2630,0,0,0,0,0,0
DF,WW556,44.006472,87.374361,2, ,0.0,0.0,0,0,0,1,180,0,0,0
TF,WW543,44.038333,87.535889,0, ,0.0,0.0,0.0,0.0,2,5910,0,0,0,0,0,0
TF,WW613,44.136083,87.570000,0, ,0.0,0.0,0.0,0.0,0,0,0,0,0,0,0,0
TF,VARMI,44.334167,87.684722,0, ,0.0,0.0,0.0,0.0,2,7880,0,0,0,0,0,0

SID,VARM0H,26R,5
VA,0,251.0,2,2630,0,0,0,0,0,0
DF,WW556,44.006472,87.374361,2, ,0.0,0.0,0,0,0,1,180,0,0,0
TF,WW543,44.038333,87.535889,0, ,0.0,0.0,0.0,0.0,2,5910,0,0,0,0,0,0
TF,WW613,44.136083,87.570000,0, ,0.0,0.0,0.0,0.0,0,0,0,0,0,0,0,0
TF,VARMI,44.334167,87.684722,0, ,0.0,0.0,0.0,0.0,2,7880,0,0,0,0,0,0

SID,VARM1R,26L,5
VA,0,251.0,2,2630,0,0,0,0,0,0
DF,WW555,43.995389,87.431278,2, ,0.0,0.0,0,0,0,1,180,0,0,0
TF,WW543,44.038333,87.535889,0, ,0.0,0.0,0.0,0.0,2,5910,0,0,0,0,0,0
TF,WW613,44.136083,87.570000,0, ,0.0,0.0,0.0,0.0,0,0,0,0,0,0,0,0
TF,VARMI,44.334167,87.684722,0, ,0.0,0.0,0.0,0.0,2,7880,0,0,0,0,0,0

SID,VARM1R,26R,5
VA,0,251.0,2,2630,0,0,0,0,0,0
DF,WW555,43.995389,87.431278,2, ,0.0,0.0,0,0,0,1,180,0,0,0
TF,WW543,44.038333,87.535889,0, ,0.0,0.0,0.0,0.0,2,5910,0,0,0,0,0,0
TF,WW613,44.136083,87.570000,0, ,0.0,0.0,0.0,0.0,0,0,0,0,0,0,0,0
TF,VARMI,44.334167,87.684722,0, ,0.0,0.0,0.0,0.0,2,7880,0,0,0,0,0,0

SID,VARM4L,08L,4
CF,WW410,43.950722,87.581889,0,WUR,52.8,3.9,71.0,5.0,0,0,0,0,0,0,0,1

SID,VARM4L,08R,4
CF,WW410,43.950722,87.581889,0,WUR,52.8,3.9,68.0,5.0,0,0,0,0,0,0,0,1

SID,VARM4L,ALL,5
IF,WW410,43.950722,87.581889, ,0.0,0.0,0,0,0,0,0,0,0,0
DF,WW511,44.117000,87.577833,1, ,0.0,0.0,2,4930,0,1,230,0,0,0
TF,VARMI,44.334167,87.684722,0, ,0.0,0.0,0.0,0.0,2,7880,0,0,0,0,0,0

SID,VARM7W,26L,4
CF,WW510,43.899306,87.357306,0,WUR,259.3,6.6,251.0,5.0,0,0,0,0,0,0,0,1

SID,VARM7W,26R,4
CF,WW510,43.899306,87.357306,0,WUR,259.3,6.6,248.0,5.0,0,0,0,0,0,0,0,1

SID,VARM7W,ALL,5
IF,WW510,43.899306,87.357306, ,0.0,0.0,0,0,0,0,0,0,0,0
TF,WW516,43.873361,87.237000,0, ,0.0,0.0,0.0,0.0,0,0,0,0,0,0,0,0
TF,WW517,43.962833,87.199917,0, ,0.0,0.0,0.0,0.0,0,0,0,1,230,0,0,0
TF,WW518,44.159694,87.117861,0, ,0.0,0.0,0.0,0.0,0,0,0,0,0,0,0,0
TF,VARMI,44.334167,87.684722,0, ,0.0,0.0,0.0,0.0,2,7880,0,0,0,0,0,0

SID,VARMA0,26L,1
CD, ,0,0,0,IMU,0,0.0,251.0,6.0,0,0,0,0,0,0,0,0
CI,2, ,0.0,59.0,0,0,0,1,230,0,0,0
CF,VARMI,44.334167,87.684722,0,WUR,13.9,26.3,14.0,19.0,0,0,0,0,0,0,0,0

SID,VARMA0,26R,1
CD, ,0,0,0,IUR,0,0.0,251.0,6.0,0,0,0,0,0,0,0,0
CI,2, ,0.0,59.0,0,0,0,1,230,0,0,0
CF,VARMI,44.334167,87.684722,0,WUR,13.9,26.3,14.0,19.0,0,0,0,0,0,0,0,0

SID,VARMB1,08L,1
CD, ,0,0,0,IQD,0,0.0,71.0,6.0,0,0,0,0,0,0,0,0
CI,1, ,0.0,329.0,0,0,0,1,230,0,0,0
CF,VARMI,44.334167,87.684722,0,WUR,13.9,26.3,14.0,18.0,0,0,0,0,0,0,0,0

SID,VARMB1,08R,1
CD, ,0,0,0,IWQ,0,0.0,71.0,6.0,0,0,0,0,0,0,0,0
CI,1, ,0.0,329.0,0,0,0,1,230,0,0,0
CF,VARMI,44.334167,87.684722,0,WUR,13.9,26.3,14.0,18.0,0,0,0,0,0,0,0,0

STAR,AGOX5U,08L,5
IF,AGOXA,44.075278,88.845000, ,0.0,0.0,2,13800,0,0,0,0,0,0
TF,WW642,44.105556,88.570556,0, ,0.0,0.0,0.0,0.0,0,0,0,0,0,0,0,0
TF,WW641,44.132500,88.322778,0, ,0.0,0.0,0.0,0.0,0,0,0,0,0,0,0,0
TF,WW606,44.145833,88.198611,0, ,0.0,0.0,0.0,0.0,0,0,0,0,0,0,0,0
TF,WW607,44.158889,88.074722,0, ,0.0,0.0,0.0,0.0,0,0,0,0,0,0,0,0
TF,FKG,44.173333,87.983333,0, ,0.0,0.0,0.0,0.0,0,0,0,0,0,0,0,0
TF,WW411,44.075139,87.725028,0, ,0.0,0.0,0.0,0.0,0,0,0,0,0,0,0,0
TF,WW601,43.925806,87.561139,0, ,0.0,0.0,0.0,0.0,0,0,0,0,0,0,0,0
TF,WW414,43.798861,87.464083,0, ,0.0,0.0,0.0,0.0,0,0,0,1,210,0,0,0
TF,WW415,43.772778,87.342833,0, ,0.0,0.0,0.0,0.0,2,7880,0,0,0,0,0,0
TF,WW405,43.747000,87.222389,0, ,0.0,0.0,0.0,0.0,2,6890,0,0,0,0,0,0

STAR,AGOX5U,08R,5
IF,AGOXA,44.075278,88.845000, ,0.0,0.0,2,13800,0,0,0,0,0,0
TF,WW642,44.105556,88.570556,0, ,0.0,0.0,0.0,0.0,0,0,0,0,0,0,0,0
TF,WW641,44.132500,88.322778,0, ,0.0,0.0,0.0,0.0,0,0,0,0,0,0,0,0
TF,WW606,44.145833,88.198611,0, ,0.0,0.0,0.0,0.0,0,0,0,0,0,0,0,0
TF,WW607,44.158889,88.074722,0, ,0.0,0.0,0.0,0.0,0,0,0,0,0,0,0,0
TF,FKG,44.173333,87.983333,0, ,0.0,0.0,0.0,0.0,0,0,0,0,0,0,0,0
TF,WW411,44.075139,87.725028,0, ,0.0,0.0,0.0,0.0,0,0,0,0,0,0,0,0
TF,WW601,43.925806,87.561139,0, ,0.0,0.0,0.0,0.0,0,0,0,0,0,0,0,0
TF,WW414,43.798861,87.464083,0, ,0.0,0.0,0.0,0.0,0,0,0,1,210,0,0,0
TF,WW415,43.772778,87.342833,0, ,0.0,0.0,0.0,0.0,2,7880,0,0,0,0,0,0
TF,WW405,43.747000,87.222389,0, ,0.0,0.0,0.0,0.0,2,6890,0,0,0,0,0,0

STAR,AGOX6T,08L,5
IF,AGOXA,44.075278,88.845000, ,0.0,0.0,2,13800,0,0,0,0,0,0
TF,WW642,44.105556,88.570556,0, ,0.0,0.0,0.0,0.0,0,0,0,0,0,0,0,0
TF,WW641,44.132500,88.322778,0, ,0.0,0.0,0.0,0.0,0,0,0,0,0,0,0,0
TF,WW606,44.145833,88.198611,0, ,0.0,0.0,0.0,0.0,0,0,0,0,0,0,0,0
TF,WW607,44.158889,88.074722,0, ,0.0,0.0,0.0,0.0,0,0,0,0,0,0,0,0
TF,FKG,44.173333,87.983333,0, ,0.0,0.0,0.0,0.0,0,0,0,0,0,0,0,0
TF,WW411,44.075139,87.725028,0, ,0.0,0.0,0.0,0.0,0,0,0,0,0,0,0,0
TF,WW412,44.049778,87.605306,0, ,0.0,0.0,0.0,0.0,0,0,0,0,0,0,0,0
TF,WW432,43.996250,87.354861,0, ,0.0,0.0,0.0,0.0,2,7880,0,1,220,0,0,0
TF,WW406,43.949861,87.138694,0, ,0.0,0.0,0.0,0.0,2,5910,0,1,210,0,0,0

STAR,AGOX6T,08R,5
IF,AGOXA,44.075278,88.845000, ,0.0,0.0,2,13800,0,0,0,0,0,0
TF,WW642,44.105556,88.570556,0, ,0.0,0.0,0.0,0.0,0,0,0,0,0,0,0,0
TF,WW641,44.132500,88.322778,0, ,0.0,0.0,0.0,0.0,0,0,0,0,0,0,0,0
TF,WW606,44.145833,88.198611,0, ,0.0,0.0,0.0,0.0,0,0,0,0,0,0,0,0
TF,WW607,44.158889,88.074722,0, ,0.0,0.0,0.0,0.0,0,0,0,0,0,0,0,0
TF,FKG,44.173333,87.983333,0, ,0.0,0.0,0.0,0.0,0,0,0,0,0,0,0,0
TF,WW411,44.075139,87.725028,0, ,0.0,0.0,0.0,0.0,0,0,0,0,0,0,0,0
TF,WW412,44.049778,87.605306,0, ,0.0,0.0,0.0,0.0,0,0,0,0,0,0,0,0
TF,WW432,43.996250,87.354861,0, ,0.0,0.0,0.0,0.0,2,7880,0,1,220,0,0,0
TF,WW406,43.949861,87.138694,0, ,0.0,0.0,0.0,0.0,2,5910,0,1,210,0,0,0

STAR,AGOX8Y,26L,5
IF,AGOXA,44.075278,88.845000, ,0.0,0.0,2,13800,0,0,0,0,0,0
TF,WW642,44.105556,88.570556,0, ,0.0,0.0,0.0,0.0,0,0,0,0,0,0,0,0
TF,WW641,44.132500,88.322778,0, ,0.0,0.0,0.0,0.0,0,0,0,0,0,0,0,0
TF,WW606,44.145833,88.198611,0, ,0.0,0.0,0.0,0.0,0,0,0,0,0,0,0,0
TF,WW607,44.158889,88.074722,0, ,0.0,0.0,0.0,0.0,0,0,0,0,0,0,0,0
TF,FKG,44.173333,87.983333,0, ,0.0,0.0,0.0,0.0,2,7880,0,0,0,0,0,0
TF,WW611,44.187750,87.814611,0, ,0.0,0.0,0.0,0.0,2,6890,0,0,0,0,0,0
TF,WW612,44.161472,87.689917,0, ,0.0,0.0,0.0,0.0,0,0,0,0,0,0,0,0
TF,WW613,44.136083,87.570000,0, ,0.0,0.0,0.0,0.0,0,0,0,0,0,0,0,0
TF,WW541,44.110750,87.451056,0, ,0.0,0.0,0.0,0.0,0,0,0,0,0,0,0,0
TF,WW633,44.024472,87.486500,0, ,0.0,0.0,0.0,0.0,0,0,0,1,220,0,0,0
TF,WW412,44.049778,87.605306,0, ,0.0,0.0,0.0,0.0,0,0,0,0,0,0,0,0
TF,WW411,44.075139,87.725028,0, ,0.0,0.0,0.0,0.0,0,0,0,0,0,0,0,0
TF,WW614,44.101694,87.851056,0, ,0.0,0.0,0.0,0.0,0,0,0,0,0,0,0,0
TF,WW604,44.015222,87.885944,0, ,0.0,0.0,0.0,0.0,2,5910,0,1,210,0,0,0

STAR,AGOX8Y,26R,5
IF,AGOXA,44.075278,88.845000, ,0.0,0.0,2,13800,0,0,0,0,0,0
TF,WW642,44.105556,88.570556,0, ,0.0,0.0,0.0,0.0,0,0,0,0,0,0,0,0
TF,WW641,44.132500,88.322778,0, ,0.0,0.0,0.0,0.0,0,0,0,0,0,0,0,0
TF,WW606,44.145833,88.198611,0, ,0.0,0.0,0.0,0.0,0,0,0,0,0,0,0,0
TF,WW607,44.158889,88.074722,0, ,0.0,0.0,0.0,0.0,0,0,0,0,0,0,0,0
TF,FKG,44.173333,87.983333,0, ,0.0,0.0,0.0,0.0,2,7880,0,0,0,0,0,0
TF,WW611,44.187750,87.814611,0, ,0.0,0.0,0.0,0.0,2,6890,0,0,0,0,0,0
TF,WW612,44.161472,87.689917,0, ,0.0,0.0,0.0,0.0,0,0,0,0,0,0,0,0
TF,WW613,44.136083,87.570000,0, ,0.0,0.0,0.0,0.0,0,0,0,0,0,0,0,0
TF,WW541,44.110750,87.451056,0, ,0.0,0.0,0.0,0.0,0,0,0,0,0,0,0,0
TF,WW633,44.024472,87.486500,0, ,0.0,0.0,0.0,0.0,0,0,0,1,220,0,0,0
TF,WW412,44.049778,87.605306,0, ,0.0,0.0,0.0,0.0,0,0,0,0,0,0,0,0
TF,WW411,44.075139,87.725028,0, ,0.0,0.0,0.0,0.0,0,0,0,0,0,0,0,0
TF,WW614,44.101694,87.851056,0, ,0.0,0.0,0.0,0.0,0,0,0,0,0,0,0,0
TF,WW604,44.015222,87.885944,0, ,0.0,0.0,0.0,0.0,2,5910,0,1,210,0,0,0

STAR,AGOX9Z,26L,5
IF,AGOXA,44.075278,88.845000, ,0.0,0.0,2,13800,0,0,0,0,0,0
TF,WW642,44.105556,88.570556,0, ,0.0,0.0,0.0,0.0,0,0,0,0,0,0,0,0
TF,WW641,44.132500,88.322778,0, ,0.0,0.0,0.0,0.0,0,0,0,0,0,0,0,0
TF,WW606,44.145833,88.198611,0, ,0.0,0.0,0.0,0.0,0,0,0,0,0,0,0,0
TF,WW607,44.158889,88.074722,0, ,0.0,0.0,0.0,0.0,0,0,0,0,0,0,0,0
TF,FKG,44.173333,87.983333,0, ,0.0,0.0,0.0,0.0,2,7880,0,0,0,0,0,0
TF,WW604,44.015222,87.885944,0, ,0.0,0.0,0.0,0.0,2,5910,0,1,210,0,0,0

STAR,AGOX9Z,26R,5
IF,AGOXA,44.075278,88.845000, ,0.0,0.0,2,13800,0,0,0,0,0,0
TF,WW642,44.105556,88.570556,0, ,0.0,0.0,0.0,0.0,0,0,0,0,0,0,0,0
TF,WW641,44.132500,88.322778,0, ,0.0,0.0,0.0,0.0,0,0,0,0,0,0,0,0
TF,WW606,44.145833,88.198611,0, ,0.0,0.0,0.0,0.0,0,0,0,0,0,0,0,0
TF,WW607,44.158889,88.074722,0, ,0.0,0.0,0.0,0.0,0,0,0,0,0,0,0,0
TF,FKG,44.173333,87.983333,0, ,0.0,0.0,0.0,0.0,2,7880,0,0,0,0,0,0
TF,WW604,44.015222,87.885944,0, ,0.0,0.0,0.0,0.0,2,5910,0,1,210,0,0,0

STAR,DUMA5U,08L,5
IF,DUMAM,43.965556,88.811667, ,0.0,0.0,2,16700,0,0,0,0,0,0
TF,WW643,44.117750,88.188194,0, ,0.0,0.0,0.0,0.0,2,9850,0,0,0,0,0,0
TF,FKG,44.173333,87.983333,0, ,0.0,0.0,0.0,0.0,0,0,0,0,0,0,0,0
TF,WW411,44.075139,87.725028,0, ,0.0,0.0,0.0,0.0,0,0,0,0,0,0,0,0
TF,WW601,43.925806,87.561139,0, ,0.0,0.0,0.0,0.0,0,0,0,0,0,0,0,0
TF,WW414,43.798861,87.464083,0, ,0.0,0.0,0.0,0.0,0,0,0,1,210,0,0,0
TF,WW415,43.772778,87.342833,0, ,0.0,0.0,0.0,0.0,2,7880,0,0,0,0,0,0
TF,WW405,43.747000,87.222389,0, ,0.0,0.0,0.0,0.0,2,6890,0,0,0,0,0,0

STAR,DUMA5U,08R,5
IF,DUMAM,43.965556,88.811667, ,0.0,0.0,2,16700,0,0,0,0,0,0
TF,WW643,44.117750,88.188194,0, ,0.0,0.0,0.0,0.0,2,9850,0,0,0,0,0,0
TF,FKG,44.173333,87.983333,0, ,0.0,0.0,0.0,0.0,0,0,0,0,0,0,0,0
TF,WW411,44.075139,87.725028,0, ,0.0,0.0,0.0,0.0,0,0,0,0,0,0,0,0
TF,WW601,43.925806,87.561139,0, ,0.0,0.0,0.0,0.0,0,0,0,0,0,0,0,0
TF,WW414,43.798861,87.464083,0, ,0.0,0.0,0.0,0.0,0,0,0,1,210,0,0,0
TF,WW415,43.772778,87.342833,0, ,0.0,0.0,0.0,0.0,2,7880,0,0,0,0,0,0
TF,WW405,43.747000,87.222389,0, ,0.0,0.0,0.0,0.0,2,6890,0,0,0,0,0,0

STAR,DUMA6T,08L,5
IF,DUMAM,43.965556,88.811667, ,0.0,0.0,2,16700,0,0,0,0,0,0
TF,WW643,44.117750,88.188194,0, ,0.0,0.0,0.0,0.0,2,9850,0,0,0,0,0,0
TF,FKG,44.173333,87.983333,0, ,0.0,0.0,0.0,0.0,0,0,0,0,0,0,0,0
TF,WW411,44.075139,87.725028,0, ,0.0,0.0,0.0,0.0,0,0,0,0,0,0,0,0
TF,WW412,44.049778,87.605306,0, ,0.0,0.0,0.0,0.0,0,0,0,0,0,0,0,0
TF,WW432,43.996250,87.354861,0, ,0.0,0.0,0.0,0.0,2,7880,0,1,220,0,0,0
TF,WW406,43.949861,87.138694,0, ,0.0,0.0,0.0,0.0,2,5910,0,1,210,0,0,0

STAR,DUMA6T,08R,5
IF,DUMAM,43.965556,88.811667, ,0.0,0.0,2,16700,0,0,0,0,0,0
TF,WW643,44.117750,88.188194,0, ,0.0,0.0,0.0,0.0,2,9850,0,0,0,0,0,0
TF,FKG,44.173333,87.983333,0, ,0.0,0.0,0.0,0.0,0,0,0,0,0,0,0,0
TF,WW411,44.075139,87.725028,0, ,0.0,0.0,0.0,0.0,0,0,0,0,0,0,0,0
TF,WW412,44.049778,87.605306,0, ,0.0,0.0,0.0,0.0,0,0,0,0,0,0,0,0
TF,WW432,43.996250,87.354861,0, ,0.0,0.0,0.0,0.0,2,7880,0,1,220,0,0,0
TF,WW406,43.949861,87.138694,0, ,0.0,0.0,0.0,0.0,2,5910,0,1,210,0,0,0

STAR,DUMA8Y,26L,5
IF,DUMAM,43.965556,88.811667, ,0.0,0.0,2,16700,0,0,0,0,0,0
TF,WW643,44.117750,88.188194,0, ,0.0,0.0,0.0,0.0,2,9850,0,0,0,0,0,0
TF,FKG,44.173333,87.983333,0, ,0.0,0.0,0.0,0.0,2,7880,0,0,0,0,0,0
TF,WW611,44.187750,87.814611,0, ,0.0,0.0,0.0,0.0,2,6890,0,0,0,0,0,0
TF,WW612,44.161472,87.689917,0, ,0.0,0.0,0.0,0.0,0,0,0,0,0,0,0,0
TF,WW613,44.136083,87.570000,0, ,0.0,0.0,0.0,0.0,0,0,0,0,0,0,0,0
TF,WW541,44.110750,87.451056,0, ,0.0,0.0,0.0,0.0,0,0,0,0,0,0,0,0
TF,WW633,44.024472,87.486500,0, ,0.0,0.0,0.0,0.0,0,0,0,1,220,0,0,0
TF,WW412,44.049778,87.605306,0, ,0.0,0.0,0.0,0.0,0,0,0,0,0,0,0,0
TF,WW411,44.075139,87.725028,0, ,0.0,0.0,0.0,0.0,0,0,0,0,0,0,0,0
TF,WW614,44.101694,87.851056,0, ,0.0,0.0,0.0,0.0,0,0,0,0,0,0,0,0
TF,WW604,44.015222,87.885944,0, ,0.0,0.0,0.0,0.0,2,5910,0,1,210,0,0,0

STAR,DUMA8Y,26R,5
IF,DUMAM,43.965556,88.811667, ,0.0,0.0,2,16700,0,0,0,0,0,0
TF,WW643,44.117750,88.188194,0, ,0.0,0.0,0.0,0.0,2,9850,0,0,0,0,0,0
TF,FKG,44.173333,87.983333,0, ,0.0,0.0,0.0,0.0,2,7880,0,0,0,0,0,0
TF,WW611,44.187750,87.814611,0, ,0.0,0.0,0.0,0.0,2,6890,0,0,0,0,0,0
TF,WW612,44.161472,87.689917,0, ,0.0,0.0,0.0,0.0,0,0,0,0,0,0,0,0
TF,WW613,44.136083,87.570000,0, ,0.0,0.0,0.0,0.0,0,0,0,0,0,0,0,0
TF,WW541,44.110750,87.451056,0, ,0.0,0.0,0.0,0.0,0,0,0,0,0,0,0,0
TF,WW633,44.024472,87.486500,0, ,0.0,0.0,0.0,0.0,0,0,0,1,220,0,0,0
TF,WW412,44.049778,87.605306,0, ,0.0,0.0,0.0,0.0,0,0,0,0,0,0,0,0
TF,WW411,44.075139,87.725028,0, ,0.0,0.0,0.0,0.0,0,0,0,0,0,0,0,0
TF,WW614,44.101694,87.851056,0, ,0.0,0.0,0.0,0.0,0,0,0,0,0,0,0,0
TF,WW604,44.015222,87.885944,0, ,0.0,0.0,0.0,0.0,2,5910,0,1,210,0,0,0

STAR,DUMA9Z,26L,5
IF,DUMAM,43.965556,88.811667, ,0.0,0.0,2,16700,0,0,0,0,0,0
TF,WW643,44.117750,88.188194,0, ,0.0,0.0,0.0,0.0,2,9850,0,0,0,0,0,0
TF,FKG,44.173333,87.983333,0, ,0.0,0.0,0.0,0.0,2,7880,0,0,0,0,0,0
TF,WW604,44.015222,87.885944,0, ,0.0,0.0,0.0,0.0,2,5910,0,1,210,0,0,0

STAR,DUMA9Z,26R,5
IF,DUMAM,43.965556,88.811667, ,0.0,0.0,2,16700,0,0,0,0,0,0
TF,WW643,44.117750,88.188194,0, ,0.0,0.0,0.0,0.0,2,9850,0,0,0,0,0,0
TF,FKG,44.173333,87.983333,0, ,0.0,0.0,0.0,0.0,2,7880,0,0,0,0,0,0
TF,WW604,44.015222,87.885944,0, ,0.0,0.0,0.0,0.0,2,5910,0,1,210,0,0,0

STAR,EPDA5U,08L,5
IF,EPDAG,43.293611,86.202222, ,0.0,0.0,2,19700,0,0,0,0,0,0
TF,WW433,43.430694,86.688000,0, ,0.0,0.0,0.0,0.0,2,17700,0,0,0,0,0,0
TF,WW421,43.525694,86.884694,0, ,0.0,0.0,0.0,0.0,2,14800,0,0,0,0,0,0
TF,WW422,43.624278,87.091861,0, ,0.0,0.0,0.0,0.0,2,11800,0,0,0,0,0,0
TF,WW423,43.660528,87.258278,0, ,0.0,0.0,0.0,0.0,0,0,0,0,0,0,0,0
TF,WW425,43.686500,87.378222,0, ,0.0,0.0,0.0,0.0,0,0,0,0,0,0,0,0
TF,WW424,43.712556,87.499306,0, ,0.0,0.0,0.0,0.0,0,0,0,1,210,0,0,0
TF,WW414,43.798861,87.464083,0, ,0.0,0.0,0.0,0.0,0,0,0,0,0,0,0,0
TF,WW415,43.772778,87.342833,0, ,0.0,0.0,0.0,0.0,2,7880,0,0,0,0,0,0
TF,WW405,43.747000,87.222389,0, ,0.0,0.0,0.0,0.0,2,6890,0,0,0,0,0,0

STAR,EPDA5U,08R,5
IF,EPDAG,43.293611,86.202222, ,0.0,0.0,2,19700,0,0,0,0,0,0
TF,WW433,43.430694,86.688000,0, ,0.0,0.0,0.0,0.0,2,17700,0,0,0,0,0,0
TF,WW421,43.525694,86.884694,0, ,0.0,0.0,0.0,0.0,2,14800,0,0,0,0,0,0
TF,WW422,43.624278,87.091861,0, ,0.0,0.0,0.0,0.0,2,11800,0,0,0,0,0,0
TF,WW423,43.660528,87.258278,0, ,0.0,0.0,0.0,0.0,0,0,0,0,0,0,0,0
TF,WW425,43.686500,87.378222,0, ,0.0,0.0,0.0,0.0,0,0,0,0,0,0,0,0
TF,WW424,43.712556,87.499306,0, ,0.0,0.0,0.0,0.0,0,0,0,1,210,0,0,0
TF,WW414,43.798861,87.464083,0, ,0.0,0.0,0.0,0.0,0,0,0,0,0,0,0,0
TF,WW415,43.772778,87.342833,0, ,0.0,0.0,0.0,0.0,2,7880,0,0,0,0,0,0
TF,WW405,43.747000,87.222389,0, ,0.0,0.0,0.0,0.0,2,6890,0,0,0,0,0,0

STAR,EPDA6T,08L,5
IF,EPDAG,43.293611,86.202222, ,0.0,0.0,2,19700,0,0,0,0,0,0
TF,WW433,43.430694,86.688000,0, ,0.0,0.0,0.0,0.0,2,17700,0,0,0,0,0,0
TF,WW421,43.525694,86.884694,0, ,0.0,0.0,0.0,0.0,2,14800,0,0,0,0,0,0
TF,WW422,43.624278,87.091861,0, ,0.0,0.0,0.0,0.0,2,11800,0,0,0,0,0,0
TF,WW414,43.798861,87.464083,0, ,0.0,0.0,0.0,0.0,0,0,0,1,220,0,0,0
TF,WW432,43.996250,87.354861,0, ,0.0,0.0,0.0,0.0,2,7880,0,0,0,0,0,0
TF,WW406,43.949861,87.138694,0, ,0.0,0.0,0.0,0.0,2,5910,0,1,210,0,0,0

STAR,EPDA6T,08R,5
IF,EPDAG,43.293611,86.202222, ,0.0,0.0,2,19700,0,0,0,0,0,0
TF,WW433,43.430694,86.688000,0, ,0.0,0.0,0.0,0.0,2,17700,0,0,0,0,0,0
TF,WW421,43.525694,86.884694,0, ,0.0,0.0,0.0,0.0,2,14800,0,0,0,0,0,0
TF,WW422,43.624278,87.091861,0, ,0.0,0.0,0.0,0.0,2,11800,0,0,0,0,0,0
TF,WW414,43.798861,87.464083,0, ,0.0,0.0,0.0,0.0,0,0,0,1,220,0,0,0
TF,WW432,43.996250,87.354861,0, ,0.0,0.0,0.0,0.0,2,7880,0,0,0,0,0,0
TF,WW406,43.949861,87.138694,0, ,0.0,0.0,0.0,0.0,2,5910,0,1,210,0,0,0

STAR,EPDA8Y,26L,5
IF,EPDAG,43.293611,86.202222, ,0.0,0.0,2,19700,0,0,0,0,0,0
TF,WW433,43.430694,86.688000,0, ,0.0,0.0,0.0,0.0,2,17700,0,0,0,0,0,0
TF,WW421,43.525694,86.884694,0, ,0.0,0.0,0.0,0.0,2,14800,0,0,0,0,0,0
TF,WW422,43.624278,87.091861,0, ,0.0,0.0,0.0,0.0,2,11800,0,0,0,0,0,0
TF,WW414,43.798861,87.464083,0, ,0.0,0.0,0.0,0.0,2,7880,0,0,0,0,0,0
TF,WW633,44.024472,87.486500,0, ,0.0,0.0,0.0,0.0,0,0,0,1,220,0,0,0
TF,WW412,44.049778,87.605306,0, ,0.0,0.0,0.0,0.0,0,0,0,0,0,0,0,0
TF,WW411,44.075139,87.725028,0, ,0.0,0.0,0.0,0.0,0,0,0,0,0,0,0,0
TF,WW614,44.101694,87.851056,0, ,0.0,0.0,0.0,0.0,0,0,0,0,0,0,0,0
TF,WW604,44.015222,87.885944,0, ,0.0,0.0,0.0,0.0,2,5910,0,1,210,0,0,0

STAR,EPDA8Y,26R,5
IF,EPDAG,43.293611,86.202222, ,0.0,0.0,2,19700,0,0,0,0,0,0
TF,WW433,43.430694,86.688000,0, ,0.0,0.0,0.0,0.0,2,17700,0,0,0,0,0,0
TF,WW421,43.525694,86.884694,0, ,0.0,0.0,0.0,0.0,2,14800,0,0,0,0,0,0
TF,WW422,43.624278,87.091861,0, ,0.0,0.0,0.0,0.0,2,11800,0,0,0,0,0,0
TF,WW414,43.798861,87.464083,0, ,0.0,0.0,0.0,0.0,2,7880,0,0,0,0,0,0
TF,WW633,44.024472,87.486500,0, ,0.0,0.0,0.0,0.0,0,0,0,1,220,0,0,0
TF,WW412,44.049778,87.605306,0, ,0.0,0.0,0.0,0.0,0,0,0,0,0,0,0,0
TF,WW411,44.075139,87.725028,0, ,0.0,0.0,0.0,0.0,0,0,0,0,0,0,0,0
TF,WW614,44.101694,87.851056,0, ,0.0,0.0,0.0,0.0,0,0,0,0,0,0,0,0
TF,WW604,44.015222,87.885944,0, ,0.0,0.0,0.0,0.0,2,5910,0,1,210,0,0,0

STAR,EPDA9Z,26L,5
IF,EPDAG,43.293611,86.202222, ,0.0,0.0,2,19700,0,0,0,0,0,0
TF,WW433,43.430694,86.688000,0, ,0.0,0.0,0.0,0.0,2,17700,0,0,0,0,0,0
TF,WW421,43.525694,86.884694,0, ,0.0,0.0,0.0,0.0,2,14800,0,0,0,0,0,0
TF,WW422,43.624278,87.091861,0, ,0.0,0.0,0.0,0.0,2,11800,0,0,0,0,0,0
TF,WW414,43.798861,87.464083,0, ,0.0,0.0,0.0,0.0,2,7880,0,0,0,0,0,0
TF,WW621,43.842472,87.610389,0, ,0.0,0.0,0.0,0.0,2,7880,0,0,0,0,0,0
TF,WW622,43.884583,87.808889,0, ,0.0,0.0,0.0,0.0,2,5910,0,1,210,0,0,0

STAR,EPDA9Z,26R,5
IF,EPDAG,43.293611,86.202222, ,0.0,0.0,2,19700,0,0,0,0,0,0
TF,WW433,43.430694,86.688000,0, ,0.0,0.0,0.0,0.0,2,17700,0,0,0,0,0,0
TF,WW421,43.525694,86.884694,0, ,0.0,0.0,0.0,0.0,2,14800,0,0,0,0,0,0
TF,WW422,43.624278,87.091861,0, ,0.0,0.0,0.0,0.0,2,11800,0,0,0,0,0,0
TF,WW414,43.798861,87.464083,0, ,0.0,0.0,0.0,0.0,2,7880,0,0,0,0,0,0
TF,WW621,43.842472,87.610389,0, ,0.0,0.0,0.0,0.0,2,7880,0,0,0,0,0,0
TF,WW622,43.884583,87.808889,0, ,0.0,0.0,0.0,0.0,2,5910,0,1,210,0,0,0

STAR,EPDAC2,26L,2
IF,EPDAG,43.293611,86.202222, ,0.0,0.0,2,19700,0,0,0,0,0,0
TF,AKVOV,43.416667,86.455556,0, ,0.0,0.0,0.0,0.0,2,18700,0,0,0,0,0,0
TF,KABDO,43.543333,86.716111,0, ,0.0,0.0,0.0,0.0,2,16700,0,0,0,0,0,0
TF,WUR34,43.606925,86.850311,0, ,0.0,0.0,0.0,0.0,2,14800,0,0,0,0,0,0
TF,D234T,43.733875,87.120072,0, ,0.0,0.0,0.0,0.0,2,11800,0,0,0,0,0,0
TF,WUR,43.914119,87.507428,0, ,0.0,0.0,0.0,0.0,2,7880,0,0,0,0,0,0
TF,D350G,44.029922,87.487719,0, ,0.0,0.0,0.0,0.0,0,0,0,0,0,0,0,1
VI,0, ,0.0,41.0,0,0,0,0,0,0,0,0
CF,D251N,44.113242,87.694231,0,FKG,251.0,13.0,71.0,9.0,2,5910,0,1,210,0,0,0

STAR,EPDAC2,26R,2
IF,EPDAG,43.293611,86.202222, ,0.0,0.0,2,19700,0,0,0,0,0,0
TF,AKVOV,43.416667,86.455556,0, ,0.0,0.0,0.0,0.0,2,18700,0,0,0,0,0,0
TF,KABDO,43.543333,86.716111,0, ,0.0,0.0,0.0,0.0,2,16700,0,0,0,0,0,0
TF,WUR34,43.606925,86.850311,0, ,0.0,0.0,0.0,0.0,2,14800,0,0,0,0,0,0
TF,D234T,43.733875,87.120072,0, ,0.0,0.0,0.0,0.0,2,11800,0,0,0,0,0,0
TF,WUR,43.914119,87.507428,0, ,0.0,0.0,0.0,0.0,2,7880,0,0,0,0,0,0
TF,D350G,44.029922,87.487719,0, ,0.0,0.0,0.0,0.0,0,0,0,0,0,0,0,1
VI,0, ,0.0,41.0,0,0,0,0,0,0,0,0
CF,D251N,44.113242,87.694231,0,FKG,251.0,13.0,71.0,9.0,2,5910,0,1,210,0,0,0

STAR,EPDAD3,08L,2
IF,EPDAG,43.293611,86.202222, ,0.0,0.0,2,19700,0,0,0,0,0,0
TF,AKVOV,43.416667,86.455556,0, ,0.0,0.0,0.0,0.0,2,18700,0,0,0,0,0,0
TF,KABDO,43.543333,86.716111,0, ,0.0,0.0,0.0,0.0,2,16700,0,0,0,0,0,0
TF,WUR34,43.606925,86.850311,0, ,0.0,0.0,0.0,0.0,2,14800,0,0,0,0,0,0
TF,D234T,43.733875,87.120072,0, ,0.0,0.0,0.0,0.0,2,11800,0,0,0,0,0,0
TF,WUR,43.914119,87.507428,0, ,0.0,0.0,0.0,0.0,2,7880,0,0,0,0,0,1
CI,1, ,0.0,276.0,0,0,0,0,0,0,0,0
CF,FKG39,43.947867,87.137831,0,FKG,247.0,39.0,247.0,9.0,2,5910,0,1,210,0,0,0

STAR,EPDAD3,08R,2
IF,EPDAG,43.293611,86.202222, ,0.0,0.0,2,19700,0,0,0,0,0,0
TF,AKVOV,43.416667,86.455556,0, ,0.0,0.0,0.0,0.0,2,18700,0,0,0,0,0,0
TF,KABDO,43.543333,86.716111,0, ,0.0,0.0,0.0,0.0,2,16700,0,0,0,0,0,0
TF,WUR34,43.606925,86.850311,0, ,0.0,0.0,0.0,0.0,2,14800,0,0,0,0,0,0
TF,D234T,43.733875,87.120072,0, ,0.0,0.0,0.0,0.0,2,11800,0,0,0,0,0,0
TF,WUR,43.914119,87.507428,0, ,0.0,0.0,0.0,0.0,2,7880,0,0,0,0,0,1
CI,1, ,0.0,276.0,0,0,0,0,0,0,0,0
CF,FKG39,43.947867,87.137831,0,FKG,247.0,39.0,247.0,9.0,2,5910,0,1,210,0,0,0

STAR,FKGC2,26L,2
IF,FKG,44.173333,87.983333, ,0.0,0.0,4,11800,7880,0,0,0,0,0
TF,D216G,44.082614,87.881469,0, ,0.0,0.0,0.0,0.0,2,6890,0,1,210,0,0,0

STAR,FKGC2,26R,2
IF,FKG,44.173333,87.983333, ,0.0,0.0,4,11800,7880,0,0,0,0,0
TF,D216G,44.082614,87.881469,0, ,0.0,0.0,0.0,0.0,2,6890,0,1,210,0,0,0

STAR,FKGD3,08L,2
IF,FKG,44.173333,87.983333, ,0.0,0.0,4,11800,7880,0,0,0,0,0
TF,D247R,44.070050,87.592303,0, ,0.0,0.0,0.0,0.0,0,0,0,0,0,0,0,0
TF,FKG39,43.947867,87.137831,0, ,0.0,0.0,0.0,0.0,2,5910,0,1,210,0,0,0

STAR,FKGD3,08R,2
IF,FKG,44.173333,87.983333, ,0.0,0.0,4,11800,7880,0,0,0,0,0
TF,D247R,44.070050,87.592303,0, ,0.0,0.0,0.0,0.0,0,0,0,0,0,0,0,0
TF,FKG39,43.947867,87.137831,0, ,0.0,0.0,0.0,0.0,2,5910,0,1,210,0,0,0

STAR,NIXE5U,08L,5
IF,NIXER,43.612222,86.082222, ,0.0,0.0,2,19700,0,0,0,0,0,0
TF,WW433,43.430694,86.688000,0, ,0.0,0.0,0.0,0.0,2,17700,0,0,0,0,0,0
TF,WW421,43.525694,86.884694,0, ,0.0,0.0,0.0,0.0,2,14800,0,0,0,0,0,0
TF,WW422,43.624278,87.091861,0, ,0.0,0.0,0.0,0.0,2,11800,0,0,0,0,0,0
TF,WW423,43.660528,87.258278,0, ,0.0,0.0,0.0,0.0,0,0,0,0,0,0,0,0
TF,WW425,43.686500,87.378222,0, ,0.0,0.0,0.0,0.0,0,0,0,0,0,0,0,0
TF,WW424,43.712556,87.499306,0, ,0.0,0.0,0.0,0.0,0,0,0,1,210,0,0,0
TF,WW414,43.798861,87.464083,0, ,0.0,0.0,0.0,0.0,0,0,0,0,0,0,0,0
TF,WW415,43.772778,87.342833,0, ,0.0,0.0,0.0,0.0,2,7880,0,0,0,0,0,0
TF,WW405,43.747000,87.222389,0, ,0.0,0.0,0.0,0.0,2,6890,0,0,0,0,0,0

STAR,NIXE5U,08R,5
IF,NIXER,43.612222,86.082222, ,0.0,0.0,2,19700,0,0,0,0,0,0
TF,WW433,43.430694,86.688000,0, ,0.0,0.0,0.0,0.0,2,17700,0,0,0,0,0,0
TF,WW421,43.525694,86.884694,0, ,0.0,0.0,0.0,0.0,2,14800,0,0,0,0,0,0
TF,WW422,43.624278,87.091861,0, ,0.0,0.0,0.0,0.0,2,11800,0,0,0,0,0,0
TF,WW423,43.660528,87.258278,0, ,0.0,0.0,0.0,0.0,0,0,0,0,0,0,0,0
TF,WW425,43.686500,87.378222,0, ,0.0,0.0,0.0,0.0,0,0,0,0,0,0,0,0
TF,WW424,43.712556,87.499306,0, ,0.0,0.0,0.0,0.0,0,0,0,1,210,0,0,0
TF,WW414,43.798861,87.464083,0, ,0.0,0.0,0.0,0.0,0,0,0,0,0,0,0,0
TF,WW415,43.772778,87.342833,0, ,0.0,0.0,0.0,0.0,2,7880,0,0,0,0,0,0
TF,WW405,43.747000,87.222389,0, ,0.0,0.0,0.0,0.0,2,6890,0,0,0,0,0,0

STAR,NIXE6T,08L,5
IF,NIXER,43.612222,86.082222, ,0.0,0.0,2,19700,0,0,0,0,0,0
TF,WW433,43.430694,86.688000,0, ,0.0,0.0,0.0,0.0,2,17700,0,0,0,0,0,0
TF,WW421,43.525694,86.884694,0, ,0.0,0.0,0.0,0.0,2,14800,0,0,0,0,0,0
TF,WW422,43.624278,87.091861,0, ,0.0,0.0,0.0,0.0,2,11800,0,0,0,0,0,0
TF,WW414,43.798861,87.464083,0, ,0.0,0.0,0.0,0.0,0,0,0,1,220,0,0,0
TF,WW432,43.996250,87.354861,0, ,0.0,0.0,0.0,0.0,2,7880,0,0,0,0,0,0
TF,WW406,43.949861,87.138694,0, ,0.0,0.0,0.0,0.0,2,5910,0,1,210,0,0,0

STAR,NIXE6T,08R,5
IF,NIXER,43.612222,86.082222, ,0.0,0.0,2,19700,0,0,0,0,0,0
TF,WW433,43.430694,86.688000,0, ,0.0,0.0,0.0,0.0,2,17700,0,0,0,0,0,0
TF,WW421,43.525694,86.884694,0, ,0.0,0.0,0.0,0.0,2,14800,0,0,0,0,0,0
TF,WW422,43.624278,87.091861,0, ,0.0,0.0,0.0,0.0,2,11800,0,0,0,0,0,0
TF,WW414,43.798861,87.464083,0, ,0.0,0.0,0.0,0.0,0,0,0,1,220,0,0,0
TF,WW432,43.996250,87.354861,0, ,0.0,0.0,0.0,0.0,2,7880,0,0,0,0,0,0
TF,WW406,43.949861,87.138694,0, ,0.0,0.0,0.0,0.0,2,5910,0,1,210,0,0,0

STAR,NIXE8Y,26L,5
IF,NIXER,43.612222,86.082222, ,0.0,0.0,2,19700,0,0,0,0,0,0
TF,WW433,43.430694,86.688000,0, ,0.0,0.0,0.0,0.0,2,17700,0,0,0,0,0,0
TF,WW421,43.525694,86.884694,0, ,0.0,0.0,0.0,0.0,2,14800,0,0,0,0,0,0
TF,WW422,43.624278,87.091861,0, ,0.0,0.0,0.0,0.0,2,11800,0,0,0,0,0,0
TF,WW414,43.798861,87.464083,0, ,0.0,0.0,0.0,0.0,2,7880,0,0,0,0,0,0
TF,WW633,44.024472,87.486500,0, ,0.0,0.0,0.0,0.0,0,0,0,1,220,0,0,0
TF,WW412,44.049778,87.605306,0, ,0.0,0.0,0.0,0.0,0,0,0,0,0,0,0,0
TF,WW411,44.075139,87.725028,0, ,0.0,0.0,0.0,0.0,0,0,0,0,0,0,0,0
TF,WW614,44.101694,87.851056,0, ,0.0,0.0,0.0,0.0,0,0,0,0,0,0,0,0
TF,WW604,44.015222,87.885944,0, ,0.0,0.0,0.0,0.0,2,5910,0,1,210,0,0,0

STAR,NIXE8Y,26R,5
IF,NIXER,43.612222,86.082222, ,0.0,0.0,2,19700,0,0,0,0,0,0
TF,WW433,43.430694,86.688000,0, ,0.0,0.0,0.0,0.0,2,17700,0,0,0,0,0,0
TF,WW421,43.525694,86.884694,0, ,0.0,0.0,0.0,0.0,2,14800,0,0,0,0,0,0
TF,WW422,43.624278,87.091861,0, ,0.0,0.0,0.0,0.0,2,11800,0,0,0,0,0,0
TF,WW414,43.798861,87.464083,0, ,0.0,0.0,0.0,0.0,2,7880,0,0,0,0,0,0
TF,WW633,44.024472,87.486500,0, ,0.0,0.0,0.0,0.0,0,0,0,1,220,0,0,0
TF,WW412,44.049778,87.605306,0, ,0.0,0.0,0.0,0.0,0,0,0,0,0,0,0,0
TF,WW411,44.075139,87.725028,0, ,0.0,0.0,0.0,0.0,0,0,0,0,0,0,0,0
TF,WW614,44.101694,87.851056,0, ,0.0,0.0,0.0,0.0,0,0,0,0,0,0,0,0
TF,WW604,44.015222,87.885944,0, ,0.0,0.0,0.0,0.0,2,5910,0,1,210,0,0,0

STAR,NIXE9Z,26L,5
IF,NIXER,43.612222,86.082222, ,0.0,0.0,2,19700,0,0,0,0,0,0
TF,WW433,43.430694,86.688000,0, ,0.0,0.0,0.0,0.0,2,17700,0,0,0,0,0,0
TF,WW421,43.525694,86.884694,0, ,0.0,0.0,0.0,0.0,2,14800,0,0,0,0,0,0
TF,WW422,43.624278,87.091861,0, ,0.0,0.0,0.0,0.0,2,11800,0,0,0,0,0,0
TF,WW414,43.798861,87.464083,0, ,0.0,0.0,0.0,0.0,2,7880,0,0,0,0,0,0
TF,WW621,43.842472,87.610389,0, ,0.0,0.0,0.0,0.0,2,7880,0,0,0,0,0,0
TF,WW622,43.884583,87.808889,0, ,0.0,0.0,0.0,0.0,2,5910,0,1,210,0,0,0

STAR,NIXE9Z,26R,5
IF,NIXER,43.612222,86.082222, ,0.0,0.0,2,19700,0,0,0,0,0,0
TF,WW433,43.430694,86.688000,0, ,0.0,0.0,0.0,0.0,2,17700,0,0,0,0,0,0
TF,WW421,43.525694,86.884694,0, ,0.0,0.0,0.0,0.0,2,14800,0,0,0,0,0,0
TF,WW422,43.624278,87.091861,0, ,0.0,0.0,0.0,0.0,2,11800,0,0,0,0,0,0
TF,WW414,43.798861,87.464083,0, ,0.0,0.0,0.0,0.0,2,7880,0,0,0,0,0,0
TF,WW621,43.842472,87.610389,0, ,0.0,0.0,0.0,0.0,2,7880,0,0,0,0,0,0
TF,WW622,43.884583,87.808889,0, ,0.0,0.0,0.0,0.0,2,5910,0,1,210,0,0,0

STAR,NIXEC2,26L,2
IF,NIXER,43.612222,86.082222, ,0.0,0.0,2,19700,0,0,0,0,0,0
TF,BIVEX,43.568889,86.492500,0, ,0.0,0.0,0.0,0.0,2,18700,0,0,0,0,0,0
TF,KABDO,43.543333,86.716111,0, ,0.0,0.0,0.0,0.0,2,16700,0,0,0,0,0,0
TF,WUR34,43.606925,86.850311,0, ,0.0,0.0,0.0,0.0,2,14800,0,0,0,0,0,0
TF,D234T,43.733875,87.120072,0, ,0.0,0.0,0.0,0.0,2,11800,0,0,0,0,0,0
TF,WUR,43.914119,87.507428,0, ,0.0,0.0,0.0,0.0,2,7880,0,0,0,0,0,0
TF,D350G,44.029922,87.487719,0, ,0.0,0.0,0.0,0.0,0,0,0,0,0,0,0,1
VI,0, ,0.0,41.0,0,0,0,0,0,0,0,0
CF,D251N,44.113242,87.694231,0,FKG,251.0,13.0,71.0,9.0,2,5910,0,1,210,0,0,0

STAR,NIXEC2,26R,2
IF,NIXER,43.612222,86.082222, ,0.0,0.0,2,19700,0,0,0,0,0,0
TF,BIVEX,43.568889,86.492500,0, ,0.0,0.0,0.0,0.0,2,18700,0,0,0,0,0,0
TF,KABDO,43.543333,86.716111,0, ,0.0,0.0,0.0,0.0,2,16700,0,0,0,0,0,0
TF,WUR34,43.606925,86.850311,0, ,0.0,0.0,0.0,0.0,2,14800,0,0,0,0,0,0
TF,D234T,43.733875,87.120072,0, ,0.0,0.0,0.0,0.0,2,11800,0,0,0,0,0,0
TF,WUR,43.914119,87.507428,0, ,0.0,0.0,0.0,0.0,2,7880,0,0,0,0,0,0
TF,D350G,44.029922,87.487719,0, ,0.0,0.0,0.0,0.0,0,0,0,0,0,0,0,1
VI,0, ,0.0,41.0,0,0,0,0,0,0,0,0
CF,D251N,44.113242,87.694231,0,FKG,251.0,13.0,71.0,9.0,2,5910,0,1,210,0,0,0

STAR,NIXED3,08L,2
IF,NIXER,43.612222,86.082222, ,0.0,0.0,2,19700,0,0,0,0,0,0
TF,BIVEX,43.568889,86.492500,0, ,0.0,0.0,0.0,0.0,2,18700,0,0,0,0,0,0
TF,KABDO,43.543333,86.716111,0, ,0.0,0.0,0.0,0.0,2,16700,0,0,0,0,0,0
TF,WUR34,43.606925,86.850311,0, ,0.0,0.0,0.0,0.0,2,14800,0,0,0,0,0,0
TF,D234T,43.733875,87.120072,0, ,0.0,0.0,0.0,0.0,2,11800,0,0,0,0,0,0
TF,WUR,43.914119,87.507428,0, ,0.0,0.0,0.0,0.0,2,7880,0,0,0,0,0,1
CI,1, ,0.0,276.0,0,0,0,0,0,0,0,0
CF,FKG39,43.947867,87.137831,0,FKG,247.0,39.0,247.0,9.0,2,5910,0,1,210,0,0,0

STAR,NIXED3,08R,2
IF,NIXER,43.612222,86.082222, ,0.0,0.0,2,19700,0,0,0,0,0,0
TF,BIVEX,43.568889,86.492500,0, ,0.0,0.0,0.0,0.0,2,18700,0,0,0,0,0,0
TF,KABDO,43.543333,86.716111,0, ,0.0,0.0,0.0,0.0,2,16700,0,0,0,0,0,0
TF,WUR34,43.606925,86.850311,0, ,0.0,0.0,0.0,0.0,2,14800,0,0,0,0,0,0
TF,D234T,43.733875,87.120072,0, ,0.0,0.0,0.0,0.0,2,11800,0,0,0,0,0,0
TF,WUR,43.914119,87.507428,0, ,0.0,0.0,0.0,0.0,2,7880,0,0,0,0,0,1
CI,1, ,0.0,276.0,0,0,0,0,0,0,0,0
CF,FKG39,43.947867,87.137831,0,FKG,247.0,39.0,247.0,9.0,2,5910,0,1,210,0,0,0

STAR,UGPE5U,08L,5
IF,UGPEL,44.551944,87.286944, ,0.0,0.0,0,0,0,0,0,0,0,0
TF,WW691,44.471611,87.434806,0, ,0.0,0.0,0.0,0.0,0,0,0,0,0,0,0,0
TF,WW681,44.307917,87.981556,0, ,0.0,0.0,0.0,0.0,0,0,0,0,0,0,0,0
TF,WW671,44.293417,88.105194,0, ,0.0,0.0,0.0,0.0,0,0,0,0,0,0,0,0
TF,WW661,44.278750,88.228806,0, ,0.0,0.0,0.0,0.0,0,0,0,0,0,0,0,0
TF,WW651,44.263972,88.352333,0, ,0.0,0.0,0.0,0.0,0,0,0,0,0,0,0,0
TF,WW641,44.132500,88.322778,0, ,0.0,0.0,0.0,0.0,0,0,0,0,0,0,0,0
TF,WW606,44.145833,88.198611,0, ,0.0,0.0,0.0,0.0,0,0,0,0,0,0,0,0
TF,WW607,44.158889,88.074722,0, ,0.0,0.0,0.0,0.0,0,0,0,0,0,0,0,0
TF,FKG,44.173333,87.983333,0, ,0.0,0.0,0.0,0.0,0,0,0,0,0,0,0,0
TF,WW411,44.075139,87.725028,0, ,0.0,0.0,0.0,0.0,0,0,0,0,0,0,0,0
TF,WW601,43.925806,87.561139,0, ,0.0,0.0,0.0,0.0,0,0,0,0,0,0,0,0
TF,WW414,43.798861,87.464083,0, ,0.0,0.0,0.0,0.0,0,0,0,1,210,0,0,0
TF,WW415,43.772778,87.342833,0, ,0.0,0.0,0.0,0.0,2,7880,0,0,0,0,0,0
TF,WW405,43.747000,87.222389,0, ,0.0,0.0,0.0,0.0,2,6890,0,0,0,0,0,0

STAR,UGPE5U,08R,5
IF,UGPEL,44.551944,87.286944, ,0.0,0.0,0,0,0,0,0,0,0,0
TF,WW691,44.471611,87.434806,0, ,0.0,0.0,0.0,0.0,0,0,0,0,0,0,0,0
TF,WW681,44.307917,87.981556,0, ,0.0,0.0,0.0,0.0,0,0,0,0,0,0,0,0
TF,WW671,44.293417,88.105194,0, ,0.0,0.0,0.0,0.0,0,0,0,0,0,0,0,0
TF,WW661,44.278750,88.228806,0, ,0.0,0.0,0.0,0.0,0,0,0,0,0,0,0,0
TF,WW651,44.263972,88.352333,0, ,0.0,0.0,0.0,0.0,0,0,0,0,0,0,0,0
TF,WW641,44.132500,88.322778,0, ,0.0,0.0,0.0,0.0,0,0,0,0,0,0,0,0
TF,WW606,44.145833,88.198611,0, ,0.0,0.0,0.0,0.0,0,0,0,0,0,0,0,0
TF,WW607,44.158889,88.074722,0, ,0.0,0.0,0.0,0.0,0,0,0,0,0,0,0,0
TF,FKG,44.173333,87.983333,0, ,0.0,0.0,0.0,0.0,0,0,0,0,0,0,0,0
TF,WW411,44.075139,87.725028,0, ,0.0,0.0,0.0,0.0,0,0,0,0,0,0,0,0
TF,WW601,43.925806,87.561139,0, ,0.0,0.0,0.0,0.0,0,0,0,0,0,0,0,0
TF,WW414,43.798861,87.464083,0, ,0.0,0.0,0.0,0.0,0,0,0,1,210,0,0,0
TF,WW415,43.772778,87.342833,0, ,0.0,0.0,0.0,0.0,2,7880,0,0,0,0,0,0
TF,WW405,43.747000,87.222389,0, ,0.0,0.0,0.0,0.0,2,6890,0,0,0,0,0,0

STAR,UGPE6T,08L,5
IF,UGPEL,44.551944,87.286944, ,0.0,0.0,0,0,0,0,0,0,0,0
TF,WW691,44.471611,87.434806,0, ,0.0,0.0,0.0,0.0,0,0,0,0,0,0,0,0
TF,WW681,44.307917,87.981556,0, ,0.0,0.0,0.0,0.0,0,0,0,0,0,0,0,0
TF,WW671,44.293417,88.105194,0, ,0.0,0.0,0.0,0.0,0,0,0,0,0,0,0,0
TF,WW661,44.278750,88.228806,0, ,0.0,0.0,0.0,0.0,0,0,0,0,0,0,0,0
TF,WW651,44.263972,88.352333,0, ,0.0,0.0,0.0,0.0,0,0,0,0,0,0,0,0
TF,WW641,44.132500,88.322778,0, ,0.0,0.0,0.0,0.0,0,0,0,0,0,0,0,0
TF,WW606,44.145833,88.198611,0, ,0.0,0.0,0.0,0.0,0,0,0,0,0,0,0,0
TF,WW607,44.158889,88.074722,0, ,0.0,0.0,0.0,0.0,0,0,0,0,0,0,0,0
TF,FKG,44.173333,87.983333,0, ,0.0,0.0,0.0,0.0,0,0,0,0,0,0,0,0
TF,WW411,44.075139,87.725028,0, ,0.0,0.0,0.0,0.0,0,0,0,0,0,0,0,0
TF,WW412,44.049778,87.605306,0, ,0.0,0.0,0.0,0.0,0,0,0,0,0,0,0,0
TF,WW432,43.996250,87.354861,0, ,0.0,0.0,0.0,0.0,2,7880,0,1,220,0,0,0
TF,WW406,43.949861,87.138694,0, ,0.0,0.0,0.0,0.0,2,5910,0,1,210,0,0,0

STAR,UGPE6T,08R,5
IF,UGPEL,44.551944,87.286944, ,0.0,0.0,0,0,0,0,0,0,0,0
TF,WW691,44.471611,87.434806,0, ,0.0,0.0,0.0,0.0,0,0,0,0,0,0,0,0
TF,WW681,44.307917,87.981556,0, ,0.0,0.0,0.0,0.0,0,0,0,0,0,0,0,0
TF,WW671,44.293417,88.105194,0, ,0.0,0.0,0.0,0.0,0,0,0,0,0,0,0,0
TF,WW661,44.278750,88.228806,0, ,0.0,0.0,0.0,0.0,0,0,0,0,0,0,0,0
TF,WW651,44.263972,88.352333,0, ,0.0,0.0,0.0,0.0,0,0,0,0,0,0,0,0
TF,WW641,44.132500,88.322778,0, ,0.0,0.0,0.0,0.0,0,0,0,0,0,0,0,0
TF,WW606,44.145833,88.198611,0, ,0.0,0.0,0.0,0.0,0,0,0,0,0,0,0,0
TF,WW607,44.158889,88.074722,0, ,0.0,0.0,0.0,0.0,0,0,0,0,0,0,0,0
TF,FKG,44.173333,87.983333,0, ,0.0,0.0,0.0,0.0,0,0,0,0,0,0,0,0
TF,WW411,44.075139,87.725028,0, ,0.0,0.0,0.0,0.0,0,0,0,0,0,0,0,0
TF,WW412,44.049778,87.605306,0, ,0.0,0.0,0.0,0.0,0,0,0,0,0,0,0,0
TF,WW432,43.996250,87.354861,0, ,0.0,0.0,0.0,0.0,2,7880,0,1,220,0,0,0
TF,WW406,43.949861,87.138694,0, ,0.0,0.0,0.0,0.0,2,5910,0,1,210,0,0,0

STAR,UGPE8Y,26L,5
IF,UGPEL,44.551944,87.286944, ,0.0,0.0,0,0,0,0,0,0,0,0
TF,WW691,44.471611,87.434806,0, ,0.0,0.0,0.0,0.0,0,0,0,0,0,0,0,0
TF,WW681,44.307917,87.981556,0, ,0.0,0.0,0.0,0.0,0,0,0,0,0,0,0,0
TF,WW671,44.293417,88.105194,0, ,0.0,0.0,0.0,0.0,0,0,0,0,0,0,0,0
TF,WW661,44.278750,88.228806,0, ,0.0,0.0,0.0,0.0,0,0,0,0,0,0,0,0
TF,WW651,44.263972,88.352333,0, ,0.0,0.0,0.0,0.0,0,0,0,0,0,0,0,0
TF,WW641,44.132500,88.322778,0, ,0.0,0.0,0.0,0.0,0,0,0,0,0,0,0,0
TF,WW606,44.145833,88.198611,0, ,0.0,0.0,0.0,0.0,0,0,0,0,0,0,0,0
TF,WW607,44.158889,88.074722,0, ,0.0,0.0,0.0,0.0,0,0,0,0,0,0,0,0
TF,FKG,44.173333,87.983333,0, ,0.0,0.0,0.0,0.0,2,7880,0,0,0,0,0,0
TF,WW611,44.187750,87.814611,0, ,0.0,0.0,0.0,0.0,2,6890,0,0,0,0,0,0
TF,WW612,44.161472,87.689917,0, ,0.0,0.0,0.0,0.0,0,0,0,0,0,0,0,0
TF,WW613,44.136083,87.570000,0, ,0.0,0.0,0.0,0.0,0,0,0,0,0,0,0,0
TF,WW541,44.110750,87.451056,0, ,0.0,0.0,0.0,0.0,0,0,0,0,0,0,0,0
TF,WW633,44.024472,87.486500,0, ,0.0,0.0,0.0,0.0,0,0,0,1,220,0,0,0
TF,WW412,44.049778,87.605306,0, ,0.0,0.0,0.0,0.0,0,0,0,0,0,0,0,0
TF,WW411,44.075139,87.725028,0, ,0.0,0.0,0.0,0.0,0,0,0,0,0,0,0,0
TF,WW614,44.101694,87.851056,0, ,0.0,0.0,0.0,0.0,0,0,0,0,0,0,0,0
TF,WW604,44.015222,87.885944,0, ,0.0,0.0,0.0,0.0,2,5910,0,1,210,0,0,0

STAR,UGPE8Y,26R,5
IF,UGPEL,44.551944,87.286944, ,0.0,0.0,0,0,0,0,0,0,0,0
TF,WW691,44.471611,87.434806,0, ,0.0,0.0,0.0,0.0,0,0,0,0,0,0,0,0
TF,WW681,44.307917,87.981556,0, ,0.0,0.0,0.0,0.0,0,0,0,0,0,0,0,0
TF,WW671,44.293417,88.105194,0, ,0.0,0.0,0.0,0.0,0,0,0,0,0,0,0,0
TF,WW661,44.278750,88.228806,0, ,0.0,0.0,0.0,0.0,0,0,0,0,0,0,0,0
TF,WW651,44.263972,88.352333,0, ,0.0,0.0,0.0,0.0,0,0,0,0,0,0,0,0
TF,WW641,44.132500,88.322778,0, ,0.0,0.0,0.0,0.0,0,0,0,0,0,0,0,0
TF,WW606,44.145833,88.198611,0, ,0.0,0.0,0.0,0.0,0,0,0,0,0,0,0,0
TF,WW607,44.158889,88.074722,0, ,0.0,0.0,0.0,0.0,0,0,0,0,0,0,0,0
TF,FKG,44.173333,87.983333,0, ,0.0,0.0,0.0,0.0,2,7880,0,0,0,0,0,0
TF,WW611,44.187750,87.814611,0, ,0.0,0.0,0.0,0.0,2,6890,0,0,0,0,0,0
TF,WW612,44.161472,87.689917,0, ,0.0,0.0,0.0,0.0,0,0,0,0,0,0,0,0
TF,WW613,44.136083,87.570000,0, ,0.0,0.0,0.0,0.0,0,0,0,0,0,0,0,0
TF,WW541,44.110750,87.451056,0, ,0.0,0.0,0.0,0.0,0,0,0,0,0,0,0,0
TF,WW633,44.024472,87.486500,0, ,0.0,0.0,0.0,0.0,0,0,0,1,220,0,0,0
TF,WW412,44.049778,87.605306,0, ,0.0,0.0,0.0,0.0,0,0,0,0,0,0,0,0
TF,WW411,44.075139,87.725028,0, ,0.0,0.0,0.0,0.0,0,0,0,0,0,0,0,0
TF,WW614,44.101694,87.851056,0, ,0.0,0.0,0.0,0.0,0,0,0,0,0,0,0,0
TF,WW604,44.015222,87.885944,0, ,0.0,0.0,0.0,0.0,2,5910,0,1,210,0,0,0

STAR,UGPE9Z,26L,5
IF,UGPEL,44.551944,87.286944, ,0.0,0.0,0,0,0,0,0,0,0,0
TF,WW691,44.471611,87.434806,0, ,0.0,0.0,0.0,0.0,0,0,0,0,0,0,0,0
TF,WW681,44.307917,87.981556,0, ,0.0,0.0,0.0,0.0,0,0,0,0,0,0,0,0
TF,WW671,44.293417,88.105194,0, ,0.0,0.0,0.0,0.0,0,0,0,0,0,0,0,0
TF,WW661,44.278750,88.228806,0, ,0.0,0.0,0.0,0.0,0,0,0,0,0,0,0,0
TF,WW651,44.263972,88.352333,0, ,0.0,0.0,0.0,0.0,0,0,0,0,0,0,0,0
TF,WW641,44.132500,88.322778,0, ,0.0,0.0,0.0,0.0,0,0,0,0,0,0,0,0
TF,WW606,44.145833,88.198611,0, ,0.0,0.0,0.0,0.0,0,0,0,0,0,0,0,0
TF,WW607,44.158889,88.074722,0, ,0.0,0.0,0.0,0.0,0,0,0,0,0,0,0,0
TF,FKG,44.173333,87.983333,0, ,0.0,0.0,0.0,0.0,2,7880,0,0,0,0,0,0
TF,WW604,44.015222,87.885944,0, ,0.0,0.0,0.0,0.0,2,5910,0,1,210,0,0,0

STAR,UGPE9Z,26R,5
IF,UGPEL,44.551944,87.286944, ,0.0,0.0,0,0,0,0,0,0,0,0
TF,WW691,44.471611,87.434806,0, ,0.0,0.0,0.0,0.0,0,0,0,0,0,0,0,0
TF,WW681,44.307917,87.981556,0, ,0.0,0.0,0.0,0.0,0,0,0,0,0,0,0,0
TF,WW671,44.293417,88.105194,0, ,0.0,0.0,0.0,0.0,0,0,0,0,0,0,0,0
TF,WW661,44.278750,88.228806,0, ,0.0,0.0,0.0,0.0,0,0,0,0,0,0,0,0
TF,WW651,44.263972,88.352333,0, ,0.0,0.0,0.0,0.0,0,0,0,0,0,0,0,0
TF,WW641,44.132500,88.322778,0, ,0.0,0.0,0.0,0.0,0,0,0,0,0,0,0,0
TF,WW606,44.145833,88.198611,0, ,0.0,0.0,0.0,0.0,0,0,0,0,0,0,0,0
TF,WW607,44.158889,88.074722,0, ,0.0,0.0,0.0,0.0,0,0,0,0,0,0,0,0
TF,FKG,44.173333,87.983333,0, ,0.0,0.0,0.0,0.0,2,7880,0,0,0,0,0,0
TF,WW604,44.015222,87.885944,0, ,0.0,0.0,0.0,0.0,2,5910,0,1,210,0,0,0

APPTR,I08LY,08L,FKG39
IF,FKG39,43.947867,87.137831, ,0.0,0.0,2,5910,0,1,210,0,1,0
CR,0,WUR,262.0,161.0,0,0,0,0,0,0,0,0
CF,CI08L,43.862564,87.168886,0,IQD,250.7,14.8,161.0,3.3,2,5910,0,0,0,0,1,0

FINAL,I08LY,08L,I,3
IF,CI08L,43.862564,87.168886,IQD,250.7,14.8,2,5910,0,0,0,0,0,0
CF,FI08L,43.882494,87.261656,0,IQD,250.7,10.6,71.0,4.2,1,4930,0,0,0,0,2,0
CF,RW08L,43.923642,87.454506,0,IQD,250.7,1.9,71.0,8.7,1,2140,0,0,0,0,3,0
FD,RW08L,43.923642,87.454506,0,IQD,0.0,6.0,71.0,6.0,0,0,0,0,0,0,0,0
DF,D247R,44.070050,87.592303,1, ,0.0,0.0,2,4930,0,1,210,0,0,0

APPTR,I08LZ,08L,WW405
IF,WW405,43.747000,87.222389, ,0.0,0.0,2,6890,0,1,210,0,1,0
TF,WW404,43.794417,87.202889,0, ,0.0,0.0,0.0,0.0,2,6400,0,0,0,0,0,0
TF,WW503,43.863583,87.174361,0,IQD,0.0,0.0,0.0,0.0,2,5910,0,0,0,0,1,0

APPTR,I08LZ,08L,WW406
IF,WW406,43.949861,87.138694, ,0.0,0.0,2,5910,0,1,210,0,1,0
TF,WW503,43.863583,87.174361,0,IQD,0.0,0.0,0.0,0.0,2,5910,0,0,0,0,1,0

FINAL,I08LZ,08L,I,3
IF,WW503,43.863583,87.174361,IQD,250.6,14.6,2,5910,0,0,0,0,0,0
CF,FI08L,43.882494,87.261656,0,IQD,250.7,10.6,71.0,4.0,1,4930,0,0,0,0,2,0
CF,RW08L,43.923642,87.454506,0,IQD,250.7,1.9,71.0,8.7,1,2140,0,0,0,0,3,0
CF,WW410,43.950722,87.581889,0,WUR,52.8,3.9,71.0,5.8,0,0,0,0,0,0,0,1
DF,WW432,43.996250,87.354861,1, ,0.0,0.0,2,4930,0,1,220,0,0,0

APPTR,I08RY,08R,FKG39
IF,FKG39,43.947867,87.137831, ,0.0,0.0,2,5910,0,1,210,0,1,0
CR,0,WUR,262.0,161.0,0,0,0,0,0,0,0,0
CF,CI08R,43.859492,87.169642,0,IWQ,250.7,14.8,71.0,2.0,2,5910,0,0,0,0,1,0

FINAL,I08RY,08R,I,3
IF,CI08R,43.859492,87.169642,IWQ,250.7,14.8,2,5910,0,0,0,0,0,0
CF,FI08R,43.878381,87.258028,0,IWQ,250.7,10.8,71.0,4.0,1,4930,0,0,0,0,2,0
CF,RW08R,43.919350,87.451036,0,IWQ,250.7,2.1,71.0,8.7,1,2143,0,0,0,0,3,0
FD,RW08R,43.919350,87.451036,0,IWQ,0.0,6.0,71.0,6.0,0,0,0,0,0,0,0,0
DF,D247R,44.070050,87.592303,1, ,0.0,0.0,2,4930,0,1,210,0,0,0

APPTR,I08RZ,08R,WW405
IF,WW405,43.747000,87.222389, ,0.0,0.0,2,6890,0,1,210,0,1,0
TF,WW404,43.794417,87.202889,0, ,0.0,0.0,0.0,0.0,2,6400,0,0,0,0,0,0
TF,WW403,43.860333,87.175694,0,IWQ,0.0,0.0,0.0,0.0,2,5910,0,0,0,0,1,0

APPTR,I08RZ,08R,WW406
IF,WW406,43.949861,87.138694, ,0.0,0.0,2,5910,0,1,210,0,1,0
TF,WW403,43.860333,87.175694,0,IWQ,0.0,0.0,0.0,0.0,2,5910,0,0,0,0,1,0

FINAL,I08RZ,08R,I,3
IF,WW403,43.860333,87.175694,IWQ,250.6,14.6,2,5910,0,0,0,0,0,0
CF,FI08R,43.878381,87.258028,0,IWQ,250.7,10.8,71.0,3.7,1,4930,0,0,0,0,2,0
CF,RW08R,43.919350,87.451036,0,IWQ,250.7,2.1,71.0,8.7,1,2143,0,0,0,0,3,0
CF,WW413,43.947444,87.583361,0,WUR,55.7,3.9,71.0,6.0,0,0,0,0,0,0,0,1
DF,WW432,43.996250,87.354861,1, ,0.0,0.0,2,4930,0,1,220,0,0,0

APPTR,I26LY,26L,D216G
IF,D216G,44.082614,87.881469, ,0.0,0.0,2,6890,0,1,210,0,1,0
FC,D216G,44.082614,87.881469,0,WUR,0.0,0.0,222.0,7.0,0,0,0,0,0,0,0,0
CF,CI26L,43.981117,87.745014,0,IMU,70.7,13.4,222.0,2.0,2,4930,0,0,0,0,1,0

APPTR,I26LY,26L,D251N
IF,D251N,44.113242,87.694231, ,0.0,0.0,2,5910,0,1,210,0,1,0
CR,0,WUR,58.0,161.0,0,0,0,0,0,0,0,0
CF,CI26L,43.981117,87.745014,0,IMU,70.7,13.4,251.0,2.0,2,4930,0,0,0,0,1,0

FINAL,I26LY,26L,I,3
IF,CI26L,43.981117,87.745014,IMU,70.7,13.4,2,4930,0,0,0,0,0,0
CF,FI26L,43.969028,87.687144,0,IMU,70.7,10.8,251.0,2.6,1,4930,0,0,0,0,2,0
CF,RW26L,43.928444,87.494061,0,IMU,70.7,2.1,251.0,8.7,1,2143,0,0,0,0,3,0
CF,D251G,43.895353,87.335011,0,WUR,258.5,7.6,251.0,7.2,0,0,0,0,0,0,0,1
CI,2, ,0.0,41.0,0,0,0,1,210,0,0,0
CF,D251N,44.113242,87.694231,0,WUR,31.0,14.4,71.0,12.0,2,5910,0,0,0,0,0,0

APPTR,I26LZ,26L,WW604
IF,WW604,44.015222,87.885944, ,0.0,0.0,2,5910,0,1,210,0,1,0
TF,WW803,43.986417,87.767750,0,IMU,0.0,0.0,0.0,0.0,2,4930,0,0,0,0,1,0

APPTR,I26LZ,26L,WW622
IF,WW622,43.884583,87.808889, ,0.0,0.0,2,5910,0,1,210,0,1,0
TF,WW705,43.923139,87.793194,0, ,0.0,0.0,0.0,0.0,2,5580,0,0,0,0,0,0
TF,WW803,43.986417,87.767750,0,IMU,0.0,0.0,0.0,0.0,2,4930,0,0,0,0,1,0

FINAL,I26LZ,26L,I,3
IF,WW803,43.986417,87.767750,IMU,70.6,14.5,2,4930,0,0,0,0,0,0
CF,FI26L,43.969028,87.687144,0,IMU,70.7,10.8,251.0,3.6,1,4930,0,0,0,0,2,0
CF,RW26L,43.928444,87.494061,0,IMU,70.7,2.1,251.0,8.7,1,2143,0,0,0,0,3,0
CF,WW401,43.892750,87.326472,0,WUR,257.8,8.0,251.0,7.6,0,0,0,0,0,0,0,1
DF,WW517,43.962833,87.199917,2, ,0.0,0.0,0,0,0,1,220,0,0,0
TF,WW999,44.124611,87.303778,0, ,0.0,0.0,0.0,0.0,2,4930,0,0,0,0,0,0

APPTR,I26RY,26R,D216G
IF,D216G,44.082614,87.881469, ,0.0,0.0,2,6890,0,1,210,0,1,0
FC,D216G,44.082614,87.881469,0,WUR,0.0,0.0,223.0,7.0,0,0,0,0,0,0,0,0
CF,CI26R,43.984483,87.743583,0,IUR,70.7,13.2,223.0,2.0,2,4930,0,0,0,0,1,0

APPTR,I26RY,26R,D251N
IF,D251N,44.113242,87.694231, ,0.0,0.0,2,5910,0,1,210,0,1,0
CR,0,WUR,57.0,161.0,0,0,0,0,0,0,0,0
CF,CI26R,43.984483,87.743583,0,IUR,70.7,13.2,251.0,2.0,2,4930,0,0,0,0,1,0

FINAL,I26RY,26R,I,3
IF,CI26R,43.984483,87.743583,IUR,70.7,13.2,2,4930,0,0,0,0,0,0
CF,FI26R,43.972422,87.685939,0,IUR,70.7,10.6,251.0,2.6,1,4930,0,0,0,0,2,0
CF,RW26R,43.931753,87.492744,0,IUR,70.7,1.9,251.0,8.7,1,2140,0,0,0,0,3,0
CF,D251H,43.898661,87.333689,0,WUR,260.0,7.6,251.0,7.2,0,0,0,0,0,0,0,1
CI,2, ,0.0,41.0,0,0,0,1,210,0,0,0
CF,D251N,44.113242,87.694231,0,WUR,31.0,14.4,71.0,12.0,2,5910,0,0,0,0,0,0

APPTR,I26RZ,26R,WW604
IF,WW604,44.015222,87.885944, ,0.0,0.0,2,5910,0,1,210,0,1,0
TF,WW903,43.989722,87.766417,0,IUR,0.0,0.0,0.0,0.0,2,4930,0,0,0,0,1,0

APPTR,I26RZ,26R,WW622
IF,WW622,43.884583,87.808889, ,0.0,0.0,2,5910,0,1,210,0,1,0
TF,WW705,43.923139,87.793194,0, ,0.0,0.0,0.0,0.0,2,5580,0,0,0,0,0,0
TF,WW903,43.989722,87.766417,0,IUR,0.0,0.0,0.0,0.0,2,4930,0,0,0,0,1,0

FINAL,I26RZ,26R,I,3
IF,WW903,43.989722,87.766417,IUR,70.6,14.3,2,4930,0,0,0,0,0,0
CF,FI26R,43.972422,87.685939,0,IUR,70.7,10.6,251.0,3.6,1,4930,0,0,0,0,2,0
CF,RW26R,43.931753,87.492744,0,IUR,70.7,1.9,251.0,8.7,1,2140,0,0,0,0,3,0
CF,WW501,43.897000,87.329694,0,WUR,259.5,7.8,251.0,7.4,0,0,0,0,0,0,0,1
DF,WW517,43.962833,87.199917,2, ,0.0,0.0,0,0,0,1,220,0,0,0
TF,WW999,44.124611,87.303778,0, ,0.0,0.0,0.0,0.0,2,4930,0,0,0,0,0,0

