SID,BUTE1L,06,2
CA,0,60.0,2,1970,0,0,0,0,0,0
DF,LJB,43.773333,125.851667,2, ,0.0,0.0,0,0,0,1,220,0,0,0
TF,DUKAG,43.788056,125.351667,2, ,0.0,0.0,0.0,0.0,0,0,0,0,0,0,0,0
TF,CC452,43.775278,125.121389,0, ,0.0,0.0,0.0,0.0,0,0,0,0,0,0,0,0
TF,CC402,43.758000,124.818139,0, ,0.0,0.0,0.0,0.0,0,0,0,0,0,0,0,0
TF,CC401,43.735694,124.446889,0, ,0.0,0.0,0.0,0.0,0,0,0,0,0,0,0,0
TF,BUTET,43.681111,124.296944,0, ,0.0,0.0,0.0,0.0,0,0,0,0,0,0,0,0

SID,BUTE2L,06,2
CA,0,60.0,2,1970,0,0,0,0,0,0
DF,D,43.981153,125.660872,1, ,0.0,0.0,2,4930,0,1,220,0,0,0
CR,0,LJB,309.0,204.0,0,0,0,0,0,0,0,0
CI,0, ,0.0,204.0,0,0,0,0,0,0,0,0
CF,DUKAG,43.788056,125.351667,0,LJB,283.5,21.8,283.0,11.0,0,0,0,0,0,0,0,0
TF,CC452,43.775278,125.121389,0, ,0.0,0.0,0.0,0.0,0,0,0,0,0,0,0,0
TF,CC402,43.758000,124.818139,0, ,0.0,0.0,0.0,0.0,0,0,0,0,0,0,0,0
TF,CC401,43.735694,124.446889,0, ,0.0,0.0,0.0,0.0,0,0,0,0,0,0,0,0
TF,BUTET,43.681111,124.296944,0, ,0.0,0.0,0.0,0.0,0,0,0,0,0,0,0,0

SID,BUTE3D,06,5
CF,CC602,44.082750,125.824556,0,LJB,7.4,18.6,60.0,7.0,0,0,0,0,0,0,0,1
TF,CC561,44.149472,125.932722,0, ,0.0,0.0,0.0,0.0,0,0,0,0,0,0,0,1
DF,CC562,43.913361,125.905583,2, ,0.0,0.0,2,9850,0,1,260,0,0,0
TF,ENPEN,43.811111,125.800833,0, ,0.0,0.0,0.0,0.0,2,11800,0,0,0,0,0,0
TF,CC568,43.800083,125.582083,0, ,0.0,0.0,0.0,0.0,0,0,0,0,0,0,0,0
TF,CC452,43.775278,125.121389,0, ,0.0,0.0,0.0,0.0,0,0,0,0,0,0,0,0
TF,CC402,43.758000,124.818139,0, ,0.0,0.0,0.0,0.0,0,0,0,0,0,0,0,0
TF,CC401,43.735694,124.446889,0, ,0.0,0.0,0.0,0.0,0,0,0,0,0,0,0,0
TF,BUTET,43.681111,124.296944,0, ,0.0,0.0,0.0,0.0,0,0,0,0,0,0,0,0

SID,BUTE4D,06,5
CF,CC602,44.082750,125.824556,0,LJB,7.4,18.6,60.0,7.0,0,0,0,0,0,0,0,1
TF,CC561,44.149472,125.932722,0, ,0.0,0.0,0.0,0.0,0,0,0,0,0,0,0,1
TF,CC605,44.231917,126.066861,0, ,0.0,0.0,0.0,0.0,0,0,0,0,0,0,0,0
TF,CC567,44.315056,125.968083,0, ,0.0,0.0,0.0,0.0,0,0,0,1,240,0,0,0
TF,CC410,44.203972,125.807528,1, ,0.0,0.0,0.0,0.0,2,11800,0,0,0,0,0,0
TF,CC411,44.045278,125.551389,0, ,0.0,0.0,0.0,0.0,2,14800,0,0,0,0,0,0
TF,CC452,43.775278,125.121389,0, ,0.0,0.0,0.0,0.0,0,0,0,0,0,0,0,0
TF,CC402,43.758000,124.818139,0, ,0.0,0.0,0.0,0.0,0,0,0,0,0,0,0,0
TF,CC401,43.735694,124.446889,0, ,0.0,0.0,0.0,0.0,0,0,0,0,0,0,0,0
TF,BUTET,43.681111,124.296944,0, ,0.0,0.0,0.0,0.0,0,0,0,0,0,0,0,0

SID,BUTE5L,24,2
DF,D,43.981153,125.660872,0, ,0.0,0.0,0,0,0,0,0,0,0,0
CD, ,0,0,0,IDD,0,0.0,240.0,5.0,0,0,0,0,0,0,0,0
CF,DUKAG,43.788056,125.351667,0,LJB,283.5,21.8,240.0,13.0,2,6890,0,0,0,0,0,0
TF,CC452,43.775278,125.121389,0, ,0.0,0.0,0.0,0.0,0,0,0,1,220,0,0,0
TF,CC402,43.758000,124.818139,0, ,0.0,0.0,0.0,0.0,0,0,0,0,0,0,0,0
TF,CC401,43.735694,124.446889,0, ,0.0,0.0,0.0,0.0,0,0,0,0,0,0,0,0
TF,BUTET,43.681111,124.296944,0, ,0.0,0.0,0.0,0.0,0,0,0,0,0,0,0,0

SID,BUTE9D,24,5
CF,DUKAG,43.788056,125.351667,0,LJB,283.5,21.8,240.0,18.0,2,6890,0,0,0,0,0,0
TF,CC414,43.777639,125.162722,0, ,0.0,0.0,0.0,0.0,0,0,0,0,0,0,0,0
TF,CC452,43.775278,125.121389,0, ,0.0,0.0,0.0,0.0,0,0,0,0,0,0,0,0
TF,CC402,43.758000,124.818139,0, ,0.0,0.0,0.0,0.0,0,0,0,0,0,0,0,0
TF,CC401,43.735694,124.446889,0, ,0.0,0.0,0.0,0.0,0,0,0,0,0,0,0,0
TF,BUTET,43.681111,124.296944,0, ,0.0,0.0,0.0,0.0,0,0,0,0,0,0,0,0

SID,IDVO1L,06,2
CA,0,60.0,2,1970,0,0,0,0,0,0
DF,LJB,43.773333,125.851667,2, ,0.0,0.0,0,0,0,1,220,0,0,0
TF,CC404,43.753639,126.032333,0, ,0.0,0.0,0.0,0.0,0,0,0,0,0,0,0,0
TF,CC459,43.704194,126.510194,0, ,0.0,0.0,0.0,0.0,0,0,0,0,0,0,0,0
TF,IDVOT,43.623333,127.283333,0, ,0.0,0.0,0.0,0.0,0,0,0,0,0,0,0,0

SID,IDVO4D,06,5
CF,CC602,44.082750,125.824556,0,LJB,7.4,18.6,60.0,7.0,0,0,0,0,0,0,0,1
TF,CC561,44.149472,125.932722,0, ,0.0,0.0,0.0,0.0,0,0,0,0,0,0,0,1
DF,CC562,43.913361,125.905583,2, ,0.0,0.0,2,9850,0,1,260,0,0,0
TF,CC404,43.753639,126.032333,0, ,0.0,0.0,0.0,0.0,2,11800,0,0,0,0,0,0
TF,CC459,43.704194,126.510194,0, ,0.0,0.0,0.0,0.0,0,0,0,0,0,0,0,0
TF,IDVOT,43.623333,127.283333,0, ,0.0,0.0,0.0,0.0,0,0,0,0,0,0,0,0

SID,IDVO5L,24,2
DF,D,43.981153,125.660872,0, ,0.0,0.0,0,0,0,0,0,0,0,0
CD, ,0,0,0,IDD,0,0.0,240.0,5.0,0,0,0,0,0,0,0,0
CD, ,0,0,1,LJB,0,0.0,128.0,3.0,0,0,0,1,220,0,0,0
DF,LJB,43.773333,125.851667,0, ,0.0,0.0,2,6890,0,0,0,0,0,0
TF,CC404,43.753639,126.032333,0, ,0.0,0.0,0.0,0.0,0,0,0,0,0,0,0,0
TF,CC459,43.704194,126.510194,0, ,0.0,0.0,0.0,0.0,0,0,0,0,0,0,0,0
TF,IDVOT,43.623333,127.283333,0, ,0.0,0.0,0.0,0.0,0,0,0,0,0,0,0,0

SID,IDVO9D,24,5
CF,CC651,43.934083,125.585167,0,LJB,320.9,15.1,240.0,5.0,0,0,0,1,220,0,0,0
TF,CC652,43.858333,125.675444,0, ,0.0,0.0,0.0,0.0,0,0,0,0,0,0,0,0
TF,CC658,43.827556,125.780944,0, ,0.0,0.0,0.0,0.0,2,5910,0,0,0,0,0,0
TF,CC657,43.808806,125.844972,0, ,0.0,0.0,0.0,0.0,2,6890,0,0,0,0,0,0
TF,CC404,43.753639,126.032333,0, ,0.0,0.0,0.0,0.0,0,0,0,0,0,0,0,0
TF,CC459,43.704194,126.510194,0, ,0.0,0.0,0.0,0.0,0,0,0,0,0,0,0,0
TF,IDVOT,43.623333,127.283333,0, ,0.0,0.0,0.0,0.0,0,0,0,0,0,0,0,0

SID,ISLU1L,06,2
CF,CC605,44.231917,126.066861,0,LJB,29.6,29.1,60.0,21.0,0,0,0,0,0,0,0,0
TF,BIXEG,44.383889,126.100556,0, ,0.0,0.0,0.0,0.0,0,0,0,1,220,0,0,0
TF,ISLUK,44.506111,126.127500,0, ,0.0,0.0,0.0,0.0,0,0,0,0,0,0,0,0

SID,ISLU4D,06,5
CF,CC605,44.231917,126.066861,0,LJB,29.6,29.1,60.0,21.0,0,0,0,0,0,0,0,0
TF,BIXEG,44.383889,126.100556,0, ,0.0,0.0,0.0,0.0,0,0,0,0,0,0,0,0
TF,ISLUK,44.506111,126.127500,0, ,0.0,0.0,0.0,0.0,0,0,0,0,0,0,0,0

SID,ISLU5L,24,2
DF,D,43.981153,125.660872,0, ,0.0,0.0,0,0,0,0,0,0,0,0
CD, ,0,0,0,IDD,0,0.0,240.0,5.0,0,0,0,0,0,0,0,0
CF,D308C,43.796017,125.790153,1,LJB,309.0,3.0,128.0,11.0,0,0,0,1,220,0,0,1
CF,MAGBI,44.079444,126.033333,1,LJB,34.2,20.0,34.0,20.0,0,0,0,0,0,0,0,0
TF,BIXEG,44.383889,126.100556,0, ,0.0,0.0,0.0,0.0,0,0,0,0,0,0,0,0
TF,ISLUK,44.506111,126.127500,0, ,0.0,0.0,0.0,0.0,0,0,0,0,0,0,0,0

SID,ISLU6L,24,2
DF,D,43.981153,125.660872,0, ,0.0,0.0,0,0,0,0,0,0,0,0
CD, ,0,0,0,IDD,0,0.0,240.0,5.0,0,0,0,0,0,0,0,0
DF,P,44.011850,125.710131,2, ,0.0,0.0,0,0,0,1,220,0,0,0
TF,MAGBI,44.079444,126.033333,0, ,0.0,0.0,0.0,0.0,0,0,0,0,0,0,0,0
TF,BIXEG,44.383889,126.100556,0, ,0.0,0.0,0.0,0.0,0,0,0,0,0,0,0,0
TF,ISLUK,44.506111,126.127500,0, ,0.0,0.0,0.0,0.0,0,0,0,0,0,0,0,0

SID,ISLU8D,24,5
CF,CC651,43.934083,125.585167,0,LJB,318.9,15.1,240.0,5.0,0,0,0,0,0,0,0,0
TF,CC653,44.009778,125.494639,0, ,0.0,0.0,0.0,0.0,0,0,0,1,220,0,0,0
TF,CC411,44.045278,125.551389,0, ,0.0,0.0,0.0,0.0,0,0,0,0,0,0,0,0
TF,CC410,44.203972,125.807528,0, ,0.0,0.0,0.0,0.0,0,0,0,0,0,0,0,0
TF,BIXEG,44.383889,126.100556,0, ,0.0,0.0,0.0,0.0,0,0,0,0,0,0,0,0
TF,ISLUK,44.506111,126.127500,0, ,0.0,0.0,0.0,0.0,0,0,0,0,0,0,0,0

SID,ISLU9D,24,5
CF,CC651,43.934083,125.585167,0,LJB,320.9,15.1,240.0,5.0,0,0,0,0,0,0,0,0
TF,CC652,43.858333,125.675444,0, ,0.0,0.0,0.0,0.0,0,0,0,1,220,0,0,0
TF,CC654,43.969361,125.854222,0, ,0.0,0.0,0.0,0.0,0,0,0,0,0,0,0,0
TF,MAGBI,44.079444,126.033333,0, ,0.0,0.0,0.0,0.0,0,0,0,0,0,0,0,0
TF,BIXEG,44.383889,126.100556,0, ,0.0,0.0,0.0,0.0,0,0,0,0,0,0,0,0
TF,ISLUK,44.506111,126.127500,0, ,0.0,0.0,0.0,0.0,0,0,0,0,0,0,0,0

SID,LEMO1L,06,2
CA,0,60.0,2,1970,0,0,0,0,0,0
DF,LJB,43.773333,125.851667,2, ,0.0,0.0,0,0,0,1,220,0,0,0
TF,CC564,43.556667,125.612500,0, ,0.0,0.0,0.0,0.0,2,16700,0,0,0,0,0,0
TF,GUPUL,43.453333,125.539167,0, ,0.0,0.0,0.0,0.0,0,0,0,0,0,0,0,0
TF,CC454,42.933889,125.174444,0, ,0.0,0.0,0.0,0.0,0,0,0,0,0,0,0,0
TF,LEMOT,42.824722,125.183611,0, ,0.0,0.0,0.0,0.0,0,0,0,0,0,0,0,0

SID,LEMO3D,06,5
CF,CC602,44.082750,125.824556,0,LJB,7.4,18.6,60.0,7.0,0,0,0,0,0,0,0,1
TF,CC561,44.149472,125.932722,0, ,0.0,0.0,0.0,0.0,0,0,0,0,0,0,0,1
TF,CC605,44.231917,126.066861,0, ,0.0,0.0,0.0,0.0,0,0,0,0,0,0,0,0
TF,CC567,44.315056,125.968083,0, ,0.0,0.0,0.0,0.0,0,0,0,1,240,0,0,0
TF,CC410,44.203972,125.807528,1, ,0.0,0.0,0.0,0.0,2,11800,0,0,0,0,0,0
TF,CC411,44.045278,125.551389,0, ,0.0,0.0,0.0,0.0,2,14800,0,0,0,0,0,0
TF,CC568,43.800083,125.582083,0, ,0.0,0.0,0.0,0.0,0,0,0,0,0,0,0,0
TF,CC564,43.556667,125.612500,0, ,0.0,0.0,0.0,0.0,2,16700,0,0,0,0,0,0
TF,GUPUL,43.453333,125.539167,0, ,0.0,0.0,0.0,0.0,0,0,0,0,0,0,0,0
TF,CC454,42.933889,125.174444,0, ,0.0,0.0,0.0,0.0,0,0,0,0,0,0,0,0
TF,LEMOT,42.824722,125.183611,0, ,0.0,0.0,0.0,0.0,0,0,0,0,0,0,0,0

SID,LEMO4D,06,5
CF,CC602,44.082750,125.824556,0,LJB,7.4,18.6,60.0,7.0,0,0,0,0,0,0,0,1
TF,CC561,44.149472,125.932722,0, ,0.0,0.0,0.0,0.0,0,0,0,0,0,0,0,1
DF,CC562,43.913361,125.905583,2, ,0.0,0.0,2,9850,0,1,260,0,0,0
TF,ENPEN,43.811111,125.800833,0, ,0.0,0.0,0.0,0.0,2,11800,0,0,0,0,0,0
TF,CC564,43.556667,125.612500,0, ,0.0,0.0,0.0,0.0,2,16700,0,0,0,0,0,0
TF,GUPUL,43.453333,125.539167,0, ,0.0,0.0,0.0,0.0,0,0,0,0,0,0,0,0
TF,CC454,42.933889,125.174444,0, ,0.0,0.0,0.0,0.0,0,0,0,0,0,0,0,0
TF,LEMOT,42.824722,125.183611,0, ,0.0,0.0,0.0,0.0,0,0,0,0,0,0,0,0

SID,LEMO5L,24,2
DF,D,43.981153,125.660872,0, ,0.0,0.0,0,0,0,0,0,0,0,0
CD, ,0,0,0,IDD,0,0.0,240.0,5.0,0,0,0,0,0,0,0,0
CF,DUKAG,43.788056,125.351667,0,LJB,283.5,21.8,240.0,13.0,2,6890,0,0,0,0,0,0
TF,GUPUL,43.453333,125.539167,0, ,0.0,0.0,0.0,0.0,0,0,0,1,220,0,0,0
TF,CC454,42.933889,125.174444,0, ,0.0,0.0,0.0,0.0,0,0,0,0,0,0,0,0
TF,LEMOT,42.824722,125.183611,0, ,0.0,0.0,0.0,0.0,0,0,0,0,0,0,0,0

SID,LEMO6L,24,2
DF,D,43.981153,125.660872,0, ,0.0,0.0,0,0,0,0,0,0,0,0
CD, ,0,0,0,IDD,0,0.0,240.0,5.0,0,0,0,0,0,0,0,0
CD, ,0,0,1,LJB,0,0.0,128.0,3.0,0,0,0,1,220,0,0,0
DF,LJB,43.773333,125.851667,0, ,0.0,0.0,2,6890,0,0,0,0,0,0
TF,CC564,43.556667,125.612500,2, ,0.0,0.0,0.0,0.0,0,0,0,0,0,0,0,0
TF,GUPUL,43.453333,125.539167,0, ,0.0,0.0,0.0,0.0,0,0,0,0,0,0,0,0
TF,CC454,42.933889,125.174444,0, ,0.0,0.0,0.0,0.0,0,0,0,0,0,0,0,0
TF,LEMOT,42.824722,125.183611,0, ,0.0,0.0,0.0,0.0,0,0,0,0,0,0,0,0

SID,LEMO8D,24,5
CF,DUKAG,43.788056,125.351667,0,LJB,283.5,21.8,240.0,18.0,2,6890,0,0,0,0,0,0
TF,CC656,43.601972,125.455694,0, ,0.0,0.0,0.0,0.0,3,12800,0,0,0,0,0,0
TF,GUPUL,43.453333,125.539167,0, ,0.0,0.0,0.0,0.0,0,0,0,0,0,0,0,0
TF,CC454,42.933889,125.174444,0, ,0.0,0.0,0.0,0.0,0,0,0,0,0,0,0,0
TF,LEMOT,42.824722,125.183611,0, ,0.0,0.0,0.0,0.0,0,0,0,0,0,0,0,0

SID,LEMO9D,24,5
CF,DUKAG,43.788056,125.351667,0,LJB,283.5,21.8,240.0,18.0,2,6890,0,0,0,0,0,0
TF,CC656,43.601972,125.455694,0, ,0.0,0.0,0.0,0.0,0,0,0,0,0,0,0,0
TF,GUPUL,43.453333,125.539167,0, ,0.0,0.0,0.0,0.0,0,0,0,0,0,0,0,0
TF,CC454,42.933889,125.174444,0, ,0.0,0.0,0.0,0.0,0,0,0,0,0,0,0,0
TF,LEMOT,42.824722,125.183611,0, ,0.0,0.0,0.0,0.0,0,0,0,0,0,0,0,0

STAR,BUTE1M,06,2
IF,BUTET,43.681111,124.296944, ,0.0,0.0,0,0,0,0,0,0,0,0
TF,CC451,43.620278,124.491389,0, ,0.0,0.0,0.0,0.0,0,0,0,0,0,0,0,0
TF,AVMUT,43.645833,124.917222,0, ,0.0,0.0,0.0,0.0,0,0,0,0,0,0,0,0
TF,LJB29,43.683736,125.188853,0, ,0.0,0.0,0.0,0.0,0,0,0,0,0,0,0,0
TF,D240V,43.748542,125.290522,0, ,0.0,0.0,0.0,0.0,2,6890,0,0,0,0,0,0
TF,D240Q,43.809297,125.385286,0, ,0.0,0.0,0.0,0.0,2,5910,0,1,190,0,0,0

STAR,BUTE3A,06,5
IF,BUTET,43.681111,124.296944, ,0.0,0.0,0,0,0,0,0,0,0,0
TF,CC451,43.620278,124.491389,0, ,0.0,0.0,0.0,0.0,0,0,0,0,0,0,0,0
TF,CC416,43.634917,124.732611,0, ,0.0,0.0,0.0,0.0,0,0,0,0,0,0,0,0
TF,AVMUT,43.645833,124.917222,0, ,0.0,0.0,0.0,0.0,0,0,0,0,0,0,0,0
TF,CC415,43.649806,124.988278,0, ,0.0,0.0,0.0,0.0,0,0,0,0,0,0,0,0
TF,CC504,43.658750,125.146917,0, ,0.0,0.0,0.0,0.0,0,0,0,0,0,0,0,0
TF,CC515,43.608778,125.466639,0, ,0.0,0.0,0.0,0.0,3,9850,0,0,0,0,0,0
TF,CC517,43.724389,125.651139,0, ,0.0,0.0,0.0,0.0,0,0,0,0,0,0,0,0
TF,CC510,43.833194,125.825833,0, ,0.0,0.0,0.0,0.0,3,8860,0,0,0,0,0,0
TF,CC509,43.901472,125.744806,0, ,0.0,0.0,0.0,0.0,0,0,0,0,0,0,0,0
TF,CC508,43.852333,125.665806,0, ,0.0,0.0,0.0,0.0,0,0,0,0,0,0,0,0
TF,CC507,43.792556,125.570056,0, ,0.0,0.0,0.0,0.0,0,0,0,0,0,0,0,0
TF,CC505,43.676806,125.385500,0, ,0.0,0.0,0.0,0.0,0,0,0,0,0,0,0,0
TF,CC412,43.752333,125.295111,0, ,0.0,0.0,0.0,0.0,2,6890,0,0,0,0,0,0
TF,CC413,43.809306,125.385750,0, ,0.0,0.0,0.0,0.0,2,5910,0,1,190,0,0,0

STAR,BUTE4A,06,5
IF,BUTET,43.681111,124.296944, ,0.0,0.0,0,0,0,0,0,0,0,0
TF,CC451,43.620278,124.491389,0, ,0.0,0.0,0.0,0.0,0,0,0,0,0,0,0,0
TF,CC416,43.634917,124.732611,0, ,0.0,0.0,0.0,0.0,0,0,0,0,0,0,0,0
TF,AVMUT,43.645833,124.917222,0, ,0.0,0.0,0.0,0.0,0,0,0,0,0,0,0,0
TF,CC415,43.649806,124.988278,0, ,0.0,0.0,0.0,0.0,0,0,0,0,0,0,0,0
TF,CC504,43.658750,125.146917,0, ,0.0,0.0,0.0,0.0,0,0,0,0,0,0,0,0
TF,CC412,43.752333,125.295111,0, ,0.0,0.0,0.0,0.0,2,6890,0,0,0,0,0,0
TF,CC413,43.809306,125.385750,0, ,0.0,0.0,0.0,0.0,2,5910,0,1,190,0,0,0

STAR,BUTE5M,24,2
IF,BUTET,43.681111,124.296944, ,0.0,0.0,0,0,0,0,0,0,0,0
TF,CC451,43.620278,124.491389,0, ,0.0,0.0,0.0,0.0,0,0,0,0,0,0,0,0
TF,AVMUT,43.645833,124.917222,0, ,0.0,0.0,0.0,0.0,0,0,0,0,0,0,0,0
TF,CC518,43.671389,125.376667,0, ,0.0,0.0,0.0,0.0,0,0,0,0,0,0,0,0
TF,LJB,43.773333,125.851667,0, ,0.0,0.0,0.0,0.0,0,0,0,0,0,0,0,0
TF,D040Y,44.130169,126.126533,0, ,0.0,0.0,0.0,0.0,2,4930,0,0,0,0,0,0
CR,1,LJB,28.0,300.0,0,0,0,0,0,0,0,0
DF,D060P,44.172017,125.969992,0, ,0.0,0.0,2,3940,0,1,210,0,0,0

STAR,BUTE7A,24,5
IF,BUTET,43.681111,124.296944, ,0.0,0.0,0,0,0,0,0,0,0,0
TF,CC451,43.620278,124.491389,0, ,0.0,0.0,0.0,0.0,0,0,0,0,0,0,0,0
TF,CC416,43.634917,124.732611,0, ,0.0,0.0,0.0,0.0,0,0,0,0,0,0,0,0
TF,AVMUT,43.645833,124.917222,0, ,0.0,0.0,0.0,0.0,0,0,0,0,0,0,0,0
TF,CC415,43.649806,124.988278,0, ,0.0,0.0,0.0,0.0,0,0,0,0,0,0,0,0
TF,CC518,43.671389,125.376667,0, ,0.0,0.0,0.0,0.0,0,0,0,0,0,0,0,0
TF,CC619,43.752278,125.505694,0, ,0.0,0.0,0.0,0.0,2,13800,0,0,0,0,0,0
TF,CC508,43.852333,125.665806,0, ,0.0,0.0,0.0,0.0,2,6890,0,0,0,0,0,0
TF,CC609,43.929889,125.790528,0, ,0.0,0.0,0.0,0.0,0,0,0,0,0,0,0,0
TF,CC608,44.049056,125.983250,0, ,0.0,0.0,0.0,0.0,2,4930,0,1,210,0,0,0

STAR,BUTE8A,24,5
IF,BUTET,43.681111,124.296944, ,0.0,0.0,0,0,0,0,0,0,0,0
TF,CC451,43.620278,124.491389,0, ,0.0,0.0,0.0,0.0,0,0,0,0,0,0,0,0
TF,CC416,43.634917,124.732611,0, ,0.0,0.0,0.0,0.0,0,0,0,0,0,0,0,0
TF,AVMUT,43.645833,124.917222,0, ,0.0,0.0,0.0,0.0,0,0,0,0,0,0,0,0
TF,CC452,43.775278,125.121389,0, ,0.0,0.0,0.0,0.0,0,0,0,0,0,0,0,0
TF,CC411,44.045278,125.551389,0, ,0.0,0.0,0.0,0.0,2,14800,0,0,0,0,0,0
TF,CC410,44.203972,125.807528,0, ,0.0,0.0,0.0,0.0,2,11800,0,1,210,0,0,0
TF,CC613,44.307972,125.976500,0, ,0.0,0.0,0.0,0.0,0,0,0,0,0,0,0,0
TF,CC605,44.231917,126.066861,0, ,0.0,0.0,0.0,0.0,0,0,0,0,0,0,0,0
TF,CC604,44.179222,125.981028,0, ,0.0,0.0,0.0,0.0,2,3940,0,1,210,0,0,0

STAR,BUTE9A,24,5
IF,BUTET,43.681111,124.296944, ,0.0,0.0,0,0,0,0,0,0,0,0
TF,CC451,43.620278,124.491389,0, ,0.0,0.0,0.0,0.0,0,0,0,0,0,0,0,0
TF,CC416,43.634917,124.732611,0, ,0.0,0.0,0.0,0.0,0,0,0,0,0,0,0,0
TF,AVMUT,43.645833,124.917222,0, ,0.0,0.0,0.0,0.0,0,0,0,0,0,0,0,0
TF,CC415,43.649806,124.988278,0, ,0.0,0.0,0.0,0.0,0,0,0,0,0,0,0,0
TF,CC518,43.671389,125.376667,0, ,0.0,0.0,0.0,0.0,0,0,0,0,0,0,0,0
TF,CC619,43.752278,125.505694,0, ,0.0,0.0,0.0,0.0,0,0,0,0,0,0,0,0
TF,CC508,43.852333,125.665806,0, ,0.0,0.0,0.0,0.0,2,6890,0,0,0,0,0,0
TF,CC609,43.929889,125.790528,0, ,0.0,0.0,0.0,0.0,0,0,0,0,0,0,0,0
TF,CC608,44.049056,125.983250,0, ,0.0,0.0,0.0,0.0,2,4930,0,1,210,0,0,0

STAR,DUKI1M,06,2
IF,DUKIR,44.532222,125.897500, ,0.0,0.0,0,0,0,0,0,0,0,0
TF,CC512,44.217194,125.828917,0, ,0.0,0.0,0.0,0.0,0,0,0,0,0,0,0,0
TF,NIMEM,44.105278,125.804722,0, ,0.0,0.0,0.0,0.0,0,0,0,0,0,0,0,0
TF,LJB,43.773333,125.851667,0, ,0.0,0.0,0.0,0.0,3,8860,0,0,0,0,0,0
TF,D267W,43.679433,125.339103,0, ,0.0,0.0,0.0,0.0,0,0,0,0,0,0,0,1
DF,D240V,43.748542,125.290522,2, ,0.0,0.0,2,6890,0,0,0,0,0,0
TF,D240Q,43.809297,125.385286,0, ,0.0,0.0,0.0,0.0,2,5910,0,1,190,0,0,0

STAR,DUKI3A,06,5
IF,DUKIR,44.532222,125.897500, ,0.0,0.0,0,0,0,0,0,0,0,0
TF,CC405,44.398667,125.868361,0, ,0.0,0.0,0.0,0.0,0,0,0,0,0,0,0,0
TF,CC512,44.217194,125.828917,0, ,0.0,0.0,0.0,0.0,0,0,0,0,0,0,0,0
TF,CC411,44.045278,125.551389,0, ,0.0,0.0,0.0,0.0,0,0,0,0,0,0,0,0
TF,CC513,43.943833,125.389194,0, ,0.0,0.0,0.0,0.0,2,4930,0,1,210,0,0,0

STAR,DUKI4A,06,5
IF,DUKIR,44.532222,125.897500, ,0.0,0.0,0,0,0,0,0,0,0,0
TF,CC405,44.398667,125.868361,0, ,0.0,0.0,0.0,0.0,0,0,0,0,0,0,0,0
TF,CC512,44.217194,125.828917,0, ,0.0,0.0,0.0,0.0,0,0,0,0,0,0,0,0
TF,NIMEM,44.105278,125.804722,0, ,0.0,0.0,0.0,0.0,0,0,0,0,0,0,0,0
TF,CC509,43.901472,125.744806,0, ,0.0,0.0,0.0,0.0,0,0,0,0,0,0,0,0
TF,CC508,43.852333,125.665806,0, ,0.0,0.0,0.0,0.0,0,0,0,0,0,0,0,0
TF,CC507,43.792556,125.570056,0, ,0.0,0.0,0.0,0.0,0,0,0,0,0,0,0,0
TF,CC505,43.676806,125.385500,0, ,0.0,0.0,0.0,0.0,0,0,0,0,0,0,0,0
TF,CC412,43.752333,125.295111,0, ,0.0,0.0,0.0,0.0,2,6890,0,0,0,0,0,0
TF,CC413,43.809306,125.385750,0, ,0.0,0.0,0.0,0.0,2,5910,0,1,190,0,0,0

STAR,DUKI5M,24,2
IF,DUKIR,44.532222,125.897500, ,0.0,0.0,0,0,0,0,0,0,0,0
TF,LJB33,44.322833,125.885361,0, ,0.0,0.0,0.0,0.0,0,0,0,0,0,0,0,0
CR,0,LJB,23.0,150.0,0,0,0,0,0,0,0,0
DF,D060P,44.172017,125.969992,0, ,0.0,0.0,2,3940,0,1,210,0,0,0

STAR,DUKI9A,24,5
IF,DUKIR,44.532222,125.897500, ,0.0,0.0,0,0,0,0,0,0,0,0
TF,CC405,44.398667,125.868361,0, ,0.0,0.0,0.0,0.0,0,0,0,0,0,0,0,0
TF,CC613,44.307972,125.976500,0, ,0.0,0.0,0.0,0.0,0,0,0,0,0,0,0,0
TF,CC605,44.231917,126.066861,0, ,0.0,0.0,0.0,0.0,0,0,0,0,0,0,0,0
TF,CC604,44.179222,125.981028,0, ,0.0,0.0,0.0,0.0,2,3940,0,1,210,0,0,0

STAR,IDVO1M,06,2
IF,IDVOT,43.623333,127.283333, ,0.0,0.0,0,0,0,0,0,0,0,0
TF,LJB,43.773333,125.851667,0, ,0.0,0.0,0.0,0.0,3,8860,0,0,0,0,0,0
TF,D267W,43.679433,125.339103,0, ,0.0,0.0,0.0,0.0,0,0,0,0,0,0,0,1
DF,D240V,43.748542,125.290522,2, ,0.0,0.0,2,6890,0,0,0,0,0,0
TF,D240Q,43.809297,125.385286,0, ,0.0,0.0,0.0,0.0,2,5910,0,1,190,0,0,0

STAR,IDVO4A,06,5
IF,IDVOT,43.623333,127.283333, ,0.0,0.0,0,0,0,0,0,0,0,0
TF,CC459,43.704194,126.510194,0, ,0.0,0.0,0.0,0.0,0,0,0,0,0,0,0,0
TF,CC404,43.753639,126.032333,0, ,0.0,0.0,0.0,0.0,0,0,0,0,0,0,0,0
TF,CC514,43.750083,125.891944,0, ,0.0,0.0,0.0,0.0,3,8860,0,0,0,0,0,0
TF,CC510,43.833194,125.825833,0, ,0.0,0.0,0.0,0.0,0,0,0,0,0,0,0,0
TF,CC509,43.901472,125.744806,0, ,0.0,0.0,0.0,0.0,0,0,0,0,0,0,0,0
TF,CC508,43.852333,125.665806,0, ,0.0,0.0,0.0,0.0,0,0,0,0,0,0,0,0
TF,CC507,43.792556,125.570056,0, ,0.0,0.0,0.0,0.0,0,0,0,0,0,0,0,0
TF,CC505,43.676806,125.385500,0, ,0.0,0.0,0.0,0.0,0,0,0,0,0,0,0,0
TF,CC412,43.752333,125.295111,0, ,0.0,0.0,0.0,0.0,2,6890,0,0,0,0,0,0
TF,CC413,43.809306,125.385750,0, ,0.0,0.0,0.0,0.0,2,5910,0,1,190,0,0,0

STAR,IDVO5M,24,2
IF,IDVOT,43.623333,127.283333, ,0.0,0.0,0,0,0,0,0,0,0,0
TF,CC404,43.753639,126.032333,0, ,0.0,0.0,0.0,0.0,2,8860,0,0,0,0,0,1
VI,0, ,0.0,10.0,0,0,0,0,0,0,0,0
CF,D040Y,44.130169,126.126533,0,LJB,40.0,24.5,40.0,14.0,2,4930,0,0,0,0,0,0
CR,1,LJB,28.0,300.0,0,0,0,0,0,0,0,0
DF,D060P,44.172017,125.969992,0, ,0.0,0.0,2,3940,0,1,210,0,0,0

STAR,IDVO9A,24,5
IF,IDVOT,43.623333,127.283333, ,0.0,0.0,0,0,0,0,0,0,0,0
TF,CC459,43.704194,126.510194,0, ,0.0,0.0,0.0,0.0,0,0,0,0,0,0,0,0
TF,APESI,43.760278,125.967778,0, ,0.0,0.0,0.0,0.0,0,0,0,0,0,0,0,0
TF,CC618,43.810139,125.970333,0, ,0.0,0.0,0.0,0.0,2,6890,0,0,0,0,0,0
TF,CC608,44.049056,125.983250,0, ,0.0,0.0,0.0,0.0,2,4930,0,1,210,0,0,0

STAR,LEMO1M,06,2
IF,LEMOT,42.824722,125.183611, ,0.0,0.0,0,0,0,0,0,0,0,0
TF,CC455,42.913917,125.367083,0, ,0.0,0.0,0.0,0.0,0,0,0,0,0,0,0,0
TF,CC457,43.275333,125.621250,0, ,0.0,0.0,0.0,0.0,3,15700,0,0,0,0,0,0
CI,0, ,0.0,37.0,0,0,0,0,0,0,0,0
AF,T,43.533628,125.327039,2,LJB,249.0,27.0,208.0,0,0,0,0,0,0,0,0
AF,LJB27,43.693547,125.240817,2,LJB,271.0,27.0,249.0,0,0,0,0,0,0,0,0
CF,D240V,43.748542,125.290522,0,LJB,277.7,24.4,60.0,5.0,2,6890,0,0,0,0,0,0
TF,D240Q,43.809297,125.385286,0, ,0.0,0.0,0.0,0.0,2,5910,0,1,190,0,0,0

STAR,LEMO2M,06,2
IF,LEMOT,42.824722,125.183611, ,0.0,0.0,0,0,0,0,0,0,0,0
TF,CC455,42.913917,125.367083,0, ,0.0,0.0,0.0,0.0,0,0,0,0,0,0,0,0
TF,CC457,43.275333,125.621250,0, ,0.0,0.0,0.0,0.0,3,15700,0,0,0,0,0,0
TF,BEPGU,43.705000,125.927778,0, ,0.0,0.0,0.0,0.0,0,0,0,0,0,0,0,0
TF,LJB,43.773333,125.851667,0, ,0.0,0.0,0.0,0.0,3,8860,0,0,0,0,0,0
TF,D267W,43.679433,125.339103,0, ,0.0,0.0,0.0,0.0,0,0,0,0,0,0,0,1
DF,D240V,43.748542,125.290522,2, ,0.0,0.0,2,6890,0,0,0,0,0,0
TF,D240Q,43.809297,125.385286,0, ,0.0,0.0,0.0,0.0,2,5910,0,1,190,0,0,0

STAR,LEMO3A,06,5
IF,LEMOT,42.824722,125.183611, ,0.0,0.0,0,0,0,0,0,0,0,0
TF,CC455,42.913917,125.367083,0, ,0.0,0.0,0.0,0.0,0,0,0,0,0,0,0,0
TF,CC457,43.275333,125.621250,0, ,0.0,0.0,0.0,0.0,3,15700,0,0,0,0,0,0
TF,BEPGU,43.705000,125.927778,0, ,0.0,0.0,0.0,0.0,3,9850,0,0,0,0,0,0
TF,CC514,43.750083,125.891944,0, ,0.0,0.0,0.0,0.0,3,8860,0,0,0,0,0,0
TF,CC510,43.833194,125.825833,0, ,0.0,0.0,0.0,0.0,0,0,0,0,0,0,0,0
TF,CC509,43.901472,125.744806,0, ,0.0,0.0,0.0,0.0,0,0,0,0,0,0,0,0
TF,CC508,43.852333,125.665806,0, ,0.0,0.0,0.0,0.0,0,0,0,0,0,0,0,0
TF,CC507,43.792556,125.570056,0, ,0.0,0.0,0.0,0.0,0,0,0,0,0,0,0,0
TF,CC505,43.676806,125.385500,0, ,0.0,0.0,0.0,0.0,0,0,0,0,0,0,0,0
TF,CC412,43.752333,125.295111,0, ,0.0,0.0,0.0,0.0,2,6890,0,0,0,0,0,0
TF,CC413,43.809306,125.385750,0, ,0.0,0.0,0.0,0.0,2,5910,0,1,190,0,0,0

STAR,LEMO4A,06,5
IF,LEMOT,42.824722,125.183611, ,0.0,0.0,0,0,0,0,0,0,0,0
TF,CC455,42.913917,125.367083,0, ,0.0,0.0,0.0,0.0,0,0,0,0,0,0,0,0
TF,CC457,43.275333,125.621250,0, ,0.0,0.0,0.0,0.0,3,15700,0,0,0,0,0,0
TF,GUPUL,43.453333,125.539167,0, ,0.0,0.0,0.0,0.0,0,0,0,0,0,0,0,0
TF,CC515,43.608778,125.466639,0, ,0.0,0.0,0.0,0.0,3,9850,0,0,0,0,0,0
TF,CC505,43.676806,125.385500,0, ,0.0,0.0,0.0,0.0,0,0,0,0,0,0,0,0
TF,CC412,43.752333,125.295111,0, ,0.0,0.0,0.0,0.0,2,6890,0,0,0,0,0,0
TF,CC413,43.809306,125.385750,0, ,0.0,0.0,0.0,0.0,2,5910,0,1,190,0,0,0

STAR,LEMO5M,24,2
IF,LEMOT,42.824722,125.183611, ,0.0,0.0,0,0,0,0,0,0,0,0
TF,CC455,42.913917,125.367083,0, ,0.0,0.0,0.0,0.0,0,0,0,0,0,0,0,0
TF,BEPGU,43.705000,125.927778,0, ,0.0,0.0,0.0,0.0,0,0,0,0,0,0,0,0
TF,LJB,43.773333,125.851667,0, ,0.0,0.0,0.0,0.0,0,0,0,0,0,0,0,0
TF,D040Y,44.130169,126.126533,0, ,0.0,0.0,0.0,0.0,2,4930,0,0,0,0,0,0
CR,1,LJB,28.0,300.0,0,0,0,0,0,0,0,0
DF,D060P,44.172017,125.969992,0, ,0.0,0.0,2,3940,0,1,210,0,0,0

STAR,LEMO7A,24,5
IF,LEMOT,42.824722,125.183611, ,0.0,0.0,0,0,0,0,0,0,0,0
TF,CC455,42.913917,125.367083,0, ,0.0,0.0,0.0,0.0,0,0,0,0,0,0,0,0
TF,CC457,43.275333,125.621250,0, ,0.0,0.0,0.0,0.0,0,0,0,0,0,0,0,0
TF,CC612,43.395667,125.706639,0, ,0.0,0.0,0.0,0.0,0,0,0,0,0,0,0,0
TF,CC516,43.665611,125.557194,0, ,0.0,0.0,0.0,0.0,0,0,0,0,0,0,0,0
TF,CC611,43.735500,125.668917,0, ,0.0,0.0,0.0,0.0,0,0,0,0,0,0,0,0
TF,CC610,43.820417,125.805278,0, ,0.0,0.0,0.0,0.0,2,6890,0,0,0,0,0,0
TF,CC609,43.929889,125.790528,0, ,0.0,0.0,0.0,0.0,0,0,0,0,0,0,0,0
TF,CC608,44.049056,125.983250,0, ,0.0,0.0,0.0,0.0,2,4930,0,1,210,0,0,0

STAR,LEMO9A,24,5
IF,LEMOT,42.824722,125.183611, ,0.0,0.0,0,0,0,0,0,0,0,0
TF,CC455,42.913917,125.367083,0, ,0.0,0.0,0.0,0.0,0,0,0,0,0,0,0,0
TF,CC457,43.275333,125.621250,0, ,0.0,0.0,0.0,0.0,0,0,0,0,0,0,0,0
TF,CC612,43.395667,125.706639,0, ,0.0,0.0,0.0,0.0,0,0,0,0,0,0,0,0
TF,APESI,43.760278,125.967778,0, ,0.0,0.0,0.0,0.0,0,0,0,0,0,0,0,0
TF,CC618,43.810139,125.970333,0, ,0.0,0.0,0.0,0.0,2,6890,0,0,0,0,0,0
TF,CC608,44.049056,125.983250,0, ,0.0,0.0,0.0,0.0,2,4930,0,1,210,0,0,0

APPTR,I06-Y,06,D240Q
IF,D240Q,43.809297,125.385286, ,0.0,0.0,2,5910,0,1,190,0,1,0
CF,CF06,43.869258,125.481100,0,IDD,240.3,12.7,60.0,5.5,2,3940,0,0,0,0,1,0

FINAL,I06-Y,06,I,3
IF,CF06,43.869258,125.481100,IDD,240.3,12.7,2,3940,0,0,0,0,0,0
CF,FF06,43.911725,125.549156,0,IDD,240.3,8.8,60.0,3.9,1,2960,0,0,0,0,2,0
CF,RW06,43.986942,125.670092,0,IDD,240.3,1.9,60.0,6.9,1,755,0,0,0,0,3,0
CA,0,60.0,2,1970,0,0,0,0,0,0
DF,LJB,43.773333,125.851667,2, ,0.0,0.0,1,6890,0,1,210,0,0,0

APPTR,I06-Z,06,CC413
IF,CC413,43.809306,125.385750, ,0.0,0.0,2,5910,0,1,190,0,1,0
TF,CC503,43.868250,125.479722,0,IDD,0.0,0.0,0.0,0.0,2,3940,0,0,0,0,1,0

APPTR,I06-Z,06,CC513
IF,CC513,43.943833,125.389194, ,0.0,0.0,2,4930,0,1,210,0,1,0
TF,CC503,43.868250,125.479722,0,IDD,0.0,0.0,0.0,0.0,2,3940,0,0,0,0,1,0

FINAL,I06-Z,06,I,3
IF,CC503,43.868250,125.479722,IDD,240.3,12.8,2,3940,0,0,0,0,0,0
CF,FF06,43.911725,125.549156,0,IDD,240.3,8.8,60.0,4.0,1,2960,0,0,0,0,2,0
CF,RW06,43.986942,125.670092,0,IDD,240.3,1.9,60.0,6.9,1,755,0,0,0,0,3,0
CF,CC602,44.082750,125.824556,0,LJB,7.4,18.6,60.0,8.8,0,0,0,1,210,0,0,1
DF,CC509,43.901472,125.744806,2, ,0.0,0.0,0,0,0,0,0,0,0,0
TF,CC508,43.852333,125.665806,0, ,0.0,0.0,0.0,0.0,1,6890,0,0,0,0,0,0
HM,CC508,43.852333,125.665806,1, ,0.0,0.0,240.0,04.3,2,6890,0,1,210,0,0,0,0

APPTR,I24-Y,24,D060P
IF,D060P,44.172017,125.969992, ,0.0,0.0,2,3940,0,1,210,0,1,0
CF,CF24,44.123319,125.890769,0,IPP,60.3,12.7,240.0,4.5,2,3290,0,0,0,0,1,0

FINAL,I24-Y,24,I,3
IF,CF24,44.123319,125.890769,IPP,60.3,12.7,2,3290,0,0,0,0,0,0
CF,FF24,44.082153,125.823969,0,IPP,60.3,8.9,240.0,3.8,1,2960,0,0,0,0,2,0
CF,RW24,44.005711,125.700344,0,IPP,60.3,1.9,240.0,7.1,1,700,0,0,0,0,3,0
CA,0,240.0,2,1480,0,0,0,0,0,0
DF,LJB,43.773333,125.851667,1, ,0.0,0.0,1,6890,0,1,210,0,0,0

APPTR,I24-Z,24,CC604
IF,CC604,44.179222,125.981028, ,0.0,0.0,2,3940,0,1,210,0,1,0
TF,CC603,44.125056,125.893056,0,IPP,0.0,0.0,0.0,0.0,2,3290,0,0,0,0,1,0

APPTR,I24-Z,24,CC608
IF,CC608,44.049056,125.983250, ,0.0,0.0,2,4930,0,1,210,0,1,0
TF,CC607,44.103167,126.071194,0, ,0.0,0.0,0.0,0.0,0,0,0,0,0,0,0,0
TF,CC606,44.155778,126.157000,0, ,0.0,0.0,0.0,0.0,0,0,0,0,0,0,0,0
TF,CC605,44.231917,126.066861,0, ,0.0,0.0,0.0,0.0,0,0,0,0,0,0,0,0
TF,CC604,44.179222,125.981028,0, ,0.0,0.0,0.0,0.0,2,3940,0,0,0,0,0,0
TF,CC603,44.125056,125.893056,0,IPP,0.0,0.0,0.0,0.0,2,3290,0,0,0,0,1,0

FINAL,I24-Z,24,I,3
IF,CC603,44.125056,125.893056,IPP,60.3,12.9,2,3290,0,0,0,0,0,0
CF,FF24,44.082153,125.823969,0,IPP,60.3,8.9,240.0,3.9,1,2960,0,0,0,0,2,0
CF,RW24,44.005711,125.700344,0,IPP,60.3,1.9,240.0,7.1,1,700,0,0,0,0,3,0
CA,0,240.0,2,1480,0,1,210,0,0,0
DF,CC609,43.929889,125.790528,1, ,0.0,0.0,0,0,0,0,0,0,0,0
TF,CC654,43.969361,125.854222,0, ,0.0,0.0,0.0,0.0,1,2960,0,0,0,0,0,0
HM,CC654,43.969361,125.854222,2, ,0.0,0.0,60.0,04.3,2,2960,0,1,210,0,0,0,0

APPTR,Q06,06,D060Q
IF,D060Q,43.808181,125.386631, ,0.0,0.0,2,5910,0,1,190,0,1,0
CF,CF06,43.869258,125.481100,0,LJB,300.8,17.1,60.0,5.5,2,3940,0,0,0,0,1,0

FINAL,Q06,06,N,4
IF,CF06,43.869258,125.481100,D,0.0,0.0,2,3940,0,0,0,0,0,0
CF,FF06,43.911725,125.549156,0,D,0.0,0.0,60.0,3.9,2,2960,0,0,0,0,2,0
CF,40DME,43.945194,125.603644,0,D,0.0,0.0,60.0,3.1,2,1970,0,0,0,0,0,0
CF,D,43.981153,125.660872,0,IDD,0.0,0.7,60.0,3.3,1,924,0,0,0,0,3,0
CA,0,60.0,2,1970,0,0,0,0,0,0
DF,LJB,43.773333,125.851667,2, ,0.0,0.0,1,6890,0,1,210,0,0,0

APPTR,Q24,24,D240P
IF,D240P,44.173231,125.968536, ,0.0,0.0,2,3940,0,1,210,0,1,0
CF,CF24,44.123319,125.890769,0,LJB,15.6,21.1,240.0,4.5,2,3290,0,0,0,0,1,0

FINAL,Q24,24,N,3
IF,CF24,44.123319,125.890769,P,0.0,0.0,2,3290,0,0,0,0,0,0
CF,FF24,44.082153,125.823969,0,P,0.0,0.0,240.0,3.8,2,2960,0,0,0,0,2,0
CF,P,44.011850,125.710131,0,IPP,0.0,0.7,240.0,6.5,1,879,0,0,0,0,3,0
CA,0,240.0,2,1480,0,0,0,0,0,0
DF,LJB,43.773333,125.851667,1, ,0.0,0.0,1,6890,0,1,210,0,0,0

